/*--------------------------------*- C++ -*----------------------------------*\
| =========                 |                                                 |
| \\      /  F ield         | OpenFOAM: The Open Source CFD Toolbox           |
|  \\    /   O peration     | Version:  2412                                  |
|   \\  /    A nd           | Website:  www.openfoam.com                      |
|    \\/     M anipulation  |                                                 |
\*---------------------------------------------------------------------------*/
FoamFile
{
    version     2.0;
    format      ascii;
    arch        "LSB;label=32;scalar=64";
    class       volScalarField;
    location    "25888284.641197/fuelBehaviourRegion";
    object      mu;
}
// * * * * * * * * * * * * * * * * * * * * * * * * * * * * * * * * * * * * * //

dimensions      [1 -1 -2 0 0 0 0];

internalField   nonuniform List<scalar> 
4720
(
7.07723e+10
7.07731e+10
7.07749e+10
7.07776e+10
7.07813e+10
7.07858e+10
7.07913e+10
7.07977e+10
7.0805e+10
7.08132e+10
7.08223e+10
7.08323e+10
7.08431e+10
7.08549e+10
7.08676e+10
7.08812e+10
7.08956e+10
7.0911e+10
7.09271e+10
7.09442e+10
7.09621e+10
7.09809e+10
7.10006e+10
7.1021e+10
7.10424e+10
7.10645e+10
7.10875e+10
7.11113e+10
7.11359e+10
7.11613e+10
7.07693e+10
7.07701e+10
7.07719e+10
7.07746e+10
7.07782e+10
7.07828e+10
7.07883e+10
7.07946e+10
7.08019e+10
7.08101e+10
7.08192e+10
7.08292e+10
7.08401e+10
7.08519e+10
7.08646e+10
7.08782e+10
7.08926e+10
7.09079e+10
7.09241e+10
7.09412e+10
7.09591e+10
7.09779e+10
7.09976e+10
7.1018e+10
7.10394e+10
7.10615e+10
7.10845e+10
7.11083e+10
7.11329e+10
7.11583e+10
7.07641e+10
7.07649e+10
7.07667e+10
7.07694e+10
7.0773e+10
7.07776e+10
7.0783e+10
7.07894e+10
7.07967e+10
7.08049e+10
7.0814e+10
7.0824e+10
7.08349e+10
7.08467e+10
7.08593e+10
7.08729e+10
7.08873e+10
7.09027e+10
7.09188e+10
7.09359e+10
7.09538e+10
7.09726e+10
7.09922e+10
7.10127e+10
7.1034e+10
7.10562e+10
7.10791e+10
7.11029e+10
7.11275e+10
7.11529e+10
7.07621e+10
7.0763e+10
7.07647e+10
7.07675e+10
7.07711e+10
7.07757e+10
7.07811e+10
7.07875e+10
7.07948e+10
7.0803e+10
7.08121e+10
7.08221e+10
7.0833e+10
7.08448e+10
7.08575e+10
7.08711e+10
7.08855e+10
7.09009e+10
7.09171e+10
7.09341e+10
7.09521e+10
7.09709e+10
7.09905e+10
7.1011e+10
7.10323e+10
7.10545e+10
7.10775e+10
7.11013e+10
7.11259e+10
7.11513e+10
7.07604e+10
7.07612e+10
7.0763e+10
7.07658e+10
7.07694e+10
7.0774e+10
7.07794e+10
7.07858e+10
7.07931e+10
7.08013e+10
7.08104e+10
7.08205e+10
7.08314e+10
7.08432e+10
7.08559e+10
7.08695e+10
7.08839e+10
7.08993e+10
7.09155e+10
7.09326e+10
7.09506e+10
7.09694e+10
7.0989e+10
7.10095e+10
7.10309e+10
7.10531e+10
7.10761e+10
7.10999e+10
7.11245e+10
7.115e+10
7.07537e+10
7.07545e+10
7.07563e+10
7.07591e+10
7.07628e+10
7.07674e+10
7.0773e+10
7.07795e+10
7.07869e+10
7.07953e+10
7.08045e+10
7.08147e+10
7.08258e+10
7.08378e+10
7.08507e+10
7.08645e+10
7.08792e+10
7.08948e+10
7.09113e+10
7.09286e+10
7.09468e+10
7.09659e+10
7.09859e+10
7.10067e+10
7.10284e+10
7.10509e+10
7.10742e+10
7.10984e+10
7.11234e+10
7.11492e+10
7.06586e+10
7.06595e+10
7.06615e+10
7.06645e+10
7.06685e+10
7.06736e+10
7.06796e+10
7.06867e+10
7.06948e+10
7.07038e+10
7.07139e+10
7.0725e+10
7.0737e+10
7.07501e+10
7.07641e+10
7.07791e+10
7.07951e+10
7.0812e+10
7.083e+10
7.08488e+10
7.08687e+10
7.08894e+10
7.09111e+10
7.09338e+10
7.09574e+10
7.09818e+10
7.10072e+10
7.10335e+10
7.10607e+10
7.10888e+10
7.06356e+10
7.06365e+10
7.06385e+10
7.06415e+10
7.06456e+10
7.06507e+10
7.06568e+10
7.0664e+10
7.06722e+10
7.06813e+10
7.06915e+10
7.07027e+10
7.07149e+10
7.07281e+10
7.07423e+10
7.07575e+10
7.07736e+10
7.07908e+10
7.08089e+10
7.0828e+10
7.0848e+10
7.0869e+10
7.08909e+10
7.09138e+10
7.09376e+10
7.09624e+10
7.0988e+10
7.10146e+10
7.1042e+10
7.10704e+10
7.06311e+10
7.0632e+10
7.0634e+10
7.06371e+10
7.06411e+10
7.06463e+10
7.06524e+10
7.06596e+10
7.06678e+10
7.0677e+10
7.06872e+10
7.06984e+10
7.07106e+10
7.07239e+10
7.07381e+10
7.07533e+10
7.07696e+10
7.07867e+10
7.08049e+10
7.08241e+10
7.08442e+10
7.08652e+10
7.08872e+10
7.09102e+10
7.09341e+10
7.09589e+10
7.09846e+10
7.10112e+10
7.10388e+10
7.10672e+10
7.06291e+10
7.06301e+10
7.06321e+10
7.06351e+10
7.06392e+10
7.06443e+10
7.06505e+10
7.06577e+10
7.06659e+10
7.06751e+10
7.06853e+10
7.06965e+10
7.07088e+10
7.0722e+10
7.07363e+10
7.07515e+10
7.07678e+10
7.0785e+10
7.08032e+10
7.08223e+10
7.08424e+10
7.08635e+10
7.08855e+10
7.09085e+10
7.09324e+10
7.09572e+10
7.0983e+10
7.10097e+10
7.10372e+10
7.10657e+10
7.06252e+10
7.06262e+10
7.06282e+10
7.06312e+10
7.06353e+10
7.06405e+10
7.06467e+10
7.06539e+10
7.06621e+10
7.06713e+10
7.06816e+10
7.06929e+10
7.07052e+10
7.07185e+10
7.07328e+10
7.0748e+10
7.07643e+10
7.07816e+10
7.07998e+10
7.08191e+10
7.08392e+10
7.08604e+10
7.08825e+10
7.09055e+10
7.09295e+10
7.09544e+10
7.09802e+10
7.10069e+10
7.10346e+10
7.10631e+10
7.06003e+10
7.06012e+10
7.06033e+10
7.06065e+10
7.06108e+10
7.06161e+10
7.06225e+10
7.06299e+10
7.06385e+10
7.0648e+10
7.06587e+10
7.06704e+10
7.06831e+10
7.06969e+10
7.07116e+10
7.07275e+10
7.07443e+10
7.07622e+10
7.07811e+10
7.08009e+10
7.08218e+10
7.08436e+10
7.08665e+10
7.08903e+10
7.0915e+10
7.09407e+10
7.09674e+10
7.09949e+10
7.10234e+10
7.10528e+10
7.0351e+10
7.03522e+10
7.03547e+10
7.03585e+10
7.03636e+10
7.03701e+10
7.03778e+10
7.03868e+10
7.0397e+10
7.04086e+10
7.04214e+10
7.04355e+10
7.04508e+10
7.04674e+10
7.04853e+10
7.05043e+10
7.05247e+10
7.05462e+10
7.0569e+10
7.05929e+10
7.06181e+10
7.06445e+10
7.0672e+10
7.07007e+10
7.07306e+10
7.07616e+10
7.07938e+10
7.0827e+10
7.08614e+10
7.08969e+10
7.03059e+10
7.0307e+10
7.03096e+10
7.03136e+10
7.03188e+10
7.03254e+10
7.03334e+10
7.03426e+10
7.03532e+10
7.0365e+10
7.03782e+10
7.03927e+10
7.04084e+10
7.04255e+10
7.04438e+10
7.04634e+10
7.04842e+10
7.05063e+10
7.05297e+10
7.05543e+10
7.05801e+10
7.06071e+10
7.06353e+10
7.06648e+10
7.06953e+10
7.07271e+10
7.076e+10
7.07941e+10
7.08293e+10
7.08656e+10
7.02986e+10
7.02998e+10
7.03024e+10
7.03063e+10
7.03116e+10
7.03183e+10
7.03262e+10
7.03355e+10
7.03461e+10
7.03581e+10
7.03713e+10
7.03858e+10
7.04017e+10
7.04188e+10
7.04372e+10
7.04569e+10
7.04779e+10
7.05001e+10
7.05235e+10
7.05482e+10
7.05742e+10
7.06013e+10
7.06297e+10
7.06592e+10
7.069e+10
7.07219e+10
7.0755e+10
7.07892e+10
7.08245e+10
7.0861e+10
7.02957e+10
7.02969e+10
7.02995e+10
7.03035e+10
7.03088e+10
7.03155e+10
7.03234e+10
7.03327e+10
7.03434e+10
7.03553e+10
7.03686e+10
7.03831e+10
7.0399e+10
7.04161e+10
7.04346e+10
7.04543e+10
7.04753e+10
7.04975e+10
7.0521e+10
7.05457e+10
7.05717e+10
7.05989e+10
7.06273e+10
7.06569e+10
7.06877e+10
7.07196e+10
7.07527e+10
7.0787e+10
7.08223e+10
7.08588e+10
7.02891e+10
7.02903e+10
7.02929e+10
7.02969e+10
7.03022e+10
7.03089e+10
7.03169e+10
7.03263e+10
7.03369e+10
7.03489e+10
7.03623e+10
7.03769e+10
7.03928e+10
7.04101e+10
7.04286e+10
7.04484e+10
7.04695e+10
7.04918e+10
7.05154e+10
7.05403e+10
7.05663e+10
7.05936e+10
7.06222e+10
7.06519e+10
7.06828e+10
7.07148e+10
7.07481e+10
7.07824e+10
7.0818e+10
7.08546e+10
7.02455e+10
7.02467e+10
7.02495e+10
7.02536e+10
7.02592e+10
7.02662e+10
7.02746e+10
7.02844e+10
7.02956e+10
7.03081e+10
7.03221e+10
7.03374e+10
7.0354e+10
7.03721e+10
7.03914e+10
7.04121e+10
7.04341e+10
7.04575e+10
7.04821e+10
7.0508e+10
7.05352e+10
7.05637e+10
7.05934e+10
7.06244e+10
7.06566e+10
7.06899e+10
7.07245e+10
7.07603e+10
7.07972e+10
7.08352e+10
6.45265e+10
6.4528e+10
6.45313e+10
6.45363e+10
6.4543e+10
6.45513e+10
6.45614e+10
6.45731e+10
6.45864e+10
6.46014e+10
6.46181e+10
6.46364e+10
6.46563e+10
6.46778e+10
6.47009e+10
6.47257e+10
6.4752e+10
6.47799e+10
6.48093e+10
6.48403e+10
6.48728e+10
6.49068e+10
6.49423e+10
6.49793e+10
6.50177e+10
6.50576e+10
6.50989e+10
6.51416e+10
6.51857e+10
6.52311e+10
6.44607e+10
6.44623e+10
6.44657e+10
6.44708e+10
6.44777e+10
6.44864e+10
6.44968e+10
6.45089e+10
6.45227e+10
6.45382e+10
6.45555e+10
6.45744e+10
6.4595e+10
6.46173e+10
6.46412e+10
6.46668e+10
6.4694e+10
6.47228e+10
6.47532e+10
6.47852e+10
6.48187e+10
6.48538e+10
6.48905e+10
6.49286e+10
6.49682e+10
6.50093e+10
6.50518e+10
6.50958e+10
6.51411e+10
6.51878e+10
6.44503e+10
6.44518e+10
6.44553e+10
6.44605e+10
6.44674e+10
6.44761e+10
6.44866e+10
6.44988e+10
6.45127e+10
6.45283e+10
6.45456e+10
6.45647e+10
6.45854e+10
6.46078e+10
6.46318e+10
6.46576e+10
6.46849e+10
6.47139e+10
6.47445e+10
6.47766e+10
6.48104e+10
6.48457e+10
6.48825e+10
6.49208e+10
6.49606e+10
6.50019e+10
6.50447e+10
6.50889e+10
6.51344e+10
6.51814e+10
6.44469e+10
6.44485e+10
6.44519e+10
6.44571e+10
6.44641e+10
6.44728e+10
6.44832e+10
6.44954e+10
6.45094e+10
6.4525e+10
6.45424e+10
6.45614e+10
6.45822e+10
6.46046e+10
6.46287e+10
6.46544e+10
6.46818e+10
6.47108e+10
6.47415e+10
6.47737e+10
6.48074e+10
6.48428e+10
6.48796e+10
6.4918e+10
6.49579e+10
6.49992e+10
6.5042e+10
6.50863e+10
6.51319e+10
6.51789e+10
6.44406e+10
6.44422e+10
6.44456e+10
6.44508e+10
6.44578e+10
6.44666e+10
6.44771e+10
6.44894e+10
6.45033e+10
6.45191e+10
6.45365e+10
6.45556e+10
6.45765e+10
6.4599e+10
6.46232e+10
6.4649e+10
6.46765e+10
6.47056e+10
6.47364e+10
6.47687e+10
6.48026e+10
6.48381e+10
6.48751e+10
6.49136e+10
6.49536e+10
6.49951e+10
6.5038e+10
6.50823e+10
6.51281e+10
6.51752e+10
6.43936e+10
6.43953e+10
6.43989e+10
6.44044e+10
6.44117e+10
6.44209e+10
6.44319e+10
6.44447e+10
6.44594e+10
6.44759e+10
6.44941e+10
6.45142e+10
6.4536e+10
6.45596e+10
6.45849e+10
6.46119e+10
6.46407e+10
6.46711e+10
6.47032e+10
6.4737e+10
6.47724e+10
6.48094e+10
6.4848e+10
6.48881e+10
6.49298e+10
6.4973e+10
6.50177e+10
6.50638e+10
6.51114e+10
6.51604e+10
5.36815e+10
5.36833e+10
5.36874e+10
5.36934e+10
5.37016e+10
5.37118e+10
5.3724e+10
5.37382e+10
5.37545e+10
5.37727e+10
5.3793e+10
5.38152e+10
5.38394e+10
5.38656e+10
5.38936e+10
5.39236e+10
5.39555e+10
5.39893e+10
5.40249e+10
5.40623e+10
5.41015e+10
5.41425e+10
5.41853e+10
5.42297e+10
5.42759e+10
5.43237e+10
5.43732e+10
5.44242e+10
5.44768e+10
5.4531e+10
5.36103e+10
5.36121e+10
5.36163e+10
5.36226e+10
5.36311e+10
5.36416e+10
5.36543e+10
5.36691e+10
5.36859e+10
5.37049e+10
5.37258e+10
5.37489e+10
5.37739e+10
5.3801e+10
5.38301e+10
5.38611e+10
5.38941e+10
5.3929e+10
5.39659e+10
5.40045e+10
5.40451e+10
5.40874e+10
5.41316e+10
5.41775e+10
5.42251e+10
5.42744e+10
5.43254e+10
5.4378e+10
5.44322e+10
5.44879e+10
5.36005e+10
5.36024e+10
5.36066e+10
5.3613e+10
5.36214e+10
5.36321e+10
5.36448e+10
5.36597e+10
5.36766e+10
5.36957e+10
5.37168e+10
5.37399e+10
5.37652e+10
5.37924e+10
5.38216e+10
5.38528e+10
5.3886e+10
5.39211e+10
5.39581e+10
5.3997e+10
5.40377e+10
5.40803e+10
5.41247e+10
5.41708e+10
5.42187e+10
5.42683e+10
5.43195e+10
5.43723e+10
5.44267e+10
5.44827e+10
5.35959e+10
5.35978e+10
5.3602e+10
5.36083e+10
5.36168e+10
5.36275e+10
5.36402e+10
5.36551e+10
5.36721e+10
5.36912e+10
5.37123e+10
5.37356e+10
5.37608e+10
5.37881e+10
5.38174e+10
5.38486e+10
5.38819e+10
5.3917e+10
5.39541e+10
5.39931e+10
5.40339e+10
5.40765e+10
5.4121e+10
5.41672e+10
5.42151e+10
5.42648e+10
5.43161e+10
5.4369e+10
5.44235e+10
5.44796e+10
5.35783e+10
5.35803e+10
5.35845e+10
5.35909e+10
5.35995e+10
5.36103e+10
5.36233e+10
5.36383e+10
5.36555e+10
5.36748e+10
5.36962e+10
5.37197e+10
5.37453e+10
5.37729e+10
5.38026e+10
5.38342e+10
5.38679e+10
5.39034e+10
5.3941e+10
5.39804e+10
5.40216e+10
5.40648e+10
5.41097e+10
5.41564e+10
5.42048e+10
5.42549e+10
5.43067e+10
5.43601e+10
5.4415e+10
5.44715e+10
5.34198e+10
5.34217e+10
5.34259e+10
5.34323e+10
5.34409e+10
5.34516e+10
5.34644e+10
5.34794e+10
5.34965e+10
5.35156e+10
5.35369e+10
5.35615e+10
5.35894e+10
5.36204e+10
5.36544e+10
5.36913e+10
5.3731e+10
5.37734e+10
5.38185e+10
5.3866e+10
5.3916e+10
5.39683e+10
5.40227e+10
5.40793e+10
5.41379e+10
5.41984e+10
5.42606e+10
5.43245e+10
5.43899e+10
5.44568e+10
4.30033e+09
4.30167e+09
4.30429e+09
4.30812e+09
4.31312e+09
4.31923e+09
4.32643e+09
4.33469e+09
4.34398e+09
4.35428e+09
4.36556e+09
4.37782e+09
4.39102e+09
4.40515e+09
4.42019e+09
4.43612e+09
4.45292e+09
4.47057e+09
4.48904e+09
4.5083e+09
4.52833e+09
4.54908e+09
4.57053e+09
4.59263e+09
4.61534e+09
4.63861e+09
4.6624e+09
4.68665e+09
4.71132e+09
4.73635e+09
4.30393e+09
4.30536e+09
4.30814e+09
4.3122e+09
4.31749e+09
4.32397e+09
4.33161e+09
4.34036e+09
4.35021e+09
4.36112e+09
4.37308e+09
4.38605e+09
4.40003e+09
4.41497e+09
4.43086e+09
4.44768e+09
4.4654e+09
4.48399e+09
4.50342e+09
4.52365e+09
4.54465e+09
4.56637e+09
4.58878e+09
4.61181e+09
4.63543e+09
4.65958e+09
4.68421e+09
4.70925e+09
4.73465e+09
4.76034e+09
4.30594e+09
4.30737e+09
4.31014e+09
4.31421e+09
4.3195e+09
4.32599e+09
4.33363e+09
4.34239e+09
4.35224e+09
4.36316e+09
4.37512e+09
4.3881e+09
4.40207e+09
4.41702e+09
4.43291e+09
4.44973e+09
4.46744e+09
4.48602e+09
4.50544e+09
4.52566e+09
4.54664e+09
4.56834e+09
4.59073e+09
4.61374e+09
4.63733e+09
4.66145e+09
4.68603e+09
4.71103e+09
4.73639e+09
4.76203e+09
4.30374e+09
4.30516e+09
4.30793e+09
4.31199e+09
4.31727e+09
4.32375e+09
4.33137e+09
4.34011e+09
4.34994e+09
4.36084e+09
4.37278e+09
4.38573e+09
4.39968e+09
4.4146e+09
4.43047e+09
4.44726e+09
4.46495e+09
4.48351e+09
4.5029e+09
4.5231e+09
4.54406e+09
4.56574e+09
4.58811e+09
4.6111e+09
4.63468e+09
4.65879e+09
4.68337e+09
4.70837e+09
4.73372e+09
4.75937e+09
4.31713e+09
4.31857e+09
4.32138e+09
4.32548e+09
4.33082e+09
4.33737e+09
4.34507e+09
4.3539e+09
4.36382e+09
4.37481e+09
4.38685e+09
4.39991e+09
4.41396e+09
4.42898e+09
4.44495e+09
4.46184e+09
4.47962e+09
4.49825e+09
4.51772e+09
4.53797e+09
4.55898e+09
4.5807e+09
4.60308e+09
4.62607e+09
4.64963e+09
4.67369e+09
4.69821e+09
4.72312e+09
4.74836e+09
4.77388e+09
3.34352e+09
3.34472e+09
3.34707e+09
3.35055e+09
3.35513e+09
3.36078e+09
3.36747e+09
3.37518e+09
3.3839e+09
3.39359e+09
3.40424e+09
3.41583e+09
3.42834e+09
3.44175e+09
3.45604e+09
3.47118e+09
3.48715e+09
3.50392e+09
3.52146e+09
3.53973e+09
3.55869e+09
3.57831e+09
3.59854e+09
3.61932e+09
3.64061e+09
3.66233e+09
3.68444e+09
3.70688e+09
3.72957e+09
3.75246e+09
3.33995e+09
3.34113e+09
3.34346e+09
3.34692e+09
3.35147e+09
3.3571e+09
3.36378e+09
3.37149e+09
3.38021e+09
3.38991e+09
3.40058e+09
3.4122e+09
3.42474e+09
3.43819e+09
3.45252e+09
3.46771e+09
3.48373e+09
3.50056e+09
3.51816e+09
3.5365e+09
3.55554e+09
3.57524e+09
3.59555e+09
3.61642e+09
3.63779e+09
3.65961e+09
3.68181e+09
3.70434e+09
3.72713e+09
3.75011e+09
3.33986e+09
3.34104e+09
3.34337e+09
3.34682e+09
3.35138e+09
3.35701e+09
3.36369e+09
3.3714e+09
3.38012e+09
3.38983e+09
3.4005e+09
3.41212e+09
3.42467e+09
3.43813e+09
3.45246e+09
3.46766e+09
3.48369e+09
3.50052e+09
3.51813e+09
3.53648e+09
3.55553e+09
3.57524e+09
3.59555e+09
3.61643e+09
3.63781e+09
3.65964e+09
3.68185e+09
3.70439e+09
3.72718e+09
3.75017e+09
3.33892e+09
3.3401e+09
3.34242e+09
3.34587e+09
3.35041e+09
3.35604e+09
3.36271e+09
3.37042e+09
3.37913e+09
3.38883e+09
3.3995e+09
3.41112e+09
3.42366e+09
3.43711e+09
3.45145e+09
3.46664e+09
3.48267e+09
3.49951e+09
3.51712e+09
3.53547e+09
3.55452e+09
3.57424e+09
3.59456e+09
3.61545e+09
3.63684e+09
3.65868e+09
3.6809e+09
3.70345e+09
3.72627e+09
3.74928e+09
3.33789e+09
3.33906e+09
3.34138e+09
3.34481e+09
3.34935e+09
3.35497e+09
3.36163e+09
3.36932e+09
3.37803e+09
3.38772e+09
3.39837e+09
3.40997e+09
3.42251e+09
3.43594e+09
3.45026e+09
3.46545e+09
3.48146e+09
3.49829e+09
3.51589e+09
3.53423e+09
3.55328e+09
3.57298e+09
3.5933e+09
3.61418e+09
3.63557e+09
3.65741e+09
3.67963e+09
3.70219e+09
3.725e+09
3.74802e+09
3.345e+09
3.3462e+09
3.34857e+09
3.35208e+09
3.35669e+09
3.36238e+09
3.36912e+09
3.3769e+09
3.38569e+09
3.39546e+09
3.4062e+09
3.41788e+09
3.43049e+09
3.44401e+09
3.4584e+09
3.47366e+09
3.48974e+09
3.50662e+09
3.52427e+09
3.54266e+09
3.56173e+09
3.58146e+09
3.60178e+09
3.62266e+09
3.64402e+09
3.66582e+09
3.688e+09
3.71049e+09
3.73322e+09
3.75614e+09
2.7649e+09
2.76561e+09
2.76728e+09
2.77002e+09
2.77384e+09
2.7787e+09
2.78457e+09
2.79144e+09
2.79927e+09
2.80806e+09
2.81778e+09
2.82841e+09
2.83995e+09
2.85236e+09
2.86563e+09
2.87972e+09
2.89462e+09
2.91029e+09
2.9267e+09
2.94381e+09
2.96157e+09
2.97995e+09
2.9989e+09
3.01835e+09
3.03826e+09
3.05855e+09
3.07916e+09
3.10003e+09
3.12108e+09
3.14226e+09
2.76252e+09
2.76317e+09
2.76477e+09
2.76746e+09
2.77123e+09
2.77605e+09
2.78189e+09
2.78872e+09
2.79654e+09
2.8053e+09
2.81501e+09
2.82564e+09
2.83718e+09
2.84959e+09
2.86287e+09
2.87699e+09
2.89191e+09
2.90761e+09
2.92406e+09
2.94121e+09
2.95902e+09
2.97745e+09
2.99645e+09
3.01596e+09
3.03593e+09
3.05628e+09
3.07696e+09
3.0979e+09
3.11903e+09
3.14028e+09
2.7619e+09
2.76254e+09
2.76414e+09
2.76682e+09
2.77059e+09
2.7754e+09
2.78124e+09
2.78807e+09
2.79588e+09
2.80464e+09
2.81435e+09
2.82498e+09
2.83651e+09
2.84893e+09
2.86221e+09
2.87633e+09
2.89126e+09
2.90696e+09
2.92341e+09
2.94057e+09
2.95839e+09
2.97683e+09
2.99584e+09
3.01537e+09
3.03535e+09
3.05572e+09
3.07641e+09
3.09736e+09
3.11851e+09
3.13978e+09
2.76119e+09
2.76183e+09
2.76342e+09
2.76609e+09
2.76984e+09
2.77465e+09
2.78048e+09
2.7873e+09
2.7951e+09
2.80386e+09
2.81355e+09
2.82417e+09
2.8357e+09
2.8481e+09
2.86138e+09
2.87549e+09
2.89041e+09
2.90611e+09
2.92255e+09
2.9397e+09
2.95752e+09
2.97596e+09
2.99497e+09
3.01449e+09
3.03447e+09
3.05485e+09
3.07555e+09
3.09651e+09
3.11766e+09
3.13894e+09
2.76495e+09
2.76564e+09
2.7673e+09
2.77004e+09
2.77386e+09
2.77874e+09
2.78463e+09
2.79153e+09
2.7994e+09
2.80823e+09
2.81799e+09
2.82868e+09
2.84027e+09
2.85275e+09
2.86608e+09
2.88025e+09
2.89522e+09
2.91096e+09
2.92745e+09
2.94463e+09
2.96247e+09
2.98092e+09
2.99994e+09
3.01946e+09
3.03942e+09
3.05977e+09
3.08043e+09
3.10134e+09
3.12244e+09
3.14364e+09
2.42695e+09
2.42734e+09
2.42856e+09
2.43083e+09
2.43415e+09
2.4385e+09
2.44383e+09
2.45013e+09
2.45737e+09
2.46554e+09
2.47462e+09
2.48461e+09
2.49548e+09
2.50723e+09
2.51983e+09
2.53326e+09
2.5475e+09
2.5625e+09
2.57824e+09
2.59466e+09
2.61173e+09
2.62939e+09
2.6476e+09
2.66628e+09
2.68539e+09
2.70484e+09
2.72457e+09
2.74452e+09
2.7646e+09
2.78475e+09
2.42386e+09
2.42422e+09
2.42538e+09
2.4276e+09
2.43087e+09
2.43516e+09
2.44044e+09
2.44669e+09
2.45388e+09
2.46201e+09
2.47105e+09
2.481e+09
2.49184e+09
2.50356e+09
2.51613e+09
2.52955e+09
2.54378e+09
2.55878e+09
2.57453e+09
2.59098e+09
2.60807e+09
2.62577e+09
2.64402e+09
2.66276e+09
2.68192e+09
2.70144e+09
2.72124e+09
2.74127e+09
2.76143e+09
2.78167e+09
2.42337e+09
2.42373e+09
2.42489e+09
2.42711e+09
2.43037e+09
2.43466e+09
2.43994e+09
2.44619e+09
2.45338e+09
2.46151e+09
2.47055e+09
2.4805e+09
2.49134e+09
2.50306e+09
2.51564e+09
2.52906e+09
2.54329e+09
2.55831e+09
2.57406e+09
2.59052e+09
2.60762e+09
2.62534e+09
2.6436e+09
2.66235e+09
2.68152e+09
2.70106e+09
2.72088e+09
2.74092e+09
2.7611e+09
2.78136e+09
2.42252e+09
2.42288e+09
2.42404e+09
2.42625e+09
2.42951e+09
2.4338e+09
2.43907e+09
2.44531e+09
2.4525e+09
2.46062e+09
2.46965e+09
2.47959e+09
2.49042e+09
2.50213e+09
2.5147e+09
2.52811e+09
2.54234e+09
2.55734e+09
2.57309e+09
2.58954e+09
2.60665e+09
2.62436e+09
2.64262e+09
2.66137e+09
2.68055e+09
2.70009e+09
2.71992e+09
2.73997e+09
2.76016e+09
2.78043e+09
2.42703e+09
2.42743e+09
2.42866e+09
2.43094e+09
2.43428e+09
2.43865e+09
2.44401e+09
2.45033e+09
2.45761e+09
2.46582e+09
2.47494e+09
2.48497e+09
2.4959e+09
2.50769e+09
2.52035e+09
2.53383e+09
2.54813e+09
2.56319e+09
2.57898e+09
2.59547e+09
2.6126e+09
2.63032e+09
2.64857e+09
2.66731e+09
2.68646e+09
2.70595e+09
2.72572e+09
2.7457e+09
2.7658e+09
2.78597e+09
2.20046e+09
2.20074e+09
2.20175e+09
2.20375e+09
2.20677e+09
2.21078e+09
2.21575e+09
2.22167e+09
2.2285e+09
2.23624e+09
2.24487e+09
2.25439e+09
2.26479e+09
2.27605e+09
2.28816e+09
2.30111e+09
2.31487e+09
2.32941e+09
2.34468e+09
2.36066e+09
2.37727e+09
2.39448e+09
2.41222e+09
2.43042e+09
2.44902e+09
2.46795e+09
2.48714e+09
2.5065e+09
2.52596e+09
2.54546e+09
2.19751e+09
2.19777e+09
2.19871e+09
2.20065e+09
2.20361e+09
2.20756e+09
2.21247e+09
2.21832e+09
2.2251e+09
2.23278e+09
2.24136e+09
2.25083e+09
2.26117e+09
2.27239e+09
2.28446e+09
2.29737e+09
2.31109e+09
2.32561e+09
2.34088e+09
2.35686e+09
2.3735e+09
2.39073e+09
2.4085e+09
2.42675e+09
2.4454e+09
2.4644e+09
2.48365e+09
2.5031e+09
2.52265e+09
2.54223e+09
2.19696e+09
2.19722e+09
2.19818e+09
2.20012e+09
2.20308e+09
2.20704e+09
2.21196e+09
2.21782e+09
2.2246e+09
2.23229e+09
2.24087e+09
2.25034e+09
2.2607e+09
2.27192e+09
2.28399e+09
2.29691e+09
2.31065e+09
2.32518e+09
2.34046e+09
2.35645e+09
2.3731e+09
2.39034e+09
2.40813e+09
2.4264e+09
2.44507e+09
2.46408e+09
2.48336e+09
2.50281e+09
2.52238e+09
2.54199e+09
2.19646e+09
2.19672e+09
2.19767e+09
2.1996e+09
2.20256e+09
2.20651e+09
2.21143e+09
2.21728e+09
2.22405e+09
2.23173e+09
2.24031e+09
2.24978e+09
2.26012e+09
2.27134e+09
2.28341e+09
2.29632e+09
2.31005e+09
2.32458e+09
2.33986e+09
2.35585e+09
2.3725e+09
2.38975e+09
2.40754e+09
2.42581e+09
2.4445e+09
2.46352e+09
2.4828e+09
2.50228e+09
2.52186e+09
2.54148e+09
2.19574e+09
2.196e+09
2.19695e+09
2.19889e+09
2.20185e+09
2.20581e+09
2.21072e+09
2.21657e+09
2.22334e+09
2.23102e+09
2.23959e+09
2.24905e+09
2.25939e+09
2.2706e+09
2.28267e+09
2.29558e+09
2.30931e+09
2.32383e+09
2.33911e+09
2.3551e+09
2.37175e+09
2.389e+09
2.4068e+09
2.42508e+09
2.44377e+09
2.4628e+09
2.48209e+09
2.50158e+09
2.52117e+09
2.54081e+09
2.19854e+09
2.19882e+09
2.19982e+09
2.20182e+09
2.20484e+09
2.20886e+09
2.21383e+09
2.21975e+09
2.22659e+09
2.23434e+09
2.24299e+09
2.25252e+09
2.26294e+09
2.27422e+09
2.28635e+09
2.29933e+09
2.31312e+09
2.32769e+09
2.34302e+09
2.35904e+09
2.37572e+09
2.39298e+09
2.41078e+09
2.42905e+09
2.44772e+09
2.46672e+09
2.48598e+09
2.50541e+09
2.52494e+09
2.5445e+09
2.05933e+09
2.05956e+09
2.06043e+09
2.06225e+09
2.06507e+09
2.06885e+09
2.07358e+09
2.07922e+09
2.08576e+09
2.0932e+09
2.10151e+09
2.1107e+09
2.12076e+09
2.13167e+09
2.14343e+09
2.15602e+09
2.16943e+09
2.18362e+09
2.19857e+09
2.21423e+09
2.23055e+09
2.24745e+09
2.26489e+09
2.28279e+09
2.30108e+09
2.31969e+09
2.33854e+09
2.35755e+09
2.37665e+09
2.39575e+09
2.05697e+09
2.05718e+09
2.058e+09
2.05976e+09
2.06251e+09
2.06624e+09
2.07091e+09
2.07649e+09
2.08298e+09
2.09035e+09
2.09861e+09
2.10775e+09
2.11775e+09
2.12861e+09
2.14032e+09
2.15287e+09
2.16623e+09
2.1804e+09
2.19532e+09
2.21097e+09
2.22728e+09
2.2442e+09
2.26166e+09
2.27959e+09
2.29792e+09
2.31658e+09
2.33548e+09
2.35456e+09
2.37372e+09
2.3929e+09
2.05638e+09
2.05658e+09
2.05741e+09
2.05917e+09
2.06194e+09
2.06567e+09
2.07034e+09
2.07592e+09
2.08241e+09
2.08979e+09
2.09806e+09
2.10719e+09
2.1172e+09
2.12806e+09
2.13977e+09
2.15233e+09
2.1657e+09
2.17987e+09
2.1948e+09
2.21046e+09
2.22678e+09
2.24371e+09
2.26118e+09
2.27913e+09
2.29748e+09
2.31615e+09
2.33508e+09
2.35417e+09
2.37336e+09
2.39255e+09
2.05572e+09
2.05593e+09
2.05676e+09
2.05854e+09
2.06131e+09
2.06505e+09
2.06972e+09
2.07532e+09
2.08181e+09
2.08919e+09
2.09746e+09
2.1066e+09
2.1166e+09
2.12747e+09
2.13918e+09
2.15174e+09
2.16511e+09
2.17928e+09
2.19422e+09
2.20988e+09
2.22621e+09
2.24314e+09
2.26062e+09
2.27858e+09
2.29693e+09
2.31562e+09
2.33456e+09
2.35366e+09
2.37286e+09
2.39207e+09
2.05765e+09
2.05788e+09
2.05876e+09
2.06059e+09
2.06342e+09
2.06721e+09
2.07195e+09
2.0776e+09
2.08415e+09
2.0916e+09
2.09993e+09
2.10913e+09
2.11919e+09
2.13012e+09
2.14189e+09
2.1545e+09
2.16793e+09
2.18215e+09
2.19713e+09
2.21283e+09
2.22918e+09
2.24613e+09
2.26361e+09
2.28156e+09
2.2999e+09
2.31856e+09
2.33747e+09
2.35653e+09
2.37568e+09
2.39483e+09
1.98418e+09
1.98438e+09
1.98519e+09
1.98692e+09
1.98963e+09
1.99329e+09
1.99788e+09
2.00338e+09
2.00977e+09
2.01703e+09
2.02517e+09
2.03417e+09
2.04403e+09
2.05474e+09
2.06629e+09
2.07868e+09
2.09188e+09
2.10587e+09
2.12062e+09
2.13609e+09
2.15222e+09
2.16895e+09
2.18621e+09
2.20394e+09
2.22205e+09
2.24048e+09
2.25914e+09
2.27795e+09
2.29683e+09
2.31571e+09
1.98162e+09
1.9818e+09
1.98256e+09
1.98423e+09
1.98688e+09
1.99048e+09
1.995e+09
2.00043e+09
2.00676e+09
2.01396e+09
2.02203e+09
2.03096e+09
2.04076e+09
2.05141e+09
2.0629e+09
2.07523e+09
2.08838e+09
2.10233e+09
2.11704e+09
2.13249e+09
2.14861e+09
2.16534e+09
2.18261e+09
2.20036e+09
2.21851e+09
2.23698e+09
2.2557e+09
2.27458e+09
2.29354e+09
2.3125e+09
1.98117e+09
1.98135e+09
1.98211e+09
1.98377e+09
1.98642e+09
1.99001e+09
1.99453e+09
1.99996e+09
2.00628e+09
2.01348e+09
2.02154e+09
2.03048e+09
2.04027e+09
2.05092e+09
2.06241e+09
2.07474e+09
2.08789e+09
2.10183e+09
2.11655e+09
2.132e+09
2.14812e+09
2.16486e+09
2.18214e+09
2.1999e+09
2.21807e+09
2.23656e+09
2.25529e+09
2.27418e+09
2.29316e+09
2.31214e+09
1.98052e+09
1.98071e+09
1.98146e+09
1.98314e+09
1.98579e+09
1.98939e+09
1.99391e+09
1.99934e+09
2.00566e+09
2.01285e+09
2.02092e+09
2.02985e+09
2.03964e+09
2.05029e+09
2.06178e+09
2.0741e+09
2.08725e+09
2.10119e+09
2.11591e+09
2.13136e+09
2.14748e+09
2.16422e+09
2.18151e+09
2.19928e+09
2.21745e+09
2.23595e+09
2.25469e+09
2.2736e+09
2.29259e+09
2.31158e+09
1.98276e+09
1.98297e+09
1.98378e+09
1.98551e+09
1.98823e+09
1.9919e+09
1.99649e+09
2.00199e+09
2.00838e+09
2.01565e+09
2.02378e+09
2.03279e+09
2.04265e+09
2.05336e+09
2.06492e+09
2.07731e+09
2.09052e+09
2.10452e+09
2.11929e+09
2.13477e+09
2.15092e+09
2.16768e+09
2.18497e+09
2.20273e+09
2.22088e+09
2.23934e+09
2.25804e+09
2.2769e+09
2.29582e+09
2.31475e+09
1.96284e+09
1.96304e+09
1.96383e+09
1.96553e+09
1.96821e+09
1.97183e+09
1.97637e+09
1.9818e+09
1.98813e+09
1.99532e+09
2.00338e+09
2.0123e+09
2.02207e+09
2.03269e+09
2.04415e+09
2.05643e+09
2.06953e+09
2.08342e+09
2.09807e+09
2.11344e+09
2.12948e+09
2.14611e+09
2.16329e+09
2.18092e+09
2.19895e+09
2.21729e+09
2.23587e+09
2.2546e+09
2.2734e+09
2.2922e+09
1.95975e+09
1.95992e+09
1.96065e+09
1.96228e+09
1.96488e+09
1.96842e+09
1.97288e+09
1.97824e+09
1.98448e+09
1.99159e+09
1.99957e+09
2.0084e+09
2.01809e+09
2.02863e+09
2.04001e+09
2.05222e+09
2.06525e+09
2.07908e+09
2.09367e+09
2.109e+09
2.12501e+09
2.14164e+09
2.15882e+09
2.17648e+09
2.19454e+09
2.21294e+09
2.23158e+09
2.25038e+09
2.26927e+09
2.28817e+09
1.95933e+09
1.9595e+09
1.96023e+09
1.96185e+09
1.96444e+09
1.96798e+09
1.97244e+09
1.97779e+09
1.98402e+09
1.99113e+09
1.9991e+09
2.00794e+09
2.01762e+09
2.02816e+09
2.03953e+09
2.05174e+09
2.06477e+09
2.0786e+09
2.0932e+09
2.10853e+09
2.12455e+09
2.14118e+09
2.15837e+09
2.17604e+09
2.19412e+09
2.21253e+09
2.23118e+09
2.25001e+09
2.26892e+09
2.28783e+09
1.95886e+09
1.95903e+09
1.95975e+09
1.96137e+09
1.96396e+09
1.96749e+09
1.97194e+09
1.97729e+09
1.98352e+09
1.99062e+09
1.99859e+09
2.00741e+09
2.01709e+09
2.02762e+09
2.03899e+09
2.0512e+09
2.06422e+09
2.07805e+09
2.09264e+09
2.10797e+09
2.12399e+09
2.14063e+09
2.15782e+09
2.1755e+09
2.19359e+09
2.212e+09
2.23067e+09
2.2495e+09
2.26843e+09
2.28736e+09
1.95855e+09
1.95872e+09
1.95943e+09
1.96103e+09
1.96361e+09
1.96713e+09
1.97156e+09
1.97689e+09
1.98311e+09
1.99019e+09
1.99814e+09
2.00695e+09
2.01662e+09
2.02713e+09
2.03849e+09
2.05068e+09
2.06368e+09
2.07749e+09
2.09208e+09
2.1074e+09
2.1234e+09
2.14003e+09
2.15722e+09
2.1749e+09
2.19298e+09
2.2114e+09
2.23007e+09
2.24891e+09
2.26783e+09
2.28677e+09
1.96022e+09
1.9604e+09
1.96116e+09
1.96282e+09
1.96545e+09
1.96903e+09
1.97352e+09
1.97891e+09
1.98518e+09
1.99232e+09
2.00033e+09
2.0092e+09
2.01892e+09
2.02949e+09
2.0409e+09
2.05314e+09
2.0662e+09
2.08005e+09
2.09467e+09
2.11002e+09
2.12605e+09
2.14269e+09
2.15988e+09
2.17755e+09
2.19562e+09
2.21401e+09
2.23264e+09
2.25144e+09
2.27032e+09
2.28921e+09
1.99804e+09
1.99823e+09
1.99903e+09
2.00074e+09
2.00343e+09
2.00707e+09
2.01163e+09
2.01709e+09
2.02344e+09
2.03066e+09
2.03875e+09
2.0477e+09
2.05751e+09
2.06817e+09
2.07967e+09
2.092e+09
2.10514e+09
2.11908e+09
2.13379e+09
2.14922e+09
2.16533e+09
2.18205e+09
2.19932e+09
2.21706e+09
2.23521e+09
2.25368e+09
2.27241e+09
2.2913e+09
2.31028e+09
2.32928e+09
1.99533e+09
1.99551e+09
1.99625e+09
1.99789e+09
2.00051e+09
2.00407e+09
2.00856e+09
2.01394e+09
2.02021e+09
2.02735e+09
2.03537e+09
2.04424e+09
2.05396e+09
2.06454e+09
2.07596e+09
2.08822e+09
2.1013e+09
2.11517e+09
2.12982e+09
2.14521e+09
2.16129e+09
2.17799e+09
2.19526e+09
2.21301e+09
2.23119e+09
2.2497e+09
2.26847e+09
2.28743e+09
2.30649e+09
2.32556e+09
1.99515e+09
1.99531e+09
1.99603e+09
1.99765e+09
2.00024e+09
2.00379e+09
2.00825e+09
2.01361e+09
2.01986e+09
2.02698e+09
2.03498e+09
2.04383e+09
2.05354e+09
2.0641e+09
2.0755e+09
2.08775e+09
2.10081e+09
2.11467e+09
2.12931e+09
2.14469e+09
2.16076e+09
2.17746e+09
2.19472e+09
2.21248e+09
2.23065e+09
2.24917e+09
2.26796e+09
2.28692e+09
2.30599e+09
2.32508e+09
1.99491e+09
1.99507e+09
1.99578e+09
1.99738e+09
1.99996e+09
2.00348e+09
2.00793e+09
2.01327e+09
2.0195e+09
2.02661e+09
2.03459e+09
2.04342e+09
2.05311e+09
2.06366e+09
2.07505e+09
2.08727e+09
2.10032e+09
2.11417e+09
2.12879e+09
2.14416e+09
2.16022e+09
2.17691e+09
2.19416e+09
2.21191e+09
2.23008e+09
2.2486e+09
2.26738e+09
2.28635e+09
2.30542e+09
2.32452e+09
1.9964e+09
1.99658e+09
1.99733e+09
1.99899e+09
2.00163e+09
2.00521e+09
2.00971e+09
2.01511e+09
2.0214e+09
2.02856e+09
2.03659e+09
2.04548e+09
2.05522e+09
2.06582e+09
2.07725e+09
2.08952e+09
2.10261e+09
2.1165e+09
2.13116e+09
2.14655e+09
2.16263e+09
2.17933e+09
2.19658e+09
2.21432e+09
2.23248e+09
2.25097e+09
2.26972e+09
2.28865e+09
2.30768e+09
2.32672e+09
2.09314e+09
2.09336e+09
2.0942e+09
2.09598e+09
2.09876e+09
2.10249e+09
2.10716e+09
2.11275e+09
2.11923e+09
2.12659e+09
2.13484e+09
2.14395e+09
2.15392e+09
2.16475e+09
2.17643e+09
2.18894e+09
2.20228e+09
2.21641e+09
2.23131e+09
2.24694e+09
2.26324e+09
2.28016e+09
2.29764e+09
2.31561e+09
2.33399e+09
2.35273e+09
2.37173e+09
2.39092e+09
2.41023e+09
2.42958e+09
2.09023e+09
2.09042e+09
2.0912e+09
2.09291e+09
2.09561e+09
2.09927e+09
2.10386e+09
2.10936e+09
2.11576e+09
2.12305e+09
2.1312e+09
2.14023e+09
2.15012e+09
2.16087e+09
2.17246e+09
2.1849e+09
2.19816e+09
2.21222e+09
2.22706e+09
2.24263e+09
2.2589e+09
2.2758e+09
2.29327e+09
2.31125e+09
2.32965e+09
2.34842e+09
2.36747e+09
2.38672e+09
2.4061e+09
2.42552e+09
2.09016e+09
2.09034e+09
2.0911e+09
2.09277e+09
2.09544e+09
2.09907e+09
2.10364e+09
2.10912e+09
2.11549e+09
2.12275e+09
2.13089e+09
2.13989e+09
2.14976e+09
2.16049e+09
2.17206e+09
2.18448e+09
2.19772e+09
2.21177e+09
2.22659e+09
2.24216e+09
2.25842e+09
2.27531e+09
2.29278e+09
2.31075e+09
2.32915e+09
2.34792e+09
2.36697e+09
2.38623e+09
2.40562e+09
2.42506e+09
2.08994e+09
2.09012e+09
2.09086e+09
2.09251e+09
2.09516e+09
2.09877e+09
2.10331e+09
2.10876e+09
2.11512e+09
2.12235e+09
2.13047e+09
2.13945e+09
2.1493e+09
2.16e+09
2.17156e+09
2.18395e+09
2.19717e+09
2.2112e+09
2.226e+09
2.24155e+09
2.2578e+09
2.27468e+09
2.29213e+09
2.3101e+09
2.3285e+09
2.34726e+09
2.36631e+09
2.38557e+09
2.40496e+09
2.4244e+09
2.09162e+09
2.09181e+09
2.09261e+09
2.09433e+09
2.09704e+09
2.10071e+09
2.10531e+09
2.11083e+09
2.11724e+09
2.12454e+09
2.13271e+09
2.14175e+09
2.15165e+09
2.1624e+09
2.17401e+09
2.18645e+09
2.19971e+09
2.21377e+09
2.22861e+09
2.24418e+09
2.26044e+09
2.27732e+09
2.29477e+09
2.31271e+09
2.33109e+09
2.34982e+09
2.36883e+09
2.38805e+09
2.40739e+09
2.42677e+09
2.26458e+09
2.26483e+09
2.26576e+09
2.26768e+09
2.27062e+09
2.27454e+09
2.27943e+09
2.28525e+09
2.29199e+09
2.29963e+09
2.30817e+09
2.31759e+09
2.32789e+09
2.33906e+09
2.35108e+09
2.36394e+09
2.37763e+09
2.39212e+09
2.40738e+09
2.42336e+09
2.44002e+09
2.45731e+09
2.47515e+09
2.4935e+09
2.51229e+09
2.53145e+09
2.55091e+09
2.57059e+09
2.59042e+09
2.61032e+09
2.26019e+09
2.26041e+09
2.26127e+09
2.26311e+09
2.26595e+09
2.26979e+09
2.27458e+09
2.2803e+09
2.28694e+09
2.29448e+09
2.30291e+09
2.31223e+09
2.32242e+09
2.33348e+09
2.3454e+09
2.35817e+09
2.37176e+09
2.38617e+09
2.40135e+09
2.41728e+09
2.4339e+09
2.45115e+09
2.46899e+09
2.48735e+09
2.50616e+09
2.52536e+09
2.54488e+09
2.56463e+09
2.58455e+09
2.60455e+09
2.26005e+09
2.26027e+09
2.26111e+09
2.26292e+09
2.26575e+09
2.26956e+09
2.27434e+09
2.28004e+09
2.28666e+09
2.29419e+09
2.30261e+09
2.31191e+09
2.32209e+09
2.33315e+09
2.34506e+09
2.35781e+09
2.3714e+09
2.3858e+09
2.40098e+09
2.4169e+09
2.43352e+09
2.45078e+09
2.46862e+09
2.48698e+09
2.5058e+09
2.52501e+09
2.54453e+09
2.5643e+09
2.58423e+09
2.60424e+09
2.25954e+09
2.25975e+09
2.2606e+09
2.2624e+09
2.26523e+09
2.26903e+09
2.2738e+09
2.2795e+09
2.28612e+09
2.29364e+09
2.30205e+09
2.31135e+09
2.32152e+09
2.33257e+09
2.34447e+09
2.35722e+09
2.37081e+09
2.3852e+09
2.40038e+09
2.4163e+09
2.43292e+09
2.45018e+09
2.46802e+09
2.48639e+09
2.50522e+09
2.52443e+09
2.54397e+09
2.56374e+09
2.58368e+09
2.60372e+09
2.25937e+09
2.25957e+09
2.26039e+09
2.26217e+09
2.26496e+09
2.26874e+09
2.27347e+09
2.27915e+09
2.28573e+09
2.29323e+09
2.30161e+09
2.31089e+09
2.32103e+09
2.33205e+09
2.34393e+09
2.35666e+09
2.37022e+09
2.38459e+09
2.39975e+09
2.41565e+09
2.43225e+09
2.44949e+09
2.46732e+09
2.48568e+09
2.5045e+09
2.52371e+09
2.54324e+09
2.56301e+09
2.58295e+09
2.60299e+09
2.26092e+09
2.26114e+09
2.262e+09
2.26383e+09
2.26667e+09
2.2705e+09
2.27529e+09
2.281e+09
2.28764e+09
2.29517e+09
2.3036e+09
2.31291e+09
2.32309e+09
2.33414e+09
2.34605e+09
2.35881e+09
2.37239e+09
2.38678e+09
2.40195e+09
2.41786e+09
2.43446e+09
2.45169e+09
2.46951e+09
2.48785e+09
2.50664e+09
2.52581e+09
2.54531e+09
2.56504e+09
2.58494e+09
2.60492e+09
2.54027e+09
2.54059e+09
2.54167e+09
2.54379e+09
2.54698e+09
2.55119e+09
2.5564e+09
2.56258e+09
2.56971e+09
2.57778e+09
2.58677e+09
2.59667e+09
2.60746e+09
2.61915e+09
2.63171e+09
2.64512e+09
2.65937e+09
2.67443e+09
2.69026e+09
2.70682e+09
2.72406e+09
2.74195e+09
2.76043e+09
2.77944e+09
2.79892e+09
2.81882e+09
2.83905e+09
2.85956e+09
2.88026e+09
2.9011e+09
2.53606e+09
2.53634e+09
2.53736e+09
2.5394e+09
2.5425e+09
2.54663e+09
2.55174e+09
2.55783e+09
2.56487e+09
2.57284e+09
2.58173e+09
2.59153e+09
2.60222e+09
2.61381e+09
2.62627e+09
2.63959e+09
2.65376e+09
2.66874e+09
2.6845e+09
2.70101e+09
2.71821e+09
2.73607e+09
2.75453e+09
2.77354e+09
2.79303e+09
2.81295e+09
2.83323e+09
2.85379e+09
2.87456e+09
2.89548e+09
2.53579e+09
2.53607e+09
2.53707e+09
2.53909e+09
2.54217e+09
2.54628e+09
2.55138e+09
2.55745e+09
2.56448e+09
2.57243e+09
2.58131e+09
2.5911e+09
2.60179e+09
2.61336e+09
2.62582e+09
2.63913e+09
2.65329e+09
2.66826e+09
2.68402e+09
2.70053e+09
2.71774e+09
2.7356e+09
2.75406e+09
2.77308e+09
2.79258e+09
2.81251e+09
2.83279e+09
2.85336e+09
2.87415e+09
2.89509e+09
2.53551e+09
2.53577e+09
2.53675e+09
2.53876e+09
2.54182e+09
2.54591e+09
2.551e+09
2.55705e+09
2.56406e+09
2.57199e+09
2.58085e+09
2.59063e+09
2.6013e+09
2.61286e+09
2.62529e+09
2.63859e+09
2.65273e+09
2.66769e+09
2.68344e+09
2.69994e+09
2.71713e+09
2.73499e+09
2.75344e+09
2.77245e+09
2.79195e+09
2.81187e+09
2.83216e+09
2.85273e+09
2.87352e+09
2.89446e+09
2.53705e+09
2.53734e+09
2.53836e+09
2.54041e+09
2.54352e+09
2.54765e+09
2.55277e+09
2.55885e+09
2.56589e+09
2.57386e+09
2.58274e+09
2.59254e+09
2.60323e+09
2.61481e+09
2.62726e+09
2.64057e+09
2.65471e+09
2.66967e+09
2.68542e+09
2.7019e+09
2.71908e+09
2.73691e+09
2.75534e+09
2.77431e+09
2.79377e+09
2.81366e+09
2.8339e+09
2.85443e+09
2.87518e+09
2.89607e+09
2.97288e+09
2.97337e+09
2.97477e+09
2.97728e+09
2.98092e+09
2.98563e+09
2.9914e+09
2.99819e+09
3.00598e+09
3.01475e+09
3.02449e+09
3.03518e+09
3.0468e+09
3.05934e+09
3.07278e+09
3.0871e+09
3.10226e+09
3.11825e+09
3.13503e+09
3.15255e+09
3.17079e+09
3.18971e+09
3.20924e+09
3.22935e+09
3.24998e+09
3.27107e+09
3.29256e+09
3.31437e+09
3.33646e+09
3.35873e+09
2.96741e+09
2.96784e+09
2.96916e+09
2.97158e+09
2.97512e+09
2.97973e+09
2.9854e+09
2.99209e+09
2.99978e+09
3.00845e+09
3.01808e+09
3.02866e+09
3.04018e+09
3.05261e+09
3.06596e+09
3.08018e+09
3.09526e+09
3.11117e+09
3.12788e+09
3.14536e+09
3.16355e+09
3.18243e+09
3.20195e+09
3.22205e+09
3.24269e+09
3.2638e+09
3.28532e+09
3.30719e+09
3.32934e+09
3.35171e+09
2.96712e+09
2.96755e+09
2.96885e+09
2.97126e+09
2.97478e+09
2.97939e+09
2.98505e+09
2.99173e+09
2.99941e+09
3.00807e+09
3.0177e+09
3.02828e+09
3.03979e+09
3.05223e+09
3.06557e+09
3.07979e+09
3.09488e+09
3.1108e+09
3.12751e+09
3.14499e+09
3.1632e+09
3.18209e+09
3.20161e+09
3.22173e+09
3.24238e+09
3.26351e+09
3.28504e+09
3.30693e+09
3.3291e+09
3.35148e+09
2.96642e+09
2.96684e+09
2.96813e+09
2.97052e+09
2.97403e+09
2.97863e+09
2.98427e+09
2.99094e+09
2.9986e+09
3.00725e+09
3.01687e+09
3.02743e+09
3.03893e+09
3.05135e+09
3.06468e+09
3.07889e+09
3.09396e+09
3.10986e+09
3.12657e+09
3.14404e+09
3.16224e+09
3.18112e+09
3.20065e+09
3.22076e+09
3.24141e+09
3.26253e+09
3.28408e+09
3.30597e+09
3.32814e+09
3.35053e+09
2.96874e+09
2.9692e+09
2.97054e+09
2.97299e+09
2.97655e+09
2.98119e+09
2.98687e+09
2.99357e+09
3.00127e+09
3.00994e+09
3.01958e+09
3.03016e+09
3.04167e+09
3.0541e+09
3.06742e+09
3.08163e+09
3.09669e+09
3.11257e+09
3.12925e+09
3.14669e+09
3.16485e+09
3.18368e+09
3.20316e+09
3.22322e+09
3.24381e+09
3.26488e+09
3.28635e+09
3.30818e+09
3.33029e+09
3.35261e+09
3.5954e+09
3.59638e+09
3.59847e+09
3.6017e+09
3.60607e+09
3.61156e+09
3.61815e+09
3.62581e+09
3.63452e+09
3.64425e+09
3.65499e+09
3.66671e+09
3.6794e+09
3.69303e+09
3.70759e+09
3.72305e+09
3.73938e+09
3.75656e+09
3.77455e+09
3.79333e+09
3.81286e+09
3.8331e+09
3.85401e+09
3.87553e+09
3.89763e+09
3.92024e+09
3.94331e+09
3.96678e+09
3.99058e+09
4.01466e+09
3.58585e+09
3.58674e+09
3.58869e+09
3.59178e+09
3.59602e+09
3.60138e+09
3.60784e+09
3.61537e+09
3.62394e+09
3.63355e+09
3.64415e+09
3.65575e+09
3.66832e+09
3.68183e+09
3.69628e+09
3.71163e+09
3.72786e+09
3.74495e+09
3.76286e+09
3.78157e+09
3.80105e+09
3.82124e+09
3.84212e+09
3.86364e+09
3.88574e+09
3.90838e+09
3.9315e+09
3.95504e+09
3.97893e+09
4.00311e+09
3.58552e+09
3.5864e+09
3.58834e+09
3.59143e+09
3.59566e+09
3.60102e+09
3.60747e+09
3.615e+09
3.62358e+09
3.63318e+09
3.64379e+09
3.6554e+09
3.66797e+09
3.68149e+09
3.69595e+09
3.71131e+09
3.72756e+09
3.74466e+09
3.76259e+09
3.78132e+09
3.80081e+09
3.82103e+09
3.84193e+09
3.86346e+09
3.88559e+09
3.90826e+09
3.9314e+09
3.95496e+09
3.97887e+09
4.00308e+09
3.58504e+09
3.58592e+09
3.58785e+09
3.59093e+09
3.59515e+09
3.6005e+09
3.60695e+09
3.61447e+09
3.62305e+09
3.63265e+09
3.64325e+09
3.65485e+09
3.66742e+09
3.68094e+09
3.6954e+09
3.71076e+09
3.72701e+09
3.74411e+09
3.76204e+09
3.78077e+09
3.80026e+09
3.82048e+09
3.84139e+09
3.86293e+09
3.88506e+09
3.90773e+09
3.93088e+09
3.95445e+09
3.97837e+09
4.00259e+09
3.58419e+09
3.58505e+09
3.58697e+09
3.59003e+09
3.59424e+09
3.59958e+09
3.60602e+09
3.61353e+09
3.62208e+09
3.63167e+09
3.64227e+09
3.65385e+09
3.66641e+09
3.67992e+09
3.69436e+09
3.70971e+09
3.72595e+09
3.74304e+09
3.76096e+09
3.77968e+09
3.79917e+09
3.81938e+09
3.84028e+09
3.86182e+09
3.88395e+09
3.90662e+09
3.92977e+09
3.95334e+09
3.97727e+09
4.0015e+09
3.58786e+09
3.58878e+09
3.59077e+09
3.59389e+09
3.59816e+09
3.60354e+09
3.61002e+09
3.61756e+09
3.62615e+09
3.63576e+09
3.64637e+09
3.65797e+09
3.67054e+09
3.68405e+09
3.69849e+09
3.71383e+09
3.73005e+09
3.74712e+09
3.76502e+09
3.78371e+09
3.80316e+09
3.82333e+09
3.84419e+09
3.86568e+09
3.88775e+09
3.91036e+09
3.93345e+09
3.95695e+09
3.98081e+09
4.00496e+09
4.17333e+09
4.17461e+09
4.17714e+09
4.18089e+09
4.18582e+09
4.19191e+09
4.19914e+09
4.20748e+09
4.2169e+09
4.22738e+09
4.23891e+09
4.25146e+09
4.26502e+09
4.27955e+09
4.29504e+09
4.31146e+09
4.3288e+09
4.34703e+09
4.36611e+09
4.38602e+09
4.40672e+09
4.42818e+09
4.45036e+09
4.47321e+09
4.49668e+09
4.52073e+09
4.5453e+09
4.57033e+09
4.59575e+09
4.62152e+09
4.16483e+09
4.16607e+09
4.16853e+09
4.1722e+09
4.17704e+09
4.18305e+09
4.19019e+09
4.19843e+09
4.20777e+09
4.21816e+09
4.2296e+09
4.24207e+09
4.25553e+09
4.26998e+09
4.28539e+09
4.30175e+09
4.31901e+09
4.33717e+09
4.3562e+09
4.37606e+09
4.39672e+09
4.41815e+09
4.4403e+09
4.46315e+09
4.48662e+09
4.51069e+09
4.53529e+09
4.56036e+09
4.58586e+09
4.61171e+09
4.16422e+09
4.16546e+09
4.16792e+09
4.17158e+09
4.17642e+09
4.18242e+09
4.18956e+09
4.19781e+09
4.20714e+09
4.21754e+09
4.22898e+09
4.24145e+09
4.25492e+09
4.26938e+09
4.2848e+09
4.30116e+09
4.31844e+09
4.33661e+09
4.35565e+09
4.37552e+09
4.3962e+09
4.41765e+09
4.43982e+09
4.46268e+09
4.48618e+09
4.51027e+09
4.53489e+09
4.55999e+09
4.58551e+09
4.61138e+09
4.16441e+09
4.16564e+09
4.16808e+09
4.17171e+09
4.17653e+09
4.1825e+09
4.18961e+09
4.19782e+09
4.20713e+09
4.2175e+09
4.22891e+09
4.24135e+09
4.2548e+09
4.26923e+09
4.28462e+09
4.30095e+09
4.31821e+09
4.33635e+09
4.35537e+09
4.37522e+09
4.39587e+09
4.41729e+09
4.43945e+09
4.46229e+09
4.48576e+09
4.50983e+09
4.53444e+09
4.55952e+09
4.58502e+09
4.61088e+09
4.16749e+09
4.16875e+09
4.17125e+09
4.17495e+09
4.17984e+09
4.1859e+09
4.19308e+09
4.20138e+09
4.21076e+09
4.2212e+09
4.23269e+09
4.2452e+09
4.25872e+09
4.27321e+09
4.28866e+09
4.30506e+09
4.32237e+09
4.34056e+09
4.35962e+09
4.37951e+09
4.4002e+09
4.42166e+09
4.44384e+09
4.46669e+09
4.49018e+09
4.51426e+09
4.53886e+09
4.56393e+09
4.58941e+09
4.61525e+09
6.5495e+10
6.5495e+10
6.5495e+10
6.5495e+10
6.5495e+10
6.5495e+10
6.5495e+10
6.5495e+10
6.5495e+10
6.5495e+10
6.5495e+10
6.5495e+10
6.5495e+10
6.5495e+10
6.5495e+10
6.5495e+10
6.5495e+10
6.5495e+10
6.5495e+10
6.5495e+10
6.5495e+10
6.5495e+10
6.5495e+10
6.5495e+10
6.5495e+10
6.5495e+10
6.5495e+10
6.5495e+10
6.5495e+10
6.5495e+10
6.5495e+10
6.5495e+10
6.5495e+10
6.5495e+10
6.5495e+10
6.5495e+10
6.5495e+10
6.5495e+10
6.5495e+10
6.5495e+10
6.5495e+10
6.5495e+10
6.5495e+10
6.5495e+10
6.5495e+10
6.5495e+10
6.5495e+10
6.5495e+10
6.5495e+10
6.5495e+10
6.5495e+10
6.5495e+10
6.5495e+10
6.5495e+10
6.5495e+10
6.5495e+10
6.5495e+10
6.5495e+10
6.5495e+10
6.5495e+10
6.5495e+10
6.5495e+10
6.5495e+10
6.5495e+10
6.5495e+10
6.5495e+10
6.5495e+10
6.5495e+10
6.5495e+10
6.5495e+10
6.5495e+10
6.5495e+10
6.5495e+10
6.5495e+10
6.5495e+10
6.5495e+10
6.5495e+10
6.5495e+10
6.5495e+10
6.5495e+10
6.5495e+10
6.5495e+10
6.5495e+10
6.5495e+10
6.5495e+10
6.5495e+10
6.5495e+10
6.5495e+10
6.5495e+10
6.5495e+10
6.5495e+10
6.5495e+10
6.5495e+10
6.5495e+10
6.5495e+10
6.5495e+10
6.5495e+10
6.5495e+10
6.5495e+10
6.5495e+10
6.5495e+10
6.5495e+10
6.5495e+10
6.5495e+10
6.5495e+10
6.5495e+10
6.5495e+10
6.5495e+10
6.5495e+10
6.5495e+10
6.5495e+10
6.5495e+10
6.5495e+10
6.5495e+10
6.5495e+10
6.5495e+10
6.5495e+10
6.5495e+10
6.5495e+10
6.5495e+10
6.5495e+10
6.5495e+10
6.5495e+10
6.5495e+10
6.5495e+10
6.5495e+10
6.5495e+10
6.5495e+10
6.5495e+10
6.5495e+10
6.5495e+10
6.5495e+10
6.5495e+10
6.5495e+10
6.5495e+10
6.5495e+10
6.5495e+10
6.5495e+10
6.5495e+10
6.5495e+10
6.5495e+10
6.5495e+10
6.5495e+10
6.5495e+10
6.5495e+10
6.5495e+10
6.5495e+10
6.5495e+10
6.5495e+10
6.5495e+10
6.5495e+10
6.5495e+10
6.5495e+10
6.5495e+10
6.5495e+10
6.5495e+10
6.5495e+10
6.5495e+10
6.5495e+10
6.5495e+10
6.5495e+10
6.5495e+10
6.5495e+10
6.5495e+10
6.5495e+10
6.5495e+10
6.5495e+10
6.5495e+10
6.5495e+10
6.5495e+10
6.5495e+10
6.5495e+10
6.5495e+10
6.5495e+10
6.5495e+10
6.5495e+10
6.5495e+10
6.5495e+10
6.5495e+10
6.5495e+10
6.5495e+10
6.5495e+10
6.5495e+10
6.5495e+10
6.5495e+10
6.5495e+10
6.5495e+10
6.5495e+10
6.5495e+10
6.5495e+10
6.5495e+10
6.5495e+10
6.5495e+10
6.5495e+10
6.5495e+10
6.5495e+10
6.5495e+10
6.5495e+10
6.5495e+10
6.5495e+10
6.5495e+10
6.5495e+10
6.5495e+10
6.5495e+10
6.5495e+10
6.5495e+10
6.5495e+10
6.5495e+10
6.5495e+10
6.5495e+10
6.5495e+10
6.5495e+10
6.5495e+10
6.5495e+10
6.5495e+10
6.5495e+10
6.5495e+10
6.5495e+10
6.5495e+10
6.5495e+10
6.5495e+10
6.5495e+10
6.5495e+10
6.5495e+10
6.5495e+10
6.5495e+10
6.5495e+10
6.5495e+10
6.5495e+10
6.5495e+10
6.5495e+10
6.5495e+10
6.5495e+10
6.5495e+10
6.5495e+10
6.5495e+10
6.5495e+10
6.5495e+10
6.5495e+10
6.5495e+10
6.5495e+10
6.5495e+10
6.5495e+10
6.5495e+10
6.5495e+10
6.5495e+10
6.5495e+10
6.5495e+10
6.5495e+10
6.5495e+10
6.5495e+10
6.5495e+10
6.5495e+10
6.5495e+10
6.5495e+10
6.5495e+10
6.5495e+10
6.5495e+10
6.5495e+10
6.5495e+10
6.5495e+10
6.5495e+10
6.5495e+10
6.5495e+10
6.5495e+10
6.5495e+10
6.5495e+10
6.5495e+10
6.5495e+10
6.5495e+10
6.5495e+10
6.5495e+10
6.5495e+10
6.5495e+10
6.5495e+10
6.5495e+10
6.5495e+10
6.5495e+10
6.5495e+10
6.5495e+10
6.5495e+10
6.5495e+10
6.5495e+10
6.5495e+10
6.5495e+10
6.5495e+10
6.5495e+10
6.5495e+10
6.5495e+10
6.5495e+10
6.54647e+10
6.54681e+10
6.54713e+10
6.54746e+10
6.54778e+10
6.5481e+10
6.54842e+10
6.54873e+10
6.54904e+10
6.54935e+10
6.54256e+10
6.5433e+10
6.54403e+10
6.54475e+10
6.54547e+10
6.54617e+10
6.54688e+10
6.54757e+10
6.54826e+10
6.54894e+10
6.54211e+10
6.54285e+10
6.54358e+10
6.5443e+10
6.54502e+10
6.54573e+10
6.54644e+10
6.54713e+10
6.54782e+10
6.54851e+10
6.54167e+10
6.54241e+10
6.54314e+10
6.54387e+10
6.54458e+10
6.54529e+10
6.546e+10
6.5467e+10
6.54739e+10
6.54807e+10
6.54123e+10
6.54197e+10
6.5427e+10
6.54343e+10
6.54414e+10
6.54486e+10
6.54556e+10
6.54626e+10
6.54695e+10
6.54763e+10
6.54025e+10
6.54105e+10
6.54184e+10
6.54263e+10
6.5434e+10
6.54417e+10
6.54493e+10
6.54569e+10
6.54643e+10
6.54717e+10
6.53968e+10
6.54049e+10
6.5413e+10
6.5421e+10
6.54289e+10
6.54367e+10
6.54445e+10
6.54521e+10
6.54598e+10
6.54673e+10
6.53922e+10
6.54004e+10
6.54085e+10
6.54165e+10
6.54244e+10
6.54323e+10
6.544e+10
6.54477e+10
6.54554e+10
6.54629e+10
6.53878e+10
6.5396e+10
6.54041e+10
6.54121e+10
6.542e+10
6.54279e+10
6.54357e+10
6.54434e+10
6.5451e+10
6.54586e+10
6.53825e+10
6.53907e+10
6.53989e+10
6.5407e+10
6.5415e+10
6.54229e+10
6.54307e+10
6.54385e+10
6.54462e+10
6.54538e+10
6.53695e+10
6.53785e+10
6.53874e+10
6.53963e+10
6.5405e+10
6.54137e+10
6.54223e+10
6.54308e+10
6.54393e+10
6.54476e+10
6.53549e+10
6.53649e+10
6.53748e+10
6.53846e+10
6.53943e+10
6.54039e+10
6.54134e+10
6.54228e+10
6.54321e+10
6.54414e+10
6.53475e+10
6.53577e+10
6.53677e+10
6.53777e+10
6.53875e+10
6.53973e+10
6.5407e+10
6.54166e+10
6.5426e+10
6.54354e+10
6.53415e+10
6.53517e+10
6.53618e+10
6.53717e+10
6.53816e+10
6.53914e+10
6.54011e+10
6.54107e+10
6.54202e+10
6.54296e+10
6.53354e+10
6.53456e+10
6.53557e+10
6.53657e+10
6.53756e+10
6.53854e+10
6.53952e+10
6.54048e+10
6.54143e+10
6.54238e+10
6.53263e+10
6.53367e+10
6.53469e+10
6.53571e+10
6.53672e+10
6.53772e+10
6.53871e+10
6.53969e+10
6.54066e+10
6.54162e+10
6.52953e+10
6.53082e+10
6.53209e+10
6.53336e+10
6.53461e+10
6.53585e+10
6.53708e+10
6.5383e+10
6.5395e+10
6.54069e+10
6.52816e+10
6.52951e+10
6.53085e+10
6.53217e+10
6.53349e+10
6.53478e+10
6.53607e+10
6.53735e+10
6.53861e+10
6.53986e+10
6.52731e+10
6.52866e+10
6.53001e+10
6.53134e+10
6.53265e+10
6.53396e+10
6.53525e+10
6.53653e+10
6.5378e+10
6.53905e+10
6.52649e+10
6.52785e+10
6.52919e+10
6.53052e+10
6.53184e+10
6.53314e+10
6.53444e+10
6.53572e+10
6.53699e+10
6.53824e+10
6.5255e+10
6.52687e+10
6.52823e+10
6.52957e+10
6.5309e+10
6.53222e+10
6.53352e+10
6.53481e+10
6.53609e+10
6.53736e+10
6.5229e+10
6.52444e+10
6.52596e+10
6.52746e+10
6.52895e+10
6.53043e+10
6.53189e+10
6.53334e+10
6.53478e+10
6.5362e+10
6.51962e+10
6.52139e+10
6.52315e+10
6.52489e+10
6.52662e+10
6.52832e+10
6.53002e+10
6.53169e+10
6.53335e+10
6.535e+10
6.51815e+10
6.51997e+10
6.52177e+10
6.52355e+10
6.52531e+10
6.52706e+10
6.52879e+10
6.53051e+10
6.53221e+10
6.53389e+10
6.51703e+10
6.51885e+10
6.52065e+10
6.52244e+10
6.52421e+10
6.52596e+10
6.52769e+10
6.52941e+10
6.53111e+10
6.5328e+10
6.51583e+10
6.51767e+10
6.51948e+10
6.52128e+10
6.52305e+10
6.52482e+10
6.52656e+10
6.52829e+10
6.53001e+10
6.53171e+10
6.50854e+10
6.51054e+10
6.51253e+10
6.51449e+10
6.51644e+10
6.51837e+10
6.52028e+10
6.52217e+10
6.52405e+10
6.52591e+10
6.46289e+10
6.46909e+10
6.47522e+10
6.4813e+10
6.48733e+10
6.49331e+10
6.49923e+10
6.50511e+10
6.51093e+10
6.51671e+10
6.44148e+10
6.4492e+10
6.45686e+10
6.46446e+10
6.47199e+10
6.47946e+10
6.48687e+10
6.49421e+10
6.5015e+10
6.50873e+10
6.43296e+10
6.44082e+10
6.44862e+10
6.45635e+10
6.46401e+10
6.47161e+10
6.47915e+10
6.48663e+10
6.49405e+10
6.50141e+10
6.42596e+10
6.43379e+10
6.44156e+10
6.44926e+10
6.4569e+10
6.46448e+10
6.47199e+10
6.47944e+10
6.48683e+10
6.49416e+10
6.42229e+10
6.42978e+10
6.4372e+10
6.44456e+10
6.45186e+10
6.4591e+10
6.46628e+10
6.4734e+10
6.48046e+10
6.48746e+10
6.41313e+10
6.42099e+10
6.42879e+10
6.43652e+10
6.44419e+10
6.45179e+10
6.45933e+10
6.46681e+10
6.47423e+10
6.48159e+10
6.4009e+10
6.40947e+10
6.41797e+10
6.4264e+10
6.43476e+10
6.44306e+10
6.45128e+10
6.45944e+10
6.46754e+10
6.47557e+10
6.39185e+10
6.40078e+10
6.40965e+10
6.41844e+10
6.42715e+10
6.4358e+10
6.44438e+10
6.45289e+10
6.46133e+10
6.46971e+10
6.38617e+10
6.39511e+10
6.40397e+10
6.41275e+10
6.42147e+10
6.43012e+10
6.43869e+10
6.4472e+10
6.45564e+10
6.46402e+10
6.38063e+10
6.38954e+10
6.39839e+10
6.40716e+10
6.41586e+10
6.42449e+10
6.43305e+10
6.44155e+10
6.44998e+10
6.45834e+10
6.37623e+10
6.38497e+10
6.39363e+10
6.40222e+10
6.41074e+10
6.41919e+10
6.42757e+10
6.43588e+10
6.44413e+10
6.45232e+10
6.37154e+10
6.38011e+10
6.3886e+10
6.39702e+10
6.40538e+10
6.41367e+10
6.42189e+10
6.43004e+10
6.43813e+10
6.44616e+10
6.35851e+10
6.36781e+10
6.37703e+10
6.38618e+10
6.39526e+10
6.40426e+10
6.41319e+10
6.42205e+10
6.43085e+10
6.43957e+10
6.34698e+10
6.35685e+10
6.36664e+10
6.37636e+10
6.38599e+10
6.39555e+10
6.40504e+10
6.41445e+10
6.42379e+10
6.43306e+10
6.34078e+10
6.35065e+10
6.36044e+10
6.37015e+10
6.37978e+10
6.38933e+10
6.39882e+10
6.40822e+10
6.41756e+10
6.42683e+10
6.33468e+10
6.34452e+10
6.35429e+10
6.36397e+10
6.37358e+10
6.38311e+10
6.39257e+10
6.40195e+10
6.41126e+10
6.4205e+10
6.33391e+10
6.34312e+10
6.35226e+10
6.36131e+10
6.3703e+10
6.37921e+10
6.38806e+10
6.39683e+10
6.40553e+10
6.41417e+10
6.32131e+10
6.33116e+10
6.34094e+10
6.35064e+10
6.36026e+10
6.3698e+10
6.37927e+10
6.38866e+10
6.39799e+10
6.40724e+10
6.30918e+10
6.31963e+10
6.33e+10
6.34028e+10
6.35048e+10
6.36061e+10
6.37065e+10
6.38062e+10
6.39051e+10
6.40033e+10
6.30125e+10
6.31184e+10
6.32235e+10
6.33277e+10
6.34311e+10
6.35337e+10
6.36355e+10
6.37366e+10
6.38368e+10
6.39364e+10
6.29488e+10
6.30544e+10
6.31592e+10
6.32632e+10
6.33663e+10
6.34687e+10
6.35702e+10
6.3671e+10
6.3771e+10
6.38703e+10
6.29334e+10
6.30332e+10
6.31323e+10
6.32305e+10
6.3328e+10
6.34247e+10
6.35206e+10
6.36159e+10
6.37103e+10
6.38041e+10
6.28555e+10
6.29562e+10
6.30562e+10
6.31553e+10
6.32536e+10
6.33512e+10
6.34479e+10
6.3544e+10
6.36393e+10
6.37339e+10
6.27305e+10
6.28372e+10
6.2943e+10
6.3048e+10
6.31522e+10
6.32556e+10
6.33582e+10
6.346e+10
6.3561e+10
6.36613e+10
6.26158e+10
6.27274e+10
6.28381e+10
6.29479e+10
6.30568e+10
6.31649e+10
6.32722e+10
6.33787e+10
6.34844e+10
6.35893e+10
6.25457e+10
6.26573e+10
6.2768e+10
6.28779e+10
6.29868e+10
6.3095e+10
6.32023e+10
6.33089e+10
6.34146e+10
6.35196e+10
6.24777e+10
6.25891e+10
6.26995e+10
6.28092e+10
6.29179e+10
6.30258e+10
6.31329e+10
6.32392e+10
6.33447e+10
6.34495e+10
6.24309e+10
6.25396e+10
6.26474e+10
6.27544e+10
6.28605e+10
6.29658e+10
6.30703e+10
6.3174e+10
6.32769e+10
6.33791e+10
6.23979e+10
6.25024e+10
6.26061e+10
6.27089e+10
6.28109e+10
6.29122e+10
6.30126e+10
6.31123e+10
6.32113e+10
6.33095e+10
6.22939e+10
6.24019e+10
6.2509e+10
6.26153e+10
6.27208e+10
6.28254e+10
6.29293e+10
6.30324e+10
6.31346e+10
6.32362e+10
6.21566e+10
6.22717e+10
6.23859e+10
6.24992e+10
6.26116e+10
6.27232e+10
6.28339e+10
6.29438e+10
6.30529e+10
6.31612e+10
6.20851e+10
6.22002e+10
6.23144e+10
6.24277e+10
6.25401e+10
6.26516e+10
6.27624e+10
6.28723e+10
6.29813e+10
6.30896e+10
6.20155e+10
6.21303e+10
6.22442e+10
6.23573e+10
6.24694e+10
6.25807e+10
6.26912e+10
6.28008e+10
6.29096e+10
6.30177e+10
6.20173e+10
6.21241e+10
6.22301e+10
6.23352e+10
6.24395e+10
6.2543e+10
6.26457e+10
6.27476e+10
6.28488e+10
6.29492e+10
6.19271e+10
6.20358e+10
6.21437e+10
6.22508e+10
6.2357e+10
6.24624e+10
6.2567e+10
6.26708e+10
6.27738e+10
6.2876e+10
6.17976e+10
6.19125e+10
6.20266e+10
6.21397e+10
6.2252e+10
6.23634e+10
6.2474e+10
6.25838e+10
6.26927e+10
6.28009e+10
6.17093e+10
6.18259e+10
6.19417e+10
6.20566e+10
6.21706e+10
6.22837e+10
6.23959e+10
6.25074e+10
6.2618e+10
6.27278e+10
6.16404e+10
6.17568e+10
6.18722e+10
6.19867e+10
6.21004e+10
6.22131e+10
6.23251e+10
6.24362e+10
6.25465e+10
6.2656e+10
6.16299e+10
6.17397e+10
6.18486e+10
6.19566e+10
6.20638e+10
6.21702e+10
6.22757e+10
6.23805e+10
6.24844e+10
6.25876e+10
6.1585e+10
6.16919e+10
6.17979e+10
6.19031e+10
6.20075e+10
6.21111e+10
6.22138e+10
6.23158e+10
6.24171e+10
6.25175e+10
6.14781e+10
6.15888e+10
6.16986e+10
6.18076e+10
6.19158e+10
6.20231e+10
6.21296e+10
6.22353e+10
6.23401e+10
6.24443e+10
6.1358e+10
6.1474e+10
6.15891e+10
6.17032e+10
6.18165e+10
6.1929e+10
6.20405e+10
6.21513e+10
6.22612e+10
6.23704e+10
6.1286e+10
6.1402e+10
6.15172e+10
6.16314e+10
6.17447e+10
6.18572e+10
6.19689e+10
6.20797e+10
6.21897e+10
6.22989e+10
6.12184e+10
6.13342e+10
6.1449e+10
6.1563e+10
6.16761e+10
6.17884e+10
6.18998e+10
6.20103e+10
6.21201e+10
6.2229e+10
6.11745e+10
6.12875e+10
6.13996e+10
6.15109e+10
6.16212e+10
6.17308e+10
6.18395e+10
6.19474e+10
6.20545e+10
6.21608e+10
6.11594e+10
6.12666e+10
6.13729e+10
6.14783e+10
6.15829e+10
6.16867e+10
6.17897e+10
6.18919e+10
6.19934e+10
6.2094e+10
6.10969e+10
6.12033e+10
6.13088e+10
6.14135e+10
6.15174e+10
6.16205e+10
6.17227e+10
6.18242e+10
6.19249e+10
6.20249e+10
6.09609e+10
6.10745e+10
6.11871e+10
6.12989e+10
6.14098e+10
6.15199e+10
6.16291e+10
6.17376e+10
6.18452e+10
6.1952e+10
6.08928e+10
6.10063e+10
6.11189e+10
6.12306e+10
6.13415e+10
6.14515e+10
6.15607e+10
6.1669e+10
6.17765e+10
6.18833e+10
6.08283e+10
6.09416e+10
6.1054e+10
6.11656e+10
6.12762e+10
6.1386e+10
6.1495e+10
6.16032e+10
6.17105e+10
6.18171e+10
6.08362e+10
6.09415e+10
6.1046e+10
6.11496e+10
6.12524e+10
6.13543e+10
6.14555e+10
6.1556e+10
6.16556e+10
6.17546e+10
6.07955e+10
6.0898e+10
6.09997e+10
6.11006e+10
6.12007e+10
6.13e+10
6.13985e+10
6.14963e+10
6.15933e+10
6.16896e+10
6.06835e+10
6.0791e+10
6.08976e+10
6.10034e+10
6.11083e+10
6.12124e+10
6.13157e+10
6.14182e+10
6.152e+10
6.16209e+10
6.06011e+10
6.07103e+10
6.08186e+10
6.09261e+10
6.10328e+10
6.11386e+10
6.12436e+10
6.13478e+10
6.14512e+10
6.15538e+10
6.05411e+10
6.065e+10
6.0758e+10
6.08652e+10
6.09715e+10
6.1077e+10
6.11817e+10
6.12856e+10
6.13887e+10
6.1491e+10
6.05353e+10
6.06381e+10
6.07401e+10
6.08413e+10
6.09417e+10
6.10413e+10
6.11401e+10
6.12382e+10
6.13355e+10
6.1432e+10
6.05233e+10
6.06207e+10
6.07174e+10
6.08133e+10
6.09084e+10
6.10027e+10
6.10963e+10
6.11892e+10
6.12813e+10
6.13727e+10
6.04534e+10
6.05517e+10
6.06492e+10
6.0746e+10
6.08419e+10
6.09371e+10
6.10315e+10
6.11252e+10
6.12182e+10
6.13105e+10
6.03482e+10
6.04513e+10
6.05534e+10
6.06548e+10
6.07553e+10
6.08551e+10
6.09541e+10
6.10523e+10
6.11497e+10
6.12465e+10
6.02875e+10
6.03905e+10
6.04927e+10
6.05941e+10
6.06947e+10
6.07945e+10
6.08935e+10
6.09917e+10
6.10892e+10
6.1186e+10
6.02328e+10
6.03356e+10
6.04377e+10
6.05389e+10
6.06393e+10
6.07389e+10
6.08377e+10
6.09358e+10
6.10331e+10
6.11297e+10
6.01974e+10
6.0298e+10
6.03978e+10
6.04967e+10
6.05949e+10
6.06923e+10
6.0789e+10
6.08848e+10
6.098e+10
6.10744e+10
6.01974e+10
6.02919e+10
6.03856e+10
6.04786e+10
6.05708e+10
6.06623e+10
6.0753e+10
6.0843e+10
6.09323e+10
6.1021e+10
6.0188e+10
6.02775e+10
6.03661e+10
6.04541e+10
6.05413e+10
6.06278e+10
6.07136e+10
6.07988e+10
6.08832e+10
6.0967e+10
6.00778e+10
6.0173e+10
6.02675e+10
6.03612e+10
6.04542e+10
6.05464e+10
6.06378e+10
6.07286e+10
6.08186e+10
6.09079e+10
6.0026e+10
6.01213e+10
6.02158e+10
6.03094e+10
6.04024e+10
6.04945e+10
6.0586e+10
6.06767e+10
6.07667e+10
6.0856e+10
5.99768e+10
6.00719e+10
6.01662e+10
6.02598e+10
6.03526e+10
6.04446e+10
6.05359e+10
6.06265e+10
6.07164e+10
6.08056e+10
5.99857e+10
6.00744e+10
6.01623e+10
6.02495e+10
6.0336e+10
6.04218e+10
6.05069e+10
6.05914e+10
6.06751e+10
6.07582e+10
5.99942e+10
6.00765e+10
6.01581e+10
6.0239e+10
6.03193e+10
6.03989e+10
6.04778e+10
6.05561e+10
6.06337e+10
6.07107e+10
5.99174e+10
6.00026e+10
6.0087e+10
6.01708e+10
6.02538e+10
6.03361e+10
6.04178e+10
6.04989e+10
6.05792e+10
6.0659e+10
5.98559e+10
5.99424e+10
6.00282e+10
6.01133e+10
6.01977e+10
6.02814e+10
6.03644e+10
6.04467e+10
6.05284e+10
6.06094e+10
5.98129e+10
5.98993e+10
5.99849e+10
6.00699e+10
6.01541e+10
6.02376e+10
6.03205e+10
6.04027e+10
6.04842e+10
6.05651e+10
5.98104e+10
5.98923e+10
5.99734e+10
6.00539e+10
6.01337e+10
6.02128e+10
6.02913e+10
6.03691e+10
6.04463e+10
6.05229e+10
5.98249e+10
5.99004e+10
5.99752e+10
6.00494e+10
6.01229e+10
6.01958e+10
6.02681e+10
6.03399e+10
6.0411e+10
6.04815e+10
5.97936e+10
5.98677e+10
5.99411e+10
6.00138e+10
6.0086e+10
6.01576e+10
6.02285e+10
6.02989e+10
6.03687e+10
6.04379e+10
5.97203e+10
5.97975e+10
5.9874e+10
5.99499e+10
6.00251e+10
6.00997e+10
6.01737e+10
6.02471e+10
6.03199e+10
6.03921e+10
5.96774e+10
5.97546e+10
5.98312e+10
5.99071e+10
5.99824e+10
6.0057e+10
6.0131e+10
6.02045e+10
6.02773e+10
6.03495e+10
5.96363e+10
5.97135e+10
5.979e+10
5.98658e+10
5.9941e+10
6.00155e+10
6.00894e+10
6.01628e+10
6.02355e+10
6.03076e+10
5.9609e+10
5.96845e+10
5.97595e+10
5.98337e+10
5.99074e+10
5.99804e+10
6.00528e+10
6.01246e+10
6.01958e+10
6.02665e+10
5.96086e+10
5.96796e+10
5.97501e+10
5.98199e+10
5.98891e+10
5.99578e+10
6.00258e+10
6.00933e+10
6.01603e+10
6.02267e+10
5.9604e+10
5.9671e+10
5.97374e+10
5.98032e+10
5.98685e+10
5.99332e+10
5.99974e+10
6.0061e+10
6.01241e+10
6.01866e+10
5.95271e+10
5.95979e+10
5.96681e+10
5.97377e+10
5.98067e+10
5.9875e+10
5.99429e+10
6.00101e+10
6.00768e+10
6.0143e+10
5.9485e+10
5.95559e+10
5.96261e+10
5.96957e+10
5.97647e+10
5.98331e+10
5.99009e+10
5.99682e+10
6.00349e+10
6.01011e+10
5.94446e+10
5.95152e+10
5.95853e+10
5.96548e+10
5.97236e+10
5.97919e+10
5.98596e+10
5.99267e+10
5.99932e+10
6.00592e+10
5.98258e+10
5.98527e+10
5.98793e+10
5.99056e+10
5.99317e+10
5.99576e+10
5.99832e+10
6.00086e+10
6.00337e+10
6.00586e+10
6.00709e+10
6.00709e+10
6.00709e+10
6.00709e+10
6.00709e+10
6.00709e+10
6.0071e+10
6.0071e+10
6.0071e+10
6.0071e+10
)
;

boundaryField
{
    fuelBottom
    {
        type            empty;
    }
    fuelTop_1
    {
        type            empty;
    }
    fuelOuter
    {
        type            zeroGradient;
    }
    fuelTop
    {
        type            empty;
    }
    fuelInner
    {
        type            zeroGradient;
    }
    cladBottom
    {
        type            empty;
    }
    cladInner
    {
        type            zeroGradient;
    }
    cladOuter
    {
        type            zeroGradient;
    }
    cladTop
    {
        type            empty;
    }
    front
    {
        type            wedge;
    }
    back
    {
        type            wedge;
    }
}


// ************************************************************************* //
