/*--------------------------------*- C++ -*----------------------------------*\
| =========                 |                                                 |
| \\      /  F ield         | OpenFOAM: The Open Source CFD Toolbox           |
|  \\    /   O peration     | Version:  2412                                  |
|   \\  /    A nd           | Website:  www.openfoam.com                      |
|    \\/     M anipulation  |                                                 |
\*---------------------------------------------------------------------------*/
FoamFile
{
    version     2.0;
    format      ascii;
    arch        "LSB;label=32;scalar=64";
    class       volScalarField;
    location    "25888284.641197/fuelBehaviourRegion";
    object      rho;
}
// * * * * * * * * * * * * * * * * * * * * * * * * * * * * * * * * * * * * * //

dimensions      [1 -3 0 0 0 0 0];

internalField   nonuniform List<scalar> 
4720
(
10457.2
10457.2
10457.2
10457.2
10457.2
10457.2
10457.2
10457.2
10457.2
10457.2
10457.2
10457.2
10457.2
10457.2
10457.2
10457.2
10457.2
10457.2
10457.2
10457.2
10457.2
10457.2
10457.2
10457.2
10457.2
10457.2
10457.2
10457.2
10457.2
10457.2
10457.2
10457.2
10457.2
10457.2
10457.2
10457.2
10457.2
10457.2
10457.2
10457.2
10457.2
10457.2
10457.2
10457.2
10457.2
10457.2
10457.2
10457.2
10457.2
10457.2
10457.2
10457.2
10457.2
10457.2
10457.2
10457.2
10457.2
10457.2
10457.2
10457.2
10457.2
10457.2
10457.2
10457.2
10457.2
10457.2
10457.2
10457.2
10457.2
10457.2
10457.2
10457.2
10457.2
10457.2
10457.2
10457.2
10457.2
10457.2
10457.2
10457.2
10457.2
10457.2
10457.2
10457.2
10457.2
10457.2
10457.2
10457.2
10457.2
10457.2
10457.2
10457.2
10457.2
10457.2
10457.2
10457.2
10457.2
10457.2
10457.2
10457.2
10457.2
10457.2
10457.2
10457.2
10457.2
10457.2
10457.2
10457.2
10457.2
10457.2
10457.2
10457.2
10457.2
10457.2
10457.2
10457.2
10457.2
10457.2
10457.2
10457.2
10457.2
10457.2
10457.2
10457.2
10457.2
10457.2
10457.2
10457.2
10457.2
10457.2
10457.2
10457.2
10457.2
10457.2
10457.2
10457.2
10457.2
10457.2
10457.2
10457.2
10457.2
10457.2
10457.2
10457.2
10457.2
10457.2
10457.2
10457.2
10457.2
10457.2
10457.2
10457.2
10457.2
10457.2
10457.2
10457.2
10457.2
10457.2
10457.2
10457.2
10457.2
10457.2
10457.2
10457.2
10457.2
10457.2
10457.2
10457.2
10457.2
10457.2
10457.2
10457.2
10457.2
10457.2
10457.2
10457.2
10457.2
10457.2
10457.2
10457.2
10457.2
10457.2
10457.2
10457.2
10457.2
10457.2
10457.2
10457.2
10457.2
10457.2
10457.2
10457.2
10457.2
10457.2
10457.2
10457.2
10457.2
10457.2
10457.2
10457.2
10457.2
10457.2
10457.2
10457.2
10457.2
10457.2
10457.2
10457.2
10457.2
10457.2
10457.2
10457.2
10457.2
10457.2
10457.2
10457.2
10457.2
10457.2
10457.2
10457.2
10457.2
10457.2
10457.2
10457.2
10457.2
10457.2
10457.2
10457.2
10457.2
10457.2
10457.2
10457.2
10457.2
10457.2
10457.2
10457.2
10457.2
10457.2
10457.2
10457.2
10457.2
10457.2
10457.2
10457.2
10457.2
10457.2
10457.2
10457.2
10457.2
10457.2
10457.2
10457.2
10457.2
10457.2
10457.2
10457.2
10457.2
10457.2
10457.2
10457.2
10457.2
10457.2
10457.2
10457.2
10457.2
10457.2
10457.2
10457.2
10457.2
10457.2
10457.2
10457.2
10457.2
10457.2
10457.2
10457.2
10457.2
10457.2
10457.2
10457.2
10457.2
10457.2
10457.2
10457.2
10457.2
10457.2
10457.2
10457.2
10457.2
10457.2
10457.2
10457.2
10457.2
10457.2
10457.2
10457.2
10457.2
10457.2
10457.2
10457.2
10457.2
10457.2
10457.2
10457.2
10457.2
10457.2
10457.2
10457.2
10457.2
10457.2
10457.2
10457.2
10457.2
10457.2
10457.2
10457.2
10457.2
10457.2
10457.2
10457.2
10457.2
10457.2
10457.2
10457.2
10457.2
10457.2
10457.2
10457.2
10457.2
10457.2
10457.2
10457.2
10457.2
10457.2
10457.2
10457.2
10457.2
10457.2
10457.2
10457.2
10457.2
10457.2
10457.2
10457.2
10457.2
10457.2
10457.2
10457.2
10457.2
10457.2
10457.2
10457.2
10457.2
10457.2
10457.2
10457.2
10457.2
10457.2
10457.2
10457.2
10457.2
10457.2
10457.2
10457.2
10457.2
10457.2
10457.2
10457.2
10457.2
10457.2
10457.2
10457.2
10457.2
10457.2
10457.2
10457.2
10457.2
10457.2
10457.2
10457.2
10457.2
10457.2
10457.2
10457.2
10457.2
10457.2
10457.2
10457.2
10457.2
10457.2
10457.2
10457.2
10457.2
10457.2
10457.2
10457.2
10457.2
10457.2
10457.2
10457.2
10457.2
10457.2
10457.2
10457.2
10457.2
10457.2
10457.2
10457.2
10457.2
10457.2
10457.2
10457.2
10457.2
10457.2
10457.2
10457.2
10457.2
10457.2
10457.2
10457.2
10457.2
10457.2
10457.2
10457.2
10457.2
10457.2
10457.2
10457.2
10457.2
10457.2
10457.2
10457.2
10457.2
10457.2
10457.2
10457.2
10457.2
10457.2
10457.2
10457.2
10457.2
10457.2
10457.2
10457.2
10457.2
10457.2
10457.2
10457.2
10457.2
10457.2
10457.2
10457.2
10457.2
10457.2
10457.2
10457.2
10457.2
10457.2
10457.2
10457.2
10457.2
10457.2
10457.2
10457.2
10457.2
10457.2
10457.2
10457.2
10457.2
10457.2
10457.2
10457.2
10457.2
10457.2
10457.2
10457.2
10457.2
10457.2
10457.2
10457.2
10457.2
10457.2
10457.2
10457.2
10457.2
10457.2
10457.2
10457.2
10457.2
10457.2
10457.2
10457.2
10457.2
10457.2
10457.2
10457.2
10457.2
10457.2
10457.2
10457.2
10457.2
10457.2
10457.2
10457.2
10457.2
10457.2
10457.2
10457.2
10457.2
10457.2
10457.2
10457.2
10457.2
10457.2
10457.2
10457.2
10457.2
10457.2
10457.2
10457.2
10457.2
10457.2
10457.2
10457.2
10457.2
10457.2
10457.2
10457.2
10457.2
10457.2
10457.2
10457.2
10457.2
10457.2
10457.2
10457.2
10457.2
10457.2
10457.2
10457.2
10457.2
10457.2
10457.2
10457.2
10457.2
10457.2
10457.2
10457.2
10457.2
10457.2
10457.2
10457.2
10457.2
10457.2
10457.2
10457.2
10457.2
10457.2
10457.2
10457.2
10457.2
10457.2
10457.2
10457.2
10457.2
10457.2
10457.2
10457.2
10457.2
10457.2
10457.2
10457.2
10457.2
10457.2
10457.2
10457.2
10457.2
10457.2
10457.2
10457.2
10457.2
10457.2
10457.2
10457.2
10457.2
10457.2
10457.2
10457.2
10457.2
10457.2
10457.2
10457.2
10457.2
10457.2
10457.2
10457.2
10457.2
10457.2
10457.2
10457.2
10457.2
10457.2
10457.2
10457.2
10457.2
10457.2
10457.2
10457.2
10457.2
10457.2
10457.2
10457.2
10457.2
10457.2
10457.2
10457.2
10457.2
10457.2
10457.2
10457.2
10457.2
10457.2
10457.2
10457.2
10457.2
10457.2
10457.2
10457.2
10457.2
10457.2
10457.2
10457.2
10457.2
10457.2
10457.2
10457.2
10457.2
10457.2
10457.2
10457.2
10457.2
10457.2
10457.2
10457.2
10457.2
10457.2
10457.2
10457.2
10457.2
10457.2
10457.2
10457.2
10457.2
10457.2
10457.2
10457.2
10457.2
10457.2
10457.2
10457.2
10457.2
10457.2
10457.2
10457.2
10457.2
10457.2
10457.2
10457.2
10457.2
10457.2
10457.2
10457.2
10457.2
10457.2
10457.2
10457.2
10457.2
10457.2
10457.2
10457.2
10457.2
10457.2
10457.2
10457.2
10457.2
10457.2
10457.2
10457.2
10457.2
10457.2
10457.2
10457.2
10457.2
10457.2
10457.2
10457.2
10457.2
10457.2
10457.2
10457.2
10457.2
10457.2
10457.2
10457.2
10457.2
10457.2
10457.2
10457.2
10457.2
10457.2
10457.2
10457.2
10457.2
10457.2
10457.2
10457.2
10457.2
10457.2
10457.2
10457.2
10457.2
10457.2
10457.2
10457.2
10457.2
10457.2
10457.2
10457.2
10457.2
10457.2
10457.2
10457.2
10457.2
10457.2
10457.2
10457.2
10457.2
10457.2
10457.2
10457.2
10457.2
10457.2
10457.2
10457.2
10457.2
10457.2
10457.2
10457.2
10457.2
10457.2
10457.2
10457.2
10457.2
10457.2
10457.2
10457.2
10457.2
10457.2
10457.2
10457.2
10457.2
10457.2
10457.2
10457.2
10457.2
10457.2
10457.2
10457.2
10457.2
10457.2
10457.2
10457.2
10457.2
10457.2
10457.2
10457.2
10457.2
10457.2
10457.2
10457.2
10457.2
10457.2
10457.2
10457.2
10457.2
10457.2
10457.2
10457.2
10457.2
10457.2
10457.2
10457.2
10457.2
10457.2
10457.2
10457.2
10457.2
10457.2
10457.2
10457.2
10457.2
10457.2
10457.2
10457.2
10457.2
10457.2
10457.2
10457.2
10457.2
10457.2
10457.2
10457.2
10457.2
10457.2
10457.2
10457.2
10457.2
10457.2
10457.2
10457.2
10457.2
10457.2
10457.2
10457.2
10457.2
10457.2
10457.2
10457.2
10457.2
10457.2
10457.2
10457.2
10457.2
10457.2
10457.2
10457.2
10457.2
10457.2
10457.2
10457.2
10457.2
10457.2
10457.2
10457.2
10457.2
10457.2
10457.2
10457.2
10457.2
10457.2
10457.2
10457.2
10457.2
10457.2
10457.2
10457.2
10457.2
10457.2
10457.2
10457.2
10457.2
10457.2
10457.2
10457.2
10457.2
10457.2
10457.2
10457.2
10457.2
10457.2
10457.2
10457.2
10457.2
10457.2
10457.2
10457.2
10457.2
10457.2
10457.2
10457.2
10457.2
10457.2
10457.2
10457.2
10457.2
10457.2
10457.2
10457.2
10457.2
10457.2
10457.2
10457.2
10457.2
10457.2
10457.2
10457.2
10457.2
10457.2
10457.2
10457.2
10488.5
10494.7
10505.7
10518.4
10530.8
10541.3
10549.3
10554.7
10557.4
10558.1
10557.1
10555.2
10552.8
10550.4
10548.2
10546.4
10545
10544
10543.3
10542.8
10542.6
10542.4
10542.3
10542.3
10542.3
10542.3
10542.2
10542.2
10542.2
10542.2
10467.9
10477.5
10493.7
10512
10529.1
10543.3
10553.6
10560.1
10563.1
10563.3
10561.6
10558.7
10555.3
10552
10549.1
10546.9
10545.2
10544
10543.3
10542.8
10542.5
10542.4
10542.3
10542.3
10542.3
10542.3
10542.2
10542.2
10542.2
10542.2
10471.4
10480.5
10496.1
10513.5
10530
10543.6
10553.5
10559.7
10562.5
10562.7
10560.9
10558.1
10554.8
10551.6
10548.9
10546.7
10545.1
10543.9
10543.2
10542.8
10542.5
10542.4
10542.3
10542.3
10542.3
10542.3
10542.2
10542.2
10542.2
10542.2
10468.1
10477.7
10494
10512.3
10529.4
10543.6
10554
10560.5
10563.4
10563.6
10561.8
10558.8
10555.4
10552.1
10549.2
10546.9
10545.2
10544
10543.3
10542.8
10542.5
10542.4
10542.3
10542.3
10542.3
10542.3
10542.2
10542.2
10542.2
10542.2
10489.5
10496.1
10507.8
10520.9
10533.5
10543.9
10551.4
10556.1
10558.1
10558
10556.5
10554.2
10551.6
10549.2
10547.1
10545.5
10544.3
10543.5
10542.9
10542.6
10542.4
10542.3
10542.3
10542.3
10542.3
10542.2
10542.2
10542.2
10542.2
10542.2
9911.84
10098.3
10289.4
10437
10538.4
10603.4
10642.1
10661.9
10667.7
10663.1
10650.9
10633.8
10614.5
10595.7
10579.2
10566.2
10556.8
10550.6
10546.7
10544.5
10543.3
10542.7
10542.5
10542.3
10542.3
10542.3
10542.2
10542.2
10542.2
10542.2
9728.63
9999.45
10251.7
10433.1
10550.5
10622.4
10663.8
10684.5
10690.2
10684.8
10671.1
10651.8
10629.6
10607.5
10587.8
10572
10560.4
10552.7
10547.9
10545.1
10543.6
10542.9
10542.5
10542.4
10542.3
10542.3
10542.3
10542.2
10542.2
10542.2
9718.87
9994.9
10250.6
10433.7
10551.7
10623.8
10665.3
10685.9
10691.6
10686.1
10672.3
10652.8
10630.5
10608.2
10588.3
10572.3
10560.6
10552.8
10547.9
10545.1
10543.6
10542.9
10542.5
10542.4
10542.3
10542.3
10542.3
10542.2
10542.2
10542.2
9688.07
9979.23
10245.2
10433.5
10553.8
10626.9
10668.7
10689.4
10695.1
10689.5
10675.5
10655.7
10633
10610.2
10589.7
10573.3
10561.3
10553.2
10548.2
10545.3
10543.7
10542.9
10542.5
10542.4
10542.3
10542.3
10542.3
10542.2
10542.2
10542.2
9661.4
9966.09
10241
10433.8
10556
10629.7
10671.8
10692.6
10698.2
10692.6
10678.5
10658.4
10635.3
10612.1
10591.2
10574.3
10561.9
10553.6
10548.4
10545.4
10543.8
10542.9
10542.5
10542.4
10542.3
10542.3
10542.3
10542.2
10542.2
10542.2
9871.33
10079.3
10284.9
10440.1
10544.8
10610.8
10649.6
10668.9
10674.2
10668.8
10655.7
10637.6
10617.4
10597.6
10580.4
10566.8
10557.1
10550.7
10546.8
10544.5
10543.3
10542.7
10542.5
10542.3
10542.3
10542.3
10542.2
10542.2
10542.2
10542.2
6341.59
9021.28
10374.7
10754.6
10855.1
10893
10908.7
10912.4
10907.6
10895
10874.2
10844.2
10804.5
10756.1
10703.3
10652.7
10611.1
10581.4
10562.7
10552.1
10546.7
10544.1
10543
10542.5
10542.3
10542.3
10542.3
10542.2
10542.2
10542.2
5827.07
8880.33
10419.4
10801.2
10886.5
10917.3
10929.9
10932.4
10927.6
10915.9
10896.7
10868.7
10830.6
10782.5
10727.5
10672.4
10624.9
10590
10567.4
10554.5
10547.8
10544.6
10543.2
10542.6
10542.4
10542.3
10542.3
10542.2
10542.2
10542.2
5768.42
8869.6
10428.8
10808.2
10890.9
10920.7
10932.8
10935.1
10930.3
10918.8
10899.8
10872.1
10834.3
10786.3
10731.1
10675.4
10627.1
10591.3
10568.2
10554.9
10548
10544.7
10543.2
10542.6
10542.4
10542.3
10542.3
10542.2
10542.2
10542.2
5709.38
8857.83
10437.6
10815
10895.3
10924.1
10935.7
10937.9
10933.1
10921.8
10903.1
10875.7
10838.3
10790.6
10735.2
10678.9
10629.7
10593
10569.1
10555.4
10548.2
10544.8
10543.3
10542.6
10542.4
10542.3
10542.3
10542.2
10542.2
10542.2
6141.43
8994.03
10410.6
10781.1
10872
10905.7
10919.4
10922.2
10917.1
10904.6
10884.1
10854.4
10814.8
10765.9
10711.6
10659
10615.2
10583.7
10563.9
10552.7
10546.9
10544.2
10543
10542.5
10542.3
10542.3
10542.3
10542.2
10542.2
10542.2
3718.49
8051.21
10531.6
10975
11002.4
11008.8
11011
11010.5
11007.9
11002.7
10994.1
10980.5
10959.5
10927.3
10879.6
10814.3
10737
10663.3
10607.9
10573.9
10556.1
10547.8
10544.3
10543
10542.5
10542.3
10542.3
10542.3
10542.2
10542.2
3420.01
7814.68
10481.3
10983.4
11010.1
11015.2
11016.9
11016.6
11014.5
11010.4
11003.6
10992.7
10975.7
10949
10908
10848.5
10772
10691.8
10626.2
10583.7
10560.7
10549.7
10545
10543.2
10542.6
10542.3
10542.3
10542.3
10542.2
10542.2
3405.28
7806.3
10481.5
10985
11011.2
11016.1
11017.7
11017.4
11015.4
11011.4
11004.8
10994.3
10977.8
10951.8
10911.8
10853.3
10777.1
10696
10629.1
10585.3
10561.4
10550
10545.2
10543.3
10542.6
10542.3
10542.3
10542.3
10542.2
10542.2
3405.56
7811.67
10485.6
10986.6
11012.1
11016.9
11018.5
11018.1
11016.2
11012.4
11006
10995.8
10979.8
10954.6
10915.5
10858
10782.4
10700.7
10632.3
10587.1
10562.2
10550.4
10545.3
10543.3
10542.6
10542.3
10542.3
10542.3
10542.2
10542.2
3706.4
8062.18
10544.3
10980.7
11005.8
11011.5
11013.3
11012.9
11010.3
11005.4
10997.3
10984.4
10964.4
10933.4
10887.1
10822.5
10744.6
10668.8
10611.1
10575.5
10556.7
10548.1
10544.4
10543
10542.5
10542.3
10542.3
10542.3
10542.2
10542.2
2794.55
7256.38
10340.2
11002.5
11029.1
11030.9
11031.4
11031.2
11030.4
11028.8
11026
11021.5
11014
11001.4
10979.9
10943.1
10883
10796.3
10700.1
10623.6
10578.3
10556.4
10547.3
10543.9
10542.8
10542.4
10542.3
10542.3
10542.2
10542.2
2538.11
6963.99
10232.9
10998.2
11031.3
11032.7
11033.2
11033.1
11032.5
11031.3
11029.2
11025.8
11020.2
11010.7
10994.3
10965.6
10916.4
10839
10740.3
10650.5
10592.1
10562.3
10549.5
10544.7
10543
10542.5
10542.3
10542.3
10542.2
10542.2
2566.7
7000.1
10248
10999.7
11031.6
11033
11033.4
11033.3
11032.7
11031.5
11029.5
11026.3
11020.8
11011.6
10995.7
10967.7
10919.6
10843.2
10744.4
10653.4
10593.6
10563
10549.8
10544.8
10543
10542.5
10542.3
10542.3
10542.2
10542.2
2545.03
6974.84
10238.5
10999.3
11031.8
11033.1
11033.6
11033.5
11032.9
11031.8
11029.9
11026.7
11021.5
11012.6
10997.2
10970.1
10923.2
10848.2
10749.7
10657.2
10595.6
10563.9
10550.1
10544.9
10543.1
10542.5
10542.3
10542.3
10542.2
10542.2
2566.38
7002.08
10249.9
11000.6
11032.1
11033.4
11033.8
11033.7
11033.1
11032
11030.2
11027.2
11022.1
11013.6
10998.7
10972.6
10927.1
10853.6
10755.5
10661.4
10597.9
10564.9
10550.5
10545
10543.1
10542.5
10542.3
10542.3
10542.2
10542.2
2768.2
7234.88
10336.5
11004.8
11030.9
11032.3
11032.8
11032.6
11031.9
11030.6
11028.3
11024.5
11018.3
11007.7
10989.4
10957.6
10904
10822.1
10723.1
10638.4
10585.6
10559.5
10548.4
10544.3
10542.9
10542.4
10542.3
10542.3
10542.2
10542.2
2293.73
6675.02
10122.3
10995.4
11035.4
11036.1
11036.3
11036.2
11035.9
11035.4
11034.4
11032.7
11029.8
11024.9
11016
10999.5
10968.5
10911.9
10820
10709.5
10622.6
10574.7
10553.8
10545.9
10543.3
10542.5
10542.3
10542.3
10542.2
10542.2
2083.47
6392.33
9996.18
10984.9
11036
11036.6
11036.8
11036.8
11036.6
11036.1
11035.3
11034.1
11031.9
11028
11021.2
11008.3
10983.9
10937.8
10857.2
10746.3
10646.1
10585.7
10558
10547.4
10543.8
10542.7
10542.3
10542.3
10542.3
10542.2
2103.39
6420.62
10009.6
10986.4
11036.1
11036.7
11036.9
11036.9
11036.7
11036.2
11035.5
11034.2
11032.1
11028.4
11021.8
11009.4
10985.7
10940.9
10861.8
10751.1
10649.3
10587.2
10558.6
10547.6
10543.8
10542.7
10542.4
10542.3
10542.3
10542.2
2145.61
6479.73
10037.1
10989.1
11036.2
11036.8
11037
11037
11036.7
11036.3
11035.6
11034.4
11032.4
11028.9
11022.5
11010.6
10987.8
10944.4
10867.2
10757
10653.4
10589.2
10559.4
10547.8
10543.9
10542.7
10542.4
10542.3
10542.3
10542.2
2325.82
6718.95
10142.3
10997.7
11035.8
11036.5
11036.6
11036.6
11036.3
11035.8
11034.9
11033.5
11031
11026.7
11018.8
11004.2
10976.6
10925
10838
10726.1
10632.6
10579.2
10555.4
10546.5
10543.5
10542.6
10542.3
10542.3
10542.2
10542.2
2074.93
6385.16
9995.06
10986.2
11036.9
11037.4
11037.5
11037.5
11037.3
11037
11036.4
11035.5
11033.9
11031.1
11026
11016.2
10997.1
10959.2
10888.2
10778
10665.9
10594.1
10560.8
10548.2
10544
10542.7
10542.4
10542.3
10542.3
10542.2
1875.71
6096.85
9855.39
10972.4
11037.2
11037.7
11037.8
11037.8
11037.7
11037.4
11037
11036.3
11035.1
11032.9
11029
11021.6
11006.9
10977.4
10919.4
10819.6
10699.6
10611.8
10567.9
10550.6
10544.7
10542.9
10542.4
10542.3
10542.3
10542.2
1862.57
6077.18
9845.53
10971.4
11037.2
11037.7
11037.8
11037.8
11037.7
11037.5
11037.1
11036.4
11035.2
11033.1
11029.4
11022.2
11008.1
10979.6
10923.3
10825.2
10704.5
10614.4
10569
10550.9
10544.8
10542.9
10542.4
10542.3
10542.3
10542.2
1891.57
6121.16
9867.89
10973.9
11037.3
11037.8
11037.9
11037.9
11037.7
11037.5
11037.1
11036.5
11035.3
11033.4
11029.7
11022.8
11009.2
10981.7
10927.2
10830.8
10709.6
10617.3
10570.2
10551.4
10544.9
10543
10542.4
10542.3
10542.3
10542.2
2100.35
6421.57
10012.5
10988.1
11037.1
11037.5
11037.6
11037.6
11037.5
11037.2
11036.7
11035.8
11034.4
11031.9
11027.3
11018.4
11001.1
10966.4
10900.2
10792.9
10677.1
10599.7
10563
10548.9
10544.2
10542.8
10542.4
10542.3
10542.3
10542.2
2030.11
6323.5
9966.77
10984
11037.3
11037.7
11037.8
11037.8
11037.7
11037.4
11037
11036.2
11035
11032.7
11028.7
11020.9
11005.4
10974.2
10913.1
10809.6
10690
10606.1
10565.4
10549.6
10544.4
10542.8
10542.4
10542.3
10542.3
10542.2
1796.72
5978.17
9795.36
10966.2
11037.5
11038
11038.1
11038.1
11038
11037.8
11037.5
11036.9
11036
11034.4
11031.5
11025.9
11014.7
10991.9
10945.5
10858.5
10736
10632.4
10576.4
10553.4
10545.5
10543.1
10542.5
10542.3
10542.3
10542.2
1780.77
5953.5
9782.54
10964.8
11037.5
11038
11038.1
11038.1
11038
11037.8
11037.5
11037
11036.1
11034.6
11031.7
11026.3
11015.6
10993.5
10948.4
10863.2
10740.9
10635.4
10577.6
10553.9
10545.7
10543.2
10542.5
10542.3
10542.3
10542.2
1770.8
5938.12
9774.55
10963.9
11037.5
11038
11038.1
11038.1
11038
11037.9
11037.6
11037.1
11036.2
11034.7
11032
11026.8
11016.4
10995.1
10951.5
10868.2
10746.4
10638.8
10579.1
10554.4
10545.8
10543.2
10542.5
10542.3
10542.3
10542.2
1726.35
5868.24
9737.54
10959.6
11037.5
11038.1
11038.1
11038.1
11038.1
11037.9
11037.6
11037.1
11036.3
11034.9
11032.2
11027.2
11017.2
10996.7
10954.5
10873.4
10752.3
10642.7
10580.8
10555
10546
10543.3
10542.5
10542.3
10542.3
10542.2
1904.09
6140.87
9878.19
10975.2
11037.5
11037.9
11038
11038
11037.9
11037.7
11037.3
11036.7
11035.7
11034
11030.7
11024.5
11012.2
10987.2
10936.5
10844.1
10721.3
10623.5
10572.5
10552.1
10545.1
10543
10542.4
10542.3
10542.3
10542.2
2042.79
6341.24
9975.04
10984.7
11037.2
11037.7
11037.8
11037.7
11037.6
11037.4
11036.9
11036.2
11035
11032.8
11028.9
11021.4
11006.8
10977.5
10920.2
10821.5
10701.9
10613.4
10568.7
10550.9
10544.8
10542.9
10542.4
10542.3
10542.3
10542.2
1825.02
6021.25
9817.41
10968.6
11037.4
11037.9
11038
11038
11037.9
11037.7
11037.4
11036.8
11035.9
11034.3
11031.3
11025.7
11014.7
10992.4
10947.4
10863.5
10743.3
10638.2
10579.4
10554.7
10546
10543.3
10542.5
10542.3
10542.3
10542.2
1742.05
5892.12
9749.82
10960.8
11037.4
11037.9
11038
11038
11037.9
11037.7
11037.4
11036.9
11036
11034.4
11031.5
11026.1
11015.4
10993.8
10950
10867.7
10747.9
10641.1
10580.7
10555.2
10546.1
10543.3
10542.5
10542.3
10542.3
10542.2
1690.24
5809.63
9705.56
10955.5
11037.4
11037.9
11038
11038
11038
11037.8
11037.5
11036.9
11036.1
11034.5
11031.8
11026.5
11016.2
10995.3
10952.9
10872.6
10753.4
10644.8
10582.4
10555.8
10546.3
10543.4
10542.5
10542.3
10542.3
10542.2
1874.04
6095.12
9854.77
10972.5
11037.3
11037.8
11037.9
11037.9
11037.8
11037.5
11037.2
11036.5
11035.5
11033.6
11030.2
11023.8
11011.1
10985.7
10935.2
10844.2
10723.4
10625.9
10574
10552.8
10545.4
10543.1
10542.5
10542.3
10542.3
10542.2
2184.72
6534.08
10062.1
10991.5
11036.3
11036.9
11037.1
11037.1
11036.9
11036.5
11035.9
11034.8
11033
11029.9
11024.3
11014.1
10994.5
10957.2
10889.3
10785.1
10675.6
10601.2
10564.5
10549.7
10544.5
10542.9
10542.4
10542.3
10542.3
10542.2
1958.52
6217.13
9913.94
10977.9
11036.7
11037.3
11037.4
11037.4
11037.3
11037
11036.5
11035.7
11034.3
11032
11027.8
11020
11005.1
10976.1
10921
10827.8
10712.3
10621.9
10573.4
10553
10545.6
10543.2
10542.5
10542.3
10542.3
10542.2
1852.77
6059.5
9835.13
10969.4
11036.7
11037.3
11037.5
11037.5
11037.3
11037.1
11036.6
11035.8
11034.4
11032.1
11028.1
11020.5
11006
10977.9
10924.2
10832.3
10716.6
10624.5
10574.6
10553.4
10545.7
10543.2
10542.5
10542.3
10542.3
10542.2
1780.27
5948.12
9777.6
10962.9
11036.6
11037.3
11037.5
11037.5
11037.4
11037.1
11036.6
11035.8
11034.5
11032.3
11028.3
11021
11006.9
10979.6
10927.2
10836.9
10721
10627.2
10575.8
10553.9
10545.9
10543.3
10542.5
10542.3
10542.3
10542.2
2000.08
6276.13
9941.86
10980.2
11036.3
11037
11037.2
11037.2
11037
11036.6
11036.1
11035.1
11033.4
11030.6
11025.5
11016.2
10998.5
10964.5
10901.6
10801.2
10689
10608.6
10567.7
10550.9
10544.9
10543
10542.4
10542.3
10542.3
10542.2
2476.74
6897.78
10210.4
10999.1
11033.1
11034.3
11034.6
11034.6
11034.2
11033.4
11032
11029.7
11026
11019.7
11008.9
10989.8
10956.1
10898.5
10811.1
10709.5
10627.5
10579.3
10556.5
10547.2
10543.8
10542.7
10542.4
10542.3
10542.3
10542.2
2210.08
6557.12
10067
10988.9
11034.2
11035.2
11035.6
11035.6
11035.3
11034.7
11033.7
11032
11029.2
11024.6
11016.6
11002.4
10976.9
10931.4
10856.3
10754.8
10658.6
10595.2
10563.3
10549.8
10544.7
10543
10542.5
10542.3
10542.3
10542.2
2129.55
6447.43
10017.3
10984.4
11034.3
11035.3
11035.6
11035.6
11035.4
11034.8
11033.8
11032.2
11029.5
11025
11017.2
11003.4
10978.6
10934.2
10860.4
10759.2
10661.8
10596.9
10564
10550
10544.8
10543
10542.5
10542.3
10542.3
10542.2
2116.93
6430.51
10009.8
10983.9
11034.4
11035.4
11035.7
11035.7
11035.5
11034.9
11033.9
11032.4
11029.8
11025.4
11017.9
11004.5
10980.4
10937.1
10864.6
10763.9
10665.3
10598.8
10564.8
10550.3
10544.9
10543
10542.5
10542.3
10542.3
10542.2
2014.23
6285.43
9941.27
10977.2
11034.4
11035.4
11035.8
11035.8
11035.5
11035
11034
11032.5
11030
11025.7
11018.4
11005.4
10982
10939.9
10868.8
10768.7
10669
10600.9
10565.8
10550.7
10545
10543.1
10542.5
10542.3
10542.3
10542.2
2209.02
6554.11
10064.7
10988
11033.8
11034.9
11035.2
11035.2
11034.9
11034.3
11033.2
11031.3
11028.3
11023.3
11014.6
10999.2
10971.7
10923.3
10845
10743
10650.2
10590.9
10561.4
10549.1
10544.5
10542.9
10542.4
10542.3
10542.3
10542.2
2968.66
7410.73
10375.8
10993.4
11021.4
11024.7
11025.9
11025.8
11024.8
11022.6
11019
11013.3
11004.1
10989.4
10965.9
10928.6
10871.8
10794.5
10708.8
10636.2
10588.4
10562.6
10550.4
10545.3
10543.3
10542.6
10542.3
10542.3
10542.3
10542.2
2694.49
7115.44
10274.8
10991.3
11024.6
11027.4
11028.4
11028.5
11027.7
11026.1
11023.3
11018.9
11011.8
11000.4
10981.9
10951.9
10904.3
10834.3
10747.5
10664.6
10604.9
10570.6
10553.9
10546.6
10543.8
10542.7
10542.4
10542.3
10542.3
10542.2
2617.32
7025.16
10240.2
10989.1
11024.8
11027.6
11028.6
11028.7
11028
11026.4
11023.7
11019.4
11012.4
11001.3
10983.3
10953.9
10907.2
10838.1
10751.4
10667.6
10606.7
10571.5
10554.3
10546.8
10543.8
10542.8
10542.4
10542.3
10542.3
10542.2
2549.45
6943.99
10208.4
10987
11025
11027.8
11028.8
11028.9
11028.2
11026.7
11024.1
11019.8
11013.1
11002.3
10984.8
10956.1
10910.4
10842.3
10755.9
10671.2
10608.9
10572.6
10554.8
10547
10543.9
10542.8
10542.4
10542.3
10542.3
10542.2
2744.32
7164.19
10288.8
10989.6
11022.8
11026
11027.1
11027.2
11026.3
11024.5
11021.4
11016.4
11008.5
10995.9
10975.5
10942.7
10891.7
10818.9
10732.3
10653.4
10598.4
10567.5
10552.5
10546.1
10543.6
10542.7
10542.4
10542.3
10542.3
10542.2
4268.73
8276.93
10484.4
10914.9
10963.1
10978
10984.1
10985.2
10982.6
10976.4
10965.9
10949.8
10926.2
10892.8
10847.3
10789.8
10725.3
10663.7
10614.5
10581.2
10561.5
10551
10546
10543.7
10542.8
10542.4
10542.3
10542.3
10542.3
10542.2
3852.11
8015.04
10451.2
10933.9
10977.7
10989.9
10994.9
10995.9
10993.8
10988.8
10980.3
10967.2
10947.6
10919.2
10879.1
10825.7
10761.1
10694
10636
10594.3
10568.6
10554.5
10547.6
10544.4
10543.1
10542.5
10542.3
10542.3
10542.3
10542.2
3782.81
7961.99
10439.3
10935.1
10979.1
10991.1
10996
10996.9
10994.9
10990.1
10981.8
10968.9
10949.8
10921.9
10882.3
10829.4
10764.9
10697.3
10638.4
10595.8
10569.3
10554.9
10547.7
10544.5
10543.1
10542.5
10542.3
10542.3
10542.3
10542.2
3727.4
7917.9
10428.8
10935.9
10980.1
10991.9
10996.7
10997.7
10995.8
10991
10982.9
10970.3
10951.6
10924.1
10885.2
10832.8
10768.5
10700.5
10640.8
10597.3
10570.2
10555.3
10547.9
10544.5
10543.1
10542.6
10542.4
10542.3
10542.3
10542.2
4070.73
8132.71
10454.2
10918.4
10967.1
10981.6
10987.5
10988.8
10986.5
10980.9
10971.4
10956.6
10934.9
10903.8
10860.9
10805.3
10740.9
10677
10624
10587.1
10564.7
10552.6
10546.7
10544.1
10542.9
10542.5
10542.3
10542.3
10542.3
10542.2
8003.64
9335.28
10147
10523.5
10687.5
10764.5
10802.5
10819.4
10823
10816.2
10800.7
10777.2
10746.6
10710.7
10672.7
10636.4
10605.5
10581.8
10565.3
10554.9
10548.7
10545.4
10543.7
10542.9
10542.5
10542.3
10542.3
10542.3
10542.2
10542.2
7272.96
9104.49
10162.6
10585.3
10742.4
10810.2
10842.4
10856.3
10858.6
10851.9
10837.1
10814.4
10784.1
10747.2
10705.9
10664.2
10626.6
10596.3
10574.5
10560.2
10551.7
10546.9
10544.4
10543.2
10542.6
10542.4
10542.3
10542.3
10542.3
10542.2
7195.21
9079.57
10164.6
10591.6
10747.7
10814.5
10846.1
10859.7
10861.8
10855.1
10840.3
10817.7
10787.5
10750.4
10708.8
10666.7
10628.5
10597.6
10575.3
10560.7
10551.9
10547
10544.5
10543.2
10542.7
10542.4
10542.3
10542.3
10542.3
10542.2
7138.56
9063.4
10168
10597.4
10752.2
10818
10849.1
10862.4
10864.4
10857.7
10843
10820.5
10790.2
10753.1
10711.4
10668.9
10630.2
10598.8
10576.1
10561.1
10552.1
10547.1
10544.5
10543.2
10542.7
10542.4
10542.3
10542.3
10542.3
10542.2
7063.27
9038.7
10169.6
10603.2
10757
10821.9
10852.4
10865.5
10867.5
10860.7
10846.1
10823.8
10793.7
10756.6
10714.7
10671.7
10632.4
10600.4
10577.1
10561.7
10552.5
10547.3
10544.6
10543.3
10542.7
10542.4
10542.3
10542.3
10542.3
10542.2
7525.4
9173.9
10146.5
10558.2
10720.8
10793
10827.8
10843.2
10846.1
10839.6
10824.8
10802
10771.8
10735.3
10695.1
10655.2
10619.8
10591.7
10571.6
10558.6
10550.8
10546.4
10544.2
10543.1
10542.6
10542.4
10542.3
10542.3
10542.3
10542.2
9748.66
9989.36
10224.5
10401.5
10521.5
10598.5
10645.7
10672.3
10683.9
10684.3
10676.2
10661.8
10643.3
10623
10603.1
10585.5
10571.2
10560.6
10553.2
10548.5
10545.6
10544
10543.1
10542.6
10542.4
10542.3
10542.3
10542.3
10542.2
10542.2
9488.19
9851.32
10171.5
10393.9
10534.4
10620
10670.6
10698.4
10710.4
10710.8
10702.1
10686.4
10665.9
10642.7
10619.3
10597.9
10580.2
10566.6
10557
10550.7
10546.9
10544.6
10543.4
10542.8
10542.5
10542.4
10542.3
10542.3
10542.3
10542.2
9455.22
9834.85
10165.8
10393.6
10536.3
10622.7
10673.5
10701.4
10713.4
10713.7
10704.9
10689.1
10668.3
10644.8
10621
10599.2
10581.1
10567.2
10557.4
10550.9
10547
10544.7
10543.5
10542.8
10542.5
10542.4
10542.3
10542.3
10542.3
10542.2
9366.33
9769.18
10122.3
10366
10518.8
10611.2
10665.8
10696
10709.7
10711.2
10703.3
10688.2
10667.9
10644.7
10621.1
10599.5
10581.3
10567.4
10557.5
10551
10547
10544.7
10543.5
10542.8
10542.5
10542.4
10542.3
10542.3
10542.3
10542.2
9628.68
9942.49
10223.7
10421.9
10548.9
10627.2
10673.6
10698.8
10709.1
10708.3
10698.8
10682.7
10661.9
10638.9
10615.9
10595.2
10578.1
10565.2
10556.1
10550.2
10546.6
10544.5
10543.3
10542.8
10542.5
10542.3
10542.3
10542.3
10542.3
10542.2
7754.08
7754.08
7754.08
7754.08
7754.08
7754.08
7754.08
7754.08
7754.08
7754.08
7754.08
7754.08
7754.08
7754.08
7754.08
7754.08
7754.08
7754.08
7754.08
7754.08
7754.08
7754.08
7754.08
7754.08
7754.08
7754.08
7754.08
7754.08
7754.08
7754.08
7754.08
7754.08
7754.08
7754.08
7754.08
7754.08
7754.08
7754.08
7754.08
7754.08
7754.08
7754.08
7754.08
7754.08
7754.08
7754.08
7754.08
7754.08
7754.08
7754.08
7754.08
7754.08
7754.08
7754.08
7754.08
7754.08
7754.08
7754.08
7754.08
7754.08
7754.08
7754.08
7754.08
7754.08
7754.08
7754.08
7754.08
7754.08
7754.08
7754.08
7754.08
7754.08
7754.08
7754.08
7754.08
7754.08
7754.08
7754.08
7754.08
7754.08
7754.08
7754.08
7754.08
7754.08
7754.08
7754.08
7754.08
7754.08
7754.08
7754.08
7754.08
7754.08
7754.08
7754.08
7754.08
7754.08
7754.08
7754.08
7754.08
7754.08
7754.08
7754.08
7754.08
7754.08
7754.08
7754.08
7754.08
7754.08
7754.08
7754.08
7754.08
7754.08
7754.08
7754.08
7754.08
7754.08
7754.08
7754.08
7754.08
7754.08
7754.08
7754.08
7754.08
7754.08
7754.08
7754.08
7754.08
7754.08
7754.08
7754.08
7754.08
7754.08
7754.08
7754.08
7754.08
7754.08
7754.08
7754.08
7754.08
7754.08
7754.08
7754.08
7754.08
7754.08
7754.08
7754.08
7754.08
7754.08
7754.08
7754.08
7754.08
7754.08
7754.08
7754.08
7754.08
7754.08
7754.08
7754.08
7754.08
7754.08
7754.08
7754.08
7754.08
7754.08
7754.08
7754.08
7754.08
7754.08
7754.08
7754.08
7754.08
7754.08
7754.08
7754.08
7754.08
7754.08
7754.08
7754.08
7754.08
7754.08
7754.08
7754.08
7754.08
7754.08
7754.08
7754.08
7754.08
7754.08
7754.08
7754.08
7754.08
7754.08
7754.08
7754.08
7754.08
7754.08
7754.08
7754.08
7754.08
7754.08
7754.08
7754.08
7754.08
7754.08
7754.08
7754.08
7754.08
7754.08
7754.08
7754.08
7754.08
7754.08
7754.08
7754.08
7754.08
7754.08
7754.08
7754.08
7754.08
7754.08
7754.08
7754.08
7754.08
7754.08
7754.08
7754.08
7754.08
7754.08
7754.08
7754.08
7754.08
7754.08
7754.08
7754.08
7754.08
7754.08
7754.08
7754.08
7754.08
7754.08
7754.08
7754.08
7754.08
7754.08
7754.08
7754.08
7754.08
7754.08
7754.08
7754.08
7754.08
7754.08
7754.08
7754.08
7754.08
7754.08
7754.08
7754.08
7754.08
7754.08
7754.08
7754.08
7754.08
7754.08
7754.08
7754.08
7754.08
7754.08
7754.08
7754.08
7754.08
7754.08
7754.08
7754.08
7754.08
7754.08
7754.08
7754.08
7754.08
7754.08
7754.08
7754.08
7754.08
7754.08
7754.08
7754.08
7754.08
7754.08
7754.08
7754.08
7753.72
7753.76
7753.8
7753.84
7753.88
7753.91
7753.95
7753.99
7754.03
7754.06
7753.26
7753.35
7753.43
7753.52
7753.6
7753.69
7753.77
7753.85
7753.93
7754.01
7753.21
7753.29
7753.38
7753.47
7753.55
7753.63
7753.72
7753.8
7753.88
7753.96
7753.15
7753.24
7753.33
7753.41
7753.5
7753.58
7753.67
7753.75
7753.83
7753.91
7753.1
7753.19
7753.28
7753.36
7753.45
7753.53
7753.61
7753.7
7753.78
7753.86
7752.99
7753.08
7753.17
7753.27
7753.36
7753.45
7753.54
7753.63
7753.72
7753.8
7752.92
7753.01
7753.11
7753.2
7753.3
7753.39
7753.48
7753.57
7753.66
7753.75
7752.86
7752.96
7753.06
7753.15
7753.24
7753.34
7753.43
7753.52
7753.61
7753.7
7752.81
7752.91
7753
7753.1
7753.19
7753.29
7753.38
7753.47
7753.56
7753.65
7752.75
7752.85
7752.94
7753.04
7753.13
7753.23
7753.32
7753.41
7753.5
7753.59
7752.59
7752.7
7752.81
7752.91
7753.02
7753.12
7753.22
7753.32
7753.42
7753.52
7752.42
7752.54
7752.66
7752.77
7752.89
7753
7753.11
7753.23
7753.34
7753.45
7752.33
7752.45
7752.57
7752.69
7752.81
7752.92
7753.04
7753.15
7753.26
7753.38
7752.26
7752.38
7752.5
7752.62
7752.74
7752.85
7752.97
7753.08
7753.19
7753.31
7752.19
7752.31
7752.43
7752.55
7752.67
7752.78
7752.9
7753.01
7753.12
7753.24
7752.08
7752.2
7752.33
7752.45
7752.57
7752.68
7752.8
7752.92
7753.03
7753.15
7751.71
7751.87
7752.02
7752.17
7752.32
7752.46
7752.61
7752.75
7752.9
7753.04
7751.55
7751.71
7751.87
7752.03
7752.18
7752.34
7752.49
7752.64
7752.79
7752.94
7751.45
7751.61
7751.77
7751.93
7752.08
7752.24
7752.39
7752.54
7752.69
7752.84
7751.35
7751.51
7751.67
7751.83
7751.99
7752.14
7752.3
7752.45
7752.6
7752.75
7751.24
7751.4
7751.56
7751.72
7751.88
7752.03
7752.19
7752.34
7752.49
7752.64
7750.93
7751.11
7751.29
7751.47
7751.65
7751.82
7751.99
7752.17
7752.34
7752.5
7750.54
7750.75
7750.96
7751.16
7751.37
7751.57
7751.77
7751.97
7752.17
7752.36
7750.36
7750.58
7750.79
7751
7751.21
7751.42
7751.63
7751.83
7752.03
7752.23
7750.23
7750.45
7750.66
7750.87
7751.08
7751.29
7751.5
7751.7
7751.9
7752.1
7750.09
7750.31
7750.52
7750.73
7750.95
7751.15
7751.36
7751.57
7751.77
7751.97
7749.22
7749.46
7749.69
7749.93
7750.16
7750.39
7750.62
7750.84
7751.06
7751.28
7743.78
7744.52
7745.25
7745.98
7746.7
7747.41
7748.11
7748.81
7749.51
7750.19
7741.22
7742.15
7743.06
7743.97
7744.87
7745.76
7746.64
7747.52
7748.38
7749.24
7740.2
7741.15
7742.08
7743
7743.92
7744.82
7745.72
7746.61
7747.5
7748.37
7739.36
7740.3
7741.23
7742.15
7743.07
7743.97
7744.87
7745.76
7746.64
7747.51
7738.93
7739.82
7740.71
7741.59
7742.46
7743.33
7744.19
7745.04
7745.88
7746.71
7737.83
7738.77
7739.7
7740.63
7741.55
7742.46
7743.36
7744.25
7745.14
7746.01
7736.36
7737.39
7738.41
7739.42
7740.42
7741.41
7742.4
7743.37
7744.34
7745.3
7735.27
7736.34
7737.41
7738.46
7739.51
7740.54
7741.57
7742.59
7743.6
7744.6
7734.59
7735.66
7736.73
7737.78
7738.83
7739.86
7740.89
7741.91
7742.92
7743.92
7733.92
7734.99
7736.06
7737.11
7738.15
7739.19
7740.21
7741.23
7742.24
7743.24
7733.39
7734.44
7735.48
7736.52
7737.54
7738.55
7739.56
7740.55
7741.54
7742.52
7732.83
7733.86
7734.88
7735.89
7736.9
7737.89
7738.88
7739.85
7740.82
7741.78
7731.26
7732.38
7733.49
7734.59
7735.68
7736.76
7737.83
7738.9
7739.95
7741
7729.86
7731.06
7732.24
7733.41
7734.57
7735.72
7736.86
7737.99
7739.11
7740.22
7729.12
7730.31
7731.49
7732.66
7733.82
7734.97
7736.11
7737.24
7738.36
7739.47
7728.38
7729.57
7730.75
7731.92
7733.07
7734.22
7735.36
7736.48
7737.6
7738.71
7728.29
7729.4
7730.5
7731.59
7732.68
7733.75
7734.81
7735.87
7736.92
7737.95
7726.76
7727.95
7729.14
7730.31
7731.47
7732.62
7733.76
7734.89
7736.01
7737.12
7725.29
7726.56
7727.81
7729.06
7730.29
7731.51
7732.72
7733.92
7735.11
7736.29
7724.33
7725.62
7726.89
7728.15
7729.4
7730.64
7731.86
7733.08
7734.29
7735.49
7723.56
7724.84
7726.11
7727.37
7728.62
7729.85
7731.08
7732.29
7733.5
7734.69
7723.37
7724.58
7725.78
7726.97
7728.15
7729.32
7730.48
7731.63
7732.77
7733.9
7722.43
7723.65
7724.86
7726.06
7727.25
7728.43
7729.6
7730.76
7731.91
7733.05
7720.91
7722.2
7723.49
7724.76
7726.03
7727.28
7728.52
7729.75
7730.97
7732.18
7719.51
7720.87
7722.21
7723.55
7724.87
7726.18
7727.48
7728.76
7730.04
7731.31
7718.66
7720.02
7721.36
7722.7
7724.02
7725.33
7726.63
7727.92
7729.2
7730.47
7717.83
7719.19
7720.53
7721.86
7723.18
7724.49
7725.79
7727.08
7728.35
7729.62
7717.26
7718.58
7719.9
7721.2
7722.49
7723.77
7725.03
7726.29
7727.53
7728.77
7716.86
7718.13
7719.39
7720.64
7721.89
7723.11
7724.33
7725.54
7726.74
7727.93
7715.59
7716.91
7718.21
7719.51
7720.79
7722.06
7723.32
7724.57
7725.81
7727.04
7713.91
7715.32
7716.71
7718.09
7719.46
7720.82
7722.16
7723.5
7724.82
7726.13
7713.04
7714.44
7715.84
7717.22
7718.59
7719.95
7721.29
7722.63
7723.95
7725.27
7712.18
7713.59
7714.98
7716.36
7717.73
7719.08
7720.43
7721.76
7723.08
7724.39
7712.21
7713.51
7714.81
7716.09
7717.36
7718.63
7719.88
7721.12
7722.35
7723.56
7711.1
7712.43
7713.75
7715.06
7716.36
7717.64
7718.92
7720.18
7721.43
7722.68
7709.51
7710.92
7712.32
7713.7
7715.08
7716.44
7717.79
7719.12
7720.45
7721.76
7708.43
7709.86
7711.28
7712.69
7714.08
7715.46
7716.83
7718.19
7719.54
7720.88
7707.58
7709.01
7710.43
7711.83
7713.22
7714.6
7715.97
7717.32
7718.67
7720
7707.46
7708.8
7710.14
7711.46
7712.78
7714.08
7715.37
7716.64
7717.91
7719.17
7706.9
7708.22
7709.52
7710.81
7712.09
7713.35
7714.61
7715.86
7717.09
7718.32
7705.59
7706.95
7708.3
7709.64
7710.96
7712.28
7713.58
7714.87
7716.15
7717.42
7704.11
7705.54
7706.95
7708.36
7709.75
7711.12
7712.49
7713.85
7715.19
7716.52
7703.22
7704.65
7706.07
7707.47
7708.87
7710.25
7711.61
7712.97
7714.32
7715.65
7702.39
7703.82
7705.23
7706.63
7708.02
7709.4
7710.77
7712.12
7713.46
7714.8
7701.85
7703.24
7704.62
7705.99
7707.35
7708.69
7710.03
7711.35
7712.66
7713.96
7701.66
7702.98
7704.29
7705.59
7706.88
7708.15
7709.42
7710.67
7711.91
7713.15
7700.89
7702.2
7703.5
7704.79
7706.07
7707.34
7708.6
7709.84
7711.07
7712.3
7699.21
7700.61
7702
7703.38
7704.75
7706.1
7707.45
7708.78
7710.1
7711.41
7698.37
7699.77
7701.16
7702.54
7703.91
7705.26
7706.6
7707.94
7709.26
7710.56
7697.57
7698.97
7700.36
7701.74
7703.1
7704.46
7705.8
7707.13
7708.45
7709.75
7697.67
7698.97
7700.26
7701.54
7702.81
7704.07
7705.31
7706.55
7707.77
7708.99
7697.16
7698.43
7699.69
7700.94
7702.17
7703.4
7704.61
7705.81
7707.01
7708.19
7695.78
7697.11
7698.43
7699.73
7701.03
7702.32
7703.59
7704.85
7706.1
7707.35
7694.75
7696.11
7697.45
7698.78
7700.1
7701.4
7702.7
7703.98
7705.26
7706.52
7694.01
7695.36
7696.7
7698.03
7699.34
7700.64
7701.94
7703.22
7704.49
7705.75
7693.94
7695.21
7696.48
7697.73
7698.97
7700.2
7701.42
7702.63
7703.83
7705.02
7693.79
7695
7696.2
7697.38
7698.56
7699.73
7700.88
7702.03
7703.17
7704.29
7692.92
7694.14
7695.35
7696.55
7697.74
7698.92
7700.08
7701.24
7702.39
7703.52
7691.61
7692.89
7694.16
7695.42
7696.67
7697.9
7699.13
7700.34
7701.54
7702.74
7690.86
7692.14
7693.41
7694.67
7695.91
7697.15
7698.38
7699.59
7700.8
7701.99
7690.18
7691.46
7692.72
7693.98
7695.23
7696.46
7697.69
7698.9
7700.1
7701.3
7689.74
7690.99
7692.23
7693.46
7694.68
7695.88
7697.08
7698.27
7699.45
7700.61
7689.74
7690.91
7692.08
7693.23
7694.38
7695.51
7696.64
7697.75
7698.86
7699.95
7689.62
7690.73
7691.84
7692.93
7694.01
7695.09
7696.15
7697.2
7698.25
7699.29
7688.25
7689.43
7690.61
7691.77
7692.93
7694.07
7695.21
7696.33
7697.45
7698.55
7687.6
7688.79
7689.96
7691.13
7692.29
7693.43
7694.57
7695.69
7696.81
7697.91
7686.99
7688.17
7689.35
7690.51
7691.67
7692.81
7693.95
7695.07
7696.18
7697.29
7687.1
7688.2
7689.3
7690.39
7691.46
7692.53
7693.59
7694.63
7695.67
7696.7
7687.2
7688.23
7689.25
7690.25
7691.25
7692.24
7693.22
7694.19
7695.16
7696.11
7686.25
7687.31
7688.36
7689.4
7690.44
7691.46
7692.48
7693.48
7694.48
7695.47
7685.48
7686.56
7687.63
7688.69
7689.74
7690.78
7691.81
7692.84
7693.85
7694.86
7684.94
7686.02
7687.09
7688.15
7689.2
7690.24
7691.27
7692.29
7693.3
7694.31
7684.91
7685.93
7686.94
7687.95
7688.94
7689.93
7690.9
7691.87
7692.83
7693.78
7685.09
7686.03
7686.97
7687.89
7688.81
7689.72
7690.62
7691.51
7692.39
7693.27
7684.7
7685.62
7686.54
7687.45
7688.35
7689.24
7690.12
7691
7691.87
7692.73
7683.78
7684.75
7685.7
7686.65
7687.59
7688.52
7689.44
7690.35
7691.26
7692.16
7683.24
7684.21
7685.17
7686.12
7687.06
7687.99
7688.91
7689.82
7690.73
7691.63
7682.73
7683.7
7684.65
7685.6
7686.54
7687.47
7688.39
7689.3
7690.21
7691.11
7682.39
7683.33
7684.27
7685.2
7686.12
7687.03
7687.93
7688.83
7689.72
7690.6
7682.38
7683.27
7684.15
7685.03
7685.89
7686.75
7687.6
7688.44
7689.27
7690.1
7682.33
7683.17
7684
7684.82
7685.63
7686.44
7687.24
7688.04
7688.82
7689.6
7681.36
7682.25
7683.13
7684
7684.86
7685.72
7686.56
7687.4
7688.23
7689.06
7680.84
7681.72
7682.6
7683.47
7684.34
7685.19
7686.04
7686.88
7687.71
7688.54
7680.33
7681.21
7682.09
7682.96
7683.82
7684.68
7685.52
7686.36
7687.19
7688.01
7685.1
7685.44
7685.77
7686.1
7686.42
7686.75
7687.07
7687.38
7687.7
7688.01
7688.16
7688.16
7688.16
7688.16
7688.16
7688.16
7688.16
7688.16
7688.16
7688.16
)
;

boundaryField
{
    fuelBottom
    {
        type            empty;
    }
    fuelTop_1
    {
        type            empty;
    }
    fuelOuter
    {
        type            zeroGradient;
    }
    fuelTop
    {
        type            empty;
    }
    fuelInner
    {
        type            zeroGradient;
    }
    cladBottom
    {
        type            empty;
    }
    cladInner
    {
        type            zeroGradient;
    }
    cladOuter
    {
        type            zeroGradient;
    }
    cladTop
    {
        type            empty;
    }
    front
    {
        type            wedge;
    }
    back
    {
        type            wedge;
    }
}


// ************************************************************************* //
