/*--------------------------------*- C++ -*----------------------------------*\
| =========                 |                                                 |
| \\      /  F ield         | OpenFOAM: The Open Source CFD Toolbox           |
|  \\    /   O peration     | Version:  2412                                  |
|   \\  /    A nd           | Website:  www.openfoam.com                      |
|    \\/     M anipulation  |                                                 |
\*---------------------------------------------------------------------------*/
FoamFile
{
    version     2.0;
    format      ascii;
    arch        "LSB;label=32;scalar=64";
    class       volScalarField;
    location    "25888284.641197/fuelBehaviourRegion";
    object      SCIANTIX::grainModes_0;
}
// * * * * * * * * * * * * * * * * * * * * * * * * * * * * * * * * * * * * * //

dimensions      [0 0 0 0 0 0 0];

internalField   nonuniform List<scalar> 
4720
(
9.41901e+24
9.41901e+24
9.41901e+24
9.41901e+24
9.41902e+24
9.41902e+24
9.41902e+24
9.41903e+24
9.41903e+24
9.41904e+24
9.41904e+24
9.41905e+24
9.41906e+24
9.41906e+24
9.41907e+24
9.41908e+24
9.41909e+24
9.4191e+24
9.4191e+24
9.41911e+24
9.41912e+24
9.41913e+24
9.41914e+24
9.41915e+24
9.41916e+24
9.41917e+24
9.41918e+24
9.41918e+24
9.41919e+24
9.4192e+24
9.41901e+24
9.41901e+24
9.41901e+24
9.41901e+24
9.41901e+24
9.41902e+24
9.41902e+24
9.41903e+24
9.41903e+24
9.41904e+24
9.41904e+24
9.41905e+24
9.41905e+24
9.41906e+24
9.41907e+24
9.41908e+24
9.41909e+24
9.41909e+24
9.4191e+24
9.41911e+24
9.41912e+24
9.41913e+24
9.41914e+24
9.41915e+24
9.41916e+24
9.41917e+24
9.41917e+24
9.41918e+24
9.41919e+24
9.4192e+24
9.419e+24
9.419e+24
9.41901e+24
9.41901e+24
9.41901e+24
9.41901e+24
9.41902e+24
9.41902e+24
9.41903e+24
9.41903e+24
9.41904e+24
9.41904e+24
9.41905e+24
9.41906e+24
9.41907e+24
9.41907e+24
9.41908e+24
9.41909e+24
9.4191e+24
9.41911e+24
9.41912e+24
9.41913e+24
9.41914e+24
9.41915e+24
9.41915e+24
9.41916e+24
9.41917e+24
9.41918e+24
9.41919e+24
9.4192e+24
9.419e+24
9.419e+24
9.419e+24
9.41901e+24
9.41901e+24
9.41901e+24
9.41902e+24
9.41902e+24
9.41903e+24
9.41903e+24
9.41904e+24
9.41904e+24
9.41905e+24
9.41906e+24
9.41907e+24
9.41907e+24
9.41908e+24
9.41909e+24
9.4191e+24
9.41911e+24
9.41912e+24
9.41913e+24
9.41914e+24
9.41914e+24
9.41915e+24
9.41916e+24
9.41917e+24
9.41918e+24
9.41919e+24
9.4192e+24
9.419e+24
9.419e+24
9.419e+24
9.419e+24
9.41901e+24
9.41901e+24
9.41901e+24
9.41902e+24
9.41902e+24
9.41903e+24
9.41904e+24
9.41904e+24
9.41905e+24
9.41906e+24
9.41906e+24
9.41907e+24
9.41908e+24
9.41909e+24
9.4191e+24
9.41911e+24
9.41912e+24
9.41913e+24
9.41913e+24
9.41914e+24
9.41915e+24
9.41916e+24
9.41917e+24
9.41918e+24
9.41919e+24
9.4192e+24
9.419e+24
9.419e+24
9.419e+24
9.419e+24
9.419e+24
9.41901e+24
9.41901e+24
9.41901e+24
9.41902e+24
9.41902e+24
9.41903e+24
9.41904e+24
9.41904e+24
9.41905e+24
9.41906e+24
9.41907e+24
9.41908e+24
9.41909e+24
9.4191e+24
9.4191e+24
9.41911e+24
9.41912e+24
9.41913e+24
9.41914e+24
9.41915e+24
9.41916e+24
9.41917e+24
9.41918e+24
9.41919e+24
9.4192e+24
1.06833e+25
1.06833e+25
1.06833e+25
1.06833e+25
1.06833e+25
1.06833e+25
1.06833e+25
1.06833e+25
1.06834e+25
1.06834e+25
1.06834e+25
1.06834e+25
1.06834e+25
1.06834e+25
1.06834e+25
1.06834e+25
1.06834e+25
1.06835e+25
1.06835e+25
1.06835e+25
1.06835e+25
1.06835e+25
1.06835e+25
1.06835e+25
1.06836e+25
1.06836e+25
1.06836e+25
1.06836e+25
1.06836e+25
1.06836e+25
1.06833e+25
1.06833e+25
1.06833e+25
1.06833e+25
1.06833e+25
1.06833e+25
1.06833e+25
1.06833e+25
1.06833e+25
1.06833e+25
1.06834e+25
1.06834e+25
1.06834e+25
1.06834e+25
1.06834e+25
1.06834e+25
1.06834e+25
1.06834e+25
1.06835e+25
1.06835e+25
1.06835e+25
1.06835e+25
1.06835e+25
1.06835e+25
1.06836e+25
1.06836e+25
1.06836e+25
1.06836e+25
1.06836e+25
1.06836e+25
1.06833e+25
1.06833e+25
1.06833e+25
1.06833e+25
1.06833e+25
1.06833e+25
1.06833e+25
1.06833e+25
1.06833e+25
1.06833e+25
1.06833e+25
1.06834e+25
1.06834e+25
1.06834e+25
1.06834e+25
1.06834e+25
1.06834e+25
1.06834e+25
1.06835e+25
1.06835e+25
1.06835e+25
1.06835e+25
1.06835e+25
1.06835e+25
1.06835e+25
1.06836e+25
1.06836e+25
1.06836e+25
1.06836e+25
1.06836e+25
1.06833e+25
1.06833e+25
1.06833e+25
1.06833e+25
1.06833e+25
1.06833e+25
1.06833e+25
1.06833e+25
1.06833e+25
1.06833e+25
1.06833e+25
1.06834e+25
1.06834e+25
1.06834e+25
1.06834e+25
1.06834e+25
1.06834e+25
1.06834e+25
1.06835e+25
1.06835e+25
1.06835e+25
1.06835e+25
1.06835e+25
1.06835e+25
1.06835e+25
1.06836e+25
1.06836e+25
1.06836e+25
1.06836e+25
1.06836e+25
1.06833e+25
1.06833e+25
1.06833e+25
1.06833e+25
1.06833e+25
1.06833e+25
1.06833e+25
1.06833e+25
1.06833e+25
1.06833e+25
1.06833e+25
1.06834e+25
1.06834e+25
1.06834e+25
1.06834e+25
1.06834e+25
1.06834e+25
1.06834e+25
1.06835e+25
1.06835e+25
1.06835e+25
1.06835e+25
1.06835e+25
1.06835e+25
1.06835e+25
1.06836e+25
1.06836e+25
1.06836e+25
1.06836e+25
1.06836e+25
1.06833e+25
1.06833e+25
1.06833e+25
1.06833e+25
1.06833e+25
1.06833e+25
1.06833e+25
1.06833e+25
1.06833e+25
1.06833e+25
1.06833e+25
1.06833e+25
1.06833e+25
1.06834e+25
1.06834e+25
1.06834e+25
1.06834e+25
1.06834e+25
1.06834e+25
1.06835e+25
1.06835e+25
1.06835e+25
1.06835e+25
1.06835e+25
1.06835e+25
1.06836e+25
1.06836e+25
1.06836e+25
1.06836e+25
1.06836e+25
1.35648e+25
1.35648e+25
1.35648e+25
1.35648e+25
1.35648e+25
1.35649e+25
1.35649e+25
1.35649e+25
1.35649e+25
1.3565e+25
1.3565e+25
1.3565e+25
1.35651e+25
1.35651e+25
1.35651e+25
1.35652e+25
1.35652e+25
1.35653e+25
1.35653e+25
1.35653e+25
1.35654e+25
1.35654e+25
1.35655e+25
1.35655e+25
1.35656e+25
1.35656e+25
1.35656e+25
1.35657e+25
1.35657e+25
1.35658e+25
1.35647e+25
1.35647e+25
1.35647e+25
1.35647e+25
1.35647e+25
1.35647e+25
1.35648e+25
1.35648e+25
1.35648e+25
1.35649e+25
1.35649e+25
1.35649e+25
1.3565e+25
1.3565e+25
1.3565e+25
1.35651e+25
1.35651e+25
1.35652e+25
1.35652e+25
1.35653e+25
1.35653e+25
1.35654e+25
1.35654e+25
1.35655e+25
1.35655e+25
1.35656e+25
1.35656e+25
1.35656e+25
1.35657e+25
1.35657e+25
1.35647e+25
1.35647e+25
1.35647e+25
1.35647e+25
1.35647e+25
1.35647e+25
1.35647e+25
1.35648e+25
1.35648e+25
1.35648e+25
1.35649e+25
1.35649e+25
1.35649e+25
1.3565e+25
1.3565e+25
1.35651e+25
1.35651e+25
1.35652e+25
1.35652e+25
1.35653e+25
1.35653e+25
1.35654e+25
1.35654e+25
1.35655e+25
1.35655e+25
1.35655e+25
1.35656e+25
1.35656e+25
1.35657e+25
1.35657e+25
1.35647e+25
1.35647e+25
1.35647e+25
1.35647e+25
1.35647e+25
1.35647e+25
1.35647e+25
1.35648e+25
1.35648e+25
1.35648e+25
1.35649e+25
1.35649e+25
1.35649e+25
1.3565e+25
1.3565e+25
1.35651e+25
1.35651e+25
1.35652e+25
1.35652e+25
1.35653e+25
1.35653e+25
1.35654e+25
1.35654e+25
1.35655e+25
1.35655e+25
1.35655e+25
1.35656e+25
1.35656e+25
1.35657e+25
1.35657e+25
1.35646e+25
1.35646e+25
1.35647e+25
1.35647e+25
1.35647e+25
1.35647e+25
1.35647e+25
1.35647e+25
1.35648e+25
1.35648e+25
1.35648e+25
1.35649e+25
1.35649e+25
1.3565e+25
1.3565e+25
1.35651e+25
1.35651e+25
1.35652e+25
1.35652e+25
1.35652e+25
1.35653e+25
1.35653e+25
1.35654e+25
1.35654e+25
1.35655e+25
1.35655e+25
1.35656e+25
1.35656e+25
1.35657e+25
1.35657e+25
1.35645e+25
1.35645e+25
1.35645e+25
1.35645e+25
1.35645e+25
1.35646e+25
1.35646e+25
1.35646e+25
1.35647e+25
1.35647e+25
1.35647e+25
1.35648e+25
1.35648e+25
1.35649e+25
1.35649e+25
1.3565e+25
1.3565e+25
1.35651e+25
1.35651e+25
1.35652e+25
1.35652e+25
1.35653e+25
1.35653e+25
1.35654e+25
1.35655e+25
1.35655e+25
1.35656e+25
1.35656e+25
1.35656e+25
1.35657e+25
1.84717e+25
1.84717e+25
1.84717e+25
1.84718e+25
1.84719e+25
1.84719e+25
1.8472e+25
1.84722e+25
1.84723e+25
1.84724e+25
1.84726e+25
1.84727e+25
1.84729e+25
1.84731e+25
1.84733e+25
1.84735e+25
1.84737e+25
1.84739e+25
1.84741e+25
1.84743e+25
1.84745e+25
1.84747e+25
1.84749e+25
1.84751e+25
1.84753e+25
1.84754e+25
1.84756e+25
1.84758e+25
1.84759e+25
1.84761e+25
1.8471e+25
1.8471e+25
1.8471e+25
1.84711e+25
1.84712e+25
1.84713e+25
1.84714e+25
1.84715e+25
1.84716e+25
1.84718e+25
1.8472e+25
1.84722e+25
1.84724e+25
1.84726e+25
1.84728e+25
1.8473e+25
1.84732e+25
1.84735e+25
1.84737e+25
1.84739e+25
1.84742e+25
1.84744e+25
1.84746e+25
1.84748e+25
1.8475e+25
1.84752e+25
1.84754e+25
1.84756e+25
1.84758e+25
1.8476e+25
1.84708e+25
1.84709e+25
1.84709e+25
1.8471e+25
1.8471e+25
1.84711e+25
1.84713e+25
1.84714e+25
1.84715e+25
1.84717e+25
1.84719e+25
1.84721e+25
1.84723e+25
1.84725e+25
1.84727e+25
1.84729e+25
1.84732e+25
1.84734e+25
1.84736e+25
1.84739e+25
1.84741e+25
1.84743e+25
1.84746e+25
1.84748e+25
1.8475e+25
1.84752e+25
1.84754e+25
1.84756e+25
1.84758e+25
1.84759e+25
1.84708e+25
1.84708e+25
1.84709e+25
1.84709e+25
1.8471e+25
1.84711e+25
1.84712e+25
1.84714e+25
1.84715e+25
1.84717e+25
1.84719e+25
1.8472e+25
1.84723e+25
1.84725e+25
1.84727e+25
1.84729e+25
1.84731e+25
1.84734e+25
1.84736e+25
1.84739e+25
1.84741e+25
1.84743e+25
1.84745e+25
1.84748e+25
1.8475e+25
1.84752e+25
1.84754e+25
1.84756e+25
1.84758e+25
1.84759e+25
1.84707e+25
1.84707e+25
1.84708e+25
1.84708e+25
1.84709e+25
1.8471e+25
1.84711e+25
1.84713e+25
1.84714e+25
1.84716e+25
1.84718e+25
1.8472e+25
1.84722e+25
1.84724e+25
1.84726e+25
1.84729e+25
1.84731e+25
1.84733e+25
1.84736e+25
1.84738e+25
1.8474e+25
1.84743e+25
1.84745e+25
1.84747e+25
1.8475e+25
1.84752e+25
1.84754e+25
1.84756e+25
1.84757e+25
1.84759e+25
1.84701e+25
1.84701e+25
1.84701e+25
1.84702e+25
1.84703e+25
1.84704e+25
1.84706e+25
1.84707e+25
1.84709e+25
1.84711e+25
1.84713e+25
1.84715e+25
1.84717e+25
1.8472e+25
1.84722e+25
1.84725e+25
1.84728e+25
1.8473e+25
1.84733e+25
1.84735e+25
1.84738e+25
1.84741e+25
1.84743e+25
1.84746e+25
1.84748e+25
1.8475e+25
1.84753e+25
1.84755e+25
1.84757e+25
1.84758e+25
2.6114e+25
2.61141e+25
2.61143e+25
2.61147e+25
2.61151e+25
2.61156e+25
2.61162e+25
2.61169e+25
2.61177e+25
2.61186e+25
2.61196e+25
2.61206e+25
2.61216e+25
2.61228e+25
2.61239e+25
2.61251e+25
2.61263e+25
2.61275e+25
2.61287e+25
2.61299e+25
2.61311e+25
2.61322e+25
2.61333e+25
2.61344e+25
2.61354e+25
2.61364e+25
2.61373e+25
2.61382e+25
2.6139e+25
2.61398e+25
2.611e+25
2.61101e+25
2.61104e+25
2.61107e+25
2.61112e+25
2.61118e+25
2.61125e+25
2.61133e+25
2.61142e+25
2.61152e+25
2.61163e+25
2.61174e+25
2.61186e+25
2.61199e+25
2.61212e+25
2.61225e+25
2.61239e+25
2.61252e+25
2.61266e+25
2.6128e+25
2.61293e+25
2.61306e+25
2.61319e+25
2.61331e+25
2.61343e+25
2.61354e+25
2.61364e+25
2.61374e+25
2.61383e+25
2.61392e+25
2.61094e+25
2.61095e+25
2.61098e+25
2.61102e+25
2.61106e+25
2.61112e+25
2.6112e+25
2.61128e+25
2.61137e+25
2.61147e+25
2.61158e+25
2.6117e+25
2.61182e+25
2.61195e+25
2.61208e+25
2.61222e+25
2.61235e+25
2.61249e+25
2.61263e+25
2.61277e+25
2.61291e+25
2.61304e+25
2.61317e+25
2.61329e+25
2.61341e+25
2.61353e+25
2.61363e+25
2.61373e+25
2.61383e+25
2.61391e+25
2.61091e+25
2.61092e+25
2.61095e+25
2.61098e+25
2.61103e+25
2.61109e+25
2.61116e+25
2.61125e+25
2.61134e+25
2.61144e+25
2.61155e+25
2.61167e+25
2.61179e+25
2.61192e+25
2.61206e+25
2.61219e+25
2.61233e+25
2.61247e+25
2.61262e+25
2.61276e+25
2.61289e+25
2.61303e+25
2.61316e+25
2.61328e+25
2.6134e+25
2.61352e+25
2.61362e+25
2.61373e+25
2.61382e+25
2.61391e+25
2.61076e+25
2.61077e+25
2.61079e+25
2.61083e+25
2.61088e+25
2.61095e+25
2.61102e+25
2.61111e+25
2.61121e+25
2.61131e+25
2.61143e+25
2.61155e+25
2.61168e+25
2.61182e+25
2.61196e+25
2.6121e+25
2.61225e+25
2.61239e+25
2.61254e+25
2.61269e+25
2.61283e+25
2.61297e+25
2.61311e+25
2.61324e+25
2.61337e+25
2.61348e+25
2.6136e+25
2.6137e+25
2.6138e+25
2.61389e+25
2.60919e+25
2.60921e+25
2.60924e+25
2.60929e+25
2.60935e+25
2.60943e+25
2.60952e+25
2.60963e+25
2.60975e+25
2.60989e+25
2.6101e+25
2.61026e+25
2.61044e+25
2.61063e+25
2.61083e+25
2.61105e+25
2.61128e+25
2.61151e+25
2.61174e+25
2.61197e+25
2.6122e+25
2.61243e+25
2.61264e+25
2.61285e+25
2.61304e+25
2.61322e+25
2.61339e+25
2.61354e+25
2.61367e+25
2.6138e+25
8.42737e+25
8.40235e+25
8.35357e+25
8.28153e+25
8.18707e+25
8.07153e+25
7.93705e+25
7.78688e+25
7.6259e+25
7.46124e+25
7.30319e+25
7.16655e+25
7.07277e+25
7.0531e+25
7.15324e+25
7.43822e+25
7.99203e+25
8.89597e+25
1.01633e+26
1.16507e+26
1.30703e+26
1.41741e+26
1.49106e+26
1.53765e+26
1.56924e+26
1.59381e+26
1.61489e+26
1.6333e+26
1.64877e+26
1.66098e+26
1.00577e+26
1.00288e+26
9.97184e+25
9.8863e+25
9.77215e+25
9.62993e+25
9.46113e+25
9.26855e+25
9.05687e+25
8.83337e+25
8.60894e+25
8.3995e+25
8.22817e+25
8.12854e+25
8.14947e+25
8.36034e+25
8.85026e+25
9.702e+25
1.09152e+26
1.23133e+26
1.35901e+26
1.45327e+26
1.51419e+26
1.55345e+26
1.58188e+26
1.60533e+26
1.62571e+26
1.64306e+26
1.65697e+26
1.66732e+26
1.01497e+26
1.01204e+26
1.00627e+26
9.97604e+25
9.86055e+25
9.71679e+25
9.54632e+25
9.35202e+25
9.13871e+25
8.91386e+25
8.68863e+25
8.47938e+25
8.30978e+25
8.2142e+25
8.24251e+25
8.46503e+25
8.97062e+25
9.83795e+25
1.10563e+26
1.24386e+26
1.36821e+26
1.45905e+26
1.51764e+26
1.55571e+26
1.5836e+26
1.60678e+26
1.62694e+26
1.64406e+26
1.65772e+26
1.66784e+26
1.01171e+26
1.00881e+26
1.0031e+26
9.94527e+25
9.83073e+25
9.68794e+25
9.51831e+25
9.32461e+25
9.11144e+25
8.88599e+25
8.65904e+25
8.4464e+25
8.27105e+25
8.16632e+25
8.18075e+25
8.38326e+25
8.86267e+25
9.70238e+25
1.09047e+26
1.2297e+26
1.35747e+26
1.45214e+26
1.51344e+26
1.55293e+26
1.58147e+26
1.60496e+26
1.62538e+26
1.64278e+26
1.65674e+26
1.66715e+26
1.02273e+26
1.01963e+26
1.01356e+26
1.00453e+26
9.92603e+25
9.77899e+25
9.60643e+25
9.41219e+25
9.20232e+25
8.98601e+25
8.77673e+25
8.59407e+25
8.46623e+25
8.43393e+25
8.55504e+25
8.90659e+25
9.57194e+25
1.05905e+26
1.18701e+26
1.31607e+26
1.42055e+26
1.49204e+26
1.53807e+26
1.56981e+26
1.59482e+26
1.61635e+26
1.63503e+26
1.65052e+26
1.66252e+26
1.67115e+26
1.45395e+26
1.45837e+26
1.46047e+26
1.45753e+26
1.4489e+26
1.4346e+26
1.41483e+26
1.38975e+26
1.35945e+26
1.32408e+26
1.28398e+26
1.23984e+26
1.19299e+26
1.14568e+26
1.10142e+26
1.06553e+26
1.04596e+26
1.0545e+26
1.1069e+26
1.21622e+26
1.37314e+26
1.53428e+26
1.65712e+26
1.73639e+26
1.78873e+26
1.8281e+26
1.86029e+26
1.88633e+26
1.90603e+26
1.91966e+26
1.49614e+26
1.5047e+26
1.51047e+26
1.51006e+26
1.50301e+26
1.4897e+26
1.47054e+26
1.44579e+26
1.41558e+26
1.37999e+26
1.33923e+26
1.29382e+26
1.24487e+26
1.19434e+26
1.14543e+26
1.103e+26
1.07428e+26
1.07004e+26
1.10533e+26
1.1956e+26
1.34002e+26
1.50265e+26
1.63531e+26
1.72302e+26
1.77988e+26
1.82146e+26
1.8551e+26
1.88242e+26
1.90331e+26
1.91793e+26
1.50072e+26
1.50958e+26
1.51561e+26
1.51538e+26
1.50845e+26
1.49522e+26
1.47611e+26
1.45141e+26
1.42122e+26
1.38564e+26
1.34486e+26
1.29938e+26
1.2503e+26
1.19956e+26
1.15035e+26
1.10751e+26
1.07826e+26
1.07331e+26
1.10768e+26
1.19682e+26
1.34023e+26
1.50235e+26
1.63498e+26
1.7228e+26
1.77975e+26
1.82139e+26
1.85506e+26
1.8824e+26
1.9033e+26
1.91793e+26
1.50021e+26
1.50976e+26
1.51636e+26
1.51652e+26
1.50984e+26
1.49679e+26
1.47784e+26
1.45329e+26
1.42326e+26
1.38782e+26
1.34716e+26
1.30175e+26
1.25266e+26
1.20177e+26
1.15221e+26
1.10873e+26
1.07845e+26
1.07191e+26
1.10402e+26
1.19058e+26
1.33239e+26
1.49525e+26
1.63013e+26
1.71985e+26
1.7778e+26
1.81992e+26
1.85388e+26
1.8815e+26
1.90266e+26
1.91751e+26
1.49646e+26
1.50659e+26
1.51365e+26
1.51411e+26
1.50764e+26
1.49475e+26
1.47597e+26
1.45158e+26
1.42173e+26
1.38649e+26
1.34603e+26
1.30081e+26
1.25183e+26
1.20095e+26
1.15122e+26
1.1073e+26
1.07619e+26
1.06828e+26
1.09835e+26
1.18252e+26
1.32295e+26
1.48689e+26
1.62443e+26
1.71636e+26
1.77549e+26
1.81815e+26
1.85244e+26
1.88037e+26
1.90184e+26
1.91697e+26
1.5073e+26
1.51314e+26
1.5165e+26
1.51442e+26
1.50625e+26
1.49211e+26
1.47226e+26
1.44686e+26
1.416e+26
1.37979e+26
1.33851e+26
1.29279e+26
1.24395e+26
1.19424e+26
1.14723e+26
1.10836e+26
1.08566e+26
1.09091e+26
1.13963e+26
1.24429e+26
1.39495e+26
1.54893e+26
1.66595e+26
1.74192e+26
1.79283e+26
1.83158e+26
1.86328e+26
1.88875e+26
1.90781e+26
1.92085e+26
1.66695e+26
1.88849e+26
1.99774e+26
2.02978e+26
2.03131e+26
2.02007e+26
2.00093e+26
1.97526e+26
1.94327e+26
1.90464e+26
1.85877e+26
1.80494e+26
1.74257e+26
1.67165e+26
1.59344e+26
1.51129e+26
1.43141e+26
1.36342e+26
1.3215e+26
1.32595e+26
1.40028e+26
1.54828e+26
1.72243e+26
1.86117e+26
1.95292e+26
2.01618e+26
2.0644e+26
2.10167e+26
2.12863e+26
2.14626e+26
1.63225e+26
1.91505e+26
2.05024e+26
2.08652e+26
2.08819e+26
2.07705e+26
2.05824e+26
2.03312e+26
2.00183e+26
1.96402e+26
1.91899e+26
1.86593e+26
1.80403e+26
1.73294e+26
1.65341e+26
1.56823e+26
1.48307e+26
1.40703e+26
1.3534e+26
1.34125e+26
1.39445e+26
1.5245e+26
1.69535e+26
1.84169e+26
1.94054e+26
2.00763e+26
2.05806e+26
2.09707e+26
2.12557e+26
2.14443e+26
1.62328e+26
1.91401e+26
2.05221e+26
2.08875e+26
2.09033e+26
2.07918e+26
2.06042e+26
2.0354e+26
2.00426e+26
1.96663e+26
1.92183e+26
1.86902e+26
1.8074e+26
1.73655e+26
1.65718e+26
1.57196e+26
1.48647e+26
1.4097e+26
1.35484e+26
1.34082e+26
1.39158e+26
1.51963e+26
1.69048e+26
1.83831e+26
1.93843e+26
2.00618e+26
2.05698e+26
2.09629e+26
2.12505e+26
2.14412e+26
1.61364e+26
1.91204e+26
2.0532e+26
2.08998e+26
2.09149e+26
2.08033e+26
2.06165e+26
2.03675e+26
2.00577e+26
1.96834e+26
1.92377e+26
1.87124e+26
1.80991e+26
1.73935e+26
1.66016e+26
1.57494e+26
1.48912e+26
1.41156e+26
1.35526e+26
1.33892e+26
1.38654e+26
1.51193e+26
1.68287e+26
1.83296e+26
1.93503e+26
2.00381e+26
2.05517e+26
2.09493e+26
2.12412e+26
2.14355e+26
1.6714e+26
1.92448e+26
2.0456e+26
2.07928e+26
2.08072e+26
2.06939e+26
2.05024e+26
2.02461e+26
1.99267e+26
1.95405e+26
1.90806e+26
1.8539e+26
1.79084e+26
1.71865e+26
1.6384e+26
1.55335e+26
1.46973e+26
1.3973e+26
1.35023e+26
1.34865e+26
1.41594e+26
1.55702e+26
1.72651e+26
1.86328e+26
1.95445e+26
2.01757e+26
2.06566e+26
2.10272e+26
2.12941e+26
2.14677e+26
1.34827e+26
2.14923e+26
2.50202e+26
2.55784e+26
2.55321e+26
2.53924e+26
2.51981e+26
2.49527e+26
2.4653e+26
2.42923e+26
2.3861e+26
2.33469e+26
2.27338e+26
2.20009e+26
2.11255e+26
2.00953e+26
1.89329e+26
1.77209e+26
1.66056e+26
1.57917e+26
1.55524e+26
1.61899e+26
1.77062e+26
1.94423e+26
2.07655e+26
2.16654e+26
2.23169e+26
2.28001e+26
2.31362e+26
2.33454e+26
1.26458e+26
2.14841e+26
2.5521e+26
2.61631e+26
2.61154e+26
2.59794e+26
2.57928e+26
2.55581e+26
2.52712e+26
2.4925e+26
2.45098e+26
2.40134e+26
2.34196e+26
2.27074e+26
2.18514e+26
2.0831e+26
1.96535e+26
1.83854e+26
1.71635e+26
1.61844e+26
1.57062e+26
1.60418e+26
1.73302e+26
1.90706e+26
2.05111e+26
2.14959e+26
2.21957e+26
2.27145e+26
2.30809e+26
2.33137e+26
1.25714e+26
2.15119e+26
2.55996e+26
2.62473e+26
2.61996e+26
2.60646e+26
2.58798e+26
2.56472e+26
2.53628e+26
2.50193e+26
2.46072e+26
2.41142e+26
2.35241e+26
2.28159e+26
2.19638e+26
2.0946e+26
1.97676e+26
1.84925e+26
1.72562e+26
1.62547e+26
1.57445e+26
1.60386e+26
1.7291e+26
1.90252e+26
2.04789e+26
2.14749e+26
2.21811e+26
2.27044e+26
2.30744e+26
2.331e+26
1.24859e+26
2.14692e+26
2.55768e+26
2.62247e+26
2.61766e+26
2.60426e+26
2.58593e+26
2.56285e+26
2.53463e+26
2.50053e+26
2.4596e+26
2.41063e+26
2.35203e+26
2.28173e+26
2.19718e+26
2.09615e+26
1.97895e+26
1.85165e+26
1.72748e+26
1.6258e+26
1.57206e+26
1.59765e+26
1.7199e+26
1.894e+26
2.0421e+26
2.14363e+26
2.21532e+26
2.26843e+26
2.30611e+26
2.33022e+26
1.34678e+26
2.18418e+26
2.54934e+26
2.6055e+26
2.60059e+26
2.58673e+26
2.56754e+26
2.54331e+26
2.51366e+26
2.47788e+26
2.43501e+26
2.38377e+26
2.32245e+26
2.24881e+26
2.16031e+26
2.05531e+26
1.93578e+26
1.81003e+26
1.69313e+26
1.60591e+26
1.57555e+26
1.63215e+26
1.77728e+26
1.94724e+26
2.07837e+26
2.16806e+26
2.23301e+26
2.28106e+26
2.31436e+26
2.33499e+26
1.096e+26
2.27624e+26
2.8653e+26
2.96213e+26
2.95676e+26
2.94381e+26
2.92694e+26
2.90589e+26
2.88005e+26
2.84861e+26
2.81061e+26
2.76488e+26
2.70989e+26
2.64346e+26
2.56223e+26
2.46137e+26
2.33595e+26
2.18605e+26
2.02357e+26
1.87259e+26
1.76396e+26
1.7342e+26
1.81627e+26
1.98692e+26
2.15535e+26
2.27597e+26
2.36025e+26
2.4207e+26
2.46166e+26
2.48635e+26
1.01874e+26
2.25647e+26
2.91415e+26
3.03054e+26
3.02664e+26
3.01475e+26
2.99934e+26
2.98011e+26
2.9564e+26
2.92741e+26
2.89214e+26
2.84943e+26
2.79779e+26
2.73518e+26
2.65839e+26
2.56256e+26
2.44171e+26
2.29279e+26
2.12362e+26
1.95663e+26
1.82284e+26
1.75767e+26
1.79817e+26
1.94494e+26
2.11874e+26
2.25126e+26
2.34325e+26
2.409e+26
2.45426e+26
2.48224e+26
1.02057e+26
2.26072e+26
2.91756e+26
3.03322e+26
3.02941e+26
3.01775e+26
3.00262e+26
2.9837e+26
2.96034e+26
2.93173e+26
2.89689e+26
2.85468e+26
2.80363e+26
2.74171e+26
2.66576e+26
2.5709e+26
2.45104e+26
2.30276e+26
2.13337e+26
1.96511e+26
1.82913e+26
1.76089e+26
1.79771e+26
1.94198e+26
2.11586e+26
2.24934e+26
2.34199e+26
2.40816e+26
2.45375e+26
2.48197e+26
1.01246e+26
2.25673e+26
2.91992e+26
3.03749e+26
3.03382e+26
3.02226e+26
3.00726e+26
2.9885e+26
2.96533e+26
2.93693e+26
2.90235e+26
2.86041e+26
2.80969e+26
2.74818e+26
2.67276e+26
2.57864e+26
2.45964e+26
2.31204e+26
2.14254e+26
1.97297e+26
1.83447e+26
1.76245e+26
1.79455e+26
1.93577e+26
2.11035e+26
2.24563e+26
2.33946e+26
2.40641e+26
2.45263e+26
2.48134e+26
1.01253e+26
2.25871e+26
2.92223e+26
3.03954e+26
3.03599e+26
3.02464e+26
3.00988e+26
2.99137e+26
2.96847e+26
2.94035e+26
2.90603e+26
2.86435e+26
2.81387e+26
2.75263e+26
2.67757e+26
2.58399e+26
2.46578e+26
2.31895e+26
2.14957e+26
1.97894e+26
1.83805e+26
1.76218e+26
1.78937e+26
1.9275e+26
2.10323e+26
2.24084e+26
2.33617e+26
2.40412e+26
2.45115e+26
2.4805e+26
1.07763e+26
2.29582e+26
2.91172e+26
3.01411e+26
3.0094e+26
2.99732e+26
2.98155e+26
2.96176e+26
2.93732e+26
2.9074e+26
2.87104e+26
2.82705e+26
2.77397e+26
2.70966e+26
2.63083e+26
2.53249e+26
2.40883e+26
2.25792e+26
2.08953e+26
1.92745e+26
1.80305e+26
1.7524e+26
1.81108e+26
1.96882e+26
2.13951e+26
2.26551e+26
2.35324e+26
2.41601e+26
2.45878e+26
2.4848e+26
9.59641e+25
2.3456e+26
3.13474e+26
3.28546e+26
3.28387e+26
3.27335e+26
3.25975e+26
3.24257e+26
3.22109e+26
3.19442e+26
3.16158e+26
3.12145e+26
3.07276e+26
3.01376e+26
2.94164e+26
2.85139e+26
2.73488e+26
2.583e+26
2.39498e+26
2.19088e+26
2.00896e+26
1.89149e+26
1.882e+26
2.0015e+26
2.18311e+26
2.33397e+26
2.43909e+26
2.51265e+26
2.56195e+26
2.59143e+26
8.94635e+25
2.30918e+26
3.165e+26
3.34033e+26
3.34096e+26
3.3313e+26
3.31886e+26
3.30312e+26
3.28334e+26
3.25862e+26
3.22793e+26
3.19016e+26
3.14405e+26
3.08795e+26
3.01934e+26
2.93372e+26
2.82335e+26
2.67802e+26
2.49264e+26
2.28139e+26
2.08124e+26
1.93603e+26
1.88947e+26
1.97377e+26
2.14668e+26
2.30714e+26
2.42098e+26
2.5004e+26
2.55426e+26
2.5872e+26
8.96204e+25
2.3122e+26
3.16775e+26
3.34264e+26
3.34337e+26
3.33392e+26
3.32172e+26
3.30624e+26
3.28674e+26
3.2623e+26
3.23191e+26
3.19444e+26
3.14864e+26
3.09288e+26
3.0247e+26
2.93971e+26
2.83027e+26
2.68613e+26
2.50167e+26
2.29019e+26
2.08832e+26
1.94019e+26
1.88969e+26
1.97015e+26
2.14208e+26
2.3038e+26
2.41879e+26
2.49895e+26
2.55338e+26
2.58672e+26
9.03783e+25
2.32194e+26
3.17375e+26
3.3466e+26
3.34741e+26
3.33832e+26
3.32651e+26
3.31145e+26
3.29239e+26
3.26842e+26
3.23851e+26
3.20152e+26
3.15618e+26
3.10089e+26
3.03321e+26
2.94881e+26
2.84019e+26
2.69707e+26
2.51334e+26
2.30137e+26
2.0973e+26
1.94547e+26
1.8898e+26
1.96497e+26
2.13535e+26
2.29881e+26
2.41544e+26
2.49668e+26
2.55193e+26
2.58591e+26
9.59614e+25
2.35955e+26
3.1588e+26
3.31165e+26
3.31062e+26
3.30081e+26
3.28802e+26
3.27173e+26
3.25118e+26
3.22547e+26
3.19358e+26
3.15439e+26
3.10661e+26
3.04853e+26
2.97748e+26
2.88872e+26
2.7743e+26
2.62456e+26
2.43669e+26
2.22836e+26
2.03767e+26
1.90775e+26
1.88252e+26
1.98851e+26
2.16825e+26
2.32361e+26
2.43228e+26
2.50817e+26
2.55923e+26
2.58998e+26
9.00075e+25
2.37694e+26
3.28032e+26
3.46763e+26
3.46949e+26
3.46068e+26
3.4492e+26
3.43449e+26
3.41575e+26
3.39206e+26
3.36239e+26
3.32565e+26
3.28064e+26
3.22591e+26
3.15913e+26
3.07596e+26
2.9682e+26
2.8236e+26
2.63275e+26
2.40608e+26
2.18314e+26
2.01428e+26
1.94719e+26
2.01906e+26
2.19265e+26
2.35994e+26
2.47928e+26
2.56179e+26
2.61674e+26
2.64948e+26
8.34407e+25
2.32705e+26
3.29925e+26
3.5153e+26
3.52003e+26
3.51207e+26
3.50176e+26
3.4885e+26
3.47149e+26
3.44978e+26
3.4223e+26
3.38791e+26
3.34538e+26
3.29328e+26
3.22952e+26
3.15033e+26
3.0485e+26
2.9122e+26
2.72921e+26
2.50244e+26
2.2655e+26
2.0705e+26
1.96673e+26
1.99737e+26
2.15173e+26
2.32677e+26
2.45686e+26
2.54674e+26
2.60732e+26
2.64432e+26
8.2943e+25
2.32422e+26
3.30302e+26
3.52177e+26
3.52682e+26
3.51901e+26
3.50888e+26
3.49586e+26
3.47912e+26
3.45772e+26
3.43058e+26
3.39655e+26
3.35441e+26
3.30273e+26
3.23945e+26
3.16084e+26
3.05979e+26
2.92448e+26
2.7424e+26
2.5155e+26
2.27662e+26
2.07812e+26
1.96967e+26
1.99502e+26
2.14657e+26
2.32248e+26
2.45402e+26
2.54488e+26
2.60616e+26
2.64369e+26
8.34321e+25
2.33013e+26
3.30594e+26
3.52302e+26
3.5281e+26
3.52057e+26
3.51075e+26
3.49805e+26
3.48167e+26
3.46062e+26
3.43384e+26
3.40016e+26
3.35832e+26
3.3069e+26
3.24384e+26
3.16552e+26
3.06503e+26
2.93076e+26
2.7501e+26
2.52408e+26
2.28429e+26
2.083e+26
1.9702e+26
1.99029e+26
2.13916e+26
2.3165e+26
2.45001e+26
2.54217e+26
2.60444e+26
2.64272e+26
9.00645e+25
2.38424e+26
3.29358e+26
3.48236e+26
3.48468e+26
3.47644e+26
3.46561e+26
3.45162e+26
3.43365e+26
3.41077e+26
3.38192e+26
3.34597e+26
3.30172e+26
3.24771e+26
3.18171e+26
3.09961e+26
2.99363e+26
2.85161e+26
2.66305e+26
2.43568e+26
2.20734e+26
2.02925e+26
1.94977e+26
2.00888e+26
2.17821e+26
2.34916e+26
2.47218e+26
2.55712e+26
2.61388e+26
2.64796e+26
8.86104e+25
2.39541e+26
3.33919e+26
3.53971e+26
3.54299e+26
3.53489e+26
3.52426e+26
3.51047e+26
3.49272e+26
3.47005e+26
3.4414e+26
3.40564e+26
3.36158e+26
3.3078e+26
3.24218e+26
3.16073e+26
3.05574e+26
2.91468e+26
2.72546e+26
2.4932e+26
2.2549e+26
2.06401e+26
1.97032e+26
2.01592e+26
2.1798e+26
2.35339e+26
2.47982e+26
2.567e+26
2.62523e+26
2.6602e+26
8.08355e+25
2.33119e+26
3.35739e+26
3.59389e+26
3.60093e+26
3.59389e+26
3.58468e+26
3.5727e+26
3.55713e+26
3.53697e+26
3.51113e+26
3.47843e+26
3.43763e+26
3.38732e+26
3.3256e+26
3.24909e+26
3.15121e+26
3.02038e+26
2.84227e+26
2.61353e+26
2.36162e+26
2.14069e+26
2.0038e+26
1.9975e+26
2.13013e+26
2.30963e+26
2.45001e+26
2.547e+26
2.61258e+26
2.65317e+26
8.02199e+25
2.32557e+26
3.35825e+26
3.59772e+26
3.6051e+26
3.59816e+26
3.58909e+26
3.57729e+26
3.56193e+26
3.54203e+26
3.51648e+26
3.48412e+26
3.44371e+26
3.39388e+26
3.33274e+26
3.25702e+26
3.16025e+26
3.0309e+26
2.8544e+26
2.62643e+26
2.37343e+26
2.14958e+26
2.00856e+26
1.9973e+26
2.12637e+26
2.30588e+26
2.44747e+26
2.54535e+26
2.61156e+26
2.65261e+26
7.97155e+25
2.32094e+26
3.35919e+26
3.60125e+26
3.60896e+26
3.60218e+26
3.5933e+26
3.58173e+26
3.56663e+26
3.54702e+26
3.52179e+26
3.48977e+26
3.44972e+26
3.40026e+26
3.33953e+26
3.26432e+26
3.16831e+26
3.04014e+26
2.86511e+26
2.63809e+26
2.38425e+26
2.15754e+26
2.01218e+26
1.99548e+26
2.12068e+26
2.30055e+26
2.44384e+26
2.54293e+26
2.61002e+26
2.65174e+26
7.84152e+25
2.30775e+26
3.3592e+26
3.60767e+26
3.61601e+26
3.60926e+26
3.60046e+26
3.58901e+26
3.57408e+26
3.55468e+26
3.5297e+26
3.49794e+26
3.45814e+26
3.40891e+26
3.3484e+26
3.27343e+26
3.17782e+26
3.05039e+26
2.87647e+26
2.65022e+26
2.39548e+26
2.16578e+26
2.01572e+26
1.99297e+26
2.11366e+26
2.29392e+26
2.43927e+26
2.53984e+26
2.60801e+26
2.65059e+26
8.39929e+25
2.35637e+26
3.34712e+26
3.56781e+26
3.57324e+26
3.56591e+26
3.55627e+26
3.54372e+26
3.52743e+26
3.50643e+26
3.47961e+26
3.44582e+26
3.40381e+26
3.35221e+26
3.28907e+26
3.21091e+26
3.11099e+26
2.97754e+26
2.79681e+26
2.56766e+26
2.32038e+26
2.10906e+26
1.98575e+26
1.99657e+26
2.14196e+26
2.322e+26
2.45871e+26
2.5529e+26
2.61638e+26
2.65533e+26
8.74682e+25
2.36608e+26
3.30419e+26
3.50457e+26
3.5082e+26
3.50053e+26
3.4904e+26
3.47722e+26
3.46016e+26
3.43828e+26
3.41049e+26
3.37562e+26
3.33242e+26
3.27943e+26
3.21457e+26
3.13417e+26
3.03129e+26
2.89459e+26
2.71234e+26
2.48711e+26
2.2512e+26
2.0554e+26
1.94814e+26
1.97274e+26
2.12276e+26
2.29795e+26
2.42906e+26
2.5197e+26
2.58126e+26
2.6194e+26
8.04172e+25
2.3065e+26
3.3178e+26
3.55046e+26
3.55742e+26
3.55066e+26
3.54178e+26
3.53019e+26
3.51507e+26
3.49545e+26
3.47023e+26
3.4382e+26
3.39808e+26
3.34843e+26
3.28731e+26
3.21148e+26
3.11485e+26
2.98682e+26
2.81406e+26
2.59252e+26
2.34622e+26
2.12568e+26
1.98222e+26
1.96165e+26
2.08012e+26
2.25753e+26
2.40122e+26
2.5009e+26
2.56907e+26
2.61238e+26
7.80668e+25
2.28013e+26
3.31133e+26
3.55408e+26
3.56188e+26
3.55493e+26
3.54588e+26
3.53417e+26
3.51898e+26
3.49933e+26
3.47413e+26
3.44217e+26
3.40217e+26
3.35272e+26
3.29191e+26
3.21659e+26
3.1208e+26
2.99406e+26
2.82288e+26
2.60244e+26
2.35565e+26
2.13285e+26
1.98583e+26
1.96075e+26
2.07574e+26
2.25312e+26
2.39817e+26
2.49885e+26
2.56776e+26
2.61163e+26
7.65932e+25
2.26474e+26
3.31046e+26
3.56046e+26
3.56898e+26
3.56204e+26
3.55307e+26
3.54148e+26
3.52647e+26
3.50705e+26
3.48213e+26
3.4505e+26
3.41087e+26
3.3618e+26
3.30141e+26
3.22657e+26
3.13139e+26
3.00551e+26
2.83538e+26
2.61552e+26
2.36772e+26
2.142e+26
1.99051e+26
1.95962e+26
2.06982e+26
2.247e+26
2.39388e+26
2.49593e+26
2.56582e+26
2.61048e+26
8.21307e+25
2.31082e+26
3.2932e+26
3.51416e+26
3.5196e+26
3.51207e+26
3.50224e+26
3.48953e+26
3.47312e+26
3.45207e+26
3.42528e+26
3.39159e+26
3.34976e+26
3.29837e+26
3.23553e+26
3.15792e+26
3.05927e+26
2.92876e+26
2.75367e+26
2.53249e+26
2.29262e+26
2.08458e+26
1.9583e+26
1.95924e+26
2.09473e+26
2.27366e+26
2.41253e+26
2.50851e+26
2.57403e+26
2.61527e+26
9.00884e+25
2.3234e+26
3.18293e+26
3.35818e+26
3.35958e+26
3.35109e+26
3.33991e+26
3.3255e+26
3.30708e+26
3.28373e+26
3.25435e+26
3.21774e+26
3.17254e+26
3.11711e+26
3.04911e+26
2.96471e+26
2.85738e+26
2.71777e+26
2.53869e+26
2.32775e+26
2.11625e+26
1.94697e+26
1.86218e+26
1.90096e+26
2.05262e+26
2.22177e+26
2.34688e+26
2.4338e+26
2.49416e+26
2.53291e+26
8.27621e+25
2.26261e+26
3.19048e+26
3.39464e+26
3.39884e+26
3.39119e+26
3.38117e+26
3.36827e+26
3.35169e+26
3.33051e+26
3.30366e+26
3.26991e+26
3.22796e+26
3.17624e+26
3.11265e+26
3.03386e+26
2.93401e+26
2.80392e+26
2.63392e+26
2.42505e+26
2.20258e+26
2.00991e+26
1.89075e+26
1.88682e+26
2.00989e+26
2.18224e+26
2.31972e+26
2.41521e+26
2.48176e+26
2.52548e+26
8.00382e+25
2.23514e+26
3.18678e+26
3.40222e+26
3.40728e+26
3.39943e+26
3.38927e+26
3.37628e+26
3.35967e+26
3.33852e+26
3.31174e+26
3.27814e+26
3.23637e+26
3.1849e+26
3.12162e+26
3.0432e+26
2.94386e+26
2.81441e+26
2.645e+26
2.43609e+26
2.21224e+26
2.01692e+26
1.89406e+26
1.88558e+26
2.00528e+26
2.17775e+26
2.31663e+26
2.41312e+26
2.48036e+26
2.52463e+26
7.81108e+25
2.21379e+26
3.18136e+26
3.40476e+26
3.41045e+26
3.40246e+26
3.3922e+26
3.37914e+26
3.36251e+26
3.34137e+26
3.31465e+26
3.28113e+26
3.23948e+26
3.18814e+26
3.12506e+26
3.04696e+26
2.9482e+26
2.81975e+26
2.65167e+26
2.44376e+26
2.21959e+26
2.02232e+26
1.89605e+26
1.88293e+26
1.99904e+26
2.17178e+26
2.31247e+26
2.41025e+26
2.47841e+26
2.52343e+26
8.43941e+25
2.25694e+26
3.15156e+26
3.34371e+26
3.34627e+26
3.33754e+26
3.32623e+26
3.31182e+26
3.29354e+26
3.27046e+26
3.24153e+26
3.20554e+26
3.16119e+26
3.10689e+26
3.0405e+26
2.95854e+26
2.85504e+26
2.72104e+26
2.54848e+26
2.34197e+26
2.12964e+26
1.95378e+26
1.85712e+26
1.88106e+26
2.02571e+26
2.2004e+26
2.33244e+26
2.4238e+26
2.48748e+26
2.52893e+26
9.73109e+25
2.26292e+26
2.97867e+26
3.11137e+26
3.10943e+26
3.09921e+26
3.08577e+26
3.06873e+26
3.04739e+26
3.02091e+26
2.98828e+26
2.9483e+26
2.89959e+26
2.84035e+26
2.76798e+26
2.67841e+26
2.56581e+26
2.42429e+26
2.25431e+26
2.07083e+26
1.90223e+26
1.78131e+26
1.74344e+26
1.81737e+26
1.97426e+26
2.12643e+26
2.23517e+26
2.31166e+26
2.36637e+26
2.40296e+26
8.83795e+25
2.1938e+26
2.97802e+26
3.13641e+26
3.13658e+26
3.12717e+26
3.11488e+26
3.09932e+26
3.0798e+26
3.05543e+26
3.02518e+26
2.98787e+26
2.9421e+26
2.88617e+26
2.81776e+26
2.7334e+26
2.62784e+26
2.49468e+26
2.33085e+26
2.1454e+26
1.96353e+26
1.81825e+26
1.74457e+26
1.77769e+26
1.91591e+26
2.07971e+26
2.20371e+26
2.2897e+26
2.35118e+26
2.39341e+26
8.6461e+25
2.17853e+26
2.97934e+26
3.14455e+26
3.14516e+26
3.1357e+26
3.12342e+26
3.10792e+26
3.0885e+26
3.06431e+26
3.03431e+26
2.99732e+26
2.95195e+26
2.89652e+26
2.82872e+26
2.74509e+26
2.64035e+26
2.50795e+26
2.34441e+26
2.15826e+26
1.97454e+26
1.82647e+26
1.74911e+26
1.77785e+26
1.91299e+26
2.0767e+26
2.20165e+26
2.28831e+26
2.35024e+26
2.39282e+26
8.58152e+25
2.17304e+26
2.97872e+26
3.14589e+26
3.14671e+26
3.13736e+26
3.12523e+26
3.1099e+26
3.0907e+26
3.06676e+26
3.03704e+26
3.00037e+26
2.95538e+26
2.9004e+26
2.83315e+26
2.75022e+26
2.64639e+26
2.51504e+26
2.35239e+26
2.16633e+26
1.98151e+26
1.83122e+26
1.75055e+26
1.77524e+26
1.90784e+26
2.07216e+26
2.1986e+26
2.28622e+26
2.3488e+26
2.3919e+26
8.3398e+25
2.14999e+26
2.97522e+26
3.15111e+26
3.15247e+26
3.14294e+26
3.13066e+26
3.11523e+26
3.09596e+26
3.07198e+26
3.04226e+26
3.00561e+26
2.96066e+26
2.90573e+26
2.83857e+26
2.75581e+26
2.65231e+26
2.52149e+26
2.35936e+26
2.17324e+26
1.98729e+26
1.83469e+26
1.75049e+26
1.77075e+26
1.90059e+26
2.06595e+26
2.1944e+26
2.28329e+26
2.34673e+26
2.39055e+26
8.8867e+25
2.18382e+26
2.95473e+26
3.10953e+26
3.10917e+26
3.09923e+26
3.08631e+26
3.07003e+26
3.04971e+26
3.02447e+26
2.9933e+26
2.955e+26
2.90819e+26
2.85116e+26
2.78157e+26
2.69593e+26
2.58905e+26
2.45488e+26
2.29123e+26
2.10835e+26
1.93173e+26
1.79384e+26
1.72979e+26
1.77449e+26
1.92116e+26
2.08593e+26
2.20805e+26
2.29262e+26
2.35316e+26
2.39466e+26
1.09896e+26
2.1421e+26
2.66325e+26
2.75133e+26
2.74775e+26
2.73598e+26
2.72005e+26
2.69995e+26
2.67519e+26
2.64503e+26
2.60854e+26
2.56455e+26
2.51165e+26
2.44797e+26
2.37105e+26
2.27783e+26
2.16558e+26
2.03468e+26
1.89251e+26
1.75442e+26
1.64122e+26
1.57802e+26
1.59402e+26
1.70283e+26
1.85913e+26
1.99135e+26
2.0824e+26
2.14729e+26
2.19556e+26
2.2298e+26
1.01302e+26
2.09919e+26
2.67705e+26
2.78117e+26
2.7785e+26
2.76736e+26
2.75243e+26
2.73363e+26
2.71045e+26
2.68216e+26
2.64779e+26
2.60619e+26
2.55595e+26
2.4953e+26
2.42191e+26
2.33277e+26
2.22472e+26
2.09651e+26
1.95285e+26
1.807e+26
1.67888e+26
1.59249e+26
1.5766e+26
1.65536e+26
1.806e+26
1.95277e+26
2.05679e+26
2.12895e+26
2.18225e+26
2.22084e+26
9.94903e+25
2.08752e+26
2.6778e+26
2.78606e+26
2.78355e+26
2.77235e+26
2.7574e+26
2.73862e+26
2.71552e+26
2.68734e+26
2.65314e+26
2.61179e+26
2.56189e+26
2.50168e+26
2.42886e+26
2.3404e+26
2.23305e+26
2.10536e+26
1.96168e+26
1.81509e+26
1.68547e+26
1.59684e+26
1.5779e+26
1.65342e+26
1.80257e+26
1.94999e+26
2.05496e+26
2.1277e+26
2.18136e+26
2.22026e+26
9.79708e+25
2.07849e+26
2.68062e+26
2.79296e+26
2.79069e+26
2.77954e+26
2.76467e+26
2.74603e+26
2.7231e+26
2.69512e+26
2.66116e+26
2.62007e+26
2.57045e+26
2.51053e+26
2.43802e+26
2.34988e+26
2.24282e+26
2.11522e+26
1.97117e+26
1.82349e+26
1.69201e+26
1.60062e+26
1.57788e+26
1.64926e+26
1.79663e+26
1.94529e+26
2.05184e+26
2.12549e+26
2.17974e+26
2.21913e+26
1.03202e+26
2.08742e+26
2.64164e+26
2.74072e+26
2.73789e+26
2.72653e+26
2.71126e+26
2.6921e+26
2.66858e+26
2.64e+26
2.60548e+26
2.56391e+26
2.51394e+26
2.45382e+26
2.38119e+26
2.293e+26
2.18613e+26
2.0597e+26
1.91907e+26
1.77799e+26
1.65646e+26
1.57877e+26
1.57414e+26
1.66431e+26
1.81939e+26
1.96314e+26
2.06355e+26
2.13363e+26
2.18559e+26
2.22307e+26
1.4128e+26
1.98156e+26
2.24605e+26
2.2997e+26
2.30053e+26
2.28953e+26
2.27206e+26
2.24913e+26
2.22069e+26
2.18624e+26
2.14501e+26
2.096e+26
2.03806e+26
1.96995e+26
1.89068e+26
1.80022e+26
1.70055e+26
1.59683e+26
1.49774e+26
1.41541e+26
1.36606e+26
1.37089e+26
1.44908e+26
1.58901e+26
1.73343e+26
1.83865e+26
1.90851e+26
1.95925e+26
1.99871e+26
2.02851e+26
1.30788e+26
1.94945e+26
2.2573e+26
2.31779e+26
2.31848e+26
2.30794e+26
2.29155e+26
2.27017e+26
2.24376e+26
2.2118e+26
2.17355e+26
2.12801e+26
2.07402e+26
2.01023e+26
1.93534e+26
1.84861e+26
1.75096e+26
1.64621e+26
1.54196e+26
1.4494e+26
1.38348e+26
1.364e+26
1.41342e+26
1.53591e+26
1.68672e+26
1.8077e+26
1.88806e+26
1.94415e+26
1.98717e+26
2.02019e+26
1.29533e+26
1.94862e+26
2.26433e+26
2.32636e+26
2.32704e+26
2.31649e+26
2.30012e+26
2.27881e+26
2.25249e+26
2.22064e+26
2.18251e+26
2.13711e+26
2.08324e+26
2.01957e+26
1.94476e+26
1.858e+26
1.76012e+26
1.65485e+26
1.5497e+26
1.45583e+26
1.38813e+26
1.36626e+26
1.41278e+26
1.53298e+26
1.68351e+26
1.80547e+26
1.88665e+26
1.94318e+26
1.98646e+26
2.01968e+26
1.28029e+26
1.93925e+26
2.25991e+26
2.32301e+26
2.32368e+26
2.31314e+26
2.29683e+26
2.27563e+26
2.24945e+26
2.21781e+26
2.17995e+26
2.13489e+26
2.08146e+26
2.01834e+26
1.94418e+26
1.85816e+26
1.76098e+26
1.65621e+26
1.55117e+26
1.45688e+26
1.38808e+26
1.36429e+26
1.40828e+26
1.52668e+26
1.67779e+26
1.80161e+26
1.88414e+26
1.94134e+26
1.98505e+26
2.01865e+26
1.34818e+26
1.9273e+26
2.20404e+26
2.26062e+26
2.26171e+26
2.2511e+26
2.2343e+26
2.21233e+26
2.18516e+26
2.15236e+26
2.1132e+26
2.06675e+26
2.01191e+26
1.94749e+26
1.87243e+26
1.78641e+26
1.69084e+26
1.59001e+26
1.4917e+26
1.40723e+26
1.35196e+26
1.34656e+26
1.41288e+26
1.54871e+26
1.70176e+26
1.81829e+26
1.89484e+26
1.94893e+26
1.99074e+26
2.02273e+26
1.68269e+26
1.76782e+26
1.82098e+26
1.84371e+26
1.84738e+26
1.83957e+26
1.82376e+26
1.80134e+26
1.77274e+26
1.73789e+26
1.69649e+26
1.64818e+26
1.59275e+26
1.53044e+26
1.46231e+26
1.39068e+26
1.3195e+26
1.25458e+26
1.20393e+26
1.17854e+26
1.19284e+26
1.26043e+26
1.37791e+26
1.50982e+26
1.6151e+26
1.68472e+26
1.73162e+26
1.76741e+26
1.79666e+26
1.82001e+26
1.6059e+26
1.7308e+26
1.80418e+26
1.83337e+26
1.83872e+26
1.83165e+26
1.81664e+26
1.79529e+26
1.7681e+26
1.73503e+26
1.69576e+26
1.64991e+26
1.59715e+26
1.53743e+26
1.47139e+26
1.40067e+26
1.32841e+26
1.25951e+26
1.20094e+26
1.16241e+26
1.15732e+26
1.20178e+26
1.30393e+26
1.44195e+26
1.56812e+26
1.65557e+26
1.71186e+26
1.75211e+26
1.78434e+26
1.81054e+26
1.60481e+26
1.73519e+26
1.81136e+26
1.84142e+26
1.84699e+26
1.84002e+26
1.82508e+26
1.80382e+26
1.77671e+26
1.74372e+26
1.70453e+26
1.65873e+26
1.60596e+26
1.54617e+26
1.47992e+26
1.40885e+26
1.33605e+26
1.26639e+26
1.20683e+26
1.167e+26
1.16021e+26
1.20255e+26
1.30267e+26
1.43976e+26
1.56627e+26
1.65441e+26
1.71114e+26
1.75162e+26
1.78398e+26
1.81028e+26
1.60152e+26
1.73589e+26
1.81402e+26
1.84463e+26
1.85033e+26
1.84342e+26
1.82854e+26
1.80736e+26
1.78036e+26
1.74749e+26
1.70844e+26
1.66277e+26
1.61013e+26
1.55042e+26
1.4842e+26
1.41304e+26
1.34001e+26
1.26991e+26
1.20967e+26
1.16883e+26
1.16063e+26
1.20116e+26
1.29962e+26
1.43621e+26
1.56352e+26
1.65268e+26
1.71003e+26
1.75079e+26
1.78333e+26
1.80978e+26
1.59325e+26
1.73196e+26
1.81224e+26
1.84342e+26
1.8492e+26
1.84228e+26
1.82741e+26
1.80625e+26
1.7793e+26
1.7465e+26
1.70754e+26
1.66199e+26
1.60948e+26
1.5499e+26
1.48378e+26
1.41266e+26
1.33953e+26
1.26913e+26
1.20828e+26
1.16643e+26
1.15666e+26
1.19518e+26
1.29197e+26
1.42876e+26
1.55813e+26
1.64937e+26
1.70788e+26
1.74918e+26
1.78202e+26
1.80875e+26
1.61735e+26
1.72503e+26
1.78994e+26
1.81658e+26
1.82133e+26
1.81405e+26
1.79882e+26
1.77721e+26
1.74969e+26
1.71622e+26
1.67653e+26
1.63025e+26
1.57712e+26
1.51721e+26
1.45128e+26
1.38115e+26
1.31012e+26
1.24326e+26
1.18775e+26
1.15355e+26
1.15441e+26
1.20624e+26
1.31488e+26
1.4546e+26
1.57773e+26
1.66157e+26
1.71575e+26
1.755e+26
1.78662e+26
1.81228e+26
1.50947e+26
1.5181e+26
1.52479e+26
1.52602e+26
1.52113e+26
1.51034e+26
1.49403e+26
1.47245e+26
1.44569e+26
1.41377e+26
1.37674e+26
1.33474e+26
1.28826e+26
1.23829e+26
1.18654e+26
1.13569e+26
1.08961e+26
1.05376e+26
1.03569e+26
1.04565e+26
1.09513e+26
1.18902e+26
1.3115e+26
1.42734e+26
1.51154e+26
1.56552e+26
1.60196e+26
1.63025e+26
1.65412e+26
1.67405e+26
1.50094e+26
1.51555e+26
1.52713e+26
1.53156e+26
1.52864e+26
1.51916e+26
1.50384e+26
1.48313e+26
1.45722e+26
1.42614e+26
1.38989e+26
1.34855e+26
1.30242e+26
1.25226e+26
1.19948e+26
1.14636e+26
1.09629e+26
1.05405e+26
1.02637e+26
1.02257e+26
1.05458e+26
1.13232e+26
1.25034e+26
1.37772e+26
1.47928e+26
1.54574e+26
1.5884e+26
1.61953e+26
1.64517e+26
1.66682e+26
1.50363e+26
1.51914e+26
1.53144e+26
1.53632e+26
1.53368e+26
1.52437e+26
1.50918e+26
1.48858e+26
1.46277e+26
1.43177e+26
1.39558e+26
1.35427e+26
1.30811e+26
1.25785e+26
1.20486e+26
1.15139e+26
1.10082e+26
1.05789e+26
1.02927e+26
1.02421e+26
1.05462e+26
1.13066e+26
1.24758e+26
1.37504e+26
1.47742e+26
1.54462e+26
1.58769e+26
1.61901e+26
1.64476e+26
1.66651e+26
1.50398e+26
1.52066e+26
1.53411e+26
1.53983e+26
1.53771e+26
1.5287e+26
1.51366e+26
1.49312e+26
1.46731e+26
1.43628e+26
1.40003e+26
1.35862e+26
1.31234e+26
1.26192e+26
1.2087e+26
1.15495e+26
1.10399e+26
1.06055e+26
1.03124e+26
1.02526e+26
1.05444e+26
1.12911e+26
1.24508e+26
1.37254e+26
1.4756e+26
1.54346e+26
1.58691e+26
1.6184e+26
1.64424e+26
1.66608e+26
1.51938e+26
1.53189e+26
1.54169e+26
1.54494e+26
1.54132e+26
1.53143e+26
1.51587e+26
1.49498e+26
1.46891e+26
1.43766e+26
1.40121e+26
1.35964e+26
1.31328e+26
1.26292e+26
1.21002e+26
1.15696e+26
1.10724e+26
1.06583e+26
1.0396e+26
1.03808e+26
1.07303e+26
1.15323e+26
1.27079e+26
1.3937e+26
1.48946e+26
1.55183e+26
1.59249e+26
1.62274e+26
1.64787e+26
1.66903e+26
0
0
0
0
0
0
0
0
0
0
0
0
0
0
0
0
0
0
0
0
0
0
0
0
0
0
0
0
0
0
0
0
0
0
0
0
0
0
0
0
0
0
0
0
0
0
0
0
0
0
0
0
0
0
0
0
0
0
0
0
0
0
0
0
0
0
0
0
0
0
0
0
0
0
0
0
0
0
0
0
0
0
0
0
0
0
0
0
0
0
0
0
0
0
0
0
0
0
0
0
0
0
0
0
0
0
0
0
0
0
0
0
0
0
0
0
0
0
0
0
0
0
0
0
0
0
0
0
0
0
0
0
0
0
0
0
0
0
0
0
0
0
0
0
0
0
0
0
0
0
0
0
0
0
0
0
0
0
0
0
0
0
0
0
0
0
0
0
0
0
0
0
0
0
0
0
0
0
0
0
0
0
0
0
0
0
0
0
0
0
0
0
0
0
0
0
0
0
0
0
0
0
0
0
0
0
0
0
0
0
0
0
0
0
0
0
0
0
0
0
0
0
0
0
0
0
0
0
0
0
0
0
0
0
0
0
0
0
0
0
0
0
0
0
0
0
0
0
0
0
0
0
0
0
0
0
0
0
0
0
0
0
0
0
0
0
0
0
0
0
0
0
0
0
0
0
0
0
0
0
0
0
0
0
0
0
0
0
0
0
0
0
0
0
0
0
0
0
0
0
0
0
0
0
0
0
0
0
0
0
0
0
0
0
0
0
0
0
0
0
0
0
0
0
0
0
0
0
0
0
0
0
0
0
0
0
0
0
0
0
0
0
0
0
0
0
0
0
0
0
0
0
0
0
0
0
0
0
0
0
0
0
0
0
0
0
0
0
0
0
0
0
0
0
0
0
0
0
0
0
0
0
0
0
0
0
0
0
0
0
0
0
0
0
0
0
0
0
0
0
0
0
0
0
0
0
0
0
0
0
0
0
0
0
0
0
0
0
0
0
0
0
0
0
0
0
0
0
0
0
0
0
0
0
0
0
0
0
0
0
0
0
0
0
0
0
0
0
0
0
0
0
0
0
0
0
0
0
0
0
0
0
0
0
0
0
0
0
0
0
0
0
0
0
0
0
0
0
0
0
0
0
0
0
0
0
0
0
0
0
0
0
0
0
0
0
0
0
0
0
0
0
0
0
0
0
0
0
0
0
0
0
0
0
0
0
0
0
0
0
0
0
0
0
0
0
0
0
0
0
0
0
0
0
0
0
0
0
0
0
0
0
0
0
0
0
0
0
0
0
0
0
0
0
0
0
0
0
0
0
0
0
0
0
0
0
0
0
0
0
0
0
0
0
0
0
0
0
0
0
0
0
0
0
0
0
0
0
0
0
0
0
0
0
0
0
0
0
0
0
0
0
0
0
0
0
0
0
0
0
0
0
0
0
0
0
0
0
0
0
0
0
0
0
0
0
0
0
0
0
0
0
0
0
0
0
0
0
0
0
0
0
0
0
0
0
0
0
0
0
0
0
0
0
0
0
0
0
0
0
0
0
0
0
0
0
0
0
0
0
0
0
0
0
0
0
0
0
0
0
0
0
0
0
0
0
0
0
0
0
0
0
0
0
0
0
0
0
0
0
0
0
0
0
0
0
0
0
0
0
0
0
0
0
0
0
0
0
0
0
0
0
0
0
0
0
0
0
0
0
0
0
0
0
0
0
0
0
0
0
0
0
0
0
0
0
0
0
0
0
0
0
0
0
0
0
0
0
0
0
0
0
0
0
0
0
0
0
0
0
0
0
0
0
0
0
0
0
0
0
0
0
0
0
0
0
0
0
0
0
0
0
0
0
0
0
0
0
0
0
0
0
0
0
0
0
0
0
0
0
0
0
0
0
0
0
0
0
0
0
0
0
0
0
0
0
0
0
0
0
0
0
0
0
0
0
0
0
0
0
0
0
0
0
0
0
0
0
0
0
0
0
0
0
0
0
0
0
0
0
0
0
0
0
0
0
0
0
0
0
0
0
0
0
0
0
0
0
0
0
0
0
0
0
0
0
0
0
0
0
0
0
0
0
0
0
0
0
0
0
0
0
0
0
0
0
0
0
0
0
0
0
0
0
0
0
0
0
0
0
0
0
0
0
0
0
0
0
0
0
0
0
0
0
0
0
0
0
0
0
0
0
0
0
0
0
0
0
0
0
0
0
0
0
0
0
0
0
0
0
0
0
0
0
0
0
0
0
0
0
0
0
0
0
0
0
0
0
0
0
0
0
0
0
0
0
0
0
0
0
0
0
0
0
0
0
0
0
0
0
0
0
0
0
0
0
0
0
0
0
0
0
0
0
0
0
0
0
0
0
0
0
0
0
0
0
0
0
0
0
0
0
0
0
0
0
0
0
0
0
0
0
0
0
0
0
0
0
0
0
0
0
0
0
0
0
0
0
0
0
0
0
0
0
0
0
0
0
0
0
0
0
0
0
0
0
0
0
0
0
0
0
0
0
0
0
0
0
0
0
0
0
0
0
0
0
0
0
0
0
0
0
0
0
0
0
0
0
0
0
0
0
0
0
0
0
0
0
0
0
0
0
0
0
0
0
0
0
0
0
0
0
0
0
0
0
0
0
0
0
0
0
0
0
0
0
0
0
0
0
0
0
0
0
0
0
0
0
0
0
0
0
0
0
0
0
0
0
0
0
0
0
0
0
0
0
0
0
0
0
0
0
0
0
0
0
0
0
0
0
0
0
0
0
0
0
0
0
0
0
0
0
0
0
0
0
0
0
0
0
0
0
0
0
0
0
0
0
0
0
0
0
0
0
0
0
0
0
0
0
0
0
0
0
0
0
0
0
0
0
0
0
0
0
0
0
0
0
0
0
0
0
0
0
0
0
0
0
0
0
0
0
0
0
0
0
0
0
0
0
0
0
0
0
0
0
0
0
0
0
0
0
0
0
0
0
0
0
0
0
0
0
0
0
0
0
0
0
0
0
0
0
0
0
0
0
0
0
0
0
0
0
0
0
0
0
0
0
0
0
0
0
0
0
0
0
0
0
0
0
0
0
0
0
0
0
0
0
0
0
0
0
0
0
0
0
0
0
0
0
0
0
0
0
0
0
0
0
0
0
0
0
0
0
0
0
0
0
0
0
0
0
0
0
0
0
0
0
0
0
0
0
0
0
0
0
0
0
0
0
0
0
0
0
0
0
0
0
0
0
0
0
0
0
0
0
0
0
0
0
0
0
0
0
0
0
0
0
0
0
)
;

boundaryField
{
    fuelBottom
    {
        type            empty;
    }
    fuelTop_1
    {
        type            empty;
    }
    fuelOuter
    {
        type            zeroGradient;
    }
    fuelTop
    {
        type            empty;
    }
    fuelInner
    {
        type            zeroGradient;
    }
    cladBottom
    {
        type            empty;
    }
    cladInner
    {
        type            zeroGradient;
    }
    cladOuter
    {
        type            zeroGradient;
    }
    cladTop
    {
        type            empty;
    }
    front
    {
        type            wedge;
    }
    back
    {
        type            wedge;
    }
}


// ************************************************************************* //
