/*--------------------------------*- C++ -*----------------------------------*\
| =========                 |                                                 |
| \\      /  F ield         | OpenFOAM: The Open Source CFD Toolbox           |
|  \\    /   O peration     | Version:  2412                                  |
|   \\  /    A nd           | Website:  www.openfoam.com                      |
|    \\/     M anipulation  |                                                 |
\*---------------------------------------------------------------------------*/
FoamFile
{
    version     2.0;
    format      ascii;
    arch        "LSB;label=32;scalar=64";
    class       volScalarField;
    location    "25888284.641197/fuelBehaviourRegion";
    object      SCIANTIX::grainModes_14;
}
// * * * * * * * * * * * * * * * * * * * * * * * * * * * * * * * * * * * * * //

dimensions      [0 0 0 0 0 0 0];

internalField   nonuniform List<scalar> 
4720
(
5.54684e+23
5.54691e+23
5.54708e+23
5.54733e+23
5.54767e+23
5.54809e+23
5.54859e+23
5.54916e+23
5.54981e+23
5.55052e+23
5.5513e+23
5.55214e+23
5.55304e+23
5.55399e+23
5.55499e+23
5.55603e+23
5.55711e+23
5.55822e+23
5.55935e+23
5.56051e+23
5.56168e+23
5.56286e+23
5.56405e+23
5.56524e+23
5.56642e+23
5.5676e+23
5.56876e+23
5.5699e+23
5.57102e+23
5.57212e+23
5.54653e+23
5.54661e+23
5.54678e+23
5.54703e+23
5.54737e+23
5.54779e+23
5.54829e+23
5.54887e+23
5.54952e+23
5.55024e+23
5.55103e+23
5.55188e+23
5.55278e+23
5.55374e+23
5.55474e+23
5.55579e+23
5.55687e+23
5.55799e+23
5.55913e+23
5.5603e+23
5.56148e+23
5.56267e+23
5.56386e+23
5.56506e+23
5.56625e+23
5.56743e+23
5.5686e+23
5.56975e+23
5.57088e+23
5.57199e+23
5.54603e+23
5.54611e+23
5.54628e+23
5.54654e+23
5.54688e+23
5.5473e+23
5.54781e+23
5.54839e+23
5.54905e+23
5.54978e+23
5.55057e+23
5.55143e+23
5.55234e+23
5.55331e+23
5.55432e+23
5.55538e+23
5.55648e+23
5.5576e+23
5.55876e+23
5.55993e+23
5.56113e+23
5.56233e+23
5.56354e+23
5.56475e+23
5.56595e+23
5.56715e+23
5.56833e+23
5.56949e+23
5.57064e+23
5.57175e+23
5.54585e+23
5.54593e+23
5.5461e+23
5.54636e+23
5.5467e+23
5.54713e+23
5.54763e+23
5.54822e+23
5.54888e+23
5.54961e+23
5.55041e+23
5.55127e+23
5.55219e+23
5.55316e+23
5.55418e+23
5.55524e+23
5.55634e+23
5.55747e+23
5.55863e+23
5.55981e+23
5.56101e+23
5.56222e+23
5.56343e+23
5.56465e+23
5.56586e+23
5.56706e+23
5.56825e+23
5.56941e+23
5.57056e+23
5.57169e+23
5.54567e+23
5.54575e+23
5.54592e+23
5.54618e+23
5.54652e+23
5.54695e+23
5.54746e+23
5.54805e+23
5.54872e+23
5.54945e+23
5.55025e+23
5.55112e+23
5.55204e+23
5.55301e+23
5.55404e+23
5.55511e+23
5.55621e+23
5.55735e+23
5.55852e+23
5.5597e+23
5.5609e+23
5.56212e+23
5.56334e+23
5.56456e+23
5.56577e+23
5.56698e+23
5.56817e+23
5.56934e+23
5.5705e+23
5.57162e+23
5.54492e+23
5.545e+23
5.54517e+23
5.54544e+23
5.5458e+23
5.54624e+23
5.54677e+23
5.54737e+23
5.54806e+23
5.54882e+23
5.54964e+23
5.55053e+23
5.55148e+23
5.55249e+23
5.55354e+23
5.55464e+23
5.55578e+23
5.55695e+23
5.55815e+23
5.55936e+23
5.5606e+23
5.56184e+23
5.56309e+23
5.56434e+23
5.56558e+23
5.56681e+23
5.56803e+23
5.56923e+23
5.57041e+23
5.57155e+23
6.17801e+23
6.17813e+23
6.17841e+23
6.17883e+23
6.17939e+23
6.18008e+23
6.1809e+23
6.18185e+23
6.18291e+23
6.1841e+23
6.18538e+23
6.18677e+23
6.18824e+23
6.1898e+23
6.19144e+23
6.19314e+23
6.19489e+23
6.19669e+23
6.19853e+23
6.2004e+23
6.20229e+23
6.20419e+23
6.2061e+23
6.20799e+23
6.20988e+23
6.21174e+23
6.21357e+23
6.21537e+23
6.21713e+23
6.21884e+23
6.17468e+23
6.17481e+23
6.17511e+23
6.17555e+23
6.17614e+23
6.17687e+23
6.17774e+23
6.17874e+23
6.17987e+23
6.18112e+23
6.18248e+23
6.18394e+23
6.1855e+23
6.18715e+23
6.18888e+23
6.19067e+23
6.19252e+23
6.19442e+23
6.19637e+23
6.19834e+23
6.20033e+23
6.20233e+23
6.20434e+23
6.20634e+23
6.20832e+23
6.21028e+23
6.21221e+23
6.2141e+23
6.21595e+23
6.21774e+23
6.17402e+23
6.17416e+23
6.17445e+23
6.1749e+23
6.1755e+23
6.17624e+23
6.17712e+23
6.17813e+23
6.17927e+23
6.18053e+23
6.18191e+23
6.18339e+23
6.18497e+23
6.18663e+23
6.18838e+23
6.19019e+23
6.19207e+23
6.19399e+23
6.19595e+23
6.19795e+23
6.19996e+23
6.20198e+23
6.20401e+23
6.20603e+23
6.20803e+23
6.21001e+23
6.21196e+23
6.21387e+23
6.21574e+23
6.21755e+23
6.17374e+23
6.17387e+23
6.17417e+23
6.17462e+23
6.17522e+23
6.17596e+23
6.17685e+23
6.17787e+23
6.17901e+23
6.18028e+23
6.18166e+23
6.18315e+23
6.18473e+23
6.18641e+23
6.18816e+23
6.18998e+23
6.19186e+23
6.19379e+23
6.19577e+23
6.19777e+23
6.19979e+23
6.20182e+23
6.20386e+23
6.20589e+23
6.2079e+23
6.20988e+23
6.21184e+23
6.21376e+23
6.21563e+23
6.21746e+23
6.17313e+23
6.17327e+23
6.17357e+23
6.17403e+23
6.17463e+23
6.17539e+23
6.17628e+23
6.17731e+23
6.17847e+23
6.17975e+23
6.18115e+23
6.18265e+23
6.18425e+23
6.18594e+23
6.18771e+23
6.18956e+23
6.19146e+23
6.19341e+23
6.1954e+23
6.19742e+23
6.19946e+23
6.20152e+23
6.20357e+23
6.20562e+23
6.20765e+23
6.20965e+23
6.21163e+23
6.21356e+23
6.21545e+23
6.21729e+23
6.16917e+23
6.16932e+23
6.16965e+23
6.17015e+23
6.1708e+23
6.17162e+23
6.17259e+23
6.17371e+23
6.17497e+23
6.17636e+23
6.17787e+23
6.1795e+23
6.18124e+23
6.18306e+23
6.18498e+23
6.18697e+23
6.18902e+23
6.19112e+23
6.19326e+23
6.19543e+23
6.19762e+23
6.19982e+23
6.20202e+23
6.2042e+23
6.20637e+23
6.2085e+23
6.2106e+23
6.21265e+23
6.21465e+23
6.21659e+23
7.48849e+23
7.48887e+23
7.48972e+23
7.491e+23
7.49271e+23
7.49482e+23
7.49732e+23
7.5002e+23
7.50343e+23
7.50699e+23
7.51087e+23
7.51503e+23
7.51944e+23
7.52409e+23
7.52893e+23
7.53394e+23
7.53909e+23
7.54434e+23
7.54968e+23
7.55506e+23
7.56046e+23
7.56585e+23
7.57121e+23
7.5765e+23
7.58171e+23
7.5868e+23
7.59177e+23
7.59659e+23
7.60125e+23
7.60573e+23
7.47277e+23
7.4732e+23
7.47414e+23
7.47557e+23
7.47745e+23
7.47979e+23
7.48257e+23
7.48576e+23
7.48934e+23
7.49329e+23
7.49758e+23
7.50218e+23
7.50706e+23
7.5122e+23
7.51755e+23
7.52308e+23
7.52876e+23
7.53456e+23
7.54044e+23
7.54636e+23
7.55231e+23
7.55823e+23
7.56411e+23
7.56992e+23
7.57562e+23
7.5812e+23
7.58664e+23
7.5919e+23
7.59698e+23
7.60186e+23
7.47012e+23
7.47056e+23
7.47152e+23
7.47296e+23
7.47488e+23
7.47726e+23
7.48009e+23
7.48333e+23
7.48697e+23
7.49099e+23
7.49535e+23
7.50003e+23
7.505e+23
7.51022e+23
7.51566e+23
7.52128e+23
7.52706e+23
7.53295e+23
7.53892e+23
7.54494e+23
7.55098e+23
7.557e+23
7.56297e+23
7.56886e+23
7.57465e+23
7.58031e+23
7.58583e+23
7.59117e+23
7.59632e+23
7.60127e+23
7.46907e+23
7.46951e+23
7.47048e+23
7.47193e+23
7.47386e+23
7.47626e+23
7.4791e+23
7.48236e+23
7.48603e+23
7.49007e+23
7.49446e+23
7.49917e+23
7.50416e+23
7.50941e+23
7.51489e+23
7.52054e+23
7.52635e+23
7.53228e+23
7.53829e+23
7.54435e+23
7.55042e+23
7.55647e+23
7.56247e+23
7.5684e+23
7.57422e+23
7.57992e+23
7.58546e+23
7.59083e+23
7.59601e+23
7.60099e+23
7.46653e+23
7.46698e+23
7.46796e+23
7.46944e+23
7.4714e+23
7.47384e+23
7.47673e+23
7.48004e+23
7.48377e+23
7.48788e+23
7.49234e+23
7.49712e+23
7.5022e+23
7.50753e+23
7.51309e+23
7.51884e+23
7.52473e+23
7.53075e+23
7.53685e+23
7.543e+23
7.54916e+23
7.5553e+23
7.56139e+23
7.5674e+23
7.5733e+23
7.57907e+23
7.58469e+23
7.59013e+23
7.59538e+23
7.60042e+23
7.44908e+23
7.44959e+23
7.45069e+23
7.45236e+23
7.45458e+23
7.45733e+23
7.46058e+23
7.46431e+23
7.46851e+23
7.47313e+23
7.47814e+23
7.48351e+23
7.4892e+23
7.49518e+23
7.50139e+23
7.50781e+23
7.51439e+23
7.52109e+23
7.52787e+23
7.53469e+23
7.54152e+23
7.54831e+23
7.55502e+23
7.56164e+23
7.56812e+23
7.57444e+23
7.58058e+23
7.58651e+23
7.59221e+23
7.59767e+23
9.17951e+23
9.18133e+23
9.18533e+23
9.19137e+23
9.19938e+23
9.20929e+23
9.22102e+23
9.23448e+23
9.24955e+23
9.26612e+23
9.28407e+23
9.30325e+23
9.32352e+23
9.34472e+23
9.3667e+23
9.38931e+23
9.41237e+23
9.43574e+23
9.45925e+23
9.48275e+23
9.5061e+23
9.52915e+23
9.55179e+23
9.57387e+23
9.59531e+23
9.61599e+23
9.63584e+23
9.65479e+23
9.67277e+23
9.68974e+23
9.09531e+23
9.09739e+23
9.10196e+23
9.10884e+23
9.11798e+23
9.12929e+23
9.14267e+23
9.15801e+23
9.1752e+23
9.19409e+23
9.21454e+23
9.23639e+23
9.25948e+23
9.28361e+23
9.30863e+23
9.33434e+23
9.36055e+23
9.3871e+23
9.41378e+23
9.44044e+23
9.4669e+23
9.49301e+23
9.51861e+23
9.54356e+23
9.56775e+23
9.59106e+23
9.6134e+23
9.63469e+23
9.65487e+23
9.67388e+23
9.0812e+23
9.08333e+23
9.08799e+23
9.09502e+23
9.10435e+23
9.1159e+23
9.12956e+23
9.14523e+23
9.16277e+23
9.18206e+23
9.20294e+23
9.22525e+23
9.24881e+23
9.27345e+23
9.29898e+23
9.32522e+23
9.35197e+23
9.37906e+23
9.40628e+23
9.43348e+23
9.46047e+23
9.48709e+23
9.51319e+23
9.53863e+23
9.56328e+23
9.58703e+23
9.60979e+23
9.63147e+23
9.65202e+23
9.67137e+23
9.07645e+23
9.07859e+23
9.08328e+23
9.09036e+23
9.09975e+23
9.11137e+23
9.12512e+23
9.14088e+23
9.15854e+23
9.17796e+23
9.19897e+23
9.22142e+23
9.24513e+23
9.26993e+23
9.29562e+23
9.32203e+23
9.34895e+23
9.37621e+23
9.40361e+23
9.43098e+23
9.45814e+23
9.48493e+23
9.51119e+23
9.53679e+23
9.5616e+23
9.5855e+23
9.6084e+23
9.63022e+23
9.65089e+23
9.67036e+23
9.06696e+23
9.06913e+23
9.07389e+23
9.08107e+23
9.0906e+23
9.10238e+23
9.11633e+23
9.13233e+23
9.15024e+23
9.16994e+23
9.19125e+23
9.21402e+23
9.23807e+23
9.26321e+23
9.28926e+23
9.31603e+23
9.34333e+23
9.37095e+23
9.39872e+23
9.42645e+23
9.45397e+23
9.48111e+23
9.5077e+23
9.53363e+23
9.55874e+23
9.58293e+23
9.6061e+23
9.62818e+23
9.64908e+23
9.66877e+23
8.99332e+23
8.99577e+23
9.00114e+23
9.00925e+23
9.01999e+23
9.03329e+23
9.04901e+23
9.06703e+23
9.08721e+23
9.10937e+23
9.13333e+23
9.15891e+23
9.1859e+23
9.21408e+23
9.24325e+23
9.27317e+23
9.30364e+23
9.33442e+23
9.36531e+23
9.3961e+23
9.42658e+23
9.45657e+23
9.4859e+23
9.51441e+23
9.54195e+23
9.5684e+23
9.59366e+23
9.61764e+23
9.64028e+23
9.66152e+23
9.69375e+23
9.70278e+23
9.72258e+23
9.7525e+23
9.79225e+23
9.84152e+23
9.89998e+23
9.96719e+23
1.00427e+24
1.01259e+24
1.02162e+24
1.0313e+24
1.04154e+24
1.05228e+24
1.06343e+24
1.0749e+24
1.0866e+24
1.09843e+24
1.11032e+24
1.12217e+24
1.13388e+24
1.14538e+24
1.15658e+24
1.16741e+24
1.17782e+24
1.18773e+24
1.19711e+24
1.20592e+24
1.21412e+24
1.22171e+24
9.32129e+23
9.33131e+23
9.35329e+23
9.38652e+23
9.43069e+23
9.48548e+23
9.55052e+23
9.62538e+23
9.70953e+23
9.8024e+23
9.90332e+23
1.00116e+24
1.01263e+24
1.02467e+24
1.03719e+24
1.05008e+24
1.06324e+24
1.07657e+24
1.08997e+24
1.10333e+24
1.11656e+24
1.12954e+24
1.1422e+24
1.15444e+24
1.16619e+24
1.17739e+24
1.18797e+24
1.19791e+24
1.20715e+24
1.2157e+24
9.2683e+23
9.27847e+23
9.30076e+23
9.33447e+23
9.37928e+23
9.43488e+23
9.50088e+23
9.57685e+23
9.66228e+23
9.75656e+23
9.85903e+23
9.96895e+23
1.00855e+24
1.02078e+24
1.0335e+24
1.04659e+24
1.05997e+24
1.07352e+24
1.08714e+24
1.10073e+24
1.11417e+24
1.12737e+24
1.14023e+24
1.15268e+24
1.16462e+24
1.176e+24
1.18676e+24
1.19686e+24
1.20625e+24
1.21493e+24
9.23917e+23
9.24941e+23
9.27186e+23
9.30581e+23
9.35094e+23
9.40693e+23
9.47342e+23
9.54995e+23
9.636e+23
9.73099e+23
9.83424e+23
9.94502e+23
1.00625e+24
1.01858e+24
1.03139e+24
1.0446e+24
1.05809e+24
1.07175e+24
1.08549e+24
1.09919e+24
1.11275e+24
1.12606e+24
1.13904e+24
1.1516e+24
1.16365e+24
1.17513e+24
1.18599e+24
1.19617e+24
1.20565e+24
1.21441e+24
9.10575e+23
9.11636e+23
9.13963e+23
9.17481e+23
9.22159e+23
9.27966e+23
9.34862e+23
9.42804e+23
9.51738e+23
9.61603e+23
9.72333e+23
9.83849e+23
9.96067e+23
1.0089e+24
1.02224e+24
1.03599e+24
1.05004e+24
1.06427e+24
1.07858e+24
1.09286e+24
1.10698e+24
1.12085e+24
1.13436e+24
1.14742e+24
1.15996e+24
1.17189e+24
1.18317e+24
1.19374e+24
1.20357e+24
1.21264e+24
7.83783e+23
7.84968e+23
7.87573e+23
7.91521e+23
7.96786e+23
8.03345e+23
8.11173e+23
8.20237e+23
8.30498e+23
8.41912e+23
8.54433e+23
8.6884e+23
8.84951e+23
9.02567e+23
9.21475e+23
9.41453e+23
9.62262e+23
9.83657e+23
1.00538e+24
1.02719e+24
1.04882e+24
1.07004e+24
1.09062e+24
1.11037e+24
1.12911e+24
1.14671e+24
1.16306e+24
1.17809e+24
1.19176e+24
1.20407e+24
1.32932e+23
1.32082e+23
1.30441e+23
1.28071e+23
1.25035e+23
1.21389e+23
1.17188e+23
1.12478e+23
1.07301e+23
1.01694e+23
9.56934e+22
8.93492e+22
8.27373e+22
7.59866e+22
6.93147e+22
6.30712e+22
5.77833e+22
5.41857e+22
5.32072e+22
5.59044e+22
6.3392e+22
7.68683e+22
9.78276e+22
1.28487e+23
1.72422e+23
2.35397e+23
3.26344e+23
4.58197e+23
6.47498e+23
9.10197e+23
1.24578e+23
1.23851e+23
1.22453e+23
1.20446e+23
1.17888e+23
1.1484e+23
1.11349e+23
1.07458e+23
1.03192e+23
9.85646e+22
9.35796e+22
8.82403e+22
8.25719e+22
7.66575e+22
7.06891e+22
6.50354e+22
6.03141e+22
5.74449e+22
5.76449e+22
6.23429e+22
7.30797e+22
9.15553e+22
1.19966e+23
1.61653e+23
2.2199e+23
3.09399e+23
4.36179e+23
6.18098e+23
8.70487e+23
1.19761e+24
1.22847e+23
1.22139e+23
1.20776e+23
1.18819e+23
1.16326e+23
1.13353e+23
1.09949e+23
1.06152e+23
1.01987e+23
9.74643e+22
9.25856e+22
8.73531e+22
8.1793e+22
7.59911e+22
7.01473e+22
6.46425e+22
6.0112e+22
5.7496e+22
5.80303e+22
6.31586e+22
7.44359e+22
9.35911e+22
1.22883e+23
1.65764e+23
2.2778e+23
3.17578e+23
4.47686e+23
6.33931e+23
8.91166e+23
1.22216e+24
1.24147e+23
1.23425e+23
1.22036e+23
1.20042e+23
1.17503e+23
1.14475e+23
1.11011e+23
1.07149e+23
1.02916e+23
9.83252e+22
9.33795e+22
8.80808e+22
8.24525e+22
7.65742e+22
7.06339e+22
6.49945e+22
6.02669e+22
5.73638e+22
5.74957e+22
6.20861e+22
7.26695e+22
9.09322e+22
1.19043e+23
1.60294e+23
2.19985e+23
3.06441e+23
4.31862e+23
6.11995e+23
8.62363e+23
1.18779e+24
1.16132e+23
1.15482e+23
1.1423e+23
1.12429e+23
1.1013e+23
1.07382e+23
1.04223e+23
1.00683e+23
9.67761e+22
9.25086e+22
8.78803e+22
8.2903e+22
7.76288e+22
7.21931e+22
6.68747e+22
6.21655e+22
5.88351e+22
5.79574e+22
6.0867e+22
6.90609e+22
8.41622e+22
1.08106e+23
1.43631e+23
1.95036e+23
2.69121e+23
3.76112e+23
5.29964e+23
7.46414e+23
1.03604e+24
1.39011e+24
1.33806e+23
1.32919e+23
1.31289e+23
1.29064e+23
1.26353e+23
1.23246e+23
1.19834e+23
1.16202e+23
1.12432e+23
1.08585e+23
1.04696e+23
1.00749e+23
9.66694e+22
9.23232e+22
8.75485e+22
8.22408e+22
7.65056e+22
7.08708e+22
6.65216e+22
6.54617e+22
7.04604e+22
8.47593e+22
1.11941e+23
1.56584e+23
2.25811e+23
3.31194e+23
4.89941e+23
7.22797e+23
1.04382e+24
1.43968e+24
1.34531e+23
1.3356e+23
1.31846e+23
1.29565e+23
1.26822e+23
1.23705e+23
1.20298e+23
1.16688e+23
1.12962e+23
1.09192e+23
1.05426e+23
1.01664e+23
9.78454e+22
9.38373e+22
8.94555e+22
8.45345e+22
7.90702e+22
7.34368e+22
6.86451e+22
6.65588e+22
6.99216e+22
8.20977e+22
1.06812e+23
1.48585e+23
2.14173e+23
3.14526e+23
4.66195e+23
6.89788e+23
1.00085e+24
1.39022e+24
1.3431e+23
1.33335e+23
1.3162e+23
1.29341e+23
1.26603e+23
1.23493e+23
1.20095e+23
1.16496e+23
1.12783e+23
1.0903e+23
1.05285e+23
1.01549e+23
9.77627e+22
9.37928e+22
8.94539e+22
8.45771e+22
7.91523e+22
7.35461e+22
6.87622e+22
6.66603e+22
6.9988e+22
8.21231e+22
1.0681e+23
1.48586e+23
2.14223e+23
3.14689e+23
4.66562e+23
6.90469e+23
1.00192e+24
1.39159e+24
1.34976e+23
1.33976e+23
1.32231e+23
1.29921e+23
1.27153e+23
1.24011e+23
1.20577e+23
1.1694e+23
1.13187e+23
1.09393e+23
1.05608e+23
1.01838e+23
9.80267e+22
9.40437e+22
8.9704e+22
8.48335e+22
7.94081e+22
7.37697e+22
6.88876e+22
6.65839e+22
6.95769e+22
8.12327e+22
1.05285e+23
1.46222e+23
2.10697e+23
3.09502e+23
4.59043e+23
6.79973e+23
9.88369e+23
1.37627e+24
1.35891e+23
1.34863e+23
1.33084e+23
1.30737e+23
1.2793e+23
1.24744e+23
1.21261e+23
1.1757e+23
1.13757e+23
1.09901e+23
1.06052e+23
1.02221e+23
9.83542e+22
9.43261e+22
8.99536e+22
8.50597e+22
7.96083e+22
7.39174e+22
6.89199e+22
6.63929e+22
6.90126e+22
8.01147e+22
1.03399e+23
1.43274e+23
2.06225e+23
3.02795e+23
4.49136e+23
6.659e+23
9.69917e+23
1.3551e+24
1.29987e+23
1.29128e+23
1.27562e+23
1.25436e+23
1.22857e+23
1.19917e+23
1.16704e+23
1.13306e+23
1.09807e+23
1.0627e+23
1.02732e+23
9.91776e+22
9.55256e+22
9.1629e+22
8.73048e+22
8.24229e+22
7.70678e+22
7.17689e+22
6.7753e+22
6.71208e+22
7.2799e+22
8.82407e+22
1.17298e+23
1.6493e+23
2.38829e+23
3.51345e+23
5.20398e+23
7.66427e+23
1.10045e+24
1.5026e+24
1.47674e+23
1.38042e+23
1.3317e+23
1.29956e+23
1.26959e+23
1.2375e+23
1.20274e+23
1.16607e+23
1.12873e+23
1.09213e+23
1.05773e+23
1.02679e+23
1.00012e+23
9.77635e+22
9.57835e+22
9.3739e+22
9.11444e+22
8.7559e+22
8.30251e+22
7.86948e+22
7.74366e+22
8.40663e+22
1.04904e+23
1.47273e+23
2.20637e+23
3.39596e+23
5.25988e+23
8.04496e+23
1.18382e+24
1.62659e+24
1.52478e+23
1.39048e+23
1.33203e+23
1.2987e+23
1.26894e+23
1.23706e+23
1.20238e+23
1.16567e+23
1.12819e+23
1.09142e+23
1.05691e+23
1.02606e+23
9.99894e+22
9.78636e+22
9.61173e+22
9.44507e+22
9.23744e+22
8.93605e+22
8.52458e+22
8.08724e+22
7.87748e+22
8.35638e+22
1.01626e+23
1.40474e+23
2.09444e+23
3.22514e+23
5.00794e+23
7.69216e+23
1.13938e+24
1.57954e+24
1.53772e+23
1.39688e+23
1.33669e+23
1.30302e+23
1.27311e+23
1.24103e+23
1.20609e+23
1.16905e+23
1.13119e+23
1.09401e+23
1.05904e+23
1.02772e+23
1.00109e+23
9.7943e+22
9.61695e+22
9.44954e+22
9.24351e+22
8.94537e+22
8.53622e+22
8.09573e+22
7.87162e+22
8.31991e+22
1.00769e+23
1.38926e+23
2.06945e+23
3.18668e+23
4.95077e+23
7.61234e+23
1.12948e+24
1.56935e+24
1.55264e+23
1.40484e+23
1.34275e+23
1.3087e+23
1.27861e+23
1.2463e+23
1.21107e+23
1.17368e+23
1.1354e+23
1.09775e+23
1.06226e+23
1.0304e+23
1.00323e+23
9.81091e+22
9.63002e+22
9.46123e+22
9.25651e+22
8.96168e+22
8.55478e+22
8.10953e+22
7.86553e+22
8.27074e+22
9.95644e+22
1.3669e+23
2.03247e+23
3.12835e+23
4.86171e+23
7.48401e+23
1.11296e+24
1.55156e+24
1.47214e+23
1.36231e+23
1.31117e+23
1.2794e+23
1.25021e+23
1.21895e+23
1.18509e+23
1.14943e+23
1.11322e+23
1.07793e+23
1.04506e+23
1.01594e+23
9.91458e+22
9.71631e+22
9.55028e+22
9.38292e+22
9.16348e+22
8.84325e+22
8.42056e+22
8.00657e+22
7.89007e+22
8.56491e+22
1.06872e+23
1.50213e+23
2.25507e+23
3.47778e+23
5.39214e+23
8.24154e+23
1.20919e+24
1.6532e+24
2.06875e+23
1.45471e+23
1.31288e+23
1.27676e+23
1.25026e+23
1.2196e+23
1.18477e+23
1.14706e+23
1.1081e+23
1.06977e+23
1.03405e+23
1.00304e+23
9.78758e+22
9.62942e+22
9.56469e+22
9.5839e+22
9.6464e+22
9.67405e+22
9.57154e+22
9.30041e+22
9.00611e+22
9.14655e+22
1.05421e+23
1.42933e+23
2.17251e+23
3.46489e+23
5.56715e+23
8.75288e+23
1.30266e+24
1.77523e+24
2.26539e+23
1.49154e+23
1.32324e+23
1.28474e+23
1.25847e+23
1.2277e+23
1.19247e+23
1.1541e+23
1.11427e+23
1.07485e+23
1.03788e+23
1.00549e+23
9.79833e+22
9.62854e+22
9.5586e+22
9.58624e+22
9.6802e+22
9.76901e+22
9.75061e+22
9.55183e+22
9.25159e+22
9.22687e+22
1.02396e+23
1.33861e+23
1.99946e+23
3.17958e+23
5.12746e+23
8.12649e+23
1.22511e+24
1.69807e+24
2.28949e+23
1.49596e+23
1.32476e+23
1.286e+23
1.2597e+23
1.22884e+23
1.19348e+23
1.15495e+23
1.11493e+23
1.07531e+23
1.03812e+23
1.00551e+23
9.79629e+22
9.62465e+22
9.55382e+22
9.58256e+22
9.68097e+22
9.77869e+22
9.77308e+22
9.5867e+22
9.28982e+22
9.24871e+22
1.02176e+23
1.32933e+23
1.98085e+23
3.149e+23
5.08125e+23
8.06192e+23
1.2172e+24
1.69021e+24
2.3224e+23
1.50907e+23
1.33408e+23
1.29475e+23
1.26817e+23
1.23693e+23
1.2011e+23
1.16202e+23
1.12137e+23
1.08103e+23
1.04304e+23
1.00956e+23
9.82743e+22
9.64592e+22
9.56521e+22
9.58504e+22
9.67712e+22
9.77292e+22
9.77031e+22
9.58807e+22
9.28602e+22
9.21419e+22
1.01095e+23
1.30563e+23
1.9375e+23
3.07642e+23
4.96638e+23
7.89402e+23
1.19593e+24
1.66857e+24
2.07616e+23
1.43666e+23
1.29402e+23
1.25874e+23
1.23284e+23
1.20275e+23
1.1686e+23
1.1317e+23
1.09371e+23
1.05652e+23
1.02215e+23
9.92712e+22
9.70288e+22
9.56691e+22
9.52927e+22
9.58182e+22
9.68444e+22
9.75714e+22
9.69927e+22
9.46458e+22
9.19329e+22
9.34808e+22
1.07712e+23
1.46041e+23
2.22245e+23
3.54982e+23
5.70614e+23
8.95668e+23
1.32755e+24
1.79889e+24
3.01451e+23
1.58689e+23
1.33279e+23
1.28585e+23
1.25969e+23
1.22789e+23
1.19077e+23
1.14994e+23
1.10722e+23
1.06469e+23
1.02458e+23
9.89319e+22
9.61493e+22
9.43767e+22
9.3868e+22
9.48034e+22
9.71411e+22
1.00361e+23
1.03282e+23
1.04392e+23
1.03147e+23
1.02241e+23
1.09704e+23
1.39295e+23
2.08898e+23
3.40828e+23
5.64939e+23
9.10755e+23
1.37148e+24
1.86246e+24
3.40559e+23
1.64066e+23
1.34445e+23
1.2917e+23
1.26548e+23
1.23353e+23
1.196e+23
1.15447e+23
1.1108e+23
1.06704e+23
1.02544e+23
9.8845e+22
9.58681e+22
9.38903e+22
9.31886e+22
9.39981e+22
9.63942e+22
1.00045e+23
1.03929e+23
1.06436e+23
1.06389e+23
1.05234e+23
1.09556e+23
1.32262e+23
1.9134e+23
3.08897e+23
5.13805e+23
8.37372e+23
1.28254e+24
1.77834e+24
3.4154e+23
1.64635e+23
1.34891e+23
1.29586e+23
1.26937e+23
1.23711e+23
1.19921e+23
1.15727e+23
1.11316e+23
1.06893e+23
1.02683e+23
9.89297e+22
9.58964e+22
9.38605e+22
9.31015e+22
9.38602e+22
9.6224e+22
9.98815e+22
1.03831e+23
1.06459e+23
1.06534e+23
1.05394e+23
1.09493e+23
1.31654e+23
1.89875e+23
3.0629e+23
5.09761e+23
8.31818e+23
1.27617e+24
1.7727e+24
3.47017e+23
1.65707e+23
1.35381e+23
1.29988e+23
1.27328e+23
1.24087e+23
1.20278e+23
1.16061e+23
1.1162e+23
1.07162e+23
1.02911e+23
9.91121e+22
9.60275e+22
9.39356e+22
9.31175e+22
9.38189e+22
9.61397e+22
9.97914e+22
1.03798e+23
1.06549e+23
1.06751e+23
1.0559e+23
1.09316e+23
1.30587e+23
1.87345e+23
3.01642e+23
5.02152e+23
8.20613e+23
1.26223e+24
1.75921e+24
3.50221e+23
1.66774e+23
1.36107e+23
1.30653e+23
1.27965e+23
1.24692e+23
1.20844e+23
1.16584e+23
1.12095e+23
1.07585e+23
1.03277e+23
9.94171e+22
9.62668e+22
9.41048e+22
9.32133e+22
9.38416e+22
9.61e+22
9.97231e+22
1.03764e+23
1.0662e+23
1.06935e+23
1.05727e+23
1.09006e+23
1.29214e+23
1.8419e+23
2.95859e+23
4.92626e+23
8.06405e+23
1.24419e+24
1.7413e+24
3.15813e+23
1.60465e+23
1.33564e+23
1.28673e+23
1.26028e+23
1.22808e+23
1.19049e+23
1.14911e+23
1.1058e+23
1.06261e+23
1.02182e+23
9.85862e+22
9.57353e+22
9.39034e+22
9.3361e+22
9.43255e+22
9.68282e+22
1.00454e+23
1.04088e+23
1.0612e+23
1.05617e+23
1.04623e+23
1.1054e+23
1.36965e+23
2.02199e+23
3.28802e+23
5.46401e+23
8.85154e+23
1.34147e+24
1.83492e+24
4.18551e+23
1.72277e+23
1.35701e+23
1.29441e+23
1.26735e+23
1.23442e+23
1.1955e+23
1.15227e+23
1.10664e+23
1.06073e+23
1.01688e+23
9.77647e+22
9.45811e+22
9.24413e+22
9.16712e+22
9.26013e+22
9.54934e+22
1.00317e+23
1.06309e+23
1.11678e+23
1.14358e+23
1.14409e+23
1.17563e+23
1.37797e+23
1.96682e+23
3.21051e+23
5.43898e+23
8.97307e+23
1.37383e+24
1.87971e+24
4.79431e+23
1.78833e+23
1.37191e+23
1.30157e+23
1.27427e+23
1.24133e+23
1.20216e+23
1.15842e+23
1.11204e+23
1.06512e+23
1.01997e+23
9.79148e+22
9.45421e+22
9.21832e+22
9.11686e+22
9.18452e+22
9.45278e+22
9.93266e+22
1.05732e+23
1.12151e+23
1.16295e+23
1.17252e+23
1.19092e+23
1.3415e+23
1.83387e+23
2.93747e+23
4.97817e+23
8.2946e+23
1.29096e+24
1.80237e+24
4.81758e+23
1.79721e+23
1.37793e+23
1.307e+23
1.27943e+23
1.24617e+23
1.20663e+23
1.16249e+23
1.11565e+23
1.06825e+23
1.02258e+23
9.81193e+22
9.46865e+22
9.22635e+22
9.11806e+22
9.17857e+22
9.43985e+22
9.91442e+22
1.05545e+23
1.12038e+23
1.1632e+23
1.17374e+23
1.19072e+23
1.33541e+23
1.81638e+23
2.90308e+23
4.92105e+23
8.2115e+23
1.28093e+24
1.79312e+24
4.80706e+23
1.80285e+23
1.38356e+23
1.31246e+23
1.28457e+23
1.25092e+23
1.21096e+23
1.16636e+23
1.11905e+23
1.07114e+23
1.02495e+23
9.83021e+22
9.48127e+22
9.2331e+22
9.11881e+22
9.17337e+22
9.42929e+22
9.90075e+22
1.05435e+23
1.1205e+23
1.16532e+23
1.17734e+23
1.19269e+23
1.32976e+23
1.79556e+23
2.85947e+23
4.84631e+23
8.09924e+23
1.26679e+24
1.77938e+24
4.30396e+23
1.74453e+23
1.36788e+23
1.3034e+23
1.27574e+23
1.24216e+23
1.20248e+23
1.15841e+23
1.11188e+23
1.065e+23
1.02012e+23
9.79798e+22
9.46821e+22
9.2424e+22
9.15347e+22
9.2353e+22
9.51669e+22
1.00011e+23
1.0623e+23
1.12092e+23
1.15398e+23
1.15763e+23
1.18247e+23
1.36274e+23
1.91368e+23
3.10559e+23
5.26766e+23
8.72805e+23
1.34474e+24
1.8534e+24
5.10473e+23
1.8152e+23
1.37653e+23
1.30269e+23
1.27463e+23
1.2409e+23
1.2008e+23
1.15604e+23
1.10858e+23
1.06054e+23
1.0143e+23
9.72452e+22
9.37842e+22
9.13628e+22
9.03295e+22
9.10637e+22
9.39423e+22
9.9194e+22
1.06474e+23
1.14231e+23
1.1987e+23
1.21912e+23
1.2407e+23
1.39302e+23
1.90663e+23
3.08221e+23
5.27579e+23
8.82804e+23
1.36709e+24
1.88237e+24
5.94586e+23
1.90142e+23
1.39946e+23
1.31568e+23
1.2871e+23
1.25323e+23
1.21271e+23
1.16725e+23
1.11877e+23
1.0694e+23
1.0215e+23
9.77633e+22
9.40635e+22
9.13638e+22
9.00124e+22
9.03926e+22
9.29053e+22
9.78694e+22
1.05183e+23
1.1365e+23
1.20729e+23
1.24166e+23
1.25855e+23
1.36457e+23
1.77525e+23
2.78976e+23
4.76247e+23
8.05552e+23
1.27159e+24
1.79306e+24
6.04116e+23
1.91243e+23
1.40332e+23
1.31836e+23
1.28965e+23
1.25567e+23
1.215e+23
1.16934e+23
1.12062e+23
1.07097e+23
1.02275e+23
9.78507e+22
9.41088e+22
9.13623e+22
8.99594e+22
9.0285e+22
9.27438e+22
9.76666e+22
1.04981e+23
1.13539e+23
1.20806e+23
1.24441e+23
1.26116e+23
1.36205e+23
1.76077e+23
2.75661e+23
4.7044e+23
7.96886e+23
1.26092e+24
1.78306e+24
6.04507e+23
1.92164e+23
1.41061e+23
1.32518e+23
1.29616e+23
1.26181e+23
1.22072e+23
1.17459e+23
1.12537e+23
1.07518e+23
1.02637e+23
9.81507e+22
9.43427e+22
9.15258e+22
9.00475e+22
9.02923e+22
9.26655e+22
9.75045e+22
1.04763e+23
1.13342e+23
1.20739e+23
1.2453e+23
1.26145e+23
1.35596e+23
1.73942e+23
2.70987e+23
4.62113e+23
7.84016e+23
1.2444e+24
1.76688e+24
5.21689e+23
1.83792e+23
1.38894e+23
1.31323e+23
1.28461e+23
1.25026e+23
1.20944e+23
1.16387e+23
1.1155e+23
1.06648e+23
1.01916e+23
9.76152e+22
9.40296e+22
9.14747e+22
9.02994e+22
9.08849e+22
9.36179e+22
9.87617e+22
1.0606e+23
1.14071e+23
1.20187e+23
1.22624e+23
1.24472e+23
1.37982e+23
1.85839e+23
2.98154e+23
5.10504e+23
8.57791e+23
1.33705e+24
1.85522e+24
5.4753e+23
1.84678e+23
1.38166e+23
1.30369e+23
1.2753e+23
1.24139e+23
1.20104e+23
1.15596e+23
1.10807e+23
1.0595e+23
1.0126e+23
9.69953e+22
9.3439e+22
9.09063e+22
8.97475e+22
9.03496e+22
9.31157e+22
9.83529e+22
1.05897e+23
1.1441e+23
1.2123e+23
1.24265e+23
1.26093e+23
1.38542e+23
1.84356e+23
2.94194e+23
5.04095e+23
8.49481e+23
1.32856e+24
1.849e+24
6.58438e+23
1.95732e+23
1.41143e+23
1.32072e+23
1.2916e+23
1.25752e+23
1.21664e+23
1.17066e+23
1.12149e+23
1.07125e+23
1.02226e+23
9.77068e+22
9.38479e+22
9.09609e+22
8.93942e+22
8.95371e+22
9.1813e+22
9.66129e+22
1.04028e+23
1.13185e+23
1.21656e+23
1.26619e+23
1.28543e+23
1.3625e+23
1.70148e+23
2.60435e+23
4.43115e+23
7.55809e+23
1.20996e+24
1.73486e+24
6.68973e+23
1.97017e+23
1.41612e+23
1.32406e+23
1.29479e+23
1.26059e+23
1.21954e+23
1.17335e+23
1.12392e+23
1.07336e+23
1.024e+23
9.78379e+22
9.39297e+22
9.09868e+22
8.93568e+22
8.94295e+22
9.163e+22
9.6358e+22
1.0373e+23
1.12921e+23
1.21538e+23
1.26701e+23
1.28694e+23
1.36064e+23
1.68991e+23
2.57637e+23
4.38067e+23
7.48151e+23
1.20042e+24
1.72582e+24
6.79191e+23
1.98386e+23
1.42161e+23
1.32818e+23
1.29872e+23
1.26437e+23
1.22313e+23
1.17669e+23
1.12696e+23
1.07606e+23
1.0263e+23
9.80229e+22
9.40639e+22
9.10638e+22
8.937e+22
8.93719e+22
9.14957e+22
9.61475e+22
1.03466e+23
1.12678e+23
1.21431e+23
1.26793e+23
1.2884e+23
1.35781e+23
1.67486e+23
2.54004e+23
4.31389e+23
7.37702e+23
1.18684e+24
1.7123e+24
6.99581e+23
2.00165e+23
1.42534e+23
1.32976e+23
1.30027e+23
1.26602e+23
1.22482e+23
1.17838e+23
1.1286e+23
1.07759e+23
1.02767e+23
9.81368e+22
9.41487e+22
9.11127e+22
8.93757e+22
8.93268e+22
9.13929e+22
9.59854e+22
1.03264e+23
1.12505e+23
1.21404e+23
1.26982e+23
1.29089e+23
1.35551e+23
1.65856e+23
2.4988e+23
4.23607e+23
7.25217e+23
1.17013e+24
1.69507e+24
6.15338e+23
1.92779e+23
1.41036e+23
1.32395e+23
1.29479e+23
1.26034e+23
1.21915e+23
1.17292e+23
1.12358e+23
1.07324e+23
1.02425e+23
9.79147e+22
9.40759e+22
9.12203e+22
8.96959e+22
8.989e+22
9.22183e+22
9.70474e+22
1.04397e+23
1.13257e+23
1.2111e+23
1.25318e+23
1.26943e+23
1.35691e+23
1.72671e+23
2.68119e+23
4.57867e+23
7.79134e+23
1.24048e+24
1.76555e+24
5.57315e+23
1.87078e+23
1.39531e+23
1.31547e+23
1.28682e+23
1.25269e+23
1.21206e+23
1.1666e+23
1.11823e+23
1.06903e+23
1.02131e+23
9.77593e+22
9.40649e+22
9.13538e+22
8.99651e+22
9.02715e+22
9.26617e+22
9.74451e+22
1.04526e+23
1.12752e+23
1.19641e+23
1.22912e+23
1.24174e+23
1.33412e+23
1.71127e+23
2.65921e+23
4.51736e+23
7.64746e+23
1.2157e+24
1.73548e+24
6.56784e+23
1.97024e+23
1.42173e+23
1.33032e+23
1.30106e+23
1.26683e+23
1.22578e+23
1.17959e+23
1.13014e+23
1.07951e+23
1.02998e+23
9.84043e+22
9.4445e+22
9.14232e+22
8.96765e+22
8.95803e+22
9.1541e+22
9.59354e+22
1.02871e+23
1.11583e+23
1.19831e+23
1.24824e+23
1.26499e+23
1.32296e+23
1.60533e+23
2.39223e+23
4.02237e+23
6.86714e+23
1.11256e+24
1.62957e+24
6.86072e+23
1.99531e+23
1.42608e+23
1.33153e+23
1.3023e+23
1.26831e+23
1.22745e+23
1.18136e+23
1.13194e+23
1.08126e+23
1.03159e+23
9.8542e+22
9.4549e+22
9.14823e+22
8.96786e+22
8.95127e+22
9.13912e+22
9.56966e+22
1.02556e+23
1.11248e+23
1.19574e+23
1.24707e+23
1.26425e+23
1.31893e+23
1.59145e+23
2.36035e+23
3.96355e+23
6.77347e+23
1.10005e+24
1.61664e+24
7.0775e+23
2.01283e+23
1.42878e+23
1.33197e+23
1.30273e+23
1.2689e+23
1.22814e+23
1.18212e+23
1.13271e+23
1.08199e+23
1.03221e+23
9.8588e+22
9.45718e+22
9.14749e+22
8.96337e+22
8.94232e+22
9.12518e+22
9.55081e+22
1.0234e+23
1.11072e+23
1.19549e+23
1.24904e+23
1.2672e+23
1.31819e+23
1.57891e+23
2.32632e+23
3.89796e+23
6.66677e+23
1.08537e+24
1.60076e+24
6.21937e+23
1.94418e+23
1.41888e+23
1.33117e+23
1.30215e+23
1.26796e+23
1.227e+23
1.18095e+23
1.1317e+23
1.08132e+23
1.0321e+23
9.86545e+22
9.47392e+22
9.17669e+22
9.00734e+22
9.00299e+22
9.20315e+22
9.64242e+22
1.0323e+23
1.1152e+23
1.18951e+23
1.2295e+23
1.24154e+23
1.31042e+23
1.62734e+23
2.47187e+23
4.17887e+23
7.11689e+23
1.14615e+24
1.66527e+24
4.94833e+23
1.8132e+23
1.38381e+23
1.31123e+23
1.28348e+23
1.25017e+23
1.21064e+23
1.16652e+23
1.11966e+23
1.07208e+23
1.02603e+23
9.83921e+22
9.48426e+22
9.22447e+22
9.09139e+22
9.11858e+22
9.33837e+22
9.76975e+22
1.03849e+23
1.10576e+23
1.1564e+23
1.17328e+23
1.17652e+23
1.25937e+23
1.60239e+23
2.45121e+23
4.09977e+23
6.88747e+23
1.10099e+24
1.60343e+24
5.80433e+23
1.91123e+23
1.41372e+23
1.33025e+23
1.30187e+23
1.2683e+23
1.22816e+23
1.18308e+23
1.13488e+23
1.08557e+23
1.03736e+23
9.92666e+22
9.54105e+22
9.24558e+22
9.07173e+22
9.05364e+22
9.22625e+22
9.61722e+22
1.02208e+23
1.09448e+23
1.1579e+23
1.18974e+23
1.19463e+23
1.24348e+23
1.49829e+23
2.19914e+23
3.63636e+23
6.1491e+23
9.99824e+23
1.49243e+24
6.10133e+23
1.93348e+23
1.41514e+23
1.32854e+23
1.30033e+23
1.26715e+23
1.22735e+23
1.18254e+23
1.13454e+23
1.08536e+23
1.03722e+23
9.92493e+22
9.5382e+22
9.24075e+22
9.06408e+22
9.04241e+22
9.21096e+22
9.59822e+22
1.02005e+23
1.09291e+23
1.15757e+23
1.19096e+23
1.19618e+23
1.24181e+23
1.48769e+23
2.17302e+23
3.58776e+23
6.07097e+23
9.88989e+23
1.4803e+24
6.33717e+23
1.95536e+23
1.41976e+23
1.33055e+23
1.30237e+23
1.26939e+23
1.22973e+23
1.18499e+23
1.13699e+23
1.08773e+23
1.03943e+23
9.94464e+22
9.55462e+22
9.25291e+22
9.07097e+22
9.04292e+22
9.204e+22
9.58316e+22
1.01786e+23
1.09057e+23
1.15595e+23
1.19061e+23
1.19601e+23
1.23783e+23
1.47277e+23
2.13801e+23
3.52188e+23
5.96212e+23
9.73395e+23
1.46227e+24
5.47527e+23
1.88755e+23
1.41308e+23
1.33331e+23
1.30523e+23
1.27178e+23
1.2318e+23
1.1869e+23
1.13893e+23
1.0899e+23
1.04202e+23
9.97697e+22
9.59563e+22
9.30485e+22
9.13583e+22
9.12184e+22
9.29561e+22
9.67904e+22
1.02534e+23
1.09077e+23
1.14268e+23
1.16182e+23
1.16119e+23
1.22271e+23
1.51527e+23
2.27589e+23
3.78934e+23
6.39421e+23
1.03367e+24
1.53063e+24
3.83151e+23
1.68135e+23
1.34536e+23
1.28715e+23
1.26125e+23
1.22993e+23
1.19306e+23
1.15215e+23
1.10893e+23
1.06531e+23
1.0234e+23
9.85469e+22
9.53957e+22
9.31485e+22
9.2079e+22
9.2454e+22
9.44704e+22
9.80841e+22
1.02696e+23
1.06922e+23
1.09014e+23
1.08406e+23
1.08268e+23
1.17719e+23
1.52015e+23
2.30587e+23
3.77111e+23
6.21376e+23
9.87599e+23
1.45638e+24
4.58459e+23
1.7978e+23
1.39189e+23
1.32265e+23
1.29588e+23
1.26375e+23
1.22557e+23
1.18284e+23
1.13731e+23
1.09087e+23
1.04562e+23
1.0038e+23
9.67857e+22
9.4041e+22
9.24225e+22
9.22101e+22
9.36458e+22
9.68102e+22
1.01346e+23
1.06122e+23
1.09339e+23
1.09672e+23
1.0865e+23
1.13308e+23
1.37327e+23
1.99485e+23
3.22319e+23
5.3427e+23
8.64201e+23
1.31046e+24
4.7361e+23
1.81034e+23
1.39219e+23
1.32112e+23
1.29448e+23
1.26258e+23
1.22458e+23
1.18199e+23
1.13655e+23
1.09014e+23
1.04487e+23
1.00297e+23
9.66892e+22
9.39254e+22
9.22833e+22
9.20457e+22
9.34608e+22
9.66228e+22
1.01199e+23
1.06079e+23
1.09462e+23
1.09959e+23
1.08971e+23
1.13378e+23
1.36767e+23
1.97937e+23
3.19468e+23
5.29787e+23
8.57992e+23
1.30325e+24
4.80795e+23
1.8229e+23
1.398e+23
1.32578e+23
1.29897e+23
1.26691e+23
1.22869e+23
1.18584e+23
1.14007e+23
1.09328e+23
1.04757e+23
1.00518e+23
9.68553e+22
9.40303e+22
9.23214e+22
9.20125e+22
9.33561e+22
9.6458e+22
1.01008e+23
1.05927e+23
1.09414e+23
1.10026e+23
1.09018e+23
1.13073e+23
1.3561e+23
1.95365e+23
3.14845e+23
5.22358e+23
8.47307e+23
1.29031e+24
5.0261e+23
1.84329e+23
1.40103e+23
1.32623e+23
1.29959e+23
1.26785e+23
1.22989e+23
1.18723e+23
1.14159e+23
1.09486e+23
1.04912e+23
1.00662e+23
9.69802e+22
9.4127e+22
9.23811e+22
9.2027e+22
9.33201e+22
9.63753e+22
1.00904e+23
1.05855e+23
1.09438e+23
1.10153e+23
1.09095e+23
1.12712e+23
1.34196e+23
1.92158e+23
3.08952e+23
5.1263e+23
8.32853e+23
1.27211e+24
4.48756e+23
1.79159e+23
1.39309e+23
1.32499e+23
1.29837e+23
1.26638e+23
1.22834e+23
1.18577e+23
1.14037e+23
1.09407e+23
1.04893e+23
1.00722e+23
9.71367e+22
9.4397e+22
9.27771e+22
9.25506e+22
9.39452e+22
9.70096e+22
1.01333e+23
1.05734e+23
1.0844e+23
1.08286e+23
1.07108e+23
1.12267e+23
1.37563e+23
2.01546e+23
3.26506e+23
5.4091e+23
8.73524e+23
1.32176e+24
2.79654e+23
1.5621e+23
1.32714e+23
1.28188e+23
1.25692e+23
1.22727e+23
1.19283e+23
1.15488e+23
1.11496e+23
1.07482e+23
1.03635e+23
1.00154e+23
9.72504e+22
9.51366e+22
9.40095e+22
9.4008e+22
9.51186e+22
9.70164e+22
9.89217e+22
9.96846e+22
9.84088e+22
9.57706e+22
9.55729e+22
1.05648e+23
1.37295e+23
2.04015e+23
3.22864e+23
5.17677e+23
8.15008e+23
1.22118e+24
3.20432e+23
1.64555e+23
1.36333e+23
1.31129e+23
1.28585e+23
1.25553e+23
1.21998e+23
1.18051e+23
1.13867e+23
1.0962e+23
1.055e+23
1.01709e+23
9.84611e+22
9.59754e+22
9.44645e+22
9.41019e+22
9.49476e+22
9.68028e+22
9.90312e+22
1.00528e+23
1.00128e+23
9.7741e+22
9.5988e+22
1.01504e+23
1.2493e+23
1.7951e+23
2.81189e+23
4.51839e+23
7.18641e+23
1.09711e+24
3.28067e+23
1.65656e+23
1.36559e+23
1.31231e+23
1.28697e+23
1.25675e+23
1.22125e+23
1.18178e+23
1.13988e+23
1.09729e+23
1.0559e+23
1.01774e+23
9.8495e+22
9.59721e+22
9.44202e+22
9.40171e+22
9.48313e+22
9.66783e+22
9.89383e+22
1.00513e+23
1.00219e+23
9.79014e+22
9.60826e+22
1.01299e+23
1.2414e+23
1.77858e+23
2.78363e+23
4.47421e+23
7.12255e+23
1.08901e+24
3.35287e+23
1.66475e+23
1.366e+23
1.31161e+23
1.28639e+23
1.25633e+23
1.22096e+23
1.18158e+23
1.13974e+23
1.09717e+23
1.05577e+23
1.01755e+23
9.84658e+22
9.59301e+22
9.43636e+22
9.3948e+22
9.47592e+22
9.66264e+22
9.89465e+22
1.0063e+23
1.00469e+23
9.82319e+22
9.63121e+22
1.01103e+23
1.23112e+23
1.75586e+23
2.74385e+23
4.41101e+23
7.0288e+23
1.07649e+24
3.06283e+23
1.63295e+23
1.36455e+23
1.31401e+23
1.28842e+23
1.25796e+23
1.22228e+23
1.18265e+23
1.14061e+23
1.09788e+23
1.05634e+23
1.01799e+23
9.84952e+22
9.59403e+22
9.43432e+22
9.38703e+22
9.45644e+22
9.61962e+22
9.80972e+22
9.91623e+22
9.83162e+22
9.56895e+22
9.42058e+22
1.00734e+23
1.25891e+23
1.82677e+23
2.87008e+23
4.61187e+23
7.32826e+23
1.11682e+24
1.83801e+23
1.43339e+23
1.31852e+23
1.28188e+23
1.2555e+23
1.22682e+23
1.19489e+23
1.16046e+23
1.12474e+23
1.08915e+23
1.05525e+23
1.0246e+23
9.98689e+22
9.78721e+22
9.65265e+22
9.57681e+22
9.53395e+22
9.47401e+22
9.32925e+22
9.04629e+22
8.64963e+22
8.32094e+22
8.45992e+22
9.68282e+22
1.27444e+23
1.8509e+23
2.81401e+23
4.3387e+23
6.65299e+23
9.93157e+23
2.0439e+23
1.50208e+23
1.35746e+23
1.31704e+23
1.29e+23
1.26017e+23
1.22655e+23
1.18988e+23
1.15142e+23
1.11261e+23
1.07503e+23
1.04034e+23
1.01014e+23
9.85869e+22
9.68498e+22
9.58019e+22
9.52718e+22
9.48456e+22
9.38693e+22
9.16582e+22
8.80383e+22
8.41489e+22
8.32015e+22
9.0755e+22
1.14139e+23
1.61715e+23
2.43979e+23
3.76554e+23
5.81469e+23
8.80439e+23
2.06814e+23
1.50556e+23
1.35699e+23
1.31622e+23
1.28931e+23
1.2596e+23
1.22606e+23
1.18946e+23
1.15104e+23
1.11226e+23
1.0747e+23
1.04002e+23
1.00984e+23
9.85615e+22
9.6835e+22
9.58087e+22
9.53179e+22
9.49551e+22
9.40665e+22
9.19535e+22
8.84075e+22
8.45165e+22
8.3441e+22
9.07162e+22
1.13698e+23
1.60796e+23
2.42506e+23
3.74387e+23
5.78392e+23
8.76284e+23
2.09997e+23
1.51802e+23
1.36492e+23
1.32344e+23
1.29638e+23
1.26648e+23
1.23265e+23
1.19569e+23
1.15682e+23
1.11751e+23
1.07934e+23
1.04397e+23
1.01303e+23
9.87973e+22
9.69845e+22
9.58742e+22
9.53115e+22
9.49013e+22
9.40001e+22
9.19049e+22
8.83735e+22
8.44261e+22
8.31294e+22
8.99261e+22
1.12108e+23
1.58021e+23
2.3801e+23
3.67388e+23
5.6796e+23
8.61905e+23
1.96003e+23
1.49962e+23
1.36847e+23
1.32847e+23
1.30069e+23
1.27034e+23
1.23628e+23
1.19922e+23
1.16037e+23
1.12115e+23
1.08311e+23
1.04785e+23
1.01689e+23
9.91566e+22
9.72627e+22
9.59788e+22
9.51006e+22
9.41912e+22
9.26114e+22
8.97711e+22
8.56913e+22
8.17741e+22
8.14681e+22
9.03995e+22
1.15691e+23
1.65409e+23
2.50031e+23
3.85537e+23
5.94404e+23
8.9823e+23
1.32185e+23
1.28953e+23
1.26181e+23
1.23661e+23
1.21117e+23
1.18419e+23
1.1555e+23
1.12556e+23
1.09519e+23
1.06532e+23
1.03691e+23
1.01076e+23
9.87353e+22
9.66544e+22
9.47277e+22
9.2733e+22
9.03433e+22
8.72163e+22
8.3198e+22
7.86349e+22
7.47285e+22
7.38093e+22
7.93458e+22
9.55786e+22
1.27179e+23
1.79816e+23
2.61854e+23
3.86233e+23
5.70726e+23
8.33336e+23
1.4355e+23
1.37706e+23
1.33742e+23
1.30698e+23
1.2784e+23
1.24852e+23
1.21658e+23
1.18287e+23
1.14817e+23
1.11343e+23
1.0797e+23
1.04791e+23
1.01879e+23
9.92546e+22
9.68651e+22
9.4548e+22
9.20216e+22
8.89283e+22
8.49818e+22
8.0237e+22
7.54464e+22
7.24018e+22
7.40896e+22
8.44703e+22
1.07994e+23
1.4965e+23
2.16271e+23
3.18578e+23
4.72578e+23
6.97788e+23
1.43839e+23
1.37709e+23
1.33644e+23
1.30577e+23
1.27717e+23
1.24734e+23
1.21544e+23
1.18178e+23
1.14712e+23
1.11244e+23
1.07879e+23
1.04713e+23
1.01818e+23
9.92208e+22
9.68692e+22
9.46042e+22
9.21447e+22
8.91288e+22
8.52587e+22
8.05697e+22
7.57906e+22
7.26919e+22
7.42531e+22
8.44538e+22
1.07785e+23
1.49275e+23
2.15768e+23
3.17987e+23
4.71937e+23
6.97141e+23
1.44397e+23
1.3802e+23
1.33862e+23
1.30766e+23
1.27896e+23
1.24903e+23
1.21704e+23
1.18326e+23
1.14846e+23
1.11363e+23
1.07981e+23
1.04798e+23
1.01889e+23
9.92814e+22
9.69274e+22
9.46712e+22
9.22339e+22
8.92525e+22
8.54209e+22
8.07569e+22
7.59634e+22
7.27809e+22
7.41646e+22
8.40868e+22
1.07046e+23
1.48063e+23
2.13934e+23
3.1529e+23
4.68047e+23
6.91745e+23
1.45673e+23
1.38942e+23
1.34641e+23
1.31494e+23
1.28599e+23
1.25584e+23
1.22359e+23
1.1895e+23
1.15434e+23
1.1191e+23
1.08484e+23
1.05253e+23
1.02294e+23
9.96364e+22
9.72372e+22
9.49447e+22
9.24845e+22
8.94944e+22
8.56602e+22
8.09783e+22
7.6115e+22
7.27624e+22
7.38279e+22
8.32514e+22
1.05512e+23
1.45583e+23
2.10131e+23
3.09575e+23
4.59604e+23
6.79734e+23
1.41433e+23
1.36564e+23
1.32979e+23
1.30057e+23
1.27245e+23
1.24291e+23
1.21135e+23
1.1781e+23
1.14394e+23
1.1098e+23
1.07671e+23
1.04554e+23
1.01694e+23
9.91029e+22
9.67133e+22
9.43495e+22
9.17211e+22
8.84793e+22
8.43751e+22
7.95356e+22
7.48157e+22
7.21174e+22
7.4509e+22
8.59641e+22
1.10898e+23
1.54336e+23
2.23306e+23
3.28869e+23
4.87344e+23
7.18132e+23
1.28145e+23
1.27275e+23
1.2579e+23
1.23855e+23
1.21559e+23
1.1897e+23
1.16152e+23
1.13174e+23
1.10104e+23
1.07008e+23
1.03938e+23
1.00918e+23
9.79325e+22
9.49102e+22
9.17176e+22
8.81758e+22
8.4114e+22
7.9477e+22
7.44828e+22
6.98125e+22
6.67791e+22
6.73932e+22
7.42284e+22
9.01423e+22
1.18237e+23
1.62478e+23
2.28918e+23
3.27083e+23
4.70791e+23
6.76827e+23
1.34011e+23
1.32885e+23
1.31137e+23
1.2897e+23
1.26465e+23
1.23668e+23
1.20632e+23
1.17419e+23
1.14096e+23
1.10736e+23
1.07398e+23
1.04123e+23
1.00916e+23
9.77286e+22
9.44499e+22
9.09079e+22
8.69065e+22
8.23109e+22
7.71908e+22
7.2008e+22
6.78113e+22
6.63624e+22
7.00874e+22
8.18132e+22
1.04549e+23
1.41819e+23
1.98717e+23
2.83335e+23
4.07943e+23
5.88742e+23
1.34186e+23
1.3303e+23
1.31256e+23
1.29072e+23
1.26554e+23
1.23747e+23
1.20702e+23
1.17479e+23
1.14149e+23
1.10781e+23
1.07439e+23
1.04164e+23
1.00962e+23
9.77888e+22
9.45339e+22
9.10256e+22
8.7065e+22
8.25098e+22
7.74175e+22
7.22339e+22
6.79905e+22
6.6436e+22
6.99952e+22
8.15078e+22
1.04e+23
1.41e+23
1.97583e+23
2.81809e+23
4.05925e+23
5.86148e+23
1.3399e+23
1.32809e+23
1.3102e+23
1.28835e+23
1.26329e+23
1.23542e+23
1.20521e+23
1.17325e+23
1.14022e+23
1.10683e+23
1.07369e+23
1.04122e+23
1.00949e+23
9.78058e+22
9.45836e+22
9.11109e+22
8.71871e+22
8.26663e+22
7.75982e+22
7.24175e+22
6.81414e+22
6.65048e+22
6.99231e+22
8.12354e+22
1.03468e+23
1.40132e+23
1.96254e+23
2.79812e+23
4.02945e+23
5.81789e+23
1.31393e+23
1.30368e+23
1.28724e+23
1.2665e+23
1.24229e+23
1.21518e+23
1.18575e+23
1.15465e+23
1.12259e+23
1.09028e+23
1.05832e+23
1.02707e+23
9.96552e+22
9.66228e+22
9.34918e+22
9.0085e+22
8.62059e+22
8.17302e+22
7.67549e+22
7.17908e+22
6.79549e+22
6.70875e+22
7.16866e+22
8.46371e+22
1.09029e+23
1.48563e+23
2.0866e+23
2.9789e+23
4.29035e+23
6.18487e+23
0
0
0
0
0
0
0
0
0
0
0
0
0
0
0
0
0
0
0
0
0
0
0
0
0
0
0
0
0
0
0
0
0
0
0
0
0
0
0
0
0
0
0
0
0
0
0
0
0
0
0
0
0
0
0
0
0
0
0
0
0
0
0
0
0
0
0
0
0
0
0
0
0
0
0
0
0
0
0
0
0
0
0
0
0
0
0
0
0
0
0
0
0
0
0
0
0
0
0
0
0
0
0
0
0
0
0
0
0
0
0
0
0
0
0
0
0
0
0
0
0
0
0
0
0
0
0
0
0
0
0
0
0
0
0
0
0
0
0
0
0
0
0
0
0
0
0
0
0
0
0
0
0
0
0
0
0
0
0
0
0
0
0
0
0
0
0
0
0
0
0
0
0
0
0
0
0
0
0
0
0
0
0
0
0
0
0
0
0
0
0
0
0
0
0
0
0
0
0
0
0
0
0
0
0
0
0
0
0
0
0
0
0
0
0
0
0
0
0
0
0
0
0
0
0
0
0
0
0
0
0
0
0
0
0
0
0
0
0
0
0
0
0
0
0
0
0
0
0
0
0
0
0
0
0
0
0
0
0
0
0
0
0
0
0
0
0
0
0
0
0
0
0
0
0
0
0
0
0
0
0
0
0
0
0
0
0
0
0
0
0
0
0
0
0
0
0
0
0
0
0
0
0
0
0
0
0
0
0
0
0
0
0
0
0
0
0
0
0
0
0
0
0
0
0
0
0
0
0
0
0
0
0
0
0
0
0
0
0
0
0
0
0
0
0
0
0
0
0
0
0
0
0
0
0
0
0
0
0
0
0
0
0
0
0
0
0
0
0
0
0
0
0
0
0
0
0
0
0
0
0
0
0
0
0
0
0
0
0
0
0
0
0
0
0
0
0
0
0
0
0
0
0
0
0
0
0
0
0
0
0
0
0
0
0
0
0
0
0
0
0
0
0
0
0
0
0
0
0
0
0
0
0
0
0
0
0
0
0
0
0
0
0
0
0
0
0
0
0
0
0
0
0
0
0
0
0
0
0
0
0
0
0
0
0
0
0
0
0
0
0
0
0
0
0
0
0
0
0
0
0
0
0
0
0
0
0
0
0
0
0
0
0
0
0
0
0
0
0
0
0
0
0
0
0
0
0
0
0
0
0
0
0
0
0
0
0
0
0
0
0
0
0
0
0
0
0
0
0
0
0
0
0
0
0
0
0
0
0
0
0
0
0
0
0
0
0
0
0
0
0
0
0
0
0
0
0
0
0
0
0
0
0
0
0
0
0
0
0
0
0
0
0
0
0
0
0
0
0
0
0
0
0
0
0
0
0
0
0
0
0
0
0
0
0
0
0
0
0
0
0
0
0
0
0
0
0
0
0
0
0
0
0
0
0
0
0
0
0
0
0
0
0
0
0
0
0
0
0
0
0
0
0
0
0
0
0
0
0
0
0
0
0
0
0
0
0
0
0
0
0
0
0
0
0
0
0
0
0
0
0
0
0
0
0
0
0
0
0
0
0
0
0
0
0
0
0
0
0
0
0
0
0
0
0
0
0
0
0
0
0
0
0
0
0
0
0
0
0
0
0
0
0
0
0
0
0
0
0
0
0
0
0
0
0
0
0
0
0
0
0
0
0
0
0
0
0
0
0
0
0
0
0
0
0
0
0
0
0
0
0
0
0
0
0
0
0
0
0
0
0
0
0
0
0
0
0
0
0
0
0
0
0
0
0
0
0
0
0
0
0
0
0
0
0
0
0
0
0
0
0
0
0
0
0
0
0
0
0
0
0
0
0
0
0
0
0
0
0
0
0
0
0
0
0
0
0
0
0
0
0
0
0
0
0
0
0
0
0
0
0
0
0
0
0
0
0
0
0
0
0
0
0
0
0
0
0
0
0
0
0
0
0
0
0
0
0
0
0
0
0
0
0
0
0
0
0
0
0
0
0
0
0
0
0
0
0
0
0
0
0
0
0
0
0
0
0
0
0
0
0
0
0
0
0
0
0
0
0
0
0
0
0
0
0
0
0
0
0
0
0
0
0
0
0
0
0
0
0
0
0
0
0
0
0
0
0
0
0
0
0
0
0
0
0
0
0
0
0
0
0
0
0
0
0
0
0
0
0
0
0
0
0
0
0
0
0
0
0
0
0
0
0
0
0
0
0
0
0
0
0
0
0
0
0
0
0
0
0
0
0
0
0
0
0
0
0
0
0
0
0
0
0
0
0
0
0
0
0
0
0
0
0
0
0
0
0
0
0
0
0
0
0
0
0
0
0
0
0
0
0
0
0
0
0
0
0
0
0
0
0
0
0
0
0
0
0
0
0
0
0
0
0
0
0
0
0
0
0
0
0
0
0
0
0
0
0
0
0
0
0
0
0
0
0
0
0
0
0
0
0
0
0
0
0
0
0
0
0
0
0
0
0
0
0
0
0
0
0
0
0
0
0
0
0
0
0
0
0
0
0
0
0
0
0
0
0
0
0
0
0
0
0
0
0
0
0
0
0
0
0
0
0
0
0
0
0
0
0
0
0
0
0
0
0
0
0
0
0
0
0
0
0
0
0
0
0
0
0
0
0
0
0
0
0
0
0
0
0
0
0
0
0
0
0
0
0
0
0
0
0
0
0
0
0
0
0
0
0
0
0
0
0
0
0
0
0
0
0
0
0
0
0
0
0
0
0
0
0
0
0
0
0
0
0
0
0
0
0
0
0
0
0
0
0
0
0
0
0
0
0
0
0
0
0
0
0
0
0
0
0
0
0
0
0
0
0
0
0
0
0
0
0
0
0
0
0
0
0
0
0
0
0
0
0
0
0
0
0
0
0
0
0
0
0
0
0
0
0
0
0
0
0
0
0
0
0
0
0
0
0
0
0
0
0
0
0
0
0
0
0
0
0
0
0
0
0
0
0
0
0
0
0
0
0
0
0
0
0
0
0
0
0
0
0
0
0
0
0
0
0
0
0
0
0
0
0
0
0
0
0
0
0
0
0
0
0
0
0
0
0
0
0
0
0
0
0
0
0
0
0
0
0
0
0
0
0
0
0
0
0
0
0
0
0
0
0
0
0
0
0
0
0
0
0
0
0
0
0
0
0
0
0
0
0
0
0
0
0
0
0
0
0
0
0
0
0
0
0
0
0
0
0
0
0
0
0
0
0
0
0
0
0
0
0
0
0
0
0
0
0
0
0
0
0
0
0
0
0
0
)
;

boundaryField
{
    fuelBottom
    {
        type            empty;
    }
    fuelTop_1
    {
        type            empty;
    }
    fuelOuter
    {
        type            zeroGradient;
    }
    fuelTop
    {
        type            empty;
    }
    fuelInner
    {
        type            zeroGradient;
    }
    cladBottom
    {
        type            empty;
    }
    cladInner
    {
        type            zeroGradient;
    }
    cladOuter
    {
        type            zeroGradient;
    }
    cladTop
    {
        type            empty;
    }
    front
    {
        type            wedge;
    }
    back
    {
        type            wedge;
    }
}


// ************************************************************************* //
