/*--------------------------------*- C++ -*----------------------------------*\
| =========                 |                                                 |
| \\      /  F ield         | OpenFOAM: The Open Source CFD Toolbox           |
|  \\    /   O peration     | Version:  2412                                  |
|   \\  /    A nd           | Website:  www.openfoam.com                      |
|    \\/     M anipulation  |                                                 |
\*---------------------------------------------------------------------------*/
FoamFile
{
    version     2.0;
    format      ascii;
    arch        "LSB;label=32;scalar=64";
    class       volScalarField;
    location    "25888284.641197/fuelBehaviourRegion";
    object      SCIANTIX::Intergranular_vacancies_per_bubble;
}
// * * * * * * * * * * * * * * * * * * * * * * * * * * * * * * * * * * * * * //

dimensions      [0 0 0 0 0 0 0];

internalField   nonuniform List<scalar> 
4720
(
31.0727
30.9838
30.7891
30.4956
30.1067
29.6263
29.059
28.4099
27.6848
26.8901
26.0326
25.1195
24.1583
23.1568
22.1227
21.064
19.9883
18.9031
17.8158
16.7333
15.6621
14.6084
13.5777
12.5749
11.6046
10.6706
9.77602
8.92359
8.11532
7.35266
31.4182
31.3284
31.1317
30.8351
30.4421
29.9568
29.3835
28.7276
27.9949
27.1918
26.3253
25.4025
24.4312
23.419
22.374
21.3039
20.2166
19.1198
18.0208
16.9265
15.8437
14.7785
13.7364
12.7226
11.7415
10.7971
9.89252
9.03049
8.21306
7.44171
32.0022
31.9109
31.7109
31.4093
31.0097
30.5162
29.9333
29.2663
28.5212
27.7045
26.8232
25.8846
24.8966
23.8671
22.8039
21.7153
20.609
19.4929
18.3744
17.2608
16.1586
15.0741
14.0131
12.9808
11.9816
11.0196
10.0981
9.21976
8.38673
7.60051
32.2178
32.1259
31.9245
31.6207
31.2183
30.7213
30.1343
29.4626
28.7123
27.8898
27.0023
26.0572
25.0622
24.0255
22.9549
21.8586
20.7447
19.6208
18.4946
17.3732
16.2635
15.1716
14.1033
13.0639
12.058
11.0895
10.1617
9.27749
8.4389
7.64746
32.4223
32.3297
32.1268
31.8209
31.4157
30.9151
30.324
29.6475
28.8919
28.0637
27.17
26.2183
25.2165
24.1727
23.0948
21.9912
20.8697
19.7384
18.6048
17.4761
16.3591
15.2602
14.1852
13.1392
12.127
11.1525
10.2191
9.32958
8.48598
7.68988
33.2684
33.1719
32.9607
32.6422
32.2203
31.6994
31.0843
30.3807
29.595
28.7342
27.8058
26.8177
25.7781
24.6956
23.5786
22.4356
21.2752
20.1055
18.9344
17.7695
16.6178
15.486
14.3799
13.305
12.2659
11.2669
10.3111
9.40148
8.54004
7.72824
51.1392
50.9817
50.6369
50.1172
49.4294
48.5806
47.5795
46.4357
45.1602
43.765
42.2627
40.6671
38.9919
37.2515
35.4603
33.6326
31.7825
29.9235
28.0687
26.2305
24.4202
22.6484
20.9245
19.257
17.653
16.1187
14.659
13.2777
11.9775
10.7601
55.3467
55.1752
54.7996
54.2337
53.4846
52.5604
51.4704
50.2253
48.8371
47.3189
45.6847
43.9492
42.1279
40.2362
38.29
36.3048
34.2959
32.2784
30.2662
28.2728
26.3107
24.3913
22.5247
20.7201
18.9853
17.3267
15.7497
14.2583
12.8553
11.5424
56.2015
56.027
55.6448
55.0689
54.3067
53.3664
52.2573
50.9906
49.5783
48.0339
46.3716
44.6064
42.754
40.8303
38.8512
36.8328
34.7906
32.7398
30.6947
28.669
26.6753
24.7253
22.8294
20.9966
19.2351
17.5513
15.9506
14.4371
13.0137
11.682
56.5715
56.3958
56.0109
55.4309
54.6633
53.7163
52.5995
51.3238
49.9016
48.3463
46.6724
44.8949
43.0296
41.0926
39.0999
37.0676
35.0115
32.9466
30.8877
28.8483
26.8413
24.8783
22.9698
21.125
19.3519
17.6572
16.0462
14.5231
13.0906
11.7505
57.3451
57.1664
56.7753
56.1858
55.4057
54.4433
53.3083
52.0121
50.5671
48.987
47.2865
45.4811
43.5867
41.6197
39.5965
37.5335
35.4465
33.3511
31.2621
29.1933
27.1578
25.1673
23.2324
21.3626
19.5659
17.849
16.2174
14.675
13.2249
11.8686
62.5242
62.3236
61.8843
61.2226
60.3472
59.2678
57.9956
56.5437
54.9265
53.1598
51.2604
49.2462
47.1354
44.9467
42.6989
40.4104
38.0993
35.7832
33.4785
31.2008
28.9646
26.7828
24.667
22.6274
20.6726
18.8096
17.0441
15.3801
13.8203
12.366
169.335
168.719
167.371
165.342
162.662
159.364
155.487
151.074
146.175
140.843
135.135
129.11
122.829
116.353
109.743
103.058
96.3556
89.6907
83.1138
76.6716
70.4062
64.3547
58.5489
53.0154
47.7753
42.8447
38.2344
33.9503
29.994
26.363
195.304
194.581
193
190.621
187.479
183.614
179.072
173.904
168.171
161.936
155.265
148.229
140.901
133.352
125.655
117.879
110.092
102.358
94.736
87.2802
80.0395
73.0565
66.3676
60.003
53.9862
48.3347
43.06
38.1679
33.659
29.5292
199.819
199.077
197.454
195.012
191.787
187.82
183.158
177.855
171.973
165.575
158.732
151.515
144
136.26
128.369
120.4
112.421
104.498
96.6917
89.0578
81.6463
74.5007
67.6583
61.1497
54.9989
49.2237
43.8356
38.8402
34.2381
30.0246
201.605
200.856
199.217
196.751
193.495
189.49
184.784
179.431
173.492
167.033
160.125
152.841
145.255
137.443
129.478
121.435
113.382
105.387
97.5092
89.8061
82.3279
75.1184
68.2152
61.6493
55.4448
49.6195
44.1851
39.1472
34.5063
30.2576
205.921
205.153
203.474
200.947
197.61
193.506
188.684
183.2
177.116
170.501
163.427
155.968
148.203
140.207
132.057
123.828
115.592
107.416
99.363
91.4907
83.8504
76.487
69.4387
62.7369
56.4063
50.4647
44.9237
39.789
35.0606
30.7336
236.508
235.594
233.595
230.589
226.622
221.745
216.02
209.516
202.31
194.485
186.129
177.335
168.195
158.803
149.251
139.629
130.023
120.512
111.17
102.065
93.2564
84.7946
76.7229
69.0757
61.8792
55.1514
48.9029
43.1369
37.8505
33.0348
1043.08
1038.34
1028
1012.46
992.006
966.943
937.631
904.48
867.943
828.505
786.676
742.979
697.941
652.08
605.901
559.882
514.468
470.067
427.042
385.707
346.328
309.116
274.235
241.795
211.862
184.455
159.556
137.109
117.028
99.2052
1273.84
1267.94
1255.05
1235.7
1210.24
1179.06
1142.61
1101.42
1056.06
1007.14
955.308
901.225
845.551
788.939
732.018
675.384
619.59
565.14
512.478
461.987
413.987
368.731
326.408
287.143
251.003
218
188.097
161.214
137.236
116.016
1314.33
1308.22
1294.87
1274.85
1248.49
1216.21
1178.49
1135.87
1088.93
1038.32
984.708
928.776
871.212
812.691
753.865
695.351
637.722
581.498
527.138
475.038
425.526
378.862
335.24
294.787
257.571
223.601
192.837
165.194
140.551
118.754
1327.87
1321.69
1308.2
1287.96
1261.32
1228.7
1190.57
1147.49
1100.05
1048.9
994.712
938.185
880.01
820.87
761.423
702.295
644.064
587.255
532.332
479.694
429.675
382.536
338.472
297.613
260.024
225.717
194.65
166.737
141.854
119.847
1354.26
1347.95
1334.15
1313.45
1286.2
1252.84
1213.85
1169.8
1121.3
1069.02
1013.64
955.882
896.45
836.044
775.339
714.974
655.54
597.573
541.548
487.87
436.878
388.838
343.947
302.336
264.069
229.156
197.553
169.169
143.876
121.515
1568.3
1560.71
1544.13
1519.27
1486.58
1446.59
1399.9
1347.22
1289.3
1226.98
1161.1
1092.53
1022.14
950.781
879.271
808.375
738.798
671.17
606.045
543.89
485.086
429.923
378.608
331.264
287.941
248.617
213.21
181.587
153.57
128.948
10015.8
9958.52
9833.59
9646.61
9401.52
9102.88
8756.03
8366.96
7942.25
7488.81
7013.79
6524.35
6027.51
5530
5038.08
4557.46
4093.19
3649.58
3230.14
2837.63
2473.99
2140.35
1837.13
1564.23
1320.97
1106.23
918.484
755.94
616.587
498.299
12581.4
12508
12347.8
12108.2
11794.2
11411.9
10968.1
10470.8
9928.44
9350.08
8744.98
8122.43
7491.5
6860.83
6238.46
5631.67
5046.84
4489.37
3963.63
3472.96
3019.66
2605.09
2229.63
1892.78
1593.52
1330.24
1100.87
903.014
734.018
591.115
12971.1
12895.1
12729.5
12481.7
12157
11761.7
11302.9
10788.8
10228.2
9630.45
9005.23
8362.1
7710.47
7059.28
6416.86
5790.72
5187.44
4612.61
4070.72
3565.19
3098.39
2671.67
2285.43
1939.11
1631.6
1361.23
1125.84
922.906
749.693
603.326
13174.2
13097
12928.6
12676.8
12346.8
11945
11478.7
10956.2
10386.4
9779.01
9143.63
8490.09
7827.94
7166.29
6513.59
5877.48
5264.65
4680.78
4130.42
3617.06
3143.08
2709.85
2317.79
1966.31
1654.27
1379.95
1141.16
935.335
759.682
611.277
14064.2
13981.1
13799.8
13528.7
13173.5
12741
12239.3
11677.3
11064.7
10411.8
9729.19
9027.55
8317.09
7607.66
6908.38
6227.51
5572.23
4948.62
4361.53
3814.63
3310.41
2850.23
2434.45
2062.37
1732.59
1443.19
1191.71
975.339
791.024
635.587
25139.9
24999.9
24694.3
24236.5
23635.3
22901.6
22048.3
21089.8
20041.7
18920.9
17744.1
16457.1
15100.1
13708.5
12315.6
10949.6
9635.51
8392.54
7235.99
6175.81
5218.15
4364.87
3614.82
2963.96
2406.26
1933.96
1538.79
1212.08
945.134
729.548
2.23947e+09
2.22999e+09
2.20672e+09
2.16691e+09
2.11412e+09
2.04677e+09
1.96177e+09
1.86327e+09
1.7496e+09
1.6186e+09
1.47601e+09
1.32222e+09
1.15865e+09
9.94116e+08
8.3305e+08
6.80882e+08
5.4692e+08
4.35386e+08
3.48732e+08
2.88703e+08
2.50769e+08
2.2523e+08
1.9844e+08
1.56236e+08
9.96695e+07
4.39482e+07
1.28948e+07
4.31035e+06
1.5757e+06
595420
3.30645e+09
3.2882e+09
3.25309e+09
3.2001e+09
3.12682e+09
3.03278e+09
2.91676e+09
2.7758e+09
2.60994e+09
2.4192e+09
2.2032e+09
1.96619e+09
1.71441e+09
1.45575e+09
1.20276e+09
9.68711e+08
7.65059e+08
6.01213e+08
4.80704e+08
3.99423e+08
3.45241e+08
2.96903e+08
2.33198e+08
1.52866e+08
7.61786e+07
2.20275e+07
6.41991e+06
2.17671e+06
788114
288568
3.13722e+09
3.11928e+09
3.08517e+09
3.03398e+09
2.96448e+09
2.87523e+09
2.76468e+09
2.63137e+09
2.47414e+09
2.29268e+09
2.08796e+09
1.863e+09
1.62356e+09
1.37833e+09
1.1386e+09
9.16896e+08
7.2485e+08
5.70842e+08
4.57911e+08
3.82183e+08
3.31267e+08
2.84388e+08
2.22101e+08
1.44139e+08
7.0364e+07
1.98701e+07
5.9116e+06
2.02583e+06
736965
270250
3.13998e+09
3.12289e+09
3.0897e+09
3.03961e+09
2.97132e+09
2.88342e+09
2.77435e+09
2.64266e+09
2.48715e+09
2.30745e+09
2.10437e+09
1.88076e+09
1.64211e+09
1.39685e+09
1.1561e+09
9.32318e+08
7.37314e+08
5.7984e+08
4.63488e+08
3.85124e+08
3.33277e+08
2.87717e+08
2.27827e+08
1.50938e+08
7.60741e+07
2.22877e+07
6.51967e+06
2.2139e+06
802717
294412
2.87264e+09
2.85429e+09
2.81957e+09
2.76787e+09
2.69813e+09
2.60911e+09
2.49944e+09
2.36796e+09
2.21392e+09
2.03758e+09
1.84071e+09
1.62728e+09
1.40389e+09
1.17974e+09
9.65947e+08
7.73853e+08
6.1299e+08
4.88894e+08
4.01441e+08
3.43319e+08
2.98902e+08
2.47978e+08
1.79792e+08
1.04332e+08
3.98609e+07
1.09009e+07
3.55339e+06
1.27504e+06
471941
173232
7.37112e+09
7.41713e+09
7.46033e+09
7.46983e+09
7.43125e+09
7.33812e+09
7.18745e+09
6.97701e+09
6.7046e+09
6.36763e+09
5.96321e+09
5.48898e+09
4.94459e+09
4.33532e+09
3.67671e+09
2.99838e+09
2.34311e+09
1.75888e+09
1.28489e+09
9.37871e+08
7.04632e+08
5.42894e+08
3.98693e+08
2.49864e+08
1.21554e+08
3.67082e+07
8.26818e+06
2.36321e+06
740011
234200
7.44654e+09
7.53491e+09
7.62641e+09
7.6791e+09
7.6772e+09
7.61568e+09
7.49303e+09
7.30796e+09
7.05861e+09
6.74223e+09
6.35546e+09
5.89466e+09
5.35744e+09
4.74564e+09
4.07071e+09
3.35888e+09
2.65308e+09
2.00629e+09
1.46688e+09
1.06178e+09
7.85491e+08
5.98908e+08
4.44026e+08
2.86786e+08
1.45898e+08
5.0388e+07
1.05248e+07
2.88281e+06
886627
278778
7.41019e+09
7.50145e+09
7.59607e+09
7.65149e+09
7.65202e+09
7.5928e+09
7.47247e+09
7.28988e+09
7.04323e+09
6.72978e+09
6.34618e+09
5.8888e+09
5.35507e+09
4.7466e+09
4.07443e+09
3.36443e+09
2.65926e+09
2.01197e+09
1.47133e+09
1.06478e+09
7.87248e+08
5.9984e+08
4.44578e+08
2.87201e+08
1.46155e+08
5.0482e+07
1.05332e+07
2.88257e+06
885982
278406
7.44479e+09
7.5429e+09
7.6444e+09
7.70519e+09
7.70954e+09
7.65298e+09
7.53443e+09
7.35303e+09
7.10705e+09
6.79389e+09
6.41024e+09
5.95255e+09
5.41809e+09
4.80821e+09
4.13338e+09
3.41886e+09
2.7069e+09
2.05085e+09
1.50051e+09
1.08489e+09
8.004e+08
6.09142e+08
4.52704e+08
2.94493e+08
1.51396e+08
5.34063e+07
1.11266e+07
3.01769e+06
924210
290145
7.48923e+09
7.5928e+09
7.69951e+09
7.76407e+09
7.77076e+09
7.71542e+09
7.59726e+09
7.41565e+09
7.16898e+09
6.85481e+09
6.46992e+09
6.01086e+09
5.47492e+09
4.86331e+09
4.18602e+09
3.46775e+09
2.75019e+09
2.0867e+09
1.52779e+09
1.10385e+09
8.12865e+08
6.18166e+08
4.61124e+08
3.02573e+08
1.57504e+08
5.69639e+07
1.18994e+07
3.19484e+06
974920
305952
7.30863e+09
7.36989e+09
7.43151e+09
7.45825e+09
7.43499e+09
7.35568e+09
7.21779e+09
7.01939e+09
6.75831e+09
6.4318e+09
6.03658e+09
5.56946e+09
5.02905e+09
4.41926e+09
3.75461e+09
3.06491e+09
2.39492e+09
1.79579e+09
1.30965e+09
9.54313e+08
7.14886e+08
5.45974e+08
3.93568e+08
2.401e+08
1.12463e+08
3.11299e+07
7.16419e+06
2.06719e+06
647371
203780
6.22762e+09
9.48195e+09
1.16342e+10
1.25916e+10
1.29916e+10
1.31405e+10
1.31304e+10
1.29889e+10
1.27224e+10
1.23298e+10
1.18084e+10
1.11566e+10
1.03747e+10
9.46196e+09
8.41537e+09
7.23451e+09
5.94145e+09
4.60653e+09
3.35071e+09
2.30367e+09
1.53909e+09
1.03616e+09
6.97137e+08
4.25878e+08
2.08377e+08
7.13511e+07
1.31066e+07
3.05101e+06
824528
227831
4.89779e+09
8.82535e+09
1.14549e+10
1.25308e+10
1.29638e+10
1.31466e+10
1.31786e+10
1.30862e+10
1.28733e+10
1.25362e+10
1.20693e+10
1.14689e+10
1.07339e+10
9.86344e+09
8.85385e+09
7.69983e+09
6.41188e+09
5.04645e+09
3.7205e+09
2.57803e+09
1.71898e+09
1.14567e+09
7.68213e+08
4.78016e+08
2.42738e+08
8.8451e+07
1.68448e+07
3.71526e+06
984444
270560
4.81278e+09
8.83783e+09
1.15339e+10
1.26222e+10
1.30559e+10
1.32393e+10
1.32723e+10
1.31809e+10
1.29689e+10
1.26322e+10
1.21648e+10
1.15629e+10
1.08252e+10
9.95147e+09
8.93834e+09
7.78071e+09
6.48805e+09
5.11496e+09
3.77733e+09
2.62027e+09
1.74698e+09
1.16302e+09
7.79689e+08
4.86531e+08
2.48413e+08
9.13436e+07
1.75474e+07
3.83472e+06
1.01248e+06
277918
4.71306e+09
8.81743e+09
1.15713e+10
1.26699e+10
1.31046e+10
1.32899e+10
1.33257e+10
1.32379e+10
1.303e+10
1.26974e+10
1.22341e+10
1.16356e+10
1.09007e+10
1.00289e+10
9.01752e+09
7.86125e+09
6.56838e+09
5.19108e+09
3.84336e+09
2.67119e+09
1.78161e+09
1.18482e+09
7.9461e+08
4.98485e+08
2.57088e+08
9.60865e+07
1.88031e+07
4.05237e+06
1.06492e+06
292113
5.44006e+09
9.08209e+09
1.14623e+10
1.24658e+10
1.28759e+10
1.30389e+10
1.30488e+10
1.29318e+10
1.26926e+10
1.23284e+10
1.18351e+10
1.12106e+10
1.04546e+10
9.56621e+09
8.5409e+09
7.37443e+09
6.0833e+09
4.73425e+09
3.45114e+09
2.3723e+09
1.58023e+09
1.05792e+09
7.06624e+08
4.2833e+08
2.07587e+08
6.9787e+07
1.25939e+07
2.92884e+06
789400
217216
0
6.34452e+09
1.46235e+10
1.68245e+10
1.73098e+10
1.75815e+10
1.77409e+10
1.77888e+10
1.77059e+10
1.74654e+10
1.70398e+10
1.64073e+10
1.55585e+10
1.44997e+10
1.32478e+10
1.18139e+10
1.01864e+10
8.35081e+09
6.37285e+09
4.46123e+09
2.88224e+09
1.779e+09
1.08782e+09
6.33028e+08
3.07177e+08
1.07203e+08
1.90508e+07
3.69433e+06
885206
219340
0
4.77685e+09
1.36332e+10
1.60897e+10
1.65975e+10
1.69216e+10
1.7162e+10
1.73146e+10
1.73569e+10
1.72579e+10
1.69845e+10
1.65074e+10
1.58085e+10
1.48854e+10
1.37507e+10
1.24168e+10
1.08749e+10
9.09751e+09
7.11206e+09
5.09747e+09
3.3453e+09
2.06735e+09
1.25658e+09
7.41905e+08
3.7794e+08
1.42937e+08
2.91332e+07
5.07961e+06
1.17578e+06
289323
0
4.60612e+09
1.34988e+10
1.59668e+10
1.64728e+10
1.68011e+10
1.70502e+10
1.72152e+10
1.72733e+10
1.71929e+10
1.69401e+10
1.64849e+10
1.58078e+10
1.49054e+10
1.37895e+10
1.24731e+10
1.09476e+10
9.18412e+09
7.20421e+09
5.1811e+09
3.40827e+09
2.10707e+09
1.27932e+09
7.55984e+08
3.87175e+08
1.47741e+08
3.07127e+07
5.27476e+06
1.21455e+06
298389
0
4.65091e+09
1.36209e+10
1.61002e+10
1.66045e+10
1.69337e+10
1.71853e+10
1.73544e+10
1.74176e+10
1.73434e+10
1.7097e+10
1.66475e+10
1.59742e+10
1.50723e+10
1.39531e+10
1.26302e+10
1.10976e+10
9.32762e+09
7.33823e+09
5.29615e+09
3.49438e+09
2.16278e+09
1.31298e+09
7.78164e+08
4.02197e+08
1.55847e+08
3.37098e+07
5.65235e+06
1.29146e+06
316857
0
5.5665e+09
1.38529e+10
1.60245e+10
1.65013e+10
1.67926e+10
1.69893e+10
1.70882e+10
1.70677e+10
1.68987e+10
1.65512e+10
1.60013e+10
1.52374e+10
1.4264e+10
1.30967e+10
1.17445e+10
1.01897e+10
8.40652e+09
6.45e+09
4.53e+09
2.92758e+09
1.80173e+09
1.09609e+09
6.34803e+08
3.06825e+08
1.06154e+08
1.85349e+07
3.59054e+06
858619
212109
0
1.41334e+09
1.47789e+10
1.93504e+10
1.99933e+10
2.0457e+10
2.08875e+10
2.12608e+10
2.15344e+10
2.16545e+10
2.15613e+10
2.11978e+10
2.05213e+10
1.95167e+10
1.82045e+10
1.663e+10
1.48215e+10
1.27376e+10
1.03011e+10
7.59453e+09
5.00702e+09
2.99392e+09
1.70293e+09
9.40078e+08
4.56399e+08
1.64602e+08
3.19477e+07
4.97368e+06
1.06265e+06
240835
0
0
1.20413e+10
1.71359e+10
1.78448e+10
1.83724e+10
1.89024e+10
1.94113e+10
1.98579e+10
2.01885e+10
2.03403e+10
2.02492e+10
1.98613e+10
1.91468e+10
1.81121e+10
1.67957e+10
1.52331e+10
1.33932e+10
1.11682e+10
8.54288e+09
5.83232e+09
3.56242e+09
2.02976e+09
1.12417e+09
5.6951e+08
2.23581e+08
5.38755e+07
7.39471e+06
1.498e+06
336197
0
0
1.20713e+10
1.71296e+10
1.7829e+10
1.83541e+10
1.88843e+10
1.93956e+10
1.9847e+10
2.01842e+10
2.0344e+10
2.02615e+10
1.9882e+10
1.91748e+10
1.81459e+10
1.68349e+10
1.52802e+10
1.34535e+10
1.12452e+10
8.62933e+09
5.91012e+09
3.61711e+09
2.06105e+09
1.14092e+09
5.79266e+08
2.28642e+08
5.56902e+07
7.60593e+06
1.53246e+06
343310
0
0
1.18887e+10
1.70062e+10
1.77138e+10
1.82464e+10
1.87876e+10
1.93136e+10
1.97834e+10
2.01425e+10
2.03272e+10
2.02715e+10
1.99188e+10
1.92363e+10
1.82279e+10
1.69322e+10
1.53891e+10
1.35744e+10
1.1379e+10
8.76726e+09
6.03063e+09
3.70238e+09
2.11127e+09
1.16905e+09
5.9633e+08
2.37838e+08
5.92165e+07
8.04655e+06
1.60684e+06
359232
0
0
1.18405e+10
1.69265e+10
1.76295e+10
1.81649e+10
1.87129e+10
1.92505e+10
1.97369e+10
2.01179e+10
2.03295e+10
2.03046e+10
1.99845e+10
1.93333e+10
1.83514e+10
1.70746e+10
1.55433e+10
1.37366e+10
1.15481e+10
8.93446e+09
6.17453e+09
3.80445e+09
2.17207e+09
1.20362e+09
6.17593e+08
2.49505e+08
6.38419e+07
8.65023e+06
1.70807e+06
380973
0
5.2331e+08
1.32579e+10
1.78958e+10
1.85502e+10
1.90531e+10
1.95509e+10
2.00182e+10
2.04124e+10
2.06777e+10
2.0751e+10
2.0569e+10
2.00806e+10
1.92613e+10
1.81236e+10
1.67106e+10
1.50557e+10
1.31201e+10
1.08015e+10
8.12526e+09
5.45129e+09
3.28808e+09
1.8661e+09
1.02933e+09
5.09364e+08
1.90666e+08
4.09044e+07
5.88394e+06
1.2262e+06
276094
0
0
1.00912e+10
1.72106e+10
1.81387e+10
1.88316e+10
1.95875e+10
2.03769e+10
2.11494e+10
2.18356e+10
2.23495e+10
2.25968e+10
2.24889e+10
2.19657e+10
2.10188e+10
1.97005e+10
1.80933e+10
1.62118e+10
1.39038e+10
1.09897e+10
7.68709e+09
4.6983e+09
2.59648e+09
1.37126e+09
6.70774e+08
2.56888e+08
6.05313e+07
7.69425e+06
1.46064e+06
309157
0
0
7.15288e+09
1.46123e+10
1.56269e+10
1.636e+10
1.71846e+10
1.80768e+10
1.89931e+10
1.98693e+10
2.06215e+10
2.11511e+10
2.13589e+10
2.11669e+10
2.05437e+10
1.95224e+10
1.81828e+10
1.65661e+10
1.45446e+10
1.18746e+10
8.62137e+09
5.43867e+09
3.05063e+09
1.61354e+09
8.07009e+08
3.30022e+08
8.84797e+07
1.12895e+07
2.00379e+06
418339
0
0
7.12657e+09
1.45431e+10
1.55492e+10
1.62828e+10
1.71116e+10
1.8012e+10
1.89411e+10
1.98349e+10
2.06094e+10
2.11652e+10
2.14012e+10
2.12362e+10
2.06356e+10
1.96296e+10
1.82981e+10
1.66871e+10
1.46761e+10
1.20178e+10
8.75959e+09
5.54541e+09
3.1158e+09
1.64787e+09
8.25471e+08
3.39628e+08
9.21188e+07
1.17925e+07
2.07285e+06
431508
0
0
7.06037e+09
1.43198e+10
1.53004e+10
1.60279e+10
1.68546e+10
1.7758e+10
1.86966e+10
1.96076e+10
2.04077e+10
2.09978e+10
2.12753e+10
2.11564e+10
2.06027e+10
1.96401e+10
1.83463e+10
1.67698e+10
1.47951e+10
1.21701e+10
8.92014e+09
5.67623e+09
3.19855e+09
1.6926e+09
8.50555e+08
3.53661e+08
9.78615e+07
1.26522e+07
2.19328e+06
455231
0
0
9.20549e+09
1.61911e+10
1.71126e+10
1.78249e+10
1.86194e+10
1.94687e+10
2.03246e+10
2.11189e+10
2.17646e+10
2.21629e+10
2.22175e+10
2.18569e+10
2.10598e+10
1.98684e+10
1.83645e+10
1.65749e+10
1.4356e+10
1.14977e+10
8.16004e+09
5.04403e+09
2.79825e+09
1.47646e+09
7.28353e+08
2.85689e+08
7.06935e+07
8.87354e+06
1.63989e+06
344552
0
0
6.46226e+09
1.48534e+10
1.59826e+10
1.67992e+10
1.77397e+10
1.87784e+10
1.98672e+10
2.09343e+10
2.18824e+10
2.25943e+10
2.29486e+10
2.28468e+10
2.22468e+10
2.11883e+10
1.97803e+10
1.81053e+10
1.60392e+10
1.3246e+10
9.69371e+09
6.10271e+09
3.37172e+09
1.7385e+09
8.45057e+08
3.34024e+08
8.49397e+07
1.03201e+07
1.80005e+06
365256
0
0
3.75326e+09
1.21361e+10
1.33514e+10
1.41802e+10
1.51568e+10
1.62655e+10
1.74684e+10
1.87031e+10
1.98801e+10
2.08832e+10
2.15823e+10
2.18589e+10
2.16413e+10
2.09367e+10
1.98339e+10
1.84337e+10
1.66703e+10
1.42023e+10
1.08211e+10
7.08713e+09
4.01513e+09
2.08296e+09
1.02847e+09
4.32699e+08
1.2403e+08
1.6163e+07
2.56707e+06
510445
0
0
3.47213e+09
1.17959e+10
1.30143e+10
1.3843e+10
1.48228e+10
1.59391e+10
1.71557e+10
1.84114e+10
1.96178e+10
2.06585e+10
2.14025e+10
2.17284e+10
2.15609e+10
2.09032e+10
1.98425e+10
1.84816e+10
1.67621e+10
1.43412e+10
1.09854e+10
7.23207e+09
4.1108e+09
2.13406e+09
1.05503e+09
4.46873e+08
1.29728e+08
1.71208e+07
2.67978e+06
530803
0
0
3.46563e+09
1.16689e+10
1.2863e+10
1.36861e+10
1.46632e+10
1.57813e+10
1.70055e+10
1.82764e+10
1.95071e+10
2.05815e+10
2.13677e+10
2.17413e+10
2.16218e+10
2.1006e+10
1.99759e+10
1.86341e+10
1.69306e+10
1.45303e+10
1.11837e+10
7.40261e+09
4.22464e+09
2.19627e+09
1.08802e+09
4.64858e+08
1.37283e+08
1.85137e+07
2.84457e+06
561040
0
0
5.92412e+09
1.4134e+10
1.52465e+10
1.60675e+10
1.7025e+10
1.80959e+10
1.92355e+10
2.03748e+10
2.14174e+10
2.22446e+10
2.27296e+10
2.27643e+10
2.22941e+10
2.1346e+10
2.00229e+10
1.84158e+10
1.64217e+10
1.36982e+10
1.01532e+10
6.46822e+09
3.5972e+09
1.85619e+09
9.0716e+08
3.65888e+08
9.67267e+07
1.18719e+07
2.01069e+06
404956
0
0
4.51995e+09
1.28776e+10
1.40597e+10
1.49286e+10
1.59566e+10
1.71235e+10
1.83853e+10
1.96727e+10
2.08863e+10
2.18997e+10
2.25754e+10
2.27924e+10
2.24836e+10
2.16691e+10
2.04535e+10
1.89417e+10
1.70424e+10
1.43803e+10
1.07883e+10
6.93602e+09
3.86809e+09
1.98799e+09
9.68433e+08
3.92075e+08
1.04703e+08
1.28224e+07
2.11943e+06
422331
0
0
1.74092e+09
9.62404e+09
1.0877e+10
1.17254e+10
1.27538e+10
1.39564e+10
1.53058e+10
1.67474e+10
1.8195e+10
1.95289e+10
2.06051e+10
2.12805e+10
2.14528e+10
2.10993e+10
2.02935e+10
1.91518e+10
1.76564e+10
1.54625e+10
1.21957e+10
8.25886e+09
4.77824e+09
2.48482e+09
1.22842e+09
5.33709e+08
1.63375e+08
2.33005e+07
3.33824e+06
644255
0
0
1.58813e+09
9.43412e+09
1.0695e+10
1.15433e+10
1.25735e+10
1.37807e+10
1.51389e+10
1.65943e+10
1.80609e+10
1.94195e+10
2.05243e+10
2.12303e+10
2.14314e+10
2.11019e+10
2.03143e+10
1.91891e+10
1.77194e+10
1.55668e+10
1.23359e+10
8.39556e+09
4.87459e+09
2.53736e+09
1.25472e+09
5.47606e+08
1.69187e+08
2.45155e+07
3.45877e+06
664717
0
0
1.43827e+09
9.20935e+09
1.04702e+10
1.13147e+10
1.2343e+10
1.35517e+10
1.49163e+10
1.63849e+10
1.78728e+10
1.92614e+10
2.04047e+10
2.11547e+10
2.14015e+10
2.11141e+10
2.03612e+10
1.92636e+10
1.78232e+10
1.57102e+10
1.25121e+10
8.56388e+09
4.99426e+09
2.604e+09
1.28896e+09
5.66139e+08
1.7725e+08
2.63599e+07
3.64269e+06
696473
0
0
1.11934e+09
8.79131e+09
1.00708e+10
1.09122e+10
1.19387e+10
1.31491e+10
1.45211e+10
1.60055e+10
1.75199e+10
1.89474e+10
2.0142e+10
2.0954e+10
2.12688e+10
2.10494e+10
2.03582e+10
1.93128e+10
1.79206e+10
1.58597e+10
1.27032e+10
8.75145e+09
5.13104e+09
2.6819e+09
1.32972e+09
5.8872e+08
1.87451e+08
2.8914e+07
3.89349e+06
740003
0
0
2.89403e+09
1.11405e+10
1.23721e+10
1.32411e+10
1.42857e+10
1.54946e+10
1.68336e+10
1.82415e+10
1.96268e+10
2.08644e+10
2.18097e+10
2.23237e+10
2.23126e+10
2.17657e+10
2.07676e+10
1.94362e+10
1.77396e+10
1.53268e+10
1.18858e+10
7.91063e+09
4.51816e+09
2.33844e+09
1.15213e+09
4.90828e+08
1.44457e+08
1.94121e+07
2.91317e+06
567741
0
0
3.79692e+09
1.1519e+10
1.26469e+10
1.35016e+10
1.45239e+10
1.5699e+10
1.69896e+10
1.83336e+10
1.96386e+10
2.07836e+10
2.16318e+10
2.2056e+10
2.19745e+10
2.13833e+10
2.0362e+10
1.90051e+10
1.72488e+10
1.47558e+10
1.13101e+10
7.46581e+09
4.26518e+09
2.23002e+09
1.11286e+09
4.76655e+08
1.40382e+08
1.89194e+07
2.90104e+06
575245
0
0
1.50989e+09
8.80434e+09
9.98283e+09
1.08078e+10
1.18145e+10
1.30005e+10
1.43429e+10
1.5793e+10
1.72714e+10
1.86645e+10
1.98326e+10
2.06334e+10
2.09573e+10
2.07664e+10
2.01132e+10
1.90967e+10
1.7708e+10
1.56409e+10
1.25205e+10
8.65709e+09
5.12064e+09
2.71096e+09
1.36569e+09
6.18468e+08
2.03803e+08
3.39323e+07
4.42037e+06
843086
0
0
1.18549e+09
8.58973e+09
9.82705e+09
1.06625e+10
1.16809e+10
1.28808e+10
1.42401e+10
1.57108e+10
1.72132e+10
1.86338e+10
1.98316e+10
2.06619e+10
2.10119e+10
2.08405e+10
2.01985e+10
1.91878e+10
1.78092e+10
1.57662e+10
1.26707e+10
8.8023e+09
5.22621e+09
2.77097e+09
1.39654e+09
6.35102e+08
2.11245e+08
3.60941e+07
4.60818e+06
874186
0
0
8.71392e+08
8.20669e+09
9.46762e+09
1.02992e+10
1.13141e+10
1.25126e+10
1.38749e+10
1.53546e+10
1.68745e+10
1.83225e+10
1.95583e+10
2.04362e+10
2.08406e+10
2.07265e+10
2.01401e+10
1.91821e+10
1.78574e+10
1.58745e+10
1.28297e+10
8.96914e+09
5.35318e+09
2.84526e+09
1.43576e+09
6.57432e+08
2.22044e+08
3.96129e+07
4.9132e+06
925674
0
0
2.77275e+09
1.07807e+10
1.20028e+10
1.28686e+10
1.39083e+10
1.51116e+10
1.6446e+10
1.78537e+10
1.92463e+10
2.05036e+10
2.1485e+10
2.20535e+10
2.21116e+10
2.16387e+10
2.07038e+10
1.94137e+10
1.77481e+10
1.53983e+10
1.20629e+10
8.15999e+09
4.7484e+09
2.49907e+09
1.25568e+09
5.56551e+08
1.75275e+08
2.64084e+07
3.70918e+06
720415
0
0
4.79657e+09
1.13745e+10
1.23567e+10
1.3159e+10
1.41057e+10
1.51811e+10
1.63501e+10
1.75543e+10
1.87105e+10
1.97131e+10
2.0446e+10
2.08026e+10
2.07137e+10
2.01703e+10
1.92209e+10
1.79084e+10
1.61394e+10
1.36527e+10
1.0375e+10
6.86238e+09
3.98743e+09
2.14961e+09
1.11484e+09
5.00202e+08
1.57628e+08
2.36161e+07
3.5595e+06
722946
0
0
2.72494e+09
9.38566e+09
1.04257e+10
1.1216e+10
1.21652e+10
1.32661e+10
1.44925e+10
1.57966e+10
1.71029e+10
1.83092e+10
1.92945e+10
1.99387e+10
2.01507e+10
1.98974e+10
1.92134e+10
1.81574e+10
1.66861e+10
1.45453e+10
1.15125e+10
7.94849e+09
4.76416e+09
2.59277e+09
1.3549e+09
6.41303e+08
2.24991e+08
4.34973e+07
5.45645e+06
1.05762e+06
0
0
2.21151e+09
9.01279e+09
1.01061e+10
1.09045e+10
1.18631e+10
1.29759e+10
1.42176e+10
1.55414e+10
1.68728e+10
1.81099e+10
1.91312e+10
1.98154e+10
2.00695e+10
1.98582e+10
1.92141e+10
1.81964e+10
1.67649e+10
1.46651e+10
1.16591e+10
8.08747e+09
4.86455e+09
2.65074e+09
1.38595e+09
6.59049e+08
2.3352e+08
4.62796e+07
5.71602e+06
1.10061e+06
0
0
1.91563e+09
8.83206e+09
9.96853e+09
1.07753e+10
1.17431e+10
1.2867e+10
1.41225e+10
1.54637e+10
1.68169e+10
1.80802e+10
1.91318e+10
1.98486e+10
2.01346e+10
1.99509e+10
1.93266e+10
1.8321e+10
1.69003e+10
1.48177e+10
1.18265e+10
8.24366e+09
4.97933e+09
2.71849e+09
1.4227e+09
6.80414e+08
2.44272e+08
4.98525e+07
6.08206e+06
1.16199e+06
0
0
4.58753e+09
1.18547e+10
1.29445e+10
1.37729e+10
1.47454e+10
1.58467e+10
1.70423e+10
1.82744e+10
1.94598e+10
2.04922e+10
2.12519e+10
2.16268e+10
2.15391e+10
2.09714e+10
1.99697e+10
1.8591e+10
1.67765e+10
1.42874e+10
1.10022e+10
7.39617e+09
4.35202e+09
2.35749e+09
1.23089e+09
5.67981e+08
1.88886e+08
3.18486e+07
4.42321e+06
880116
0
0
6.81764e+09
1.15723e+10
1.23542e+10
1.30457e+10
1.383e+10
1.46888e+10
1.55862e+10
1.6469e+10
1.72678e+10
1.79014e+10
1.82865e+10
1.83537e+10
1.80638e+10
1.74175e+10
1.64397e+10
1.51211e+10
1.33515e+10
1.09887e+10
8.14386e+09
5.34413e+09
3.17062e+09
1.79463e+09
9.8281e+08
4.61165e+08
1.53076e+08
2.47604e+07
3.93577e+06
846628
0
0
5.10439e+09
1.03504e+10
1.1198e+10
1.19106e+10
1.27357e+10
1.36612e+10
1.46577e+10
1.5678e+10
1.6656e+10
1.75092e+10
1.81466e+10
1.84825e+10
1.84552e+10
1.8042e+10
1.72562e+10
1.61048e+10
1.45112e+10
1.23146e+10
9.50011e+09
6.48825e+09
3.94823e+09
2.24452e+09
1.24431e+09
6.24025e+08
2.34582e+08
5.16415e+07
6.70349e+06
1.34968e+06
0
0
4.69748e+09
1.00873e+10
1.09606e+10
1.16794e+10
1.25124e+10
1.3448e+10
1.4457e+10
1.54927e+10
1.64892e+10
1.73635e+10
1.80242e+10
1.83849e+10
1.8383e+10
1.79957e+10
1.72371e+10
1.61166e+10
1.45593e+10
1.23991e+10
9.60551e+09
6.58592e+09
4.01727e+09
2.28401e+09
1.2657e+09
6.36986e+08
2.41313e+08
5.3917e+07
6.9431e+06
1.38922e+06
0
0
4.61422e+09
1.00443e+10
1.09221e+10
1.16421e+10
1.24781e+10
1.34187e+10
1.44353e+10
1.54814e+10
1.64912e+10
1.73816e+10
1.806e+10
1.84386e+10
1.84531e+10
1.80792e+10
1.73306e+10
1.62191e+10
1.46744e+10
1.253e+10
9.74313e+09
6.70678e+09
4.1023e+09
2.33367e+09
1.29355e+09
6.5407e+08
2.50292e+08
5.71091e+07
7.29626e+06
1.44813e+06
0
0
4.16154e+09
9.77442e+09
1.0691e+10
1.14215e+10
1.22696e+10
1.32249e+10
1.426e+10
1.53289e+10
1.63666e+10
1.729e+10
1.80058e+10
1.84245e+10
1.84794e+10
1.81425e+10
1.74253e+10
1.63389e+10
1.48157e+10
1.26898e+10
9.90873e+09
6.85218e+09
4.20603e+09
2.39568e+09
1.32933e+09
6.76589e+08
2.62473e+08
6.16541e+07
7.82524e+06
1.53683e+06
0
0
5.96885e+09
1.13633e+10
1.22302e+10
1.29503e+10
1.3773e+10
1.46841e+10
1.56515e+10
1.66258e+10
1.75395e+10
1.83101e+10
1.88483e+10
1.90721e+10
1.89248e+10
1.83885e+10
1.74794e+10
1.62032e+10
1.44825e+10
1.21703e+10
9.2876e+09
6.28175e+09
3.80076e+09
2.16084e+09
1.19932e+09
5.96524e+08
2.20304e+08
4.68922e+07
6.20722e+06
1.26588e+06
0
1.87243e+08
8.68552e+09
1.14821e+10
1.20932e+10
1.2636e+10
1.32046e+10
1.37865e+10
1.43529e+10
1.4864e+10
1.52711e+10
1.55218e+10
1.55664e+10
1.53662e+10
1.49007e+10
1.41658e+10
1.31557e+10
1.1834e+10
1.01375e+10
8.07326e+09
5.85623e+09
3.8667e+09
2.3961e+09
1.46058e+09
8.64419e+08
4.35706e+08
1.58641e+08
3.01024e+07
4.9686e+06
1.13947e+06
0
0
7.40446e+09
1.05287e+10
1.11689e+10
1.17383e+10
1.23529e+10
1.30025e+10
1.36612e+10
1.42909e+10
1.48433e+10
1.52632e+10
1.54944e+10
1.54881e+10
1.52113e+10
1.46492e+10
1.37943e+10
1.26182e+10
1.10563e+10
9.07056e+09
6.80175e+09
4.61753e+09
2.89514e+09
1.75931e+09
1.05732e+09
5.70238e+08
2.32938e+08
5.88607e+07
8.27807e+06
1.76526e+06
0
0
7.2396e+09
1.04772e+10
1.11315e+10
1.17085e+10
1.23324e+10
1.29927e+10
1.36633e+10
1.43057e+10
1.48711e+10
1.53036e+10
1.55462e+10
1.55492e+10
1.52793e+10
1.47223e+10
1.38721e+10
1.27023e+10
1.11487e+10
9.16898e+09
6.8956e+09
4.69303e+09
2.94573e+09
1.7889e+09
1.07481e+09
5.81599e+08
2.39138e+08
6.11878e+07
8.56448e+06
1.81378e+06
0
0
6.9366e+09
1.02504e+10
1.09132e+10
1.14931e+10
1.2122e+10
1.27897e+10
1.34708e+10
1.41277e+10
1.4712e+10
1.51677e+10
1.54377e+10
1.54714e+10
1.52342e+10
1.47105e+10
1.3893e+10
1.27549e+10
1.12303e+10
9.27128e+09
7.00152e+09
4.78251e+09
3.00769e+09
1.82616e+09
1.09815e+09
5.98357e+08
2.49222e+08
6.53502e+07
9.12173e+06
1.9115e+06
0
0
8.54827e+09
1.16568e+10
1.22916e+10
1.28377e+10
1.34101e+10
1.39976e+10
1.45731e+10
1.50976e+10
1.55236e+10
1.57984e+10
1.58712e+10
1.57015e+10
1.52664e+10
1.45623e+10
1.35892e+10
1.23215e+10
1.06964e+10
8.6858e+09
6.44629e+09
4.34121e+09
2.71441e+09
1.65373e+09
9.9294e+08
5.27931e+08
2.10295e+08
5.03754e+07
7.24831e+06
1.58341e+06
0
4.29278e+09
8.39514e+09
9.74187e+09
1.02768e+10
1.06898e+10
1.10599e+10
1.13933e+10
1.16774e+10
1.1891e+10
1.2008e+10
1.20009e+10
1.18446e+10
1.15179e+10
1.1003e+10
1.02807e+10
9.32526e+09
8.11605e+09
6.67802e+09
5.12798e+09
3.66428e+09
2.47744e+09
1.64733e+09
1.10968e+09
7.19196e+08
3.91028e+08
1.56559e+08
3.50037e+07
6.18791e+06
1.53642e+06
0
3.63971e+09
8.24227e+09
9.72399e+09
1.0257e+10
1.06775e+10
1.1066e+10
1.14272e+10
1.17481e+10
1.20066e+10
1.21757e+10
1.22265e+10
1.21317e+10
1.18686e+10
1.14198e+10
1.07692e+10
9.89423e+09
8.76714e+09
7.38483e+09
5.82409e+09
4.26466e+09
2.92352e+09
1.93757e+09
1.29321e+09
8.56335e+08
5.00341e+08
2.23685e+08
6.51161e+07
1.0242e+07
2.34303e+06
0
3.45458e+09
8.13376e+09
9.64418e+09
1.01806e+10
1.06062e+10
1.10025e+10
1.13736e+10
1.17063e+10
1.19784e+10
1.21624e+10
1.22289e+10
1.21499e+10
1.19021e+10
1.14676e+10
1.08298e+10
9.96613e+09
8.84795e+09
7.46961e+09
5.90477e+09
4.33237e+09
2.97291e+09
1.96916e+09
1.3122e+09
8.68983e+08
5.09634e+08
2.29242e+08
6.7469e+07
1.05901e+07
2.40418e+06
0
3.48406e+09
8.26203e+09
9.80775e+09
1.03489e+10
1.07771e+10
1.11753e+10
1.15479e+10
1.18814e+10
1.21534e+10
1.2336e+10
1.23995e+10
1.23155e+10
1.20603e+10
1.16162e+10
1.09674e+10
1.00929e+10
8.96522e+09
7.57814e+09
6.0021e+09
4.41316e+09
3.03287e+09
2.00891e+09
1.33741e+09
8.868e+08
5.23277e+08
2.37818e+08
7.14115e+07
1.12376e+07
2.52326e+06
0
4.67129e+09
9.04406e+09
1.04881e+10
1.10301e+10
1.14353e+10
1.17903e+10
1.21026e+10
1.23607e+10
1.25438e+10
1.26265e+10
1.25821e+10
1.23857e+10
1.20174e+10
1.14621e+10
1.07053e+10
9.72744e+09
8.50962e+09
7.06612e+09
5.49296e+09
3.97413e+09
2.70788e+09
1.79999e+09
1.21156e+09
8.0107e+08
4.57637e+08
1.97393e+08
5.39798e+07
8.65406e+06
2.05047e+06
4.4496e+09
5.26134e+09
5.91176e+09
6.35504e+09
6.66297e+09
6.89391e+09
7.07411e+09
7.21096e+09
7.30229e+09
7.34084e+09
7.31652e+09
7.21729e+09
7.02937e+09
6.73665e+09
6.32117e+09
5.76742e+09
5.07289e+09
4.26313e+09
3.40078e+09
2.57619e+09
1.87747e+09
1.35499e+09
1.00028e+09
7.4947e+08
5.23614e+08
3.02226e+08
1.29496e+08
3.07117e+07
6.35985e+06
1.76684e+06
4.2213e+09
5.38661e+09
6.26913e+09
6.81805e+09
7.17548e+09
7.43916e+09
7.64744e+09
7.81097e+09
7.9281e+09
7.99108e+09
7.98869e+09
7.90801e+09
7.73479e+09
7.45349e+09
7.04702e+09
6.49871e+09
5.79973e+09
4.96349e+09
4.03988e+09
3.1157e+09
2.29156e+09
1.64364e+09
1.19188e+09
8.90964e+08
6.5189e+08
4.1343e+08
2.02879e+08
6.74986e+07
1.2179e+07
3.03504e+06
4.11775e+09
5.33019e+09
6.24274e+09
6.80403e+09
7.16709e+09
7.43518e+09
7.64808e+09
7.81673e+09
7.93949e+09
8.00853e+09
8.01254e+09
7.93838e+09
7.77169e+09
7.49678e+09
7.09631e+09
6.55308e+09
5.85731e+09
5.02113e+09
4.09347e+09
3.16119e+09
2.32646e+09
1.66783e+09
1.20734e+09
9.00766e+08
6.58952e+08
4.18916e+08
2.06354e+08
6.90741e+07
1.24423e+07
3.08118e+06
4.05831e+09
5.30453e+09
6.23826e+09
6.80765e+09
7.1739e+09
7.44425e+09
7.65947e+09
7.8307e+09
7.95634e+09
8.02848e+09
8.03578e+09
7.96503e+09
7.80184e+09
7.53054e+09
7.13375e+09
6.59406e+09
5.9011e+09
5.06593e+09
4.13634e+09
3.19876e+09
2.35615e+09
1.68888e+09
1.2211e+09
9.10023e+08
6.66556e+08
4.25608e+08
2.11005e+08
7.14348e+07
1.28937e+07
3.16839e+06
4.03253e+09
5.31581e+09
6.27479e+09
6.8552e+09
7.22684e+09
7.50132e+09
7.72051e+09
7.89576e+09
8.02548e+09
8.10164e+09
8.11274e+09
8.04534e+09
7.88483e+09
7.61538e+09
7.21952e+09
6.67968e+09
5.98508e+09
5.14596e+09
4.20906e+09
3.26047e+09
2.40418e+09
1.72292e+09
1.2437e+09
9.25914e+08
6.80373e+08
4.38069e+08
2.19816e+08
7.60688e+07
1.38419e+07
3.35317e+06
4.44463e+09
5.4542e+09
6.23933e+09
6.74774e+09
7.08749e+09
7.33889e+09
7.53556e+09
7.6871e+09
7.79186e+09
7.84236e+09
7.82792e+09
7.73586e+09
7.5522e+09
7.26139e+09
6.84635e+09
6.29124e+09
5.58962e+09
4.75874e+09
3.85207e+09
2.95684e+09
2.1694e+09
1.55838e+09
1.13625e+09
8.53228e+08
6.21579e+08
3.88442e+08
1.86595e+08
5.9583e+07
1.07751e+07
2.75653e+06
4.75339e+09
4.83821e+09
4.95007e+09
5.06084e+09
5.15882e+09
5.2387e+09
5.2968e+09
5.32885e+09
5.32933e+09
5.29141e+09
5.20678e+09
5.06587e+09
4.85818e+09
4.57346e+09
4.20459e+09
3.75237e+09
3.23118e+09
2.67244e+09
2.12182e+09
1.62894e+09
1.23237e+09
9.46507e+08
7.54388e+08
6.08763e+08
4.55131e+08
2.82942e+08
1.33612e+08
3.76207e+07
8.08528e+06
2.3497e+06
4.73512e+09
4.86098e+09
5.0145e+09
5.16071e+09
5.28871e+09
5.39565e+09
5.47981e+09
5.53814e+09
5.56565e+09
5.55554e+09
5.49944e+09
5.38737e+09
5.20811e+09
4.95003e+09
4.60328e+09
4.16405e+09
3.64078e+09
3.05944e+09
2.46394e+09
1.90813e+09
1.4408e+09
1.08973e+09
8.51286e+08
6.87484e+08
5.37351e+08
3.63236e+08
1.92551e+08
7.13363e+07
1.42978e+07
3.74239e+06
4.73636e+09
4.8685e+09
5.02806e+09
5.17905e+09
5.31076e+09
5.42079e+09
5.50773e+09
5.56867e+09
5.59876e+09
5.59119e+09
5.53758e+09
5.42793e+09
5.25097e+09
4.99491e+09
4.64958e+09
4.21072e+09
3.6862e+09
3.10152e+09
2.50057e+09
1.93776e+09
1.46298e+09
1.1052e+09
8.61717e+08
6.94946e+08
5.43557e+08
3.68515e+08
1.96179e+08
7.3205e+07
1.46858e+07
3.81558e+06
4.64534e+09
4.78492e+09
4.95309e+09
5.11208e+09
5.2508e+09
5.36705e+09
5.45975e+09
5.52626e+09
5.56188e+09
5.55991e+09
5.512e+09
5.40817e+09
5.23715e+09
4.98704e+09
4.64749e+09
4.21395e+09
3.6938e+09
3.11206e+09
2.51223e+09
1.94875e+09
1.47196e+09
1.1116e+09
8.65861e+08
6.98003e+08
5.46948e+08
3.7247e+08
1.99542e+08
7.5247e+07
1.51817e+07
3.91953e+06
4.62088e+09
4.73262e+09
4.87115e+09
5.00463e+09
5.1226e+09
5.22181e+09
5.30005e+09
5.35397e+09
5.37846e+09
5.36676e+09
5.31057e+09
5.20004e+09
5.0241e+09
4.77125e+09
4.43188e+09
4.00258e+09
3.49239e+09
2.92777e+09
2.35256e+09
1.81945e+09
1.37492e+09
1.04374e+09
8.192e+08
6.61217e+08
5.1073e+08
3.37741e+08
1.73693e+08
6.06232e+07
1.19768e+07
3.24345e+06
0
0
0
0
0
0
0
0
0
0
0
0
0
0
0
0
0
0
0
0
0
0
0
0
0
0
0
0
0
0
0
0
0
0
0
0
0
0
0
0
0
0
0
0
0
0
0
0
0
0
0
0
0
0
0
0
0
0
0
0
0
0
0
0
0
0
0
0
0
0
0
0
0
0
0
0
0
0
0
0
0
0
0
0
0
0
0
0
0
0
0
0
0
0
0
0
0
0
0
0
0
0
0
0
0
0
0
0
0
0
0
0
0
0
0
0
0
0
0
0
0
0
0
0
0
0
0
0
0
0
0
0
0
0
0
0
0
0
0
0
0
0
0
0
0
0
0
0
0
0
0
0
0
0
0
0
0
0
0
0
0
0
0
0
0
0
0
0
0
0
0
0
0
0
0
0
0
0
0
0
0
0
0
0
0
0
0
0
0
0
0
0
0
0
0
0
0
0
0
0
0
0
0
0
0
0
0
0
0
0
0
0
0
0
0
0
0
0
0
0
0
0
0
0
0
0
0
0
0
0
0
0
0
0
0
0
0
0
0
0
0
0
0
0
0
0
0
0
0
0
0
0
0
0
0
0
0
0
0
0
0
0
0
0
0
0
0
0
0
0
0
0
0
0
0
0
0
0
0
0
0
0
0
0
0
0
0
0
0
0
0
0
0
0
0
0
0
0
0
0
0
0
0
0
0
0
0
0
0
0
0
0
0
0
0
0
0
0
0
0
0
0
0
0
0
0
0
0
0
0
0
0
0
0
0
0
0
0
0
0
0
0
0
0
0
0
0
0
0
0
0
0
0
0
0
0
0
0
0
0
0
0
0
0
0
0
0
0
0
0
0
0
0
0
0
0
0
0
0
0
0
0
0
0
0
0
0
0
0
0
0
0
0
0
0
0
0
0
0
0
0
0
0
0
0
0
0
0
0
0
0
0
0
0
0
0
0
0
0
0
0
0
0
0
0
0
0
0
0
0
0
0
0
0
0
0
0
0
0
0
0
0
0
0
0
0
0
0
0
0
0
0
0
0
0
0
0
0
0
0
0
0
0
0
0
0
0
0
0
0
0
0
0
0
0
0
0
0
0
0
0
0
0
0
0
0
0
0
0
0
0
0
0
0
0
0
0
0
0
0
0
0
0
0
0
0
0
0
0
0
0
0
0
0
0
0
0
0
0
0
0
0
0
0
0
0
0
0
0
0
0
0
0
0
0
0
0
0
0
0
0
0
0
0
0
0
0
0
0
0
0
0
0
0
0
0
0
0
0
0
0
0
0
0
0
0
0
0
0
0
0
0
0
0
0
0
0
0
0
0
0
0
0
0
0
0
0
0
0
0
0
0
0
0
0
0
0
0
0
0
0
0
0
0
0
0
0
0
0
0
0
0
0
0
0
0
0
0
0
0
0
0
0
0
0
0
0
0
0
0
0
0
0
0
0
0
0
0
0
0
0
0
0
0
0
0
0
0
0
0
0
0
0
0
0
0
0
0
0
0
0
0
0
0
0
0
0
0
0
0
0
0
0
0
0
0
0
0
0
0
0
0
0
0
0
0
0
0
0
0
0
0
0
0
0
0
0
0
0
0
0
0
0
0
0
0
0
0
0
0
0
0
0
0
0
0
0
0
0
0
0
0
0
0
0
0
0
0
0
0
0
0
0
0
0
0
0
0
0
0
0
0
0
0
0
0
0
0
0
0
0
0
0
0
0
0
0
0
0
0
0
0
0
0
0
0
0
0
0
0
0
0
0
0
0
0
0
0
0
0
0
0
0
0
0
0
0
0
0
0
0
0
0
0
0
0
0
0
0
0
0
0
0
0
0
0
0
0
0
0
0
0
0
0
0
0
0
0
0
0
0
0
0
0
0
0
0
0
0
0
0
0
0
0
0
0
0
0
0
0
0
0
0
0
0
0
0
0
0
0
0
0
0
0
0
0
0
0
0
0
0
0
0
0
0
0
0
0
0
0
0
0
0
0
0
0
0
0
0
0
0
0
0
0
0
0
0
0
0
0
0
0
0
0
0
0
0
0
0
0
0
0
0
0
0
0
0
0
0
0
0
0
0
0
0
0
0
0
0
0
0
0
0
0
0
0
0
0
0
0
0
0
0
0
0
0
0
0
0
0
0
0
0
0
0
0
0
0
0
0
0
0
0
0
0
0
0
0
0
0
0
0
0
0
0
0
0
0
0
0
0
0
0
0
0
0
0
0
0
0
0
0
0
0
0
0
0
0
0
0
0
0
0
0
0
0
0
0
0
0
0
0
0
0
0
0
0
0
0
0
0
0
0
0
0
0
0
0
0
0
0
0
0
0
0
0
0
0
0
0
0
0
0
0
0
0
0
0
0
0
0
0
0
0
0
0
0
0
0
0
0
0
0
0
0
0
0
0
0
0
0
0
0
0
0
0
0
0
0
0
0
0
0
0
0
0
0
0
0
0
0
0
0
0
0
0
0
0
0
0
0
0
0
0
0
0
0
0
0
0
0
0
0
0
0
0
0
0
0
0
0
0
0
0
0
0
0
0
0
0
0
0
0
0
0
0
0
0
0
0
0
0
0
0
0
0
0
0
0
0
0
0
0
0
0
0
0
0
0
0
0
0
0
0
0
0
0
0
0
0
0
0
0
0
0
0
0
0
0
0
0
0
0
0
0
0
0
0
0
0
0
0
0
0
0
0
0
0
0
0
0
0
0
0
0
0
0
0
0
0
0
0
0
0
0
0
0
0
0
0
0
0
0
0
0
0
0
0
0
0
0
0
0
0
0
0
0
0
0
0
0
0
0
0
0
0
0
0
0
0
0
0
0
0
0
0
0
0
0
0
0
0
0
0
0
0
0
0
0
0
0
0
0
0
0
0
0
0
0
0
0
0
0
0
0
0
0
0
0
0
0
0
0
0
0
0
0
0
0
0
0
0
0
0
0
0
0
0
0
0
0
0
0
0
0
0
0
0
0
0
0
0
0
0
0
0
0
0
0
0
0
0
0
0
0
0
0
0
0
0
0
0
0
0
0
0
0
0
0
0
0
0
0
0
0
0
0
0
0
0
0
0
0
0
0
0
0
0
0
0
0
0
0
0
0
0
0
0
0
0
0
0
0
0
0
0
0
0
0
0
0
0
0
0
0
0
0
0
0
0
0
0
0
0
0
0
0
0
0
0
0
0
0
0
0
0
0
0
0
0
0
0
0
0
0
0
0
0
0
0
)
;

boundaryField
{
    fuelBottom
    {
        type            empty;
    }
    fuelTop_1
    {
        type            empty;
    }
    fuelOuter
    {
        type            zeroGradient;
    }
    fuelTop
    {
        type            empty;
    }
    fuelInner
    {
        type            zeroGradient;
    }
    cladBottom
    {
        type            empty;
    }
    cladInner
    {
        type            zeroGradient;
    }
    cladOuter
    {
        type            zeroGradient;
    }
    cladTop
    {
        type            empty;
    }
    front
    {
        type            wedge;
    }
    back
    {
        type            wedge;
    }
}


// ************************************************************************* //
