/*--------------------------------*- C++ -*----------------------------------*\
| =========                 |                                                 |
| \\      /  F ield         | OpenFOAM: The Open Source CFD Toolbox           |
|  \\    /   O peration     | Version:  2412                                  |
|   \\  /    A nd           | Website:  www.openfoam.com                      |
|    \\/     M anipulation  |                                                 |
\*---------------------------------------------------------------------------*/
FoamFile
{
    version     2.0;
    format      ascii;
    arch        "LSB;label=32;scalar=64";
    class       volScalarField;
    location    "25888284.641197/fuelBehaviourRegion";
    object      SCIANTIX::Gas_grain;
}
// * * * * * * * * * * * * * * * * * * * * * * * * * * * * * * * * * * * * * //

dimensions      [0 0 0 0 0 0 0];

internalField   nonuniform List<scalar> 
4720
(
5.69216e+24
5.69216e+24
5.69217e+24
5.69218e+24
5.6922e+24
5.69222e+24
5.69225e+24
5.69228e+24
5.69232e+24
5.69235e+24
5.6924e+24
5.69244e+24
5.69249e+24
5.69254e+24
5.69259e+24
5.69265e+24
5.69271e+24
5.69277e+24
5.69283e+24
5.69289e+24
5.69295e+24
5.69302e+24
5.69308e+24
5.69315e+24
5.69321e+24
5.69327e+24
5.69333e+24
5.6934e+24
5.69346e+24
5.69352e+24
5.69214e+24
5.69214e+24
5.69215e+24
5.69217e+24
5.69218e+24
5.69221e+24
5.69223e+24
5.69227e+24
5.6923e+24
5.69234e+24
5.69238e+24
5.69243e+24
5.69248e+24
5.69253e+24
5.69258e+24
5.69264e+24
5.6927e+24
5.69276e+24
5.69282e+24
5.69288e+24
5.69294e+24
5.69301e+24
5.69307e+24
5.69314e+24
5.6932e+24
5.69326e+24
5.69333e+24
5.69339e+24
5.69345e+24
5.69351e+24
5.69211e+24
5.69212e+24
5.69213e+24
5.69214e+24
5.69216e+24
5.69218e+24
5.69221e+24
5.69224e+24
5.69227e+24
5.69231e+24
5.69236e+24
5.6924e+24
5.69245e+24
5.6925e+24
5.69256e+24
5.69262e+24
5.69267e+24
5.69273e+24
5.6928e+24
5.69286e+24
5.69292e+24
5.69299e+24
5.69305e+24
5.69312e+24
5.69318e+24
5.69325e+24
5.69331e+24
5.69337e+24
5.69344e+24
5.6935e+24
5.6921e+24
5.69211e+24
5.69212e+24
5.69213e+24
5.69215e+24
5.69217e+24
5.6922e+24
5.69223e+24
5.69227e+24
5.69231e+24
5.69235e+24
5.69239e+24
5.69244e+24
5.6925e+24
5.69255e+24
5.69261e+24
5.69267e+24
5.69273e+24
5.69279e+24
5.69285e+24
5.69292e+24
5.69298e+24
5.69305e+24
5.69311e+24
5.69318e+24
5.69324e+24
5.69331e+24
5.69337e+24
5.69343e+24
5.69349e+24
5.69209e+24
5.6921e+24
5.69211e+24
5.69212e+24
5.69214e+24
5.69216e+24
5.69219e+24
5.69222e+24
5.69226e+24
5.6923e+24
5.69234e+24
5.69239e+24
5.69244e+24
5.69249e+24
5.69254e+24
5.6926e+24
5.69266e+24
5.69272e+24
5.69278e+24
5.69285e+24
5.69291e+24
5.69298e+24
5.69304e+24
5.69311e+24
5.69317e+24
5.69324e+24
5.6933e+24
5.69337e+24
5.69343e+24
5.69349e+24
5.69205e+24
5.69206e+24
5.69207e+24
5.69208e+24
5.6921e+24
5.69212e+24
5.69215e+24
5.69218e+24
5.69222e+24
5.69226e+24
5.69231e+24
5.69235e+24
5.69241e+24
5.69246e+24
5.69252e+24
5.69258e+24
5.69264e+24
5.6927e+24
5.69276e+24
5.69283e+24
5.6929e+24
5.69296e+24
5.69303e+24
5.6931e+24
5.69316e+24
5.69323e+24
5.6933e+24
5.69336e+24
5.69342e+24
5.69348e+24
6.45056e+24
6.45056e+24
6.45058e+24
6.4506e+24
6.45063e+24
6.45067e+24
6.45071e+24
6.45077e+24
6.45082e+24
6.45089e+24
6.45096e+24
6.45103e+24
6.45111e+24
6.4512e+24
6.45129e+24
6.45138e+24
6.45147e+24
6.45157e+24
6.45167e+24
6.45177e+24
6.45187e+24
6.45198e+24
6.45208e+24
6.45218e+24
6.45229e+24
6.45239e+24
6.45249e+24
6.45258e+24
6.45268e+24
6.45277e+24
6.45038e+24
6.45038e+24
6.4504e+24
6.45042e+24
6.45046e+24
6.4505e+24
6.45054e+24
6.4506e+24
6.45066e+24
6.45073e+24
6.4508e+24
6.45088e+24
6.45096e+24
6.45105e+24
6.45115e+24
6.45124e+24
6.45134e+24
6.45145e+24
6.45155e+24
6.45166e+24
6.45177e+24
6.45188e+24
6.45199e+24
6.45209e+24
6.4522e+24
6.45231e+24
6.45241e+24
6.45251e+24
6.45261e+24
6.45271e+24
6.45034e+24
6.45035e+24
6.45037e+24
6.45039e+24
6.45042e+24
6.45046e+24
6.45051e+24
6.45056e+24
6.45063e+24
6.45069e+24
6.45077e+24
6.45085e+24
6.45094e+24
6.45103e+24
6.45112e+24
6.45122e+24
6.45132e+24
6.45142e+24
6.45153e+24
6.45164e+24
6.45175e+24
6.45186e+24
6.45197e+24
6.45208e+24
6.45219e+24
6.45229e+24
6.4524e+24
6.4525e+24
6.4526e+24
6.4527e+24
6.45033e+24
6.45033e+24
6.45035e+24
6.45037e+24
6.45041e+24
6.45045e+24
6.45049e+24
6.45055e+24
6.45061e+24
6.45068e+24
6.45076e+24
6.45084e+24
6.45092e+24
6.45101e+24
6.45111e+24
6.45121e+24
6.45131e+24
6.45141e+24
6.45152e+24
6.45163e+24
6.45174e+24
6.45185e+24
6.45196e+24
6.45207e+24
6.45218e+24
6.45229e+24
6.45239e+24
6.4525e+24
6.4526e+24
6.4527e+24
6.45029e+24
6.4503e+24
6.45032e+24
6.45034e+24
6.45037e+24
6.45042e+24
6.45046e+24
6.45052e+24
6.45058e+24
6.45065e+24
6.45073e+24
6.45081e+24
6.4509e+24
6.45099e+24
6.45108e+24
6.45118e+24
6.45129e+24
6.45139e+24
6.4515e+24
6.45161e+24
6.45172e+24
6.45183e+24
6.45194e+24
6.45205e+24
6.45216e+24
6.45227e+24
6.45238e+24
6.45249e+24
6.45259e+24
6.45269e+24
6.45008e+24
6.45009e+24
6.4501e+24
6.45013e+24
6.45017e+24
6.45021e+24
6.45026e+24
6.45032e+24
6.45039e+24
6.45047e+24
6.45055e+24
6.45064e+24
6.45073e+24
6.45083e+24
6.45094e+24
6.45104e+24
6.45115e+24
6.45127e+24
6.45138e+24
6.4515e+24
6.45162e+24
6.45174e+24
6.45186e+24
6.45198e+24
6.4521e+24
6.45221e+24
6.45232e+24
6.45244e+24
6.45254e+24
6.45265e+24
8.17238e+24
8.1724e+24
8.17245e+24
8.17252e+24
8.17262e+24
8.17273e+24
8.17287e+24
8.17303e+24
8.17321e+24
8.17341e+24
8.17362e+24
8.17385e+24
8.1741e+24
8.17435e+24
8.17462e+24
8.1749e+24
8.17519e+24
8.17548e+24
8.17577e+24
8.17607e+24
8.17637e+24
8.17667e+24
8.17696e+24
8.17725e+24
8.17754e+24
8.17782e+24
8.1781e+24
8.17836e+24
8.17862e+24
8.17887e+24
8.17151e+24
8.17153e+24
8.17159e+24
8.17167e+24
8.17177e+24
8.1719e+24
8.17205e+24
8.17223e+24
8.17243e+24
8.17265e+24
8.17289e+24
8.17314e+24
8.17341e+24
8.1737e+24
8.17399e+24
8.1743e+24
8.17461e+24
8.17493e+24
8.17526e+24
8.17559e+24
8.17592e+24
8.17624e+24
8.17657e+24
8.17689e+24
8.17721e+24
8.17751e+24
8.17781e+24
8.17811e+24
8.17839e+24
8.17866e+24
8.17136e+24
8.17139e+24
8.17144e+24
8.17152e+24
8.17163e+24
8.17176e+24
8.17192e+24
8.1721e+24
8.1723e+24
8.17252e+24
8.17276e+24
8.17302e+24
8.1733e+24
8.17359e+24
8.17389e+24
8.1742e+24
8.17452e+24
8.17485e+24
8.17518e+24
8.17551e+24
8.17584e+24
8.17618e+24
8.17651e+24
8.17683e+24
8.17715e+24
8.17747e+24
8.17777e+24
8.17806e+24
8.17835e+24
8.17862e+24
8.17131e+24
8.17133e+24
8.17138e+24
8.17146e+24
8.17157e+24
8.1717e+24
8.17186e+24
8.17204e+24
8.17225e+24
8.17247e+24
8.17271e+24
8.17297e+24
8.17325e+24
8.17354e+24
8.17385e+24
8.17416e+24
8.17448e+24
8.17481e+24
8.17514e+24
8.17548e+24
8.17581e+24
8.17615e+24
8.17648e+24
8.17681e+24
8.17713e+24
8.17744e+24
8.17775e+24
8.17805e+24
8.17833e+24
8.17861e+24
8.17116e+24
8.17119e+24
8.17124e+24
8.17133e+24
8.17143e+24
8.17157e+24
8.17173e+24
8.17191e+24
8.17212e+24
8.17235e+24
8.1726e+24
8.17286e+24
8.17314e+24
8.17344e+24
8.17375e+24
8.17406e+24
8.17439e+24
8.17472e+24
8.17506e+24
8.1754e+24
8.17574e+24
8.17608e+24
8.17642e+24
8.17675e+24
8.17708e+24
8.1774e+24
8.17771e+24
8.17801e+24
8.1783e+24
8.17858e+24
8.1702e+24
8.17022e+24
8.17028e+24
8.17038e+24
8.1705e+24
8.17065e+24
8.17083e+24
8.17104e+24
8.17127e+24
8.17153e+24
8.17181e+24
8.17211e+24
8.17242e+24
8.17275e+24
8.1731e+24
8.17345e+24
8.17382e+24
8.17419e+24
8.17456e+24
8.17494e+24
8.17532e+24
8.1757e+24
8.17607e+24
8.17643e+24
8.17679e+24
8.17714e+24
8.17748e+24
8.17781e+24
8.17812e+24
8.17842e+24
1.10752e+25
1.10753e+25
1.10755e+25
1.10759e+25
1.10764e+25
1.10769e+25
1.10776e+25
1.10784e+25
1.10793e+25
1.10803e+25
1.10813e+25
1.10824e+25
1.10836e+25
1.10848e+25
1.10861e+25
1.10874e+25
1.10887e+25
1.10901e+25
1.10914e+25
1.10928e+25
1.10941e+25
1.10955e+25
1.10968e+25
1.1098e+25
1.10993e+25
1.11005e+25
1.11016e+25
1.11027e+25
1.11037e+25
1.11047e+25
1.10703e+25
1.10704e+25
1.10707e+25
1.10711e+25
1.10716e+25
1.10723e+25
1.10731e+25
1.1074e+25
1.1075e+25
1.10761e+25
1.10773e+25
1.10785e+25
1.10799e+25
1.10813e+25
1.10827e+25
1.10842e+25
1.10857e+25
1.10873e+25
1.10888e+25
1.10904e+25
1.10919e+25
1.10934e+25
1.10949e+25
1.10963e+25
1.10977e+25
1.1099e+25
1.11003e+25
1.11015e+25
1.11027e+25
1.11038e+25
1.10695e+25
1.10696e+25
1.10699e+25
1.10703e+25
1.10708e+25
1.10715e+25
1.10723e+25
1.10732e+25
1.10742e+25
1.10754e+25
1.10766e+25
1.10779e+25
1.10793e+25
1.10807e+25
1.10822e+25
1.10837e+25
1.10852e+25
1.10868e+25
1.10884e+25
1.109e+25
1.10915e+25
1.10931e+25
1.10946e+25
1.1096e+25
1.10974e+25
1.10988e+25
1.11001e+25
1.11014e+25
1.11025e+25
1.11036e+25
1.10692e+25
1.10693e+25
1.10696e+25
1.107e+25
1.10705e+25
1.10712e+25
1.1072e+25
1.1073e+25
1.1074e+25
1.10751e+25
1.10763e+25
1.10777e+25
1.1079e+25
1.10805e+25
1.1082e+25
1.10835e+25
1.10851e+25
1.10866e+25
1.10882e+25
1.10898e+25
1.10914e+25
1.10929e+25
1.10944e+25
1.10959e+25
1.10973e+25
1.10987e+25
1.11e+25
1.11013e+25
1.11025e+25
1.11036e+25
1.10686e+25
1.10687e+25
1.1069e+25
1.10694e+25
1.107e+25
1.10707e+25
1.10715e+25
1.10724e+25
1.10735e+25
1.10746e+25
1.10759e+25
1.10772e+25
1.10786e+25
1.10801e+25
1.10816e+25
1.10832e+25
1.10847e+25
1.10863e+25
1.1088e+25
1.10896e+25
1.10911e+25
1.10927e+25
1.10942e+25
1.10957e+25
1.10972e+25
1.10986e+25
1.10999e+25
1.11012e+25
1.11024e+25
1.11035e+25
1.10643e+25
1.10644e+25
1.10647e+25
1.10652e+25
1.10658e+25
1.10666e+25
1.10676e+25
1.10686e+25
1.10698e+25
1.10711e+25
1.10725e+25
1.1074e+25
1.10756e+25
1.10772e+25
1.10789e+25
1.10807e+25
1.10824e+25
1.10842e+25
1.1086e+25
1.10878e+25
1.10896e+25
1.10913e+25
1.1093e+25
1.10946e+25
1.10962e+25
1.10977e+25
1.10992e+25
1.11006e+25
1.11019e+25
1.11031e+25
1.54665e+25
1.54672e+25
1.54685e+25
1.54706e+25
1.54733e+25
1.54767e+25
1.54807e+25
1.54853e+25
1.54904e+25
1.5496e+25
1.55021e+25
1.55085e+25
1.55153e+25
1.55224e+25
1.55298e+25
1.55372e+25
1.55448e+25
1.55525e+25
1.55601e+25
1.55677e+25
1.55751e+25
1.55824e+25
1.55894e+25
1.55962e+25
1.56027e+25
1.56088e+25
1.56146e+25
1.562e+25
1.5625e+25
1.56297e+25
1.54405e+25
1.54412e+25
1.54428e+25
1.54451e+25
1.54482e+25
1.5452e+25
1.54566e+25
1.54618e+25
1.54676e+25
1.5474e+25
1.54809e+25
1.54883e+25
1.5496e+25
1.55041e+25
1.55124e+25
1.5521e+25
1.55296e+25
1.55383e+25
1.5547e+25
1.55556e+25
1.55641e+25
1.55724e+25
1.55804e+25
1.55881e+25
1.55954e+25
1.56024e+25
1.56089e+25
1.56151e+25
1.56208e+25
1.5626e+25
1.54367e+25
1.54375e+25
1.5439e+25
1.54414e+25
1.54446e+25
1.54485e+25
1.54531e+25
1.54584e+25
1.54643e+25
1.54708e+25
1.54779e+25
1.54854e+25
1.54933e+25
1.55015e+25
1.551e+25
1.55187e+25
1.55275e+25
1.55363e+25
1.55452e+25
1.5554e+25
1.55626e+25
1.5571e+25
1.55791e+25
1.5587e+25
1.55944e+25
1.56015e+25
1.56082e+25
1.56144e+25
1.56202e+25
1.56255e+25
1.54346e+25
1.54354e+25
1.5437e+25
1.54394e+25
1.54426e+25
1.54465e+25
1.54512e+25
1.54565e+25
1.54625e+25
1.54691e+25
1.54762e+25
1.54837e+25
1.54917e+25
1.55e+25
1.55086e+25
1.55173e+25
1.55262e+25
1.55352e+25
1.55441e+25
1.5553e+25
1.55617e+25
1.55701e+25
1.55784e+25
1.55863e+25
1.55938e+25
1.5601e+25
1.56077e+25
1.5614e+25
1.56198e+25
1.56252e+25
1.54249e+25
1.54257e+25
1.54274e+25
1.54299e+25
1.54332e+25
1.54374e+25
1.54422e+25
1.54478e+25
1.54541e+25
1.5461e+25
1.54684e+25
1.54763e+25
1.54847e+25
1.54934e+25
1.55024e+25
1.55115e+25
1.55209e+25
1.55302e+25
1.55396e+25
1.55488e+25
1.55579e+25
1.55668e+25
1.55754e+25
1.55836e+25
1.55915e+25
1.55989e+25
1.5606e+25
1.56125e+25
1.56185e+25
1.56241e+25
1.53271e+25
1.53281e+25
1.53302e+25
1.53333e+25
1.53375e+25
1.53426e+25
1.53488e+25
1.53558e+25
1.53637e+25
1.53724e+25
1.53823e+25
1.53931e+25
1.5405e+25
1.54178e+25
1.54315e+25
1.54457e+25
1.54603e+25
1.54752e+25
1.54901e+25
1.55049e+25
1.55194e+25
1.55334e+25
1.55469e+25
1.55597e+25
1.55717e+25
1.55829e+25
1.55932e+25
1.56026e+25
1.56111e+25
1.56187e+25
4.0678e+25
4.05372e+25
4.0263e+25
3.98594e+25
3.93319e+25
3.86878e+25
3.79379e+25
3.70978e+25
3.61898e+25
3.52457e+25
3.43104e+25
3.34479e+25
3.27498e+25
3.23489e+25
3.24398e+25
3.33011e+25
3.53012e+25
3.88226e+25
4.40138e+25
5.04301e+25
5.70257e+25
6.28196e+25
6.75182e+25
7.14016e+25
7.48753e+25
7.82052e+25
8.14749e+25
8.46343e+25
8.75627e+25
9.01229e+25
4.79177e+25
4.77565e+25
4.744e+25
4.69686e+25
4.63444e+25
4.55721e+25
4.46604e+25
4.36234e+25
4.24829e+25
4.12716e+25
4.00371e+25
3.88481e+25
3.78033e+25
3.70458e+25
3.67843e+25
3.73187e+25
3.90446e+25
4.23629e+25
4.73862e+25
5.35528e+25
5.97396e+25
6.50741e+25
6.94459e+25
7.32062e+25
7.67078e+25
8.01206e+25
8.34417e+25
8.65633e+25
8.93389e+25
9.16379e+25
4.82643e+25
4.81013e+25
4.77817e+25
4.73059e+25
4.66764e+25
4.58983e+25
4.49804e+25
4.39371e+25
4.27909e+25
4.15752e+25
4.03388e+25
3.9152e+25
3.81159e+25
3.7377e+25
3.71486e+25
3.77352e+25
3.95333e+25
4.29302e+25
4.79999e+25
5.41372e+25
6.02251e+25
6.54494e+25
6.97454e+25
7.34678e+25
7.69533e+25
8.03552e+25
8.36608e+25
8.67583e+25
8.95015e+25
9.17632e+25
4.81595e+25
4.79981e+25
4.76812e+25
4.72089e+25
4.65833e+25
4.5809e+25
4.48943e+25
4.38532e+25
4.27071e+25
4.14883e+25
4.02441e+25
3.90426e+25
3.79818e+25
3.72037e+25
3.69158e+25
3.74158e+25
3.90979e+25
4.2365e+25
4.73394e+25
5.34756e+25
5.9657e+25
6.50006e+25
6.93823e+25
7.31476e+25
7.66501e+25
8.00621e+25
8.33834e+25
8.65076e+25
8.92888e+25
9.15963e+25
4.8325e+25
4.81556e+25
4.78246e+25
4.73354e+25
4.66927e+25
4.59043e+25
4.49817e+25
4.39435e+25
4.28171e+25
4.1643e+25
4.04794e+25
3.94102e+25
3.85558e+25
3.80902e+25
3.82633e+25
3.94144e+25
4.19321e+25
4.60666e+25
5.15794e+25
5.75952e+25
6.31207e+25
6.77419e+25
7.16419e+25
7.51749e+25
7.8577e+25
8.19098e+25
8.51065e+25
8.80358e+25
9.05574e+25
9.2568e+25
6.84539e+25
6.85739e+25
6.85435e+25
6.82578e+25
6.76943e+25
6.68594e+25
6.57654e+25
6.44232e+25
6.28418e+25
6.10314e+25
5.90089e+25
5.68054e+25
5.44766e+25
5.21144e+25
4.98633e+25
4.79434e+25
4.66899e+25
4.66111e+25
4.84127e+25
5.27651e+25
5.95367e+25
6.72351e+25
7.42e+25
8.00342e+25
8.51818e+25
9.00366e+25
9.46749e+25
9.89445e+25
1.02611e+26
1.05482e+26
7.04885e+25
7.07717e+25
7.08836e+25
7.06928e+25
7.01861e+25
6.93832e+25
6.83058e+25
6.69693e+25
6.53834e+25
6.35564e+25
6.15008e+25
5.92408e+25
5.68227e+25
5.4327e+25
5.18838e+25
4.9693e+25
4.80576e+25
4.74383e+25
4.85016e+25
5.19945e+25
5.81096e+25
6.56769e+25
7.28775e+25
7.896e+25
8.42518e+25
8.91915e+25
9.39125e+25
9.82902e+25
1.02092e+26
1.0511e+26
7.06862e+25
7.09809e+25
7.11027e+25
7.09185e+25
7.0416e+25
6.96159e+25
6.85406e+25
6.72056e+25
6.56208e+25
6.37942e+25
6.17379e+25
5.94756e+25
5.70529e+25
5.45496e+25
5.2095e+25
4.98884e+25
4.82315e+25
4.75833e+25
4.8608e+25
5.20535e+25
5.81237e+25
6.56652e+25
7.28606e+25
7.89466e+25
8.42428e+25
8.91862e+25
9.39102e+25
9.82902e+25
1.02094e+26
1.05112e+26
7.07041e+25
7.10266e+25
7.11712e+25
7.10021e+25
7.05092e+25
6.97159e+25
6.86461e+25
6.73162e+25
6.57363e+25
6.39142e+25
6.18615e+25
5.96008e+25
5.71763e+25
5.46657e+25
5.21958e+25
4.99621e+25
4.82615e+25
4.75454e+25
4.84716e+25
5.17975e+25
5.77765e+25
6.53126e+25
7.25661e+25
7.87076e+25
8.40339e+25
8.8993e+25
9.37324e+25
9.81345e+25
1.01968e+26
1.0502e+26
7.05812e+25
7.09273e+25
7.10907e+25
7.0934e+25
7.04492e+25
6.96622e+25
6.85983e+25
6.72744e+25
6.57009e+25
6.38856e+25
6.18396e+25
5.95846e+25
5.71635e+25
5.46518e+25
5.21738e+25
4.99211e+25
4.81852e+25
4.74099e+25
4.82461e+25
5.14603e+25
5.73551e+25
6.48953e+25
7.22187e+25
7.84242e+25
8.37833e+25
8.87578e+25
9.35123e+25
9.79384e+25
1.01806e+26
1.04899e+26
7.06833e+25
7.08559e+25
7.08707e+25
7.06137e+25
7.00644e+25
6.92324e+25
6.81327e+25
6.6777e+25
6.5174e+25
6.33322e+25
6.12666e+25
5.90058e+25
5.66034e+25
5.41513e+25
5.17956e+25
4.976e+25
4.83834e+25
4.81759e+25
4.98381e+25
5.40233e+25
6.05799e+25
6.80411e+25
7.48242e+25
8.05718e+25
8.56992e+25
9.05532e+25
9.5176e+25
9.93997e+25
1.0299e+26
1.05765e+26
7.99637e+25
8.85003e+25
9.25193e+25
9.35071e+25
9.32649e+25
9.24722e+25
9.13195e+25
8.98666e+25
8.81299e+25
8.61068e+25
8.37843e+25
8.11435e+25
7.81672e+25
7.48546e+25
7.12491e+25
6.74731e+25
6.3764e+25
6.05084e+25
5.83022e+25
5.8043e+25
6.08619e+25
6.72615e+25
7.57534e+25
8.39885e+25
9.12094e+25
9.77809e+25
1.03932e+26
1.09508e+26
1.14183e+26
1.17688e+26
7.89475e+25
8.9904e+25
9.48981e+25
9.60408e+25
9.58009e+25
9.50077e+25
9.38622e+25
9.24227e+25
9.07042e+25
8.87027e+25
8.64034e+25
8.37842e+25
8.08212e+25
7.75012e+25
7.38478e+25
6.99598e+25
6.60498e+25
6.24769e+25
5.97943e+25
5.88356e+25
6.07239e+25
6.62428e+25
7.43829e+25
8.27356e+25
9.01408e+25
9.68338e+25
1.03088e+26
1.08794e+26
1.13631e+26
1.17312e+26
7.86213e+25
8.99021e+25
9.50129e+25
9.61655e+25
9.59222e+25
9.51281e+25
9.39837e+25
9.25469e+25
9.08323e+25
8.88359e+25
8.65429e+25
8.39312e+25
8.09766e+25
7.76644e+25
7.4016e+25
7.01262e+25
6.6203e+25
6.26013e+25
5.98681e+25
5.88295e+25
6.06083e+25
6.60238e+25
7.41311e+25
8.25145e+25
8.99544e+25
9.66689e+25
1.02941e+26
1.0867e+26
1.13536e+26
1.17247e+26
7.82731e+25
8.9873e+25
9.50999e+25
9.62625e+25
9.60164e+25
9.52222e+25
9.40798e+25
9.26464e+25
9.09363e+25
8.89455e+25
8.6659e+25
8.4055e+25
8.11086e+25
7.78046e+25
7.41615e+25
7.02701e+25
6.63333e+25
6.26991e+25
5.9906e+25
5.87681e+25
6.04044e+25
6.56801e+25
7.37419e+25
8.21695e+25
8.96586e+25
9.6401e+25
1.02696e+26
1.08456e+26
1.13366e+26
1.17127e+26
8.03314e+25
9.00651e+25
9.45113e+25
9.55525e+25
9.53026e+25
9.45026e+25
9.3346e+25
9.18914e+25
9.01538e+25
8.81296e+25
8.58037e+25
8.31537e+25
8.01567e+25
7.68042e+25
7.31302e+25
6.92514e+25
6.54039e+25
6.1977e+25
5.95666e+25
5.90628e+25
6.1594e+25
6.77091e+25
7.60115e+25
8.41756e+25
9.13915e+25
9.79764e+25
1.04134e+26
1.09699e+26
1.14343e+26
1.17806e+26
6.89049e+25
1.01328e+26
1.14304e+26
1.16091e+26
1.15579e+26
1.14633e+26
1.13402e+26
1.11909e+26
1.10156e+26
1.08132e+26
1.05821e+26
1.03195e+26
1.00213e+26
9.68067e+25
9.2889e+25
8.83916e+25
8.33653e+25
7.80936e+25
7.31375e+25
6.93457e+25
6.79406e+25
7.04367e+25
7.73797e+25
8.66587e+25
9.56999e+25
1.03935e+26
1.11526e+26
1.18306e+26
1.23859e+26
1.2786e+26
6.54861e+25
1.01832e+26
1.16741e+26
1.18828e+26
1.1831e+26
1.17374e+26
1.16165e+26
1.14702e+26
1.12983e+26
1.10995e+26
1.08722e+26
1.06138e+26
1.03203e+26
9.98521e+25
9.59937e+25
9.1532e+25
8.64588e+25
8.0988e+25
7.56288e+25
7.11772e+25
6.87648e+25
6.98999e+25
7.56321e+25
8.45528e+25
9.37882e+25
1.02243e+26
1.10023e+26
1.1704e+26
1.22898e+26
1.27228e+26
6.51885e+25
1.02014e+26
1.17115e+26
1.19221e+26
1.18703e+26
1.1777e+26
1.16567e+26
1.1511e+26
1.13397e+26
1.11417e+26
1.09152e+26
1.06577e+26
1.03652e+26
1.00314e+26
9.6469e+25
9.20179e+25
8.69437e+25
8.14494e+25
7.6037e+25
7.14974e+25
6.89522e+25
6.99043e+25
7.54574e+25
8.43057e+25
9.35582e+25
1.02042e+26
1.09848e+26
1.16894e+26
1.22788e+26
1.27156e+26
6.48262e+25
1.01905e+26
1.171e+26
1.19209e+26
1.1869e+26
1.1776e+26
1.16561e+26
1.1511e+26
1.13403e+26
1.11428e+26
1.09169e+26
1.066e+26
1.03683e+26
1.00357e+26
9.65288e+25
9.21004e+25
8.70477e+25
8.15604e+25
7.61268e+25
7.15254e+25
6.88632e+25
6.9638e+25
7.50203e+25
8.38253e+25
9.31279e+25
1.01659e+26
1.09502e+26
1.16596e+26
1.22556e+26
1.26999e+26
6.89609e+25
1.02871e+26
1.16263e+26
1.18052e+26
1.17527e+26
1.1658e+26
1.15353e+26
1.13867e+26
1.12121e+26
1.10105e+26
1.07801e+26
1.05182e+26
1.02204e+26
9.8793e+25
9.48516e+25
9.02947e+25
8.51579e+25
7.97231e+25
7.45649e+25
7.05445e+25
6.88803e+25
7.1084e+25
7.77593e+25
8.6891e+25
9.58956e+25
1.04135e+26
1.11727e+26
1.1849e+26
1.24007e+26
1.27961e+26
5.85585e+25
1.08755e+26
1.30445e+26
1.33621e+26
1.33052e+26
1.321e+26
1.30903e+26
1.29461e+26
1.27767e+26
1.25809e+26
1.23575e+26
1.21047e+26
1.182e+26
1.14982e+26
1.11286e+26
1.06925e+26
1.01674e+26
9.54564e+25
8.86511e+25
8.21694e+25
7.72991e+25
7.57312e+25
7.92934e+25
8.78268e+25
9.8132e+25
1.07939e+26
1.16923e+26
1.24883e+26
1.31329e+26
1.3587e+26
5.50673e+25
1.08575e+26
1.32932e+26
1.36794e+26
1.36279e+26
1.35365e+26
1.34218e+26
1.32836e+26
1.31209e+26
1.29324e+26
1.27167e+26
1.24724e+26
1.21971e+26
1.18863e+26
1.15306e+26
1.11123e+26
1.06057e+26
9.99185e+25
9.29109e+25
8.58501e+25
7.99913e+25
7.69249e+25
7.8564e+25
8.56763e+25
9.57235e+25
1.05746e+26
1.14985e+26
1.23257e+26
1.30106e+26
1.35084e+26
5.51663e+25
1.08782e+26
1.33113e+26
1.36951e+26
1.36439e+26
1.35532e+26
1.34394e+26
1.33021e+26
1.31404e+26
1.29531e+26
1.27387e+26
1.24958e+26
1.22223e+26
1.19137e+26
1.15608e+26
1.11461e+26
1.06435e+26
1.00326e+26
9.33172e+25
8.6213e+25
8.02701e+25
7.70765e+25
7.85496e+25
8.55262e+25
9.55396e+25
1.05581e+26
1.14844e+26
1.23143e+26
1.30024e+26
1.35033e+26
5.47953e+25
1.08695e+26
1.33287e+26
1.37194e+26
1.36687e+26
1.35784e+26
1.34649e+26
1.33281e+26
1.31669e+26
1.298e+26
1.27661e+26
1.25238e+26
1.22508e+26
1.1943e+26
1.15915e+26
1.1179e+26
1.06794e+26
1.00712e+26
9.3704e+25
8.6554e+25
8.05127e+25
7.7159e+25
7.84137e+25
8.52105e+25
9.51865e+25
1.05261e+26
1.1456e+26
1.22903e+26
1.29841e+26
1.34913e+26
5.482e+25
1.08852e+26
1.33481e+26
1.37383e+26
1.3688e+26
1.35983e+26
1.34856e+26
1.33496e+26
1.31891e+26
1.30028e+26
1.27893e+26
1.25472e+26
1.22742e+26
1.19664e+26
1.16151e+26
1.12036e+26
1.07062e+26
1.01007e+26
9.40056e+25
8.68174e+25
8.06815e+25
7.71638e+25
7.81866e+25
8.47904e+25
9.47326e+25
1.04849e+26
1.14193e+26
1.22589e+26
1.29599e+26
1.34753e+26
5.78206e+25
1.09916e+26
1.32621e+26
1.35986e+26
1.35438e+26
1.34512e+26
1.33347e+26
1.31942e+26
1.30287e+26
1.2837e+26
1.26177e+26
1.23694e+26
1.20898e+26
1.1774e+26
1.14122e+26
1.09856e+26
1.04687e+26
9.84617e+25
9.14648e+25
8.45766e+25
7.90851e+25
7.66357e+25
7.91259e+25
8.69128e+25
9.70939e+25
1.07014e+26
1.16128e+26
1.24236e+26
1.30858e+26
1.35577e+26
5.26064e+25
1.13552e+26
1.4277e+26
1.47772e+26
1.47315e+26
1.46419e+26
1.45294e+26
1.43932e+26
1.4232e+26
1.40445e+26
1.38295e+26
1.35861e+26
1.33135e+26
1.30092e+26
1.26667e+26
1.22694e+26
1.17854e+26
1.11727e+26
1.04151e+26
9.57781e+25
8.80814e+25
8.28863e+25
8.23484e+25
8.81059e+25
9.83483e+25
1.09321e+26
1.19518e+26
1.28564e+26
1.35918e+26
1.41103e+26
4.94898e+25
1.12605e+26
1.44515e+26
1.5038e+26
1.50003e+26
1.49139e+26
1.48054e+26
1.4674e+26
1.45181e+26
1.43362e+26
1.41271e+26
1.38897e+26
1.36231e+26
1.33256e+26
1.29921e+26
1.26088e+26
1.21462e+26
1.15601e+26
1.08181e+26
9.96018e+25
9.12425e+25
8.49375e+25
8.27764e+25
8.67687e+25
9.61673e+25
1.0717e+26
1.17602e+26
1.2695e+26
1.347e+26
1.40323e+26
4.95807e+25
1.12784e+26
1.44704e+26
1.50558e+26
1.50184e+26
1.49326e+26
1.48249e+26
1.46942e+26
1.4539e+26
1.43578e+26
1.41493e+26
1.39123e+26
1.36461e+26
1.3349e+26
1.30162e+26
1.26342e+26
1.21746e+26
1.15927e+26
1.08547e+26
9.99663e+25
9.15459e+25
8.51246e+25
8.27911e+25
8.65908e+25
9.58942e+25
1.06907e+26
1.17373e+26
1.26761e+26
1.3456e+26
1.40235e+26
4.99771e+25
1.13245e+26
1.45034e+26
1.50822e+26
1.50451e+26
1.49605e+26
1.48541e+26
1.47247e+26
1.45709e+26
1.4391e+26
1.41837e+26
1.39479e+26
1.36827e+26
1.33864e+26
1.30544e+26
1.26737e+26
1.22164e+26
1.16381e+26
1.09032e+26
1.0044e+26
9.1941e+25
8.53718e+25
8.28123e+25
8.63463e+25
9.55065e+25
1.06524e+26
1.17031e+26
1.2647e+26
1.34336e+26
1.40088e+26
5.26736e+25
1.14381e+26
1.44023e+26
1.49106e+26
1.48666e+26
1.47791e+26
1.46689e+26
1.45351e+26
1.43762e+26
1.41908e+26
1.39776e+26
1.37356e+26
1.34638e+26
1.31602e+26
1.2819e+26
1.24251e+26
1.19476e+26
1.13433e+26
1.05884e+26
9.73729e+25
8.93489e+25
8.36489e+25
8.24136e+25
8.74765e+25
9.74484e+25
1.08477e+26
1.18789e+26
1.27967e+26
1.35482e+26
1.40834e+26
4.99197e+25
1.15963e+26
1.4956e+26
1.55801e+26
1.55451e+26
1.54599e+26
1.53524e+26
1.52216e+26
1.50659e+26
1.48837e+26
1.46739e+26
1.44358e+26
1.41691e+26
1.38732e+26
1.35443e+26
1.31699e+26
1.27199e+26
1.21426e+26
1.13885e+26
1.04798e+26
9.56032e+25
8.83718e+25
8.53602e+25
8.88148e+25
9.828e+25
1.09743e+26
1.20667e+26
1.30388e+26
1.38319e+26
1.4393e+26
4.66839e+25
1.1446e+26
1.50939e+26
1.58192e+26
1.57946e+26
1.57127e+26
1.56095e+26
1.54836e+26
1.53334e+26
1.51571e+26
1.49533e+26
1.47208e+26
1.44593e+26
1.41682e+26
1.3845e+26
1.34799e+26
1.30478e+26
1.25004e+26
1.17797e+26
1.08783e+26
9.91187e+25
9.08807e+25
8.63103e+25
8.77911e+25
9.59385e+25
1.0724e+26
1.18407e+26
1.28474e+26
1.36866e+26
1.42996e+26
4.64429e+25
1.14416e+26
1.51178e+26
1.58527e+26
1.58292e+26
1.57479e+26
1.56453e+26
1.55201e+26
1.53708e+26
1.51953e+26
1.49923e+26
1.47607e+26
1.45e+26
1.42098e+26
1.38876e+26
1.35239e+26
1.30941e+26
1.25503e+26
1.18334e+26
1.09325e+26
9.95946e+25
9.12222e+25
8.64547e+25
8.76864e+25
9.56546e+25
1.06931e+26
1.18132e+26
1.28244e+26
1.36692e+26
1.42883e+26
4.67062e+25
1.14722e+26
1.51394e+26
1.58694e+26
1.58461e+26
1.57657e+26
1.56641e+26
1.55401e+26
1.53917e+26
1.52173e+26
1.50151e+26
1.4784e+26
1.45236e+26
1.42332e+26
1.39105e+26
1.35465e+26
1.31173e+26
1.25764e+26
1.18646e+26
1.09675e+26
9.99176e+25
9.14384e+25
8.64847e+25
8.7462e+25
9.52417e+25
1.06497e+26
1.17739e+26
1.27907e+26
1.36432e+26
1.42712e+26
4.9992e+25
1.16456e+26
1.50336e+26
1.56638e+26
1.56304e+26
1.5547e+26
1.54415e+26
1.53127e+26
1.51591e+26
1.49789e+26
1.47708e+26
1.45339e+26
1.42679e+26
1.39722e+26
1.36435e+26
1.32705e+26
1.2825e+26
1.22565e+26
1.15121e+26
1.06029e+26
9.66442e+25
8.90499e+25
8.55025e+25
8.83281e+25
9.74412e+25
1.0891e+26
1.19937e+26
1.29784e+26
1.37873e+26
1.43652e+26
4.93201e+25
1.17185e+26
1.52352e+26
1.59042e+26
1.58737e+26
1.57904e+26
1.5685e+26
1.55562e+26
1.54023e+26
1.52217e+26
1.50131e+26
1.47755e+26
1.45087e+26
1.42126e+26
1.38842e+26
1.3513e+26
1.30716e+26
1.25084e+26
1.17647e+26
1.08409e+26
9.86687e+25
9.05785e+25
8.64361e+25
8.86385e+25
9.74141e+25
1.08918e+26
1.20095e+26
1.30095e+26
1.38326e+26
1.44218e+26
4.54507e+25
1.15178e+26
1.53842e+26
1.61801e+26
1.61632e+26
1.60842e+26
1.59842e+26
1.58617e+26
1.57151e+26
1.55422e+26
1.53415e+26
1.51117e+26
1.48524e+26
1.45634e+26
1.42428e+26
1.3883e+26
1.34622e+26
1.29348e+26
1.22362e+26
1.13349e+26
1.03184e+26
9.39631e+25
8.80186e+25
8.77985e+25
9.46646e+25
1.05765e+26
1.17206e+26
1.27625e+26
1.36421e+26
1.42969e+26
4.51416e+25
1.15001e+26
1.53949e+26
1.62014e+26
1.61857e+26
1.61071e+26
1.60075e+26
1.58856e+26
1.57396e+26
1.55675e+26
1.53675e+26
1.51385e+26
1.48801e+26
1.45921e+26
1.4273e+26
1.39154e+26
1.34982e+26
1.29763e+26
1.22843e+26
1.1387e+26
1.03676e+26
9.43477e+25
8.82351e+25
8.77904e+25
9.44606e+25
1.05506e+26
1.1697e+26
1.27428e+26
1.36271e+26
1.42871e+26
4.48908e+25
1.14873e+26
1.54078e+26
1.62238e+26
1.62093e+26
1.61313e+26
1.60324e+26
1.59113e+26
1.57661e+26
1.55948e+26
1.53957e+26
1.51675e+26
1.49098e+26
1.46224e+26
1.43038e+26
1.39471e+26
1.35318e+26
1.30136e+26
1.23272e+26
1.14343e+26
1.04127e+26
9.46936e+25
8.84025e+25
8.77081e+25
9.41546e+25
1.05139e+26
1.16632e+26
1.27138e+26
1.36045e+26
1.4272e+26
4.42293e+25
1.14411e+26
1.54186e+26
1.62572e+26
1.6245e+26
1.61672e+26
1.60687e+26
1.59481e+26
1.58036e+26
1.5633e+26
1.54346e+26
1.5207e+26
1.49497e+26
1.46625e+26
1.43438e+26
1.3987e+26
1.35721e+26
1.30559e+26
1.23734e+26
1.1484e+26
1.04599e+26
9.50549e+25
8.85703e+25
8.75967e+25
9.37823e+25
1.0469e+26
1.16213e+26
1.26772e+26
1.35753e+26
1.4252e+26
4.70445e+25
1.16023e+26
1.53227e+26
1.60639e+26
1.60413e+26
1.5961e+26
1.58592e+26
1.57346e+26
1.55854e+26
1.54096e+26
1.52056e+26
1.49724e+26
1.47094e+26
1.44165e+26
1.40917e+26
1.37269e+26
1.32992e+26
1.27619e+26
1.20519e+26
1.11457e+26
1.01433e+26
9.25658e+25
8.71743e+25
8.77264e+25
9.5291e+25
1.06616e+26
1.18015e+26
1.28331e+26
1.36978e+26
1.43345e+26
4.87372e+25
1.16024e+26
1.51146e+26
1.57868e+26
1.57584e+26
1.56775e+26
1.55748e+26
1.54492e+26
1.52988e+26
1.51218e+26
1.49166e+26
1.46821e+26
1.44176e+26
1.41224e+26
1.37938e+26
1.34223e+26
1.2984e+26
1.24326e+26
1.17124e+26
1.08152e+26
9.85168e+25
9.02361e+25
8.54998e+25
8.66647e+25
9.44904e+25
1.05617e+26
1.1668e+26
1.26697e+26
1.35131e+26
1.4139e+26
4.52171e+25
1.14106e+26
1.52342e+26
1.60208e+26
1.60046e+26
1.59274e+26
1.58296e+26
1.57098e+26
1.5566e+26
1.53964e+26
1.51989e+26
1.49722e+26
1.47154e+26
1.44279e+26
1.41077e+26
1.37475e+26
1.33275e+26
1.28063e+26
1.21242e+26
1.12483e+26
1.02534e+26
9.33314e+25
8.7101e+25
8.6193e+25
9.2207e+25
1.02833e+26
1.14091e+26
1.24449e+26
1.33348e+26
1.40171e+26
4.40078e+25
1.13079e+26
1.52168e+26
1.60386e+26
1.60252e+26
1.59476e+26
1.58494e+26
1.57292e+26
1.55853e+26
1.54155e+26
1.5218e+26
1.49913e+26
1.47346e+26
1.44474e+26
1.41277e+26
1.37688e+26
1.33513e+26
1.28345e+26
1.21586e+26
1.12877e+26
1.02919e+26
9.36343e+25
8.72592e+25
8.61471e+25
9.19687e+25
1.02532e+26
1.1381e+26
1.24206e+26
1.33156e+26
1.4004e+26
4.32523e+25
1.12512e+26
1.52223e+26
1.60694e+26
1.60587e+26
1.59813e+26
1.58835e+26
1.57639e+26
1.56207e+26
1.54518e+26
1.52552e+26
1.50296e+26
1.4774e+26
1.44877e+26
1.41691e+26
1.38113e+26
1.33954e+26
1.28815e+26
1.22095e+26
1.13415e+26
1.03429e+26
9.40367e+25
8.74796e+25
8.61042e+25
9.16636e+25
1.02132e+26
1.1343e+26
1.2387e+26
1.32882e+26
1.39846e+26
4.60521e+25
1.14023e+26
1.51066e+26
1.58522e+26
1.58306e+26
1.57506e+26
1.56494e+26
1.55257e+26
1.53777e+26
1.52033e+26
1.5001e+26
1.47693e+26
1.45076e+26
1.42154e+26
1.38907e+26
1.35258e+26
1.30997e+26
1.25695e+26
1.18771e+26
1.09989e+26
1.00245e+26
9.15053e+25
8.59725e+25
8.60269e+25
9.29481e+25
1.03892e+26
1.15099e+26
1.25328e+26
1.34052e+26
1.4066e+26
4.98977e+25
1.13601e+26
1.45809e+26
1.51706e+26
1.5136e+26
1.50541e+26
1.49503e+26
1.48236e+26
1.46722e+26
1.44944e+26
1.42883e+26
1.40523e+26
1.3785e+26
1.34845e+26
1.31464e+26
1.27598e+26
1.23011e+26
1.17312e+26
1.10119e+26
1.01577e+26
9.28058e+25
8.55333e+25
8.16935e+25
8.34242e+25
9.12146e+25
1.01822e+26
1.12259e+26
1.2177e+26
1.29949e+26
1.36236e+26
4.62719e+25
1.11591e+26
1.46696e+26
1.53627e+26
1.53385e+26
1.52601e+26
1.5161e+26
1.50398e+26
1.48948e+26
1.4724e+26
1.45256e+26
1.42977e+26
1.40391e+26
1.37481e+26
1.34215e+26
1.30508e+26
1.26162e+26
1.20809e+26
1.13991e+26
1.056e+26
9.64772e+25
8.83201e+25
8.30498e+25
8.28121e+25
8.89408e+25
9.91231e+25
1.09754e+26
1.19568e+26
1.28154e+26
1.34957e+26
4.48866e+25
1.10534e+26
1.4663e+26
1.53954e+26
1.53743e+26
1.52955e+26
1.5196e+26
1.50746e+26
1.49297e+26
1.47591e+26
1.45609e+26
1.43335e+26
1.40754e+26
1.37851e+26
1.34593e+26
1.30897e+26
1.26567e+26
1.21236e+26
1.14444e+26
1.06056e+26
9.68881e+25
8.863e+25
8.32065e+25
8.27614e+25
8.87023e+25
9.88278e+25
1.09479e+26
1.19326e+26
1.27957e+26
1.34815e+26
4.39028e+25
1.09714e+26
1.465e+26
1.54106e+26
1.53918e+26
1.53126e+26
1.52129e+26
1.50914e+26
1.49465e+26
1.4776e+26
1.45779e+26
1.43506e+26
1.40926e+26
1.38023e+26
1.34765e+26
1.31072e+26
1.26755e+26
1.21455e+26
1.14711e+26
1.06366e+26
9.71923e+25
8.8862e+25
8.32975e+25
8.26386e+25
8.83728e+25
9.84326e+25
1.09107e+26
1.18993e+26
1.27678e+26
1.3461e+26
4.70379e+25
1.11036e+26
1.4481e+26
1.51321e+26
1.51022e+26
1.50201e+26
1.49164e+26
1.47902e+26
1.46396e+26
1.44628e+26
1.42579e+26
1.40233e+26
1.37574e+26
1.34587e+26
1.31235e+26
1.27424e+26
1.22947e+26
1.17433e+26
1.10482e+26
1.02125e+26
9.33397e+25
8.58124e+25
8.14593e+25
8.24607e+25
8.97166e+25
1.00286e+26
1.10862e+26
1.2054e+26
1.28949e+26
1.3553e+26
5.31052e+25
1.09713e+26
1.36438e+26
1.40893e+26
1.40453e+26
1.39602e+26
1.38525e+26
1.37218e+26
1.35666e+26
1.33853e+26
1.31762e+26
1.29375e+26
1.26671e+26
1.23617e+26
1.20146e+26
1.16126e+26
1.11328e+26
1.05475e+26
9.84898e+25
9.08579e+25
8.36608e+25
7.82832e+25
7.6401e+25
7.97128e+25
8.78368e+25
9.76024e+25
1.06927e+26
1.15468e+26
1.22959e+26
1.2892e+26
4.88121e+25
1.07485e+26
1.37131e+26
1.42525e+26
1.42166e+26
1.4135e+26
1.40319e+26
1.39064e+26
1.37572e+26
1.35824e+26
1.33798e+26
1.31476e+26
1.28835e+26
1.25846e+26
1.22457e+26
1.18564e+26
1.13974e+26
1.08412e+26
1.01677e+26
9.40104e+25
8.63333e+25
7.9985e+25
7.65517e+25
7.78861e+25
8.46699e+25
9.43226e+25
1.03949e+26
1.1282e+26
1.20742e+26
1.27269e+26
4.78629e+25
1.0692e+26
1.37236e+26
1.42869e+26
1.42526e+26
1.41709e+26
1.40678e+26
1.39427e+26
1.37939e+26
1.36197e+26
1.3418e+26
1.31868e+26
1.29241e+26
1.2627e+26
1.22903e+26
1.19037e+26
1.1448e+26
1.08951e+26
1.02234e+26
9.45506e+25
8.68088e+25
8.03533e+25
7.67673e+25
7.79048e+25
8.45241e+25
9.41291e+25
1.0377e+26
1.12663e+26
1.20613e+26
1.27173e+26
4.75471e+25
1.06742e+26
1.37277e+26
1.42983e+26
1.42648e+26
1.41836e+26
1.40811e+26
1.39565e+26
1.38085e+26
1.3635e+26
1.34341e+26
1.32038e+26
1.29421e+26
1.2646e+26
1.23107e+26
1.19262e+26
1.14734e+26
1.09243e+26
1.02562e+26
9.48873e+25
8.71078e+25
8.05656e+25
7.68399e+25
7.77888e+25
8.4255e+25
9.38289e+25
1.03497e+26
1.12421e+26
1.20409e+26
1.27018e+26
4.63431e+25
1.05875e+26
1.37228e+26
1.43245e+26
1.4293e+26
1.42112e+26
1.41084e+26
1.39836e+26
1.38353e+26
1.36617e+26
1.34607e+26
1.32304e+26
1.29684e+26
1.26721e+26
1.23365e+26
1.19519e+26
1.14996e+26
1.0952e+26
1.02857e+26
9.51822e+25
8.73613e+25
8.07278e+25
7.68507e+25
7.75889e+25
8.38809e+25
9.34222e+25
1.03123e+26
1.12084e+26
1.20118e+26
1.26793e+26
4.90189e+25
1.06923e+26
1.36054e+26
1.41323e+26
1.40946e+26
1.40113e+26
1.39061e+26
1.37784e+26
1.36268e+26
1.34493e+26
1.3244e+26
1.30089e+26
1.27417e+26
1.24395e+26
1.20968e+26
1.17031e+26
1.1239e+26
1.0678e+26
1.00033e+26
9.24442e+25
8.4953e+25
7.88882e+25
7.58517e+25
7.76999e+25
8.49189e+25
9.47127e+25
1.04319e+26
1.13143e+26
1.21011e+26
1.27471e+26
5.85025e+25
1.02961e+26
1.22435e+26
1.25386e+26
1.2492e+26
1.24055e+26
1.22946e+26
1.21599e+26
1.20006e+26
1.18155e+26
1.16027e+26
1.13597e+26
1.10837e+26
1.07697e+26
1.04102e+26
9.99374e+25
9.50789e+25
8.94967e+25
8.34226e+25
7.74263e+25
7.23497e+25
6.93003e+25
6.97032e+25
7.45893e+25
8.27226e+25
9.1362e+25
9.93511e+25
1.06723e+26
1.13378e+26
1.18942e+26
5.45997e+25
1.01771e+26
1.23571e+26
1.27113e+26
1.26685e+26
1.25847e+26
1.24774e+26
1.23472e+26
1.21932e+26
1.20137e+26
1.18068e+26
1.15701e+26
1.13006e+26
1.0994e+26
1.06434e+26
1.02385e+26
9.76609e+25
9.21756e+25
8.60549e+25
7.97717e+25
7.4108e+25
7.00891e+25
6.90633e+25
7.2408e+25
7.98166e+25
8.86029e+25
9.6881e+25
1.0449e+26
1.11437e+26
1.17406e+26
5.37445e+25
1.01348e+26
1.23644e+26
1.27336e+26
1.26913e+26
1.26073e+26
1.25e+26
1.23699e+26
1.2216e+26
1.20369e+26
1.18305e+26
1.15945e+26
1.13261e+26
1.10209e+26
1.06723e+26
1.02699e+26
9.80024e+25
9.254e+25
8.64237e+25
8.01161e+25
7.43962e+25
7.02869e+25
6.91303e+25
7.23226e+25
7.96351e+25
8.84135e+25
9.67128e+25
1.04342e+26
1.11311e+26
1.17308e+26
5.30329e+25
1.01048e+26
1.23818e+26
1.27657e+26
1.27244e+26
1.26407e+26
1.25338e+26
1.24043e+26
1.22511e+26
1.20728e+26
1.18672e+26
1.16321e+26
1.13645e+26
1.10601e+26
1.07124e+26
1.0311e+26
9.8423e+25
9.29646e+25
8.6836e+25
8.0489e+25
7.46969e+25
7.04748e+25
6.91518e+25
7.21444e+25
7.93302e+25
8.81029e+25
9.64326e+25
1.04087e+26
1.11085e+26
1.17123e+26
5.5404e+25
1.00983e+26
1.2185e+26
1.25213e+26
1.2478e+26
1.23937e+26
1.22858e+26
1.21549e+26
1.20005e+26
1.18211e+26
1.1615e+26
1.13801e+26
1.11135e+26
1.08109e+26
1.04653e+26
1.0066e+26
9.59945e+25
9.05841e+25
8.45807e+25
7.84806e+25
7.30767e+25
6.94166e+25
6.88822e+25
7.27757e+25
8.05014e+25
8.92922e+25
9.74904e+25
1.05031e+26
1.11902e+26
1.17774e+26
7.13815e+25
9.43045e+25
1.04211e+26
1.06001e+26
1.05735e+26
1.04946e+26
1.03841e+26
1.02466e+26
1.00827e+26
9.89154e+25
9.6713e+25
9.4195e+25
9.13291e+25
8.80773e+25
8.44042e+25
8.03012e+25
7.58316e+25
7.11799e+25
6.66789e+25
6.28217e+25
6.03056e+25
6.01039e+25
6.32413e+25
6.96573e+25
7.73927e+25
8.46107e+25
9.10796e+25
9.70963e+25
1.02676e+26
1.07564e+26
6.70527e+25
9.34017e+25
1.05026e+26
1.07079e+26
1.06813e+26
1.06045e+26
1.04982e+26
1.03665e+26
1.02099e+26
1.00275e+26
9.8175e+25
9.57754e+25
9.30442e+25
8.99418e+25
8.64238e+25
8.24589e+25
7.80686e+25
7.33842e+25
6.8688e+25
6.44243e+25
6.1221e+25
5.99641e+25
6.17575e+25
6.71353e+25
7.472e+25
8.22624e+25
8.89966e+25
9.51846e+25
1.0096e+26
1.0613e+26
6.65397e+25
9.343e+25
1.05358e+26
1.07467e+26
1.07201e+26
1.06432e+26
1.0537e+26
1.04055e+26
1.02491e+26
1.00669e+26
9.85723e+25
9.61756e+25
9.34475e+25
9.03477e+25
8.68314e+25
8.28648e+25
7.8466e+25
7.37619e+25
6.90314e+25
6.47164e+25
6.14404e+25
6.0082e+25
6.1746e+25
6.70077e+25
7.45508e+25
8.21094e+25
8.88659e+25
9.50693e+25
1.00859e+26
1.06048e+26
6.58844e+25
9.30814e+25
1.05214e+26
1.07366e+26
1.071e+26
1.06332e+26
1.05273e+26
1.03962e+26
1.02403e+26
1.00588e+26
9.84997e+25
9.61138e+25
9.33993e+25
9.03171e+25
8.68227e+25
8.28817e+25
7.85086e+25
7.38237e+25
6.90983e+25
6.47669e+25
6.14456e+25
6.00044e+25
6.15502e+25
6.67075e+25
7.42301e+25
8.18266e+25
8.86163e+25
9.48399e+25
1.00651e+26
1.05871e+26
6.85837e+25
9.2193e+25
1.02643e+26
1.04558e+26
1.04309e+26
1.0354e+26
1.02467e+26
1.01132e+26
9.95435e+25
9.76941e+25
9.55673e+25
9.314e+25
9.03826e+25
8.72595e+25
8.37348e+25
7.97921e+25
7.54739e+25
7.09319e+25
6.64611e+25
6.25152e+25
5.9746e+25
5.9084e+25
6.1627e+25
6.7668e+25
7.55008e+25
8.29833e+25
8.96195e+25
9.57397e+25
1.0145e+26
1.06538e+26
8.00585e+25
8.3289e+25
8.52037e+25
8.58804e+25
8.57643e+25
8.51511e+25
8.41792e+25
8.29076e+25
8.13582e+25
7.95347e+25
7.74317e+25
7.50406e+25
7.2357e+25
6.93913e+25
6.61842e+25
6.28251e+25
5.94687e+25
5.63494e+25
5.38025e+25
5.23045e+25
5.25114e+25
5.51212e+25
6.02448e+25
6.67211e+25
7.29575e+25
7.83923e+25
8.3294e+25
8.79381e+25
9.23379e+25
9.63211e+25
7.73907e+25
8.22346e+25
8.49582e+25
8.58943e+25
8.58465e+25
8.52614e+25
8.4316e+25
8.30776e+25
8.15707e+25
7.97998e+25
7.77598e+25
7.54413e+25
7.28368e+25
6.99484e+25
6.68007e+25
6.34582e+25
6.00427e+25
5.67496e+25
5.38655e+25
5.18017e+25
5.11493e+25
5.26665e+25
5.68874e+25
6.32233e+25
6.99436e+25
7.58654e+25
8.10287e+25
8.58188e+25
9.03849e+25
9.462e+25
7.7401e+25
8.24601e+25
8.52905e+25
8.62595e+25
8.622e+25
8.5638e+25
8.46948e+25
8.34588e+25
8.19544e+25
8.01859e+25
7.81478e+25
7.58303e+25
7.32251e+25
7.0333e+25
6.71774e+25
6.38209e+25
6.0384e+25
5.70608e+25
5.41361e+25
5.20183e+25
5.12935e+25
5.27185e+25
5.68452e+25
6.31256e+25
6.98427e+25
7.57825e+25
8.09608e+25
8.57609e+25
9.03355e+25
9.45799e+25
7.73022e+25
8.25209e+25
8.54275e+25
8.64182e+25
8.63834e+25
8.58035e+25
8.48625e+25
8.36293e+25
8.21283e+25
8.03639e+25
7.83302e+25
7.60172e+25
7.34161e+25
7.0527e+25
6.73718e+25
6.40117e+25
6.05651e+25
5.72242e+25
5.42714e+25
5.21117e+25
5.13263e+25
5.26707e+25
5.67156e+25
6.29546e+25
6.96824e+25
7.56486e+25
8.08445e+25
8.56542e+25
9.02375e+25
9.4494e+25
7.70122e+25
8.24115e+25
8.54054e+25
8.64193e+25
8.63879e+25
8.5808e+25
8.48669e+25
8.36339e+25
8.21336e+25
8.03701e+25
7.83378e+25
7.60266e+25
7.34274e+25
7.054e+25
6.73856e+25
6.40236e+25
6.05704e+25
5.72148e+25
5.42354e+25
5.2031e+25
5.11762e+25
5.24261e+25
5.63801e+25
6.25913e+25
6.93642e+25
7.53874e+25
8.06156e+25
8.54406e+25
9.00381e+25
9.43164e+25
7.77063e+25
8.18669e+25
8.42618e+25
8.51007e+25
8.5031e+25
8.4439e+25
8.34876e+25
8.22416e+25
8.0725e+25
7.89426e+25
7.68898e+25
7.45586e+25
7.19435e+25
6.90502e+25
6.59087e+25
6.25901e+25
5.92241e+25
5.60135e+25
5.32542e+25
5.13711e+25
5.09736e+25
5.28187e+25
5.73576e+25
6.38427e+25
7.05184e+25
7.63441e+25
8.14442e+25
8.61981e+25
9.07302e+25
9.49198e+25
7.14356e+25
7.17213e+25
7.18746e+25
7.17598e+25
7.13543e+25
7.06711e+25
6.97287e+25
6.8541e+25
6.71163e+25
6.54593e+25
6.3575e+25
6.14735e+25
5.91762e+25
5.67243e+25
5.41884e+25
5.16781e+25
4.93542e+25
4.74453e+25
4.62777e+25
4.63066e+25
4.80778e+25
5.19347e+25
5.7444e+25
6.33384e+25
6.85766e+25
7.30393e+25
7.70674e+25
8.09187e+25
8.46327e+25
8.80955e+25
7.14843e+25
7.20102e+25
7.23597e+25
7.23718e+25
7.20426e+25
7.14072e+25
7.04985e+25
6.9338e+25
6.79372e+25
6.63018e+25
6.44356e+25
6.23453e+25
6.00466e+25
5.7572e+25
5.49795e+25
5.2363e+25
4.98621e+25
4.76768e+25
4.60921e+25
4.55155e+25
4.64896e+25
4.95327e+25
5.46155e+25
6.06936e+25
6.64033e+25
7.123e+25
7.54366e+25
7.93754e+25
8.31807e+25
8.6788e+25
7.16313e+25
7.21928e+25
7.25702e+25
7.25998e+25
7.2281e+25
7.16522e+25
7.07481e+25
6.95912e+25
6.81935e+25
6.65607e+25
6.46961e+25
6.26062e+25
6.03057e+25
5.78263e+25
5.52248e+25
5.2594e+25
5.00722e+25
4.78578e+25
4.62334e+25
4.56029e+25
4.65069e+25
4.94718e+25
5.44957e+25
6.05601e+25
6.62891e+25
7.11385e+25
7.53595e+25
7.93069e+25
8.31196e+25
8.67355e+25
7.16657e+25
7.22737e+25
7.26964e+25
7.27591e+25
7.24609e+25
7.18437e+25
7.09455e+25
6.9791e+25
6.83934e+25
6.67592e+25
6.48921e+25
6.27986e+25
6.04934e+25
5.80075e+25
5.53974e+25
5.27549e+25
5.02175e+25
4.79822e+25
4.63292e+25
4.56594e+25
4.65102e+25
4.94128e+25
5.4386e+25
6.04347e+25
6.61766e+25
7.10427e+25
7.52726e+25
7.92233e+25
8.30387e+25
8.666e+25
7.21464e+25
7.25861e+25
7.28622e+25
7.28259e+25
7.24684e+25
7.18172e+25
7.08997e+25
6.97338e+25
6.83293e+25
6.66907e+25
6.48213e+25
6.27276e+25
6.04259e+25
5.79497e+25
5.53594e+25
5.27522e+25
5.02725e+25
4.81272e+25
4.661e+25
4.61383e+25
4.72542e+25
5.04369e+25
5.5564e+25
6.15368e+25
6.7077e+25
7.17807e+25
7.59299e+25
7.98442e+25
8.36257e+25
8.7193e+25
0
0
0
0
0
0
0
0
0
0
0
0
0
0
0
0
0
0
0
0
0
0
0
0
0
0
0
0
0
0
0
0
0
0
0
0
0
0
0
0
0
0
0
0
0
0
0
0
0
0
0
0
0
0
0
0
0
0
0
0
0
0
0
0
0
0
0
0
0
0
0
0
0
0
0
0
0
0
0
0
0
0
0
0
0
0
0
0
0
0
0
0
0
0
0
0
0
0
0
0
0
0
0
0
0
0
0
0
0
0
0
0
0
0
0
0
0
0
0
0
0
0
0
0
0
0
0
0
0
0
0
0
0
0
0
0
0
0
0
0
0
0
0
0
0
0
0
0
0
0
0
0
0
0
0
0
0
0
0
0
0
0
0
0
0
0
0
0
0
0
0
0
0
0
0
0
0
0
0
0
0
0
0
0
0
0
0
0
0
0
0
0
0
0
0
0
0
0
0
0
0
0
0
0
0
0
0
0
0
0
0
0
0
0
0
0
0
0
0
0
0
0
0
0
0
0
0
0
0
0
0
0
0
0
0
0
0
0
0
0
0
0
0
0
0
0
0
0
0
0
0
0
0
0
0
0
0
0
0
0
0
0
0
0
0
0
0
0
0
0
0
0
0
0
0
0
0
0
0
0
0
0
0
0
0
0
0
0
0
0
0
0
0
0
0
0
0
0
0
0
0
0
0
0
0
0
0
0
0
0
0
0
0
0
0
0
0
0
0
0
0
0
0
0
0
0
0
0
0
0
0
0
0
0
0
0
0
0
0
0
0
0
0
0
0
0
0
0
0
0
0
0
0
0
0
0
0
0
0
0
0
0
0
0
0
0
0
0
0
0
0
0
0
0
0
0
0
0
0
0
0
0
0
0
0
0
0
0
0
0
0
0
0
0
0
0
0
0
0
0
0
0
0
0
0
0
0
0
0
0
0
0
0
0
0
0
0
0
0
0
0
0
0
0
0
0
0
0
0
0
0
0
0
0
0
0
0
0
0
0
0
0
0
0
0
0
0
0
0
0
0
0
0
0
0
0
0
0
0
0
0
0
0
0
0
0
0
0
0
0
0
0
0
0
0
0
0
0
0
0
0
0
0
0
0
0
0
0
0
0
0
0
0
0
0
0
0
0
0
0
0
0
0
0
0
0
0
0
0
0
0
0
0
0
0
0
0
0
0
0
0
0
0
0
0
0
0
0
0
0
0
0
0
0
0
0
0
0
0
0
0
0
0
0
0
0
0
0
0
0
0
0
0
0
0
0
0
0
0
0
0
0
0
0
0
0
0
0
0
0
0
0
0
0
0
0
0
0
0
0
0
0
0
0
0
0
0
0
0
0
0
0
0
0
0
0
0
0
0
0
0
0
0
0
0
0
0
0
0
0
0
0
0
0
0
0
0
0
0
0
0
0
0
0
0
0
0
0
0
0
0
0
0
0
0
0
0
0
0
0
0
0
0
0
0
0
0
0
0
0
0
0
0
0
0
0
0
0
0
0
0
0
0
0
0
0
0
0
0
0
0
0
0
0
0
0
0
0
0
0
0
0
0
0
0
0
0
0
0
0
0
0
0
0
0
0
0
0
0
0
0
0
0
0
0
0
0
0
0
0
0
0
0
0
0
0
0
0
0
0
0
0
0
0
0
0
0
0
0
0
0
0
0
0
0
0
0
0
0
0
0
0
0
0
0
0
0
0
0
0
0
0
0
0
0
0
0
0
0
0
0
0
0
0
0
0
0
0
0
0
0
0
0
0
0
0
0
0
0
0
0
0
0
0
0
0
0
0
0
0
0
0
0
0
0
0
0
0
0
0
0
0
0
0
0
0
0
0
0
0
0
0
0
0
0
0
0
0
0
0
0
0
0
0
0
0
0
0
0
0
0
0
0
0
0
0
0
0
0
0
0
0
0
0
0
0
0
0
0
0
0
0
0
0
0
0
0
0
0
0
0
0
0
0
0
0
0
0
0
0
0
0
0
0
0
0
0
0
0
0
0
0
0
0
0
0
0
0
0
0
0
0
0
0
0
0
0
0
0
0
0
0
0
0
0
0
0
0
0
0
0
0
0
0
0
0
0
0
0
0
0
0
0
0
0
0
0
0
0
0
0
0
0
0
0
0
0
0
0
0
0
0
0
0
0
0
0
0
0
0
0
0
0
0
0
0
0
0
0
0
0
0
0
0
0
0
0
0
0
0
0
0
0
0
0
0
0
0
0
0
0
0
0
0
0
0
0
0
0
0
0
0
0
0
0
0
0
0
0
0
0
0
0
0
0
0
0
0
0
0
0
0
0
0
0
0
0
0
0
0
0
0
0
0
0
0
0
0
0
0
0
0
0
0
0
0
0
0
0
0
0
0
0
0
0
0
0
0
0
0
0
0
0
0
0
0
0
0
0
0
0
0
0
0
0
0
0
0
0
0
0
0
0
0
0
0
0
0
0
0
0
0
0
0
0
0
0
0
0
0
0
0
0
0
0
0
0
0
0
0
0
0
0
0
0
0
0
0
0
0
0
0
0
0
0
0
0
0
0
0
0
0
0
0
0
0
0
0
0
0
0
0
0
0
0
0
0
0
0
0
0
0
0
0
0
0
0
0
0
0
0
0
0
0
0
0
0
0
0
0
0
0
0
0
0
0
0
0
0
0
0
0
0
0
0
0
0
0
0
0
0
0
0
0
0
0
0
0
0
0
0
0
0
0
0
0
0
0
0
0
0
0
0
0
0
0
0
0
0
0
0
0
0
0
0
0
0
0
0
0
0
0
0
0
0
0
0
0
0
0
0
0
0
0
0
0
0
0
0
0
0
0
0
0
0
0
0
0
0
0
0
0
0
0
0
0
0
0
0
0
0
0
0
0
0
0
0
0
0
0
0
0
0
0
0
0
0
0
0
0
0
0
0
0
0
0
0
0
0
0
0
0
0
0
0
0
0
0
0
0
0
0
0
0
0
0
0
0
0
0
0
0
0
0
0
0
0
0
0
0
0
0
0
0
0
0
0
0
0
0
0
0
0
0
0
0
0
0
0
0
0
0
0
0
0
0
0
0
0
0
0
0
0
0
0
0
0
0
0
0
0
0
0
0
0
0
0
0
0
0
0
0
0
0
0
0
0
0
0
0
0
0
0
0
0
0
0
0
0
0
0
0
0
0
0
0
0
0
0
0
0
0
0
0
0
0
0
0
0
0
0
0
0
0
0
0
0
0
0
0
)
;

boundaryField
{
    fuelBottom
    {
        type            empty;
    }
    fuelTop_1
    {
        type            empty;
    }
    fuelOuter
    {
        type            zeroGradient;
    }
    fuelTop
    {
        type            empty;
    }
    fuelInner
    {
        type            zeroGradient;
    }
    cladBottom
    {
        type            empty;
    }
    cladInner
    {
        type            zeroGradient;
    }
    cladOuter
    {
        type            zeroGradient;
    }
    cladTop
    {
        type            empty;
    }
    front
    {
        type            wedge;
    }
    back
    {
        type            wedge;
    }
}


// ************************************************************************* //
