/*--------------------------------*- C++ -*----------------------------------*\
| =========                 |                                                 |
| \\      /  F ield         | OpenFOAM: The Open Source CFD Toolbox           |
|  \\    /   O peration     | Version:  2412                                  |
|   \\  /    A nd           | Website:  www.openfoam.com                      |
|    \\/     M anipulation  |                                                 |
\*---------------------------------------------------------------------------*/
FoamFile
{
    version     2.0;
    format      ascii;
    arch        "LSB;label=32;scalar=64";
    class       volScalarField;
    location    "25888284.641197/fuelBehaviourRegion";
    object      SCIANTIX::grainModes_8;
}
// * * * * * * * * * * * * * * * * * * * * * * * * * * * * * * * * * * * * * //

dimensions      [0 0 0 0 0 0 0];

internalField   nonuniform List<scalar> 
4720
(
1.0006e+24
1.00061e+24
1.00062e+24
1.00064e+24
1.00066e+24
1.00069e+24
1.00072e+24
1.00076e+24
1.0008e+24
1.00085e+24
1.0009e+24
1.00095e+24
1.00101e+24
1.00108e+24
1.00114e+24
1.00121e+24
1.00128e+24
1.00135e+24
1.00143e+24
1.00151e+24
1.00158e+24
1.00166e+24
1.00174e+24
1.00182e+24
1.0019e+24
1.00197e+24
1.00205e+24
1.00213e+24
1.0022e+24
1.00227e+24
1.00058e+24
1.00059e+24
1.0006e+24
1.00062e+24
1.00064e+24
1.00067e+24
1.0007e+24
1.00074e+24
1.00078e+24
1.00083e+24
1.00088e+24
1.00094e+24
1.001e+24
1.00106e+24
1.00113e+24
1.00119e+24
1.00127e+24
1.00134e+24
1.00142e+24
1.00149e+24
1.00157e+24
1.00165e+24
1.00173e+24
1.00181e+24
1.00189e+24
1.00196e+24
1.00204e+24
1.00212e+24
1.00219e+24
1.00226e+24
1.00055e+24
1.00055e+24
1.00057e+24
1.00058e+24
1.00061e+24
1.00063e+24
1.00067e+24
1.00071e+24
1.00075e+24
1.0008e+24
1.00085e+24
1.00091e+24
1.00097e+24
1.00103e+24
1.0011e+24
1.00117e+24
1.00124e+24
1.00131e+24
1.00139e+24
1.00147e+24
1.00155e+24
1.00163e+24
1.00171e+24
1.00179e+24
1.00187e+24
1.00194e+24
1.00202e+24
1.0021e+24
1.00217e+24
1.00225e+24
1.00054e+24
1.00054e+24
1.00055e+24
1.00057e+24
1.00059e+24
1.00062e+24
1.00066e+24
1.00069e+24
1.00074e+24
1.00079e+24
1.00084e+24
1.0009e+24
1.00096e+24
1.00102e+24
1.00109e+24
1.00116e+24
1.00123e+24
1.00131e+24
1.00138e+24
1.00146e+24
1.00154e+24
1.00162e+24
1.0017e+24
1.00178e+24
1.00186e+24
1.00194e+24
1.00202e+24
1.00209e+24
1.00217e+24
1.00224e+24
1.00053e+24
1.00053e+24
1.00054e+24
1.00056e+24
1.00058e+24
1.00061e+24
1.00064e+24
1.00068e+24
1.00073e+24
1.00078e+24
1.00083e+24
1.00089e+24
1.00095e+24
1.00101e+24
1.00108e+24
1.00115e+24
1.00122e+24
1.0013e+24
1.00137e+24
1.00145e+24
1.00153e+24
1.00161e+24
1.00169e+24
1.00177e+24
1.00185e+24
1.00193e+24
1.00201e+24
1.00209e+24
1.00217e+24
1.00224e+24
1.00048e+24
1.00048e+24
1.00049e+24
1.00051e+24
1.00053e+24
1.00056e+24
1.0006e+24
1.00064e+24
1.00068e+24
1.00073e+24
1.00079e+24
1.00085e+24
1.00091e+24
1.00098e+24
1.00105e+24
1.00112e+24
1.00119e+24
1.00127e+24
1.00135e+24
1.00143e+24
1.00151e+24
1.00159e+24
1.00168e+24
1.00176e+24
1.00184e+24
1.00192e+24
1.002e+24
1.00208e+24
1.00216e+24
1.00224e+24
1.12735e+24
1.12736e+24
1.12738e+24
1.12741e+24
1.12745e+24
1.12749e+24
1.12755e+24
1.12761e+24
1.12768e+24
1.12776e+24
1.12785e+24
1.12794e+24
1.12804e+24
1.12815e+24
1.12825e+24
1.12837e+24
1.12849e+24
1.12861e+24
1.12873e+24
1.12886e+24
1.12898e+24
1.12911e+24
1.12924e+24
1.12936e+24
1.12949e+24
1.12961e+24
1.12974e+24
1.12986e+24
1.12997e+24
1.13009e+24
1.12713e+24
1.12714e+24
1.12716e+24
1.12719e+24
1.12723e+24
1.12728e+24
1.12734e+24
1.1274e+24
1.12748e+24
1.12756e+24
1.12765e+24
1.12775e+24
1.12786e+24
1.12797e+24
1.12808e+24
1.1282e+24
1.12833e+24
1.12845e+24
1.12858e+24
1.12872e+24
1.12885e+24
1.12898e+24
1.12912e+24
1.12925e+24
1.12938e+24
1.12952e+24
1.12964e+24
1.12977e+24
1.12989e+24
1.13002e+24
1.12709e+24
1.1271e+24
1.12712e+24
1.12715e+24
1.12719e+24
1.12724e+24
1.12729e+24
1.12736e+24
1.12744e+24
1.12752e+24
1.12762e+24
1.12772e+24
1.12782e+24
1.12793e+24
1.12805e+24
1.12817e+24
1.1283e+24
1.12843e+24
1.12856e+24
1.12869e+24
1.12883e+24
1.12896e+24
1.1291e+24
1.12923e+24
1.12937e+24
1.1295e+24
1.12963e+24
1.12976e+24
1.12988e+24
1.13e+24
1.12707e+24
1.12708e+24
1.1271e+24
1.12713e+24
1.12717e+24
1.12722e+24
1.12728e+24
1.12734e+24
1.12742e+24
1.12751e+24
1.1276e+24
1.1277e+24
1.12781e+24
1.12792e+24
1.12803e+24
1.12816e+24
1.12828e+24
1.12841e+24
1.12854e+24
1.12868e+24
1.12881e+24
1.12895e+24
1.12909e+24
1.12922e+24
1.12936e+24
1.12949e+24
1.12962e+24
1.12975e+24
1.12987e+24
1.13e+24
1.12703e+24
1.12704e+24
1.12706e+24
1.12709e+24
1.12713e+24
1.12718e+24
1.12724e+24
1.12731e+24
1.12739e+24
1.12747e+24
1.12756e+24
1.12767e+24
1.12777e+24
1.12789e+24
1.12801e+24
1.12813e+24
1.12826e+24
1.12839e+24
1.12852e+24
1.12866e+24
1.12879e+24
1.12893e+24
1.12907e+24
1.1292e+24
1.12934e+24
1.12947e+24
1.12961e+24
1.12974e+24
1.12986e+24
1.12998e+24
1.12676e+24
1.12677e+24
1.12679e+24
1.12683e+24
1.12687e+24
1.12693e+24
1.12699e+24
1.12707e+24
1.12715e+24
1.12724e+24
1.12735e+24
1.12745e+24
1.12757e+24
1.12769e+24
1.12782e+24
1.12795e+24
1.12809e+24
1.12823e+24
1.12838e+24
1.12852e+24
1.12867e+24
1.12882e+24
1.12896e+24
1.12911e+24
1.12925e+24
1.1294e+24
1.12954e+24
1.12967e+24
1.12981e+24
1.12994e+24
1.40708e+24
1.40711e+24
1.40716e+24
1.40725e+24
1.40737e+24
1.40752e+24
1.40769e+24
1.40789e+24
1.40812e+24
1.40836e+24
1.40863e+24
1.40892e+24
1.40923e+24
1.40955e+24
1.40988e+24
1.41023e+24
1.41059e+24
1.41095e+24
1.41132e+24
1.41169e+24
1.41206e+24
1.41244e+24
1.41281e+24
1.41317e+24
1.41353e+24
1.41388e+24
1.41422e+24
1.41456e+24
1.41488e+24
1.41519e+24
1.40599e+24
1.40602e+24
1.40608e+24
1.40618e+24
1.40631e+24
1.40647e+24
1.40667e+24
1.40689e+24
1.40714e+24
1.40741e+24
1.40771e+24
1.40803e+24
1.40837e+24
1.40872e+24
1.4091e+24
1.40948e+24
1.40987e+24
1.41027e+24
1.41068e+24
1.41109e+24
1.4115e+24
1.41191e+24
1.41232e+24
1.41272e+24
1.41311e+24
1.4135e+24
1.41387e+24
1.41423e+24
1.41458e+24
1.41492e+24
1.4058e+24
1.40583e+24
1.4059e+24
1.406e+24
1.40613e+24
1.4063e+24
1.40649e+24
1.40672e+24
1.40697e+24
1.40725e+24
1.40756e+24
1.40788e+24
1.40823e+24
1.40859e+24
1.40896e+24
1.40935e+24
1.40975e+24
1.41016e+24
1.41058e+24
1.41099e+24
1.41141e+24
1.41183e+24
1.41224e+24
1.41264e+24
1.41304e+24
1.41343e+24
1.41381e+24
1.41418e+24
1.41454e+24
1.41488e+24
1.40573e+24
1.40576e+24
1.40583e+24
1.40593e+24
1.40606e+24
1.40623e+24
1.40643e+24
1.40665e+24
1.40691e+24
1.40719e+24
1.40749e+24
1.40782e+24
1.40817e+24
1.40853e+24
1.40891e+24
1.4093e+24
1.40971e+24
1.41012e+24
1.41053e+24
1.41095e+24
1.41137e+24
1.41179e+24
1.4122e+24
1.41261e+24
1.41301e+24
1.41341e+24
1.41379e+24
1.41416e+24
1.41452e+24
1.41486e+24
1.40555e+24
1.40558e+24
1.40565e+24
1.40575e+24
1.40589e+24
1.40606e+24
1.40626e+24
1.40649e+24
1.40675e+24
1.40704e+24
1.40735e+24
1.40768e+24
1.40803e+24
1.4084e+24
1.40879e+24
1.40919e+24
1.40959e+24
1.41001e+24
1.41043e+24
1.41086e+24
1.41128e+24
1.41171e+24
1.41213e+24
1.41254e+24
1.41295e+24
1.41335e+24
1.41374e+24
1.41411e+24
1.41447e+24
1.41482e+24
1.40433e+24
1.40437e+24
1.40445e+24
1.40456e+24
1.40472e+24
1.40491e+24
1.40514e+24
1.4054e+24
1.40569e+24
1.40601e+24
1.40636e+24
1.40673e+24
1.40713e+24
1.40754e+24
1.40798e+24
1.40842e+24
1.40888e+24
1.40934e+24
1.40981e+24
1.41028e+24
1.41076e+24
1.41122e+24
1.41169e+24
1.41215e+24
1.41259e+24
1.41303e+24
1.41345e+24
1.41386e+24
1.41425e+24
1.41463e+24
1.84225e+24
1.84239e+24
1.84269e+24
1.84314e+24
1.84374e+24
1.84449e+24
1.84537e+24
1.84638e+24
1.84751e+24
1.84875e+24
1.85009e+24
1.85152e+24
1.85303e+24
1.8546e+24
1.85624e+24
1.85791e+24
1.85962e+24
1.86134e+24
1.86308e+24
1.86481e+24
1.86652e+24
1.86821e+24
1.86987e+24
1.87148e+24
1.87305e+24
1.87455e+24
1.876e+24
1.87738e+24
1.87868e+24
1.87991e+24
1.8359e+24
1.83605e+24
1.8364e+24
1.83692e+24
1.83761e+24
1.83847e+24
1.83948e+24
1.84063e+24
1.84193e+24
1.84335e+24
1.84489e+24
1.84652e+24
1.84825e+24
1.85006e+24
1.85192e+24
1.85383e+24
1.85578e+24
1.85775e+24
1.85972e+24
1.86169e+24
1.86364e+24
1.86556e+24
1.86744e+24
1.86927e+24
1.87104e+24
1.87274e+24
1.87437e+24
1.87592e+24
1.87738e+24
1.87876e+24
1.83483e+24
1.83499e+24
1.83534e+24
1.83587e+24
1.83658e+24
1.83745e+24
1.83849e+24
1.83967e+24
1.84099e+24
1.84245e+24
1.84402e+24
1.84569e+24
1.84745e+24
1.8493e+24
1.8512e+24
1.85316e+24
1.85514e+24
1.85715e+24
1.85917e+24
1.86118e+24
1.86317e+24
1.86513e+24
1.86704e+24
1.86891e+24
1.87071e+24
1.87244e+24
1.8741e+24
1.87568e+24
1.87718e+24
1.87858e+24
1.83447e+24
1.83463e+24
1.83498e+24
1.83552e+24
1.83623e+24
1.83711e+24
1.83815e+24
1.83934e+24
1.84067e+24
1.84214e+24
1.84372e+24
1.8454e+24
1.84718e+24
1.84903e+24
1.85095e+24
1.85292e+24
1.85492e+24
1.85694e+24
1.85897e+24
1.86099e+24
1.863e+24
1.86497e+24
1.8669e+24
1.86877e+24
1.87059e+24
1.87233e+24
1.874e+24
1.87559e+24
1.87709e+24
1.87851e+24
1.83374e+24
1.83391e+24
1.83427e+24
1.83481e+24
1.83554e+24
1.83643e+24
1.83749e+24
1.83869e+24
1.84005e+24
1.84153e+24
1.84313e+24
1.84485e+24
1.84665e+24
1.84853e+24
1.85048e+24
1.85247e+24
1.8545e+24
1.85655e+24
1.85861e+24
1.86066e+24
1.86269e+24
1.86469e+24
1.86664e+24
1.86854e+24
1.87038e+24
1.87214e+24
1.87383e+24
1.87544e+24
1.87696e+24
1.87839e+24
1.82812e+24
1.82831e+24
1.82872e+24
1.82934e+24
1.83016e+24
1.83117e+24
1.83237e+24
1.83374e+24
1.83527e+24
1.83695e+24
1.83876e+24
1.84069e+24
1.84272e+24
1.84484e+24
1.84703e+24
1.84927e+24
1.85154e+24
1.85383e+24
1.85613e+24
1.85841e+24
1.86066e+24
1.86287e+24
1.86503e+24
1.86713e+24
1.86915e+24
1.87108e+24
1.87292e+24
1.87467e+24
1.87632e+24
1.87786e+24
2.32829e+24
2.32913e+24
2.33099e+24
2.3338e+24
2.33751e+24
2.3421e+24
2.34752e+24
2.35373e+24
2.36066e+24
2.36826e+24
2.37645e+24
2.38516e+24
2.39433e+24
2.40386e+24
2.41367e+24
2.42369e+24
2.43383e+24
2.44401e+24
2.45414e+24
2.46417e+24
2.474e+24
2.48358e+24
2.49284e+24
2.50174e+24
2.51023e+24
2.51827e+24
2.52583e+24
2.53289e+24
2.53943e+24
2.54546e+24
2.29271e+24
2.29368e+24
2.2958e+24
2.29901e+24
2.30326e+24
2.30851e+24
2.31471e+24
2.32181e+24
2.32974e+24
2.33844e+24
2.34781e+24
2.35779e+24
2.36828e+24
2.37919e+24
2.39042e+24
2.40189e+24
2.41349e+24
2.42514e+24
2.43673e+24
2.44819e+24
2.45942e+24
2.47036e+24
2.48093e+24
2.49107e+24
2.50074e+24
2.50988e+24
2.51846e+24
2.52647e+24
2.53388e+24
2.54069e+24
2.28756e+24
2.28854e+24
2.29071e+24
2.29398e+24
2.29831e+24
2.30366e+24
2.30998e+24
2.31721e+24
2.32529e+24
2.33415e+24
2.3437e+24
2.35387e+24
2.36455e+24
2.37567e+24
2.38712e+24
2.3988e+24
2.41062e+24
2.42248e+24
2.43429e+24
2.44596e+24
2.4574e+24
2.46853e+24
2.4793e+24
2.48962e+24
2.49945e+24
2.50875e+24
2.51748e+24
2.52562e+24
2.53315e+24
2.54007e+24
2.28469e+24
2.28569e+24
2.28788e+24
2.29117e+24
2.29555e+24
2.30095e+24
2.30733e+24
2.31463e+24
2.32279e+24
2.33173e+24
2.34138e+24
2.35164e+24
2.36243e+24
2.37366e+24
2.38522e+24
2.39701e+24
2.40895e+24
2.42093e+24
2.43285e+24
2.44463e+24
2.45619e+24
2.46743e+24
2.4783e+24
2.48872e+24
2.49865e+24
2.50804e+24
2.51686e+24
2.52507e+24
2.53267e+24
2.53966e+24
2.27135e+24
2.2724e+24
2.27469e+24
2.27815e+24
2.28274e+24
2.2884e+24
2.2951e+24
2.30276e+24
2.31132e+24
2.32071e+24
2.33083e+24
2.3416e+24
2.35292e+24
2.3647e+24
2.37683e+24
2.38921e+24
2.40172e+24
2.41428e+24
2.42678e+24
2.43912e+24
2.45121e+24
2.46297e+24
2.47433e+24
2.48521e+24
2.49557e+24
2.50536e+24
2.51454e+24
2.52308e+24
2.53098e+24
2.53823e+24
2.13555e+24
2.13687e+24
2.13978e+24
2.14417e+24
2.15e+24
2.15722e+24
2.16577e+24
2.17559e+24
2.18662e+24
2.19875e+24
2.21195e+24
2.22692e+24
2.24344e+24
2.26125e+24
2.28006e+24
2.29962e+24
2.31966e+24
2.33992e+24
2.36015e+24
2.38012e+24
2.39961e+24
2.41843e+24
2.43641e+24
2.45342e+24
2.46936e+24
2.48414e+24
2.49772e+24
2.51007e+24
2.5212e+24
2.53115e+24
6.1233e+23
6.08316e+23
6.00573e+23
5.89397e+23
5.75079e+23
5.57901e+23
5.38125e+23
5.15992e+23
4.9172e+23
4.65515e+23
4.37592e+23
4.08218e+23
3.77783e+23
3.46906e+23
3.16593e+23
2.88426e+23
2.64784e+23
2.48994e+23
2.45311e+23
2.58633e+23
2.94178e+23
3.57555e+23
4.55711e+23
5.98936e+23
8.03935e+23
1.09814e+24
1.5259e+24
2.1559e+24
3.07191e+24
4.30246e+24
5.81462e+23
5.77936e+23
5.71156e+23
5.61423e+23
5.49035e+23
5.34276e+23
5.174e+23
4.98613e+23
4.78068e+23
4.55862e+23
4.32055e+23
4.06716e+23
3.8002e+23
3.52403e+23
3.24781e+23
2.98854e+23
2.77432e+23
2.64698e+23
2.66218e+23
2.88569e+23
3.38853e+23
4.24834e+23
5.56399e+23
7.48464e+23
1.02499e+24
1.42392e+24
2.00283e+24
2.83814e+24
3.98373e+24
5.36932e+24
5.7341e+23
5.69973e+23
5.63364e+23
5.53876e+23
5.418e+23
5.2741e+23
5.10951e+23
4.92621e+23
4.7256e+23
4.50855e+23
4.27556e+23
4.02726e+23
3.76541e+23
3.49451e+23
3.22406e+23
2.97164e+23
2.76615e+23
2.65041e+23
2.68099e+23
2.92438e+23
3.45226e+23
4.34352e+23
5.69981e+23
7.67529e+23
1.05171e+24
1.46148e+24
2.05545e+24
2.9096e+24
4.07223e+24
5.46252e+24
5.79226e+23
5.75729e+23
5.69006e+23
5.59354e+23
5.47071e+23
5.32439e+23
5.1571e+23
4.97089e+23
4.76728e+23
4.54719e+23
4.31117e+23
4.05985e+23
3.79488e+23
3.52045e+23
3.24555e+23
2.98694e+23
2.77242e+23
2.64354e+23
2.65566e+23
2.87436e+23
3.37047e+23
4.22119e+23
5.52449e+23
7.42797e+23
1.0169e+24
1.41243e+24
1.98668e+24
2.81597e+24
3.95541e+24
5.3378e+24
5.41612e+23
5.38458e+23
5.32389e+23
5.23664e+23
5.12535e+23
4.99239e+23
4.83978e+23
4.66907e+23
4.48127e+23
4.27696e+23
4.05661e+23
3.82127e+23
3.57386e+23
3.32104e+23
3.07585e+23
2.86082e+23
2.71105e+23
2.67559e+23
2.81577e+23
3.20058e+23
3.90441e+23
5.01477e+23
6.65405e+23
9.0134e+23
1.23954e+24
1.72631e+24
2.42724e+24
3.41165e+24
4.68153e+24
6.08521e+24
6.33661e+23
6.29023e+23
6.20745e+23
6.09624e+23
5.96193e+23
5.80889e+23
5.64126e+23
5.46309e+23
5.27811e+23
5.08926e+23
4.89803e+23
4.70376e+23
4.50309e+23
4.29021e+23
4.05836e+23
3.8038e+23
3.53247e+23
3.26936e+23
3.06895e+23
3.02273e+23
3.25717e+23
3.9199e+23
5.17127e+23
7.21031e+23
1.03394e+24
1.50418e+24
2.2036e+24
3.22226e+24
4.61365e+24
6.24932e+24
6.39087e+23
6.33828e+23
6.24959e+23
6.13431e+23
5.99753e+23
5.84314e+23
5.67503e+23
5.49723e+23
5.31375e+23
5.12798e+23
4.94202e+23
4.7559e+23
4.56677e+23
4.36873e+23
4.15388e+23
3.91557e+23
3.65483e+23
3.38985e+23
3.1674e+23
3.07264e+23
3.23077e+23
3.79489e+23
4.932e+23
6.83844e+23
9.79894e+23
1.42653e+24
2.09144e+24
3.06179e+24
4.40218e+24
6.02094e+24
6.38043e+23
6.3276e+23
6.23882e+23
6.12363e+23
5.9871e+23
5.83309e+23
5.66546e+23
5.48827e+23
5.30551e+23
5.12061e+23
4.93574e+23
4.75093e+23
4.56338e+23
4.36719e+23
4.15436e+23
3.91808e+23
3.6591e+23
3.39529e+23
3.1731e+23
3.07756e+23
3.23404e+23
3.79631e+23
4.93226e+23
6.83907e+23
9.80208e+23
1.42737e+24
2.0931e+24
3.06444e+24
4.40558e+24
6.02444e+24
6.41303e+23
6.35865e+23
6.2682e+23
6.15146e+23
6.01343e+23
5.85787e+23
5.68857e+23
5.50959e+23
5.32494e+23
5.13815e+23
4.95148e+23
4.76512e+23
4.57643e+23
4.37963e+23
4.16671e+23
3.93061e+23
3.67143e+23
3.40593e+23
3.17906e+23
3.07413e+23
3.21521e+23
3.75564e+23
4.86311e+23
6.73308e+23
9.64641e+23
1.40486e+24
2.061e+24
3.02003e+24
4.34916e+24
5.96453e+24
6.45621e+23
6.40025e+23
6.30799e+23
6.18945e+23
6.04954e+23
5.89193e+23
5.72035e+23
5.53884e+23
5.35146e+23
5.16178e+23
4.97218e+23
4.783e+23
4.59178e+23
4.39292e+23
4.17848e+23
3.94123e+23
3.68075e+23
3.41272e+23
3.18043e+23
3.06518e+23
3.18912e+23
3.7043e+23
4.77726e+23
6.60053e+23
9.44884e+23
1.37588e+24
2.01919e+24
2.96181e+24
4.27481e+24
5.88485e+24
6.16e+23
6.11456e+23
6.03452e+23
5.92792e+23
5.79998e+23
5.65496e+23
5.49697e+23
5.33012e+23
5.15822e+23
4.98431e+23
4.80993e+23
4.63433e+23
4.45386e+23
4.26198e+23
4.05091e+23
3.81569e+23
3.56135e+23
3.31307e+23
3.12736e+23
3.10023e+23
3.36531e+23
4.07955e+23
5.41465e+23
7.58476e+23
1.09135e+24
1.59099e+24
2.33095e+24
3.39794e+24
4.82818e+24
6.46465e+24
7.21902e+23
6.61848e+23
6.34351e+23
6.17688e+23
6.02699e+23
5.86813e+23
5.69687e+23
5.51656e+23
5.33308e+23
5.15319e+23
4.98371e+23
4.8305e+23
4.69706e+23
4.58261e+23
4.47968e+23
4.37258e+23
4.23924e+23
4.06079e+23
3.84128e+23
3.63535e+23
3.57488e+23
3.8792e+23
4.83312e+23
6.75664e+23
1.00418e+24
1.52632e+24
2.3245e+24
3.49212e+24
5.06885e+24
6.88078e+24
7.53099e+23
6.6843e+23
6.35259e+23
6.17929e+23
6.03034e+23
5.87233e+23
5.70115e+23
5.52028e+23
5.3358e+23
5.15481e+23
4.98454e+23
4.83156e+23
4.70042e+23
4.59181e+23
4.49998e+23
4.41057e+23
4.30102e+23
4.14814e+23
3.94652e+23
3.73695e+23
3.6364e+23
3.85509e+23
4.68122e+23
6.44464e+23
9.53359e+23
1.44968e+24
2.21254e+24
3.33431e+24
4.86544e+24
6.66794e+24
7.60343e+23
6.71643e+23
6.37516e+23
6.20019e+23
6.05049e+23
5.89151e+23
5.71904e+23
5.53661e+23
5.35031e+23
5.16727e+23
4.99481e+23
4.83957e+23
4.70627e+23
4.59581e+23
4.50277e+23
4.41306e+23
4.3043e+23
4.15288e+23
3.95223e+23
3.74107e+23
3.63381e+23
3.83843e+23
4.64222e+23
6.37496e+23
9.42314e+23
1.43313e+24
2.18873e+24
3.30206e+24
4.82616e+24
6.62872e+24
7.68775e+23
6.75686e+23
6.405e+23
6.2281e+23
6.07752e+23
5.91742e+23
5.7435e+23
5.5593e+23
5.37095e+23
5.1856e+23
5.01063e+23
4.85277e+23
4.7169e+23
4.60417e+23
4.50947e+23
4.41914e+23
4.31097e+23
4.161e+23
3.96122e+23
3.74764e+23
3.63107e+23
3.81585e+23
4.5872e+23
6.27385e+23
9.25857e+23
1.40775e+24
2.151e+24
3.24882e+24
4.75823e+24
6.55758e+24
7.22279e+23
6.53521e+23
6.2462e+23
6.0816e+23
5.93572e+23
5.781e+23
5.61412e+23
5.43868e+23
5.26069e+23
5.08714e+23
4.92506e+23
4.78062e+23
4.65775e+23
4.55607e+23
4.4684e+23
4.37878e+23
4.264e+23
4.10296e+23
3.89705e+23
3.69922e+23
3.64239e+23
3.95142e+23
4.92169e+23
6.88667e+23
1.02521e+24
1.56049e+24
2.37742e+24
3.5668e+24
5.15948e+24
6.96888e+24
1.13242e+24
7.06717e+23
6.26751e+23
6.07908e+23
5.94751e+23
5.79606e+23
5.6244e+23
5.43875e+23
5.24713e+23
5.05855e+23
4.88261e+23
4.72918e+23
4.60776e+23
4.52622e+23
4.48818e+23
4.4883e+23
4.50655e+23
4.50597e+23
4.44346e+23
4.30422e+23
4.15822e+23
4.21602e+23
4.84899e+23
6.54395e+23
9.85496e+23
1.54809e+24
2.43608e+24
3.74515e+24
5.48789e+24
7.42661e+24
1.29165e+24
7.28959e+23
6.32976e+23
6.12684e+23
5.99605e+23
5.84369e+23
5.66956e+23
5.48019e+23
5.28374e+23
5.08936e+23
4.90685e+23
4.74635e+23
4.61794e+23
4.53058e+23
4.48993e+23
4.49413e+23
4.52737e+23
4.55539e+23
4.53125e+23
4.42378e+23
4.27285e+23
4.25295e+23
4.70985e+23
6.13126e+23
9.07917e+23
1.42258e+24
2.24625e+24
3.47629e+24
5.14818e+24
7.08412e+24
1.31106e+24
7.31557e+23
6.33835e+23
6.13395e+23
6.00298e+23
5.85013e+23
5.67533e+23
5.48514e+23
5.28775e+23
5.09234e+23
4.90872e+23
4.7471e+23
4.6176e+23
4.52934e+23
4.48829e+23
4.49304e+23
4.52844e+23
4.56068e+23
4.54244e+23
4.4405e+23
4.29081e+23
4.26311e+23
4.69981e+23
6.08917e+23
8.996e+23
1.40917e+24
2.22634e+24
3.44852e+24
5.11308e+24
7.04796e+24
1.33211e+24
7.38369e+23
6.38487e+23
6.17741e+23
6.045e+23
5.89023e+23
5.71306e+23
5.52008e+23
5.3195e+23
5.12052e+23
4.93296e+23
4.76706e+23
4.633e+23
4.53997e+23
4.49419e+23
4.49474e+23
4.52722e+23
4.55864e+23
4.54181e+23
4.44168e+23
4.28941e+23
4.24747e+23
4.65063e+23
5.98224e+23
8.80365e+23
1.37782e+24
2.17838e+24
3.38049e+24
5.02757e+24
6.96099e+24
1.1485e+24
6.98588e+23
6.17973e+23
5.99537e+23
5.86671e+23
5.71798e+23
5.54948e+23
5.36764e+23
5.18058e+23
4.99739e+23
4.82778e+23
4.68177e+23
4.5691e+23
4.49805e+23
4.4728e+23
4.48864e+23
4.52565e+23
4.54588e+23
4.50359e+23
4.38046e+23
4.24422e+23
4.30769e+23
4.95185e+23
6.68075e+23
1.0068e+24
1.58264e+24
2.48922e+24
3.81808e+24
5.57181e+24
7.50209e+24
1.90297e+24
7.84734e+23
6.38398e+23
6.1346e+23
6.00459e+23
5.84739e+23
5.66424e+23
5.46298e+23
5.25269e+23
5.0434e+23
4.84593e+23
4.67186e+23
4.53338e+23
4.4429e+23
4.41203e+23
4.44858e+23
4.54934e+23
4.6882e+23
4.80872e+23
4.84172e+23
4.76639e+23
4.71058e+23
5.0405e+23
6.37012e+23
9.46118e+23
1.5176e+24
2.4548e+24
3.85319e+24
5.7032e+24
7.72957e+24
2.19925e+24
8.18654e+23
6.45189e+23
6.16921e+23
6.03851e+23
5.88039e+23
5.69489e+23
5.48994e+23
5.27468e+23
5.05915e+23
4.85422e+23
4.67159e+23
4.52364e+23
4.4233e+23
4.3833e+23
4.41412e+23
4.51817e+23
4.67811e+23
4.84429e+23
4.94176e+23
4.91964e+23
4.84954e+23
5.03379e+23
6.05118e+23
8.67835e+23
1.37885e+24
2.23891e+24
3.54691e+24
5.31889e+24
7.34424e+24
2.20319e+24
8.21186e+23
6.47312e+23
6.18926e+23
6.05727e+23
5.89755e+23
5.71025e+23
5.50333e+23
5.28593e+23
5.06811e+23
4.86076e+23
4.67555e+23
4.52493e+23
4.42186e+23
4.3792e+23
4.40769e+23
4.51035e+23
4.67081e+23
4.84026e+23
4.94344e+23
4.92692e+23
4.85734e+23
5.03125e+23
6.02408e+23
8.6141e+23
1.3678e+24
2.2226e+24
3.52548e+24
5.29405e+24
7.32045e+24
2.23815e+24
8.2758e+23
6.49938e+23
6.21044e+23
6.07779e+23
5.9173e+23
5.72893e+23
5.52067e+23
5.30167e+23
5.08199e+23
4.87252e+23
4.68495e+23
4.53173e+23
4.42585e+23
4.38028e+23
4.40598e+23
4.50658e+23
4.66679e+23
4.83899e+23
4.94788e+23
4.93703e+23
4.86618e+23
5.0228e+23
5.97513e+23
8.50008e+23
1.3474e+24
2.19041e+24
3.47958e+24
5.23666e+24
7.26244e+24
2.25589e+24
8.33646e+23
6.53767e+23
6.24531e+23
6.11117e+23
5.9489e+23
5.75847e+23
5.54791e+23
5.32638e+23
5.10395e+23
4.89154e+23
4.70084e+23
4.54429e+23
4.43492e+23
4.38571e+23
4.40784e+23
4.50542e+23
4.66428e+23
4.83811e+23
4.95182e+23
4.94597e+23
4.87269e+23
5.00864e+23
5.91277e+23
8.35876e+23
1.32206e+24
2.14985e+24
3.42052e+24
5.16119e+24
7.18469e+24
2.02048e+24
7.96321e+23
6.4054e+23
6.14486e+23
6.01317e+23
5.85378e+23
5.66795e+23
5.46365e+23
5.25006e+23
5.03725e+23
4.83612e+23
4.65837e+23
4.51633e+23
4.42281e+23
4.39021e+23
4.42811e+23
4.53681e+23
4.69502e+23
4.84896e+23
4.92417e+23
4.88163e+23
4.81993e+23
5.0776e+23
6.26244e+23
9.15802e+23
1.46421e+24
2.37383e+24
3.74061e+24
5.56336e+24
7.59112e+24
2.69704e+24
8.70933e+23
6.52824e+23
6.19074e+23
6.05541e+23
5.89215e+23
5.69944e+23
5.48569e+23
5.26039e+23
5.03395e+23
4.81768e+23
4.62383e+23
4.46559e+23
4.35721e+23
4.31378e+23
4.35032e+23
4.47815e+23
4.69408e+23
4.95968e+23
5.1895e+23
5.29003e+23
5.27026e+23
5.39604e+23
6.29506e+23
8.90125e+23
1.42761e+24
2.35521e+24
3.77074e+24
5.65923e+24
7.74528e+24
2.97799e+24
9.15786e+23
6.61586e+23
6.23317e+23
6.09605e+23
5.93236e+23
5.73796e+23
5.52129e+23
5.29184e+23
5.05997e+23
4.83698e+23
4.63506e+23
4.4674e+23
4.34827e+23
4.293e+23
4.31744e+23
4.43551e+23
4.65074e+23
4.9366e+23
5.21602e+23
5.38362e+23
5.40322e+23
5.4665e+23
6.13008e+23
8.30907e+23
1.30919e+24
2.16184e+24
3.49187e+24
5.30948e+24
7.39324e+24
2.98814e+24
9.20647e+23
6.64672e+23
6.26091e+23
6.12238e+23
5.95702e+23
5.76073e+23
5.54195e+23
5.31019e+23
5.07585e+23
4.85022e+23
4.64549e+23
4.47485e+23
4.35258e+23
4.294e+23
4.31501e+23
4.42977e+23
4.64254e+23
4.92829e+23
5.21132e+23
5.38534e+23
5.40921e+23
5.4658e+23
6.10269e+23
8.23144e+23
1.29433e+24
2.13809e+24
3.45845e+24
5.26893e+24
7.3536e+24
2.98819e+24
9.23393e+23
6.67592e+23
6.2894e+23
6.14924e+23
5.98185e+23
5.78334e+23
5.5622e+23
5.32796e+23
5.09104e+23
4.86272e+23
4.65523e+23
4.48175e+23
4.35658e+23
4.29506e+23
4.31318e+23
4.42538e+23
4.63671e+23
4.92379e+23
5.21258e+23
5.39576e+23
5.42606e+23
5.47482e+23
6.07693e+23
8.1382e+23
1.27528e+24
2.10643e+24
3.41189e+24
5.20892e+24
7.2906e+24
2.76398e+24
8.84517e+23
6.58883e+23
6.24061e+23
6.10205e+23
5.93518e+23
5.73835e+23
5.52007e+23
5.28989e+23
5.05827e+23
4.83656e+23
4.63703e+23
4.47294e+23
4.35857e+23
4.30916e+23
4.34015e+23
4.46413e+23
4.68099e+23
4.95731e+23
5.21012e+23
5.339e+23
5.33247e+23
5.42646e+23
6.22471e+23
8.66179e+23
1.38147e+24
2.28185e+24
3.66717e+24
5.53231e+24
7.6218e+24
3.13857e+24
9.32247e+23
6.64028e+23
6.23936e+23
6.09849e+23
5.9309e+23
5.73196e+23
5.51029e+23
5.27554e+23
5.03828e+23
4.81e+23
4.60314e+23
4.43127e+23
4.30918e+23
4.25307e+23
4.28031e+23
4.40778e+23
4.6446e+23
4.97179e+23
5.3135e+23
5.54912e+23
5.6163e+23
5.6915e+23
6.35972e+23
8.62656e+23
1.37034e+24
2.28232e+24
3.69987e+24
5.6066e+24
7.7261e+24
3.40132e+24
9.93311e+23
6.77067e+23
6.31133e+23
6.16706e+23
5.99836e+23
5.79685e+23
5.57113e+23
5.33084e+23
5.08652e+23
4.84962e+23
4.63254e+23
4.44875e+23
4.313e+23
4.24146e+23
4.25176e+23
4.36194e+23
4.58555e+23
4.91514e+23
5.2912e+23
5.59376e+23
5.72335e+23
5.77454e+23
6.23176e+23
8.0425e+23
1.24376e+24
2.06797e+24
3.38562e+24
5.21004e+24
7.32425e+24
3.42886e+24
1.00091e+24
6.79156e+23
6.32545e+23
6.18041e+23
6.01111e+23
5.80878e+23
5.58203e+23
5.3405e+23
5.09474e+23
4.8562e+23
4.63725e+23
4.4514e+23
4.31337e+23
4.23937e+23
4.24707e+23
4.35474e+23
4.57649e+23
4.90629e+23
5.28675e+23
5.59819e+23
5.73669e+23
5.78686e+23
6.22068e+23
7.97841e+23
1.22946e+24
2.04386e+24
3.35075e+24
5.16636e+24
7.27936e+24
3.43586e+24
1.00603e+24
6.82983e+23
6.36105e+23
6.2144e+23
6.0431e+23
5.83852e+23
5.6093e+23
5.3651e+23
5.1165e+23
4.87494e+23
4.65282e+23
4.46363e+23
4.32208e+23
4.24436e+23
4.24812e+23
4.35166e+23
4.56941e+23
4.8966e+23
5.27819e+23
5.59563e+23
5.74115e+23
5.78826e+23
6.193e+23
7.88292e+23
1.20907e+24
2.00876e+24
3.29808e+24
5.09817e+24
7.20791e+24
3.18776e+24
9.46241e+23
6.70675e+23
6.29521e+23
6.15133e+23
5.98041e+23
5.77761e+23
5.5516e+23
5.31209e+23
5.06966e+23
4.83583e+23
4.62307e+23
4.44494e+23
4.31623e+23
4.25315e+23
4.27319e+23
4.39368e+23
4.62544e+23
4.95365e+23
5.30754e+23
5.56515e+23
5.6498e+23
5.70994e+23
6.29972e+23
8.4113e+23
1.32661e+24
2.21062e+24
3.59721e+24
5.48032e+24
7.60263e+24
3.29385e+24
9.5543e+23
6.67568e+23
6.2508e+23
6.10788e+23
5.9391e+23
5.73854e+23
5.51481e+23
5.27755e+23
5.03726e+23
4.80539e+23
4.59431e+23
4.41754e+23
4.28987e+23
4.22758e+23
4.24843e+23
4.37057e+23
4.6069e+23
4.94698e+23
5.32457e+23
5.61467e+23
5.72598e+23
5.78409e+23
6.32502e+23
8.34542e+23
1.30954e+24
2.18417e+24
3.56424e+24
5.44654e+24
7.57711e+24
3.58653e+24
1.03547e+24
6.84376e+23
6.34381e+23
6.19624e+23
6.02606e+23
5.82231e+23
5.59355e+23
5.34939e+23
5.1003e+23
4.85763e+23
4.6337e+23
4.44188e+23
4.29687e+23
4.21486e+23
4.21379e+23
4.31283e+23
4.52901e+23
4.86412e+23
5.2735e+23
5.6411e+23
5.83954e+23
5.89883e+23
6.22307e+23
7.7143e+23
1.16335e+24
1.92958e+24
3.18468e+24
4.95899e+24
7.06842e+24
3.60878e+24
1.04416e+24
6.86815e+23
6.36051e+23
6.21211e+23
6.04134e+23
5.83674e+23
5.6069e+23
5.3614e+23
5.11073e+23
4.86623e+23
4.64019e+23
4.44599e+23
4.29829e+23
4.21328e+23
4.20889e+23
4.30442e+23
4.51733e+23
4.85063e+23
5.26192e+23
5.63658e+23
5.84427e+23
5.9065e+23
6.21532e+23
7.66366e+23
1.15138e+24
1.90893e+24
3.1548e+24
4.92208e+24
7.03084e+24
3.63082e+24
1.05359e+24
6.89757e+23
6.38191e+23
6.23248e+23
6.06089e+23
5.85523e+23
5.62407e+23
5.37703e+23
5.12457e+23
4.87804e+23
4.64974e+23
4.45301e+23
4.30251e+23
4.2144e+23
4.20663e+23
4.29853e+23
4.50789e+23
4.83881e+23
5.25128e+23
5.63246e+23
5.84926e+23
5.91366e+23
6.20287e+23
7.59688e+23
1.13563e+24
1.88105e+24
3.11275e+24
4.86745e+24
6.97252e+24
3.66794e+24
1.06794e+24
6.92018e+23
6.39143e+23
6.24159e+23
6.07038e+23
5.86486e+23
5.63359e+23
5.38617e+23
5.13307e+23
4.88563e+23
4.65613e+23
4.45791e+23
4.3056e+23
4.21536e+23
4.20512e+23
4.29426e+23
4.50081e+23
4.82991e+23
5.24386e+23
5.63196e+23
5.85854e+23
5.92533e+23
6.19252e+23
7.524e+23
1.11762e+24
1.84822e+24
3.06174e+24
4.7989e+24
6.89675e+24
3.48914e+24
1.01079e+24
6.83147e+23
6.3573e+23
6.20982e+23
6.03791e+23
5.8327e+23
5.60282e+23
5.35789e+23
5.10842e+23
4.86581e+23
4.64241e+23
4.45162e+23
4.30814e+23
4.22816e+23
4.2295e+23
4.33096e+23
4.54838e+23
4.88017e+23
5.27528e+23
5.61408e+23
5.77842e+23
5.82532e+23
6.19787e+23
7.82725e+23
1.19689e+24
1.99187e+24
3.28076e+24
5.08739e+24
7.20994e+24
3.31605e+24
9.72197e+23
6.75317e+23
6.31627e+23
6.17158e+23
6.00119e+23
5.79865e+23
5.57249e+23
5.33222e+23
5.08822e+23
4.85173e+23
4.63493e+23
4.45102e+23
4.31438e+23
4.24079e+23
4.24736e+23
4.35159e+23
4.56663e+23
4.88541e+23
5.25052e+23
5.54475e+23
5.66712e+23
5.69918e+23
6.09562e+23
7.76013e+23
1.18779e+24
1.96756e+24
3.22633e+24
4.99569e+24
7.0934e+24
3.57054e+24
1.04481e+24
6.90203e+23
6.39681e+23
6.24818e+23
6.07691e+23
5.87189e+23
5.64161e+23
5.39554e+23
5.14403e+23
4.89825e+23
4.6703e+23
4.47326e+23
4.32146e+23
4.23062e+23
4.21802e+23
4.30208e+23
4.49925e+23
4.81224e+23
5.20159e+23
5.55997e+23
5.76059e+23
5.80877e+23
6.04719e+23
7.28928e+23
1.07179e+24
1.76002e+24
2.90993e+24
4.57609e+24
6.63117e+24
3.61787e+24
1.06448e+24
6.92711e+23
6.403e+23
6.2543e+23
6.08426e+23
5.88013e+23
5.65037e+23
5.40444e+23
5.15266e+23
4.90619e+23
4.67707e+23
4.4784e+23
4.32444e+23
4.23088e+23
4.21499e+23
4.29521e+23
4.48828e+23
4.7979e+23
5.18666e+23
5.54896e+23
5.75618e+23
5.80625e+23
6.02974e+23
7.22831e+23
1.05809e+24
1.73579e+24
2.87329e+24
4.52852e+24
6.58022e+24
3.65296e+24
1.07899e+24
6.94359e+23
6.40581e+23
6.2569e+23
6.0876e+23
5.884e+23
5.65454e+23
5.40865e+23
5.15665e+23
4.90966e+23
4.67975e+23
4.47997e+23
4.32457e+23
4.22924e+23
4.21128e+23
4.2892e+23
4.48005e+23
4.78854e+23
5.17942e+23
5.54898e+23
5.76636e+23
5.82056e+23
6.0271e+23
7.17302e+23
1.04334e+24
1.70831e+24
2.83004e+24
4.46908e+24
6.5115e+24
3.47803e+24
1.02305e+24
6.87994e+23
6.39675e+23
6.24965e+23
6.07873e+23
5.87435e+23
5.64497e+23
5.40008e+23
5.15002e+23
4.90596e+23
4.67999e+23
4.4852e+23
4.33586e+23
4.2476e+23
4.23751e+23
4.32346e+23
4.52043e+23
4.82707e+23
5.19638e+23
5.51681e+23
5.67262e+23
5.70109e+23
5.99076e+23
7.38881e+23
1.1069e+24
1.82708e+24
3.01493e+24
4.72057e+24
6.79903e+24
3.06637e+24
9.36042e+23
6.69815e+23
6.30033e+23
6.16001e+23
5.99334e+23
5.79586e+23
5.57584e+23
5.34252e+23
5.10598e+23
4.87713e+23
4.6677e+23
4.49037e+23
4.3588e+23
4.28763e+23
4.29224e+23
4.38702e+23
4.57947e+23
4.85413e+23
5.14903e+23
5.35954e+23
5.41143e+23
5.40362e+23
5.76049e+23
7.27969e+23
1.09849e+24
1.7954e+24
2.92609e+24
4.54978e+24
6.5591e+24
3.33392e+24
1.00388e+24
6.8619e+23
6.40019e+23
6.256e+23
6.08768e+23
5.88679e+23
5.66155e+23
5.42119e+23
5.17572e+23
4.93597e+23
4.7136e+23
4.52116e+23
4.37223e+23
4.28147e+23
4.26456e+23
4.33725e+23
4.51127e+23
4.78172e+23
5.10231e+23
5.37315e+23
5.49296e+23
5.49023e+23
5.69117e+23
6.8167e+23
9.88667e+23
1.60041e+24
2.62681e+24
4.14417e+24
6.09168e+24
3.40027e+24
1.02205e+24
6.87238e+23
6.39169e+23
6.2481e+23
6.08176e+23
5.88258e+23
5.65875e+23
5.41946e+23
5.1747e+23
4.93528e+23
4.71284e+23
4.51993e+23
4.37012e+23
4.27808e+23
4.25957e+23
4.33045e+23
4.50289e+23
4.77294e+23
5.09595e+23
5.37276e+23
5.49969e+23
5.49829e+23
5.68449e+23
6.77029e+23
9.77407e+23
1.58019e+24
2.59562e+24
4.10158e+24
6.04186e+24
3.44625e+24
1.03917e+24
6.89951e+23
6.40276e+23
6.25911e+23
6.09369e+23
5.89512e+23
5.67156e+23
5.43216e+23
5.18693e+23
4.94665e+23
4.72296e+23
4.52837e+23
4.37644e+23
4.28183e+23
4.26022e+23
4.32753e+23
4.49614e+23
4.76304e+23
5.08548e+23
5.36583e+23
5.49859e+23
5.49783e+23
5.66658e+23
6.70348e+23
9.62055e+23
1.55229e+24
2.55138e+24
4.0397e+24
5.96841e+24
3.21984e+24
9.84264e+23
6.84948e+23
6.40959e+23
6.2672e+23
6.09968e+23
5.89983e+23
5.67586e+23
5.43695e+23
5.19313e+23
4.95524e+23
4.73494e+23
4.54478e+23
4.39827e+23
4.30993e+23
4.29503e+23
4.36825e+23
4.53856e+23
4.79491e+23
5.08253e+23
5.30011e+23
5.36278e+23
5.33717e+23
5.59799e+23
6.89527e+23
1.02294e+24
1.66694e+24
2.73129e+24
4.29048e+24
6.27068e+24
2.50845e+24
8.53409e+23
6.4984e+23
6.18045e+23
6.04964e+23
5.8928e+23
5.70844e+23
5.50418e+23
5.28869e+23
5.07147e+23
4.86273e+23
4.67343e+23
4.5152e+23
4.40034e+23
4.34152e+23
4.35085e+23
4.43671e+23
4.59552e+23
4.79704e+23
4.97508e+23
5.04988e+23
5.00062e+23
4.97705e+23
5.39243e+23
6.9205e+23
1.03702e+24
1.66198e+24
2.66526e+24
4.12421e+24
5.99619e+24
2.85961e+24
9.28333e+23
6.7478e+23
6.36496e+23
6.22891e+23
6.06745e+23
5.87592e+23
5.66199e+23
5.43438e+23
5.20257e+23
4.97681e+23
4.76802e+23
4.58786e+23
4.44865e+23
4.36327e+23
4.34448e+23
4.40293e+23
4.54111e+23
4.7402e+23
4.94513e+23
5.07225e+23
5.06466e+23
4.9982e+23
5.1947e+23
6.26377e+23
9.00612e+23
1.42894e+24
2.30737e+24
3.62628e+24
5.39398e+24
2.91847e+24
9.37826e+23
6.75077e+23
6.35698e+23
6.22149e+23
6.0612e+23
5.87063e+23
5.65744e+23
5.43031e+23
5.19874e+23
4.97294e+23
4.76384e+23
4.58309e+23
4.44305e+23
4.35663e+23
4.33676e+23
4.39438e+23
4.53263e+23
4.73383e+23
4.9439e+23
5.07881e+23
5.07867e+23
5.0135e+23
5.19842e+23
6.23921e+23
8.93901e+23
1.417e+24
2.28946e+24
3.60212e+24
5.36475e+24
2.94387e+24
9.45609e+23
6.78098e+23
6.38066e+23
6.24427e+23
6.08311e+23
5.89139e+23
5.67679e+23
5.44799e+23
5.21449e+23
4.9865e+23
4.77494e+23
4.59148e+23
4.44845e+23
4.35881e+23
4.33554e+23
4.3898e+23
4.52531e+23
4.72547e+23
4.93749e+23
5.07739e+23
5.08245e+23
5.01616e+23
5.18491e+23
6.18759e+23
8.82612e+23
1.39733e+24
2.25911e+24
3.55984e+24
5.31304e+24
3.0169e+24
9.61514e+23
6.8011e+23
6.38453e+23
6.24872e+23
6.08909e+23
5.89859e+23
5.68486e+23
5.45659e+23
5.22324e+23
4.99502e+23
4.78284e+23
4.59835e+23
4.45389e+23
4.36241e+23
4.33693e+23
4.38877e+23
4.52207e+23
4.72127e+23
4.9349e+23
5.07927e+23
5.08891e+23
5.02008e+23
5.16867e+23
6.12405e+23
8.68436e+23
1.37198e+24
2.21864e+24
3.50114e+24
5.23829e+24
2.80975e+24
9.23134e+23
6.75002e+23
6.37363e+23
6.23846e+23
6.07781e+23
5.88714e+23
5.67409e+23
5.44733e+23
5.21634e+23
4.99132e+23
4.78318e+23
4.60355e+23
4.46468e+23
4.37931e+23
4.35991e+23
4.41643e+23
4.54985e+23
4.73883e+23
4.92621e+23
5.02987e+23
5.00058e+23
4.92799e+23
5.14832e+23
6.2761e+23
9.10069e+23
1.44767e+24
2.3367e+24
3.66823e+24
5.44888e+24
1.77424e+24
7.79395e+23
6.39718e+23
6.15138e+23
6.02528e+23
5.87649e+23
5.70402e+23
5.51426e+23
5.31495e+23
5.11466e+23
4.92258e+23
4.74838e+23
4.60205e+23
4.49354e+23
4.43185e+23
4.42298e+23
4.46535e+23
4.54236e+23
4.61633e+23
4.63409e+23
4.55711e+23
4.42062e+23
4.40078e+23
4.85221e+23
6.27507e+23
9.23554e+23
1.43852e+24
2.25627e+24
3.46742e+24
5.10541e+24
2.07167e+24
8.30464e+23
6.59288e+23
6.30686e+23
6.17766e+23
6.02487e+23
5.84619e+23
5.64811e+23
5.43848e+23
5.22593e+23
5.01973e+23
4.82971e+23
4.66605e+23
4.53905e+23
4.45852e+23
4.43215e+23
4.46191e+23
4.53713e+23
4.62658e+23
4.67831e+23
4.6405e+23
4.51322e+23
4.41981e+23
4.66201e+23
5.7142e+23
8.14244e+23
1.25712e+24
1.97802e+24
3.06834e+24
4.58754e+24
2.12394e+24
8.37719e+23
6.60611e+23
6.31257e+23
6.18372e+23
6.03142e+23
5.85293e+23
5.65478e+23
5.44477e+23
5.23154e+23
5.02436e+23
4.83306e+23
4.66782e+23
4.53901e+23
4.45651e+23
4.42824e+23
4.45657e+23
4.53154e+23
4.62263e+23
4.67815e+23
4.64523e+23
4.521e+23
4.4244e+23
4.65283e+23
5.67872e+23
8.06922e+23
1.24491e+24
1.95969e+24
3.04314e+24
4.55629e+24
2.17483e+24
8.43839e+23
6.61001e+23
6.30954e+23
6.18126e+23
6.02979e+23
5.85199e+23
5.65435e+23
5.44469e+23
5.23164e+23
5.02445e+23
4.83294e+23
4.66733e+23
4.538e+23
4.45491e+23
4.42617e+23
4.45451e+23
4.53062e+23
4.62471e+23
4.68536e+23
4.65849e+23
4.53768e+23
4.43613e+23
4.64508e+23
5.63379e+23
7.97054e+23
1.22791e+24
1.93301e+24
3.00362e+24
4.50234e+24
1.95968e+24
8.18849e+23
6.58236e+23
6.30681e+23
6.17747e+23
6.02468e+23
5.84613e+23
5.64816e+23
5.43848e+23
5.22562e+23
5.01876e+23
4.8276e+23
4.66225e+23
4.53293e+23
4.44928e+23
4.41866e+23
4.44224e+23
4.50792e+23
4.58299e+23
4.6157e+23
4.5585e+23
4.4216e+23
4.34198e+23
4.63222e+23
5.76637e+23
8.3003e+23
1.28593e+24
2.02479e+24
3.14097e+24
4.69082e+24
9.9664e+23
7.04475e+23
6.35853e+23
6.16039e+23
6.02543e+23
5.88005e+23
5.71879e+23
5.54522e+23
5.36531e+23
5.18608e+23
5.01501e+23
4.85963e+23
4.72692e+23
4.62236e+23
4.54818e+23
4.50074e+23
4.46723e+23
4.42394e+23
4.34013e+23
4.19329e+23
3.99749e+23
3.8378e+23
3.89657e+23
4.45151e+23
5.83496e+23
8.40717e+23
1.26202e+24
1.91197e+24
2.87377e+24
4.22027e+24
1.14369e+24
7.41547e+23
6.55207e+23
6.33278e+23
6.19455e+23
6.04352e+23
5.87381e+23
5.68921e+23
5.49582e+23
5.30084e+23
5.112e+23
4.93721e+23
4.78413e+23
4.6594e+23
4.56722e+23
4.50695e+23
4.46973e+23
4.43553e+23
4.37403e+23
4.25511e+23
4.07358e+23
3.88422e+23
3.8346e+23
4.17648e+23
5.23644e+23
7.37167e+23
1.10008e+24
1.67125e+24
2.53104e+24
3.76206e+24
1.165e+24
7.44203e+23
6.55242e+23
6.33068e+23
6.19304e+23
6.0425e+23
5.87312e+23
5.68872e+23
5.49544e+23
5.30048e+23
5.11161e+23
4.93678e+23
4.7837e+23
4.65911e+23
4.56737e+23
4.50808e+23
4.4727e+23
4.44144e+23
4.38395e+23
4.26941e+23
4.09103e+23
3.90131e+23
3.84556e+23
4.17451e+23
5.216e+23
7.32943e+23
1.09331e+24
1.6612e+24
2.51649e+24
3.74181e+24
1.18682e+24
7.50882e+23
6.5916e+23
6.36585e+23
6.22744e+23
6.07591e+23
5.90513e+23
5.71892e+23
5.52343e+23
5.32587e+23
5.134e+23
4.95579e+23
4.799e+23
4.67041e+23
4.57455e+23
4.5113e+23
4.4726e+23
4.43922e+23
4.38123e+23
4.26754e+23
4.08976e+23
3.89733e+23
3.83137e+23
4.13854e+23
5.1442e+23
7.20608e+23
1.07382e+24
1.63182e+24
2.47421e+24
3.68507e+24
1.06845e+24
7.37414e+23
6.59598e+23
6.38019e+23
6.23847e+23
6.08512e+23
5.9137e+23
5.72763e+23
5.53283e+23
5.33633e+23
5.14567e+23
4.96852e+23
4.81214e+23
4.68254e+23
4.58297e+23
4.51148e+23
4.45775e+23
4.4009e+23
4.31165e+23
4.16453e+23
3.96324e+23
3.77423e+23
3.7555e+23
4.1618e+23
5.3103e+23
7.54503e+23
1.12852e+24
1.71381e+24
2.59357e+24
3.85286e+24
6.45166e+23
6.23489e+23
6.06972e+23
5.93209e+23
5.79923e+23
5.66094e+23
5.51505e+23
5.36342e+23
5.20975e+23
5.05854e+23
4.91425e+23
4.78059e+23
4.65958e+23
4.55025e+23
4.44733e+23
4.34035e+23
4.21445e+23
4.05488e+23
3.85621e+23
3.63605e+23
3.45041e+23
3.4058e+23
3.65961e+23
4.40237e+23
5.8381e+23
8.20303e+23
1.18318e+24
1.72279e+24
2.50811e+24
3.61289e+24
7.08584e+23
6.69254e+23
6.45343e+23
6.28612e+23
6.13645e+23
5.98297e+23
5.82023e+23
5.64921e+23
5.47349e+23
5.29773e+23
5.12684e+23
4.96526e+23
4.81618e+23
4.68044e+23
4.55516e+23
4.43255e+23
4.29958e+23
4.14044e+23
3.9434e+23
3.7128e+23
3.48455e+23
3.34097e+23
3.41792e+23
3.89447e+23
4.96834e+23
6.85254e+23
9.82565e+23
1.43123e+24
2.09396e+24
3.0505e+24
7.1096e+23
6.6958e+23
6.45007e+23
6.2813e+23
6.13155e+23
5.97825e+23
5.81573e+23
5.64492e+23
5.46943e+23
5.29396e+23
5.12347e+23
4.96247e+23
4.81426e+23
4.6798e+23
4.55634e+23
4.43619e+23
4.30631e+23
4.15067e+23
3.95699e+23
3.72872e+23
3.50073e+23
3.35445e+23
3.42542e+23
3.89356e+23
4.95849e+23
6.83488e+23
9.80165e+23
1.42825e+24
2.09019e+24
3.04523e+24
7.14328e+23
6.71263e+23
6.46119e+23
6.29084e+23
6.14055e+23
5.98684e+23
5.82383e+23
5.65244e+23
5.47626e+23
5.30002e+23
5.12872e+23
4.96695e+23
4.81807e+23
4.68316e+23
4.55962e+23
4.43991e+23
4.31108e+23
4.15701e+23
3.965e+23
3.73773e+23
3.50891e+23
3.35863e+23
3.42136e+23
3.87674e+23
4.92483e+23
6.7803e+23
9.7203e+23
1.41652e+24
2.07357e+24
3.02226e+24
7.21862e+23
6.76302e+23
6.5023e+23
6.32885e+23
6.17708e+23
6.02207e+23
5.85761e+23
5.68452e+23
5.5064e+23
5.32798e+23
5.15431e+23
4.99001e+23
4.83854e+23
4.70108e+23
4.57523e+23
4.45365e+23
4.32357e+23
4.16889e+23
3.97653e+23
3.74818e+23
3.51591e+23
3.35765e+23
3.40567e+23
3.83821e+23
4.85468e+23
6.66798e+23
9.55033e+23
1.39139e+24
2.03708e+24
2.97105e+24
6.95808e+23
6.63063e+23
6.41475e+23
6.25412e+23
6.1067e+23
5.9548e+23
5.79389e+23
5.62512e+23
5.45203e+23
5.27918e+23
5.11131e+23
4.95262e+23
4.80594e+23
4.67161e+23
4.54615e+23
4.42116e+23
4.28337e+23
4.11746e+23
3.9135e+23
3.67912e+23
3.45475e+23
3.32761e+23
3.43716e+23
3.96288e+23
5.10038e+23
7.06298e+23
1.01361e+24
1.47564e+24
2.15636e+24
3.13569e+24
6.15515e+23
6.1052e+23
6.02447e+23
5.9225e+23
5.80379e+23
5.67135e+23
5.5281e+23
5.37717e+23
5.22181e+23
5.06507e+23
4.90935e+23
4.75574e+23
4.60342e+23
4.44904e+23
4.28659e+23
4.10827e+23
3.90712e+23
3.68174e+23
3.44325e+23
3.2235e+23
3.08259e+23
3.11208e+23
3.42891e+23
4.16184e+23
5.44719e+23
7.45365e+23
1.04334e+24
1.47793e+24
2.10674e+24
3.00266e+24
6.47102e+23
6.40325e+23
6.30546e+23
6.1894e+23
6.05844e+23
5.91427e+23
5.75893e+23
5.5952e+23
5.42629e+23
5.2555e+23
5.08568e+23
4.91866e+23
4.75456e+23
4.59109e+23
4.42317e+23
4.24319e+23
4.04288e+23
3.8172e+23
3.57058e+23
3.32513e+23
3.12908e+23
3.06262e+23
3.23596e+23
3.77692e+23
4.81905e+23
6.51341e+23
9.07224e+23
1.28278e+24
1.82847e+24
2.61392e+24
6.48139e+23
6.41148e+23
6.31202e+23
6.1949e+23
6.06324e+23
5.91856e+23
5.76279e+23
5.59866e+23
5.4294e+23
5.25832e+23
5.08834e+23
4.92136e+23
4.75758e+23
4.59482e+23
4.42803e+23
4.24961e+23
4.05112e+23
3.82716e+23
3.58164e+23
3.33595e+23
3.13757e+23
3.06614e+23
3.23181e+23
3.76303e+23
4.79424e+23
6.47681e+23
9.02237e+23
1.27618e+24
1.81979e+24
2.60242e+24
6.47629e+23
6.40415e+23
6.30308e+23
6.18534e+23
6.05388e+23
5.90992e+23
5.75517e+23
5.59222e+23
5.42421e+23
5.25441e+23
5.08571e+23
4.92003e+23
4.75758e+23
4.59622e+23
4.43094e+23
4.25413e+23
4.05727e+23
3.83478e+23
3.59024e+23
3.34453e+23
3.14453e+23
3.06921e+23
3.22832e+23
3.7503e+23
4.76959e+23
6.4369e+23
8.96184e+23
1.26717e+24
1.80647e+24
2.58299e+24
6.33422e+23
6.27356e+23
6.1826e+23
6.07222e+23
5.94621e+23
5.80685e+23
5.65658e+23
5.49839e+23
5.33559e+23
5.1715e+23
5.00892e+23
4.84953e+23
4.69327e+23
4.5376e+23
4.3771e+23
4.20394e+23
4.00982e+23
3.79019e+23
3.55072e+23
3.31569e+23
3.13646e+23
3.09681e+23
3.31023e+23
3.90701e+23
5.02375e+23
6.81825e+23
9.51523e+23
1.34645e+24
1.91899e+24
2.73928e+24
0
0
0
0
0
0
0
0
0
0
0
0
0
0
0
0
0
0
0
0
0
0
0
0
0
0
0
0
0
0
0
0
0
0
0
0
0
0
0
0
0
0
0
0
0
0
0
0
0
0
0
0
0
0
0
0
0
0
0
0
0
0
0
0
0
0
0
0
0
0
0
0
0
0
0
0
0
0
0
0
0
0
0
0
0
0
0
0
0
0
0
0
0
0
0
0
0
0
0
0
0
0
0
0
0
0
0
0
0
0
0
0
0
0
0
0
0
0
0
0
0
0
0
0
0
0
0
0
0
0
0
0
0
0
0
0
0
0
0
0
0
0
0
0
0
0
0
0
0
0
0
0
0
0
0
0
0
0
0
0
0
0
0
0
0
0
0
0
0
0
0
0
0
0
0
0
0
0
0
0
0
0
0
0
0
0
0
0
0
0
0
0
0
0
0
0
0
0
0
0
0
0
0
0
0
0
0
0
0
0
0
0
0
0
0
0
0
0
0
0
0
0
0
0
0
0
0
0
0
0
0
0
0
0
0
0
0
0
0
0
0
0
0
0
0
0
0
0
0
0
0
0
0
0
0
0
0
0
0
0
0
0
0
0
0
0
0
0
0
0
0
0
0
0
0
0
0
0
0
0
0
0
0
0
0
0
0
0
0
0
0
0
0
0
0
0
0
0
0
0
0
0
0
0
0
0
0
0
0
0
0
0
0
0
0
0
0
0
0
0
0
0
0
0
0
0
0
0
0
0
0
0
0
0
0
0
0
0
0
0
0
0
0
0
0
0
0
0
0
0
0
0
0
0
0
0
0
0
0
0
0
0
0
0
0
0
0
0
0
0
0
0
0
0
0
0
0
0
0
0
0
0
0
0
0
0
0
0
0
0
0
0
0
0
0
0
0
0
0
0
0
0
0
0
0
0
0
0
0
0
0
0
0
0
0
0
0
0
0
0
0
0
0
0
0
0
0
0
0
0
0
0
0
0
0
0
0
0
0
0
0
0
0
0
0
0
0
0
0
0
0
0
0
0
0
0
0
0
0
0
0
0
0
0
0
0
0
0
0
0
0
0
0
0
0
0
0
0
0
0
0
0
0
0
0
0
0
0
0
0
0
0
0
0
0
0
0
0
0
0
0
0
0
0
0
0
0
0
0
0
0
0
0
0
0
0
0
0
0
0
0
0
0
0
0
0
0
0
0
0
0
0
0
0
0
0
0
0
0
0
0
0
0
0
0
0
0
0
0
0
0
0
0
0
0
0
0
0
0
0
0
0
0
0
0
0
0
0
0
0
0
0
0
0
0
0
0
0
0
0
0
0
0
0
0
0
0
0
0
0
0
0
0
0
0
0
0
0
0
0
0
0
0
0
0
0
0
0
0
0
0
0
0
0
0
0
0
0
0
0
0
0
0
0
0
0
0
0
0
0
0
0
0
0
0
0
0
0
0
0
0
0
0
0
0
0
0
0
0
0
0
0
0
0
0
0
0
0
0
0
0
0
0
0
0
0
0
0
0
0
0
0
0
0
0
0
0
0
0
0
0
0
0
0
0
0
0
0
0
0
0
0
0
0
0
0
0
0
0
0
0
0
0
0
0
0
0
0
0
0
0
0
0
0
0
0
0
0
0
0
0
0
0
0
0
0
0
0
0
0
0
0
0
0
0
0
0
0
0
0
0
0
0
0
0
0
0
0
0
0
0
0
0
0
0
0
0
0
0
0
0
0
0
0
0
0
0
0
0
0
0
0
0
0
0
0
0
0
0
0
0
0
0
0
0
0
0
0
0
0
0
0
0
0
0
0
0
0
0
0
0
0
0
0
0
0
0
0
0
0
0
0
0
0
0
0
0
0
0
0
0
0
0
0
0
0
0
0
0
0
0
0
0
0
0
0
0
0
0
0
0
0
0
0
0
0
0
0
0
0
0
0
0
0
0
0
0
0
0
0
0
0
0
0
0
0
0
0
0
0
0
0
0
0
0
0
0
0
0
0
0
0
0
0
0
0
0
0
0
0
0
0
0
0
0
0
0
0
0
0
0
0
0
0
0
0
0
0
0
0
0
0
0
0
0
0
0
0
0
0
0
0
0
0
0
0
0
0
0
0
0
0
0
0
0
0
0
0
0
0
0
0
0
0
0
0
0
0
0
0
0
0
0
0
0
0
0
0
0
0
0
0
0
0
0
0
0
0
0
0
0
0
0
0
0
0
0
0
0
0
0
0
0
0
0
0
0
0
0
0
0
0
0
0
0
0
0
0
0
0
0
0
0
0
0
0
0
0
0
0
0
0
0
0
0
0
0
0
0
0
0
0
0
0
0
0
0
0
0
0
0
0
0
0
0
0
0
0
0
0
0
0
0
0
0
0
0
0
0
0
0
0
0
0
0
0
0
0
0
0
0
0
0
0
0
0
0
0
0
0
0
0
0
0
0
0
0
0
0
0
0
0
0
0
0
0
0
0
0
0
0
0
0
0
0
0
0
0
0
0
0
0
0
0
0
0
0
0
0
0
0
0
0
0
0
0
0
0
0
0
0
0
0
0
0
0
0
0
0
0
0
0
0
0
0
0
0
0
0
0
0
0
0
0
0
0
0
0
0
0
0
0
0
0
0
0
0
0
0
0
0
0
0
0
0
0
0
0
0
0
0
0
0
0
0
0
0
0
0
0
0
0
0
0
0
0
0
0
0
0
0
0
0
0
0
0
0
0
0
0
0
0
0
0
0
0
0
0
0
0
0
0
0
0
0
0
0
0
0
0
0
0
0
0
0
0
0
0
0
0
0
0
0
0
0
0
0
0
0
0
0
0
0
0
0
0
0
0
0
0
0
0
0
0
0
0
0
0
0
0
0
0
0
0
0
0
0
0
0
0
0
0
0
0
0
0
0
0
0
0
0
0
0
0
0
0
0
0
0
0
0
0
0
0
0
0
0
0
0
0
0
0
0
0
0
0
0
0
0
0
0
0
0
0
0
0
0
0
0
0
0
0
0
0
0
0
0
0
0
0
0
0
0
0
0
0
0
0
0
0
0
0
0
0
0
0
0
0
0
0
0
0
0
0
0
0
0
0
0
0
0
0
0
0
0
0
0
0
0
0
0
0
0
0
0
0
0
0
0
0
0
0
0
0
0
0
0
0
0
0
0
0
0
0
0
0
0
0
0
0
0
0
0
0
0
0
0
0
0
0
0
0
0
0
0
0
0
0
0
0
)
;

boundaryField
{
    fuelBottom
    {
        type            empty;
    }
    fuelTop_1
    {
        type            empty;
    }
    fuelOuter
    {
        type            zeroGradient;
    }
    fuelTop
    {
        type            empty;
    }
    fuelInner
    {
        type            zeroGradient;
    }
    cladBottom
    {
        type            empty;
    }
    cladInner
    {
        type            zeroGradient;
    }
    cladOuter
    {
        type            zeroGradient;
    }
    cladTop
    {
        type            empty;
    }
    front
    {
        type            wedge;
    }
    back
    {
        type            wedge;
    }
}


// ************************************************************************* //
