/*--------------------------------*- C++ -*----------------------------------*\
| =========                 |                                                 |
| \\      /  F ield         | OpenFOAM: The Open Source CFD Toolbox           |
|  \\    /   O peration     | Version:  2412                                  |
|   \\  /    A nd           | Website:  www.openfoam.com                      |
|    \\/     M anipulation  |                                                 |
\*---------------------------------------------------------------------------*/
FoamFile
{
    version     2.0;
    format      ascii;
    arch        "LSB;label=32;scalar=64";
    class       volScalarField;
    location    "25888284.641197/fuelBehaviourRegion";
    object      SCIANTIX::Gas_grain_bubbles;
}
// * * * * * * * * * * * * * * * * * * * * * * * * * * * * * * * * * * * * * //

dimensions      [0 0 0 0 0 0 0];

internalField   nonuniform List<scalar> 
4720
(
1.12594e+23
1.12571e+23
1.12523e+23
1.1245e+23
1.12352e+23
1.12231e+23
1.12087e+23
1.11922e+23
1.11736e+23
1.1153e+23
1.11305e+23
1.11063e+23
1.10806e+23
1.10534e+23
1.1025e+23
1.09954e+23
1.09649e+23
1.09336e+23
1.09016e+23
1.08692e+23
1.08364e+23
1.08035e+23
1.07705e+23
1.07377e+23
1.07052e+23
1.06731e+23
1.06415e+23
1.06105e+23
1.05803e+23
1.05509e+23
1.12677e+23
1.12654e+23
1.12606e+23
1.12532e+23
1.12434e+23
1.12312e+23
1.12167e+23
1.12e+23
1.11813e+23
1.11605e+23
1.11379e+23
1.11136e+23
1.10877e+23
1.10603e+23
1.10317e+23
1.10019e+23
1.09712e+23
1.09397e+23
1.09075e+23
1.08748e+23
1.08418e+23
1.08087e+23
1.07755e+23
1.07425e+23
1.07097e+23
1.06773e+23
1.06455e+23
1.06143e+23
1.05839e+23
1.05543e+23
1.1282e+23
1.12798e+23
1.12748e+23
1.12674e+23
1.12575e+23
1.12452e+23
1.12305e+23
1.12137e+23
1.11947e+23
1.11738e+23
1.11509e+23
1.11263e+23
1.11001e+23
1.10724e+23
1.10435e+23
1.10134e+23
1.09823e+23
1.09504e+23
1.09178e+23
1.08848e+23
1.08514e+23
1.08179e+23
1.07843e+23
1.07509e+23
1.07177e+23
1.0685e+23
1.06528e+23
1.06212e+23
1.05904e+23
1.05604e+23
1.12873e+23
1.12851e+23
1.12801e+23
1.12726e+23
1.12626e+23
1.12503e+23
1.12356e+23
1.12187e+23
1.11996e+23
1.11785e+23
1.11556e+23
1.11308e+23
1.11045e+23
1.10767e+23
1.10476e+23
1.10174e+23
1.09861e+23
1.09541e+23
1.09214e+23
1.08882e+23
1.08546e+23
1.08209e+23
1.07872e+23
1.07536e+23
1.07203e+23
1.06874e+23
1.0655e+23
1.06233e+23
1.05923e+23
1.05622e+23
1.12921e+23
1.12899e+23
1.12849e+23
1.12773e+23
1.12673e+23
1.12549e+23
1.12401e+23
1.12231e+23
1.1204e+23
1.11828e+23
1.11597e+23
1.11349e+23
1.11085e+23
1.10805e+23
1.10513e+23
1.10209e+23
1.09895e+23
1.09573e+23
1.09245e+23
1.08911e+23
1.08574e+23
1.08236e+23
1.07897e+23
1.0756e+23
1.07225e+23
1.06895e+23
1.0657e+23
1.06251e+23
1.0594e+23
1.05638e+23
1.13112e+23
1.13088e+23
1.13037e+23
1.12959e+23
1.12856e+23
1.12728e+23
1.12576e+23
1.124e+23
1.12203e+23
1.11985e+23
1.11748e+23
1.11492e+23
1.1122e+23
1.10933e+23
1.10632e+23
1.1032e+23
1.09998e+23
1.09667e+23
1.0933e+23
1.08988e+23
1.08643e+23
1.08297e+23
1.0795e+23
1.07606e+23
1.07264e+23
1.06927e+23
1.06595e+23
1.06271e+23
1.05955e+23
1.05647e+23
1.30557e+23
1.30523e+23
1.3045e+23
1.30339e+23
1.30192e+23
1.3001e+23
1.29793e+23
1.29544e+23
1.29264e+23
1.28955e+23
1.28618e+23
1.28256e+23
1.27871e+23
1.27466e+23
1.27042e+23
1.26602e+23
1.26149e+23
1.25686e+23
1.25214e+23
1.24736e+23
1.24256e+23
1.23774e+23
1.23294e+23
1.22817e+23
1.22346e+23
1.21883e+23
1.21429e+23
1.20986e+23
1.20556e+23
1.20139e+23
1.31433e+23
1.31397e+23
1.31319e+23
1.31202e+23
1.31046e+23
1.30853e+23
1.30623e+23
1.30359e+23
1.30062e+23
1.29734e+23
1.29377e+23
1.28993e+23
1.28585e+23
1.28155e+23
1.27706e+23
1.27241e+23
1.26761e+23
1.2627e+23
1.25771e+23
1.25266e+23
1.24757e+23
1.24248e+23
1.2374e+23
1.23236e+23
1.22739e+23
1.22249e+23
1.2177e+23
1.21303e+23
1.20849e+23
1.2041e+23
1.31609e+23
1.31573e+23
1.31494e+23
1.31375e+23
1.31218e+23
1.31022e+23
1.30789e+23
1.30522e+23
1.30221e+23
1.29889e+23
1.29527e+23
1.29139e+23
1.28726e+23
1.28291e+23
1.27837e+23
1.27366e+23
1.2688e+23
1.26384e+23
1.25879e+23
1.25367e+23
1.24853e+23
1.24338e+23
1.23824e+23
1.23315e+23
1.22811e+23
1.22317e+23
1.21832e+23
1.2136e+23
1.20901e+23
1.20457e+23
1.31685e+23
1.31649e+23
1.3157e+23
1.3145e+23
1.31291e+23
1.31095e+23
1.30861e+23
1.30592e+23
1.3029e+23
1.29956e+23
1.29593e+23
1.29203e+23
1.28788e+23
1.28351e+23
1.27894e+23
1.27421e+23
1.26933e+23
1.26434e+23
1.25927e+23
1.25413e+23
1.24896e+23
1.24378e+23
1.23863e+23
1.23351e+23
1.22845e+23
1.22348e+23
1.21862e+23
1.21387e+23
1.20926e+23
1.20481e+23
1.3184e+23
1.31803e+23
1.31723e+23
1.31603e+23
1.31442e+23
1.31243e+23
1.31007e+23
1.30735e+23
1.30429e+23
1.30091e+23
1.29724e+23
1.2933e+23
1.2891e+23
1.28468e+23
1.28007e+23
1.27528e+23
1.27035e+23
1.26531e+23
1.26018e+23
1.25499e+23
1.24977e+23
1.24454e+23
1.23933e+23
1.23416e+23
1.22906e+23
1.22404e+23
1.21913e+23
1.21434e+23
1.20969e+23
1.2052e+23
1.32859e+23
1.32819e+23
1.32732e+23
1.326e+23
1.32425e+23
1.32208e+23
1.31951e+23
1.31655e+23
1.31322e+23
1.30955e+23
1.30556e+23
1.30128e+23
1.29673e+23
1.29194e+23
1.28694e+23
1.28176e+23
1.27644e+23
1.271e+23
1.26547e+23
1.25989e+23
1.25427e+23
1.24866e+23
1.24308e+23
1.23756e+23
1.23211e+23
1.22676e+23
1.22154e+23
1.21646e+23
1.21154e+23
1.20679e+23
1.80569e+23
1.80482e+23
1.8029e+23
1.8e+23
1.79615e+23
1.79138e+23
1.78574e+23
1.77926e+23
1.77198e+23
1.76398e+23
1.75529e+23
1.74599e+23
1.73614e+23
1.7258e+23
1.71505e+23
1.70396e+23
1.6926e+23
1.68105e+23
1.66936e+23
1.65761e+23
1.64588e+23
1.63421e+23
1.62268e+23
1.61133e+23
1.60023e+23
1.58942e+23
1.57894e+23
1.56883e+23
1.55912e+23
1.54985e+23
1.84169e+23
1.84071e+23
1.83856e+23
1.83532e+23
1.83103e+23
1.8257e+23
1.8194e+23
1.81216e+23
1.80405e+23
1.79512e+23
1.78543e+23
1.77506e+23
1.76409e+23
1.75258e+23
1.74062e+23
1.72829e+23
1.71567e+23
1.70283e+23
1.68987e+23
1.67684e+23
1.66384e+23
1.65093e+23
1.63818e+23
1.62565e+23
1.6134e+23
1.60149e+23
1.58995e+23
1.57884e+23
1.56818e+23
1.55801e+23
1.84778e+23
1.84678e+23
1.84459e+23
1.84129e+23
1.83691e+23
1.83149e+23
1.82507e+23
1.8177e+23
1.80944e+23
1.80034e+23
1.79048e+23
1.77993e+23
1.76875e+23
1.75704e+23
1.74487e+23
1.73232e+23
1.71947e+23
1.70641e+23
1.69322e+23
1.67998e+23
1.66676e+23
1.65363e+23
1.64067e+23
1.62794e+23
1.61549e+23
1.60339e+23
1.59167e+23
1.58039e+23
1.56957e+23
1.55925e+23
1.85016e+23
1.84916e+23
1.84696e+23
1.84364e+23
1.83923e+23
1.83377e+23
1.82731e+23
1.81989e+23
1.81158e+23
1.80242e+23
1.79249e+23
1.78187e+23
1.77063e+23
1.75884e+23
1.74659e+23
1.73396e+23
1.72103e+23
1.70789e+23
1.69462e+23
1.68129e+23
1.66799e+23
1.65478e+23
1.64174e+23
1.62893e+23
1.61641e+23
1.60423e+23
1.59245e+23
1.58109e+23
1.57021e+23
1.55983e+23
1.85584e+23
1.85482e+23
1.85258e+23
1.8492e+23
1.84472e+23
1.83917e+23
1.83259e+23
1.82505e+23
1.81659e+23
1.80728e+23
1.79719e+23
1.78639e+23
1.77496e+23
1.76297e+23
1.75052e+23
1.73769e+23
1.72456e+23
1.71121e+23
1.69773e+23
1.6842e+23
1.67069e+23
1.65728e+23
1.64405e+23
1.63105e+23
1.61835e+23
1.606e+23
1.59405e+23
1.58254e+23
1.57152e+23
1.561e+23
1.89475e+23
1.8936e+23
1.89106e+23
1.88723e+23
1.88215e+23
1.87587e+23
1.86843e+23
1.8599e+23
1.85034e+23
1.83983e+23
1.82845e+23
1.81628e+23
1.80342e+23
1.78995e+23
1.77598e+23
1.76159e+23
1.7469e+23
1.73198e+23
1.71695e+23
1.70189e+23
1.68689e+23
1.67203e+23
1.6574e+23
1.64306e+23
1.62908e+23
1.61553e+23
1.60245e+23
1.58989e+23
1.57789e+23
1.56647e+23
3.13303e+23
3.12953e+23
3.12187e+23
3.11032e+23
3.09501e+23
3.07609e+23
3.05373e+23
3.02814e+23
2.99953e+23
2.96815e+23
2.93427e+23
2.89818e+23
2.86017e+23
2.82055e+23
2.77963e+23
2.73773e+23
2.69516e+23
2.65223e+23
2.60925e+23
2.56651e+23
2.52427e+23
2.4828e+23
2.44232e+23
2.40306e+23
2.36521e+23
2.32892e+23
2.29434e+23
2.26157e+23
2.23071e+23
2.2018e+23
3.29615e+23
3.29211e+23
3.28327e+23
3.26992e+23
3.25224e+23
3.2304e+23
3.20459e+23
3.17506e+23
3.14206e+23
3.10588e+23
3.06683e+23
3.02525e+23
2.98148e+23
2.93589e+23
2.88883e+23
2.84067e+23
2.79179e+23
2.74254e+23
2.69326e+23
2.6443e+23
2.59598e+23
2.54858e+23
2.50238e+23
2.45762e+23
2.41451e+23
2.37325e+23
2.33399e+23
2.29685e+23
2.26191e+23
2.22926e+23
3.32362e+23
3.31949e+23
3.31044e+23
3.29679e+23
3.2787e+23
3.25635e+23
3.22995e+23
3.19973e+23
3.16597e+23
3.12897e+23
3.08903e+23
3.0465e+23
3.00174e+23
2.95512e+23
2.907e+23
2.85778e+23
2.80781e+23
2.75747e+23
2.70712e+23
2.65711e+23
2.60774e+23
2.55933e+23
2.51216e+23
2.46647e+23
2.42248e+23
2.38038e+23
2.34033e+23
2.30245e+23
2.26685e+23
2.23356e+23
3.33267e+23
3.32851e+23
3.31939e+23
3.30565e+23
3.28743e+23
3.26493e+23
3.23835e+23
3.20793e+23
3.17394e+23
3.13667e+23
3.09646e+23
3.05365e+23
3.00858e+23
2.96164e+23
2.9132e+23
2.86363e+23
2.81333e+23
2.76265e+23
2.71196e+23
2.66161e+23
2.61191e+23
2.56318e+23
2.51569e+23
2.46969e+23
2.42541e+23
2.38304e+23
2.34272e+23
2.3046e+23
2.26876e+23
2.23526e+23
3.34959e+23
3.34537e+23
3.33612e+23
3.32217e+23
3.30369e+23
3.28086e+23
3.25389e+23
3.22303e+23
3.18855e+23
3.15075e+23
3.10997e+23
3.06654e+23
3.02084e+23
2.97325e+23
2.92413e+23
2.87389e+23
2.82291e+23
2.77155e+23
2.72019e+23
2.66918e+23
2.61885e+23
2.5695e+23
2.52142e+23
2.47486e+23
2.43005e+23
2.38717e+23
2.34639e+23
2.30784e+23
2.2716e+23
2.23774e+23
3.48164e+23
3.47686e+23
3.46641e+23
3.45064e+23
3.42975e+23
3.40397e+23
3.37352e+23
3.3387e+23
3.29983e+23
3.25727e+23
3.21138e+23
3.16259e+23
3.1113e+23
3.05796e+23
3.003e+23
2.94687e+23
2.89001e+23
2.83286e+23
2.77581e+23
2.71928e+23
2.66364e+23
2.60922e+23
2.55634e+23
2.50529e+23
2.45629e+23
2.40957e+23
2.36528e+23
2.32355e+23
2.28447e+23
2.2481e+23
7.45656e+23
7.44036e+23
7.40488e+23
7.35139e+23
7.28057e+23
7.19315e+23
7.08999e+23
6.9721e+23
6.84059e+23
6.69672e+23
6.54183e+23
6.37737e+23
6.20484e+23
6.02579e+23
5.84184e+23
5.65457e+23
5.46557e+23
5.27641e+23
5.08859e+23
4.90353e+23
4.72258e+23
4.54696e+23
4.37778e+23
4.216e+23
4.06243e+23
3.9177e+23
3.78233e+23
3.65664e+23
3.54081e+23
3.43488e+23
8.12524e+23
8.10663e+23
8.06588e+23
8.00445e+23
7.92311e+23
7.8227e+23
7.70421e+23
7.56879e+23
7.41774e+23
7.25249e+23
7.07459e+23
6.8857e+23
6.68756e+23
6.48197e+23
6.27076e+23
6.0558e+23
5.83891e+23
5.62191e+23
5.40652e+23
5.19441e+23
4.98712e+23
4.78606e+23
4.59251e+23
4.40758e+23
4.2322e+23
4.06711e+23
3.91288e+23
3.76988e+23
3.63829e+23
3.51815e+23
8.22181e+23
8.20284e+23
8.1613e+23
8.09867e+23
8.01574e+23
7.91338e+23
7.79259e+23
7.65454e+23
7.50056e+23
7.3321e+23
7.15076e+23
6.95822e+23
6.75625e+23
6.5467e+23
6.33144e+23
6.11237e+23
5.89135e+23
5.67023e+23
5.45079e+23
5.23471e+23
5.02356e+23
4.8188e+23
4.62171e+23
4.43343e+23
4.25492e+23
4.08693e+23
3.93003e+23
3.78458e+23
3.65079e+23
3.52867e+23
8.26865e+23
8.24951e+23
8.20762e+23
8.14446e+23
8.06083e+23
7.95759e+23
7.83578e+23
7.69656e+23
7.54126e+23
7.37137e+23
7.18847e+23
6.99428e+23
6.79058e+23
6.57923e+23
6.36212e+23
6.14116e+23
5.91823e+23
5.69521e+23
5.47387e+23
5.25592e+23
5.04294e+23
4.83641e+23
4.63762e+23
4.44771e+23
4.26766e+23
4.09822e+23
3.93997e+23
3.79328e+23
3.65835e+23
3.53519e+23
8.44737e+23
8.42753e+23
8.38409e+23
8.3186e+23
8.23189e+23
8.12485e+23
7.99854e+23
7.85419e+23
7.69317e+23
7.51702e+23
7.3274e+23
7.12608e+23
6.91492e+23
6.69586e+23
6.47088e+23
6.24195e+23
6.01107e+23
5.78016e+23
5.55109e+23
5.32565e+23
5.10548e+23
4.89209e+23
4.68684e+23
4.4909e+23
4.30528e+23
4.13074e+23
3.96786e+23
3.81703e+23
3.67841e+23
3.55202e+23
1.02617e+24
1.02376e+24
1.01847e+24
1.01048e+24
9.99895e+23
9.86809e+23
9.7134e+23
9.53622e+23
9.33811e+23
9.12076e+23
8.88607e+23
8.62241e+23
8.33452e+23
8.02711e+23
7.70481e+23
7.37224e+23
7.03385e+23
6.69395e+23
6.35658e+23
6.02552e+23
5.70413e+23
5.39541e+23
5.10186e+23
4.82557e+23
4.56808e+23
4.33048e+23
4.11337e+23
3.91689e+23
3.74078e+23
3.58442e+23
3.66434e+25
3.6451e+25
3.60756e+25
3.55225e+25
3.47966e+25
3.39035e+25
3.28508e+25
3.1649e+25
3.0314e+25
2.88679e+25
2.73415e+25
2.57766e+25
2.42279e+25
2.27651e+25
2.14734e+25
2.04464e+25
1.97626e+25
1.94274e+25
1.92915e+25
1.90313e+25
1.83111e+25
1.70152e+25
1.52762e+25
1.33139e+25
1.13086e+25
9.37699e+24
7.59462e+24
6.01637e+24
4.68319e+24
3.61884e+24
4.24004e+25
4.21655e+25
4.17052e+25
4.10231e+25
4.0122e+25
3.90059e+25
3.76809e+25
3.61579e+25
3.44538e+25
3.25947e+25
3.06174e+25
2.85721e+25
2.65239e+25
2.45538e+25
2.27576e+25
2.1238e+25
2.00795e+25
1.92884e+25
1.87091e+25
1.80188e+25
1.69175e+25
1.53474e+25
1.34671e+25
1.14788e+25
9.53205e+24
7.72238e+24
6.11376e+24
4.75149e+24
3.66209e+24
2.84787e+24
4.25394e+25
4.23007e+25
4.18333e+25
4.1141e+25
4.02271e+25
3.9096e+25
3.77541e+25
3.62129e+25
3.44902e+25
3.26128e+25
3.06187e+25
2.85591e+25
2.65005e+25
2.45247e+25
2.27278e+25
2.12115e+25
2.00563e+25
1.92599e+25
1.86567e+25
1.79238e+25
1.67779e+25
1.51798e+25
1.32921e+25
1.13111e+25
9.37982e+24
7.59001e+24
6.00363e+24
4.66451e+24
3.59755e+24
2.80336e+24
4.26139e+25
4.23783e+25
4.1917e+25
4.1233e+25
4.03294e+25
3.92098e+25
3.78804e+25
3.63516e+25
3.46406e+25
3.27729e+25
3.07854e+25
2.87281e+25
2.66661e+25
2.46803e+25
2.28667e+25
2.13283e+25
2.01509e+25
1.93437e+25
1.87553e+25
1.80655e+25
1.69711e+25
1.54083e+25
1.35323e+25
1.15447e+25
9.59595e+24
7.78189e+24
6.16682e+24
4.79644e+24
3.69791e+24
2.87444e+24
4.17272e+25
4.14748e+25
4.09818e+25
4.02549e+25
3.93001e+25
3.81245e+25
3.67384e+25
3.51571e+25
3.34035e+25
3.15099e+25
2.95209e+25
2.74941e+25
2.5502e+25
2.36307e+25
2.19761e+25
2.06276e+25
1.96279e+25
1.89028e+25
1.82145e+25
1.72562e+25
1.58688e+25
1.4124e+25
1.22031e+25
1.02685e+25
8.43019e+24
6.76056e+24
5.31109e+24
4.11649e+24
3.19081e+24
2.52299e+24
6.2655e+25
6.25622e+25
6.22203e+25
6.15555e+25
6.05449e+25
5.91835e+25
5.74708e+25
5.54059e+25
5.29894e+25
5.02273e+25
4.71375e+25
4.37573e+25
4.01505e+25
3.6412e+25
3.26684e+25
2.90737e+25
2.58e+25
2.30211e+25
2.08673e+25
1.9309e+25
1.8017e+25
1.64969e+25
1.45338e+25
1.22924e+25
1.00287e+25
7.92487e+24
6.09207e+24
4.59755e+24
3.46958e+24
2.69223e+24
6.47973e+25
6.48103e+25
6.45649e+25
6.39654e+25
6.29921e+25
6.16476e+25
5.99362e+25
5.78588e+25
5.54147e+25
5.2607e+25
4.9449e+25
4.59723e+25
4.22354e+25
3.83291e+25
3.43784e+25
3.05381e+25
2.69833e+25
2.38939e+25
2.14223e+25
1.95997e+25
1.81841e+25
1.66868e+25
1.47861e+25
1.25702e+25
1.02933e+25
8.15553e+24
6.27974e+24
4.73955e+24
3.56822e+24
2.75429e+24
6.49806e+25
6.50005e+25
6.47608e+25
6.41645e+25
6.31924e+25
6.18476e+25
6.01346e+25
5.80543e+25
5.56061e+25
5.27928e+25
4.96273e+25
4.61411e+25
4.23922e+25
3.84713e+25
3.45037e+25
3.06445e+25
2.70691e+25
2.39579e+25
2.14639e+25
1.96204e+25
1.81898e+25
1.66855e+25
1.47832e+25
1.2567e+25
1.029e+25
8.15213e+24
6.2764e+24
4.73652e+24
3.56573e+24
2.75245e+24
6.5096e+25
6.51371e+25
6.49172e+25
6.43366e+25
6.33773e+25
6.20439e+25
6.0342e+25
5.82729e+25
5.58359e+25
5.30329e+25
4.98761e+25
4.63955e+25
4.26474e+25
3.8721e+25
3.47405e+25
3.08605e+25
2.72565e+25
2.41105e+25
2.15793e+25
1.97059e+25
1.82662e+25
1.67747e+25
1.48881e+25
1.26762e+25
1.03925e+25
8.24189e+24
6.35024e+24
4.7932e+24
3.60578e+24
2.77816e+24
6.50953e+25
6.5156e+25
6.49551e+25
6.43905e+25
6.34455e+25
6.21263e+25
6.04396e+25
5.83869e+25
5.59674e+25
5.31826e+25
5.00434e+25
4.65785e+25
4.28424e+25
3.89223e+25
3.49405e+25
3.10508e+25
2.74287e+25
2.42575e+25
2.16981e+25
1.9803e+25
1.83622e+25
1.68911e+25
1.50256e+25
1.28201e+25
1.05292e+25
8.363e+24
6.45128e+24
4.87196e+24
3.66238e+24
2.81513e+24
6.44229e+25
6.43486e+25
6.40129e+25
6.3336e+25
6.22953e+25
6.08871e+25
5.91114e+25
5.69675e+25
5.44556e+25
5.15814e+25
4.83635e+25
4.48405e+25
4.10794e+25
3.71802e+25
3.32754e+25
2.95245e+25
2.61025e+25
2.31824e+25
2.08902e+25
1.91933e+25
1.77706e+25
1.61518e+25
1.41405e+25
1.18959e+25
9.65806e+24
7.59771e+24
5.81979e+24
4.38631e+24
3.31901e+24
2.59492e+24
7.64633e+25
8.28645e+25
8.5502e+25
8.57798e+25
8.49667e+25
8.353e+25
8.15959e+25
7.91894e+25
7.63005e+25
7.29068e+25
6.89861e+25
6.45286e+25
5.95521e+25
5.41192e+25
4.83543e+25
4.24512e+25
3.66619e+25
3.1266e+25
2.65319e+25
2.26757e+25
1.97696e+25
1.75485e+25
1.54208e+25
1.30331e+25
1.05225e+25
8.15586e+24
6.11776e+24
4.50866e+24
3.35801e+24
2.62478e+24
7.58839e+25
8.44195e+25
8.78447e+25
8.8263e+25
8.74651e+25
8.60352e+25
8.41095e+25
8.1712e+25
7.88296e+25
7.54362e+25
7.15043e+25
6.70177e+25
6.19851e+25
5.64588e+25
5.05532e+25
4.44552e+25
3.84177e+25
3.27287e+25
2.7669e+25
2.34716e+25
2.02513e+25
1.78319e+25
1.56645e+25
1.32984e+25
1.0786e+25
8.38825e+24
6.30418e+24
4.64465e+24
3.44692e+24
2.67607e+24
7.56408e+25
8.44867e+25
8.80202e+25
8.84552e+25
8.76613e+25
8.62371e+25
8.43196e+25
8.19321e+25
7.90615e+25
7.5681e+25
7.17623e+25
6.7288e+25
6.22653e+25
5.6744e+25
5.0836e+25
4.47261e+25
3.86662e+25
3.29453e+25
2.78471e+25
2.3608e+25
2.03497e+25
1.79078e+25
1.5738e+25
1.33754e+25
1.08595e+25
8.45204e+24
6.355e+24
4.68164e+24
3.47112e+24
2.69008e+24
7.53802e+25
8.45381e+25
8.8183e+25
8.86363e+25
8.78484e+25
8.64326e+25
8.45263e+25
8.21527e+25
7.9298e+25
7.59351e+25
7.2035e+25
6.75788e+25
6.25718e+25
5.70613e+25
5.11562e+25
4.50383e+25
3.8958e+25
3.32048e+25
2.80644e+25
2.37777e+25
2.04747e+25
1.80072e+25
1.58391e+25
1.34856e+25
1.09684e+25
8.54896e+24
6.43422e+24
4.74085e+24
3.51093e+24
2.71377e+24
7.68814e+25
8.42505e+25
8.71894e+25
8.74936e+25
8.66564e+25
8.51881e+25
8.32165e+25
8.07647e+25
7.78207e+25
7.436e+25
7.03584e+25
6.58044e+25
6.07145e+25
5.5151e+25
4.92403e+25
4.31808e+25
3.72318e+25
3.16802e+25
2.67983e+25
2.28025e+25
1.97689e+25
1.74489e+25
1.52679e+25
1.28652e+25
1.0361e+25
8.0121e+24
5.99895e+24
4.4188e+24
3.29698e+24
2.58817e+24
6.75706e+25
9.64533e+25
1.06577e+26
1.07502e+26
1.06467e+26
1.04853e+26
1.02755e+26
1.00159e+26
9.70235e+25
9.32955e+25
8.89181e+25
8.38402e+25
7.80301e+25
7.14941e+25
6.43018e+25
5.6618e+25
4.87256e+25
4.10098e+25
3.38888e+25
2.77258e+25
2.27663e+25
1.90503e+25
1.62081e+25
1.35727e+25
1.08746e+25
8.3114e+24
6.12073e+24
4.43654e+24
3.28712e+24
2.6033e+24
6.43863e+25
9.73062e+25
1.09202e+26
1.10386e+26
1.09366e+26
1.07784e+26
1.05732e+26
1.0319e+26
1.00112e+26
9.64431e+25
9.21197e+25
8.7084e+25
8.12947e+25
7.47451e+25
6.74875e+25
5.96646e+25
5.15396e+25
4.34933e+25
3.59624e+25
2.93427e+25
2.39156e+25
1.97858e+25
1.67064e+25
1.40294e+25
1.13271e+25
8.71531e+24
6.44294e+24
4.66587e+24
3.43035e+24
2.68045e+24
6.41087e+25
9.75195e+25
1.09602e+26
1.10806e+26
1.09788e+26
1.08211e+26
1.06166e+26
1.03632e+26
1.00563e+26
9.69027e+25
9.25871e+25
8.75572e+25
8.17706e+25
7.52185e+25
6.79509e+25
6.01075e+25
5.19484e+25
4.38536e+25
3.62626e+25
2.95765e+25
2.40816e+25
1.98901e+25
1.67705e+25
1.4082e+25
1.13779e+25
8.76034e+24
6.47847e+24
4.69082e+24
3.4457e+24
2.68858e+24
6.37726e+25
9.74933e+25
1.09712e+26
1.10934e+26
1.09925e+26
1.08362e+26
1.06336e+26
1.03825e+26
1.00783e+26
9.71525e+25
9.28703e+25
8.78758e+25
8.21246e+25
7.56054e+25
6.8364e+25
6.05349e+25
5.23728e+25
4.42539e+25
3.66187e+25
2.98742e+25
2.43151e+25
2.00652e+25
1.69124e+25
1.42206e+25
1.15158e+25
8.88423e+24
6.57869e+24
4.76357e+24
3.49226e+24
2.71437e+24
6.76163e+25
9.78317e+25
1.08251e+26
1.09154e+26
1.08088e+26
1.06448e+26
1.04318e+26
1.01682e+26
9.84955e+25
9.47031e+25
9.02464e+25
8.50733e+25
7.91519e+25
7.24891e+25
6.51559e+25
5.73199e+25
4.92699e+25
4.14003e+25
3.41385e+25
2.78512e+25
2.2781e+25
1.89678e+25
1.60573e+25
1.33958e+25
1.07027e+25
8.16062e+24
5.99977e+24
4.34914e+24
3.23149e+24
2.57266e+24
5.78626e+25
1.04815e+26
1.2293e+26
1.25004e+26
1.2393e+26
1.22312e+26
1.20224e+26
1.17625e+26
1.14453e+26
1.10631e+26
1.06077e+26
1.00707e+26
9.44505e+25
8.72709e+25
7.91859e+25
7.02994e+25
6.08424e+25
5.12141e+25
4.19612e+25
3.36429e+25
2.66742e+25
2.12573e+25
1.7292e+25
1.41922e+25
1.13012e+25
8.56276e+24
6.22206e+24
4.451e+24
3.28251e+24
2.62348e+24
5.44842e+25
1.04984e+26
1.25658e+26
1.28325e+26
1.27317e+26
1.25758e+26
1.23744e+26
1.21232e+26
1.18157e+26
1.14439e+26
1.09989e+26
1.04718e+26
9.85427e+25
9.14121e+25
8.3326e+25
7.43653e+25
6.47295e+25
5.47827e+25
4.50621e+25
3.61682e+25
2.8581e+25
2.25597e+25
1.80997e+25
1.47586e+25
1.18144e+25
9.02378e+24
6.58955e+24
4.70739e+24
3.43627e+24
2.70127e+24
5.45832e+25
1.05206e+26
1.25894e+26
1.28556e+26
1.27554e+26
1.26006e+26
1.24006e+26
1.21509e+26
1.18451e+26
1.14753e+26
1.10324e+26
1.05074e+26
9.89197e+25
9.18074e+25
8.37343e+25
7.47778e+25
6.51328e+25
5.51587e+25
4.53916e+25
3.64376e+25
2.87856e+25
2.27022e+25
1.81905e+25
1.48201e+25
1.18658e+25
9.06758e+24
6.62316e+24
4.73003e+24
3.4494e+24
2.70769e+24
5.42228e+25
1.05168e+26
1.26126e+26
1.28855e+26
1.27862e+26
1.26323e+26
1.24335e+26
1.21852e+26
1.18811e+26
1.1513e+26
1.10722e+26
1.05493e+26
9.93597e+25
9.22664e+25
8.42077e+25
7.52575e+25
6.56061e+25
5.5607e+25
4.57929e+25
3.67737e+25
2.90476e+25
2.28903e+25
1.83163e+25
1.49127e+25
1.195e+25
9.14364e+24
6.6843e+24
4.77317e+24
3.47563e+24
2.72118e+24
5.42492e+25
1.05354e+26
1.26397e+26
1.2914e+26
1.28157e+26
1.26632e+26
1.24661e+26
1.22197e+26
1.19178e+26
1.15522e+26
1.11139e+26
1.05937e+26
9.98294e+25
9.27585e+25
8.47163e+25
7.57738e+25
6.61171e+25
5.6094e+25
4.62331e+25
3.71469e+25
2.93429e+25
2.31069e+25
1.84662e+25
1.50276e+25
1.20572e+25
9.24169e+24
6.7639e+24
4.82992e+24
3.51056e+24
2.73936e+24
5.71537e+25
1.06051e+26
1.25155e+26
1.27406e+26
1.26354e+26
1.24763e+26
1.22707e+26
1.20142e+26
1.17003e+26
1.13211e+26
1.08679e+26
1.03318e+26
9.70537e+25
8.98409e+25
8.16898e+25
7.26941e+25
6.30696e+25
5.31996e+25
4.36327e+25
3.49571e+25
2.76236e+25
2.18616e+25
1.76213e+25
1.43901e+25
1.14703e+25
8.71088e+24
6.33639e+24
4.5276e+24
3.32632e+24
2.64448e+24
5.21155e+25
1.10249e+26
1.35575e+26
1.39231e+26
1.38267e+26
1.36713e+26
1.34698e+26
1.32166e+26
1.29043e+26
1.25237e+26
1.20646e+26
1.1516e+26
1.08679e+26
1.0113e+26
9.24952e+25
8.28386e+25
7.23381e+25
6.13287e+25
5.03535e+25
4.01185e+25
3.12612e+25
2.41453e+25
1.88344e+25
1.49872e+25
1.18364e+25
8.94741e+24
6.46044e+24
4.5778e+24
3.35051e+24
2.67616e+24
4.90605e+25
1.09592e+26
1.37571e+26
1.41987e+26
1.4111e+26
1.39611e+26
1.37664e+26
1.35213e+26
1.32183e+26
1.2848e+26
1.23998e+26
1.18622e+26
1.12244e+26
1.04777e+26
9.61896e+25
8.65289e+25
7.59525e+25
6.47638e+25
5.34659e+25
4.27581e+25
3.33396e+25
2.56516e+25
1.98189e+25
1.56118e+25
1.23292e+25
9.38315e+24
6.81025e+24
4.821e+24
3.49381e+24
2.74627e+24
4.91511e+25
1.09788e+26
1.3782e+26
1.42246e+26
1.41377e+26
1.3989e+26
1.37958e+26
1.35523e+26
1.32512e+26
1.28831e+26
1.24372e+26
1.1902e+26
1.12664e+26
1.05218e+26
9.66467e+25
8.69944e+25
7.64159e+25
6.52105e+25
5.38754e+25
4.31087e+25
3.36176e+25
2.58557e+25
1.9957e+25
1.57033e+25
1.24011e+25
9.44511e+24
6.85889e+24
4.85418e+24
3.51305e+24
2.75554e+24
4.95415e+25
1.10244e+26
1.38195e+26
1.42588e+26
1.41727e+26
1.40256e+26
1.38342e+26
1.35929e+26
1.32941e+26
1.29286e+26
1.24853e+26
1.19528e+26
1.13198e+26
1.05773e+26
9.72148e+25
8.7566e+25
7.69781e+25
6.5747e+25
5.43652e+25
4.35286e+25
3.39524e+25
2.61027e+25
2.01231e+25
1.58107e+25
1.24853e+25
9.52019e+24
6.91998e+24
4.8972e+24
3.53877e+24
2.76831e+24
5.21829e+25
1.11119e+26
1.36936e+26
1.407e+26
1.39761e+26
1.38237e+26
1.36256e+26
1.33762e+26
1.3068e+26
1.26917e+26
1.22365e+26
1.16914e+26
1.10456e+26
1.02915e+26
9.42653e+25
8.45662e+25
7.39892e+25
6.2858e+25
5.17018e+25
4.12294e+25
3.2109e+25
2.47374e+25
1.92035e+25
1.52124e+25
1.20126e+25
9.10033e+24
6.57944e+24
4.65762e+24
3.39575e+24
2.69738e+24
4.94938e+25
1.12972e+26
1.42603e+26
1.47367e+26
1.46509e+26
1.45009e+26
1.43053e+26
1.40581e+26
1.37512e+26
1.33748e+26
1.29174e+26
1.23666e+26
1.17104e+26
1.09395e+26
1.00498e+26
9.04575e+25
7.94319e+25
6.77226e+25
5.58308e+25
4.4485e+25
3.4462e+25
2.62704e+25
2.00564e+25
1.56019e+25
1.21998e+25
9.20636e+24
6.6285e+24
4.67184e+24
3.40138e+24
2.71172e+24
4.63091e+25
1.11764e+26
1.443e+26
1.49981e+26
1.49235e+26
1.47799e+26
1.45923e+26
1.43549e+26
1.40594e+26
1.3696e+26
1.32528e+26
1.2717e+26
1.20756e+26
1.13179e+26
1.0438e+26
9.43824e+25
8.33267e+25
7.14904e+25
5.93334e+25
4.75462e+25
3.69412e+25
2.81257e+25
2.13247e+25
1.64132e+25
1.27967e+25
9.72229e+24
7.04497e+24
4.96222e+24
3.57177e+24
2.79403e+24
4.60724e+25
1.11752e+26
1.44586e+26
1.50361e+26
1.49628e+26
1.48202e+26
1.46338e+26
1.43978e+26
1.4104e+26
1.37424e+26
1.33013e+26
1.27677e+26
1.21285e+26
1.13727e+26
1.04941e+26
9.49486e+25
8.38854e+25
7.2026e+25
5.98259e+25
4.79721e+25
3.72824e+25
2.83785e+25
2.14964e+25
1.65212e+25
1.28725e+25
9.78623e+24
7.09623e+24
4.99773e+24
3.59247e+24
2.80396e+24
4.63322e+25
1.12062e+26
1.44859e+26
1.50617e+26
1.49892e+26
1.48481e+26
1.46637e+26
1.44299e+26
1.41386e+26
1.37799e+26
1.33419e+26
1.28115e+26
1.21756e+26
1.14229e+26
1.05468e+26
9.54908e+25
8.4431e+25
7.25604e+25
6.03304e+25
4.84221e+25
3.76552e+25
2.86648e+25
2.17e+25
1.66586e+25
1.29767e+25
9.87759e+24
7.17119e+24
5.0509e+24
3.62431e+24
2.81968e+24
4.95664e+25
1.13509e+26
1.435e+26
1.4836e+26
1.47527e+26
1.46056e+26
1.44136e+26
1.41705e+26
1.38683e+26
1.34969e+26
1.30448e+26
1.24993e+26
1.1848e+26
1.10809e+26
1.01933e+26
9.18901e+25
8.08327e+25
6.90552e+25
5.70458e+25
4.55237e+25
3.52838e+25
2.68707e+25
2.04567e+25
1.58563e+25
1.23917e+25
9.37186e+24
6.75889e+24
4.76018e+24
3.45166e+24
2.73526e+24
4.89047e+25
1.1427e+26
1.45462e+26
1.50643e+26
1.4983e+26
1.48356e+26
1.46428e+26
1.43986e+26
1.40947e+26
1.3721e+26
1.32656e+26
1.27158e+26
1.20589e+26
1.12846e+26
1.03879e+26
9.37238e+25
8.25317e+25
7.05924e+25
5.83825e+25
4.66147e+25
3.61057e+25
2.7438e+25
2.08061e+25
1.60467e+25
1.25082e+25
9.46245e+24
6.82735e+24
4.80599e+24
3.47941e+24
2.75194e+24
4.50932e+25
1.12612e+26
1.4735e+26
1.53689e+26
1.53024e+26
1.5163e+26
1.49805e+26
1.47487e+26
1.44595e+26
1.41027e+26
1.36662e+26
1.31366e+26
1.25003e+26
1.17451e+26
1.08637e+26
9.85699e+25
8.73733e+25
7.53098e+25
6.28121e+25
5.05398e+25
3.93303e+25
2.98862e+25
2.2512e+25
1.71445e+25
1.3284e+25
1.01226e+25
7.36698e+24
5.18824e+24
3.70737e+24
2.86378e+24
4.47893e+25
1.12471e+26
1.47514e+26
1.53957e+26
1.53306e+26
1.51922e+26
1.50108e+26
1.47804e+26
1.44929e+26
1.41381e+26
1.37039e+26
1.31769e+26
1.25432e+26
1.17908e+26
1.09119e+26
9.90707e+25
8.78831e+25
7.58141e+25
6.32906e+25
5.09662e+25
3.96808e+25
3.0152e+25
2.26979e+25
1.72644e+25
1.33649e+25
1.01878e+25
7.41911e+24
5.22471e+24
3.72892e+24
2.87429e+24
4.45423e+25
1.12374e+26
1.47699e+26
1.5424e+26
1.53605e+26
1.52232e+26
1.50432e+26
1.48145e+26
1.45291e+26
1.41766e+26
1.37451e+26
1.32209e+26
1.25903e+26
1.18408e+26
1.09644e+26
9.96144e+25
8.84338e+25
7.63571e+25
6.38067e+25
5.14301e+25
4.00675e+25
3.04499e+25
2.291e+25
1.74048e+25
1.34631e+25
1.02701e+25
7.48687e+24
5.27332e+24
3.75838e+24
2.889e+24
4.38888e+25
1.11961e+26
1.47857e+26
1.54598e+26
1.53985e+26
1.52619e+26
1.5083e+26
1.48556e+26
1.45718e+26
1.42212e+26
1.37919e+26
1.32701e+26
1.2642e+26
1.18949e+26
1.10205e+26
1.00188e+26
8.90096e+25
7.69216e+25
6.43431e+25
5.19154e+25
4.04767e+25
3.07692e+25
2.31404e+25
1.75585e+25
1.35716e+25
1.03631e+25
7.56563e+24
5.33127e+24
3.79434e+24
2.90738e+24
4.66663e+25
1.13355e+26
1.46681e+26
1.52553e+26
1.51836e+26
1.50425e+26
1.48578e+26
1.46235e+26
1.43313e+26
1.39711e+26
1.3531e+26
1.29976e+26
1.23577e+26
1.15996e+26
1.07164e+26
9.70976e+25
8.59255e+25
7.39158e+25
6.15113e+25
4.9387e+25
3.83803e+25
2.91639e+25
2.20125e+25
1.68381e+25
1.30899e+25
9.96382e+24
7.23415e+24
5.09137e+24
3.64801e+24
2.83394e+24
4.83267e+25
1.13184e+26
1.44438e+26
1.49694e+26
1.48921e+26
1.47496e+26
1.45631e+26
1.43268e+26
1.40327e+26
1.36709e+26
1.32299e+26
1.2697e+26
1.20595e+26
1.13068e+26
1.04331e+26
9.44087e+25
8.34359e+25
7.16835e+25
5.95997e+25
4.78604e+25
3.72684e+25
2.84357e+25
2.16001e+25
1.66559e+25
1.30321e+25
9.9581e+24
7.25605e+24
5.1232e+24
3.67234e+24
2.84145e+24
4.48601e+25
1.11576e+26
1.45983e+26
1.52281e+26
1.51639e+26
1.50285e+26
1.4851e+26
1.46257e+26
1.43447e+26
1.39981e+26
1.35741e+26
1.30597e+26
1.24412e+26
1.17067e+26
1.08483e+26
9.86588e+25
8.77037e+25
7.58628e+25
6.35472e+25
5.13871e+25
4.01962e+25
3.06854e+25
2.31912e+25
1.76902e+25
1.37481e+25
1.05638e+25
7.76286e+24
5.49398e+24
3.9025e+24
2.95985e+24
4.36674e+25
1.10636e+26
1.45885e+26
1.52486e+26
1.51871e+26
1.50519e+26
1.48749e+26
1.46503e+26
1.43704e+26
1.40252e+26
1.36031e+26
1.30909e+26
1.24751e+26
1.17436e+26
1.08883e+26
9.9087e+25
8.81536e+25
7.63226e+25
6.39982e+25
5.18032e+25
4.05507e+25
3.09647e+25
2.3396e+25
1.78315e+25
1.38502e+25
1.06499e+25
7.83471e+24
5.54684e+24
3.93569e+24
2.97722e+24
4.2922e+25
1.10124e+26
1.4599e+26
1.52812e+26
1.52222e+26
1.50876e+26
1.49115e+26
1.46882e+26
1.44098e+26
1.40664e+26
1.36464e+26
1.31367e+26
1.25235e+26
1.17945e+26
1.09414e+26
9.96342e+25
8.87067e+25
7.68681e+25
6.45185e+25
5.2275e+25
4.09499e+25
3.12778e+25
2.36232e+25
1.79834e+25
1.39549e+25
1.07383e+25
7.91074e+24
5.60428e+24
3.97259e+24
2.99689e+24
4.56847e+25
1.11429e+26
1.44659e+26
1.50586e+26
1.49892e+26
1.48507e+26
1.46696e+26
1.44402e+26
1.41546e+26
1.38031e+26
1.33742e+26
1.28551e+26
1.22329e+26
1.1496e+26
1.06375e+26
9.65816e+25
8.5694e+25
7.39612e+25
6.18017e+25
4.9861e+25
3.89514e+25
2.97474e+25
2.25488e+25
1.73041e+25
1.35176e+25
1.03819e+25
7.60902e+24
5.37969e+24
3.83077e+24
2.92271e+24
4.94516e+25
1.10607e+26
1.39027e+26
1.43557e+26
1.42736e+26
1.41311e+26
1.39454e+26
1.37109e+26
1.34204e+26
1.30645e+26
1.26328e+26
1.21137e+26
1.14957e+26
1.07696e+26
9.93069e+25
8.98196e+25
7.93686e+25
6.82222e+25
5.68268e+25
4.58327e+25
3.59611e+25
2.77344e+25
2.13589e+25
1.67302e+25
1.32853e+25
1.0292e+25
7.59981e+24
5.41487e+24
3.86962e+24
2.93668e+24
4.58902e+25
1.08942e+26
1.40308e+26
1.45784e+26
1.45082e+26
1.4373e+26
1.41965e+26
1.39734e+26
1.36964e+26
1.33563e+26
1.29425e+26
1.24431e+26
1.18458e+26
1.11402e+26
1.03196e+26
9.38442e+25
8.34534e+25
7.22575e+25
6.06563e+25
4.92592e+25
3.8814e+25
2.99402e+25
2.29314e+25
1.77688e+25
1.40271e+25
1.09357e+25
8.15075e+24
5.8312e+24
4.14051e+24
3.08513e+24
4.45259e+25
1.07981e+26
1.40302e+26
1.46106e+26
1.45432e+26
1.4408e+26
1.42317e+26
1.40091e+26
1.37328e+26
1.33938e+26
1.29813e+26
1.24834e+26
1.1888e+26
1.11842e+26
1.03653e+26
9.4313e+25
8.39259e+25
7.27214e+25
6.1095e+25
4.96517e+25
3.91417e+25
3.01949e+25
2.31154e+25
1.78926e+25
1.41155e+25
1.1012e+25
8.21678e+24
5.88178e+24
4.17393e+24
3.10376e+24
4.35557e+25
1.07236e+26
1.40239e+26
1.46286e+26
1.45634e+26
1.44285e+26
1.42529e+26
1.40312e+26
1.37563e+26
1.34189e+26
1.30085e+26
1.25131e+26
1.19205e+26
1.12197e+26
1.04038e+26
9.47258e+25
8.43597e+25
7.3166e+25
6.15343e+25
5.00623e+25
3.94987e+25
3.04831e+25
2.3332e+25
1.8046e+25
1.42305e+25
1.11141e+25
8.30657e+24
5.95173e+24
4.22102e+24
3.13054e+24
4.66467e+25
1.08335e+26
1.38402e+26
1.43499e+26
1.42744e+26
1.41355e+26
1.39548e+26
1.3727e+26
1.3445e+26
1.31e+26
1.26813e+26
1.21776e+26
1.15772e+26
1.08702e+26
1.00508e+26
9.12032e+25
8.09004e+25
6.98435e+25
5.84501e+25
4.73482e+25
3.72717e+25
2.87912e+25
2.21619e+25
1.73288e+25
1.37831e+25
1.07475e+25
7.9881e+24
5.70638e+24
4.05872e+24
3.0403e+24
5.25548e+25
1.0629e+26
1.29314e+26
1.32548e+26
1.31637e+26
1.30177e+26
1.28284e+26
1.25913e+26
1.23e+26
1.19467e+26
1.15224e+26
1.10177e+26
1.04239e+26
9.7346e+25
8.94759e+25
8.06768e+25
7.10927e+25
6.10016e+25
5.08554e+25
4.12471e+25
3.27454e+25
2.57243e+25
2.03201e+25
1.63738e+25
1.32854e+25
1.0452e+25
7.84159e+24
5.66947e+24
4.07048e+24
3.04626e+24
4.83651e+25
1.0456e+26
1.30609e+26
1.34723e+26
1.33926e+26
1.32557e+26
1.3078e+26
1.28551e+26
1.25808e+26
1.22471e+26
1.18448e+26
1.13641e+26
1.07951e+26
1.01298e+26
9.36374e+25
8.49897e+25
7.54665e+25
6.53041e+25
5.49043e+25
4.484e+25
3.57311e+25
2.80421e+25
2.19919e+25
1.75373e+25
1.42165e+25
1.13148e+25
8.59944e+24
6.26167e+24
4.47685e+24
3.28646e+24
4.74346e+25
1.04067e+26
1.3075e+26
1.35061e+26
1.34278e+26
1.32911e+26
1.31138e+26
1.28915e+26
1.2618e+26
1.22852e+26
1.18841e+26
1.14046e+26
1.0837e+26
1.0173e+26
9.40805e+25
8.54387e+25
7.59132e+25
6.57355e+25
5.53029e+25
4.51869e+25
3.60131e+25
2.82552e+25
2.2139e+25
1.76288e+25
1.42764e+25
1.1365e+25
8.64313e+24
6.29585e+24
4.50028e+24
3.30027e+24
4.71257e+25
1.0393e+26
1.30856e+26
1.35242e+26
1.34472e+26
1.33115e+26
1.31355e+26
1.29147e+26
1.2643e+26
1.23123e+26
1.19136e+26
1.14369e+26
1.08722e+26
1.02111e+26
9.44883e+25
8.58684e+25
7.63555e+25
6.61765e+25
5.57229e+25
4.55634e+25
3.63283e+25
2.85016e+25
2.23182e+25
1.77522e+25
1.43697e+25
1.14488e+25
8.71718e+24
6.35435e+24
4.54096e+24
3.32472e+24
4.59429e+25
1.03157e+26
1.30869e+26
1.35513e+26
1.34762e+26
1.33407e+26
1.31651e+26
1.2945e+26
1.26742e+26
1.23447e+26
1.19476e+26
1.14726e+26
1.09099e+26
1.02509e+26
9.49059e+25
8.63019e+25
7.67982e+25
6.66174e+25
5.61459e+25
4.59481e+25
3.66565e+25
2.87636e+25
2.25131e+25
1.78904e+25
1.44788e+25
1.15518e+25
8.81165e+24
6.43126e+24
4.59596e+24
3.35866e+24
4.85704e+25
1.03995e+26
1.29549e+26
1.33549e+26
1.32737e+26
1.31354e+26
1.29561e+26
1.27317e+26
1.24558e+26
1.21208e+26
1.17176e+26
1.12364e+26
1.06678e+26
1.00039e+26
9.2406e+25
8.38015e+25
7.43399e+25
6.42616e+25
5.39754e+25
4.40563e+25
3.51125e+25
2.75919e+25
2.1703e+25
1.73865e+25
1.41443e+25
1.12628e+25
8.55359e+24
6.22513e+24
4.45163e+24
3.2716e+24
5.77261e+25
9.90659e+25
1.15284e+26
1.17248e+26
1.16332e+26
1.14891e+26
1.13022e+26
1.10699e+26
1.07877e+26
1.04495e+26
1.00487e+26
9.57836e+25
9.03265e+25
8.40788e+25
7.70442e+25
6.92904e+25
6.09802e+25
5.24017e+25
4.3965e+25
3.61283e+25
2.92861e+25
2.36955e+25
1.94358e+25
1.6268e+25
1.35775e+25
1.09299e+25
8.40304e+24
6.21806e+24
4.5147e+24
3.33061e+24
5.39652e+25
9.83359e+25
1.16881e+26
1.1939e+26
1.18543e+26
1.17172e+26
1.15393e+26
1.13182e+26
1.10489e+26
1.07254e+26
1.03407e+26
9.88732e+25
9.35847e+25
8.7491e+25
8.05774e+25
7.28882e+25
6.45561e+25
5.58349e+25
4.71133e+25
3.8862e+25
3.15195e+25
2.53957e+25
2.06348e+25
1.71235e+25
1.43334e+25
1.16766e+25
9.08423e+24
6.77591e+24
4.92447e+24
3.59668e+24
5.31355e+25
9.79883e+25
1.16998e+26
1.1963e+26
1.18791e+26
1.17422e+26
1.15648e+26
1.13443e+26
1.10759e+26
1.07535e+26
1.037e+26
9.91808e+25
9.39084e+25
8.78312e+25
8.09325e+25
7.32538e+25
6.49235e+25
5.61908e+25
4.74412e+25
3.91469e+25
3.17518e+25
2.55722e+25
2.0758e+25
1.72057e+25
1.43973e+25
1.17359e+25
9.13744e+24
6.81911e+24
4.95596e+24
3.61699e+24
5.24478e+25
9.7756e+25
1.17212e+26
1.19965e+26
1.19136e+26
1.17774e+26
1.16008e+26
1.13812e+26
1.11139e+26
1.07927e+26
1.04106e+26
9.96008e+25
9.43415e+25
8.82752e+25
8.13836e+25
7.37058e+25
6.53671e+25
5.66132e+25
4.78273e+25
3.94823e+25
3.20269e+25
2.57829e+25
2.0906e+25
1.73055e+25
1.44782e+25
1.18156e+25
9.21232e+24
6.88211e+24
5.00345e+24
3.64869e+24
5.47595e+25
9.75469e+25
1.15241e+26
1.17602e+26
1.16754e+26
1.15382e+26
1.13604e+26
1.11395e+26
1.08711e+26
1.05492e+26
1.01672e+26
9.71804e+25
9.19504e+25
8.59331e+25
7.91139e+25
7.15352e+25
6.3328e+25
5.47476e+25
4.61847e+25
3.81072e+25
3.09459e+25
2.50029e+25
2.04121e+25
1.70277e+25
1.42828e+25
1.16222e+25
9.02763e+24
6.72691e+24
4.88763e+24
3.57255e+24
6.96388e+25
8.95158e+25
9.71446e+25
9.81652e+25
9.7428e+25
9.60837e+25
9.4283e+25
9.20411e+25
8.93377e+25
8.61381e+25
8.24027e+25
7.80953e+25
7.31935e+25
6.77016e+25
6.16684e+25
5.52059e+25
4.85037e+25
4.18247e+25
3.54724e+25
2.97413e+25
2.48721e+25
2.10146e+25
1.81282e+25
1.58223e+25
1.35481e+25
1.11372e+25
8.77685e+24
6.67383e+24
4.95296e+24
3.66697e+24
6.57246e+25
8.92253e+25
9.85132e+25
9.98059e+25
9.91166e+25
9.78446e+25
9.61435e+25
9.40255e+25
9.14686e+25
8.84357e+25
8.48832e+25
8.07674e+25
7.60539e+25
7.07295e+25
6.48186e+25
5.84043e+25
5.16476e+25
4.47937e+25
3.81488e+25
3.20307e+25
2.67145e+25
2.23952e+25
1.91223e+25
1.66361e+25
1.43698e+25
1.1972e+25
9.54835e+24
7.32598e+24
5.45939e+24
4.02437e+24
6.52492e+25
8.92912e+25
9.88432e+25
1.00181e+26
9.94918e+25
9.82199e+25
9.65199e+25
9.44034e+25
9.18481e+25
8.88164e+25
8.5264e+25
8.1147e+25
7.643e+25
7.10988e+25
6.51768e+25
5.87452e+25
5.19639e+25
4.50773e+25
3.83924e+25
3.2229e+25
2.68647e+25
2.24971e+25
1.91812e+25
1.66684e+25
1.43962e+25
1.19996e+25
9.57448e+24
7.34784e+24
5.47589e+24
4.03558e+24
6.46427e+25
8.9038e+25
9.87994e+25
1.0018e+26
9.94994e+25
9.82372e+25
9.65503e+25
9.44504e+25
9.19152e+25
8.89072e+25
8.53822e+25
8.12955e+25
7.66111e+25
7.13133e+25
6.54226e+25
5.9017e+25
5.22517e+25
4.53673e+25
3.8669e+25
3.24782e+25
2.70764e+25
2.26669e+25
1.93136e+25
1.67817e+25
1.45103e+25
1.21159e+25
9.68294e+24
7.4406e+24
5.54898e+24
4.08809e+24
6.71308e+25
8.79876e+25
9.62696e+25
9.74566e+25
9.67846e+25
9.5519e+25
9.3819e+25
9.17014e+25
8.91475e+25
8.61231e+25
8.25874e+25
7.85005e+25
7.38326e+25
6.85757e+25
6.27607e+25
5.64775e+25
4.98918e+25
4.32483e+25
3.68459e+25
3.09903e+25
2.59465e+25
2.18993e+25
1.88687e+25
1.65298e+25
1.42954e+25
1.1887e+25
9.4619e+24
7.25039e+24
5.40013e+24
3.98251e+24
7.50427e+25
7.71503e+25
7.81931e+25
7.82332e+25
7.75559e+25
7.6348e+25
7.4694e+25
7.26233e+25
7.01393e+25
6.72349e+25
6.39024e+25
6.01425e+25
5.59738e+25
5.14438e+25
4.66388e+25
4.16884e+25
3.67611e+25
3.20486e+25
2.77443e+25
2.40224e+25
2.10093e+25
1.87076e+25
1.68734e+25
1.507e+25
1.30394e+25
1.08647e+25
8.74398e+24
6.82739e+24
5.20547e+24
3.92569e+24
7.35857e+25
7.71191e+25
7.88916e+25
7.92256e+25
7.86908e+25
7.75964e+25
7.60623e+25
7.41273e+25
7.17966e+25
6.90608e+25
6.5907e+25
6.23269e+25
5.83259e+25
5.39334e+25
4.92135e+25
4.42737e+25
3.92664e+25
3.43783e+25
2.98115e+25
2.57614e+25
2.23929e+25
1.97895e+25
1.78294e+25
1.61031e+25
1.41895e+25
1.20311e+25
9.82477e+24
7.76247e+24
5.96451e+24
4.49907e+24
7.36442e+25
7.73543e+25
7.92098e+25
7.95702e+25
7.90424e+25
7.79499e+25
7.64163e+25
7.4481e+25
7.21489e+25
6.94104e+25
6.6252e+25
6.26647e+25
5.86532e+25
5.42459e+25
4.95063e+25
4.45417e+25
3.95044e+25
3.4582e+25
2.99778e+25
2.5888e+25
2.24789e+25
1.98369e+25
1.78477e+25
1.6109e+25
1.41946e+25
1.20372e+25
9.83007e+24
7.76596e+24
5.96613e+24
4.49924e+24
7.36032e+25
7.74513e+25
7.93709e+25
7.9752e+25
7.92313e+25
7.81434e+25
7.66144e+25
7.46843e+25
7.23577e+25
6.9625e+25
6.64722e+25
6.28896e+25
5.88811e+25
5.44741e+25
4.9731e+25
4.47579e+25
3.97063e+25
3.47639e+25
3.01346e+25
2.60159e+25
2.25757e+25
1.99043e+25
1.78951e+25
1.61519e+25
1.4242e+25
1.2087e+25
9.87738e+24
7.80739e+24
6.00008e+24
4.52514e+24
7.34131e+25
7.74268e+25
7.9426e+25
7.9834e+25
7.93238e+25
7.82438e+25
7.67234e+25
7.48033e+25
7.24883e+25
6.97686e+25
6.66298e+25
6.30617e+25
5.90671e+25
5.46723e+25
4.99378e+25
4.49679e+25
3.99125e+25
3.49584e+25
3.03097e+25
2.61652e+25
2.26956e+25
1.9997e+25
1.79742e+25
1.62381e+25
1.43437e+25
1.21955e+25
9.98099e+24
7.89903e+24
6.07606e+24
4.58391e+24
7.36508e+25
7.66081e+25
7.81093e+25
7.83529e+25
7.77883e+25
7.66779e+25
7.51296e+25
7.31797e+25
7.08333e+25
6.80821e+25
6.49149e+25
6.13258e+25
5.73236e+25
5.29418e+25
4.82491e+25
4.33571e+25
3.84202e+25
3.36247e+25
2.91692e+25
2.52437e+25
2.20059e+25
1.95228e+25
1.76418e+25
1.5933e+25
1.40047e+25
1.18403e+25
9.64591e+24
7.60683e+24
5.83755e+24
4.4025e+24
6.55519e+25
6.55891e+25
6.54088e+25
6.49139e+25
6.40806e+25
6.29095e+25
6.1405e+25
5.95693e+25
5.7402e+25
5.49036e+25
5.20794e+25
4.89458e+25
4.5536e+25
4.1906e+25
3.81385e+25
3.43421e+25
3.06462e+25
2.7192e+25
2.41215e+25
2.15587e+25
1.95629e+25
1.80339e+25
1.66556e+25
1.50774e+25
1.32036e+25
1.11774e+25
9.17911e+24
7.33463e+24
5.72213e+24
4.38949e+24
6.63034e+25
6.65254e+25
6.65135e+25
6.61458e+25
6.54094e+25
6.43194e+25
6.28904e+25
6.11294e+25
5.90372e+25
5.66127e+25
5.38576e+25
5.07818e+25
4.74101e+25
4.37887e+25
3.99899e+25
3.61144e+25
3.22869e+25
2.86492e+25
2.53489e+25
2.2526e+25
2.02812e+25
1.85963e+25
1.72303e+25
1.57845e+25
1.40231e+25
1.20204e+25
9.97327e+24
8.03874e+24
6.31423e+24
4.85933e+24
6.64864e+25
6.6734e+25
6.67432e+25
6.63895e+25
6.56619e+25
6.45778e+25
6.31529e+25
6.13949e+25
5.93048e+25
5.68811e+25
5.41251e+25
5.10462e+25
4.76685e+25
4.40372e+25
4.02244e+25
3.63301e+25
3.24795e+25
2.88147e+25
2.5484e+25
2.26286e+25
2.03515e+25
1.86401e+25
1.72604e+25
1.5814e+25
1.40562e+25
1.20542e+25
1.00043e+25
8.06525e+24
6.33549e+24
4.87534e+24
6.65395e+25
6.68182e+25
6.68577e+25
6.65259e+25
6.58119e+25
6.47352e+25
6.33136e+25
6.15562e+25
5.9465e+25
5.70392e+25
5.42802e+25
5.11974e+25
4.78148e+25
4.41774e+25
4.03569e+25
3.64531e+25
3.25908e+25
2.8912e+25
2.5565e+25
2.26911e+25
2.03947e+25
1.86672e+25
1.72806e+25
1.58379e+25
1.40874e+25
1.20899e+25
1.00407e+25
8.0995e+24
6.36593e+24
4.90081e+24
6.66385e+25
6.67915e+25
6.67148e+25
6.62965e+25
6.55208e+25
6.43975e+25
6.29367e+25
6.11429e+25
5.90159e+25
5.65541e+25
5.37597e+25
5.06438e+25
4.72334e+25
4.35773e+25
3.97513e+25
3.58588e+25
3.20271e+25
2.83984e+25
2.5119e+25
2.23245e+25
2.01051e+25
1.84239e+25
1.70238e+25
1.55209e+25
1.37177e+25
1.17067e+25
9.67718e+24
7.77517e+24
6.0913e+24
4.68111e+24
0
0
0
0
0
0
0
0
0
0
0
0
0
0
0
0
0
0
0
0
0
0
0
0
0
0
0
0
0
0
0
0
0
0
0
0
0
0
0
0
0
0
0
0
0
0
0
0
0
0
0
0
0
0
0
0
0
0
0
0
0
0
0
0
0
0
0
0
0
0
0
0
0
0
0
0
0
0
0
0
0
0
0
0
0
0
0
0
0
0
0
0
0
0
0
0
0
0
0
0
0
0
0
0
0
0
0
0
0
0
0
0
0
0
0
0
0
0
0
0
0
0
0
0
0
0
0
0
0
0
0
0
0
0
0
0
0
0
0
0
0
0
0
0
0
0
0
0
0
0
0
0
0
0
0
0
0
0
0
0
0
0
0
0
0
0
0
0
0
0
0
0
0
0
0
0
0
0
0
0
0
0
0
0
0
0
0
0
0
0
0
0
0
0
0
0
0
0
0
0
0
0
0
0
0
0
0
0
0
0
0
0
0
0
0
0
0
0
0
0
0
0
0
0
0
0
0
0
0
0
0
0
0
0
0
0
0
0
0
0
0
0
0
0
0
0
0
0
0
0
0
0
0
0
0
0
0
0
0
0
0
0
0
0
0
0
0
0
0
0
0
0
0
0
0
0
0
0
0
0
0
0
0
0
0
0
0
0
0
0
0
0
0
0
0
0
0
0
0
0
0
0
0
0
0
0
0
0
0
0
0
0
0
0
0
0
0
0
0
0
0
0
0
0
0
0
0
0
0
0
0
0
0
0
0
0
0
0
0
0
0
0
0
0
0
0
0
0
0
0
0
0
0
0
0
0
0
0
0
0
0
0
0
0
0
0
0
0
0
0
0
0
0
0
0
0
0
0
0
0
0
0
0
0
0
0
0
0
0
0
0
0
0
0
0
0
0
0
0
0
0
0
0
0
0
0
0
0
0
0
0
0
0
0
0
0
0
0
0
0
0
0
0
0
0
0
0
0
0
0
0
0
0
0
0
0
0
0
0
0
0
0
0
0
0
0
0
0
0
0
0
0
0
0
0
0
0
0
0
0
0
0
0
0
0
0
0
0
0
0
0
0
0
0
0
0
0
0
0
0
0
0
0
0
0
0
0
0
0
0
0
0
0
0
0
0
0
0
0
0
0
0
0
0
0
0
0
0
0
0
0
0
0
0
0
0
0
0
0
0
0
0
0
0
0
0
0
0
0
0
0
0
0
0
0
0
0
0
0
0
0
0
0
0
0
0
0
0
0
0
0
0
0
0
0
0
0
0
0
0
0
0
0
0
0
0
0
0
0
0
0
0
0
0
0
0
0
0
0
0
0
0
0
0
0
0
0
0
0
0
0
0
0
0
0
0
0
0
0
0
0
0
0
0
0
0
0
0
0
0
0
0
0
0
0
0
0
0
0
0
0
0
0
0
0
0
0
0
0
0
0
0
0
0
0
0
0
0
0
0
0
0
0
0
0
0
0
0
0
0
0
0
0
0
0
0
0
0
0
0
0
0
0
0
0
0
0
0
0
0
0
0
0
0
0
0
0
0
0
0
0
0
0
0
0
0
0
0
0
0
0
0
0
0
0
0
0
0
0
0
0
0
0
0
0
0
0
0
0
0
0
0
0
0
0
0
0
0
0
0
0
0
0
0
0
0
0
0
0
0
0
0
0
0
0
0
0
0
0
0
0
0
0
0
0
0
0
0
0
0
0
0
0
0
0
0
0
0
0
0
0
0
0
0
0
0
0
0
0
0
0
0
0
0
0
0
0
0
0
0
0
0
0
0
0
0
0
0
0
0
0
0
0
0
0
0
0
0
0
0
0
0
0
0
0
0
0
0
0
0
0
0
0
0
0
0
0
0
0
0
0
0
0
0
0
0
0
0
0
0
0
0
0
0
0
0
0
0
0
0
0
0
0
0
0
0
0
0
0
0
0
0
0
0
0
0
0
0
0
0
0
0
0
0
0
0
0
0
0
0
0
0
0
0
0
0
0
0
0
0
0
0
0
0
0
0
0
0
0
0
0
0
0
0
0
0
0
0
0
0
0
0
0
0
0
0
0
0
0
0
0
0
0
0
0
0
0
0
0
0
0
0
0
0
0
0
0
0
0
0
0
0
0
0
0
0
0
0
0
0
0
0
0
0
0
0
0
0
0
0
0
0
0
0
0
0
0
0
0
0
0
0
0
0
0
0
0
0
0
0
0
0
0
0
0
0
0
0
0
0
0
0
0
0
0
0
0
0
0
0
0
0
0
0
0
0
0
0
0
0
0
0
0
0
0
0
0
0
0
0
0
0
0
0
0
0
0
0
0
0
0
0
0
0
0
0
0
0
0
0
0
0
0
0
0
0
0
0
0
0
0
0
0
0
0
0
0
0
0
0
0
0
0
0
0
0
0
0
0
0
0
0
0
0
0
0
0
0
0
0
0
0
0
0
0
0
0
0
0
0
0
0
0
0
0
0
0
0
0
0
0
0
0
0
0
0
0
0
0
0
0
0
0
0
0
0
0
0
0
0
0
0
0
0
0
0
0
0
0
0
0
0
0
0
0
0
0
0
0
0
0
0
0
0
0
0
0
0
0
0
0
0
0
0
0
0
0
0
0
0
0
0
0
0
0
0
0
0
0
0
0
0
0
0
0
0
0
0
0
0
0
0
0
0
0
0
0
0
0
0
0
0
0
0
0
0
0
0
0
0
0
0
0
0
0
0
0
0
0
0
0
0
0
0
0
0
0
0
0
0
0
0
0
0
0
0
0
0
0
0
0
0
0
0
0
0
0
0
0
0
0
0
0
0
0
0
0
0
0
0
0
0
0
0
0
0
0
0
0
0
0
0
0
0
0
0
0
0
0
0
0
0
0
0
0
0
0
0
0
0
0
0
0
0
0
0
0
0
0
0
0
0
0
0
0
0
0
0
0
0
0
0
0
0
0
0
0
0
0
0
0
0
0
0
0
0
0
0
0
0
0
0
0
0
0
0
0
0
0
0
0
0
0
0
0
0
0
0
0
0
0
0
0
0
0
0
0
0
0
0
0
0
0
0
0
0
0
0
0
0
0
0
0
0
0
0
0
0
0
0
0
0
0
0
0
0
0
0
0
0
0
0
0
0
0
0
0
0
0
0
0
0
0
0
0
0
0
0
0
0
0
0
0
0
0
0
0
0
0
0
0
0
0
0
0
0
0
0
0
0
0
0
0
0
0
0
0
0
0
0
)
;

boundaryField
{
    fuelBottom
    {
        type            empty;
    }
    fuelTop_1
    {
        type            empty;
    }
    fuelOuter
    {
        type            zeroGradient;
    }
    fuelTop
    {
        type            empty;
    }
    fuelInner
    {
        type            zeroGradient;
    }
    cladBottom
    {
        type            empty;
    }
    cladInner
    {
        type            zeroGradient;
    }
    cladOuter
    {
        type            zeroGradient;
    }
    cladTop
    {
        type            empty;
    }
    front
    {
        type            wedge;
    }
    back
    {
        type            wedge;
    }
}


// ************************************************************************* //
