/*--------------------------------*- C++ -*----------------------------------*\
| =========                 |                                                 |
| \\      /  F ield         | OpenFOAM: The Open Source CFD Toolbox           |
|  \\    /   O peration     | Version:  2306                                  |
|   \\  /    A nd           | Website:  www.openfoam.com                      |
|    \\/     M anipulation  |                                                 |
\*---------------------------------------------------------------------------*/
FoamFile
{
    version     2.0;
    format      ascii;
    arch        "LSB;label=32;scalar=64";
    class       faceList;
    location    "constant/thermoMechanicalRegion/polyMesh";
    object      faces;
}
// * * * * * * * * * * * * * * * * * * * * * * * * * * * * * * * * * * * * * //


1818
(
4(1 8 22 15)
4(14 15 22 21)
4(2 9 23 16)
4(15 16 23 22)
4(3 10 24 17)
4(16 17 24 23)
4(4 11 25 18)
4(17 18 25 24)
4(5 12 26 19)
4(18 19 26 25)
4(19 20 27 26)
4(15 22 36 29)
4(28 29 36 35)
4(16 23 37 30)
4(29 30 37 36)
4(17 24 38 31)
4(30 31 38 37)
4(18 25 39 32)
4(31 32 39 38)
4(19 26 40 33)
4(32 33 40 39)
4(33 34 41 40)
4(29 36 50 43)
4(42 43 50 49)
4(30 37 51 44)
4(43 44 51 50)
4(31 38 52 45)
4(44 45 52 51)
4(32 39 53 46)
4(45 46 53 52)
4(33 40 54 47)
4(46 47 54 53)
4(47 48 55 54)
4(43 50 64 57)
4(56 57 64 63)
4(44 51 65 58)
4(57 58 65 64)
4(45 52 66 59)
4(58 59 66 65)
4(46 53 67 60)
4(59 60 67 66)
4(47 54 68 61)
4(60 61 68 67)
4(61 62 69 68)
4(57 64 78 71)
4(70 71 78 77)
4(58 65 79 72)
4(71 72 79 78)
4(59 66 80 73)
4(72 73 80 79)
4(60 67 81 74)
4(73 74 81 80)
4(61 68 82 75)
4(74 75 82 81)
4(75 76 83 82)
4(71 78 92 85)
4(84 85 92 91)
4(72 79 93 86)
4(85 86 93 92)
4(73 80 94 87)
4(86 87 94 93)
4(74 81 95 88)
4(87 88 95 94)
4(75 82 96 89)
4(88 89 96 95)
4(89 90 97 96)
4(85 92 106 99)
4(98 99 106 105)
4(86 93 107 100)
4(99 100 107 106)
4(87 94 108 101)
4(100 101 108 107)
4(88 95 109 102)
4(101 102 109 108)
4(89 96 110 103)
4(102 103 110 109)
4(103 104 111 110)
4(99 106 120 113)
4(112 113 120 119)
4(100 107 121 114)
4(113 114 121 120)
4(101 108 122 115)
4(114 115 122 121)
4(102 109 123 116)
4(115 116 123 122)
4(103 110 124 117)
4(116 117 124 123)
4(117 118 125 124)
4(113 120 134 127)
4(126 127 134 133)
4(114 121 135 128)
4(127 128 135 134)
4(115 122 136 129)
4(128 129 136 135)
4(116 123 137 130)
4(129 130 137 136)
4(117 124 138 131)
4(130 131 138 137)
4(131 132 139 138)
4(127 134 148 141)
4(140 141 148 147)
4(128 135 149 142)
4(141 142 149 148)
4(129 136 150 143)
4(142 143 150 149)
4(130 137 151 144)
4(143 144 151 150)
4(131 138 152 145)
4(144 145 152 151)
4(145 146 153 152)
4(141 148 162 155)
4(154 155 162 161)
4(142 149 163 156)
4(155 156 163 162)
4(143 150 164 157)
4(156 157 164 163)
4(144 151 165 158)
4(157 158 165 164)
4(145 152 166 159)
4(158 159 166 165)
4(159 160 167 166)
4(155 162 176 169)
4(168 169 176 175)
4(156 163 177 170)
4(169 170 177 176)
4(157 164 178 171)
4(170 171 178 177)
4(158 165 179 172)
4(171 172 179 178)
4(159 166 180 173)
4(172 173 180 179)
4(173 174 181 180)
4(169 176 190 183)
4(182 183 190 189)
4(170 177 191 184)
4(183 184 191 190)
4(171 178 192 185)
4(184 185 192 191)
4(172 179 193 186)
4(185 186 193 192)
4(173 180 194 187)
4(186 187 194 193)
4(187 188 195 194)
4(183 190 204 197)
4(196 197 204 203)
4(184 191 205 198)
4(197 198 205 204)
4(185 192 206 199)
4(198 199 206 205)
4(186 193 207 200)
4(199 200 207 206)
4(187 194 208 201)
4(200 201 208 207)
4(201 202 209 208)
4(197 204 218 211)
4(210 211 218 217)
4(198 205 219 212)
4(211 212 219 218)
4(199 206 220 213)
4(212 213 220 219)
4(200 207 221 214)
4(213 214 221 220)
4(201 208 222 215)
4(214 215 222 221)
4(215 216 223 222)
4(211 218 232 225)
4(224 225 232 231)
4(212 219 233 226)
4(225 226 233 232)
4(213 220 234 227)
4(226 227 234 233)
4(214 221 235 228)
4(227 228 235 234)
4(215 222 236 229)
4(228 229 236 235)
4(229 230 237 236)
4(225 232 246 239)
4(238 239 246 245)
4(226 233 247 240)
4(239 240 247 246)
4(227 234 248 241)
4(240 241 248 247)
4(228 235 249 242)
4(241 242 249 248)
4(229 236 250 243)
4(242 243 250 249)
4(243 244 251 250)
4(239 246 260 253)
4(252 253 260 259)
4(240 247 261 254)
4(253 254 261 260)
4(241 248 262 255)
4(254 255 262 261)
4(242 249 263 256)
4(255 256 263 262)
4(243 250 264 257)
4(256 257 264 263)
4(257 258 265 264)
4(253 260 274 267)
4(266 267 274 273)
4(254 261 275 268)
4(267 268 275 274)
4(255 262 276 269)
4(268 269 276 275)
4(256 263 277 270)
4(269 270 277 276)
4(257 264 278 271)
4(270 271 278 277)
4(271 272 279 278)
4(267 274 288 281)
4(280 281 288 287)
4(268 275 289 282)
4(281 282 289 288)
4(269 276 290 283)
4(282 283 290 289)
4(270 277 291 284)
4(283 284 291 290)
4(271 278 292 285)
4(284 285 292 291)
4(285 286 293 292)
4(281 288 302 295)
4(294 295 302 301)
4(282 289 303 296)
4(295 296 303 302)
4(283 290 304 297)
4(296 297 304 303)
4(284 291 305 298)
4(297 298 305 304)
4(285 292 306 299)
4(298 299 306 305)
4(299 300 307 306)
4(295 302 316 309)
4(308 309 316 315)
4(296 303 317 310)
4(309 310 317 316)
4(297 304 318 311)
4(310 311 318 317)
4(298 305 319 312)
4(311 312 319 318)
4(299 306 320 313)
4(312 313 320 319)
4(313 314 321 320)
4(309 316 330 323)
4(322 323 330 329)
4(310 317 331 324)
4(323 324 331 330)
4(311 318 332 325)
4(324 325 332 331)
4(312 319 333 326)
4(325 326 333 332)
4(313 320 334 327)
4(326 327 334 333)
4(327 328 335 334)
4(323 330 344 337)
4(324 331 345 338)
4(325 332 346 339)
4(326 333 347 340)
4(327 334 348 341)
4(351 358 372 365)
4(364 365 372 371)
4(352 359 373 366)
4(365 366 373 372)
4(353 360 374 367)
4(366 367 374 373)
4(354 361 375 368)
4(367 368 375 374)
4(355 362 376 369)
4(368 369 376 375)
4(369 370 377 376)
4(365 372 386 379)
4(378 379 386 385)
4(366 373 387 380)
4(379 380 387 386)
4(367 374 388 381)
4(380 381 388 387)
4(368 375 389 382)
4(381 382 389 388)
4(369 376 390 383)
4(382 383 390 389)
4(383 384 391 390)
4(379 386 400 393)
4(392 393 400 399)
4(380 387 401 394)
4(393 394 401 400)
4(381 388 402 395)
4(394 395 402 401)
4(382 389 403 396)
4(395 396 403 402)
4(383 390 404 397)
4(396 397 404 403)
4(397 398 405 404)
4(393 400 414 407)
4(406 407 414 413)
4(394 401 415 408)
4(407 408 415 414)
4(395 402 416 409)
4(408 409 416 415)
4(396 403 417 410)
4(409 410 417 416)
4(397 404 418 411)
4(410 411 418 417)
4(411 412 419 418)
4(407 414 428 421)
4(420 421 428 427)
4(408 415 429 422)
4(421 422 429 428)
4(409 416 430 423)
4(422 423 430 429)
4(410 417 431 424)
4(423 424 431 430)
4(411 418 432 425)
4(424 425 432 431)
4(425 426 433 432)
4(421 428 442 435)
4(434 435 442 441)
4(422 429 443 436)
4(435 436 443 442)
4(423 430 444 437)
4(436 437 444 443)
4(424 431 445 438)
4(437 438 445 444)
4(425 432 446 439)
4(438 439 446 445)
4(439 440 447 446)
4(435 442 456 449)
4(448 449 456 455)
4(436 443 457 450)
4(449 450 457 456)
4(437 444 458 451)
4(450 451 458 457)
4(438 445 459 452)
4(451 452 459 458)
4(439 446 460 453)
4(452 453 460 459)
4(453 454 461 460)
4(449 456 470 463)
4(462 463 470 469)
4(450 457 471 464)
4(463 464 471 470)
4(451 458 472 465)
4(464 465 472 471)
4(452 459 473 466)
4(465 466 473 472)
4(453 460 474 467)
4(466 467 474 473)
4(467 468 475 474)
4(463 470 484 477)
4(476 477 484 483)
4(464 471 485 478)
4(477 478 485 484)
4(465 472 486 479)
4(478 479 486 485)
4(466 473 487 480)
4(479 480 487 486)
4(467 474 488 481)
4(480 481 488 487)
4(481 482 489 488)
4(477 484 498 491)
4(490 491 498 497)
4(478 485 499 492)
4(491 492 499 498)
4(479 486 500 493)
4(492 493 500 499)
4(480 487 501 494)
4(493 494 501 500)
4(481 488 502 495)
4(494 495 502 501)
4(495 496 503 502)
4(491 498 512 505)
4(504 505 512 511)
4(492 499 513 506)
4(505 506 513 512)
4(493 500 514 507)
4(506 507 514 513)
4(494 501 515 508)
4(507 508 515 514)
4(495 502 516 509)
4(508 509 516 515)
4(509 510 517 516)
4(505 512 526 519)
4(518 519 526 525)
4(506 513 527 520)
4(519 520 527 526)
4(507 514 528 521)
4(520 521 528 527)
4(508 515 529 522)
4(521 522 529 528)
4(509 516 530 523)
4(522 523 530 529)
4(523 524 531 530)
4(519 526 540 533)
4(532 533 540 539)
4(520 527 541 534)
4(533 534 541 540)
4(521 528 542 535)
4(534 535 542 541)
4(522 529 543 536)
4(535 536 543 542)
4(523 530 544 537)
4(536 537 544 543)
4(537 538 545 544)
4(533 540 554 547)
4(546 547 554 553)
4(534 541 555 548)
4(547 548 555 554)
4(535 542 556 549)
4(548 549 556 555)
4(536 543 557 550)
4(549 550 557 556)
4(537 544 558 551)
4(550 551 558 557)
4(551 552 559 558)
4(547 554 568 561)
4(560 561 568 567)
4(548 555 569 562)
4(561 562 569 568)
4(549 556 570 563)
4(562 563 570 569)
4(550 557 571 564)
4(563 564 571 570)
4(551 558 572 565)
4(564 565 572 571)
4(565 566 573 572)
4(561 568 582 575)
4(574 575 582 581)
4(562 569 583 576)
4(575 576 583 582)
4(563 570 584 577)
4(576 577 584 583)
4(564 571 585 578)
4(577 578 585 584)
4(565 572 586 579)
4(578 579 586 585)
4(579 580 587 586)
4(575 582 596 589)
4(588 589 596 595)
4(576 583 597 590)
4(589 590 597 596)
4(577 584 598 591)
4(590 591 598 597)
4(578 585 599 592)
4(591 592 599 598)
4(579 586 600 593)
4(592 593 600 599)
4(593 594 601 600)
4(589 596 610 603)
4(602 603 610 609)
4(590 597 611 604)
4(603 604 611 610)
4(591 598 612 605)
4(604 605 612 611)
4(592 599 613 606)
4(605 606 613 612)
4(593 600 614 607)
4(606 607 614 613)
4(607 608 615 614)
4(603 610 624 617)
4(616 617 624 623)
4(604 611 625 618)
4(617 618 625 624)
4(605 612 626 619)
4(618 619 626 625)
4(606 613 627 620)
4(619 620 627 626)
4(607 614 628 621)
4(620 621 628 627)
4(621 622 629 628)
4(617 624 638 631)
4(630 631 638 637)
4(618 625 639 632)
4(631 632 639 638)
4(619 626 640 633)
4(632 633 640 639)
4(620 627 641 634)
4(633 634 641 640)
4(621 628 642 635)
4(634 635 642 641)
4(635 636 643 642)
4(631 638 652 645)
4(644 645 652 651)
4(632 639 653 646)
4(645 646 653 652)
4(633 640 654 647)
4(646 647 654 653)
4(634 641 655 648)
4(647 648 655 654)
4(635 642 656 649)
4(648 649 656 655)
4(649 650 657 656)
4(645 652 666 659)
4(658 659 666 665)
4(646 653 667 660)
4(659 660 667 666)
4(647 654 668 661)
4(660 661 668 667)
4(648 655 669 662)
4(661 662 669 668)
4(649 656 670 663)
4(662 663 670 669)
4(663 664 671 670)
4(659 666 680 673)
4(672 673 680 679)
4(660 667 681 674)
4(673 674 681 680)
4(661 668 682 675)
4(674 675 682 681)
4(662 669 683 676)
4(675 676 683 682)
4(663 670 684 677)
4(676 677 684 683)
4(677 678 685 684)
4(673 680 694 687)
4(674 681 695 688)
4(675 682 696 689)
4(676 683 697 690)
4(677 684 698 691)
4(701 708 722 715)
4(714 715 722 721)
4(702 709 723 716)
4(715 716 723 722)
4(703 710 724 717)
4(716 717 724 723)
4(704 711 725 718)
4(717 718 725 724)
4(705 712 726 719)
4(718 719 726 725)
4(719 720 727 726)
4(715 722 736 729)
4(728 729 736 735)
4(716 723 737 730)
4(729 730 737 736)
4(717 724 738 731)
4(730 731 738 737)
4(718 725 739 732)
4(731 732 739 738)
4(719 726 740 733)
4(732 733 740 739)
4(733 734 741 740)
4(729 736 750 743)
4(742 743 750 749)
4(730 737 751 744)
4(743 744 751 750)
4(731 738 752 745)
4(744 745 752 751)
4(732 739 753 746)
4(745 746 753 752)
4(733 740 754 747)
4(746 747 754 753)
4(747 748 755 754)
4(743 750 764 757)
4(756 757 764 763)
4(744 751 765 758)
4(757 758 765 764)
4(745 752 766 759)
4(758 759 766 765)
4(746 753 767 760)
4(759 760 767 766)
4(747 754 768 761)
4(760 761 768 767)
4(761 762 769 768)
4(757 764 778 771)
4(770 771 778 777)
4(758 765 779 772)
4(771 772 779 778)
4(759 766 780 773)
4(772 773 780 779)
4(760 767 781 774)
4(773 774 781 780)
4(761 768 782 775)
4(774 775 782 781)
4(775 776 783 782)
4(771 778 792 785)
4(784 785 792 791)
4(772 779 793 786)
4(785 786 793 792)
4(773 780 794 787)
4(786 787 794 793)
4(774 781 795 788)
4(787 788 795 794)
4(775 782 796 789)
4(788 789 796 795)
4(789 790 797 796)
4(785 792 806 799)
4(798 799 806 805)
4(786 793 807 800)
4(799 800 807 806)
4(787 794 808 801)
4(800 801 808 807)
4(788 795 809 802)
4(801 802 809 808)
4(789 796 810 803)
4(802 803 810 809)
4(803 804 811 810)
4(799 806 820 813)
4(812 813 820 819)
4(800 807 821 814)
4(813 814 821 820)
4(801 808 822 815)
4(814 815 822 821)
4(802 809 823 816)
4(815 816 823 822)
4(803 810 824 817)
4(816 817 824 823)
4(817 818 825 824)
4(813 820 834 827)
4(826 827 834 833)
4(814 821 835 828)
4(827 828 835 834)
4(815 822 836 829)
4(828 829 836 835)
4(816 823 837 830)
4(829 830 837 836)
4(817 824 838 831)
4(830 831 838 837)
4(831 832 839 838)
4(827 834 848 841)
4(840 841 848 847)
4(828 835 849 842)
4(841 842 849 848)
4(829 836 850 843)
4(842 843 850 849)
4(830 837 851 844)
4(843 844 851 850)
4(831 838 852 845)
4(844 845 852 851)
4(845 846 853 852)
4(841 848 862 855)
4(854 855 862 861)
4(842 849 863 856)
4(855 856 863 862)
4(843 850 864 857)
4(856 857 864 863)
4(844 851 865 858)
4(857 858 865 864)
4(845 852 866 859)
4(858 859 866 865)
4(859 860 867 866)
4(855 862 876 869)
4(868 869 876 875)
4(856 863 877 870)
4(869 870 877 876)
4(857 864 878 871)
4(870 871 878 877)
4(858 865 879 872)
4(871 872 879 878)
4(859 866 880 873)
4(872 873 880 879)
4(873 874 881 880)
4(869 876 890 883)
4(882 883 890 889)
4(870 877 891 884)
4(883 884 891 890)
4(871 878 892 885)
4(884 885 892 891)
4(872 879 893 886)
4(885 886 893 892)
4(873 880 894 887)
4(886 887 894 893)
4(887 888 895 894)
4(883 890 904 897)
4(896 897 904 903)
4(884 891 905 898)
4(897 898 905 904)
4(885 892 906 899)
4(898 899 906 905)
4(886 893 907 900)
4(899 900 907 906)
4(887 894 908 901)
4(900 901 908 907)
4(901 902 909 908)
4(897 904 918 911)
4(910 911 918 917)
4(898 905 919 912)
4(911 912 919 918)
4(899 906 920 913)
4(912 913 920 919)
4(900 907 921 914)
4(913 914 921 920)
4(901 908 922 915)
4(914 915 922 921)
4(915 916 923 922)
4(911 918 932 925)
4(924 925 932 931)
4(912 919 933 926)
4(925 926 933 932)
4(913 920 934 927)
4(926 927 934 933)
4(914 921 935 928)
4(927 928 935 934)
4(915 922 936 929)
4(928 929 936 935)
4(929 930 937 936)
4(925 932 946 939)
4(938 939 946 945)
4(926 933 947 940)
4(939 940 947 946)
4(927 934 948 941)
4(940 941 948 947)
4(928 935 949 942)
4(941 942 949 948)
4(929 936 950 943)
4(942 943 950 949)
4(943 944 951 950)
4(939 946 960 953)
4(952 953 960 959)
4(940 947 961 954)
4(953 954 961 960)
4(941 948 962 955)
4(954 955 962 961)
4(942 949 963 956)
4(955 956 963 962)
4(943 950 964 957)
4(956 957 964 963)
4(957 958 965 964)
4(953 960 974 967)
4(966 967 974 973)
4(954 961 975 968)
4(967 968 975 974)
4(955 962 976 969)
4(968 969 976 975)
4(956 963 977 970)
4(969 970 977 976)
4(957 964 978 971)
4(970 971 978 977)
4(971 972 979 978)
4(967 974 988 981)
4(980 981 988 987)
4(968 975 989 982)
4(981 982 989 988)
4(969 976 990 983)
4(982 983 990 989)
4(970 977 991 984)
4(983 984 991 990)
4(971 978 992 985)
4(984 985 992 991)
4(985 986 993 992)
4(981 988 1002 995)
4(994 995 1002 1001)
4(982 989 1003 996)
4(995 996 1003 1002)
4(983 990 1004 997)
4(996 997 1004 1003)
4(984 991 1005 998)
4(997 998 1005 1004)
4(985 992 1006 999)
4(998 999 1006 1005)
4(999 1000 1007 1006)
4(995 1002 1016 1009)
4(1008 1009 1016 1015)
4(996 1003 1017 1010)
4(1009 1010 1017 1016)
4(997 1004 1018 1011)
4(1010 1011 1018 1017)
4(998 1005 1019 1012)
4(1011 1012 1019 1018)
4(999 1006 1020 1013)
4(1012 1013 1020 1019)
4(1013 1014 1021 1020)
4(1009 1016 1030 1023)
4(1022 1023 1030 1029)
4(1010 1017 1031 1024)
4(1023 1024 1031 1030)
4(1011 1018 1032 1025)
4(1024 1025 1032 1031)
4(1012 1019 1033 1026)
4(1025 1026 1033 1032)
4(1013 1020 1034 1027)
4(1026 1027 1034 1033)
4(1027 1028 1035 1034)
4(1023 1030 1044 1037)
4(1024 1031 1045 1038)
4(1025 1032 1046 1039)
4(1026 1033 1047 1040)
4(1027 1034 1048 1041)
4(0 7 8 1)
4(1 8 9 2)
4(2 9 10 3)
4(3 10 11 4)
4(4 11 12 5)
4(5 12 13 6)
4(336 337 344 343)
4(337 338 345 344)
4(338 339 346 345)
4(339 340 347 346)
4(340 341 348 347)
4(341 342 349 348)
4(6 13 27 20)
4(20 27 41 34)
4(34 41 55 48)
4(48 55 69 62)
4(62 69 83 76)
4(76 83 97 90)
4(90 97 111 104)
4(104 111 125 118)
4(118 125 139 132)
4(132 139 153 146)
4(146 153 167 160)
4(160 167 181 174)
4(174 181 195 188)
4(188 195 209 202)
4(202 209 223 216)
4(216 223 237 230)
4(230 237 251 244)
4(244 251 265 258)
4(258 265 279 272)
4(272 279 293 286)
4(286 293 307 300)
4(300 307 321 314)
4(314 321 335 328)
4(328 335 349 342)
4(0 14 21 7)
4(14 28 35 21)
4(28 42 49 35)
4(42 56 63 49)
4(56 70 77 63)
4(70 84 91 77)
4(84 98 105 91)
4(98 112 119 105)
4(112 126 133 119)
4(126 140 147 133)
4(140 154 161 147)
4(154 168 175 161)
4(168 182 189 175)
4(182 196 203 189)
4(196 210 217 203)
4(210 224 231 217)
4(224 238 245 231)
4(238 252 259 245)
4(252 266 273 259)
4(266 280 287 273)
4(280 294 301 287)
4(294 308 315 301)
4(308 322 329 315)
4(322 336 343 329)
4(350 357 358 351)
4(351 358 359 352)
4(352 359 360 353)
4(353 360 361 354)
4(354 361 362 355)
4(355 362 363 356)
4(686 687 694 693)
4(687 688 695 694)
4(688 689 696 695)
4(689 690 697 696)
4(690 691 698 697)
4(691 692 699 698)
4(356 363 377 370)
4(370 377 391 384)
4(384 391 405 398)
4(398 405 419 412)
4(412 419 433 426)
4(426 433 447 440)
4(440 447 461 454)
4(454 461 475 468)
4(468 475 489 482)
4(482 489 503 496)
4(496 503 517 510)
4(510 517 531 524)
4(524 531 545 538)
4(538 545 559 552)
4(552 559 573 566)
4(566 573 587 580)
4(580 587 601 594)
4(594 601 615 608)
4(608 615 629 622)
4(622 629 643 636)
4(636 643 657 650)
4(650 657 671 664)
4(664 671 685 678)
4(678 685 699 692)
4(350 364 371 357)
4(364 378 385 371)
4(378 392 399 385)
4(392 406 413 399)
4(406 420 427 413)
4(420 434 441 427)
4(434 448 455 441)
4(448 462 469 455)
4(462 476 483 469)
4(476 490 497 483)
4(490 504 511 497)
4(504 518 525 511)
4(518 532 539 525)
4(532 546 553 539)
4(546 560 567 553)
4(560 574 581 567)
4(574 588 595 581)
4(588 602 609 595)
4(602 616 623 609)
4(616 630 637 623)
4(630 644 651 637)
4(644 658 665 651)
4(658 672 679 665)
4(672 686 693 679)
4(700 707 708 701)
4(701 708 709 702)
4(702 709 710 703)
4(703 710 711 704)
4(704 711 712 705)
4(705 712 713 706)
4(1036 1037 1044 1043)
4(1037 1038 1045 1044)
4(1038 1039 1046 1045)
4(1039 1040 1047 1046)
4(1040 1041 1048 1047)
4(1041 1042 1049 1048)
4(706 713 727 720)
4(720 727 741 734)
4(734 741 755 748)
4(748 755 769 762)
4(762 769 783 776)
4(776 783 797 790)
4(790 797 811 804)
4(804 811 825 818)
4(818 825 839 832)
4(832 839 853 846)
4(846 853 867 860)
4(860 867 881 874)
4(874 881 895 888)
4(888 895 909 902)
4(902 909 923 916)
4(916 923 937 930)
4(930 937 951 944)
4(944 951 965 958)
4(958 965 979 972)
4(972 979 993 986)
4(986 993 1007 1000)
4(1000 1007 1021 1014)
4(1014 1021 1035 1028)
4(1028 1035 1049 1042)
4(700 714 721 707)
4(714 728 735 721)
4(728 742 749 735)
4(742 756 763 749)
4(756 770 777 763)
4(770 784 791 777)
4(784 798 805 791)
4(798 812 819 805)
4(812 826 833 819)
4(826 840 847 833)
4(840 854 861 847)
4(854 868 875 861)
4(868 882 889 875)
4(882 896 903 889)
4(896 910 917 903)
4(910 924 931 917)
4(924 938 945 931)
4(938 952 959 945)
4(952 966 973 959)
4(966 980 987 973)
4(980 994 1001 987)
4(994 1008 1015 1001)
4(1008 1022 1029 1015)
4(1022 1036 1043 1029)
4(0 1 15 14)
4(14 15 29 28)
4(28 29 43 42)
4(42 43 57 56)
4(56 57 71 70)
4(70 71 85 84)
4(84 85 99 98)
4(98 99 113 112)
4(112 113 127 126)
4(126 127 141 140)
4(140 141 155 154)
4(154 155 169 168)
4(168 169 183 182)
4(182 183 197 196)
4(196 197 211 210)
4(210 211 225 224)
4(224 225 239 238)
4(238 239 253 252)
4(252 253 267 266)
4(266 267 281 280)
4(280 281 295 294)
4(294 295 309 308)
4(308 309 323 322)
4(322 323 337 336)
4(1 2 16 15)
4(15 16 30 29)
4(29 30 44 43)
4(43 44 58 57)
4(57 58 72 71)
4(71 72 86 85)
4(85 86 100 99)
4(99 100 114 113)
4(113 114 128 127)
4(127 128 142 141)
4(141 142 156 155)
4(155 156 170 169)
4(169 170 184 183)
4(183 184 198 197)
4(197 198 212 211)
4(211 212 226 225)
4(225 226 240 239)
4(239 240 254 253)
4(253 254 268 267)
4(267 268 282 281)
4(281 282 296 295)
4(295 296 310 309)
4(309 310 324 323)
4(323 324 338 337)
4(2 3 17 16)
4(16 17 31 30)
4(30 31 45 44)
4(44 45 59 58)
4(58 59 73 72)
4(72 73 87 86)
4(86 87 101 100)
4(100 101 115 114)
4(114 115 129 128)
4(128 129 143 142)
4(142 143 157 156)
4(156 157 171 170)
4(170 171 185 184)
4(184 185 199 198)
4(198 199 213 212)
4(212 213 227 226)
4(226 227 241 240)
4(240 241 255 254)
4(254 255 269 268)
4(268 269 283 282)
4(282 283 297 296)
4(296 297 311 310)
4(310 311 325 324)
4(324 325 339 338)
4(3 4 18 17)
4(17 18 32 31)
4(31 32 46 45)
4(45 46 60 59)
4(59 60 74 73)
4(73 74 88 87)
4(87 88 102 101)
4(101 102 116 115)
4(115 116 130 129)
4(129 130 144 143)
4(143 144 158 157)
4(157 158 172 171)
4(171 172 186 185)
4(185 186 200 199)
4(199 200 214 213)
4(213 214 228 227)
4(227 228 242 241)
4(241 242 256 255)
4(255 256 270 269)
4(269 270 284 283)
4(283 284 298 297)
4(297 298 312 311)
4(311 312 326 325)
4(325 326 340 339)
4(4 5 19 18)
4(18 19 33 32)
4(32 33 47 46)
4(46 47 61 60)
4(60 61 75 74)
4(74 75 89 88)
4(88 89 103 102)
4(102 103 117 116)
4(116 117 131 130)
4(130 131 145 144)
4(144 145 159 158)
4(158 159 173 172)
4(172 173 187 186)
4(186 187 201 200)
4(200 201 215 214)
4(214 215 229 228)
4(228 229 243 242)
4(242 243 257 256)
4(256 257 271 270)
4(270 271 285 284)
4(284 285 299 298)
4(298 299 313 312)
4(312 313 327 326)
4(326 327 341 340)
4(5 6 20 19)
4(19 20 34 33)
4(33 34 48 47)
4(47 48 62 61)
4(61 62 76 75)
4(75 76 90 89)
4(89 90 104 103)
4(103 104 118 117)
4(117 118 132 131)
4(131 132 146 145)
4(145 146 160 159)
4(159 160 174 173)
4(173 174 188 187)
4(187 188 202 201)
4(201 202 216 215)
4(215 216 230 229)
4(229 230 244 243)
4(243 244 258 257)
4(257 258 272 271)
4(271 272 286 285)
4(285 286 300 299)
4(299 300 314 313)
4(313 314 328 327)
4(327 328 342 341)
4(7 21 22 8)
4(21 35 36 22)
4(35 49 50 36)
4(49 63 64 50)
4(63 77 78 64)
4(77 91 92 78)
4(91 105 106 92)
4(105 119 120 106)
4(119 133 134 120)
4(133 147 148 134)
4(147 161 162 148)
4(161 175 176 162)
4(175 189 190 176)
4(189 203 204 190)
4(203 217 218 204)
4(217 231 232 218)
4(231 245 246 232)
4(245 259 260 246)
4(259 273 274 260)
4(273 287 288 274)
4(287 301 302 288)
4(301 315 316 302)
4(315 329 330 316)
4(329 343 344 330)
4(8 22 23 9)
4(22 36 37 23)
4(36 50 51 37)
4(50 64 65 51)
4(64 78 79 65)
4(78 92 93 79)
4(92 106 107 93)
4(106 120 121 107)
4(120 134 135 121)
4(134 148 149 135)
4(148 162 163 149)
4(162 176 177 163)
4(176 190 191 177)
4(190 204 205 191)
4(204 218 219 205)
4(218 232 233 219)
4(232 246 247 233)
4(246 260 261 247)
4(260 274 275 261)
4(274 288 289 275)
4(288 302 303 289)
4(302 316 317 303)
4(316 330 331 317)
4(330 344 345 331)
4(9 23 24 10)
4(23 37 38 24)
4(37 51 52 38)
4(51 65 66 52)
4(65 79 80 66)
4(79 93 94 80)
4(93 107 108 94)
4(107 121 122 108)
4(121 135 136 122)
4(135 149 150 136)
4(149 163 164 150)
4(163 177 178 164)
4(177 191 192 178)
4(191 205 206 192)
4(205 219 220 206)
4(219 233 234 220)
4(233 247 248 234)
4(247 261 262 248)
4(261 275 276 262)
4(275 289 290 276)
4(289 303 304 290)
4(303 317 318 304)
4(317 331 332 318)
4(331 345 346 332)
4(10 24 25 11)
4(24 38 39 25)
4(38 52 53 39)
4(52 66 67 53)
4(66 80 81 67)
4(80 94 95 81)
4(94 108 109 95)
4(108 122 123 109)
4(122 136 137 123)
4(136 150 151 137)
4(150 164 165 151)
4(164 178 179 165)
4(178 192 193 179)
4(192 206 207 193)
4(206 220 221 207)
4(220 234 235 221)
4(234 248 249 235)
4(248 262 263 249)
4(262 276 277 263)
4(276 290 291 277)
4(290 304 305 291)
4(304 318 319 305)
4(318 332 333 319)
4(332 346 347 333)
4(11 25 26 12)
4(25 39 40 26)
4(39 53 54 40)
4(53 67 68 54)
4(67 81 82 68)
4(81 95 96 82)
4(95 109 110 96)
4(109 123 124 110)
4(123 137 138 124)
4(137 151 152 138)
4(151 165 166 152)
4(165 179 180 166)
4(179 193 194 180)
4(193 207 208 194)
4(207 221 222 208)
4(221 235 236 222)
4(235 249 250 236)
4(249 263 264 250)
4(263 277 278 264)
4(277 291 292 278)
4(291 305 306 292)
4(305 319 320 306)
4(319 333 334 320)
4(333 347 348 334)
4(12 26 27 13)
4(26 40 41 27)
4(40 54 55 41)
4(54 68 69 55)
4(68 82 83 69)
4(82 96 97 83)
4(96 110 111 97)
4(110 124 125 111)
4(124 138 139 125)
4(138 152 153 139)
4(152 166 167 153)
4(166 180 181 167)
4(180 194 195 181)
4(194 208 209 195)
4(208 222 223 209)
4(222 236 237 223)
4(236 250 251 237)
4(250 264 265 251)
4(264 278 279 265)
4(278 292 293 279)
4(292 306 307 293)
4(306 320 321 307)
4(320 334 335 321)
4(334 348 349 335)
4(350 351 365 364)
4(364 365 379 378)
4(378 379 393 392)
4(392 393 407 406)
4(406 407 421 420)
4(420 421 435 434)
4(434 435 449 448)
4(448 449 463 462)
4(462 463 477 476)
4(476 477 491 490)
4(490 491 505 504)
4(504 505 519 518)
4(518 519 533 532)
4(532 533 547 546)
4(546 547 561 560)
4(560 561 575 574)
4(574 575 589 588)
4(588 589 603 602)
4(602 603 617 616)
4(616 617 631 630)
4(630 631 645 644)
4(644 645 659 658)
4(658 659 673 672)
4(672 673 687 686)
4(351 352 366 365)
4(365 366 380 379)
4(379 380 394 393)
4(393 394 408 407)
4(407 408 422 421)
4(421 422 436 435)
4(435 436 450 449)
4(449 450 464 463)
4(463 464 478 477)
4(477 478 492 491)
4(491 492 506 505)
4(505 506 520 519)
4(519 520 534 533)
4(533 534 548 547)
4(547 548 562 561)
4(561 562 576 575)
4(575 576 590 589)
4(589 590 604 603)
4(603 604 618 617)
4(617 618 632 631)
4(631 632 646 645)
4(645 646 660 659)
4(659 660 674 673)
4(673 674 688 687)
4(352 353 367 366)
4(366 367 381 380)
4(380 381 395 394)
4(394 395 409 408)
4(408 409 423 422)
4(422 423 437 436)
4(436 437 451 450)
4(450 451 465 464)
4(464 465 479 478)
4(478 479 493 492)
4(492 493 507 506)
4(506 507 521 520)
4(520 521 535 534)
4(534 535 549 548)
4(548 549 563 562)
4(562 563 577 576)
4(576 577 591 590)
4(590 591 605 604)
4(604 605 619 618)
4(618 619 633 632)
4(632 633 647 646)
4(646 647 661 660)
4(660 661 675 674)
4(674 675 689 688)
4(353 354 368 367)
4(367 368 382 381)
4(381 382 396 395)
4(395 396 410 409)
4(409 410 424 423)
4(423 424 438 437)
4(437 438 452 451)
4(451 452 466 465)
4(465 466 480 479)
4(479 480 494 493)
4(493 494 508 507)
4(507 508 522 521)
4(521 522 536 535)
4(535 536 550 549)
4(549 550 564 563)
4(563 564 578 577)
4(577 578 592 591)
4(591 592 606 605)
4(605 606 620 619)
4(619 620 634 633)
4(633 634 648 647)
4(647 648 662 661)
4(661 662 676 675)
4(675 676 690 689)
4(354 355 369 368)
4(368 369 383 382)
4(382 383 397 396)
4(396 397 411 410)
4(410 411 425 424)
4(424 425 439 438)
4(438 439 453 452)
4(452 453 467 466)
4(466 467 481 480)
4(480 481 495 494)
4(494 495 509 508)
4(508 509 523 522)
4(522 523 537 536)
4(536 537 551 550)
4(550 551 565 564)
4(564 565 579 578)
4(578 579 593 592)
4(592 593 607 606)
4(606 607 621 620)
4(620 621 635 634)
4(634 635 649 648)
4(648 649 663 662)
4(662 663 677 676)
4(676 677 691 690)
4(355 356 370 369)
4(369 370 384 383)
4(383 384 398 397)
4(397 398 412 411)
4(411 412 426 425)
4(425 426 440 439)
4(439 440 454 453)
4(453 454 468 467)
4(467 468 482 481)
4(481 482 496 495)
4(495 496 510 509)
4(509 510 524 523)
4(523 524 538 537)
4(537 538 552 551)
4(551 552 566 565)
4(565 566 580 579)
4(579 580 594 593)
4(593 594 608 607)
4(607 608 622 621)
4(621 622 636 635)
4(635 636 650 649)
4(649 650 664 663)
4(663 664 678 677)
4(677 678 692 691)
4(357 371 372 358)
4(371 385 386 372)
4(385 399 400 386)
4(399 413 414 400)
4(413 427 428 414)
4(427 441 442 428)
4(441 455 456 442)
4(455 469 470 456)
4(469 483 484 470)
4(483 497 498 484)
4(497 511 512 498)
4(511 525 526 512)
4(525 539 540 526)
4(539 553 554 540)
4(553 567 568 554)
4(567 581 582 568)
4(581 595 596 582)
4(595 609 610 596)
4(609 623 624 610)
4(623 637 638 624)
4(637 651 652 638)
4(651 665 666 652)
4(665 679 680 666)
4(679 693 694 680)
4(358 372 373 359)
4(372 386 387 373)
4(386 400 401 387)
4(400 414 415 401)
4(414 428 429 415)
4(428 442 443 429)
4(442 456 457 443)
4(456 470 471 457)
4(470 484 485 471)
4(484 498 499 485)
4(498 512 513 499)
4(512 526 527 513)
4(526 540 541 527)
4(540 554 555 541)
4(554 568 569 555)
4(568 582 583 569)
4(582 596 597 583)
4(596 610 611 597)
4(610 624 625 611)
4(624 638 639 625)
4(638 652 653 639)
4(652 666 667 653)
4(666 680 681 667)
4(680 694 695 681)
4(359 373 374 360)
4(373 387 388 374)
4(387 401 402 388)
4(401 415 416 402)
4(415 429 430 416)
4(429 443 444 430)
4(443 457 458 444)
4(457 471 472 458)
4(471 485 486 472)
4(485 499 500 486)
4(499 513 514 500)
4(513 527 528 514)
4(527 541 542 528)
4(541 555 556 542)
4(555 569 570 556)
4(569 583 584 570)
4(583 597 598 584)
4(597 611 612 598)
4(611 625 626 612)
4(625 639 640 626)
4(639 653 654 640)
4(653 667 668 654)
4(667 681 682 668)
4(681 695 696 682)
4(360 374 375 361)
4(374 388 389 375)
4(388 402 403 389)
4(402 416 417 403)
4(416 430 431 417)
4(430 444 445 431)
4(444 458 459 445)
4(458 472 473 459)
4(472 486 487 473)
4(486 500 501 487)
4(500 514 515 501)
4(514 528 529 515)
4(528 542 543 529)
4(542 556 557 543)
4(556 570 571 557)
4(570 584 585 571)
4(584 598 599 585)
4(598 612 613 599)
4(612 626 627 613)
4(626 640 641 627)
4(640 654 655 641)
4(654 668 669 655)
4(668 682 683 669)
4(682 696 697 683)
4(361 375 376 362)
4(375 389 390 376)
4(389 403 404 390)
4(403 417 418 404)
4(417 431 432 418)
4(431 445 446 432)
4(445 459 460 446)
4(459 473 474 460)
4(473 487 488 474)
4(487 501 502 488)
4(501 515 516 502)
4(515 529 530 516)
4(529 543 544 530)
4(543 557 558 544)
4(557 571 572 558)
4(571 585 586 572)
4(585 599 600 586)
4(599 613 614 600)
4(613 627 628 614)
4(627 641 642 628)
4(641 655 656 642)
4(655 669 670 656)
4(669 683 684 670)
4(683 697 698 684)
4(362 376 377 363)
4(376 390 391 377)
4(390 404 405 391)
4(404 418 419 405)
4(418 432 433 419)
4(432 446 447 433)
4(446 460 461 447)
4(460 474 475 461)
4(474 488 489 475)
4(488 502 503 489)
4(502 516 517 503)
4(516 530 531 517)
4(530 544 545 531)
4(544 558 559 545)
4(558 572 573 559)
4(572 586 587 573)
4(586 600 601 587)
4(600 614 615 601)
4(614 628 629 615)
4(628 642 643 629)
4(642 656 657 643)
4(656 670 671 657)
4(670 684 685 671)
4(684 698 699 685)
4(700 701 715 714)
4(714 715 729 728)
4(728 729 743 742)
4(742 743 757 756)
4(756 757 771 770)
4(770 771 785 784)
4(784 785 799 798)
4(798 799 813 812)
4(812 813 827 826)
4(826 827 841 840)
4(840 841 855 854)
4(854 855 869 868)
4(868 869 883 882)
4(882 883 897 896)
4(896 897 911 910)
4(910 911 925 924)
4(924 925 939 938)
4(938 939 953 952)
4(952 953 967 966)
4(966 967 981 980)
4(980 981 995 994)
4(994 995 1009 1008)
4(1008 1009 1023 1022)
4(1022 1023 1037 1036)
4(701 702 716 715)
4(715 716 730 729)
4(729 730 744 743)
4(743 744 758 757)
4(757 758 772 771)
4(771 772 786 785)
4(785 786 800 799)
4(799 800 814 813)
4(813 814 828 827)
4(827 828 842 841)
4(841 842 856 855)
4(855 856 870 869)
4(869 870 884 883)
4(883 884 898 897)
4(897 898 912 911)
4(911 912 926 925)
4(925 926 940 939)
4(939 940 954 953)
4(953 954 968 967)
4(967 968 982 981)
4(981 982 996 995)
4(995 996 1010 1009)
4(1009 1010 1024 1023)
4(1023 1024 1038 1037)
4(702 703 717 716)
4(716 717 731 730)
4(730 731 745 744)
4(744 745 759 758)
4(758 759 773 772)
4(772 773 787 786)
4(786 787 801 800)
4(800 801 815 814)
4(814 815 829 828)
4(828 829 843 842)
4(842 843 857 856)
4(856 857 871 870)
4(870 871 885 884)
4(884 885 899 898)
4(898 899 913 912)
4(912 913 927 926)
4(926 927 941 940)
4(940 941 955 954)
4(954 955 969 968)
4(968 969 983 982)
4(982 983 997 996)
4(996 997 1011 1010)
4(1010 1011 1025 1024)
4(1024 1025 1039 1038)
4(703 704 718 717)
4(717 718 732 731)
4(731 732 746 745)
4(745 746 760 759)
4(759 760 774 773)
4(773 774 788 787)
4(787 788 802 801)
4(801 802 816 815)
4(815 816 830 829)
4(829 830 844 843)
4(843 844 858 857)
4(857 858 872 871)
4(871 872 886 885)
4(885 886 900 899)
4(899 900 914 913)
4(913 914 928 927)
4(927 928 942 941)
4(941 942 956 955)
4(955 956 970 969)
4(969 970 984 983)
4(983 984 998 997)
4(997 998 1012 1011)
4(1011 1012 1026 1025)
4(1025 1026 1040 1039)
4(704 705 719 718)
4(718 719 733 732)
4(732 733 747 746)
4(746 747 761 760)
4(760 761 775 774)
4(774 775 789 788)
4(788 789 803 802)
4(802 803 817 816)
4(816 817 831 830)
4(830 831 845 844)
4(844 845 859 858)
4(858 859 873 872)
4(872 873 887 886)
4(886 887 901 900)
4(900 901 915 914)
4(914 915 929 928)
4(928 929 943 942)
4(942 943 957 956)
4(956 957 971 970)
4(970 971 985 984)
4(984 985 999 998)
4(998 999 1013 1012)
4(1012 1013 1027 1026)
4(1026 1027 1041 1040)
4(705 706 720 719)
4(719 720 734 733)
4(733 734 748 747)
4(747 748 762 761)
4(761 762 776 775)
4(775 776 790 789)
4(789 790 804 803)
4(803 804 818 817)
4(817 818 832 831)
4(831 832 846 845)
4(845 846 860 859)
4(859 860 874 873)
4(873 874 888 887)
4(887 888 902 901)
4(901 902 916 915)
4(915 916 930 929)
4(929 930 944 943)
4(943 944 958 957)
4(957 958 972 971)
4(971 972 986 985)
4(985 986 1000 999)
4(999 1000 1014 1013)
4(1013 1014 1028 1027)
4(1027 1028 1042 1041)
4(707 721 722 708)
4(721 735 736 722)
4(735 749 750 736)
4(749 763 764 750)
4(763 777 778 764)
4(777 791 792 778)
4(791 805 806 792)
4(805 819 820 806)
4(819 833 834 820)
4(833 847 848 834)
4(847 861 862 848)
4(861 875 876 862)
4(875 889 890 876)
4(889 903 904 890)
4(903 917 918 904)
4(917 931 932 918)
4(931 945 946 932)
4(945 959 960 946)
4(959 973 974 960)
4(973 987 988 974)
4(987 1001 1002 988)
4(1001 1015 1016 1002)
4(1015 1029 1030 1016)
4(1029 1043 1044 1030)
4(708 722 723 709)
4(722 736 737 723)
4(736 750 751 737)
4(750 764 765 751)
4(764 778 779 765)
4(778 792 793 779)
4(792 806 807 793)
4(806 820 821 807)
4(820 834 835 821)
4(834 848 849 835)
4(848 862 863 849)
4(862 876 877 863)
4(876 890 891 877)
4(890 904 905 891)
4(904 918 919 905)
4(918 932 933 919)
4(932 946 947 933)
4(946 960 961 947)
4(960 974 975 961)
4(974 988 989 975)
4(988 1002 1003 989)
4(1002 1016 1017 1003)
4(1016 1030 1031 1017)
4(1030 1044 1045 1031)
4(709 723 724 710)
4(723 737 738 724)
4(737 751 752 738)
4(751 765 766 752)
4(765 779 780 766)
4(779 793 794 780)
4(793 807 808 794)
4(807 821 822 808)
4(821 835 836 822)
4(835 849 850 836)
4(849 863 864 850)
4(863 877 878 864)
4(877 891 892 878)
4(891 905 906 892)
4(905 919 920 906)
4(919 933 934 920)
4(933 947 948 934)
4(947 961 962 948)
4(961 975 976 962)
4(975 989 990 976)
4(989 1003 1004 990)
4(1003 1017 1018 1004)
4(1017 1031 1032 1018)
4(1031 1045 1046 1032)
4(710 724 725 711)
4(724 738 739 725)
4(738 752 753 739)
4(752 766 767 753)
4(766 780 781 767)
4(780 794 795 781)
4(794 808 809 795)
4(808 822 823 809)
4(822 836 837 823)
4(836 850 851 837)
4(850 864 865 851)
4(864 878 879 865)
4(878 892 893 879)
4(892 906 907 893)
4(906 920 921 907)
4(920 934 935 921)
4(934 948 949 935)
4(948 962 963 949)
4(962 976 977 963)
4(976 990 991 977)
4(990 1004 1005 991)
4(1004 1018 1019 1005)
4(1018 1032 1033 1019)
4(1032 1046 1047 1033)
4(711 725 726 712)
4(725 739 740 726)
4(739 753 754 740)
4(753 767 768 754)
4(767 781 782 768)
4(781 795 796 782)
4(795 809 810 796)
4(809 823 824 810)
4(823 837 838 824)
4(837 851 852 838)
4(851 865 866 852)
4(865 879 880 866)
4(879 893 894 880)
4(893 907 908 894)
4(907 921 922 908)
4(921 935 936 922)
4(935 949 950 936)
4(949 963 964 950)
4(963 977 978 964)
4(977 991 992 978)
4(991 1005 1006 992)
4(1005 1019 1020 1006)
4(1019 1033 1034 1020)
4(1033 1047 1048 1034)
4(712 726 727 713)
4(726 740 741 727)
4(740 754 755 741)
4(754 768 769 755)
4(768 782 783 769)
4(782 796 797 783)
4(796 810 811 797)
4(810 824 825 811)
4(824 838 839 825)
4(838 852 853 839)
4(852 866 867 853)
4(866 880 881 867)
4(880 894 895 881)
4(894 908 909 895)
4(908 922 923 909)
4(922 936 937 923)
4(936 950 951 937)
4(950 964 965 951)
4(964 978 979 965)
4(978 992 993 979)
4(992 1006 1007 993)
4(1006 1020 1021 1007)
4(1020 1034 1035 1021)
4(1034 1048 1049 1035)
)


// ************************************************************************* //
