/*--------------------------------*- C++ -*----------------------------------*\
| =========                 |                                                 |
| \\      /  F ield         | OpenFOAM: The Open Source CFD Toolbox           |
|  \\    /   O peration     | Version:  2412                                  |
|   \\  /    A nd           | Website:  www.openfoam.com                      |
|    \\/     M anipulation  |                                                 |
\*---------------------------------------------------------------------------*/
FoamFile
{
    version     2.0;
    format      ascii;
    arch        "LSB;label=32;scalar=64";
    class       volScalarField;
    location    "25888284.641197/fuelBehaviourRegion";
    object      DepsilonCreepThEq;
}
// * * * * * * * * * * * * * * * * * * * * * * * * * * * * * * * * * * * * * //

dimensions      [0 0 0 0 0 0 0];

internalField   nonuniform List<scalar> 
4720
(
0
0
0
0
0
0
0
0
0
0
0
0
0
0
0
0
0
0
0
0
0
0
0
0
0
0
0
0
0
0
0
0
0
0
0
0
0
0
0
0
0
0
0
0
0
0
0
0
0
0
0
0
0
0
0
0
0
0
0
0
0
0
0
0
0
0
0
0
0
0
0
0
0
0
0
0
0
0
0
0
0
0
0
0
0
0
0
0
0
0
0
0
0
0
0
0
0
0
0
0
0
0
0
0
0
0
0
0
0
0
0
0
0
0
0
0
0
0
0
0
0
0
0
0
0
0
0
0
0
0
0
0
0
0
0
0
0
0
0
0
0
0
0
0
0
0
0
0
0
0
0
0
0
0
0
0
0
0
0
0
0
0
0
0
0
0
0
0
0
0
0
0
0
0
0
0
0
0
0
0
0
0
0
0
0
0
0
0
0
0
0
0
0
0
0
0
0
0
0
0
0
0
0
0
0
0
0
0
0
0
0
0
0
0
0
0
0
0
0
0
0
0
0
0
0
0
0
0
0
0
0
0
0
0
0
0
0
0
0
0
0
0
0
0
0
0
0
0
0
0
0
0
0
0
0
0
0
0
0
0
0
0
0
0
0
0
0
0
0
0
0
0
0
0
0
0
0
0
0
0
0
0
0
0
0
0
0
0
0
0
0
0
0
0
0
0
0
0
0
0
0
0
0
0
0
0
0
0
0
0
0
0
0
0
0
0
0
0
0
0
0
0
0
0
0
0
0
0
0
0
0
0
0
0
0
0
0
0
0
0
0
0
0
0
0
0
0
0
0
0
0
0
0
0
0
0
0
0
0
0
0
0
0
0
0
0
0
0
0
0
0
0
0
0
0
0
0
0
0
0
0
0
0
0
0
0
0
0
0
0
0
0
0
0
0
0
0
0
0
0
0
0
0
0
0
0
0
0
0
0
0
0
0
0
0
0
0
0
0
0
0
0
0
0
0
0
0
0
0
0
0
0
0
0
0
0
0
0
0
0
0
0
0
0
0
0
0
0
0
0
0
0
0
0
0
0
0
0
0
0
0
0
0
0
0
0
0
0
0
0
0
0
0
0
0
0
0
0
0
0
0
0
0
0
0
0
0
0
0
0
0
0
0
0
0
0
0
0
0
0
0
0
0
0
0
0
0
0
0
0
0
0
0
0
0
0
0
0
0
0
0
0
0
0
0
0
0
0
0
0
0
0
0
0
0
0
0
0
0
0
0
0
0
0
0
0
0
0
0
0
0
0
0
0
0
0
0
0
0
0
0
0
0
0
0
0
0
0
0
0
0
0
0
0
0
0
0
0
0
0
0
0
0
0
0
0
0
0
0
0
0
0
0
0
0
0
0
0
0
0
0
0
0
0
0
0
0
0
0
0
0
0
0
0
0
0
0
0
0
0
0
0
0
0
0
0
0
0
0
0
0
0
0
0
0
0
0
0
0
0
0
0
0
0
0
0
0
0
0
0
0
0
0
0
0
0
0
0
0
0
0
0
0
0
0
0
0
0
0
0
0
0
0
0
0
0
0
0
0
0
0
0
0
0
0
0
0
0
0
0
0
0
0
0
0
0
0
0
0
0
0
0
0
0
0
0
0
0
0
0
0
0
0
0
0
0
0
0
0
0
0
0
0
0
0
0
0
0
0
0
0
0
0
0
0
0
0
0
0
0
0
0
0
0
0
0
0
0
0
0
0
0
0
0
0
0
0
0
0
0
0
0
0
0
0
0
0
0
0
0
0
0
0
0
0
0
0
0
0
0
0
0
0
0
0
0
0
0
0
0
0
0
0
0
0
0
0
0
0
0
0
0
0
0
0
0
0
0
0
0
0
0
0
0
0
0
0
0
0
0
0
0
0
0
0
0
0
0
0
0
0
0
0
0
0
0
0
0
0
0
0
0
0
0
0
0
0
0
0
0
0
0
0
0
0
0
0
0
0
0
0
0
0
0
0
0
0
0
0
0
0
0
0
0
0
0
0
0
0
0
0
0
0
0
0
0
0
0
0
0
0
0
0
0
0
0
0
0
0
0
0
0
0
0
0
0
0
0
0
0
0
0
0
0
0
0
0
0
0
0
0
0
0
0
0
0
0
0
0
0
0
0
0
0
0
0
0
0
0
0
0
0
0
0
0
0
0
0
0
0
0
0
0
0
0
0
0
0
0
0
0
0
0
0
0
0
0
0
0
0
0
0
0
0
0
0
0
0
0
0
0
0
0
0
0
0
0
0
0
0
0
0
0
0
0
0
0
0
0
0
0
0
0
0
0
0
0
0
0
0
0
0
0
0
0
0
0
0
0
0
0
0
0
0
0
0
0
0
0
0
0
0
0
0
0
0
0
0
0
0
0
0
0
0
0
0
0
0
0
0
0
0
0
0
0
0
0
0
0
0
0
0
0
0
0
0
0
0
0
0
0
0
0
0
0
0
0
0
0
0
0
0
0
0
0
0
0
0
0
0
0
0
0
0
0
0
0
0
0
0
0
0
0
0
0
0
0
0
0
0
0
0
0
0
0
0
0
0
0
0
0
0
0
0
0
0
0
0
0
0
0
0
0
0
0
0
0
0
0
0
0
0
0
0
0
0
0
0
0
0
0
0
0
0
0
0
0
0
0
0
0
0
0
0
0
0
0
0
0
0
0
0
0
0
0
0
0
0
0
0
0
0
0
0
0
0
0
0
0
0
0
0
0
0
0
0
0
0
0
0
0
0
0
0
0
0
0
0
0
0
0
0
0
0
0
0
0
0
0
0
0
0
0
0
0
0
0
0
0
0
0
0
0
0
0
0
0
0
0
0
0
0
0
0
0
0
0
0
0
0
0
0
0
0
0
0
0
0
0
0
0
0
0
0
0
0
0
0
0
0
0
0
0
0
0
0
0
0
0
0
0
0
0
0
0
0
0
0
0
0
0
0
0
0
0
0
0
0
0
0
0
0
0
0
0
0
0
0
0
0
0
0
0
0
0
0
0
0
0
0
0
0
0
0
0
0
0
0
0
0
0
0
0
0
0
0
0
0
0
0
0
0
0
0
0
0
0
0
0
0
0
0
0
0
0
0
0
0
0
0
0
0
0
0
0
0
0
0
0
0
0
0
0
0
0
0
0
0
0
0
0
0
0
0
0
0
0
0
0
0
0
0
0
0
0
0
0
0
0
0
0
0
0
0
0
0
0
0
0
0
0
0
0
0
0
0
0
0
0
0
0
0
0
0
0
0
0
0
0
0
0
0
0
0
0
0
0
0
0
0
0
0
0
0
0
0
0
0
0
0
0
0
0
0
0
0
0
0
0
0
0
0
0
0
0
0
0
0
0
0
0
0
0
0
0
0
0
0
0
0
0
0
0
0
0
0
0
0
0
0
0
0
0
0
0
0
0
0
0
0
0
0
0
0
0
0
0
0
0
0
0
0
0
0
0
0
0
0
0
0
0
0
0
0
0
0
0
0
0
0
0
0
0
0
0
0
0
0
0
0
0
0
0
0
0
0
0
0
0
0
0
0
0
0
0
0
0
0
0
0
0
0
0
0
0
0
0
0
0
0
0
0
0
0
0
0
0
0
0
0
0
0
0
0
0
0
0
0
0
0
0
0
0
0
0
0
0
0
0
0
0
0
0
0
0
0
0
0
0
0
0
0
0
0
0
0
0
0
0
0
0
0
0
0
0
0
0
0
0
0
0
0
0
0
0
0
0
0
0
0
0
0
0
0
0
0
0
0
0
0
0
0
0
0
0
0
0
0
0
0
0
0
0
0
0
0
0
0
0
0
0
0
0
0
0
0
0
0
0
0
0
0
0
0
0
0
0
0
0
0
0
0
0
0
0
0
0
0
0
0
0
0
0
0
0
0
0
0
0
0
0
0
0
0
0
0
0
0
0
0
0
0
0
0
0
0
0
0
0
0
0
0
0
0
0
0
0
0
0
0
0
0
0
0
0
0
0
0
0
0
0
0
0
0
0
0
0
0
0
0
0
0
0
0
0
0
0
0
0
0
0
0
0
0
0
0
0
0
0
0
0
0
0
0
0
0
0
0
0
0
0
0
0
0
0
0
0
0
0
0
0
0
0
0
0
0
0
0
0
0
0
0
0
0
0
0
0
0
0
0
0
0
0
0
0
0
0
0
0
0
0
0
0
0
0
0
0
0
0
0
0
0
0
0
0
0
0
0
0
0
0
0
0
0
0
0
0
0
0
0
0
0
0
0
0
0
0
0
0
0
0
0
0
0
0
0
0
0
0
0
0
0
0
0
0
0
0
0
0
0
0
0
0
0
0
0
0
0
0
0
0
0
0
0
0
0
0
0
0
0
0
0
0
0
0
0
0
0
0
0
0
0
0
0
0
0
0
0
0
0
0
0
0
0
0
0
0
0
0
0
0
0
0
0
0
0
0
0
0
0
0
0
0
0
0
0
0
0
0
0
0
0
0
0
0
0
0
0
0
0
0
0
0
0
0
0
0
0
0
0
0
0
0
0
0
0
0
0
0
0
0
0
0
0
0
0
0
0
0
0
0
0
0
0
0
0
0
0
0
0
0
0
0
0
0
0
0
0
0
0
0
0
0
0
0
0
0
0
0
0
0
0
0
0
0
0
0
0
0
0
0
0
0
0
0
0
0
0
0
0
0
0
0
0
0
0
0
0
0
0
0
0
0
0
0
0
0
0
0
0
0
0
0
0
0
0
0
0
0
0
0
0
0
0
0
0
0
0
0
0
0
0
0
0
0
0
0
0
0
0
0
0
0
0
0
0
0
0
0
0
0
0
0
0
0
0
0
0
0
0
0
0
0
0
0
0
0
0
0
0
0
0
0
0
0
0
0
0
0
0
0
0
0
0
0
0
0
0
0
0
0
0
0
0
0
0
0
0
0
0
0
0
0
0
0
0
0
0
0
0
0
0
0
0
0
0
0
0
0
0
0
0
0
0
0
0
0
0
0
0
0
0
0
0
0
0
0
0
0
0
0
0
0
0
0
0
0
0
0
0
0
0
0
0
0
0
0
0
0
0
0
0
0
0
0
0
0
0
0
0
0
0
0
0
0
0
0
0
0
0
0
0
0
0
0
0
0
0
0
0
0
0
0
0
0
0
0
0
0
0
0
0
0
0
0
0
0
0
0
0
0
0
0
0
0
0
0
0
0
0
0
0
0
0
0
0
0
0
0
0
0
0
0
0
0
0
0
0
0
0
0
0
0
0
0
0
0
0
0
0
0
0
0
0
0
0
0
0
0
0
0
0
0
0
0
0
0
0
0
0
0
0
0
0
0
0
0
0
0
0
0
0
0
0
0
0
0
0
0
0
0
0
0
0
0
0
0
0
0
0
0
0
0
0
0
0
0
0
0
0
0
0
0
0
0
0
0
0
0
0
0
0
0
0
0
0
0
0
0
0
0
0
0
0
0
0
0
0
0
0
0
0
0
0
0
0
0
0
0
0
0
0
0
0
0
0
0
0
0
0
0
0
0
0
0
0
0
0
0
0
0
0
0
0
0
0
0
0
0
0
0
0
0
0
0
0
0
0
0
0
0
0
0
0
0
0
0
0
0
0
0
0
0
0
0
0
0
0
0
0
0
0
0
0
0
0
0
0
0
0
0
0
0
0
0
0
0
0
0
0
0
0
0
0
0
0
0
0
0
0
0
0
0
0
0
0
0
0
0
0
0
0
0
0
0
0
0
0
0
0
0
0
0
0
0
0
0
0
0
0
0
0
0
0
0
0
0
0
0
0
0
0
0
0
0
0
0
0
0
0
0
0
0
0
0
0
0
0
0
0
0
0
0
0
0
0
0
0
0
0
0
0
0
0
0
0
0
0
0
0
0
0
0
0
0
0
0
0
0
0
0
0
0
0
0
0
0
0
0
0
0
0
0
0
0
0
0
0
0
0
0
0
0
0
0
0
0
0
0
0
0
0
0
0
0
0
0
0
0
0
0
0
0
0
0
0
0
0
0
0
0
0
0
0
0
0
0
0
0
0
0
0
0
0
0
0
0
0
0
0
0
0
0
0
0
0
0
0
0
0
0
0
0
0
0
0
0
0
0
0
0
0
0
0
0
0
0
0
0
0
0
0
0
0
0
0
0
0
0
0
0
0
0
0
0
0
0
0
0
0
0
0
0
0
0
0
0
0
0
0
0
0
0
0
0
0
0
0
0
0
0
0
0
0
0
0
0
0
0
0
0
0
0
0
0
0
0
0
0
0
0
0
0
0
0
0
0
0
0
0
0
0
0
0
0
0
0
0
0
0
0
0
0
0
0
0
0
0
0
0
0
0
0
0
0
0
0
0
0
0
0
0
0
0
0
0
0
0
0
0
0
0
0
0
0
0
0
0
0
0
0
0
0
0
0
0
0
0
0
0
0
0
0
0
0
0
0
0
0
0
0
0
0
0
0
0
0
0
0
0
0
0
0
0
0
0
0
0
0
0
0
0
0
0
0
0
0
0
0
0
0
0
0
0
0
0
0
0
0
0
0
0
0
0
0
0
0
0
0
0
0
0
0
0
0
0
0
0
0
0
0
0
0
0
0
0
0
0
0
0
0
0
0
0
0
0
0
0
0
0
0
0
0
0
0
0
0
0
0
0
0
0
0
0
0
0
0
0
0
0
0
0
0
0
0
0
0
0
0
0
0
0
0
0
0
0
0
0
0
0
0
0
0
0
0
0
0
0
0
0
0
0
0
0
0
0
0
0
0
0
0
0
0
0
0
0
0
0
0
0
0
0
0
0
0
0
0
0
0
0
0
0
0
0
0
0
0
0
0
0
0
0
0
0
0
0
0
0
0
0
0
0
0
0
0
0
0
0
0
0
0
0
0
0
0
0
0
0
0
0
0
0
0
0
0
0
0
0
0
0
0
0
0
0
0
0
0
0
0
0
0
0
0
0
0
0
0
0
0
0
0
0
0
0
0
0
0
0
0
0
0
0
0
0
0
0
0
0
0
0
0
0
0
0
0
0
0
0
0
0
0
0
0
0
0
0
0
0
0
0
0
0
0
0
0
0
0
0
0
0
0
0
0
0
0
0
0
0
0
0
0
0
0
0
0
0
0
0
0
0
0
0
0
0
0
0
0
0
0
0
0
0
0
0
0
0
0
0
0
0
0
0
0
0
0
0
0
0
0
0
0
0
0
0
0
0
0
0
0
0
0
0
0
0
0
0
0
0
0
0
0
0
0
0
0
0
0
0
0
0
0
0
0
0
0
0
0
0
0
0
0
0
0
0
0
0
0
0
0
0
0
0
0
0
0
0
0
0
0
0
0
0
0
0
0
0
0
0
0
0
0
0
0
0
0
0
0
0
0
0
0
0
0
0
0
0
0
0
0
0
0
0
0
0
0
0
0
0
0
0
0
0
0
0
0
0
0
0
0
0
0
0
0
0
0
0
0
0
0
0
0
0
0
0
0
0
0
0
0
0
0
0
0
0
0
0
0
0
0
0
7.96133e-13
7.96118e-13
7.96103e-13
7.96089e-13
7.96076e-13
7.96064e-13
7.96052e-13
7.96041e-13
7.96031e-13
7.96021e-13
7.93413e-13
7.93397e-13
7.93383e-13
7.93369e-13
7.93356e-13
7.93344e-13
7.93332e-13
7.93321e-13
7.93311e-13
7.93301e-13
7.90624e-13
7.90609e-13
7.90594e-13
7.90581e-13
7.90568e-13
7.90556e-13
7.90544e-13
7.90533e-13
7.90523e-13
7.90513e-13
7.87765e-13
7.8775e-13
7.87735e-13
7.87721e-13
7.87708e-13
7.87696e-13
7.87685e-13
7.87674e-13
7.87664e-13
7.87654e-13
7.84827e-13
7.84812e-13
7.84797e-13
7.84784e-13
7.84771e-13
7.84759e-13
7.84747e-13
7.84736e-13
7.84726e-13
7.84717e-13
7.79494e-13
7.79479e-13
7.79464e-13
7.79451e-13
7.79438e-13
7.79426e-13
7.79415e-13
7.79404e-13
7.79394e-13
7.79384e-13
7.72881e-13
7.72866e-13
7.72852e-13
7.72838e-13
7.72826e-13
7.72814e-13
7.72802e-13
7.72792e-13
7.72782e-13
7.72772e-13
7.65886e-13
7.65871e-13
7.65857e-13
7.65844e-13
7.65831e-13
7.65819e-13
7.65808e-13
7.65797e-13
7.65787e-13
7.65778e-13
7.56821e-13
7.56806e-13
7.56792e-13
7.56779e-13
7.56766e-13
7.56755e-13
7.56744e-13
7.56733e-13
7.56723e-13
7.56714e-13
7.45406e-13
7.45391e-13
7.45377e-13
7.45364e-13
7.45352e-13
7.4534e-13
7.45329e-13
7.45319e-13
7.45309e-13
7.45299e-13
7.33084e-13
7.33069e-13
7.33055e-13
7.33043e-13
7.3303e-13
7.33019e-13
7.33008e-13
7.32998e-13
7.32988e-13
7.32979e-13
7.17388e-13
7.17374e-13
7.1736e-13
7.17348e-13
7.17336e-13
7.17325e-13
7.17315e-13
7.17305e-13
7.17296e-13
7.17287e-13
6.9458e-13
6.94566e-13
6.94553e-13
6.9454e-13
6.94529e-13
6.94517e-13
6.94507e-13
6.94497e-13
6.94488e-13
6.94479e-13
6.69438e-13
6.69425e-13
6.69412e-13
6.694e-13
6.69389e-13
6.69378e-13
6.69368e-13
6.69358e-13
6.69349e-13
6.6934e-13
6.40268e-13
6.40256e-13
6.40244e-13
6.40233e-13
6.40223e-13
6.40213e-13
6.40204e-13
6.40196e-13
6.40188e-13
6.40179e-13
5.9506e-13
5.9505e-13
5.95038e-13
5.95027e-13
5.95017e-13
5.95007e-13
5.94998e-13
5.94989e-13
5.94982e-13
5.94972e-13
5.4571e-13
5.45702e-13
5.4569e-13
5.4568e-13
5.45671e-13
5.45662e-13
5.45654e-13
5.45646e-13
5.4564e-13
5.4563e-13
4.93384e-13
4.93376e-13
4.93364e-13
4.93354e-13
4.93345e-13
4.93336e-13
4.93328e-13
4.93319e-13
4.93313e-13
4.93302e-13
4.5104e-13
4.51033e-13
4.51023e-13
4.51014e-13
4.51006e-13
4.50998e-13
4.50991e-13
4.50983e-13
4.50978e-13
4.50968e-13
4.09253e-13
4.09247e-13
4.09237e-13
4.0923e-13
4.09222e-13
4.09215e-13
4.09208e-13
4.09201e-13
4.09197e-13
4.09187e-13
3.67663e-13
3.67658e-13
3.67648e-13
3.6764e-13
3.67633e-13
3.67626e-13
3.67619e-13
3.67612e-13
3.67607e-13
3.67598e-13
3.32883e-13
3.32878e-13
3.32869e-13
3.32862e-13
3.32855e-13
3.32849e-13
3.32843e-13
3.32837e-13
3.32832e-13
3.32824e-13
3.01249e-13
3.01245e-13
3.01237e-13
3.0123e-13
3.01224e-13
3.01218e-13
3.01213e-13
3.01207e-13
3.01203e-13
3.01195e-13
2.70719e-13
2.70715e-13
2.70707e-13
2.70701e-13
2.70695e-13
2.70689e-13
2.70684e-13
2.70678e-13
2.70674e-13
2.70666e-13
2.4478e-13
2.44776e-13
2.44769e-13
2.44763e-13
2.44757e-13
2.44752e-13
2.44747e-13
2.44742e-13
2.44738e-13
2.44731e-13
2.22785e-13
2.22781e-13
2.22774e-13
2.22769e-13
2.22764e-13
2.22759e-13
2.22754e-13
2.2275e-13
2.22747e-13
2.2274e-13
2.01824e-13
2.01821e-13
2.01814e-13
2.01809e-13
2.01804e-13
2.01799e-13
2.01795e-13
2.01791e-13
2.01788e-13
2.01781e-13
1.8338e-13
1.83376e-13
1.8337e-13
1.83365e-13
1.8336e-13
1.83355e-13
1.8335e-13
1.83346e-13
1.83343e-13
1.83336e-13
1.68493e-13
1.68491e-13
1.68486e-13
1.68482e-13
1.68478e-13
1.68474e-13
1.68471e-13
1.68467e-13
1.68465e-13
1.68459e-13
1.51935e-13
1.51954e-13
1.51975e-13
1.52008e-13
1.52049e-13
1.52097e-13
1.52152e-13
1.52212e-13
1.5228e-13
1.52343e-13
1.40458e-13
1.40377e-13
1.40353e-13
1.40391e-13
1.4048e-13
1.40615e-13
1.40792e-13
1.41004e-13
1.41251e-13
1.41517e-13
1.36143e-13
1.36083e-13
1.36082e-13
1.36141e-13
1.36252e-13
1.36408e-13
1.36605e-13
1.36837e-13
1.37103e-13
1.37391e-13
1.3295e-13
1.32902e-13
1.32915e-13
1.32987e-13
1.3311e-13
1.33278e-13
1.33487e-13
1.33731e-13
1.34008e-13
1.34307e-13
1.29793e-13
1.29759e-13
1.29785e-13
1.2987e-13
1.30005e-13
1.30186e-13
1.30406e-13
1.30662e-13
1.30951e-13
1.31261e-13
1.26531e-13
1.26472e-13
1.26485e-13
1.26568e-13
1.26711e-13
1.26908e-13
1.27153e-13
1.27439e-13
1.27764e-13
1.28115e-13
1.23393e-13
1.23338e-13
1.23359e-13
1.23453e-13
1.23609e-13
1.23822e-13
1.24083e-13
1.24388e-13
1.24732e-13
1.25105e-13
1.20392e-13
1.20347e-13
1.20378e-13
1.20482e-13
1.20648e-13
1.20871e-13
1.21143e-13
1.21458e-13
1.21812e-13
1.22195e-13
1.17434e-13
1.17399e-13
1.1744e-13
1.17554e-13
1.17731e-13
1.17963e-13
1.18245e-13
1.18569e-13
1.18934e-13
1.19326e-13
1.1435e-13
1.14332e-13
1.14388e-13
1.14519e-13
1.14712e-13
1.14961e-13
1.15261e-13
1.15602e-13
1.15985e-13
1.16393e-13
1.10931e-13
1.10882e-13
1.10924e-13
1.11058e-13
1.11269e-13
1.1155e-13
1.11891e-13
1.12284e-13
1.12727e-13
1.13199e-13
1.07504e-13
1.07402e-13
1.07421e-13
1.07554e-13
1.07784e-13
1.081e-13
1.08493e-13
1.0895e-13
1.09467e-13
1.10025e-13
1.04379e-13
1.04282e-13
1.04312e-13
1.0446e-13
1.04709e-13
1.05047e-13
1.05463e-13
1.05946e-13
1.0649e-13
1.07079e-13
1.01772e-13
1.01682e-13
1.01721e-13
1.01879e-13
1.02138e-13
1.02487e-13
1.02914e-13
1.03408e-13
1.03963e-13
1.04564e-13
9.96183e-14
9.9545e-14
9.95996e-14
9.97733e-14
1.00049e-13
1.00414e-13
1.00857e-13
1.01366e-13
1.01938e-13
1.02553e-13
9.70665e-14
9.70196e-14
9.70981e-14
9.73017e-14
9.76091e-14
9.80084e-14
9.84876e-14
9.90347e-14
9.96465e-14
1.00296e-13
9.40411e-14
9.37595e-14
9.37009e-14
9.38523e-14
9.41784e-14
9.46564e-14
9.52654e-14
9.5985e-14
9.68068e-14
9.76951e-14
9.13192e-14
9.10053e-14
9.09482e-14
9.11221e-14
9.14899e-14
9.20249e-14
9.27031e-14
9.35028e-14
9.44107e-14
9.53986e-14
8.89712e-14
8.86689e-14
8.863e-14
8.88243e-14
8.9215e-14
8.9774e-14
9.04771e-14
9.13024e-14
9.22352e-14
9.32502e-14
8.67041e-14
8.6414e-14
8.63893e-14
8.66005e-14
8.70095e-14
8.75878e-14
8.83105e-14
8.91553e-14
9.01079e-14
9.11408e-14
8.41341e-14
8.38798e-14
8.38892e-14
8.41415e-14
8.45937e-14
8.52173e-14
8.59866e-14
8.68776e-14
8.78792e-14
8.89528e-14
8.10509e-14
8.06086e-14
8.05199e-14
8.07585e-14
8.12604e-14
8.19858e-14
8.28987e-14
8.39658e-14
8.51743e-14
8.64661e-14
7.80779e-14
7.72066e-14
7.68875e-14
7.70467e-14
7.75886e-14
7.84466e-14
7.95647e-14
8.08946e-14
8.24097e-14
8.40499e-14
7.53518e-14
7.44058e-14
7.4075e-14
7.42573e-14
7.4851e-14
7.578e-14
7.69824e-14
7.8407e-14
8.00193e-14
8.17715e-14
7.34926e-14
7.24953e-14
7.21352e-14
7.23105e-14
7.29109e-14
7.38562e-14
7.50809e-14
7.65306e-14
7.81712e-14
7.99474e-14
7.01469e-14
6.96288e-14
6.95368e-14
7.00236e-14
7.08963e-14
7.20975e-14
7.35632e-14
7.52185e-14
7.71052e-14
7.89515e-14
5.88766e-14
6.03536e-14
6.07845e-14
6.24042e-14
6.42811e-14
6.65108e-14
6.90147e-14
7.15215e-14
7.46914e-14
7.64401e-14
3.66178e-13
2.1825e-13
1.21662e-13
6.49977e-14
3.70541e-14
3.84794e-14
5.2811e-14
6.8346e-14
8.51465e-14
9.94343e-14
1.1007e-12
6.08279e-13
3.26809e-13
1.69443e-13
8.42477e-14
5.45955e-14
6.63774e-14
8.90386e-14
1.14125e-13
1.393e-13
1.59372e-12
8.98842e-13
5.02932e-13
2.80579e-13
1.60046e-13
1.06909e-13
1.00256e-13
1.15818e-13
1.39518e-13
1.6654e-13
2.22108e-12
1.28888e-12
7.49395e-13
4.40605e-13
2.67925e-13
1.80378e-13
1.48656e-13
1.49634e-13
1.6661e-13
1.90979e-13
2.54282e-12
1.5432e-12
9.43524e-13
5.87645e-13
3.79961e-13
2.657e-13
2.12038e-13
1.96264e-13
2.02371e-13
2.19767e-13
4.06419e-12
2.47161e-12
1.51702e-12
9.50843e-13
6.17996e-13
4.28533e-13
3.28834e-13
2.85121e-13
2.75787e-13
2.85467e-13
7.58307e-12
4.54208e-12
2.74512e-12
1.69306e-12
1.08016e-12
7.2916e-13
5.36058e-13
4.38863e-13
4.00572e-13
3.96482e-13
1.16879e-11
7.01864e-12
4.25184e-12
2.62464e-12
1.67148e-12
1.11884e-12
8.0562e-13
6.36741e-13
5.56256e-13
5.28969e-13
1.48923e-11
9.11094e-12
5.62323e-12
3.53206e-12
2.28237e-12
1.54051e-12
1.10615e-12
8.59355e-13
7.2864e-13
6.69566e-13
1.87738e-11
1.16859e-11
7.33388e-12
4.67639e-12
3.05812e-12
2.07706e-12
1.48729e-12
1.1391e-12
9.42011e-13
8.39534e-13
2.22918e-11
1.4222e-11
9.14358e-12
5.96405e-12
3.97728e-12
2.73944e-12
1.97192e-12
1.5008e-12
1.21867e-12
1.05685e-12
2.66973e-11
1.74634e-11
1.15031e-11
7.67779e-12
5.22524e-12
3.65594e-12
2.65434e-12
2.01823e-12
1.62029e-12
1.37568e-12
4.66563e-11
3.01613e-11
1.95748e-11
1.28347e-11
8.55384e-12
5.84249e-12
4.12867e-12
3.0482e-12
2.37393e-12
1.95656e-12
7.42848e-11
4.78722e-11
3.09077e-11
2.01038e-11
1.32525e-11
8.92385e-12
6.19539e-12
4.47879e-12
3.40541e-12
2.73829e-12
9.31967e-11
6.10496e-11
4.00474e-11
2.64296e-11
1.76403e-11
1.19885e-11
8.36243e-12
6.03911e-12
4.55548e-12
3.61135e-12
1.16392e-10
7.73726e-11
5.14736e-11
3.44038e-11
2.32068e-11
1.58903e-11
1.11209e-11
8.01563e-12
5.9977e-12
4.68823e-12
1.17063e-10
8.06026e-11
5.55782e-11
3.85046e-11
2.68934e-11
1.90194e-11
1.36885e-11
1.00809e-11
7.64219e-12
5.99039e-12
1.85905e-10
1.27225e-10
8.70071e-11
5.96544e-11
4.11328e-11
2.86458e-11
2.02522e-11
1.46183e-11
1.08441e-11
8.30786e-12
2.83918e-10
1.93713e-10
1.31895e-10
8.98612e-11
6.14384e-11
4.23252e-11
2.95269e-11
2.09804e-11
1.52872e-11
1.14889e-11
3.65634e-10
2.51587e-10
1.72733e-10
1.18576e-10
8.15901e-11
5.64702e-11
3.94874e-11
2.80436e-11
2.03517e-11
1.51809e-11
4.42686e-10
3.07987e-10
2.13836e-10
1.48391e-10
1.03135e-10
7.20036e-11
5.06843e-11
3.61356e-11
2.62333e-11
1.94979e-11
4.55448e-10
3.24925e-10
2.31521e-10
1.64967e-10
1.17728e-10
8.43346e-11
6.08122e-11
4.42898e-11
3.27103e-11
2.45975e-11
5.74979e-10
4.13147e-10
2.9647e-10
2.12683e-10
1.52711e-10
1.0995e-10
7.95691e-11
5.80476e-11
4.28441e-11
3.21054e-11
8.39726e-10
5.99476e-10
4.27288e-10
3.04297e-10
2.16705e-10
1.5457e-10
1.10667e-10
7.97574e-11
5.80734e-11
4.2875e-11
1.17615e-09
8.3587e-10
5.93275e-10
4.20658e-10
2.98116e-10
2.11429e-10
1.50346e-10
1.07474e-10
7.74997e-11
5.65858e-11
1.42958e-09
1.02269e-09
7.3113e-10
5.22324e-10
3.72992e-10
2.66477e-10
1.90752e-10
1.37105e-10
9.92367e-11
7.25714e-11
1.72303e-09
1.24015e-09
8.9256e-10
6.42199e-10
4.61946e-10
3.32392e-10
2.39515e-10
1.73132e-10
1.25841e-10
9.22361e-11
1.95003e-09
1.41983e-09
1.03435e-09
7.53669e-10
5.49195e-10
4.00357e-10
2.92199e-10
2.13779e-10
1.57074e-10
1.16161e-10
2.11617e-09
1.56465e-09
1.158e-09
8.57572e-10
6.35354e-10
4.70988e-10
3.49517e-10
2.59877e-10
1.93862e-10
1.4532e-10
2.82136e-09
2.07508e-09
1.52872e-09
1.12752e-09
8.32195e-10
6.14619e-10
4.5434e-10
3.36376e-10
2.49714e-10
1.86125e-10
4.10654e-09
2.97066e-09
2.15523e-09
1.56689e-09
1.1407e-09
8.31259e-10
6.0636e-10
4.42933e-10
3.24329e-10
2.38364e-10
4.94515e-09
3.58314e-09
2.60588e-09
1.90043e-09
1.3887e-09
1.01626e-09
7.4467e-10
5.46476e-10
4.01903e-10
2.96528e-10
5.9283e-09
4.30016e-09
3.13308e-09
2.29069e-09
1.67918e-09
1.23338e-09
9.07438e-10
6.68739e-10
4.93848e-10
3.65736e-10
5.80089e-09
4.30662e-09
3.21067e-09
2.40183e-09
1.80165e-09
1.35442e-09
1.02011e-09
7.69671e-10
5.81847e-10
4.40898e-10
7.38069e-09
5.45154e-09
4.04648e-09
3.01612e-09
2.25572e-09
1.69168e-09
1.27159e-09
9.57778e-10
7.22926e-10
5.46894e-10
1.05148e-08
7.63014e-09
5.57117e-09
4.08971e-09
3.01554e-09
2.23161e-09
1.65644e-09
1.23266e-09
9.19542e-10
6.87645e-10
1.33846e-08
9.65831e-09
7.01797e-09
5.13085e-09
3.77073e-09
2.78324e-09
2.06178e-09
1.53201e-09
1.14153e-09
8.52852e-10
1.61125e-08
1.16282e-08
8.45335e-09
6.18596e-09
4.55268e-09
3.36698e-09
2.50031e-09
1.86319e-09
1.3927e-09
1.04402e-09
1.64684e-08
1.21078e-08
8.96302e-09
6.67657e-09
5.00085e-09
3.76367e-09
2.84422e-09
2.157e-09
1.64096e-09
1.25194e-09
1.85172e-08
1.37289e-08
1.02456e-08
7.69334e-09
5.80891e-09
4.4076e-09
3.35868e-09
2.56891e-09
1.97135e-09
1.5172e-09
2.48901e-08
1.82506e-08
1.34727e-08
1.00124e-08
7.48694e-09
5.62987e-09
4.25442e-09
3.22892e-09
2.46006e-09
1.88044e-09
3.48783e-08
2.5154e-08
1.82721e-08
1.33724e-08
9.85638e-09
7.31262e-09
5.45738e-09
4.09398e-09
3.08539e-09
2.33451e-09
4.25205e-08
3.06694e-08
2.22712e-08
1.62918e-08
1.20044e-08
8.906e-09
6.64871e-09
4.99137e-09
3.76595e-09
2.85381e-09
5.11652e-08
3.69566e-08
2.68553e-08
1.96523e-08
1.44853e-08
1.07517e-08
8.03257e-09
6.03673e-09
4.56109e-09
3.46246e-09
5.772e-08
4.20224e-08
3.07639e-08
2.26714e-08
1.68244e-08
1.25714e-08
9.45467e-09
7.15337e-09
5.4418e-09
4.16e-09
5.95879e-08
4.42231e-08
3.29637e-08
2.47092e-08
1.86351e-08
1.41412e-08
1.07953e-08
8.28726e-09
6.39496e-09
4.95782e-09
6.0101e-08
5.2479e-08
3.93178e-08
2.95878e-08
2.23856e-08
1.70345e-08
1.30378e-08
1.00343e-08
7.76357e-09
6.03492e-09
7.49116e-08
6.64057e-08
5.5572e-08
4.10642e-08
3.05014e-08
2.27943e-08
1.7144e-08
1.2976e-08
9.8813e-09
7.56592e-09
8.0452e-08
7.11408e-08
6.26695e-08
4.98693e-08
3.71341e-08
2.78018e-08
2.09411e-08
1.58712e-08
1.2102e-08
9.27985e-09
8.98081e-08
7.87523e-08
6.88564e-08
5.99285e-08
4.47054e-08
3.3514e-08
2.52696e-08
1.91693e-08
1.46302e-08
1.12304e-08
8.32246e-08
7.40475e-08
6.56721e-08
5.80205e-08
4.76852e-08
3.65553e-08
2.81528e-08
2.17911e-08
1.69545e-08
1.32576e-08
8.42176e-08
7.5287e-08
6.70911e-08
5.95616e-08
5.26574e-08
4.26935e-08
3.31665e-08
2.58788e-08
2.0288e-08
1.59779e-08
9.65274e-08
8.55782e-08
7.5636e-08
6.66082e-08
5.84242e-08
5.10182e-08
4.22709e-08
3.26925e-08
2.54002e-08
1.98252e-08
1.09545e-07
9.63468e-08
8.45161e-08
7.39148e-08
6.44272e-08
5.59468e-08
4.83798e-08
4.04484e-08
3.13839e-08
2.44586e-08
1.18491e-07
1.04004e-07
9.10637e-08
7.95147e-08
6.92227e-08
6.00622e-08
5.19219e-08
4.47029e-08
3.77765e-08
2.9528e-08
1.19226e-07
1.05146e-07
9.25413e-08
8.12635e-08
7.11859e-08
6.21897e-08
5.4169e-08
4.70296e-08
4.06859e-08
3.47752e-08
1.18683e-07
1.05366e-07
9.33645e-08
8.25527e-08
7.28297e-08
6.40961e-08
5.62623e-08
4.92476e-08
4.29754e-08
3.73875e-08
1.18387e-07
1.06165e-07
9.49283e-08
8.4618e-08
7.51874e-08
6.65847e-08
5.87594e-08
5.16634e-08
4.52471e-08
3.94736e-08
1.4411e-07
1.27304e-07
1.12191e-07
9.86321e-08
8.64974e-08
7.56597e-08
6.59995e-08
5.74059e-08
4.97764e-08
4.30216e-08
1.54671e-07
1.36688e-07
1.20502e-07
1.05974e-07
9.29694e-08
8.1356e-08
7.10068e-08
6.18036e-08
5.36354e-08
4.6406e-08
1.64433e-07
1.45456e-07
1.28347e-07
1.12972e-07
9.91962e-08
8.68854e-08
7.59089e-08
6.61433e-08
5.74735e-08
4.97956e-08
1.7708e-07
1.56347e-07
1.37762e-07
1.21148e-07
1.06336e-07
9.31564e-08
8.14519e-08
7.10746e-08
6.18877e-08
5.37696e-08
1.74458e-07
1.55248e-07
1.37904e-07
1.2228e-07
1.08241e-07
9.56516e-08
8.43816e-08
7.43102e-08
6.53213e-08
5.73168e-08
1.58356e-07
1.4371e-07
1.3007e-07
1.17412e-07
1.05711e-07
9.49316e-08
8.50333e-08
7.59726e-08
6.77016e-08
6.01792e-08
1.93159e-07
1.72799e-07
1.54224e-07
1.37339e-07
1.22039e-07
1.08217e-07
9.57629e-08
8.45673e-08
7.45263e-08
6.55399e-08
2.0454e-07
1.83301e-07
1.63869e-07
1.4616e-07
1.30076e-07
1.15513e-07
1.02366e-07
9.05277e-08
7.98927e-08
7.03606e-08
2.25306e-07
2.01072e-07
1.79079e-07
1.59186e-07
1.41248e-07
1.25116e-07
1.10643e-07
9.76863e-08
8.6108e-08
7.5781e-08
2.18552e-07
1.96885e-07
1.77033e-07
1.58897e-07
1.42377e-07
1.27369e-07
1.13767e-07
1.01465e-07
9.03588e-08
8.03548e-08
2.04656e-07
1.86836e-07
1.70243e-07
1.54832e-07
1.40562e-07
1.27383e-07
1.15241e-07
1.04083e-07
9.3849e-08
8.44879e-08
2.2223e-07
2.0277e-07
1.84593e-07
1.67677e-07
1.5199e-07
1.37491e-07
1.24132e-07
1.11858e-07
1.00612e-07
9.03358e-08
2.4346e-07
2.21493e-07
2.0108e-07
1.82178e-07
1.64731e-07
1.48675e-07
1.33942e-07
1.20458e-07
1.0815e-07
9.69381e-08
2.59041e-07
2.35591e-07
2.13829e-07
1.937e-07
1.75142e-07
1.58081e-07
1.4244e-07
1.28138e-07
1.15092e-07
1.03219e-07
2.61991e-07
2.39145e-07
2.17934e-07
1.98292e-07
1.8015e-07
1.63432e-07
1.48061e-07
1.33958e-07
1.21045e-07
1.09243e-07
2.57004e-07
2.36065e-07
2.16567e-07
1.98441e-07
1.81622e-07
1.66045e-07
1.5164e-07
1.38342e-07
1.26082e-07
1.14801e-07
2.41791e-07
2.25318e-07
2.09537e-07
1.94467e-07
1.80127e-07
1.66526e-07
1.53667e-07
1.41546e-07
1.30154e-07
1.1948e-07
2.74518e-07
2.53762e-07
2.34167e-07
2.15719e-07
1.98395e-07
1.82169e-07
1.67008e-07
1.52877e-07
1.39738e-07
1.27546e-07
2.8625e-07
2.65041e-07
2.44972e-07
2.26034e-07
2.08209e-07
1.91476e-07
1.75806e-07
1.61167e-07
1.47526e-07
1.34843e-07
2.97338e-07
2.75807e-07
2.55384e-07
2.36064e-07
2.17835e-07
2.00678e-07
1.84572e-07
1.69489e-07
1.55399e-07
1.42267e-07
3.14701e-07
2.91528e-07
2.69681e-07
2.49125e-07
2.29822e-07
2.1173e-07
1.94807e-07
1.79007e-07
1.64285e-07
1.50592e-07
3.1556e-07
2.93498e-07
2.72666e-07
2.53023e-07
2.3453e-07
2.17148e-07
2.00836e-07
1.85552e-07
1.71253e-07
1.579e-07
2.87042e-07
2.71385e-07
2.56138e-07
2.4133e-07
2.2699e-07
2.13142e-07
1.99809e-07
1.87005e-07
1.74744e-07
1.63039e-07
3.24936e-07
3.04684e-07
2.85282e-07
2.66732e-07
2.49029e-07
2.32169e-07
2.16143e-07
2.00942e-07
1.86556e-07
1.72963e-07
3.37098e-07
3.16636e-07
2.96987e-07
2.78157e-07
2.60143e-07
2.42944e-07
2.26556e-07
2.10973e-07
1.96188e-07
1.82185e-07
3.55459e-07
3.33837e-07
3.13137e-07
2.93334e-07
2.74424e-07
2.56394e-07
2.39234e-07
2.22932e-07
2.07467e-07
1.92841e-07
3.3078e-07
3.12537e-07
2.95543e-07
2.79691e-07
2.64888e-07
2.51044e-07
2.38083e-07
2.25939e-07
2.14551e-07
2.03862e-07
1.9113e-07
1.91138e-07
1.91127e-07
1.91122e-07
1.91115e-07
1.91107e-07
1.91099e-07
1.91089e-07
1.91085e-07
1.91061e-07
)
;

boundaryField
{
    fuelBottom
    {
        type            empty;
    }
    fuelTop_1
    {
        type            empty;
    }
    fuelOuter
    {
        type            calculated;
        value           uniform 0;
    }
    fuelTop
    {
        type            empty;
    }
    fuelInner
    {
        type            calculated;
        value           uniform 0;
    }
    cladBottom
    {
        type            empty;
    }
    cladInner
    {
        type            calculated;
        value           nonuniform List<scalar> 
142
(
7.9587e-13
7.93151e-13
7.90364e-13
7.87505e-13
7.84569e-13
7.79238e-13
7.72628e-13
7.65635e-13
7.56574e-13
7.45163e-13
7.32845e-13
7.17155e-13
6.94354e-13
6.69222e-13
6.40061e-13
5.94867e-13
5.45532e-13
4.93223e-13
4.50893e-13
4.09119e-13
3.67542e-13
3.32773e-13
3.01149e-13
2.70629e-13
2.44699e-13
2.2271e-13
2.01756e-13
1.83318e-13
1.68435e-13
1.53414e-13
1.41801e-13
1.37451e-13
1.34228e-13
1.31042e-13
1.27849e-13
1.24705e-13
1.21675e-13
1.18686e-13
1.15578e-13
1.12239e-13
1.08912e-13
1.05772e-13
1.03133e-13
1.00953e-13
9.83869e-14
9.56422e-14
9.29529e-14
9.05698e-14
8.82628e-14
8.56552e-14
8.26947e-14
7.99242e-14
7.71818e-14
7.5279e-14
7.17569e-14
5.94621e-14
3.93895e-13
1.21407e-12
1.76231e-12
2.45396e-12
2.7954e-12
4.48207e-12
8.42163e-12
1.30234e-11
1.65816e-11
2.08836e-11
2.47265e-11
2.9528e-11
5.19487e-11
8.31281e-11
1.04201e-10
1.29997e-10
1.29785e-10
2.0724e-10
3.18064e-10
4.09833e-10
4.95682e-10
5.06729e-10
6.39692e-10
9.387e-10
1.31963e-09
1.60274e-09
1.92981e-09
2.17703e-09
2.35167e-09
3.14272e-09
4.59957e-09
5.53442e-09
6.62816e-09
6.43567e-09
8.19535e-09
1.17255e-08
1.49333e-08
1.79536e-08
1.82373e-08
2.04358e-08
2.75112e-08
3.86468e-08
4.70344e-08
5.64762e-08
6.3494e-08
6.51613e-08
6.54234e-08
8.18223e-08
8.77505e-08
9.78348e-08
9.01127e-08
9.09509e-08
1.04315e-07
1.18337e-07
1.2777e-07
1.28062e-07
1.26953e-07
1.26394e-07
1.53995e-07
1.64997e-07
1.75106e-07
1.88205e-07
1.84728e-07
1.66918e-07
2.03837e-07
2.15496e-07
2.3714e-07
2.29218e-07
2.13935e-07
2.32019e-07
2.54048e-07
2.69969e-07
2.72539e-07
2.66733e-07
2.50113e-07
2.84122e-07
2.9594e-07
3.07058e-07
3.24743e-07
3.25047e-07
2.94631e-07
3.33801e-07
3.45953e-07
3.64563e-07
3.42329e-07
1.91115e-07
)
;
    }
    cladOuter
    {
        type            calculated;
        value           nonuniform List<scalar> 
142
(
7.9559e-13
7.92872e-13
7.90085e-13
7.87228e-13
7.84292e-13
7.78963e-13
7.72355e-13
7.65366e-13
7.56307e-13
7.449e-13
7.32587e-13
7.16904e-13
6.94109e-13
6.68984e-13
6.3984e-13
5.94656e-13
5.4534e-13
4.9304e-13
4.50729e-13
4.08969e-13
3.67402e-13
3.32646e-13
3.01034e-13
2.70521e-13
2.446e-13
2.2262e-13
2.01672e-13
1.83237e-13
1.68367e-13
1.51628e-13
1.40139e-13
1.36051e-13
1.32997e-13
1.29978e-13
1.26768e-13
1.23766e-13
1.20884e-13
1.18042e-13
1.1513e-13
1.11858e-13
1.0859e-13
1.0566e-13
1.03175e-13
1.01186e-13
9.89315e-14
9.60586e-14
9.37294e-14
9.16127e-14
8.95369e-14
8.7369e-14
8.47413e-14
8.21215e-14
7.98567e-14
7.80675e-14
7.7003e-14
7.37499e-14
9.05426e-14
1.25551e-13
1.50433e-13
1.7286e-13
1.99972e-13
2.5875e-13
3.56833e-13
4.74871e-13
6.01994e-13
7.5585e-13
9.54619e-13
1.24604e-12
1.75887e-12
2.44894e-12
3.234e-12
4.20427e-12
5.41489e-12
7.46251e-12
1.02643e-11
1.35566e-11
1.7434e-11
2.21494e-11
2.89058e-11
3.8392e-11
5.04594e-11
6.47694e-11
8.24109e-11
1.0416e-10
1.30958e-10
1.67262e-10
2.12858e-10
2.6501e-10
3.27204e-10
3.9784e-10
4.92883e-10
6.16477e-10
7.63891e-10
9.36138e-10
1.13042e-09
1.37454e-09
1.69866e-09
2.10011e-09
2.56905e-09
3.12007e-09
3.76088e-09
4.50928e-09
5.49651e-09
6.85254e-09
8.41279e-09
1.01919e-08
1.21259e-08
1.46615e-08
1.81349e-08
2.23673e-08
2.70448e-08
3.20469e-08
3.45883e-08
3.65193e-08
3.96798e-08
4.28344e-08
4.6005e-08
4.9802e-08
5.33812e-08
5.63175e-08
6.11102e-08
6.56629e-08
7.07835e-08
7.5474e-08
7.97872e-08
8.52213e-08
9.14363e-08
9.74508e-08
1.03531e-07
1.09337e-07
1.14043e-07
1.21568e-07
1.28628e-07
1.35835e-07
1.44018e-07
1.51533e-07
1.57055e-07
1.66332e-07
1.75353e-07
1.85776e-07
2.00559e-07
1.91054e-07
)
;
    }
    cladTop
    {
        type            empty;
    }
    front
    {
        type            wedge;
    }
    back
    {
        type            wedge;
    }
}


// ************************************************************************* //
