/*--------------------------------*- C++ -*----------------------------------*\
| =========                 |                                                 |
| \\      /  F ield         | OpenFOAM: The Open Source CFD Toolbox           |
|  \\    /   O peration     | Version:  2412                                  |
|   \\  /    A nd           | Website:  www.openfoam.com                      |
|    \\/     M anipulation  |                                                 |
\*---------------------------------------------------------------------------*/
FoamFile
{
    version     2.0;
    format      ascii;
    arch        "LSB;label=32;scalar=64";
    class       volScalarField;
    location    "25888284.641197/fuelBehaviourRegion";
    object      fastFluence;
}
// * * * * * * * * * * * * * * * * * * * * * * * * * * * * * * * * * * * * * //

dimensions      [0 0 0 0 0 0 0];

internalField   nonuniform List<scalar> 
4720
(
5.69776e+22
5.69776e+22
5.69776e+22
5.69776e+22
5.69776e+22
5.69776e+22
5.69776e+22
5.69776e+22
5.69776e+22
5.69776e+22
5.69776e+22
5.69776e+22
5.69776e+22
5.69776e+22
5.69776e+22
5.69776e+22
5.69776e+22
5.69776e+22
5.69776e+22
5.69776e+22
5.69776e+22
5.69776e+22
5.69776e+22
5.69776e+22
5.69776e+22
5.69776e+22
5.69776e+22
5.69776e+22
5.69776e+22
5.69776e+22
5.72905e+22
5.72905e+22
5.72905e+22
5.72905e+22
5.72905e+22
5.72905e+22
5.72905e+22
5.72905e+22
5.72905e+22
5.72905e+22
5.72905e+22
5.72905e+22
5.72905e+22
5.72905e+22
5.72905e+22
5.72905e+22
5.72905e+22
5.72905e+22
5.72905e+22
5.72905e+22
5.72905e+22
5.72905e+22
5.72905e+22
5.72905e+22
5.72905e+22
5.72905e+22
5.72905e+22
5.72905e+22
5.72905e+22
5.72905e+22
5.75082e+22
5.75082e+22
5.75082e+22
5.75082e+22
5.75082e+22
5.75082e+22
5.75082e+22
5.75082e+22
5.75082e+22
5.75082e+22
5.75082e+22
5.75082e+22
5.75082e+22
5.75082e+22
5.75082e+22
5.75082e+22
5.75082e+22
5.75082e+22
5.75082e+22
5.75082e+22
5.75082e+22
5.75082e+22
5.75082e+22
5.75082e+22
5.75082e+22
5.75082e+22
5.75082e+22
5.75082e+22
5.75082e+22
5.75082e+22
5.77259e+22
5.77259e+22
5.77259e+22
5.77259e+22
5.77259e+22
5.77259e+22
5.77259e+22
5.77259e+22
5.77259e+22
5.77259e+22
5.77259e+22
5.77259e+22
5.77259e+22
5.77259e+22
5.77259e+22
5.77259e+22
5.77259e+22
5.77259e+22
5.77259e+22
5.77259e+22
5.77259e+22
5.77259e+22
5.77259e+22
5.77259e+22
5.77259e+22
5.77259e+22
5.77259e+22
5.77259e+22
5.77259e+22
5.77259e+22
5.79435e+22
5.79435e+22
5.79435e+22
5.79435e+22
5.79435e+22
5.79435e+22
5.79435e+22
5.79435e+22
5.79435e+22
5.79435e+22
5.79435e+22
5.79435e+22
5.79435e+22
5.79435e+22
5.79435e+22
5.79435e+22
5.79435e+22
5.79435e+22
5.79435e+22
5.79435e+22
5.79435e+22
5.79435e+22
5.79435e+22
5.79435e+22
5.79435e+22
5.79435e+22
5.79435e+22
5.79435e+22
5.79435e+22
5.79435e+22
5.81612e+22
5.81612e+22
5.81612e+22
5.81612e+22
5.81612e+22
5.81612e+22
5.81612e+22
5.81612e+22
5.81612e+22
5.81612e+22
5.81612e+22
5.81612e+22
5.81612e+22
5.81612e+22
5.81612e+22
5.81612e+22
5.81612e+22
5.81612e+22
5.81612e+22
5.81612e+22
5.81612e+22
5.81612e+22
5.81612e+22
5.81612e+22
5.81612e+22
5.81612e+22
5.81612e+22
5.81612e+22
5.81612e+22
5.81612e+22
5.83789e+22
5.83789e+22
5.83789e+22
5.83789e+22
5.83789e+22
5.83789e+22
5.83789e+22
5.83789e+22
5.83789e+22
5.83789e+22
5.83789e+22
5.83789e+22
5.83789e+22
5.83789e+22
5.83789e+22
5.83789e+22
5.83789e+22
5.83789e+22
5.83789e+22
5.83789e+22
5.83789e+22
5.83789e+22
5.83789e+22
5.83789e+22
5.83789e+22
5.83789e+22
5.83789e+22
5.83789e+22
5.83789e+22
5.83789e+22
5.85965e+22
5.85965e+22
5.85965e+22
5.85965e+22
5.85965e+22
5.85965e+22
5.85965e+22
5.85965e+22
5.85965e+22
5.85965e+22
5.85965e+22
5.85965e+22
5.85965e+22
5.85965e+22
5.85965e+22
5.85965e+22
5.85965e+22
5.85965e+22
5.85965e+22
5.85965e+22
5.85965e+22
5.85965e+22
5.85965e+22
5.85965e+22
5.85965e+22
5.85965e+22
5.85965e+22
5.85965e+22
5.85965e+22
5.85965e+22
5.88142e+22
5.88142e+22
5.88142e+22
5.88142e+22
5.88142e+22
5.88142e+22
5.88142e+22
5.88142e+22
5.88142e+22
5.88142e+22
5.88142e+22
5.88142e+22
5.88142e+22
5.88142e+22
5.88142e+22
5.88142e+22
5.88142e+22
5.88142e+22
5.88142e+22
5.88142e+22
5.88142e+22
5.88142e+22
5.88142e+22
5.88142e+22
5.88142e+22
5.88142e+22
5.88142e+22
5.88142e+22
5.88142e+22
5.88142e+22
5.90318e+22
5.90318e+22
5.90318e+22
5.90318e+22
5.90318e+22
5.90318e+22
5.90318e+22
5.90318e+22
5.90318e+22
5.90318e+22
5.90318e+22
5.90318e+22
5.90318e+22
5.90318e+22
5.90318e+22
5.90318e+22
5.90318e+22
5.90318e+22
5.90318e+22
5.90318e+22
5.90318e+22
5.90318e+22
5.90318e+22
5.90318e+22
5.90318e+22
5.90318e+22
5.90318e+22
5.90318e+22
5.90318e+22
5.90318e+22
5.92495e+22
5.92495e+22
5.92495e+22
5.92495e+22
5.92495e+22
5.92495e+22
5.92495e+22
5.92495e+22
5.92495e+22
5.92495e+22
5.92495e+22
5.92495e+22
5.92495e+22
5.92495e+22
5.92495e+22
5.92495e+22
5.92495e+22
5.92495e+22
5.92495e+22
5.92495e+22
5.92495e+22
5.92495e+22
5.92495e+22
5.92495e+22
5.92495e+22
5.92495e+22
5.92495e+22
5.92495e+22
5.92495e+22
5.92495e+22
5.94672e+22
5.94672e+22
5.94672e+22
5.94672e+22
5.94672e+22
5.94672e+22
5.94672e+22
5.94672e+22
5.94672e+22
5.94672e+22
5.94672e+22
5.94672e+22
5.94672e+22
5.94672e+22
5.94672e+22
5.94672e+22
5.94672e+22
5.94672e+22
5.94672e+22
5.94672e+22
5.94672e+22
5.94672e+22
5.94672e+22
5.94672e+22
5.94672e+22
5.94672e+22
5.94672e+22
5.94672e+22
5.94672e+22
5.94672e+22
5.96848e+22
5.96848e+22
5.96848e+22
5.96848e+22
5.96848e+22
5.96848e+22
5.96848e+22
5.96848e+22
5.96848e+22
5.96848e+22
5.96848e+22
5.96848e+22
5.96848e+22
5.96848e+22
5.96848e+22
5.96848e+22
5.96848e+22
5.96848e+22
5.96848e+22
5.96848e+22
5.96848e+22
5.96848e+22
5.96848e+22
5.96848e+22
5.96848e+22
5.96848e+22
5.96848e+22
5.96848e+22
5.96848e+22
5.96848e+22
5.98774e+22
5.98774e+22
5.98774e+22
5.98774e+22
5.98774e+22
5.98774e+22
5.98774e+22
5.98774e+22
5.98774e+22
5.98774e+22
5.98774e+22
5.98774e+22
5.98774e+22
5.98774e+22
5.98774e+22
5.98774e+22
5.98774e+22
5.98774e+22
5.98774e+22
5.98774e+22
5.98774e+22
5.98774e+22
5.98774e+22
5.98774e+22
5.98774e+22
5.98774e+22
5.98774e+22
5.98774e+22
5.98774e+22
5.98774e+22
6.00086e+22
6.00086e+22
6.00086e+22
6.00086e+22
6.00086e+22
6.00086e+22
6.00086e+22
6.00086e+22
6.00086e+22
6.00086e+22
6.00086e+22
6.00086e+22
6.00086e+22
6.00086e+22
6.00086e+22
6.00086e+22
6.00086e+22
6.00086e+22
6.00086e+22
6.00086e+22
6.00086e+22
6.00086e+22
6.00086e+22
6.00086e+22
6.00086e+22
6.00086e+22
6.00086e+22
6.00086e+22
6.00086e+22
6.00086e+22
6.01398e+22
6.01398e+22
6.01398e+22
6.01398e+22
6.01398e+22
6.01398e+22
6.01398e+22
6.01398e+22
6.01398e+22
6.01398e+22
6.01398e+22
6.01398e+22
6.01398e+22
6.01398e+22
6.01398e+22
6.01398e+22
6.01398e+22
6.01398e+22
6.01398e+22
6.01398e+22
6.01398e+22
6.01398e+22
6.01398e+22
6.01398e+22
6.01398e+22
6.01398e+22
6.01398e+22
6.01398e+22
6.01398e+22
6.01398e+22
6.02709e+22
6.02709e+22
6.02709e+22
6.02709e+22
6.02709e+22
6.02709e+22
6.02709e+22
6.02709e+22
6.02709e+22
6.02709e+22
6.02709e+22
6.02709e+22
6.02709e+22
6.02709e+22
6.02709e+22
6.02709e+22
6.02709e+22
6.02709e+22
6.02709e+22
6.02709e+22
6.02709e+22
6.02709e+22
6.02709e+22
6.02709e+22
6.02709e+22
6.02709e+22
6.02709e+22
6.02709e+22
6.02709e+22
6.02709e+22
6.04021e+22
6.04021e+22
6.04021e+22
6.04021e+22
6.04021e+22
6.04021e+22
6.04021e+22
6.04021e+22
6.04021e+22
6.04021e+22
6.04021e+22
6.04021e+22
6.04021e+22
6.04021e+22
6.04021e+22
6.04021e+22
6.04021e+22
6.04021e+22
6.04021e+22
6.04021e+22
6.04021e+22
6.04021e+22
6.04021e+22
6.04021e+22
6.04021e+22
6.04021e+22
6.04021e+22
6.04021e+22
6.04021e+22
6.04021e+22
6.05333e+22
6.05333e+22
6.05333e+22
6.05333e+22
6.05333e+22
6.05333e+22
6.05333e+22
6.05333e+22
6.05333e+22
6.05333e+22
6.05333e+22
6.05333e+22
6.05333e+22
6.05333e+22
6.05333e+22
6.05333e+22
6.05333e+22
6.05333e+22
6.05333e+22
6.05333e+22
6.05333e+22
6.05333e+22
6.05333e+22
6.05333e+22
6.05333e+22
6.05333e+22
6.05333e+22
6.05333e+22
6.05333e+22
6.05333e+22
6.06644e+22
6.06644e+22
6.06644e+22
6.06644e+22
6.06644e+22
6.06644e+22
6.06644e+22
6.06644e+22
6.06644e+22
6.06644e+22
6.06644e+22
6.06644e+22
6.06644e+22
6.06644e+22
6.06644e+22
6.06644e+22
6.06644e+22
6.06644e+22
6.06644e+22
6.06644e+22
6.06644e+22
6.06644e+22
6.06644e+22
6.06644e+22
6.06644e+22
6.06644e+22
6.06644e+22
6.06644e+22
6.06644e+22
6.06644e+22
6.07956e+22
6.07956e+22
6.07956e+22
6.07956e+22
6.07956e+22
6.07956e+22
6.07956e+22
6.07956e+22
6.07956e+22
6.07956e+22
6.07956e+22
6.07956e+22
6.07956e+22
6.07956e+22
6.07956e+22
6.07956e+22
6.07956e+22
6.07956e+22
6.07956e+22
6.07956e+22
6.07956e+22
6.07956e+22
6.07956e+22
6.07956e+22
6.07956e+22
6.07956e+22
6.07956e+22
6.07956e+22
6.07956e+22
6.07956e+22
6.09268e+22
6.09268e+22
6.09268e+22
6.09268e+22
6.09268e+22
6.09268e+22
6.09268e+22
6.09268e+22
6.09268e+22
6.09268e+22
6.09268e+22
6.09268e+22
6.09268e+22
6.09268e+22
6.09268e+22
6.09268e+22
6.09268e+22
6.09268e+22
6.09268e+22
6.09268e+22
6.09268e+22
6.09268e+22
6.09268e+22
6.09268e+22
6.09268e+22
6.09268e+22
6.09268e+22
6.09268e+22
6.09268e+22
6.09268e+22
6.10579e+22
6.10579e+22
6.10579e+22
6.10579e+22
6.10579e+22
6.10579e+22
6.10579e+22
6.10579e+22
6.10579e+22
6.10579e+22
6.10579e+22
6.10579e+22
6.10579e+22
6.10579e+22
6.10579e+22
6.10579e+22
6.10579e+22
6.10579e+22
6.10579e+22
6.10579e+22
6.10579e+22
6.10579e+22
6.10579e+22
6.10579e+22
6.10579e+22
6.10579e+22
6.10579e+22
6.10579e+22
6.10579e+22
6.10579e+22
6.11891e+22
6.11891e+22
6.11891e+22
6.11891e+22
6.11891e+22
6.11891e+22
6.11891e+22
6.11891e+22
6.11891e+22
6.11891e+22
6.11891e+22
6.11891e+22
6.11891e+22
6.11891e+22
6.11891e+22
6.11891e+22
6.11891e+22
6.11891e+22
6.11891e+22
6.11891e+22
6.11891e+22
6.11891e+22
6.11891e+22
6.11891e+22
6.11891e+22
6.11891e+22
6.11891e+22
6.11891e+22
6.11891e+22
6.11891e+22
6.13203e+22
6.13203e+22
6.13203e+22
6.13203e+22
6.13203e+22
6.13203e+22
6.13203e+22
6.13203e+22
6.13203e+22
6.13203e+22
6.13203e+22
6.13203e+22
6.13203e+22
6.13203e+22
6.13203e+22
6.13203e+22
6.13203e+22
6.13203e+22
6.13203e+22
6.13203e+22
6.13203e+22
6.13203e+22
6.13203e+22
6.13203e+22
6.13203e+22
6.13203e+22
6.13203e+22
6.13203e+22
6.13203e+22
6.13203e+22
6.14089e+22
6.14089e+22
6.14089e+22
6.14089e+22
6.14089e+22
6.14089e+22
6.14089e+22
6.14089e+22
6.14089e+22
6.14089e+22
6.14089e+22
6.14089e+22
6.14089e+22
6.14089e+22
6.14089e+22
6.14089e+22
6.14089e+22
6.14089e+22
6.14089e+22
6.14089e+22
6.14089e+22
6.14089e+22
6.14089e+22
6.14089e+22
6.14089e+22
6.14089e+22
6.14089e+22
6.14089e+22
6.14089e+22
6.14089e+22
6.14382e+22
6.14382e+22
6.14382e+22
6.14382e+22
6.14382e+22
6.14382e+22
6.14382e+22
6.14382e+22
6.14382e+22
6.14382e+22
6.14382e+22
6.14382e+22
6.14382e+22
6.14382e+22
6.14382e+22
6.14382e+22
6.14382e+22
6.14382e+22
6.14382e+22
6.14382e+22
6.14382e+22
6.14382e+22
6.14382e+22
6.14382e+22
6.14382e+22
6.14382e+22
6.14382e+22
6.14382e+22
6.14382e+22
6.14382e+22
6.14674e+22
6.14674e+22
6.14674e+22
6.14674e+22
6.14674e+22
6.14674e+22
6.14674e+22
6.14674e+22
6.14674e+22
6.14674e+22
6.14674e+22
6.14674e+22
6.14674e+22
6.14674e+22
6.14674e+22
6.14674e+22
6.14674e+22
6.14674e+22
6.14674e+22
6.14674e+22
6.14674e+22
6.14674e+22
6.14674e+22
6.14674e+22
6.14674e+22
6.14674e+22
6.14674e+22
6.14674e+22
6.14674e+22
6.14674e+22
6.14967e+22
6.14967e+22
6.14967e+22
6.14967e+22
6.14967e+22
6.14967e+22
6.14967e+22
6.14967e+22
6.14967e+22
6.14967e+22
6.14967e+22
6.14967e+22
6.14967e+22
6.14967e+22
6.14967e+22
6.14967e+22
6.14967e+22
6.14967e+22
6.14967e+22
6.14967e+22
6.14967e+22
6.14967e+22
6.14967e+22
6.14967e+22
6.14967e+22
6.14967e+22
6.14967e+22
6.14967e+22
6.14967e+22
6.14967e+22
6.1526e+22
6.1526e+22
6.1526e+22
6.1526e+22
6.1526e+22
6.1526e+22
6.1526e+22
6.1526e+22
6.1526e+22
6.1526e+22
6.1526e+22
6.1526e+22
6.1526e+22
6.1526e+22
6.1526e+22
6.1526e+22
6.1526e+22
6.1526e+22
6.1526e+22
6.1526e+22
6.1526e+22
6.1526e+22
6.1526e+22
6.1526e+22
6.1526e+22
6.1526e+22
6.1526e+22
6.1526e+22
6.1526e+22
6.1526e+22
6.15571e+22
6.15571e+22
6.15571e+22
6.15571e+22
6.15571e+22
6.15571e+22
6.15571e+22
6.15571e+22
6.15571e+22
6.15571e+22
6.15571e+22
6.15571e+22
6.15571e+22
6.15571e+22
6.15571e+22
6.15571e+22
6.15571e+22
6.15571e+22
6.15571e+22
6.15571e+22
6.15571e+22
6.15571e+22
6.15571e+22
6.15571e+22
6.15571e+22
6.15571e+22
6.15571e+22
6.15571e+22
6.15571e+22
6.15571e+22
6.159e+22
6.159e+22
6.159e+22
6.159e+22
6.159e+22
6.159e+22
6.159e+22
6.159e+22
6.159e+22
6.159e+22
6.159e+22
6.159e+22
6.159e+22
6.159e+22
6.159e+22
6.159e+22
6.159e+22
6.159e+22
6.159e+22
6.159e+22
6.159e+22
6.159e+22
6.159e+22
6.159e+22
6.159e+22
6.159e+22
6.159e+22
6.159e+22
6.159e+22
6.159e+22
6.1623e+22
6.1623e+22
6.1623e+22
6.1623e+22
6.1623e+22
6.1623e+22
6.1623e+22
6.1623e+22
6.1623e+22
6.1623e+22
6.1623e+22
6.1623e+22
6.1623e+22
6.1623e+22
6.1623e+22
6.1623e+22
6.1623e+22
6.1623e+22
6.1623e+22
6.1623e+22
6.1623e+22
6.1623e+22
6.1623e+22
6.1623e+22
6.1623e+22
6.1623e+22
6.1623e+22
6.1623e+22
6.1623e+22
6.1623e+22
6.16559e+22
6.16559e+22
6.16559e+22
6.16559e+22
6.16559e+22
6.16559e+22
6.16559e+22
6.16559e+22
6.16559e+22
6.16559e+22
6.16559e+22
6.16559e+22
6.16559e+22
6.16559e+22
6.16559e+22
6.16559e+22
6.16559e+22
6.16559e+22
6.16559e+22
6.16559e+22
6.16559e+22
6.16559e+22
6.16559e+22
6.16559e+22
6.16559e+22
6.16559e+22
6.16559e+22
6.16559e+22
6.16559e+22
6.16559e+22
6.16888e+22
6.16888e+22
6.16888e+22
6.16888e+22
6.16888e+22
6.16888e+22
6.16888e+22
6.16888e+22
6.16888e+22
6.16888e+22
6.16888e+22
6.16888e+22
6.16888e+22
6.16888e+22
6.16888e+22
6.16888e+22
6.16888e+22
6.16888e+22
6.16888e+22
6.16888e+22
6.16888e+22
6.16888e+22
6.16888e+22
6.16888e+22
6.16888e+22
6.16888e+22
6.16888e+22
6.16888e+22
6.16888e+22
6.16888e+22
6.17218e+22
6.17218e+22
6.17218e+22
6.17218e+22
6.17218e+22
6.17218e+22
6.17218e+22
6.17218e+22
6.17218e+22
6.17218e+22
6.17218e+22
6.17218e+22
6.17218e+22
6.17218e+22
6.17218e+22
6.17218e+22
6.17218e+22
6.17218e+22
6.17218e+22
6.17218e+22
6.17218e+22
6.17218e+22
6.17218e+22
6.17218e+22
6.17218e+22
6.17218e+22
6.17218e+22
6.17218e+22
6.17218e+22
6.17218e+22
6.17174e+22
6.17174e+22
6.17174e+22
6.17174e+22
6.17174e+22
6.17174e+22
6.17174e+22
6.17174e+22
6.17174e+22
6.17174e+22
6.17174e+22
6.17174e+22
6.17174e+22
6.17174e+22
6.17174e+22
6.17174e+22
6.17174e+22
6.17174e+22
6.17174e+22
6.17174e+22
6.17174e+22
6.17174e+22
6.17174e+22
6.17174e+22
6.17174e+22
6.17174e+22
6.17174e+22
6.17174e+22
6.17174e+22
6.17174e+22
6.1633e+22
6.1633e+22
6.1633e+22
6.1633e+22
6.1633e+22
6.1633e+22
6.1633e+22
6.1633e+22
6.1633e+22
6.1633e+22
6.1633e+22
6.1633e+22
6.1633e+22
6.1633e+22
6.1633e+22
6.1633e+22
6.1633e+22
6.1633e+22
6.1633e+22
6.1633e+22
6.1633e+22
6.1633e+22
6.1633e+22
6.1633e+22
6.1633e+22
6.1633e+22
6.1633e+22
6.1633e+22
6.1633e+22
6.1633e+22
6.15486e+22
6.15486e+22
6.15486e+22
6.15486e+22
6.15486e+22
6.15486e+22
6.15486e+22
6.15486e+22
6.15486e+22
6.15486e+22
6.15486e+22
6.15486e+22
6.15486e+22
6.15486e+22
6.15486e+22
6.15486e+22
6.15486e+22
6.15486e+22
6.15486e+22
6.15486e+22
6.15486e+22
6.15486e+22
6.15486e+22
6.15486e+22
6.15486e+22
6.15486e+22
6.15486e+22
6.15486e+22
6.15486e+22
6.15486e+22
6.14641e+22
6.14641e+22
6.14641e+22
6.14641e+22
6.14641e+22
6.14641e+22
6.14641e+22
6.14641e+22
6.14641e+22
6.14641e+22
6.14641e+22
6.14641e+22
6.14641e+22
6.14641e+22
6.14641e+22
6.14641e+22
6.14641e+22
6.14641e+22
6.14641e+22
6.14641e+22
6.14641e+22
6.14641e+22
6.14641e+22
6.14641e+22
6.14641e+22
6.14641e+22
6.14641e+22
6.14641e+22
6.14641e+22
6.14641e+22
6.13797e+22
6.13797e+22
6.13797e+22
6.13797e+22
6.13797e+22
6.13797e+22
6.13797e+22
6.13797e+22
6.13797e+22
6.13797e+22
6.13797e+22
6.13797e+22
6.13797e+22
6.13797e+22
6.13797e+22
6.13797e+22
6.13797e+22
6.13797e+22
6.13797e+22
6.13797e+22
6.13797e+22
6.13797e+22
6.13797e+22
6.13797e+22
6.13797e+22
6.13797e+22
6.13797e+22
6.13797e+22
6.13797e+22
6.13797e+22
6.12953e+22
6.12953e+22
6.12953e+22
6.12953e+22
6.12953e+22
6.12953e+22
6.12953e+22
6.12953e+22
6.12953e+22
6.12953e+22
6.12953e+22
6.12953e+22
6.12953e+22
6.12953e+22
6.12953e+22
6.12953e+22
6.12953e+22
6.12953e+22
6.12953e+22
6.12953e+22
6.12953e+22
6.12953e+22
6.12953e+22
6.12953e+22
6.12953e+22
6.12953e+22
6.12953e+22
6.12953e+22
6.12953e+22
6.12953e+22
6.12109e+22
6.12109e+22
6.12109e+22
6.12109e+22
6.12109e+22
6.12109e+22
6.12109e+22
6.12109e+22
6.12109e+22
6.12109e+22
6.12109e+22
6.12109e+22
6.12109e+22
6.12109e+22
6.12109e+22
6.12109e+22
6.12109e+22
6.12109e+22
6.12109e+22
6.12109e+22
6.12109e+22
6.12109e+22
6.12109e+22
6.12109e+22
6.12109e+22
6.12109e+22
6.12109e+22
6.12109e+22
6.12109e+22
6.12109e+22
6.11264e+22
6.11264e+22
6.11264e+22
6.11264e+22
6.11264e+22
6.11264e+22
6.11264e+22
6.11264e+22
6.11264e+22
6.11264e+22
6.11264e+22
6.11264e+22
6.11264e+22
6.11264e+22
6.11264e+22
6.11264e+22
6.11264e+22
6.11264e+22
6.11264e+22
6.11264e+22
6.11264e+22
6.11264e+22
6.11264e+22
6.11264e+22
6.11264e+22
6.11264e+22
6.11264e+22
6.11264e+22
6.11264e+22
6.11264e+22
6.1042e+22
6.1042e+22
6.1042e+22
6.1042e+22
6.1042e+22
6.1042e+22
6.1042e+22
6.1042e+22
6.1042e+22
6.1042e+22
6.1042e+22
6.1042e+22
6.1042e+22
6.1042e+22
6.1042e+22
6.1042e+22
6.1042e+22
6.1042e+22
6.1042e+22
6.1042e+22
6.1042e+22
6.1042e+22
6.1042e+22
6.1042e+22
6.1042e+22
6.1042e+22
6.1042e+22
6.1042e+22
6.1042e+22
6.1042e+22
6.09576e+22
6.09576e+22
6.09576e+22
6.09576e+22
6.09576e+22
6.09576e+22
6.09576e+22
6.09576e+22
6.09576e+22
6.09576e+22
6.09576e+22
6.09576e+22
6.09576e+22
6.09576e+22
6.09576e+22
6.09576e+22
6.09576e+22
6.09576e+22
6.09576e+22
6.09576e+22
6.09576e+22
6.09576e+22
6.09576e+22
6.09576e+22
6.09576e+22
6.09576e+22
6.09576e+22
6.09576e+22
6.09576e+22
6.09576e+22
6.08731e+22
6.08731e+22
6.08731e+22
6.08731e+22
6.08731e+22
6.08731e+22
6.08731e+22
6.08731e+22
6.08731e+22
6.08731e+22
6.08731e+22
6.08731e+22
6.08731e+22
6.08731e+22
6.08731e+22
6.08731e+22
6.08731e+22
6.08731e+22
6.08731e+22
6.08731e+22
6.08731e+22
6.08731e+22
6.08731e+22
6.08731e+22
6.08731e+22
6.08731e+22
6.08731e+22
6.08731e+22
6.08731e+22
6.08731e+22
6.07089e+22
6.07089e+22
6.07089e+22
6.07089e+22
6.07089e+22
6.07089e+22
6.07089e+22
6.07089e+22
6.07089e+22
6.07089e+22
6.07089e+22
6.07089e+22
6.07089e+22
6.07089e+22
6.07089e+22
6.07089e+22
6.07089e+22
6.07089e+22
6.07089e+22
6.07089e+22
6.07089e+22
6.07089e+22
6.07089e+22
6.07089e+22
6.07089e+22
6.07089e+22
6.07089e+22
6.07089e+22
6.07089e+22
6.07089e+22
6.05201e+22
6.05201e+22
6.05201e+22
6.05201e+22
6.05201e+22
6.05201e+22
6.05201e+22
6.05201e+22
6.05201e+22
6.05201e+22
6.05201e+22
6.05201e+22
6.05201e+22
6.05201e+22
6.05201e+22
6.05201e+22
6.05201e+22
6.05201e+22
6.05201e+22
6.05201e+22
6.05201e+22
6.05201e+22
6.05201e+22
6.05201e+22
6.05201e+22
6.05201e+22
6.05201e+22
6.05201e+22
6.05201e+22
6.05201e+22
6.03313e+22
6.03313e+22
6.03313e+22
6.03313e+22
6.03313e+22
6.03313e+22
6.03313e+22
6.03313e+22
6.03313e+22
6.03313e+22
6.03313e+22
6.03313e+22
6.03313e+22
6.03313e+22
6.03313e+22
6.03313e+22
6.03313e+22
6.03313e+22
6.03313e+22
6.03313e+22
6.03313e+22
6.03313e+22
6.03313e+22
6.03313e+22
6.03313e+22
6.03313e+22
6.03313e+22
6.03313e+22
6.03313e+22
6.03313e+22
6.01425e+22
6.01425e+22
6.01425e+22
6.01425e+22
6.01425e+22
6.01425e+22
6.01425e+22
6.01425e+22
6.01425e+22
6.01425e+22
6.01425e+22
6.01425e+22
6.01425e+22
6.01425e+22
6.01425e+22
6.01425e+22
6.01425e+22
6.01425e+22
6.01425e+22
6.01425e+22
6.01425e+22
6.01425e+22
6.01425e+22
6.01425e+22
6.01425e+22
6.01425e+22
6.01425e+22
6.01425e+22
6.01425e+22
6.01425e+22
5.99536e+22
5.99536e+22
5.99536e+22
5.99536e+22
5.99536e+22
5.99536e+22
5.99536e+22
5.99536e+22
5.99536e+22
5.99536e+22
5.99536e+22
5.99536e+22
5.99536e+22
5.99536e+22
5.99536e+22
5.99536e+22
5.99536e+22
5.99536e+22
5.99536e+22
5.99536e+22
5.99536e+22
5.99536e+22
5.99536e+22
5.99536e+22
5.99536e+22
5.99536e+22
5.99536e+22
5.99536e+22
5.99536e+22
5.99536e+22
5.97648e+22
5.97648e+22
5.97648e+22
5.97648e+22
5.97648e+22
5.97648e+22
5.97648e+22
5.97648e+22
5.97648e+22
5.97648e+22
5.97648e+22
5.97648e+22
5.97648e+22
5.97648e+22
5.97648e+22
5.97648e+22
5.97648e+22
5.97648e+22
5.97648e+22
5.97648e+22
5.97648e+22
5.97648e+22
5.97648e+22
5.97648e+22
5.97648e+22
5.97648e+22
5.97648e+22
5.97648e+22
5.97648e+22
5.97648e+22
5.9576e+22
5.9576e+22
5.9576e+22
5.9576e+22
5.9576e+22
5.9576e+22
5.9576e+22
5.9576e+22
5.9576e+22
5.9576e+22
5.9576e+22
5.9576e+22
5.9576e+22
5.9576e+22
5.9576e+22
5.9576e+22
5.9576e+22
5.9576e+22
5.9576e+22
5.9576e+22
5.9576e+22
5.9576e+22
5.9576e+22
5.9576e+22
5.9576e+22
5.9576e+22
5.9576e+22
5.9576e+22
5.9576e+22
5.9576e+22
5.93872e+22
5.93872e+22
5.93872e+22
5.93872e+22
5.93872e+22
5.93872e+22
5.93872e+22
5.93872e+22
5.93872e+22
5.93872e+22
5.93872e+22
5.93872e+22
5.93872e+22
5.93872e+22
5.93872e+22
5.93872e+22
5.93872e+22
5.93872e+22
5.93872e+22
5.93872e+22
5.93872e+22
5.93872e+22
5.93872e+22
5.93872e+22
5.93872e+22
5.93872e+22
5.93872e+22
5.93872e+22
5.93872e+22
5.93872e+22
5.91984e+22
5.91984e+22
5.91984e+22
5.91984e+22
5.91984e+22
5.91984e+22
5.91984e+22
5.91984e+22
5.91984e+22
5.91984e+22
5.91984e+22
5.91984e+22
5.91984e+22
5.91984e+22
5.91984e+22
5.91984e+22
5.91984e+22
5.91984e+22
5.91984e+22
5.91984e+22
5.91984e+22
5.91984e+22
5.91984e+22
5.91984e+22
5.91984e+22
5.91984e+22
5.91984e+22
5.91984e+22
5.91984e+22
5.91984e+22
5.90095e+22
5.90095e+22
5.90095e+22
5.90095e+22
5.90095e+22
5.90095e+22
5.90095e+22
5.90095e+22
5.90095e+22
5.90095e+22
5.90095e+22
5.90095e+22
5.90095e+22
5.90095e+22
5.90095e+22
5.90095e+22
5.90095e+22
5.90095e+22
5.90095e+22
5.90095e+22
5.90095e+22
5.90095e+22
5.90095e+22
5.90095e+22
5.90095e+22
5.90095e+22
5.90095e+22
5.90095e+22
5.90095e+22
5.90095e+22
5.87979e+22
5.87979e+22
5.87979e+22
5.87979e+22
5.87979e+22
5.87979e+22
5.87979e+22
5.87979e+22
5.87979e+22
5.87979e+22
5.87979e+22
5.87979e+22
5.87979e+22
5.87979e+22
5.87979e+22
5.87979e+22
5.87979e+22
5.87979e+22
5.87979e+22
5.87979e+22
5.87979e+22
5.87979e+22
5.87979e+22
5.87979e+22
5.87979e+22
5.87979e+22
5.87979e+22
5.87979e+22
5.87979e+22
5.87979e+22
5.8501e+22
5.8501e+22
5.8501e+22
5.8501e+22
5.8501e+22
5.8501e+22
5.8501e+22
5.8501e+22
5.8501e+22
5.8501e+22
5.8501e+22
5.8501e+22
5.8501e+22
5.8501e+22
5.8501e+22
5.8501e+22
5.8501e+22
5.8501e+22
5.8501e+22
5.8501e+22
5.8501e+22
5.8501e+22
5.8501e+22
5.8501e+22
5.8501e+22
5.8501e+22
5.8501e+22
5.8501e+22
5.8501e+22
5.8501e+22
5.82041e+22
5.82041e+22
5.82041e+22
5.82041e+22
5.82041e+22
5.82041e+22
5.82041e+22
5.82041e+22
5.82041e+22
5.82041e+22
5.82041e+22
5.82041e+22
5.82041e+22
5.82041e+22
5.82041e+22
5.82041e+22
5.82041e+22
5.82041e+22
5.82041e+22
5.82041e+22
5.82041e+22
5.82041e+22
5.82041e+22
5.82041e+22
5.82041e+22
5.82041e+22
5.82041e+22
5.82041e+22
5.82041e+22
5.82041e+22
5.79071e+22
5.79071e+22
5.79071e+22
5.79071e+22
5.79071e+22
5.79071e+22
5.79071e+22
5.79071e+22
5.79071e+22
5.79071e+22
5.79071e+22
5.79071e+22
5.79071e+22
5.79071e+22
5.79071e+22
5.79071e+22
5.79071e+22
5.79071e+22
5.79071e+22
5.79071e+22
5.79071e+22
5.79071e+22
5.79071e+22
5.79071e+22
5.79071e+22
5.79071e+22
5.79071e+22
5.79071e+22
5.79071e+22
5.79071e+22
5.76102e+22
5.76102e+22
5.76102e+22
5.76102e+22
5.76102e+22
5.76102e+22
5.76102e+22
5.76102e+22
5.76102e+22
5.76102e+22
5.76102e+22
5.76102e+22
5.76102e+22
5.76102e+22
5.76102e+22
5.76102e+22
5.76102e+22
5.76102e+22
5.76102e+22
5.76102e+22
5.76102e+22
5.76102e+22
5.76102e+22
5.76102e+22
5.76102e+22
5.76102e+22
5.76102e+22
5.76102e+22
5.76102e+22
5.76102e+22
5.73133e+22
5.73133e+22
5.73133e+22
5.73133e+22
5.73133e+22
5.73133e+22
5.73133e+22
5.73133e+22
5.73133e+22
5.73133e+22
5.73133e+22
5.73133e+22
5.73133e+22
5.73133e+22
5.73133e+22
5.73133e+22
5.73133e+22
5.73133e+22
5.73133e+22
5.73133e+22
5.73133e+22
5.73133e+22
5.73133e+22
5.73133e+22
5.73133e+22
5.73133e+22
5.73133e+22
5.73133e+22
5.73133e+22
5.73133e+22
5.70163e+22
5.70163e+22
5.70163e+22
5.70163e+22
5.70163e+22
5.70163e+22
5.70163e+22
5.70163e+22
5.70163e+22
5.70163e+22
5.70163e+22
5.70163e+22
5.70163e+22
5.70163e+22
5.70163e+22
5.70163e+22
5.70163e+22
5.70163e+22
5.70163e+22
5.70163e+22
5.70163e+22
5.70163e+22
5.70163e+22
5.70163e+22
5.70163e+22
5.70163e+22
5.70163e+22
5.70163e+22
5.70163e+22
5.70163e+22
5.67194e+22
5.67194e+22
5.67194e+22
5.67194e+22
5.67194e+22
5.67194e+22
5.67194e+22
5.67194e+22
5.67194e+22
5.67194e+22
5.67194e+22
5.67194e+22
5.67194e+22
5.67194e+22
5.67194e+22
5.67194e+22
5.67194e+22
5.67194e+22
5.67194e+22
5.67194e+22
5.67194e+22
5.67194e+22
5.67194e+22
5.67194e+22
5.67194e+22
5.67194e+22
5.67194e+22
5.67194e+22
5.67194e+22
5.67194e+22
5.64224e+22
5.64224e+22
5.64224e+22
5.64224e+22
5.64224e+22
5.64224e+22
5.64224e+22
5.64224e+22
5.64224e+22
5.64224e+22
5.64224e+22
5.64224e+22
5.64224e+22
5.64224e+22
5.64224e+22
5.64224e+22
5.64224e+22
5.64224e+22
5.64224e+22
5.64224e+22
5.64224e+22
5.64224e+22
5.64224e+22
5.64224e+22
5.64224e+22
5.64224e+22
5.64224e+22
5.64224e+22
5.64224e+22
5.64224e+22
5.61255e+22
5.61255e+22
5.61255e+22
5.61255e+22
5.61255e+22
5.61255e+22
5.61255e+22
5.61255e+22
5.61255e+22
5.61255e+22
5.61255e+22
5.61255e+22
5.61255e+22
5.61255e+22
5.61255e+22
5.61255e+22
5.61255e+22
5.61255e+22
5.61255e+22
5.61255e+22
5.61255e+22
5.61255e+22
5.61255e+22
5.61255e+22
5.61255e+22
5.61255e+22
5.61255e+22
5.61255e+22
5.61255e+22
5.61255e+22
5.58286e+22
5.58286e+22
5.58286e+22
5.58286e+22
5.58286e+22
5.58286e+22
5.58286e+22
5.58286e+22
5.58286e+22
5.58286e+22
5.58286e+22
5.58286e+22
5.58286e+22
5.58286e+22
5.58286e+22
5.58286e+22
5.58286e+22
5.58286e+22
5.58286e+22
5.58286e+22
5.58286e+22
5.58286e+22
5.58286e+22
5.58286e+22
5.58286e+22
5.58286e+22
5.58286e+22
5.58286e+22
5.58286e+22
5.58286e+22
5.5462e+22
5.5462e+22
5.5462e+22
5.5462e+22
5.5462e+22
5.5462e+22
5.5462e+22
5.5462e+22
5.5462e+22
5.5462e+22
5.5462e+22
5.5462e+22
5.5462e+22
5.5462e+22
5.5462e+22
5.5462e+22
5.5462e+22
5.5462e+22
5.5462e+22
5.5462e+22
5.5462e+22
5.5462e+22
5.5462e+22
5.5462e+22
5.5462e+22
5.5462e+22
5.5462e+22
5.5462e+22
5.5462e+22
5.5462e+22
5.50592e+22
5.50592e+22
5.50592e+22
5.50592e+22
5.50592e+22
5.50592e+22
5.50592e+22
5.50592e+22
5.50592e+22
5.50592e+22
5.50592e+22
5.50592e+22
5.50592e+22
5.50592e+22
5.50592e+22
5.50592e+22
5.50592e+22
5.50592e+22
5.50592e+22
5.50592e+22
5.50592e+22
5.50592e+22
5.50592e+22
5.50592e+22
5.50592e+22
5.50592e+22
5.50592e+22
5.50592e+22
5.50592e+22
5.50592e+22
5.46564e+22
5.46564e+22
5.46564e+22
5.46564e+22
5.46564e+22
5.46564e+22
5.46564e+22
5.46564e+22
5.46564e+22
5.46564e+22
5.46564e+22
5.46564e+22
5.46564e+22
5.46564e+22
5.46564e+22
5.46564e+22
5.46564e+22
5.46564e+22
5.46564e+22
5.46564e+22
5.46564e+22
5.46564e+22
5.46564e+22
5.46564e+22
5.46564e+22
5.46564e+22
5.46564e+22
5.46564e+22
5.46564e+22
5.46564e+22
5.42536e+22
5.42536e+22
5.42536e+22
5.42536e+22
5.42536e+22
5.42536e+22
5.42536e+22
5.42536e+22
5.42536e+22
5.42536e+22
5.42536e+22
5.42536e+22
5.42536e+22
5.42536e+22
5.42536e+22
5.42536e+22
5.42536e+22
5.42536e+22
5.42536e+22
5.42536e+22
5.42536e+22
5.42536e+22
5.42536e+22
5.42536e+22
5.42536e+22
5.42536e+22
5.42536e+22
5.42536e+22
5.42536e+22
5.42536e+22
5.38508e+22
5.38508e+22
5.38508e+22
5.38508e+22
5.38508e+22
5.38508e+22
5.38508e+22
5.38508e+22
5.38508e+22
5.38508e+22
5.38508e+22
5.38508e+22
5.38508e+22
5.38508e+22
5.38508e+22
5.38508e+22
5.38508e+22
5.38508e+22
5.38508e+22
5.38508e+22
5.38508e+22
5.38508e+22
5.38508e+22
5.38508e+22
5.38508e+22
5.38508e+22
5.38508e+22
5.38508e+22
5.38508e+22
5.38508e+22
5.3448e+22
5.3448e+22
5.3448e+22
5.3448e+22
5.3448e+22
5.3448e+22
5.3448e+22
5.3448e+22
5.3448e+22
5.3448e+22
5.3448e+22
5.3448e+22
5.3448e+22
5.3448e+22
5.3448e+22
5.3448e+22
5.3448e+22
5.3448e+22
5.3448e+22
5.3448e+22
5.3448e+22
5.3448e+22
5.3448e+22
5.3448e+22
5.3448e+22
5.3448e+22
5.3448e+22
5.3448e+22
5.3448e+22
5.3448e+22
5.30452e+22
5.30452e+22
5.30452e+22
5.30452e+22
5.30452e+22
5.30452e+22
5.30452e+22
5.30452e+22
5.30452e+22
5.30452e+22
5.30452e+22
5.30452e+22
5.30452e+22
5.30452e+22
5.30452e+22
5.30452e+22
5.30452e+22
5.30452e+22
5.30452e+22
5.30452e+22
5.30452e+22
5.30452e+22
5.30452e+22
5.30452e+22
5.30452e+22
5.30452e+22
5.30452e+22
5.30452e+22
5.30452e+22
5.30452e+22
5.26424e+22
5.26424e+22
5.26424e+22
5.26424e+22
5.26424e+22
5.26424e+22
5.26424e+22
5.26424e+22
5.26424e+22
5.26424e+22
5.26424e+22
5.26424e+22
5.26424e+22
5.26424e+22
5.26424e+22
5.26424e+22
5.26424e+22
5.26424e+22
5.26424e+22
5.26424e+22
5.26424e+22
5.26424e+22
5.26424e+22
5.26424e+22
5.26424e+22
5.26424e+22
5.26424e+22
5.26424e+22
5.26424e+22
5.26424e+22
5.22396e+22
5.22396e+22
5.22396e+22
5.22396e+22
5.22396e+22
5.22396e+22
5.22396e+22
5.22396e+22
5.22396e+22
5.22396e+22
5.22396e+22
5.22396e+22
5.22396e+22
5.22396e+22
5.22396e+22
5.22396e+22
5.22396e+22
5.22396e+22
5.22396e+22
5.22396e+22
5.22396e+22
5.22396e+22
5.22396e+22
5.22396e+22
5.22396e+22
5.22396e+22
5.22396e+22
5.22396e+22
5.22396e+22
5.22396e+22
5.18368e+22
5.18368e+22
5.18368e+22
5.18368e+22
5.18368e+22
5.18368e+22
5.18368e+22
5.18368e+22
5.18368e+22
5.18368e+22
5.18368e+22
5.18368e+22
5.18368e+22
5.18368e+22
5.18368e+22
5.18368e+22
5.18368e+22
5.18368e+22
5.18368e+22
5.18368e+22
5.18368e+22
5.18368e+22
5.18368e+22
5.18368e+22
5.18368e+22
5.18368e+22
5.18368e+22
5.18368e+22
5.18368e+22
5.18368e+22
5.14236e+22
5.14236e+22
5.14236e+22
5.14236e+22
5.14236e+22
5.14236e+22
5.14236e+22
5.14236e+22
5.14236e+22
5.14236e+22
5.14236e+22
5.14236e+22
5.14236e+22
5.14236e+22
5.14236e+22
5.14236e+22
5.14236e+22
5.14236e+22
5.14236e+22
5.14236e+22
5.14236e+22
5.14236e+22
5.14236e+22
5.14236e+22
5.14236e+22
5.14236e+22
5.14236e+22
5.14236e+22
5.14236e+22
5.14236e+22
5.09206e+22
5.09206e+22
5.09206e+22
5.09206e+22
5.09206e+22
5.09206e+22
5.09206e+22
5.09206e+22
5.09206e+22
5.09206e+22
5.09206e+22
5.09206e+22
5.09206e+22
5.09206e+22
5.09206e+22
5.09206e+22
5.09206e+22
5.09206e+22
5.09206e+22
5.09206e+22
5.09206e+22
5.09206e+22
5.09206e+22
5.09206e+22
5.09206e+22
5.09206e+22
5.09206e+22
5.09206e+22
5.09206e+22
5.09206e+22
5.04177e+22
5.04177e+22
5.04177e+22
5.04177e+22
5.04177e+22
5.04177e+22
5.04177e+22
5.04177e+22
5.04177e+22
5.04177e+22
5.04177e+22
5.04177e+22
5.04177e+22
5.04177e+22
5.04177e+22
5.04177e+22
5.04177e+22
5.04177e+22
5.04177e+22
5.04177e+22
5.04177e+22
5.04177e+22
5.04177e+22
5.04177e+22
5.04177e+22
5.04177e+22
5.04177e+22
5.04177e+22
5.04177e+22
5.04177e+22
4.99147e+22
4.99147e+22
4.99147e+22
4.99147e+22
4.99147e+22
4.99147e+22
4.99147e+22
4.99147e+22
4.99147e+22
4.99147e+22
4.99147e+22
4.99147e+22
4.99147e+22
4.99147e+22
4.99147e+22
4.99147e+22
4.99147e+22
4.99147e+22
4.99147e+22
4.99147e+22
4.99147e+22
4.99147e+22
4.99147e+22
4.99147e+22
4.99147e+22
4.99147e+22
4.99147e+22
4.99147e+22
4.99147e+22
4.99147e+22
4.94117e+22
4.94117e+22
4.94117e+22
4.94117e+22
4.94117e+22
4.94117e+22
4.94117e+22
4.94117e+22
4.94117e+22
4.94117e+22
4.94117e+22
4.94117e+22
4.94117e+22
4.94117e+22
4.94117e+22
4.94117e+22
4.94117e+22
4.94117e+22
4.94117e+22
4.94117e+22
4.94117e+22
4.94117e+22
4.94117e+22
4.94117e+22
4.94117e+22
4.94117e+22
4.94117e+22
4.94117e+22
4.94117e+22
4.94117e+22
4.89088e+22
4.89088e+22
4.89088e+22
4.89088e+22
4.89088e+22
4.89088e+22
4.89088e+22
4.89088e+22
4.89088e+22
4.89088e+22
4.89088e+22
4.89088e+22
4.89088e+22
4.89088e+22
4.89088e+22
4.89088e+22
4.89088e+22
4.89088e+22
4.89088e+22
4.89088e+22
4.89088e+22
4.89088e+22
4.89088e+22
4.89088e+22
4.89088e+22
4.89088e+22
4.89088e+22
4.89088e+22
4.89088e+22
4.89088e+22
4.84058e+22
4.84058e+22
4.84058e+22
4.84058e+22
4.84058e+22
4.84058e+22
4.84058e+22
4.84058e+22
4.84058e+22
4.84058e+22
4.84058e+22
4.84058e+22
4.84058e+22
4.84058e+22
4.84058e+22
4.84058e+22
4.84058e+22
4.84058e+22
4.84058e+22
4.84058e+22
4.84058e+22
4.84058e+22
4.84058e+22
4.84058e+22
4.84058e+22
4.84058e+22
4.84058e+22
4.84058e+22
4.84058e+22
4.84058e+22
4.79029e+22
4.79029e+22
4.79029e+22
4.79029e+22
4.79029e+22
4.79029e+22
4.79029e+22
4.79029e+22
4.79029e+22
4.79029e+22
4.79029e+22
4.79029e+22
4.79029e+22
4.79029e+22
4.79029e+22
4.79029e+22
4.79029e+22
4.79029e+22
4.79029e+22
4.79029e+22
4.79029e+22
4.79029e+22
4.79029e+22
4.79029e+22
4.79029e+22
4.79029e+22
4.79029e+22
4.79029e+22
4.79029e+22
4.79029e+22
4.73999e+22
4.73999e+22
4.73999e+22
4.73999e+22
4.73999e+22
4.73999e+22
4.73999e+22
4.73999e+22
4.73999e+22
4.73999e+22
4.73999e+22
4.73999e+22
4.73999e+22
4.73999e+22
4.73999e+22
4.73999e+22
4.73999e+22
4.73999e+22
4.73999e+22
4.73999e+22
4.73999e+22
4.73999e+22
4.73999e+22
4.73999e+22
4.73999e+22
4.73999e+22
4.73999e+22
4.73999e+22
4.73999e+22
4.73999e+22
4.68969e+22
4.68969e+22
4.68969e+22
4.68969e+22
4.68969e+22
4.68969e+22
4.68969e+22
4.68969e+22
4.68969e+22
4.68969e+22
4.68969e+22
4.68969e+22
4.68969e+22
4.68969e+22
4.68969e+22
4.68969e+22
4.68969e+22
4.68969e+22
4.68969e+22
4.68969e+22
4.68969e+22
4.68969e+22
4.68969e+22
4.68969e+22
4.68969e+22
4.68969e+22
4.68969e+22
4.68969e+22
4.68969e+22
4.68969e+22
4.6394e+22
4.6394e+22
4.6394e+22
4.6394e+22
4.6394e+22
4.6394e+22
4.6394e+22
4.6394e+22
4.6394e+22
4.6394e+22
4.6394e+22
4.6394e+22
4.6394e+22
4.6394e+22
4.6394e+22
4.6394e+22
4.6394e+22
4.6394e+22
4.6394e+22
4.6394e+22
4.6394e+22
4.6394e+22
4.6394e+22
4.6394e+22
4.6394e+22
4.6394e+22
4.6394e+22
4.6394e+22
4.6394e+22
4.6394e+22
4.58309e+22
4.58309e+22
4.58309e+22
4.58309e+22
4.58309e+22
4.58309e+22
4.58309e+22
4.58309e+22
4.58309e+22
4.58309e+22
4.58309e+22
4.58309e+22
4.58309e+22
4.58309e+22
4.58309e+22
4.58309e+22
4.58309e+22
4.58309e+22
4.58309e+22
4.58309e+22
4.58309e+22
4.58309e+22
4.58309e+22
4.58309e+22
4.58309e+22
4.58309e+22
4.58309e+22
4.58309e+22
4.58309e+22
4.58309e+22
4.52188e+22
4.52188e+22
4.52188e+22
4.52188e+22
4.52188e+22
4.52188e+22
4.52188e+22
4.52188e+22
4.52188e+22
4.52188e+22
4.52188e+22
4.52188e+22
4.52188e+22
4.52188e+22
4.52188e+22
4.52188e+22
4.52188e+22
4.52188e+22
4.52188e+22
4.52188e+22
4.52188e+22
4.52188e+22
4.52188e+22
4.52188e+22
4.52188e+22
4.52188e+22
4.52188e+22
4.52188e+22
4.52188e+22
4.52188e+22
4.46067e+22
4.46067e+22
4.46067e+22
4.46067e+22
4.46067e+22
4.46067e+22
4.46067e+22
4.46067e+22
4.46067e+22
4.46067e+22
4.46067e+22
4.46067e+22
4.46067e+22
4.46067e+22
4.46067e+22
4.46067e+22
4.46067e+22
4.46067e+22
4.46067e+22
4.46067e+22
4.46067e+22
4.46067e+22
4.46067e+22
4.46067e+22
4.46067e+22
4.46067e+22
4.46067e+22
4.46067e+22
4.46067e+22
4.46067e+22
4.39945e+22
4.39945e+22
4.39945e+22
4.39945e+22
4.39945e+22
4.39945e+22
4.39945e+22
4.39945e+22
4.39945e+22
4.39945e+22
4.39945e+22
4.39945e+22
4.39945e+22
4.39945e+22
4.39945e+22
4.39945e+22
4.39945e+22
4.39945e+22
4.39945e+22
4.39945e+22
4.39945e+22
4.39945e+22
4.39945e+22
4.39945e+22
4.39945e+22
4.39945e+22
4.39945e+22
4.39945e+22
4.39945e+22
4.39945e+22
4.33824e+22
4.33824e+22
4.33824e+22
4.33824e+22
4.33824e+22
4.33824e+22
4.33824e+22
4.33824e+22
4.33824e+22
4.33824e+22
4.33824e+22
4.33824e+22
4.33824e+22
4.33824e+22
4.33824e+22
4.33824e+22
4.33824e+22
4.33824e+22
4.33824e+22
4.33824e+22
4.33824e+22
4.33824e+22
4.33824e+22
4.33824e+22
4.33824e+22
4.33824e+22
4.33824e+22
4.33824e+22
4.33824e+22
4.33824e+22
4.27702e+22
4.27702e+22
4.27702e+22
4.27702e+22
4.27702e+22
4.27702e+22
4.27702e+22
4.27702e+22
4.27702e+22
4.27702e+22
4.27702e+22
4.27702e+22
4.27702e+22
4.27702e+22
4.27702e+22
4.27702e+22
4.27702e+22
4.27702e+22
4.27702e+22
4.27702e+22
4.27702e+22
4.27702e+22
4.27702e+22
4.27702e+22
4.27702e+22
4.27702e+22
4.27702e+22
4.27702e+22
4.27702e+22
4.27702e+22
4.21581e+22
4.21581e+22
4.21581e+22
4.21581e+22
4.21581e+22
4.21581e+22
4.21581e+22
4.21581e+22
4.21581e+22
4.21581e+22
4.21581e+22
4.21581e+22
4.21581e+22
4.21581e+22
4.21581e+22
4.21581e+22
4.21581e+22
4.21581e+22
4.21581e+22
4.21581e+22
4.21581e+22
4.21581e+22
4.21581e+22
4.21581e+22
4.21581e+22
4.21581e+22
4.21581e+22
4.21581e+22
4.21581e+22
4.21581e+22
4.15459e+22
4.15459e+22
4.15459e+22
4.15459e+22
4.15459e+22
4.15459e+22
4.15459e+22
4.15459e+22
4.15459e+22
4.15459e+22
4.15459e+22
4.15459e+22
4.15459e+22
4.15459e+22
4.15459e+22
4.15459e+22
4.15459e+22
4.15459e+22
4.15459e+22
4.15459e+22
4.15459e+22
4.15459e+22
4.15459e+22
4.15459e+22
4.15459e+22
4.15459e+22
4.15459e+22
4.15459e+22
4.15459e+22
4.15459e+22
4.09338e+22
4.09338e+22
4.09338e+22
4.09338e+22
4.09338e+22
4.09338e+22
4.09338e+22
4.09338e+22
4.09338e+22
4.09338e+22
4.09338e+22
4.09338e+22
4.09338e+22
4.09338e+22
4.09338e+22
4.09338e+22
4.09338e+22
4.09338e+22
4.09338e+22
4.09338e+22
4.09338e+22
4.09338e+22
4.09338e+22
4.09338e+22
4.09338e+22
4.09338e+22
4.09338e+22
4.09338e+22
4.09338e+22
4.09338e+22
4.03217e+22
4.03217e+22
4.03217e+22
4.03217e+22
4.03217e+22
4.03217e+22
4.03217e+22
4.03217e+22
4.03217e+22
4.03217e+22
4.03217e+22
4.03217e+22
4.03217e+22
4.03217e+22
4.03217e+22
4.03217e+22
4.03217e+22
4.03217e+22
4.03217e+22
4.03217e+22
4.03217e+22
4.03217e+22
4.03217e+22
4.03217e+22
4.03217e+22
4.03217e+22
4.03217e+22
4.03217e+22
4.03217e+22
4.03217e+22
3.97095e+22
3.97095e+22
3.97095e+22
3.97095e+22
3.97095e+22
3.97095e+22
3.97095e+22
3.97095e+22
3.97095e+22
3.97095e+22
3.97095e+22
3.97095e+22
3.97095e+22
3.97095e+22
3.97095e+22
3.97095e+22
3.97095e+22
3.97095e+22
3.97095e+22
3.97095e+22
3.97095e+22
3.97095e+22
3.97095e+22
3.97095e+22
3.97095e+22
3.97095e+22
3.97095e+22
3.97095e+22
3.97095e+22
3.97095e+22
3.91902e+22
3.91902e+22
3.91902e+22
3.91902e+22
3.91902e+22
3.91902e+22
3.91902e+22
3.91902e+22
3.91902e+22
3.91902e+22
3.91902e+22
3.91902e+22
3.91902e+22
3.91902e+22
3.91902e+22
3.91902e+22
3.91902e+22
3.91902e+22
3.91902e+22
3.91902e+22
3.91902e+22
3.91902e+22
3.91902e+22
3.91902e+22
3.91902e+22
3.91902e+22
3.91902e+22
3.91902e+22
3.91902e+22
3.91902e+22
3.86712e+22
3.86712e+22
3.86712e+22
3.86712e+22
3.86712e+22
3.86712e+22
3.86712e+22
3.86712e+22
3.86712e+22
3.86712e+22
3.86712e+22
3.86712e+22
3.86712e+22
3.86712e+22
3.86712e+22
3.86712e+22
3.86712e+22
3.86712e+22
3.86712e+22
3.86712e+22
3.86712e+22
3.86712e+22
3.86712e+22
3.86712e+22
3.86712e+22
3.86712e+22
3.86712e+22
3.86712e+22
3.86712e+22
3.86712e+22
3.81521e+22
3.81521e+22
3.81521e+22
3.81521e+22
3.81521e+22
3.81521e+22
3.81521e+22
3.81521e+22
3.81521e+22
3.81521e+22
3.81521e+22
3.81521e+22
3.81521e+22
3.81521e+22
3.81521e+22
3.81521e+22
3.81521e+22
3.81521e+22
3.81521e+22
3.81521e+22
3.81521e+22
3.81521e+22
3.81521e+22
3.81521e+22
3.81521e+22
3.81521e+22
3.81521e+22
3.81521e+22
3.81521e+22
3.81521e+22
3.76331e+22
3.76331e+22
3.76331e+22
3.76331e+22
3.76331e+22
3.76331e+22
3.76331e+22
3.76331e+22
3.76331e+22
3.76331e+22
3.76331e+22
3.76331e+22
3.76331e+22
3.76331e+22
3.76331e+22
3.76331e+22
3.76331e+22
3.76331e+22
3.76331e+22
3.76331e+22
3.76331e+22
3.76331e+22
3.76331e+22
3.76331e+22
3.76331e+22
3.76331e+22
3.76331e+22
3.76331e+22
3.76331e+22
3.76331e+22
3.71141e+22
3.71141e+22
3.71141e+22
3.71141e+22
3.71141e+22
3.71141e+22
3.71141e+22
3.71141e+22
3.71141e+22
3.71141e+22
3.71141e+22
3.71141e+22
3.71141e+22
3.71141e+22
3.71141e+22
3.71141e+22
3.71141e+22
3.71141e+22
3.71141e+22
3.71141e+22
3.71141e+22
3.71141e+22
3.71141e+22
3.71141e+22
3.71141e+22
3.71141e+22
3.71141e+22
3.71141e+22
3.71141e+22
3.71141e+22
3.65951e+22
3.65951e+22
3.65951e+22
3.65951e+22
3.65951e+22
3.65951e+22
3.65951e+22
3.65951e+22
3.65951e+22
3.65951e+22
3.65951e+22
3.65951e+22
3.65951e+22
3.65951e+22
3.65951e+22
3.65951e+22
3.65951e+22
3.65951e+22
3.65951e+22
3.65951e+22
3.65951e+22
3.65951e+22
3.65951e+22
3.65951e+22
3.65951e+22
3.65951e+22
3.65951e+22
3.65951e+22
3.65951e+22
3.65951e+22
3.60761e+22
3.60761e+22
3.60761e+22
3.60761e+22
3.60761e+22
3.60761e+22
3.60761e+22
3.60761e+22
3.60761e+22
3.60761e+22
3.60761e+22
3.60761e+22
3.60761e+22
3.60761e+22
3.60761e+22
3.60761e+22
3.60761e+22
3.60761e+22
3.60761e+22
3.60761e+22
3.60761e+22
3.60761e+22
3.60761e+22
3.60761e+22
3.60761e+22
3.60761e+22
3.60761e+22
3.60761e+22
3.60761e+22
3.60761e+22
3.5557e+22
3.5557e+22
3.5557e+22
3.5557e+22
3.5557e+22
3.5557e+22
3.5557e+22
3.5557e+22
3.5557e+22
3.5557e+22
3.5557e+22
3.5557e+22
3.5557e+22
3.5557e+22
3.5557e+22
3.5557e+22
3.5557e+22
3.5557e+22
3.5557e+22
3.5557e+22
3.5557e+22
3.5557e+22
3.5557e+22
3.5557e+22
3.5557e+22
3.5557e+22
3.5557e+22
3.5557e+22
3.5557e+22
3.5557e+22
3.5038e+22
3.5038e+22
3.5038e+22
3.5038e+22
3.5038e+22
3.5038e+22
3.5038e+22
3.5038e+22
3.5038e+22
3.5038e+22
3.5038e+22
3.5038e+22
3.5038e+22
3.5038e+22
3.5038e+22
3.5038e+22
3.5038e+22
3.5038e+22
3.5038e+22
3.5038e+22
3.5038e+22
3.5038e+22
3.5038e+22
3.5038e+22
3.5038e+22
3.5038e+22
3.5038e+22
3.5038e+22
3.5038e+22
3.5038e+22
3.4519e+22
3.4519e+22
3.4519e+22
3.4519e+22
3.4519e+22
3.4519e+22
3.4519e+22
3.4519e+22
3.4519e+22
3.4519e+22
3.4519e+22
3.4519e+22
3.4519e+22
3.4519e+22
3.4519e+22
3.4519e+22
3.4519e+22
3.4519e+22
3.4519e+22
3.4519e+22
3.4519e+22
3.4519e+22
3.4519e+22
3.4519e+22
3.4519e+22
3.4519e+22
3.4519e+22
3.4519e+22
3.4519e+22
3.4519e+22
6.23128e+21
6.23128e+21
6.23128e+21
6.23128e+21
6.23128e+21
6.23128e+21
6.23128e+21
6.23128e+21
6.23128e+21
6.23128e+21
6.71174e+21
6.71174e+21
6.71174e+21
6.71174e+21
6.71174e+21
6.71174e+21
6.71174e+21
6.71174e+21
6.71174e+21
6.71174e+21
7.1922e+21
7.1922e+21
7.1922e+21
7.1922e+21
7.1922e+21
7.1922e+21
7.1922e+21
7.1922e+21
7.1922e+21
7.1922e+21
7.67266e+21
7.67266e+21
7.67266e+21
7.67266e+21
7.67266e+21
7.67266e+21
7.67266e+21
7.67266e+21
7.67266e+21
7.67266e+21
8.15312e+21
8.15312e+21
8.15312e+21
8.15312e+21
8.15312e+21
8.15312e+21
8.15312e+21
8.15312e+21
8.15312e+21
8.15312e+21
8.99601e+21
8.99601e+21
8.99601e+21
8.99601e+21
8.99601e+21
8.99601e+21
8.99601e+21
8.99601e+21
8.99601e+21
8.99601e+21
9.98961e+21
9.98961e+21
9.98961e+21
9.98961e+21
9.98961e+21
9.98961e+21
9.98961e+21
9.98961e+21
9.98961e+21
9.98961e+21
1.09832e+22
1.09832e+22
1.09832e+22
1.09832e+22
1.09832e+22
1.09832e+22
1.09832e+22
1.09832e+22
1.09832e+22
1.09832e+22
1.21948e+22
1.21948e+22
1.21948e+22
1.21948e+22
1.21948e+22
1.21948e+22
1.21948e+22
1.21948e+22
1.21948e+22
1.21948e+22
1.36153e+22
1.36153e+22
1.36153e+22
1.36153e+22
1.36153e+22
1.36153e+22
1.36153e+22
1.36153e+22
1.36153e+22
1.36153e+22
1.50359e+22
1.50359e+22
1.50359e+22
1.50359e+22
1.50359e+22
1.50359e+22
1.50359e+22
1.50359e+22
1.50359e+22
1.50359e+22
1.67073e+22
1.67073e+22
1.67073e+22
1.67073e+22
1.67073e+22
1.67073e+22
1.67073e+22
1.67073e+22
1.67073e+22
1.67073e+22
1.89247e+22
1.89247e+22
1.89247e+22
1.89247e+22
1.89247e+22
1.89247e+22
1.89247e+22
1.89247e+22
1.89247e+22
1.89247e+22
2.11422e+22
2.11422e+22
2.11422e+22
2.11422e+22
2.11422e+22
2.11422e+22
2.11422e+22
2.11422e+22
2.11422e+22
2.11422e+22
2.34919e+22
2.34919e+22
2.34919e+22
2.34919e+22
2.34919e+22
2.34919e+22
2.34919e+22
2.34919e+22
2.34919e+22
2.34919e+22
2.68208e+22
2.68208e+22
2.68208e+22
2.68208e+22
2.68208e+22
2.68208e+22
2.68208e+22
2.68208e+22
2.68208e+22
2.68208e+22
3.01497e+22
3.01497e+22
3.01497e+22
3.01497e+22
3.01497e+22
3.01497e+22
3.01497e+22
3.01497e+22
3.01497e+22
3.01497e+22
3.34786e+22
3.34786e+22
3.34786e+22
3.34786e+22
3.34786e+22
3.34786e+22
3.34786e+22
3.34786e+22
3.34786e+22
3.34786e+22
3.60791e+22
3.60791e+22
3.60791e+22
3.60791e+22
3.60791e+22
3.60791e+22
3.60791e+22
3.60791e+22
3.60791e+22
3.60791e+22
3.8619e+22
3.8619e+22
3.8619e+22
3.8619e+22
3.8619e+22
3.8619e+22
3.8619e+22
3.8619e+22
3.8619e+22
3.8619e+22
4.11589e+22
4.11589e+22
4.11589e+22
4.11589e+22
4.11589e+22
4.11589e+22
4.11589e+22
4.11589e+22
4.11589e+22
4.11589e+22
4.33153e+22
4.33153e+22
4.33153e+22
4.33153e+22
4.33153e+22
4.33153e+22
4.33153e+22
4.33153e+22
4.33153e+22
4.33153e+22
4.53279e+22
4.53279e+22
4.53279e+22
4.53279e+22
4.53279e+22
4.53279e+22
4.53279e+22
4.53279e+22
4.53279e+22
4.53279e+22
4.73405e+22
4.73405e+22
4.73405e+22
4.73405e+22
4.73405e+22
4.73405e+22
4.73405e+22
4.73405e+22
4.73405e+22
4.73405e+22
4.9121e+22
4.9121e+22
4.9121e+22
4.9121e+22
4.9121e+22
4.9121e+22
4.9121e+22
4.9121e+22
4.9121e+22
4.9121e+22
5.06969e+22
5.06969e+22
5.06969e+22
5.06969e+22
5.06969e+22
5.06969e+22
5.06969e+22
5.06969e+22
5.06969e+22
5.06969e+22
5.22729e+22
5.22729e+22
5.22729e+22
5.22729e+22
5.22729e+22
5.22729e+22
5.22729e+22
5.22729e+22
5.22729e+22
5.22729e+22
5.37331e+22
5.37331e+22
5.37331e+22
5.37331e+22
5.37331e+22
5.37331e+22
5.37331e+22
5.37331e+22
5.37331e+22
5.37331e+22
5.49646e+22
5.49646e+22
5.49646e+22
5.49646e+22
5.49646e+22
5.49646e+22
5.49646e+22
5.49646e+22
5.49646e+22
5.49646e+22
5.61961e+22
5.61961e+22
5.61961e+22
5.61961e+22
5.61961e+22
5.61961e+22
5.61961e+22
5.61961e+22
5.61961e+22
5.61961e+22
5.69926e+22
5.69926e+22
5.69926e+22
5.69926e+22
5.69926e+22
5.69926e+22
5.69926e+22
5.69926e+22
5.69926e+22
5.69926e+22
5.73202e+22
5.73202e+22
5.73202e+22
5.73202e+22
5.73202e+22
5.73202e+22
5.73202e+22
5.73202e+22
5.73202e+22
5.73202e+22
5.75577e+22
5.75577e+22
5.75577e+22
5.75577e+22
5.75577e+22
5.75577e+22
5.75577e+22
5.75577e+22
5.75577e+22
5.75577e+22
5.77951e+22
5.77951e+22
5.77951e+22
5.77951e+22
5.77951e+22
5.77951e+22
5.77951e+22
5.77951e+22
5.77951e+22
5.77951e+22
5.80326e+22
5.80326e+22
5.80326e+22
5.80326e+22
5.80326e+22
5.80326e+22
5.80326e+22
5.80326e+22
5.80326e+22
5.80326e+22
5.827e+22
5.827e+22
5.827e+22
5.827e+22
5.827e+22
5.827e+22
5.827e+22
5.827e+22
5.827e+22
5.827e+22
5.85075e+22
5.85075e+22
5.85075e+22
5.85075e+22
5.85075e+22
5.85075e+22
5.85075e+22
5.85075e+22
5.85075e+22
5.85075e+22
5.87449e+22
5.87449e+22
5.87449e+22
5.87449e+22
5.87449e+22
5.87449e+22
5.87449e+22
5.87449e+22
5.87449e+22
5.87449e+22
5.89824e+22
5.89824e+22
5.89824e+22
5.89824e+22
5.89824e+22
5.89824e+22
5.89824e+22
5.89824e+22
5.89824e+22
5.89824e+22
5.92198e+22
5.92198e+22
5.92198e+22
5.92198e+22
5.92198e+22
5.92198e+22
5.92198e+22
5.92198e+22
5.92198e+22
5.92198e+22
5.94573e+22
5.94573e+22
5.94573e+22
5.94573e+22
5.94573e+22
5.94573e+22
5.94573e+22
5.94573e+22
5.94573e+22
5.94573e+22
5.96947e+22
5.96947e+22
5.96947e+22
5.96947e+22
5.96947e+22
5.96947e+22
5.96947e+22
5.96947e+22
5.96947e+22
5.96947e+22
5.98953e+22
5.98953e+22
5.98953e+22
5.98953e+22
5.98953e+22
5.98953e+22
5.98953e+22
5.98953e+22
5.98953e+22
5.98953e+22
6.00384e+22
6.00384e+22
6.00384e+22
6.00384e+22
6.00384e+22
6.00384e+22
6.00384e+22
6.00384e+22
6.00384e+22
6.00384e+22
6.01815e+22
6.01815e+22
6.01815e+22
6.01815e+22
6.01815e+22
6.01815e+22
6.01815e+22
6.01815e+22
6.01815e+22
6.01815e+22
6.03246e+22
6.03246e+22
6.03246e+22
6.03246e+22
6.03246e+22
6.03246e+22
6.03246e+22
6.03246e+22
6.03246e+22
6.03246e+22
6.04677e+22
6.04677e+22
6.04677e+22
6.04677e+22
6.04677e+22
6.04677e+22
6.04677e+22
6.04677e+22
6.04677e+22
6.04677e+22
6.06108e+22
6.06108e+22
6.06108e+22
6.06108e+22
6.06108e+22
6.06108e+22
6.06108e+22
6.06108e+22
6.06108e+22
6.06108e+22
6.07539e+22
6.07539e+22
6.07539e+22
6.07539e+22
6.07539e+22
6.07539e+22
6.07539e+22
6.07539e+22
6.07539e+22
6.07539e+22
6.08969e+22
6.08969e+22
6.08969e+22
6.08969e+22
6.08969e+22
6.08969e+22
6.08969e+22
6.08969e+22
6.08969e+22
6.08969e+22
6.104e+22
6.104e+22
6.104e+22
6.104e+22
6.104e+22
6.104e+22
6.104e+22
6.104e+22
6.104e+22
6.104e+22
6.11831e+22
6.11831e+22
6.11831e+22
6.11831e+22
6.11831e+22
6.11831e+22
6.11831e+22
6.11831e+22
6.11831e+22
6.11831e+22
6.13262e+22
6.13262e+22
6.13262e+22
6.13262e+22
6.13262e+22
6.13262e+22
6.13262e+22
6.13262e+22
6.13262e+22
6.13262e+22
6.14129e+22
6.14129e+22
6.14129e+22
6.14129e+22
6.14129e+22
6.14129e+22
6.14129e+22
6.14129e+22
6.14129e+22
6.14129e+22
6.14448e+22
6.14448e+22
6.14448e+22
6.14448e+22
6.14448e+22
6.14448e+22
6.14448e+22
6.14448e+22
6.14448e+22
6.14448e+22
6.14768e+22
6.14768e+22
6.14768e+22
6.14768e+22
6.14768e+22
6.14768e+22
6.14768e+22
6.14768e+22
6.14768e+22
6.14768e+22
6.15087e+22
6.15087e+22
6.15087e+22
6.15087e+22
6.15087e+22
6.15087e+22
6.15087e+22
6.15087e+22
6.15087e+22
6.15087e+22
6.15406e+22
6.15406e+22
6.15406e+22
6.15406e+22
6.15406e+22
6.15406e+22
6.15406e+22
6.15406e+22
6.15406e+22
6.15406e+22
6.15726e+22
6.15726e+22
6.15726e+22
6.15726e+22
6.15726e+22
6.15726e+22
6.15726e+22
6.15726e+22
6.15726e+22
6.15726e+22
6.16045e+22
6.16045e+22
6.16045e+22
6.16045e+22
6.16045e+22
6.16045e+22
6.16045e+22
6.16045e+22
6.16045e+22
6.16045e+22
6.16364e+22
6.16364e+22
6.16364e+22
6.16364e+22
6.16364e+22
6.16364e+22
6.16364e+22
6.16364e+22
6.16364e+22
6.16364e+22
6.16684e+22
6.16684e+22
6.16684e+22
6.16684e+22
6.16684e+22
6.16684e+22
6.16684e+22
6.16684e+22
6.16684e+22
6.16684e+22
6.17003e+22
6.17003e+22
6.17003e+22
6.17003e+22
6.17003e+22
6.17003e+22
6.17003e+22
6.17003e+22
6.17003e+22
6.17003e+22
6.17323e+22
6.17323e+22
6.17323e+22
6.17323e+22
6.17323e+22
6.17323e+22
6.17323e+22
6.17323e+22
6.17323e+22
6.17323e+22
6.16931e+22
6.16931e+22
6.16931e+22
6.16931e+22
6.16931e+22
6.16931e+22
6.16931e+22
6.16931e+22
6.16931e+22
6.16931e+22
6.16113e+22
6.16113e+22
6.16113e+22
6.16113e+22
6.16113e+22
6.16113e+22
6.16113e+22
6.16113e+22
6.16113e+22
6.16113e+22
6.15294e+22
6.15294e+22
6.15294e+22
6.15294e+22
6.15294e+22
6.15294e+22
6.15294e+22
6.15294e+22
6.15294e+22
6.15294e+22
6.14475e+22
6.14475e+22
6.14475e+22
6.14475e+22
6.14475e+22
6.14475e+22
6.14475e+22
6.14475e+22
6.14475e+22
6.14475e+22
6.13656e+22
6.13656e+22
6.13656e+22
6.13656e+22
6.13656e+22
6.13656e+22
6.13656e+22
6.13656e+22
6.13656e+22
6.13656e+22
6.12838e+22
6.12838e+22
6.12838e+22
6.12838e+22
6.12838e+22
6.12838e+22
6.12838e+22
6.12838e+22
6.12838e+22
6.12838e+22
6.12019e+22
6.12019e+22
6.12019e+22
6.12019e+22
6.12019e+22
6.12019e+22
6.12019e+22
6.12019e+22
6.12019e+22
6.12019e+22
6.112e+22
6.112e+22
6.112e+22
6.112e+22
6.112e+22
6.112e+22
6.112e+22
6.112e+22
6.112e+22
6.112e+22
6.10381e+22
6.10381e+22
6.10381e+22
6.10381e+22
6.10381e+22
6.10381e+22
6.10381e+22
6.10381e+22
6.10381e+22
6.10381e+22
6.09563e+22
6.09563e+22
6.09563e+22
6.09563e+22
6.09563e+22
6.09563e+22
6.09563e+22
6.09563e+22
6.09563e+22
6.09563e+22
6.08744e+22
6.08744e+22
6.08744e+22
6.08744e+22
6.08744e+22
6.08744e+22
6.08744e+22
6.08744e+22
6.08744e+22
6.08744e+22
6.07175e+22
6.07175e+22
6.07175e+22
6.07175e+22
6.07175e+22
6.07175e+22
6.07175e+22
6.07175e+22
6.07175e+22
6.07175e+22
6.05344e+22
6.05344e+22
6.05344e+22
6.05344e+22
6.05344e+22
6.05344e+22
6.05344e+22
6.05344e+22
6.05344e+22
6.05344e+22
6.03513e+22
6.03513e+22
6.03513e+22
6.03513e+22
6.03513e+22
6.03513e+22
6.03513e+22
6.03513e+22
6.03513e+22
6.03513e+22
6.01682e+22
6.01682e+22
6.01682e+22
6.01682e+22
6.01682e+22
6.01682e+22
6.01682e+22
6.01682e+22
6.01682e+22
6.01682e+22
5.99851e+22
5.99851e+22
5.99851e+22
5.99851e+22
5.99851e+22
5.99851e+22
5.99851e+22
5.99851e+22
5.99851e+22
5.99851e+22
5.9802e+22
5.9802e+22
5.9802e+22
5.9802e+22
5.9802e+22
5.9802e+22
5.9802e+22
5.9802e+22
5.9802e+22
5.9802e+22
5.96189e+22
5.96189e+22
5.96189e+22
5.96189e+22
5.96189e+22
5.96189e+22
5.96189e+22
5.96189e+22
5.96189e+22
5.96189e+22
5.94358e+22
5.94358e+22
5.94358e+22
5.94358e+22
5.94358e+22
5.94358e+22
5.94358e+22
5.94358e+22
5.94358e+22
5.94358e+22
5.92527e+22
5.92527e+22
5.92527e+22
5.92527e+22
5.92527e+22
5.92527e+22
5.92527e+22
5.92527e+22
5.92527e+22
5.92527e+22
5.90696e+22
5.90696e+22
5.90696e+22
5.90696e+22
5.90696e+22
5.90696e+22
5.90696e+22
5.90696e+22
5.90696e+22
5.90696e+22
5.88865e+22
5.88865e+22
5.88865e+22
5.88865e+22
5.88865e+22
5.88865e+22
5.88865e+22
5.88865e+22
5.88865e+22
5.88865e+22
5.86135e+22
5.86135e+22
5.86135e+22
5.86135e+22
5.86135e+22
5.86135e+22
5.86135e+22
5.86135e+22
5.86135e+22
5.86135e+22
5.83255e+22
5.83255e+22
5.83255e+22
5.83255e+22
5.83255e+22
5.83255e+22
5.83255e+22
5.83255e+22
5.83255e+22
5.83255e+22
5.80376e+22
5.80376e+22
5.80376e+22
5.80376e+22
5.80376e+22
5.80376e+22
5.80376e+22
5.80376e+22
5.80376e+22
5.80376e+22
5.77497e+22
5.77497e+22
5.77497e+22
5.77497e+22
5.77497e+22
5.77497e+22
5.77497e+22
5.77497e+22
5.77497e+22
5.77497e+22
5.74617e+22
5.74617e+22
5.74617e+22
5.74617e+22
5.74617e+22
5.74617e+22
5.74617e+22
5.74617e+22
5.74617e+22
5.74617e+22
5.71738e+22
5.71738e+22
5.71738e+22
5.71738e+22
5.71738e+22
5.71738e+22
5.71738e+22
5.71738e+22
5.71738e+22
5.71738e+22
5.68858e+22
5.68858e+22
5.68858e+22
5.68858e+22
5.68858e+22
5.68858e+22
5.68858e+22
5.68858e+22
5.68858e+22
5.68858e+22
5.65979e+22
5.65979e+22
5.65979e+22
5.65979e+22
5.65979e+22
5.65979e+22
5.65979e+22
5.65979e+22
5.65979e+22
5.65979e+22
5.631e+22
5.631e+22
5.631e+22
5.631e+22
5.631e+22
5.631e+22
5.631e+22
5.631e+22
5.631e+22
5.631e+22
5.6022e+22
5.6022e+22
5.6022e+22
5.6022e+22
5.6022e+22
5.6022e+22
5.6022e+22
5.6022e+22
5.6022e+22
5.6022e+22
5.57341e+22
5.57341e+22
5.57341e+22
5.57341e+22
5.57341e+22
5.57341e+22
5.57341e+22
5.57341e+22
5.57341e+22
5.57341e+22
5.53461e+22
5.53461e+22
5.53461e+22
5.53461e+22
5.53461e+22
5.53461e+22
5.53461e+22
5.53461e+22
5.53461e+22
5.53461e+22
5.49555e+22
5.49555e+22
5.49555e+22
5.49555e+22
5.49555e+22
5.49555e+22
5.49555e+22
5.49555e+22
5.49555e+22
5.49555e+22
5.45649e+22
5.45649e+22
5.45649e+22
5.45649e+22
5.45649e+22
5.45649e+22
5.45649e+22
5.45649e+22
5.45649e+22
5.45649e+22
5.41743e+22
5.41743e+22
5.41743e+22
5.41743e+22
5.41743e+22
5.41743e+22
5.41743e+22
5.41743e+22
5.41743e+22
5.41743e+22
5.37837e+22
5.37837e+22
5.37837e+22
5.37837e+22
5.37837e+22
5.37837e+22
5.37837e+22
5.37837e+22
5.37837e+22
5.37837e+22
5.33931e+22
5.33931e+22
5.33931e+22
5.33931e+22
5.33931e+22
5.33931e+22
5.33931e+22
5.33931e+22
5.33931e+22
5.33931e+22
5.30025e+22
5.30025e+22
5.30025e+22
5.30025e+22
5.30025e+22
5.30025e+22
5.30025e+22
5.30025e+22
5.30025e+22
5.30025e+22
5.26119e+22
5.26119e+22
5.26119e+22
5.26119e+22
5.26119e+22
5.26119e+22
5.26119e+22
5.26119e+22
5.26119e+22
5.26119e+22
5.22213e+22
5.22213e+22
5.22213e+22
5.22213e+22
5.22213e+22
5.22213e+22
5.22213e+22
5.22213e+22
5.22213e+22
5.22213e+22
5.18307e+22
5.18307e+22
5.18307e+22
5.18307e+22
5.18307e+22
5.18307e+22
5.18307e+22
5.18307e+22
5.18307e+22
5.18307e+22
5.14312e+22
5.14312e+22
5.14312e+22
5.14312e+22
5.14312e+22
5.14312e+22
5.14312e+22
5.14312e+22
5.14312e+22
5.14312e+22
5.09435e+22
5.09435e+22
5.09435e+22
5.09435e+22
5.09435e+22
5.09435e+22
5.09435e+22
5.09435e+22
5.09435e+22
5.09435e+22
5.04558e+22
5.04558e+22
5.04558e+22
5.04558e+22
5.04558e+22
5.04558e+22
5.04558e+22
5.04558e+22
5.04558e+22
5.04558e+22
4.9968e+22
4.9968e+22
4.9968e+22
4.9968e+22
4.9968e+22
4.9968e+22
4.9968e+22
4.9968e+22
4.9968e+22
4.9968e+22
4.94803e+22
4.94803e+22
4.94803e+22
4.94803e+22
4.94803e+22
4.94803e+22
4.94803e+22
4.94803e+22
4.94803e+22
4.94803e+22
4.89926e+22
4.89926e+22
4.89926e+22
4.89926e+22
4.89926e+22
4.89926e+22
4.89926e+22
4.89926e+22
4.89926e+22
4.89926e+22
4.85049e+22
4.85049e+22
4.85049e+22
4.85049e+22
4.85049e+22
4.85049e+22
4.85049e+22
4.85049e+22
4.85049e+22
4.85049e+22
4.80172e+22
4.80172e+22
4.80172e+22
4.80172e+22
4.80172e+22
4.80172e+22
4.80172e+22
4.80172e+22
4.80172e+22
4.80172e+22
4.75295e+22
4.75295e+22
4.75295e+22
4.75295e+22
4.75295e+22
4.75295e+22
4.75295e+22
4.75295e+22
4.75295e+22
4.75295e+22
4.70417e+22
4.70417e+22
4.70417e+22
4.70417e+22
4.70417e+22
4.70417e+22
4.70417e+22
4.70417e+22
4.70417e+22
4.70417e+22
4.6554e+22
4.6554e+22
4.6554e+22
4.6554e+22
4.6554e+22
4.6554e+22
4.6554e+22
4.6554e+22
4.6554e+22
4.6554e+22
4.60443e+22
4.60443e+22
4.60443e+22
4.60443e+22
4.60443e+22
4.60443e+22
4.60443e+22
4.60443e+22
4.60443e+22
4.60443e+22
4.54507e+22
4.54507e+22
4.54507e+22
4.54507e+22
4.54507e+22
4.54507e+22
4.54507e+22
4.54507e+22
4.54507e+22
4.54507e+22
4.48571e+22
4.48571e+22
4.48571e+22
4.48571e+22
4.48571e+22
4.48571e+22
4.48571e+22
4.48571e+22
4.48571e+22
4.48571e+22
4.42635e+22
4.42635e+22
4.42635e+22
4.42635e+22
4.42635e+22
4.42635e+22
4.42635e+22
4.42635e+22
4.42635e+22
4.42635e+22
4.36699e+22
4.36699e+22
4.36699e+22
4.36699e+22
4.36699e+22
4.36699e+22
4.36699e+22
4.36699e+22
4.36699e+22
4.36699e+22
4.30763e+22
4.30763e+22
4.30763e+22
4.30763e+22
4.30763e+22
4.30763e+22
4.30763e+22
4.30763e+22
4.30763e+22
4.30763e+22
4.24827e+22
4.24827e+22
4.24827e+22
4.24827e+22
4.24827e+22
4.24827e+22
4.24827e+22
4.24827e+22
4.24827e+22
4.24827e+22
4.18891e+22
4.18891e+22
4.18891e+22
4.18891e+22
4.18891e+22
4.18891e+22
4.18891e+22
4.18891e+22
4.18891e+22
4.18891e+22
4.12955e+22
4.12955e+22
4.12955e+22
4.12955e+22
4.12955e+22
4.12955e+22
4.12955e+22
4.12955e+22
4.12955e+22
4.12955e+22
4.07019e+22
4.07019e+22
4.07019e+22
4.07019e+22
4.07019e+22
4.07019e+22
4.07019e+22
4.07019e+22
4.07019e+22
4.07019e+22
4.01083e+22
4.01083e+22
4.01083e+22
4.01083e+22
4.01083e+22
4.01083e+22
4.01083e+22
4.01083e+22
4.01083e+22
4.01083e+22
3.95441e+22
3.95441e+22
3.95441e+22
3.95441e+22
3.95441e+22
3.95441e+22
3.95441e+22
3.95441e+22
3.95441e+22
3.95441e+22
3.90408e+22
3.90408e+22
3.90408e+22
3.90408e+22
3.90408e+22
3.90408e+22
3.90408e+22
3.90408e+22
3.90408e+22
3.90408e+22
3.85375e+22
3.85375e+22
3.85375e+22
3.85375e+22
3.85375e+22
3.85375e+22
3.85375e+22
3.85375e+22
3.85375e+22
3.85375e+22
3.80342e+22
3.80342e+22
3.80342e+22
3.80342e+22
3.80342e+22
3.80342e+22
3.80342e+22
3.80342e+22
3.80342e+22
3.80342e+22
3.75309e+22
3.75309e+22
3.75309e+22
3.75309e+22
3.75309e+22
3.75309e+22
3.75309e+22
3.75309e+22
3.75309e+22
3.75309e+22
3.70276e+22
3.70276e+22
3.70276e+22
3.70276e+22
3.70276e+22
3.70276e+22
3.70276e+22
3.70276e+22
3.70276e+22
3.70276e+22
3.65243e+22
3.65243e+22
3.65243e+22
3.65243e+22
3.65243e+22
3.65243e+22
3.65243e+22
3.65243e+22
3.65243e+22
3.65243e+22
3.6021e+22
3.6021e+22
3.6021e+22
3.6021e+22
3.6021e+22
3.6021e+22
3.6021e+22
3.6021e+22
3.6021e+22
3.6021e+22
3.55177e+22
3.55177e+22
3.55177e+22
3.55177e+22
3.55177e+22
3.55177e+22
3.55177e+22
3.55177e+22
3.55177e+22
3.55177e+22
3.50144e+22
3.50144e+22
3.50144e+22
3.50144e+22
3.50144e+22
3.50144e+22
3.50144e+22
3.50144e+22
3.50144e+22
3.50144e+22
3.45111e+22
3.45111e+22
3.45111e+22
3.45111e+22
3.45111e+22
3.45111e+22
3.45111e+22
3.45111e+22
3.45111e+22
3.45111e+22
3.35675e+22
3.35675e+22
3.35675e+22
3.35675e+22
3.35675e+22
3.35675e+22
3.35675e+22
3.35675e+22
3.35675e+22
3.35675e+22
3.21834e+22
3.21834e+22
3.21834e+22
3.21834e+22
3.21834e+22
3.21834e+22
3.21834e+22
3.21834e+22
3.21834e+22
3.21834e+22
)
;

boundaryField
{
    fuelBottom
    {
        type            empty;
    }
    fuelTop_1
    {
        type            empty;
    }
    fuelOuter
    {
        type            zeroGradient;
    }
    fuelTop
    {
        type            empty;
    }
    fuelInner
    {
        type            zeroGradient;
    }
    cladBottom
    {
        type            empty;
    }
    cladInner
    {
        type            zeroGradient;
    }
    cladOuter
    {
        type            zeroGradient;
    }
    cladTop
    {
        type            empty;
    }
    front
    {
        type            wedge;
    }
    back
    {
        type            wedge;
    }
}


// ************************************************************************* //
