/*--------------------------------*- C++ -*----------------------------------*\
| =========                 |                                                 |
| \\      /  F ield         | OpenFOAM: The Open Source CFD Toolbox           |
|  \\    /   O peration     | Version:  2412                                  |
|   \\  /    A nd           | Website:  www.openfoam.com                      |
|    \\/     M anipulation  |                                                 |
\*---------------------------------------------------------------------------*/
FoamFile
{
    version     2.0;
    format      ascii;
    arch        "LSB;label=32;scalar=64";
    class       volScalarField;
    location    "25888284.641197/fuelBehaviourRegion";
    object      grainRadius;
}
// * * * * * * * * * * * * * * * * * * * * * * * * * * * * * * * * * * * * * //

dimensions      [0 0 0 0 0 0 0];

internalField   nonuniform List<scalar> 
4720
(
6e-06
6e-06
6e-06
6e-06
6e-06
6e-06
6e-06
6e-06
6e-06
6e-06
6e-06
6e-06
6e-06
6e-06
6e-06
6e-06
6e-06
6e-06
6e-06
6e-06
6e-06
6e-06
6e-06
6e-06
6e-06
6e-06
6e-06
6e-06
6e-06
6e-06
6e-06
6e-06
6e-06
6e-06
6e-06
6e-06
6e-06
6e-06
6e-06
6e-06
6e-06
6e-06
6e-06
6e-06
6e-06
6e-06
6e-06
6e-06
6e-06
6e-06
6e-06
6e-06
6e-06
6e-06
6e-06
6e-06
6e-06
6e-06
6e-06
6e-06
6e-06
6e-06
6e-06
6e-06
6e-06
6e-06
6e-06
6e-06
6e-06
6e-06
6e-06
6e-06
6e-06
6e-06
6e-06
6e-06
6e-06
6e-06
6e-06
6e-06
6e-06
6e-06
6e-06
6e-06
6e-06
6e-06
6e-06
6e-06
6e-06
6e-06
6e-06
6e-06
6e-06
6e-06
6e-06
6e-06
6e-06
6e-06
6e-06
6e-06
6e-06
6e-06
6e-06
6e-06
6e-06
6e-06
6e-06
6e-06
6e-06
6e-06
6e-06
6e-06
6e-06
6e-06
6e-06
6e-06
6e-06
6e-06
6e-06
6e-06
6e-06
6e-06
6e-06
6e-06
6e-06
6e-06
6e-06
6e-06
6e-06
6e-06
6e-06
6e-06
6e-06
6e-06
6e-06
6e-06
6e-06
6e-06
6e-06
6e-06
6e-06
6e-06
6e-06
6e-06
6e-06
6e-06
6e-06
6e-06
6e-06
6e-06
6e-06
6e-06
6e-06
6e-06
6e-06
6e-06
6e-06
6e-06
6e-06
6e-06
6e-06
6e-06
6e-06
6e-06
6e-06
6e-06
6e-06
6e-06
6e-06
6e-06
6e-06
6e-06
6e-06
6e-06
6e-06
6e-06
6e-06
6e-06
6e-06
6e-06
6e-06
6e-06
6e-06
6e-06
6e-06
6e-06
6e-06
6e-06
6e-06
6e-06
6e-06
6e-06
6e-06
6e-06
6e-06
6e-06
6e-06
6e-06
6e-06
6e-06
6e-06
6e-06
6e-06
6e-06
6e-06
6e-06
6e-06
6e-06
6e-06
6e-06
6e-06
6e-06
6e-06
6e-06
6e-06
6e-06
6e-06
6e-06
6e-06
6e-06
6e-06
6e-06
6e-06
6e-06
6e-06
6e-06
6e-06
6e-06
6e-06
6e-06
6e-06
6e-06
6e-06
6e-06
6e-06
6e-06
6e-06
6e-06
6e-06
6e-06
6e-06
6e-06
6e-06
6e-06
6e-06
6e-06
6e-06
6e-06
6e-06
6e-06
6e-06
6e-06
6e-06
6e-06
6e-06
6e-06
6e-06
6e-06
6e-06
6e-06
6e-06
6e-06
6e-06
6e-06
6e-06
6e-06
6e-06
6e-06
6e-06
6e-06
6e-06
6e-06
6e-06
6e-06
6e-06
6e-06
6e-06
6e-06
6e-06
6e-06
6e-06
6e-06
6e-06
6e-06
6e-06
6e-06
6e-06
6e-06
6e-06
6e-06
6e-06
6e-06
6e-06
6e-06
6e-06
6e-06
6e-06
6e-06
6e-06
6e-06
6e-06
6e-06
6e-06
6e-06
6e-06
6e-06
6e-06
6e-06
6e-06
6e-06
6e-06
6e-06
6e-06
6e-06
6e-06
6e-06
6e-06
6e-06
6e-06
6e-06
6e-06
6e-06
6e-06
6e-06
6e-06
6e-06
6e-06
6e-06
6e-06
6e-06
6e-06
6e-06
6e-06
6e-06
6e-06
6e-06
6e-06
6e-06
6e-06
6e-06
6e-06
6e-06
6e-06
6e-06
6e-06
6e-06
6e-06
6e-06
6e-06
6e-06
6e-06
6e-06
6e-06
6e-06
6e-06
6e-06
6e-06
6e-06
6e-06
6e-06
5.99999e-06
5.99999e-06
5.99999e-06
5.99999e-06
5.99999e-06
5.99999e-06
5.99999e-06
5.99999e-06
5.99999e-06
5.99999e-06
5.99999e-06
5.99999e-06
5.99999e-06
5.99999e-06
6e-06
6e-06
6e-06
6e-06
6e-06
6e-06
6e-06
6e-06
6e-06
6e-06
6e-06
6e-06
6e-06
6e-06
6e-06
6e-06
5.99999e-06
5.99999e-06
5.99999e-06
5.99999e-06
5.99999e-06
5.99999e-06
5.99999e-06
5.99999e-06
5.99999e-06
5.99999e-06
5.99999e-06
5.99999e-06
5.99999e-06
5.99999e-06
5.99999e-06
5.99999e-06
6e-06
6e-06
6e-06
6e-06
6e-06
6e-06
6e-06
6e-06
6e-06
6e-06
6e-06
6e-06
6e-06
6e-06
5.99999e-06
5.99999e-06
5.99999e-06
5.99999e-06
5.99999e-06
5.99999e-06
5.99999e-06
5.99999e-06
5.99999e-06
5.99999e-06
5.99999e-06
5.99999e-06
5.99999e-06
5.99999e-06
5.99999e-06
5.99999e-06
6e-06
6e-06
6e-06
6e-06
6e-06
6e-06
6e-06
6e-06
6e-06
6e-06
6e-06
6e-06
6e-06
6e-06
5.99999e-06
5.99999e-06
5.99999e-06
5.99999e-06
5.99999e-06
5.99999e-06
5.99999e-06
5.99999e-06
5.99999e-06
5.99999e-06
5.99999e-06
5.99999e-06
5.99999e-06
5.99999e-06
5.99999e-06
5.99999e-06
6e-06
6e-06
6e-06
6e-06
6e-06
6e-06
6e-06
6e-06
6e-06
6e-06
6e-06
6e-06
6e-06
6e-06
5.99999e-06
5.99999e-06
5.99999e-06
5.99999e-06
5.99999e-06
5.99999e-06
5.99999e-06
5.99999e-06
5.99999e-06
5.99999e-06
5.99999e-06
5.99999e-06
5.99999e-06
5.99999e-06
5.99999e-06
5.99999e-06
6e-06
6e-06
6e-06
6e-06
6e-06
6e-06
6e-06
6e-06
6e-06
6e-06
6e-06
6e-06
6e-06
6e-06
5.99999e-06
5.99999e-06
5.99999e-06
5.99999e-06
5.99999e-06
5.99999e-06
5.99999e-06
5.99999e-06
5.99999e-06
5.99999e-06
5.99999e-06
5.99999e-06
5.99999e-06
5.99999e-06
5.99999e-06
5.99999e-06
5.99999e-06
5.99999e-06
6e-06
6e-06
6e-06
6e-06
6e-06
6e-06
6e-06
6e-06
6e-06
6e-06
6e-06
6e-06
5.99996e-06
5.99996e-06
5.99996e-06
5.99996e-06
5.99996e-06
5.99996e-06
5.99996e-06
5.99996e-06
5.99996e-06
5.99997e-06
5.99997e-06
5.99997e-06
5.99997e-06
5.99997e-06
5.99998e-06
5.99998e-06
5.99998e-06
5.99998e-06
5.99998e-06
5.99999e-06
5.99999e-06
5.99999e-06
5.99999e-06
5.99999e-06
5.99999e-06
5.99999e-06
5.99999e-06
6e-06
6e-06
6e-06
5.99994e-06
5.99994e-06
5.99995e-06
5.99995e-06
5.99995e-06
5.99995e-06
5.99995e-06
5.99995e-06
5.99995e-06
5.99996e-06
5.99996e-06
5.99996e-06
5.99996e-06
5.99997e-06
5.99997e-06
5.99997e-06
5.99997e-06
5.99998e-06
5.99998e-06
5.99998e-06
5.99998e-06
5.99999e-06
5.99999e-06
5.99999e-06
5.99999e-06
5.99999e-06
5.99999e-06
5.99999e-06
6e-06
6e-06
5.99994e-06
5.99994e-06
5.99994e-06
5.99994e-06
5.99995e-06
5.99995e-06
5.99995e-06
5.99995e-06
5.99995e-06
5.99996e-06
5.99996e-06
5.99996e-06
5.99996e-06
5.99997e-06
5.99997e-06
5.99997e-06
5.99997e-06
5.99998e-06
5.99998e-06
5.99998e-06
5.99998e-06
5.99999e-06
5.99999e-06
5.99999e-06
5.99999e-06
5.99999e-06
5.99999e-06
5.99999e-06
6e-06
6e-06
5.99994e-06
5.99994e-06
5.99994e-06
5.99994e-06
5.99994e-06
5.99995e-06
5.99995e-06
5.99995e-06
5.99995e-06
5.99996e-06
5.99996e-06
5.99996e-06
5.99996e-06
5.99997e-06
5.99997e-06
5.99997e-06
5.99997e-06
5.99998e-06
5.99998e-06
5.99998e-06
5.99998e-06
5.99999e-06
5.99999e-06
5.99999e-06
5.99999e-06
5.99999e-06
5.99999e-06
5.99999e-06
6e-06
6e-06
5.99994e-06
5.99994e-06
5.99994e-06
5.99994e-06
5.99994e-06
5.99995e-06
5.99995e-06
5.99995e-06
5.99995e-06
5.99995e-06
5.99996e-06
5.99996e-06
5.99996e-06
5.99997e-06
5.99997e-06
5.99997e-06
5.99997e-06
5.99998e-06
5.99998e-06
5.99998e-06
5.99998e-06
5.99999e-06
5.99999e-06
5.99999e-06
5.99999e-06
5.99999e-06
5.99999e-06
5.99999e-06
6e-06
6e-06
5.99993e-06
5.99993e-06
5.99993e-06
5.99993e-06
5.99993e-06
5.99994e-06
5.99994e-06
5.99994e-06
5.99994e-06
5.99995e-06
5.99995e-06
5.99995e-06
5.99996e-06
5.99996e-06
5.99996e-06
5.99997e-06
5.99997e-06
5.99997e-06
5.99998e-06
5.99998e-06
5.99998e-06
5.99998e-06
5.99999e-06
5.99999e-06
5.99999e-06
5.99999e-06
5.99999e-06
5.99999e-06
5.99999e-06
6e-06
5.9996e-06
5.9996e-06
5.99961e-06
5.99962e-06
5.99963e-06
5.99964e-06
5.99966e-06
5.99967e-06
5.99969e-06
5.99971e-06
5.99973e-06
5.99975e-06
5.99977e-06
5.99979e-06
5.99981e-06
5.99983e-06
5.99985e-06
5.99987e-06
5.99988e-06
5.9999e-06
5.99991e-06
5.99993e-06
5.99994e-06
5.99995e-06
5.99996e-06
5.99996e-06
5.99997e-06
5.99998e-06
5.99998e-06
5.99999e-06
5.99949e-06
5.9995e-06
5.9995e-06
5.99951e-06
5.99953e-06
5.99954e-06
5.99956e-06
5.99958e-06
5.99961e-06
5.99963e-06
5.99966e-06
5.99968e-06
5.99971e-06
5.99974e-06
5.99976e-06
5.99979e-06
5.99981e-06
5.99983e-06
5.99985e-06
5.99987e-06
5.99989e-06
5.99991e-06
5.99992e-06
5.99994e-06
5.99995e-06
5.99996e-06
5.99996e-06
5.99997e-06
5.99998e-06
5.99998e-06
5.99948e-06
5.99948e-06
5.99949e-06
5.9995e-06
5.99951e-06
5.99953e-06
5.99955e-06
5.99957e-06
5.99959e-06
5.99962e-06
5.99965e-06
5.99967e-06
5.9997e-06
5.99973e-06
5.99975e-06
5.99978e-06
5.9998e-06
5.99983e-06
5.99985e-06
5.99987e-06
5.99989e-06
5.99991e-06
5.99992e-06
5.99993e-06
5.99994e-06
5.99995e-06
5.99996e-06
5.99997e-06
5.99998e-06
5.99998e-06
5.99947e-06
5.99947e-06
5.99948e-06
5.99949e-06
5.9995e-06
5.99952e-06
5.99954e-06
5.99956e-06
5.99959e-06
5.99961e-06
5.99964e-06
5.99967e-06
5.99969e-06
5.99972e-06
5.99975e-06
5.99978e-06
5.9998e-06
5.99983e-06
5.99985e-06
5.99987e-06
5.99989e-06
5.9999e-06
5.99992e-06
5.99993e-06
5.99994e-06
5.99995e-06
5.99996e-06
5.99997e-06
5.99998e-06
5.99998e-06
5.99942e-06
5.99943e-06
5.99943e-06
5.99945e-06
5.99946e-06
5.99948e-06
5.9995e-06
5.99953e-06
5.99955e-06
5.99958e-06
5.99961e-06
5.99964e-06
5.99967e-06
5.9997e-06
5.99973e-06
5.99976e-06
5.99979e-06
5.99981e-06
5.99984e-06
5.99986e-06
5.99988e-06
5.9999e-06
5.99991e-06
5.99993e-06
5.99994e-06
5.99995e-06
5.99996e-06
5.99997e-06
5.99998e-06
5.99998e-06
5.99886e-06
5.99886e-06
5.99888e-06
5.9989e-06
5.99893e-06
5.99896e-06
5.999e-06
5.99905e-06
5.9991e-06
5.99915e-06
5.99921e-06
5.99927e-06
5.99933e-06
5.99939e-06
5.99946e-06
5.99952e-06
5.99958e-06
5.99964e-06
5.99969e-06
5.99974e-06
5.99978e-06
5.99982e-06
5.99986e-06
5.99988e-06
5.99991e-06
5.99993e-06
5.99994e-06
5.99996e-06
5.99997e-06
5.99998e-06
1.6598e-05
1.65034e-05
1.632e-05
1.60528e-05
1.57063e-05
1.52848e-05
1.47921e-05
1.42321e-05
1.36088e-05
1.29264e-05
1.21903e-05
1.14075e-05
1.05878e-05
9.74568e-06
8.9014e-06
8.08329e-06
7.32828e-06
6.67988e-06
6.18003e-06
5.85378e-06
5.69431e-06
5.66274e-06
5.70616e-06
5.77841e-06
5.85001e-06
5.90735e-06
5.94739e-06
5.97249e-06
5.98677e-06
5.99417e-06
1.66462e-05
1.65495e-05
1.6362e-05
1.6089e-05
1.57354e-05
1.53057e-05
1.4804e-05
1.42345e-05
1.36011e-05
1.29078e-05
1.21596e-05
1.13627e-05
1.05267e-05
9.66566e-06
8.80093e-06
7.96338e-06
7.19463e-06
6.54442e-06
6.05986e-06
5.76544e-06
5.64558e-06
5.64934e-06
5.71613e-06
5.79901e-06
5.87193e-06
5.92559e-06
5.96038e-06
5.98067e-06
5.99138e-06
5.9965e-06
1.65175e-05
1.64211e-05
1.62343e-05
1.59624e-05
1.56101e-05
1.51821e-05
1.46825e-05
1.41154e-05
1.34847e-05
1.27946e-05
1.205e-05
1.12575e-05
1.04266e-05
9.5718e-06
8.71496e-06
7.88743e-06
7.13125e-06
6.49612e-06
6.02801e-06
5.74893e-06
5.64066e-06
5.65113e-06
5.72054e-06
5.80354e-06
5.87551e-06
5.92801e-06
5.96184e-06
5.98146e-06
5.99176e-06
5.99668e-06
1.66489e-05
1.65523e-05
1.6365e-05
1.60924e-05
1.57392e-05
1.53099e-05
1.4809e-05
1.42402e-05
1.36077e-05
1.29154e-05
1.21683e-05
1.13726e-05
1.05377e-05
9.67745e-06
8.8131e-06
7.97525e-06
7.20529e-06
6.55288e-06
6.06537e-06
5.76787e-06
5.64557e-06
5.64794e-06
5.7143e-06
5.79732e-06
5.87063e-06
5.92471e-06
5.95984e-06
5.98037e-06
5.99123e-06
5.99643e-06
1.57993e-05
1.57041e-05
1.55194e-05
1.52505e-05
1.49023e-05
1.44793e-05
1.39858e-05
1.34258e-05
1.28037e-05
1.21239e-05
1.13923e-05
1.06168e-05
9.80937e-06
8.98751e-06
8.17697e-06
7.41336e-06
6.74152e-06
6.20906e-06
5.8509e-06
5.66994e-06
5.63094e-06
5.67762e-06
5.75781e-06
5.83744e-06
5.90079e-06
5.94451e-06
5.9715e-06
5.98658e-06
5.99423e-06
5.99775e-06
2.02148e-05
2.01049e-05
1.98905e-05
1.95763e-05
1.91674e-05
1.86693e-05
1.80877e-05
1.74285e-05
1.66977e-05
1.59009e-05
1.50433e-05
1.41292e-05
1.31625e-05
1.21474e-05
1.10912e-05
1.00083e-05
8.92625e-06
7.89232e-06
6.97639e-06
6.26259e-06
5.81626e-06
5.63525e-06
5.64031e-06
5.72856e-06
5.82698e-06
5.90325e-06
5.95183e-06
5.97855e-06
5.99148e-06
5.997e-06
2.05786e-05
2.04699e-05
2.02566e-05
1.99432e-05
1.95343e-05
1.90354e-05
1.84522e-05
1.77909e-05
1.70576e-05
1.62585e-05
1.5399e-05
1.44839e-05
1.35169e-05
1.25017e-05
1.14435e-05
1.03534e-05
9.25429e-06
8.18748e-06
7.21815e-06
6.4312e-06
5.90456e-06
5.6583e-06
5.62746e-06
5.70529e-06
5.80661e-06
5.88957e-06
5.94405e-06
5.9747e-06
5.9898e-06
5.99635e-06
2.05867e-05
2.0478e-05
2.02648e-05
1.99514e-05
1.95425e-05
1.90435e-05
1.84602e-05
1.77988e-05
1.70655e-05
1.62664e-05
1.5407e-05
1.44921e-05
1.35256e-05
1.25109e-05
1.14533e-05
1.03637e-05
9.26465e-06
8.19726e-06
7.22648e-06
6.43719e-06
5.90778e-06
5.65917e-06
5.62703e-06
5.7045e-06
5.80594e-06
5.88914e-06
5.94382e-06
5.97459e-06
5.98975e-06
5.99634e-06
2.06687e-05
2.05601e-05
2.0347e-05
2.00335e-05
1.96242e-05
1.91246e-05
1.85404e-05
1.78779e-05
1.71433e-05
1.63426e-05
1.54816e-05
1.45651e-05
1.35968e-05
1.25805e-05
1.15209e-05
1.04288e-05
9.32579e-06
8.25217e-06
7.27194e-06
6.46982e-06
5.92591e-06
5.66489e-06
5.62542e-06
5.7004e-06
5.8021e-06
5.88646e-06
5.94225e-06
5.97379e-06
5.9894e-06
5.9962e-06
2.07575e-05
2.0649e-05
2.04359e-05
2.01222e-05
1.97125e-05
1.92122e-05
1.86271e-05
1.79634e-05
1.72274e-05
1.6425e-05
1.55621e-05
1.46436e-05
1.36733e-05
1.26547e-05
1.15928e-05
1.04976e-05
9.39038e-06
8.31028e-06
7.32039e-06
6.50506e-06
5.94597e-06
5.67161e-06
5.62398e-06
5.696e-06
5.79783e-06
5.88341e-06
5.94044e-06
5.97286e-06
5.98897e-06
5.99603e-06
2.01095e-05
1.99999e-05
1.97857e-05
1.94717e-05
1.9063e-05
1.85651e-05
1.79841e-05
1.73259e-05
1.6597e-05
1.5803e-05
1.49496e-05
1.40411e-05
1.30814e-05
1.20744e-05
1.10268e-05
9.95244e-06
8.87848e-06
7.85218e-06
6.94416e-06
6.23942e-06
5.80313e-06
5.63122e-06
5.64224e-06
5.73291e-06
5.83133e-06
5.90654e-06
5.9539e-06
5.97968e-06
5.99202e-06
5.99722e-06
2.3455e-05
2.33715e-05
2.31766e-05
2.28603e-05
2.24259e-05
2.18802e-05
2.1231e-05
2.0487e-05
1.96572e-05
1.87511e-05
1.77786e-05
1.67493e-05
1.56722e-05
1.45542e-05
1.33988e-05
1.22068e-05
1.09801e-05
9.73219e-06
8.50251e-06
7.37043e-06
6.45434e-06
5.86994e-06
5.63972e-06
5.6532e-06
5.75954e-06
5.86353e-06
5.93371e-06
5.97202e-06
5.98972e-06
5.99673e-06
2.37533e-05
2.3676e-05
2.3488e-05
2.31768e-05
2.27455e-05
2.22012e-05
2.15522e-05
2.08069e-05
1.99747e-05
1.90651e-05
1.80884e-05
1.70546e-05
1.59734e-05
1.48526e-05
1.36967e-05
1.25066e-05
1.1282e-05
1.00313e-05
8.78569e-06
7.61522e-06
6.63339e-06
5.96605e-06
5.66463e-06
5.64085e-06
5.73885e-06
5.84737e-06
5.92421e-06
5.96739e-06
5.9878e-06
5.99605e-06
2.38243e-05
2.37477e-05
2.35602e-05
2.32492e-05
2.28176e-05
2.22729e-05
2.16229e-05
2.08765e-05
2.00428e-05
1.91314e-05
1.81525e-05
1.71163e-05
1.60326e-05
1.49092e-05
1.37509e-05
1.25587e-05
1.13322e-05
1.00791e-05
8.82973e-06
7.65272e-06
6.66079e-06
5.98101e-06
5.66877e-06
5.63918e-06
5.73581e-06
5.84496e-06
5.9228e-06
5.96671e-06
5.98752e-06
5.99595e-06
2.39066e-05
2.38308e-05
2.36441e-05
2.33334e-05
2.2902e-05
2.2357e-05
2.17067e-05
2.09595e-05
2.01247e-05
1.9212e-05
1.82314e-05
1.71933e-05
1.61073e-05
1.49817e-05
1.38213e-05
1.26271e-05
1.13988e-05
1.01433e-05
8.88958e-06
7.70448e-06
6.69941e-06
6.00268e-06
5.67504e-06
5.63676e-06
5.73111e-06
5.84113e-06
5.92047e-06
5.96554e-06
5.98702e-06
5.99577e-06
2.34645e-05
2.33831e-05
2.319e-05
2.28746e-05
2.244e-05
2.18935e-05
2.12431e-05
2.04976e-05
1.96661e-05
1.87586e-05
1.77851e-05
1.67557e-05
1.56797e-05
1.45646e-05
1.34139e-05
1.22281e-05
1.10079e-05
9.76483e-06
8.53641e-06
7.40066e-06
6.47627e-06
5.88175e-06
5.64384e-06
5.65388e-06
5.75948e-06
5.86357e-06
5.93387e-06
5.97217e-06
5.98981e-06
5.99678e-06
2.5972e-05
2.59179e-05
2.57504e-05
2.54407e-05
2.49915e-05
2.44118e-05
2.3711e-05
2.2899e-05
2.19863e-05
2.09843e-05
1.99051e-05
1.87619e-05
1.75687e-05
1.63395e-05
1.50865e-05
1.38165e-05
1.25281e-05
1.12134e-05
9.87246e-06
8.54043e-06
7.31437e-06
6.35229e-06
5.79868e-06
5.64369e-06
5.71152e-06
5.8287e-06
5.91715e-06
5.9662e-06
5.98827e-06
5.99655e-06
2.64184e-05
2.63682e-05
2.6207e-05
2.59029e-05
2.54577e-05
2.48803e-05
2.41802e-05
2.33672e-05
2.24519e-05
2.14454e-05
2.03599e-05
1.92088e-05
1.80061e-05
1.67665e-05
1.55033e-05
1.42255e-05
1.29339e-05
1.16202e-05
1.02776e-05
8.92669e-06
7.64614e-06
6.58409e-06
5.90646e-06
5.657e-06
5.68702e-06
5.80293e-06
5.90088e-06
5.95826e-06
5.98508e-06
5.99548e-06
2.64877e-05
2.64377e-05
2.62766e-05
2.59724e-05
2.55269e-05
2.4949e-05
2.42481e-05
2.34342e-05
2.25177e-05
2.15098e-05
2.04228e-05
1.92699e-05
1.80652e-05
1.68236e-05
1.55584e-05
1.42792e-05
1.29869e-05
1.16733e-05
1.03309e-05
8.97822e-06
7.69142e-06
6.61701e-06
5.92305e-06
5.6602e-06
5.6843e-06
5.79962e-06
5.89871e-06
5.95718e-06
5.98464e-06
5.99534e-06
2.66059e-05
2.65559e-05
2.63946e-05
2.609e-05
2.56438e-05
2.5065e-05
2.4363e-05
2.35476e-05
2.26293e-05
2.16192e-05
2.05295e-05
1.93734e-05
1.8165e-05
1.69191e-05
1.56492e-05
1.43651e-05
1.30684e-05
1.17511e-05
1.04052e-05
9.04747e-06
7.75091e-06
6.65972e-06
5.94418e-06
5.66356e-06
5.6798e-06
5.79449e-06
5.89535e-06
5.9555e-06
5.98395e-06
5.9951e-06
2.5975e-05
2.59206e-05
2.57522e-05
2.54412e-05
2.49904e-05
2.44088e-05
2.37061e-05
2.28921e-05
2.19776e-05
2.09741e-05
1.98938e-05
1.87504e-05
1.75581e-05
1.63313e-05
1.50826e-05
1.38193e-05
1.25396e-05
1.12342e-05
9.90094e-06
8.57224e-06
7.3435e-06
6.37322e-06
5.8095e-06
5.64737e-06
5.71229e-06
5.82883e-06
5.91723e-06
5.96629e-06
5.98833e-06
5.99658e-06
2.83186e-05
2.82743e-05
2.81175e-05
2.78062e-05
2.73394e-05
2.67268e-05
2.59784e-05
2.51049e-05
2.41175e-05
2.30283e-05
2.18507e-05
2.05996e-05
1.92915e-05
1.79444e-05
1.65769e-05
1.52057e-05
1.38406e-05
1.24761e-05
1.10926e-05
9.67839e-06
8.2762e-06
7.02182e-06
6.12277e-06
5.71177e-06
5.68019e-06
5.79134e-06
5.89654e-06
5.95818e-06
5.98594e-06
5.99607e-06
2.88012e-05
2.87606e-05
2.86112e-05
2.83075e-05
2.78466e-05
2.72381e-05
2.64921e-05
2.5619e-05
2.463e-05
2.35372e-05
2.23538e-05
2.10947e-05
1.97763e-05
1.8417e-05
1.7036e-05
1.56519e-05
1.42779e-05
1.29135e-05
1.154e-05
1.01349e-05
8.71561e-06
7.38839e-06
6.35265e-06
5.79106e-06
5.67036e-06
5.76043e-06
5.87366e-06
5.9465e-06
5.98125e-06
5.99453e-06
2.88876e-05
2.88465e-05
2.86958e-05
2.83904e-05
2.79277e-05
2.73171e-05
2.65689e-05
2.56933e-05
2.47017e-05
2.36059e-05
2.24193e-05
2.11567e-05
1.98346e-05
1.84713e-05
1.70863e-05
1.56983e-05
1.43211e-05
1.29547e-05
1.15806e-05
1.01756e-05
8.75476e-06
7.42153e-06
6.37432e-06
5.79948e-06
5.67037e-06
5.75811e-06
5.87183e-06
5.94556e-06
5.98087e-06
5.99441e-06
2.89705e-05
2.89297e-05
2.87797e-05
2.84748e-05
2.80124e-05
2.7402e-05
2.66536e-05
2.57777e-05
2.47853e-05
2.36885e-05
2.25005e-05
2.12361e-05
1.99117e-05
1.85456e-05
1.71574e-05
1.57659e-05
1.43853e-05
1.30165e-05
1.16414e-05
1.02359e-05
8.81241e-06
7.47046e-06
6.40653e-06
5.81187e-06
5.66983e-06
5.75399e-06
5.86859e-06
5.94386e-06
5.98017e-06
5.99418e-06
2.90875e-05
2.90463e-05
2.88955e-05
2.85896e-05
2.8126e-05
2.75143e-05
2.67645e-05
2.5887e-05
2.48928e-05
2.3794e-05
2.26037e-05
2.13366e-05
2.00091e-05
1.86394e-05
1.7247e-05
1.5851e-05
1.44657e-05
1.30929e-05
1.17151e-05
1.03078e-05
8.88031e-06
7.52786e-06
6.44446e-06
5.82657e-06
5.66912e-06
5.74891e-06
5.86457e-06
5.94174e-06
5.97929e-06
5.99389e-06
2.8637e-05
2.85926e-05
2.84353e-05
2.81225e-05
2.76532e-05
2.70371e-05
2.62844e-05
2.54055e-05
2.44117e-05
2.33153e-05
2.21295e-05
2.08695e-05
1.95517e-05
1.81944e-05
1.68169e-05
1.54372e-05
1.40672e-05
1.27041e-05
1.13277e-05
9.91893e-06
8.50603e-06
7.20996e-06
6.23703e-06
5.74918e-06
5.67492e-06
5.77695e-06
5.88628e-06
5.9531e-06
5.98395e-06
5.99544e-06
3.02323e-05
3.01937e-05
3.00449e-05
2.97343e-05
2.92569e-05
2.86226e-05
2.78418e-05
2.69253e-05
2.58846e-05
2.47324e-05
2.34824e-05
2.21502e-05
2.07535e-05
1.93121e-05
1.78479e-05
1.63838e-05
1.49401e-05
1.35255e-05
1.21249e-05
1.07017e-05
9.23982e-06
7.81251e-06
6.61825e-06
5.89509e-06
5.68309e-06
5.75134e-06
5.86781e-06
5.9451e-06
5.98144e-06
5.99486e-06
3.06548e-05
3.06195e-05
3.04781e-05
3.01757e-05
2.97054e-05
2.90766e-05
2.82997e-05
2.73855e-05
2.63454e-05
2.51918e-05
2.39382e-05
2.26003e-05
2.11952e-05
1.97429e-05
1.82652e-05
1.67856e-05
1.53264e-05
1.39008e-05
1.25004e-05
1.10892e-05
9.63518e-06
8.18049e-06
6.89556e-06
6.03176e-06
5.70383e-06
5.72812e-06
5.84486e-06
5.93243e-06
5.97622e-06
5.99315e-06
3.07592e-05
3.07235e-05
3.0581e-05
3.02773e-05
2.98053e-05
2.91747e-05
2.83959e-05
2.74795e-05
2.64369e-05
2.52806e-05
2.4024e-05
2.26826e-05
2.12738e-05
1.98173e-05
1.83349e-05
1.68503e-05
1.53859e-05
1.39556e-05
1.25518e-05
1.11392e-05
9.68427e-06
8.22534e-06
6.92947e-06
6.04903e-06
5.70694e-06
5.72559e-06
5.84222e-06
5.93096e-06
5.97562e-06
5.99296e-06
3.08752e-05
3.08388e-05
3.06946e-05
3.03887e-05
2.99145e-05
2.92816e-05
2.85004e-05
2.75815e-05
2.65364e-05
2.53773e-05
2.41179e-05
2.27734e-05
2.13612e-05
1.9901e-05
1.84147e-05
1.69259e-05
1.54571e-05
1.40231e-05
1.26171e-05
1.12043e-05
9.74937e-06
8.28611e-06
6.97668e-06
6.07397e-06
5.71178e-06
5.72189e-06
5.83812e-06
5.92861e-06
5.97463e-06
5.99262e-06
3.05335e-05
3.0494e-05
3.0343e-05
3.00293e-05
2.95482e-05
2.89095e-05
2.81236e-05
2.72013e-05
2.61542e-05
2.49946e-05
2.37365e-05
2.23954e-05
2.09888e-05
1.95365e-05
1.80606e-05
1.65843e-05
1.51287e-05
1.37047e-05
1.23e-05
1.08776e-05
9.41367e-06
7.96823e-06
6.72987e-06
5.94595e-06
5.68851e-06
5.74159e-06
5.8592e-06
5.94061e-06
5.97967e-06
5.99431e-06
3.13738e-05
3.13377e-05
3.11925e-05
3.08817e-05
3.03979e-05
2.97509e-05
2.89513e-05
2.80099e-05
2.69385e-05
2.57497e-05
2.44574e-05
2.30776e-05
2.16283e-05
2.01301e-05
1.86061e-05
1.70816e-05
1.55817e-05
1.41239e-05
1.27035e-05
1.12823e-05
9.81565e-06
8.33031e-06
6.99366e-06
6.07485e-06
5.71496e-06
5.73177e-06
5.84853e-06
5.93551e-06
5.97801e-06
5.99391e-06
3.18527e-05
3.182e-05
3.16825e-05
3.13807e-05
3.09047e-05
3.02639e-05
2.94689e-05
2.85305e-05
2.74601e-05
2.62701e-05
2.49744e-05
2.35885e-05
2.21302e-05
2.06197e-05
1.908e-05
1.75364e-05
1.60149e-05
1.45368e-05
1.31048e-05
1.1688e-05
1.02338e-05
8.7379e-06
7.32883e-06
6.26812e-06
5.76454e-06
5.71289e-06
5.82239e-06
5.92002e-06
5.97146e-06
5.99176e-06
3.19358e-05
3.19032e-05
3.17661e-05
3.14646e-05
3.09887e-05
3.03478e-05
2.95524e-05
2.86133e-05
2.75419e-05
2.63506e-05
2.50533e-05
2.36654e-05
2.22046e-05
2.06912e-05
1.91481e-05
1.76008e-05
1.60755e-05
1.45937e-05
1.31594e-05
1.17423e-05
1.02892e-05
8.79191e-06
7.3739e-06
6.29525e-06
5.77249e-06
5.71099e-06
5.8191e-06
5.91801e-06
5.97061e-06
5.99147e-06
3.20572e-05
3.20241e-05
3.18857e-05
3.15825e-05
3.11049e-05
3.04621e-05
2.96648e-05
2.87237e-05
2.76502e-05
2.64566e-05
2.51566e-05
2.37658e-05
2.23017e-05
2.07846e-05
1.92373e-05
1.76851e-05
1.61544e-05
1.46669e-05
1.32276e-05
1.18077e-05
1.03535e-05
8.85355e-06
7.42534e-06
6.32647e-06
5.78152e-06
5.70831e-06
5.81477e-06
5.91534e-06
5.96945e-06
5.99108e-06
3.16376e-05
3.16009e-05
3.14541e-05
3.1141e-05
3.06544e-05
3.00041e-05
2.92006e-05
2.82549e-05
2.71785e-05
2.5984e-05
2.46852e-05
2.32981e-05
2.18405e-05
2.0333e-05
1.87985e-05
1.72626e-05
1.57506e-05
1.42815e-05
1.28533e-05
1.14299e-05
9.96312e-06
8.46862e-06
7.10175e-06
6.13235e-06
5.7266e-06
5.72425e-06
5.84026e-06
5.93095e-06
5.97618e-06
5.99334e-06
3.1801e-05
3.17653e-05
3.16209e-05
3.13101e-05
3.08251e-05
3.01754e-05
2.93717e-05
2.84248e-05
2.73464e-05
2.61489e-05
2.48464e-05
2.34546e-05
2.19915e-05
2.04776e-05
1.89362e-05
1.73928e-05
1.58737e-05
1.43994e-05
1.29703e-05
1.15514e-05
1.00898e-05
8.59052e-06
7.19879e-06
6.1863e-06
5.74092e-06
5.72129e-06
5.83558e-06
5.92841e-06
5.97523e-06
5.99307e-06
3.2386e-05
3.23544e-05
3.22194e-05
3.19198e-05
3.14445e-05
3.08028e-05
3.00052e-05
2.90625e-05
2.79859e-05
2.67877e-05
2.54816e-05
2.4083e-05
2.26095e-05
2.10811e-05
1.95208e-05
1.79543e-05
1.64086e-05
1.49077e-05
1.34608e-05
1.20436e-05
1.05993e-05
9.09881e-06
7.63648e-06
6.46103e-06
5.82805e-06
5.70532e-06
5.80221e-06
5.90721e-06
5.96597e-06
5.98995e-06
3.24646e-05
3.24332e-05
3.22987e-05
3.19995e-05
3.15245e-05
3.08827e-05
3.00848e-05
2.91414e-05
2.80639e-05
2.68644e-05
2.55566e-05
2.41558e-05
2.26796e-05
2.1148e-05
1.95841e-05
1.80134e-05
1.64631e-05
1.49578e-05
1.35076e-05
1.20895e-05
1.06464e-05
9.14619e-06
7.67838e-06
6.48892e-06
5.83836e-06
5.7049e-06
5.79944e-06
5.90532e-06
5.96513e-06
5.98967e-06
3.25534e-05
3.25222e-05
3.2388e-05
3.20891e-05
3.16142e-05
3.09725e-05
3.01743e-05
2.92304e-05
2.81521e-05
2.69516e-05
2.56424e-05
2.42398e-05
2.27613e-05
2.1227e-05
1.96597e-05
1.80851e-05
1.65304e-05
1.50205e-05
1.35664e-05
1.21465e-05
1.07039e-05
9.20346e-06
7.72901e-06
6.52283e-06
5.85089e-06
5.70406e-06
5.79564e-06
5.90273e-06
5.96396e-06
5.98926e-06
3.26129e-05
3.25824e-05
3.24502e-05
3.21539e-05
3.16813e-05
3.10417e-05
3.02455e-05
2.93033e-05
2.82264e-05
2.7027e-05
2.57185e-05
2.43163e-05
2.28377e-05
2.13028e-05
1.97343e-05
1.81579e-05
1.66007e-05
1.50878e-05
1.3631e-05
1.22101e-05
1.07687e-05
9.2686e-06
7.7874e-06
6.56277e-06
5.86612e-06
5.70317e-06
5.79096e-06
5.89946e-06
5.96246e-06
5.98873e-06
3.22946e-05
3.22611e-05
3.21215e-05
3.18161e-05
3.13353e-05
3.06886e-05
2.98865e-05
2.89397e-05
2.78596e-05
2.66585e-05
2.53501e-05
2.39499e-05
2.24756e-05
2.09472e-05
1.93878e-05
1.78229e-05
1.62794e-05
1.47803e-05
1.33328e-05
1.19093e-05
1.04539e-05
8.94696e-06
7.49863e-06
6.36756e-06
5.79296e-06
5.70671e-06
5.812e-06
5.91409e-06
5.96914e-06
5.99106e-06
3.18195e-05
3.1784e-05
3.1641e-05
3.13338e-05
3.08548e-05
3.02133e-05
2.94199e-05
2.84851e-05
2.74202e-05
2.62375e-05
2.49506e-05
2.35746e-05
2.21269e-05
2.06275e-05
1.90986e-05
1.75649e-05
1.60519e-05
1.45802e-05
1.31532e-05
1.1741e-05
1.02917e-05
8.79861e-06
7.38337e-06
6.30248e-06
5.77287e-06
5.70649e-06
5.81433e-06
5.915e-06
5.9692e-06
5.99096e-06
3.23205e-05
3.22889e-05
3.21547e-05
3.18579e-05
3.13881e-05
3.07544e-05
2.99672e-05
2.90368e-05
2.79744e-05
2.6792e-05
2.55029e-05
2.41219e-05
2.26662e-05
2.11552e-05
1.9611e-05
1.80584e-05
1.65235e-05
1.50298e-05
1.35875e-05
1.21761e-05
1.07423e-05
9.25267e-06
7.78509e-06
6.56977e-06
5.87056e-06
5.69932e-06
5.7837e-06
5.89375e-06
5.95939e-06
5.98749e-06
3.23547e-05
3.23245e-05
3.21937e-05
3.19011e-05
3.14353e-05
3.08052e-05
3.00211e-05
2.90934e-05
2.80333e-05
2.68526e-05
2.55646e-05
2.41842e-05
2.27284e-05
2.12165e-05
1.96707e-05
1.81156e-05
1.65775e-05
1.50801e-05
1.36347e-05
1.22218e-05
1.07886e-05
9.29915e-06
7.82692e-06
6.59879e-06
5.88222e-06
5.69928e-06
5.78065e-06
5.89152e-06
5.95835e-06
5.98712e-06
3.23979e-05
3.23686e-05
3.224e-05
3.19504e-05
3.14874e-05
3.08598e-05
3.0078e-05
2.91523e-05
2.8094e-05
2.69147e-05
2.56279e-05
2.42482e-05
2.27926e-05
2.12806e-05
1.97341e-05
1.81778e-05
1.6638e-05
1.51388e-05
1.36919e-05
1.22793e-05
1.08482e-05
9.36023e-06
7.88299e-06
6.63877e-06
5.899e-06
5.69955e-06
5.77628e-06
5.88818e-06
5.95673e-06
5.98652e-06
3.21185e-05
3.20861e-05
3.19501e-05
3.16513e-05
3.11798e-05
3.0545e-05
2.97571e-05
2.88267e-05
2.77648e-05
2.65834e-05
2.5296e-05
2.39175e-05
2.24648e-05
2.09576e-05
1.94179e-05
1.78702e-05
1.63405e-05
1.48511e-05
1.34099e-05
1.19927e-05
1.05469e-05
9.05048e-06
7.60093e-06
6.44156e-06
5.81859e-06
5.69833e-06
5.79623e-06
5.90318e-06
5.9639e-06
5.98912e-06
3.0961e-05
3.09246e-05
3.07817e-05
3.04802e-05
3.0014e-05
2.93925e-05
2.86257e-05
2.77241e-05
2.66985e-05
2.55607e-05
2.43238e-05
2.30025e-05
2.16132e-05
2.01745e-05
1.87072e-05
1.72338e-05
1.57762e-05
1.43504e-05
1.29547e-05
1.15594e-05
1.01238e-05
8.6578e-06
7.28888e-06
6.25814e-06
5.75748e-06
5.69659e-06
5.80439e-06
5.90746e-06
5.96502e-06
5.98919e-06
3.14679e-05
3.14353e-05
3.1301e-05
3.10094e-05
3.05519e-05
2.99377e-05
2.91766e-05
2.82788e-05
2.72551e-05
2.6117e-05
2.48773e-05
2.35502e-05
2.21518e-05
2.07006e-05
1.9217e-05
1.77236e-05
1.62437e-05
1.47966e-05
1.33878e-05
1.1995e-05
1.0573e-05
9.10517e-06
7.67942e-06
6.51543e-06
5.85135e-06
5.68902e-06
5.77297e-06
5.88489e-06
5.95414e-06
5.98513e-06
3.14801e-05
3.14492e-05
3.13191e-05
3.10325e-05
3.05799e-05
2.997e-05
2.92128e-05
2.83186e-05
2.72979e-05
2.61624e-05
2.49247e-05
2.35992e-05
2.22018e-05
2.0751e-05
1.92673e-05
1.77732e-05
1.62922e-05
1.48439e-05
1.34343e-05
1.2042e-05
1.06216e-05
9.15398e-06
7.72285e-06
6.54528e-06
5.86336e-06
5.68898e-06
5.76967e-06
5.88238e-06
5.95291e-06
5.98467e-06
3.15189e-05
3.14892e-05
3.1362e-05
3.10793e-05
3.06302e-05
3.00237e-05
2.92696e-05
2.83781e-05
2.73598e-05
2.62263e-05
2.49903e-05
2.36658e-05
2.22691e-05
2.08182e-05
1.93337e-05
1.7838e-05
1.63546e-05
1.49033e-05
1.3491e-05
1.20973e-05
1.06772e-05
9.20917e-06
7.77232e-06
6.57993e-06
5.87763e-06
5.68884e-06
5.76541e-06
5.87908e-06
5.95124e-06
5.98402e-06
3.12175e-05
3.11844e-05
3.10489e-05
3.07562e-05
3.02982e-05
2.9684e-05
2.89235e-05
2.8027e-05
2.70052e-05
2.58697e-05
2.46332e-05
2.33101e-05
2.19166e-05
2.04707e-05
1.89931e-05
1.75059e-05
1.60315e-05
1.45873e-05
1.31752e-05
1.17695e-05
1.03289e-05
8.85259e-06
7.45127e-06
6.35801e-06
5.78737e-06
5.68733e-06
5.78857e-06
5.89712e-06
5.96024e-06
5.98746e-06
2.92399e-05
2.92013e-05
2.90581e-05
2.87652e-05
2.83197e-05
2.77306e-05
2.70075e-05
2.61601e-05
2.51991e-05
2.41356e-05
2.29819e-05
2.17517e-05
2.04602e-05
1.91243e-05
1.77624e-05
1.63933e-05
1.50335e-05
1.36906e-05
1.23542e-05
1.09964e-05
9.59924e-06
8.20705e-06
6.9658e-06
6.09179e-06
5.70977e-06
5.69377e-06
5.8056e-06
5.90576e-06
5.96272e-06
5.98774e-06
2.99303e-05
2.9896e-05
2.97615e-05
2.94783e-05
2.90409e-05
2.84579e-05
2.7739e-05
2.68937e-05
2.59322e-05
2.48655e-05
2.37056e-05
2.24657e-05
2.11606e-05
1.98068e-05
1.84224e-05
1.70266e-05
1.56375e-05
1.42669e-05
1.29117e-05
1.15482e-05
1.01478e-05
8.72496e-06
7.38936e-06
6.3484e-06
5.78948e-06
5.67424e-06
5.76623e-06
5.87819e-06
5.94905e-06
5.98237e-06
2.99513e-05
2.99181e-05
2.97863e-05
2.95062e-05
2.90716e-05
2.84912e-05
2.77744e-05
2.69309e-05
2.59708e-05
2.49052e-05
2.37459e-05
2.25062e-05
2.12009e-05
1.98466e-05
1.84614e-05
1.70646e-05
1.56745e-05
1.43035e-05
1.29492e-05
1.15878e-05
1.019e-05
8.76733e-06
7.42638e-06
6.37315e-06
5.79925e-06
5.67427e-06
5.76353e-06
5.87604e-06
5.94793e-06
5.98192e-06
3.00313e-05
2.99982e-05
2.98668e-05
2.9587e-05
2.91525e-05
2.8572e-05
2.78549e-05
2.70109e-05
2.60501e-05
2.49833e-05
2.38226e-05
2.25811e-05
2.12736e-05
1.99166e-05
1.85282e-05
1.71279e-05
1.5734e-05
1.43595e-05
1.30026e-05
1.16402e-05
1.02421e-05
8.81744e-06
7.46902e-06
6.40111e-06
5.80982e-06
5.67366e-06
5.75993e-06
5.87327e-06
5.9465e-06
5.98134e-06
3.00602e-05
3.00288e-05
2.99011e-05
2.9626e-05
2.91959e-05
2.86194e-05
2.79061e-05
2.70655e-05
2.61077e-05
2.50436e-05
2.38851e-05
2.26454e-05
2.13392e-05
1.99828e-05
1.85945e-05
1.71934e-05
1.57982e-05
1.44221e-05
1.30638e-05
1.17011e-05
1.03031e-05
8.87641e-06
7.51966e-06
6.43476e-06
5.82266e-06
5.6727e-06
5.75518e-06
5.86957e-06
5.94456e-06
5.98055e-06
2.98085e-05
2.97744e-05
2.96405e-05
2.93582e-05
2.8922e-05
2.83406e-05
2.76235e-05
2.67803e-05
2.58213e-05
2.47573e-05
2.36002e-05
2.23634e-05
2.10616e-05
1.97112e-05
1.83301e-05
1.69372e-05
1.55501e-05
1.41798e-05
1.28217e-05
1.14517e-05
1.00442e-05
8.62026e-06
7.2976e-06
6.28682e-06
5.76467e-06
5.67331e-06
5.77225e-06
5.88319e-06
5.9517e-06
5.98346e-06
2.72201e-05
2.7178e-05
2.7034e-05
2.67529e-05
2.63344e-05
2.57871e-05
2.51197e-05
2.43413e-05
2.34615e-05
2.24904e-05
2.14393e-05
2.03201e-05
1.91461e-05
1.79313e-05
1.66902e-05
1.54359e-05
1.41768e-05
1.29114e-05
1.1627e-05
1.03103e-05
8.97566e-06
7.69813e-06
6.62638e-06
5.93159e-06
5.66669e-06
5.68861e-06
5.80208e-06
5.8999e-06
5.95766e-06
5.9848e-06
2.78071e-05
2.7769e-05
2.76326e-05
2.73594e-05
2.69475e-05
2.64053e-05
2.57413e-05
2.49646e-05
2.40846e-05
2.31113e-05
2.20554e-05
2.0929e-05
1.97449e-05
1.85171e-05
1.72604e-05
1.59887e-05
1.47127e-05
1.34346e-05
1.21446e-05
1.08258e-05
9.47734e-06
8.15018e-06
6.97146e-06
6.12114e-06
5.71347e-06
5.66296e-06
5.76434e-06
5.87339e-06
5.94381e-06
5.97892e-06
2.78446e-05
2.78075e-05
2.76732e-05
2.74023e-05
2.69924e-05
2.64518e-05
2.57893e-05
2.50137e-05
2.41343e-05
2.31613e-05
2.21053e-05
2.09783e-05
1.97933e-05
1.85641e-05
1.73057e-05
1.60321e-05
1.47543e-05
1.34752e-05
1.2185e-05
1.08668e-05
9.51835e-06
8.18841e-06
7.00208e-06
6.13948e-06
5.71941e-06
5.66186e-06
5.76159e-06
5.87131e-06
5.9427e-06
5.97845e-06
2.78803e-05
2.78441e-05
2.77119e-05
2.74432e-05
2.70355e-05
2.64969e-05
2.58361e-05
2.5062e-05
2.4184e-05
2.32121e-05
2.21571e-05
2.10308e-05
1.98462e-05
1.86173e-05
1.73588e-05
1.60852e-05
1.48074e-05
1.35286e-05
1.22396e-05
1.09229e-05
9.57501e-06
8.24174e-06
7.0454e-06
6.16588e-06
5.72805e-06
5.66e-06
5.75712e-06
5.86785e-06
5.9408e-06
5.9776e-06
2.76395e-05
2.76009e-05
2.74637e-05
2.71896e-05
2.67773e-05
2.62349e-05
2.55711e-05
2.47948e-05
2.39154e-05
2.29428e-05
2.18879e-05
2.07624e-05
1.95794e-05
1.83529e-05
1.70977e-05
1.58276e-05
1.45531e-05
1.32755e-05
1.19843e-05
1.06637e-05
9.31765e-06
8.00421e-06
6.85716e-06
6.05461e-06
5.69295e-06
5.66753e-06
5.77445e-06
5.88092e-06
5.94782e-06
5.98064e-06
2.47468e-05
2.46932e-05
2.45403e-05
2.42674e-05
2.38767e-05
2.33754e-05
2.27714e-05
2.20724e-05
2.12871e-05
2.04241e-05
1.9493e-05
1.85034e-05
1.74656e-05
1.63893e-05
1.52826e-05
1.41504e-05
1.29925e-05
1.18039e-05
1.05819e-05
9.3406e-06
8.12937e-06
7.04548e-06
6.22173e-06
5.75964e-06
5.63263e-06
5.69561e-06
5.8075e-06
5.89849e-06
5.95391e-06
5.98181e-06
2.53396e-05
2.52911e-05
2.51456e-05
2.48788e-05
2.44924e-05
2.39934e-05
2.33896e-05
2.26889e-05
2.18994e-05
2.103e-05
2.00899e-05
1.9089e-05
1.80376e-05
1.69461e-05
1.5824e-05
1.4678e-05
1.35101e-05
1.23165e-05
1.10914e-05
9.83916e-06
8.59338e-06
7.43414e-06
6.48821e-06
5.88337e-06
5.6474e-06
5.66278e-06
5.77017e-06
5.87235e-06
5.9395e-06
5.97515e-06
2.5375e-05
2.53274e-05
2.51831e-05
2.49176e-05
2.45322e-05
2.40341e-05
2.34309e-05
2.27306e-05
2.19414e-05
2.10721e-05
2.01319e-05
1.91307e-05
1.80789e-05
1.6987e-05
1.58644e-05
1.47182e-05
1.35504e-05
1.23574e-05
1.1133e-05
9.88076e-06
8.63299e-06
7.46827e-06
6.51273e-06
5.89596e-06
5.65019e-06
5.66085e-06
5.76742e-06
5.87034e-06
5.93838e-06
5.97463e-06
2.54513e-05
2.54043e-05
2.52612e-05
2.49966e-05
2.46119e-05
2.41142e-05
2.35111e-05
2.28106e-05
2.20209e-05
2.11506e-05
2.02091e-05
1.92062e-05
1.81522e-05
1.70575e-05
1.59318e-05
1.47823e-05
1.36115e-05
1.24158e-05
1.11893e-05
9.93476e-06
8.68312e-06
7.51106e-06
6.5435e-06
5.91173e-06
5.65336e-06
5.65777e-06
5.76327e-06
5.86726e-06
5.93662e-06
5.97379e-06
2.51697e-05
2.51188e-05
2.49698e-05
2.47003e-05
2.43119e-05
2.38117e-05
2.32074e-05
2.25067e-05
2.17178e-05
2.08494e-05
1.99106e-05
1.89111e-05
1.78609e-05
1.677e-05
1.56471e-05
1.44982e-05
1.33245e-05
1.21222e-05
1.0888e-05
9.63116e-06
8.39288e-06
7.26078e-06
6.3645e-06
5.82123e-06
5.63479e-06
5.67347e-06
5.78455e-06
5.88281e-06
5.94535e-06
5.97787e-06
2.17829e-05
2.16973e-05
2.15186e-05
2.12446e-05
2.08777e-05
2.04225e-05
1.98848e-05
1.92709e-05
1.85874e-05
1.78412e-05
1.70392e-05
1.61881e-05
1.52935e-05
1.43598e-05
1.33889e-05
1.23804e-05
1.13346e-05
1.02566e-05
9.16523e-06
8.10194e-06
7.13668e-06
6.36207e-06
5.86034e-06
5.64505e-06
5.63825e-06
5.72659e-06
5.82763e-06
5.90531e-06
5.95389e-06
5.97999e-06
2.2602e-05
2.2523e-05
2.23515e-05
2.20826e-05
2.17179e-05
2.12622e-05
2.07212e-05
2.01011e-05
1.94085e-05
1.86502e-05
1.78331e-05
1.69641e-05
1.60496e-05
1.50948e-05
1.41028e-05
1.30745e-05
1.20094e-05
1.09094e-05
9.78586e-06
8.6689e-06
7.61622e-06
6.71472e-06
6.06145e-06
5.71075e-06
5.62165e-06
5.68167e-06
5.78551e-06
5.87615e-06
5.93704e-06
5.97155e-06
2.26334e-05
2.25551e-05
2.23844e-05
2.21161e-05
2.17518e-05
2.12963e-05
2.07553e-05
2.0135e-05
1.94421e-05
1.86834e-05
1.78659e-05
1.69966e-05
1.60818e-05
1.51268e-05
1.4135e-05
1.31071e-05
1.20427e-05
1.09432e-05
9.81952e-06
8.70096e-06
7.64447e-06
6.73654e-06
6.07491e-06
5.71615e-06
5.62176e-06
5.67971e-06
5.78346e-06
5.8747e-06
5.93621e-06
5.97114e-06
2.26752e-05
2.25975e-05
2.24274e-05
2.21595e-05
2.17955e-05
2.134e-05
2.07988e-05
2.01783e-05
1.94849e-05
1.87257e-05
1.79075e-05
1.70374e-05
1.61218e-05
1.51661e-05
1.41737e-05
1.31454e-05
1.20808e-05
1.0981e-05
9.85651e-06
8.73585e-06
7.67516e-06
6.76039e-06
6.08977e-06
5.72217e-06
5.62179e-06
5.6773e-06
5.78088e-06
5.87282e-06
5.93509e-06
5.97057e-06
2.27527e-05
2.26757e-05
2.25065e-05
2.22392e-05
2.18756e-05
2.14203e-05
2.08791e-05
2.02583e-05
1.95644e-05
1.88043e-05
1.79851e-05
1.71136e-05
1.61964e-05
1.52389e-05
1.42445e-05
1.32143e-05
1.21477e-05
1.10457e-05
9.91819e-06
8.79279e-06
7.72449e-06
6.7984e-06
6.11344e-06
5.7318e-06
5.62183e-06
5.67335e-06
5.77663e-06
5.86969e-06
5.93321e-06
5.9696e-06
2.24254e-05
2.23441e-05
2.21703e-05
2.18999e-05
2.15347e-05
2.10794e-05
2.05396e-05
1.99215e-05
1.92316e-05
1.84765e-05
1.76632e-05
1.67984e-05
1.58882e-05
1.49373e-05
1.39486e-05
1.29227e-05
1.18593e-05
1.07613e-05
9.64215e-06
8.53473e-06
7.49986e-06
6.62615e-06
6.00792e-06
5.6903e-06
5.62259e-06
5.69082e-06
5.79481e-06
5.88275e-06
5.94089e-06
5.97349e-06
2.01033e-05
2.0011e-05
1.98302e-05
1.95645e-05
1.92179e-05
1.87947e-05
1.82997e-05
1.77378e-05
1.71141e-05
1.64335e-05
1.57008e-05
1.492e-05
1.40942e-05
1.32255e-05
1.23156e-05
1.1367e-05
1.03866e-05
9.38978e-06
8.4063e-06
7.4844e-06
6.69071e-06
6.09705e-06
5.7475e-06
5.62323e-06
5.64815e-06
5.73632e-06
5.82943e-06
5.90181e-06
5.94906e-06
5.97609e-06
2.07355e-05
2.06447e-05
2.04656e-05
2.02011e-05
1.98547e-05
1.94304e-05
1.8933e-05
1.83672e-05
1.77384e-05
1.70514e-05
1.63112e-05
1.55223e-05
1.4688e-05
1.38109e-05
1.28924e-05
1.19341e-05
1.09401e-05
9.92148e-06
8.90127e-06
7.92033e-06
7.03987e-06
6.335e-06
5.86906e-06
5.6525e-06
5.62616e-06
5.69839e-06
5.79501e-06
5.87738e-06
5.93421e-06
5.96813e-06
2.07794e-05
2.06887e-05
2.05098e-05
2.02454e-05
1.98989e-05
1.94743e-05
1.89765e-05
1.84102e-05
1.77807e-05
1.7093e-05
1.63521e-05
1.55625e-05
1.47276e-05
1.385e-05
1.29312e-05
1.19726e-05
1.09783e-05
9.95864e-06
8.93638e-06
7.95175e-06
7.06556e-06
6.35307e-06
5.87885e-06
5.65547e-06
5.62518e-06
5.69607e-06
5.79284e-06
5.87584e-06
5.9333e-06
5.96765e-06
2.07713e-05
2.06814e-05
2.0504e-05
2.02414e-05
1.98968e-05
1.94744e-05
1.89787e-05
1.84146e-05
1.77872e-05
1.71016e-05
1.63627e-05
1.5575e-05
1.47421e-05
1.38664e-05
1.29494e-05
1.19926e-05
1.09998e-05
9.98121e-06
8.95915e-06
7.97338e-06
7.08428e-06
6.367e-06
5.88687e-06
5.65811e-06
5.62439e-06
5.69394e-06
5.7907e-06
5.87423e-06
5.93227e-06
5.96708e-06
2.05424e-05
2.04507e-05
2.02704e-05
2.00048e-05
1.96576e-05
1.92329e-05
1.87357e-05
1.81708e-05
1.75435e-05
1.68588e-05
1.61217e-05
1.53364e-05
1.45066e-05
1.36345e-05
1.27216e-05
1.17695e-05
1.07829e-05
9.77358e-06
8.76586e-06
7.8022e-06
6.94515e-06
6.26933e-06
5.83391e-06
5.64222e-06
5.63036e-06
5.70763e-06
5.80384e-06
5.88381e-06
5.9382e-06
5.9703e-06
0
0
0
0
0
0
0
0
0
0
0
0
0
0
0
0
0
0
0
0
0
0
0
0
0
0
0
0
0
0
0
0
0
0
0
0
0
0
0
0
0
0
0
0
0
0
0
0
0
0
0
0
0
0
0
0
0
0
0
0
0
0
0
0
0
0
0
0
0
0
0
0
0
0
0
0
0
0
0
0
0
0
0
0
0
0
0
0
0
0
0
0
0
0
0
0
0
0
0
0
0
0
0
0
0
0
0
0
0
0
0
0
0
0
0
0
0
0
0
0
0
0
0
0
0
0
0
0
0
0
0
0
0
0
0
0
0
0
0
0
0
0
0
0
0
0
0
0
0
0
0
0
0
0
0
0
0
0
0
0
0
0
0
0
0
0
0
0
0
0
0
0
0
0
0
0
0
0
0
0
0
0
0
0
0
0
0
0
0
0
0
0
0
0
0
0
0
0
0
0
0
0
0
0
0
0
0
0
0
0
0
0
0
0
0
0
0
0
0
0
0
0
0
0
0
0
0
0
0
0
0
0
0
0
0
0
0
0
0
0
0
0
0
0
0
0
0
0
0
0
0
0
0
0
0
0
0
0
0
0
0
0
0
0
0
0
0
0
0
0
0
0
0
0
0
0
0
0
0
0
0
0
0
0
0
0
0
0
0
0
0
0
0
0
0
0
0
0
0
0
0
0
0
0
0
0
0
0
0
0
0
0
0
0
0
0
0
0
0
0
0
0
0
0
0
0
0
0
0
0
0
0
0
0
0
0
0
0
0
0
0
0
0
0
0
0
0
0
0
0
0
0
0
0
0
0
0
0
0
0
0
0
0
0
0
0
0
0
0
0
0
0
0
0
0
0
0
0
0
0
0
0
0
0
0
0
0
0
0
0
0
0
0
0
0
0
0
0
0
0
0
0
0
0
0
0
0
0
0
0
0
0
0
0
0
0
0
0
0
0
0
0
0
0
0
0
0
0
0
0
0
0
0
0
0
0
0
0
0
0
0
0
0
0
0
0
0
0
0
0
0
0
0
0
0
0
0
0
0
0
0
0
0
0
0
0
0
0
0
0
0
0
0
0
0
0
0
0
0
0
0
0
0
0
0
0
0
0
0
0
0
0
0
0
0
0
0
0
0
0
0
0
0
0
0
0
0
0
0
0
0
0
0
0
0
0
0
0
0
0
0
0
0
0
0
0
0
0
0
0
0
0
0
0
0
0
0
0
0
0
0
0
0
0
0
0
0
0
0
0
0
0
0
0
0
0
0
0
0
0
0
0
0
0
0
0
0
0
0
0
0
0
0
0
0
0
0
0
0
0
0
0
0
0
0
0
0
0
0
0
0
0
0
0
0
0
0
0
0
0
0
0
0
0
0
0
0
0
0
0
0
0
0
0
0
0
0
0
0
0
0
0
0
0
0
0
0
0
0
0
0
0
0
0
0
0
0
0
0
0
0
0
0
0
0
0
0
0
0
0
0
0
0
0
0
0
0
0
0
0
0
0
0
0
0
0
0
0
0
0
0
0
0
0
0
0
0
0
0
0
0
0
0
0
0
0
0
0
0
0
0
0
0
0
0
0
0
0
0
0
0
0
0
0
0
0
0
0
0
0
0
0
0
0
0
0
0
0
0
0
0
0
0
0
0
0
0
0
0
0
0
0
0
0
0
0
0
0
0
0
0
0
0
0
0
0
0
0
0
0
0
0
0
0
0
0
0
0
0
0
0
0
0
0
0
0
0
0
0
0
0
0
0
0
0
0
0
0
0
0
0
0
0
0
0
0
0
0
0
0
0
0
0
0
0
0
0
0
0
0
0
0
0
0
0
0
0
0
0
0
0
0
0
0
0
0
0
0
0
0
0
0
0
0
0
0
0
0
0
0
0
0
0
0
0
0
0
0
0
0
0
0
0
0
0
0
0
0
0
0
0
0
0
0
0
0
0
0
0
0
0
0
0
0
0
0
0
0
0
0
0
0
0
0
0
0
0
0
0
0
0
0
0
0
0
0
0
0
0
0
0
0
0
0
0
0
0
0
0
0
0
0
0
0
0
0
0
0
0
0
0
0
0
0
0
0
0
0
0
0
0
0
0
0
0
0
0
0
0
0
0
0
0
0
0
0
0
0
0
0
0
0
0
0
0
0
0
0
0
0
0
0
0
0
0
0
0
0
0
0
0
0
0
0
0
0
0
0
0
0
0
0
0
0
0
0
0
0
0
0
0
0
0
0
0
0
0
0
0
0
0
0
0
0
0
0
0
0
0
0
0
0
0
0
0
0
0
0
0
0
0
0
0
0
0
0
0
0
0
0
0
0
0
0
0
0
0
0
0
0
0
0
0
0
0
0
0
0
0
0
0
0
0
0
0
0
0
0
0
0
0
0
0
0
0
0
0
0
0
0
0
0
0
0
0
0
0
0
0
0
0
0
0
0
0
0
0
0
0
0
0
0
0
0
0
0
0
0
0
0
0
0
0
0
0
0
0
0
0
0
0
0
0
0
0
0
0
0
0
0
0
0
0
0
0
0
0
0
0
0
0
0
0
0
0
0
0
0
0
0
0
0
0
0
0
0
0
0
0
0
0
0
0
0
0
0
0
0
0
0
0
0
0
0
0
0
0
0
0
0
0
0
0
0
0
0
0
0
0
0
0
0
0
0
0
0
0
0
0
0
0
0
0
0
0
0
0
0
0
0
0
0
0
0
0
0
0
0
0
0
0
0
0
0
0
0
0
0
0
0
0
0
0
0
0
0
0
0
0
0
0
0
0
0
0
0
0
0
0
0
0
0
0
0
0
0
0
0
0
0
0
0
0
0
0
0
0
0
0
0
0
0
0
0
0
0
0
0
0
0
0
0
0
0
0
0
0
0
0
0
0
0
0
0
0
0
0
0
0
0
0
0
0
0
0
0
0
0
0
0
0
0
0
0
0
0
0
0
0
0
0
0
0
0
0
0
0
0
0
0
0
0
0
0
0
0
0
0
0
0
0
0
0
0
0
0
0
0
0
0
0
0
0
0
0
0
0
0
0
0
0
0
0
0
0
0
0
0
0
0
0
0
0
0
0
0
0
0
0
0
0
0
0
0
0
0
0
0
0
0
0
0
0
0
0
0
0
0
0
0
0
0
0
0
0
0
0
0
0
0
0
0
0
0
0
0
0
0
0
0
0
0
0
0
0
0
0
0
0
0
0
0
0
0
0
0
0
0
0
0
)
;

boundaryField
{
    fuelBottom
    {
        type            empty;
    }
    fuelTop_1
    {
        type            empty;
    }
    fuelOuter
    {
        type            zeroGradient;
    }
    fuelTop
    {
        type            empty;
    }
    fuelInner
    {
        type            zeroGradient;
    }
    cladBottom
    {
        type            empty;
    }
    cladInner
    {
        type            zeroGradient;
    }
    cladOuter
    {
        type            zeroGradient;
    }
    cladTop
    {
        type            empty;
    }
    front
    {
        type            wedge;
    }
    back
    {
        type            wedge;
    }
}


// ************************************************************************* //
