/*--------------------------------*- C++ -*----------------------------------*\
| =========                 |                                                 |
| \\      /  F ield         | OpenFOAM: The Open Source CFD Toolbox           |
|  \\    /   O peration     | Version:  2412                                  |
|   \\  /    A nd           | Website:  www.openfoam.com                      |
|    \\/     M anipulation  |                                                 |
\*---------------------------------------------------------------------------*/
FoamFile
{
    version     2.0;
    format      ascii;
    arch        "LSB;label=32;scalar=64";
    class       volScalarField;
    location    "25888284.641197/fuelBehaviourRegion";
    object      lambda;
}
// * * * * * * * * * * * * * * * * * * * * * * * * * * * * * * * * * * * * * //

dimensions      [1 -1 -2 0 0 0 0];

internalField   nonuniform List<scalar> 
4720
(
1.21544e+11
1.21545e+11
1.21548e+11
1.21553e+11
1.21559e+11
1.21567e+11
1.21576e+11
1.21587e+11
1.216e+11
1.21614e+11
1.2163e+11
1.21647e+11
1.21665e+11
1.21686e+11
1.21707e+11
1.21731e+11
1.21756e+11
1.21782e+11
1.2181e+11
1.21839e+11
1.2187e+11
1.21902e+11
1.21936e+11
1.21971e+11
1.22008e+11
1.22046e+11
1.22085e+11
1.22126e+11
1.22168e+11
1.22212e+11
1.21539e+11
1.2154e+11
1.21543e+11
1.21548e+11
1.21554e+11
1.21562e+11
1.21571e+11
1.21582e+11
1.21595e+11
1.21609e+11
1.21624e+11
1.21641e+11
1.2166e+11
1.2168e+11
1.21702e+11
1.21726e+11
1.2175e+11
1.21777e+11
1.21804e+11
1.21834e+11
1.21865e+11
1.21897e+11
1.21931e+11
1.21966e+11
1.22002e+11
1.2204e+11
1.2208e+11
1.22121e+11
1.22163e+11
1.22207e+11
1.2153e+11
1.21531e+11
1.21534e+11
1.21539e+11
1.21545e+11
1.21553e+11
1.21562e+11
1.21573e+11
1.21586e+11
1.216e+11
1.21615e+11
1.21632e+11
1.21651e+11
1.21671e+11
1.21693e+11
1.21716e+11
1.21741e+11
1.21768e+11
1.21795e+11
1.21825e+11
1.21855e+11
1.21888e+11
1.21921e+11
1.21957e+11
1.21993e+11
1.22031e+11
1.22071e+11
1.22112e+11
1.22154e+11
1.22197e+11
1.21526e+11
1.21528e+11
1.21531e+11
1.21535e+11
1.21542e+11
1.2155e+11
1.21559e+11
1.2157e+11
1.21582e+11
1.21596e+11
1.21612e+11
1.21629e+11
1.21648e+11
1.21668e+11
1.2169e+11
1.21713e+11
1.21738e+11
1.21765e+11
1.21792e+11
1.21822e+11
1.21852e+11
1.21885e+11
1.21918e+11
1.21954e+11
1.2199e+11
1.22028e+11
1.22068e+11
1.22109e+11
1.22151e+11
1.22195e+11
1.21523e+11
1.21525e+11
1.21528e+11
1.21532e+11
1.21539e+11
1.21547e+11
1.21556e+11
1.21567e+11
1.2158e+11
1.21594e+11
1.21609e+11
1.21626e+11
1.21645e+11
1.21665e+11
1.21687e+11
1.21711e+11
1.21735e+11
1.21762e+11
1.2179e+11
1.21819e+11
1.2185e+11
1.21882e+11
1.21916e+11
1.21951e+11
1.21988e+11
1.22026e+11
1.22065e+11
1.22106e+11
1.22149e+11
1.22192e+11
1.21512e+11
1.21513e+11
1.21516e+11
1.21521e+11
1.21527e+11
1.21535e+11
1.21545e+11
1.21556e+11
1.21569e+11
1.21583e+11
1.21599e+11
1.21617e+11
1.21636e+11
1.21656e+11
1.21678e+11
1.21702e+11
1.21727e+11
1.21754e+11
1.21782e+11
1.21812e+11
1.21843e+11
1.21876e+11
1.21911e+11
1.21946e+11
1.21984e+11
1.22022e+11
1.22062e+11
1.22104e+11
1.22147e+11
1.22191e+11
1.21349e+11
1.2135e+11
1.21353e+11
1.21359e+11
1.21366e+11
1.21374e+11
1.21385e+11
1.21397e+11
1.21411e+11
1.21426e+11
1.21443e+11
1.21462e+11
1.21483e+11
1.21506e+11
1.2153e+11
1.21555e+11
1.21583e+11
1.21612e+11
1.21643e+11
1.21675e+11
1.21709e+11
1.21745e+11
1.21782e+11
1.21821e+11
1.21862e+11
1.21904e+11
1.21947e+11
1.21992e+11
1.22039e+11
1.22087e+11
1.21309e+11
1.21311e+11
1.21314e+11
1.21319e+11
1.21326e+11
1.21335e+11
1.21345e+11
1.21358e+11
1.21372e+11
1.21387e+11
1.21405e+11
1.21424e+11
1.21445e+11
1.21468e+11
1.21492e+11
1.21518e+11
1.21546e+11
1.21575e+11
1.21607e+11
1.21639e+11
1.21674e+11
1.2171e+11
1.21747e+11
1.21787e+11
1.21828e+11
1.2187e+11
1.21914e+11
1.2196e+11
1.22007e+11
1.22056e+11
1.21301e+11
1.21303e+11
1.21306e+11
1.21311e+11
1.21318e+11
1.21327e+11
1.21338e+11
1.2135e+11
1.21364e+11
1.2138e+11
1.21398e+11
1.21417e+11
1.21438e+11
1.21461e+11
1.21485e+11
1.21511e+11
1.21539e+11
1.21569e+11
1.216e+11
1.21633e+11
1.21667e+11
1.21703e+11
1.21741e+11
1.21781e+11
1.21822e+11
1.21864e+11
1.21908e+11
1.21954e+11
1.22001e+11
1.2205e+11
1.21298e+11
1.21299e+11
1.21303e+11
1.21308e+11
1.21315e+11
1.21324e+11
1.21335e+11
1.21347e+11
1.21361e+11
1.21377e+11
1.21394e+11
1.21414e+11
1.21435e+11
1.21457e+11
1.21482e+11
1.21508e+11
1.21536e+11
1.21565e+11
1.21597e+11
1.2163e+11
1.21664e+11
1.217e+11
1.21738e+11
1.21778e+11
1.21819e+11
1.21861e+11
1.21906e+11
1.21951e+11
1.21999e+11
1.22048e+11
1.21291e+11
1.21293e+11
1.21296e+11
1.21301e+11
1.21309e+11
1.21317e+11
1.21328e+11
1.2134e+11
1.21354e+11
1.2137e+11
1.21388e+11
1.21407e+11
1.21428e+11
1.21451e+11
1.21476e+11
1.21502e+11
1.2153e+11
1.2156e+11
1.21591e+11
1.21624e+11
1.21659e+11
1.21695e+11
1.21733e+11
1.21773e+11
1.21814e+11
1.21856e+11
1.21901e+11
1.21947e+11
1.21994e+11
1.22043e+11
1.21248e+11
1.2125e+11
1.21254e+11
1.21259e+11
1.21266e+11
1.21275e+11
1.21286e+11
1.21299e+11
1.21314e+11
1.2133e+11
1.21349e+11
1.21369e+11
1.21391e+11
1.21414e+11
1.2144e+11
1.21467e+11
1.21496e+11
1.21526e+11
1.21559e+11
1.21593e+11
1.21629e+11
1.21666e+11
1.21705e+11
1.21746e+11
1.21789e+11
1.21833e+11
1.21879e+11
1.21926e+11
1.21975e+11
1.22026e+11
1.2082e+11
1.20822e+11
1.20827e+11
1.20833e+11
1.20842e+11
1.20853e+11
1.20866e+11
1.20882e+11
1.20899e+11
1.20919e+11
1.20941e+11
1.20965e+11
1.20992e+11
1.2102e+11
1.21051e+11
1.21084e+11
1.21118e+11
1.21155e+11
1.21195e+11
1.21236e+11
1.21279e+11
1.21324e+11
1.21371e+11
1.21421e+11
1.21472e+11
1.21525e+11
1.21581e+11
1.21638e+11
1.21697e+11
1.21758e+11
1.20743e+11
1.20745e+11
1.20749e+11
1.20756e+11
1.20765e+11
1.20776e+11
1.2079e+11
1.20806e+11
1.20824e+11
1.20844e+11
1.20867e+11
1.20892e+11
1.20919e+11
1.20948e+11
1.2098e+11
1.21013e+11
1.21049e+11
1.21087e+11
1.21127e+11
1.21169e+11
1.21214e+11
1.2126e+11
1.21309e+11
1.21359e+11
1.21412e+11
1.21466e+11
1.21523e+11
1.21581e+11
1.21642e+11
1.21704e+11
1.2073e+11
1.20732e+11
1.20737e+11
1.20743e+11
1.20753e+11
1.20764e+11
1.20778e+11
1.20794e+11
1.20812e+11
1.20832e+11
1.20855e+11
1.2088e+11
1.20907e+11
1.20937e+11
1.20968e+11
1.21002e+11
1.21038e+11
1.21076e+11
1.21117e+11
1.21159e+11
1.21203e+11
1.2125e+11
1.21299e+11
1.2135e+11
1.21402e+11
1.21457e+11
1.21514e+11
1.21573e+11
1.21633e+11
1.21696e+11
1.20725e+11
1.20727e+11
1.20732e+11
1.20739e+11
1.20748e+11
1.20759e+11
1.20773e+11
1.20789e+11
1.20807e+11
1.20828e+11
1.2085e+11
1.20875e+11
1.20903e+11
1.20932e+11
1.20964e+11
1.20998e+11
1.21034e+11
1.21072e+11
1.21112e+11
1.21155e+11
1.21199e+11
1.21246e+11
1.21295e+11
1.21346e+11
1.21398e+11
1.21453e+11
1.2151e+11
1.21569e+11
1.2163e+11
1.21692e+11
1.20714e+11
1.20716e+11
1.2072e+11
1.20727e+11
1.20736e+11
1.20748e+11
1.20762e+11
1.20778e+11
1.20796e+11
1.20817e+11
1.2084e+11
1.20865e+11
1.20892e+11
1.20922e+11
1.20953e+11
1.20987e+11
1.21024e+11
1.21062e+11
1.21103e+11
1.21145e+11
1.2119e+11
1.21237e+11
1.21286e+11
1.21337e+11
1.2139e+11
1.21445e+11
1.21502e+11
1.21561e+11
1.21622e+11
1.21685e+11
1.20639e+11
1.20641e+11
1.20646e+11
1.20653e+11
1.20663e+11
1.20675e+11
1.20689e+11
1.20706e+11
1.20725e+11
1.20747e+11
1.20771e+11
1.20797e+11
1.20825e+11
1.20856e+11
1.2089e+11
1.20925e+11
1.20963e+11
1.21003e+11
1.21045e+11
1.2109e+11
1.21137e+11
1.21186e+11
1.21237e+11
1.2129e+11
1.21345e+11
1.21402e+11
1.21462e+11
1.21523e+11
1.21586e+11
1.21652e+11
4.61742e+10
4.61752e+10
4.61776e+10
4.61812e+10
4.61859e+10
4.61919e+10
4.61991e+10
4.62075e+10
4.6217e+10
4.62278e+10
4.62397e+10
4.62528e+10
4.6267e+10
4.62824e+10
4.6299e+10
4.63167e+10
4.63355e+10
4.63554e+10
4.63765e+10
4.63987e+10
4.64219e+10
4.64463e+10
4.64717e+10
4.64981e+10
4.65256e+10
4.65542e+10
4.65837e+10
4.66143e+10
4.66458e+10
4.66783e+10
4.61271e+10
4.61282e+10
4.61306e+10
4.61343e+10
4.61393e+10
4.61454e+10
4.61529e+10
4.61615e+10
4.61714e+10
4.61826e+10
4.61949e+10
4.62084e+10
4.62232e+10
4.62391e+10
4.62562e+10
4.62745e+10
4.6294e+10
4.63146e+10
4.63364e+10
4.63593e+10
4.63833e+10
4.64084e+10
4.64346e+10
4.64619e+10
4.64902e+10
4.65196e+10
4.65501e+10
4.65815e+10
4.6614e+10
4.66474e+10
4.61196e+10
4.61207e+10
4.61232e+10
4.61269e+10
4.61319e+10
4.61381e+10
4.61456e+10
4.61543e+10
4.61642e+10
4.61754e+10
4.61878e+10
4.62015e+10
4.62163e+10
4.62323e+10
4.62495e+10
4.62679e+10
4.62875e+10
4.63082e+10
4.63301e+10
4.63531e+10
4.63773e+10
4.64025e+10
4.64289e+10
4.64563e+10
4.64848e+10
4.65144e+10
4.6545e+10
4.65766e+10
4.66092e+10
4.66428e+10
4.61172e+10
4.61183e+10
4.61208e+10
4.61245e+10
4.61295e+10
4.61357e+10
4.61432e+10
4.61519e+10
4.61619e+10
4.61731e+10
4.61855e+10
4.61991e+10
4.6214e+10
4.623e+10
4.62473e+10
4.62657e+10
4.62853e+10
4.63061e+10
4.6328e+10
4.6351e+10
4.63752e+10
4.64005e+10
4.64268e+10
4.64543e+10
4.64828e+10
4.65124e+10
4.65431e+10
4.65747e+10
4.66073e+10
4.6641e+10
4.61127e+10
4.61138e+10
4.61163e+10
4.612e+10
4.6125e+10
4.61313e+10
4.61388e+10
4.61476e+10
4.61576e+10
4.61688e+10
4.61813e+10
4.6195e+10
4.62099e+10
4.6226e+10
4.62433e+10
4.62618e+10
4.62815e+10
4.63023e+10
4.63243e+10
4.63475e+10
4.63717e+10
4.63971e+10
4.64236e+10
4.64511e+10
4.64798e+10
4.65094e+10
4.65402e+10
4.65719e+10
4.66046e+10
4.66384e+10
4.60791e+10
4.60802e+10
4.60828e+10
4.60867e+10
4.6092e+10
4.60986e+10
4.61064e+10
4.61156e+10
4.61261e+10
4.61379e+10
4.6151e+10
4.61653e+10
4.61809e+10
4.61978e+10
4.62159e+10
4.62353e+10
4.62559e+10
4.62776e+10
4.63006e+10
4.63248e+10
4.63501e+10
4.63766e+10
4.64042e+10
4.64329e+10
4.64628e+10
4.64937e+10
4.65257e+10
4.65587e+10
4.65927e+10
4.66277e+10
1.61371e+10
1.61377e+10
1.61389e+10
1.61407e+10
1.61432e+10
1.61462e+10
1.61499e+10
1.61542e+10
1.61591e+10
1.61646e+10
1.61706e+10
1.61773e+10
1.61846e+10
1.61925e+10
1.62009e+10
1.62099e+10
1.62195e+10
1.62296e+10
1.62403e+10
1.62516e+10
1.62634e+10
1.62757e+10
1.62886e+10
1.63019e+10
1.63158e+10
1.63302e+10
1.6345e+10
1.63604e+10
1.63762e+10
1.63925e+10
1.61157e+10
1.61163e+10
1.61175e+10
1.61194e+10
1.6122e+10
1.61251e+10
1.61289e+10
1.61334e+10
1.61385e+10
1.61441e+10
1.61505e+10
1.61574e+10
1.61649e+10
1.61731e+10
1.61818e+10
1.61911e+10
1.6201e+10
1.62115e+10
1.62226e+10
1.62342e+10
1.62464e+10
1.62592e+10
1.62724e+10
1.62862e+10
1.63005e+10
1.63154e+10
1.63307e+10
1.63465e+10
1.63628e+10
1.63795e+10
1.61128e+10
1.61134e+10
1.61146e+10
1.61165e+10
1.61191e+10
1.61223e+10
1.61261e+10
1.61306e+10
1.61357e+10
1.61414e+10
1.61477e+10
1.61547e+10
1.61623e+10
1.61705e+10
1.61792e+10
1.61886e+10
1.61986e+10
1.62091e+10
1.62203e+10
1.6232e+10
1.62442e+10
1.6257e+10
1.62704e+10
1.62842e+10
1.62986e+10
1.63135e+10
1.63289e+10
1.63448e+10
1.63612e+10
1.6378e+10
1.61114e+10
1.6112e+10
1.61132e+10
1.61151e+10
1.61177e+10
1.61209e+10
1.61247e+10
1.61292e+10
1.61343e+10
1.614e+10
1.61464e+10
1.61534e+10
1.6161e+10
1.61692e+10
1.6178e+10
1.61874e+10
1.61974e+10
1.62079e+10
1.62191e+10
1.62308e+10
1.62431e+10
1.62559e+10
1.62692e+10
1.62831e+10
1.62975e+10
1.63125e+10
1.63279e+10
1.63438e+10
1.63602e+10
1.6377e+10
1.61061e+10
1.61067e+10
1.6108e+10
1.61099e+10
1.61125e+10
1.61157e+10
1.61196e+10
1.61241e+10
1.61293e+10
1.61351e+10
1.61416e+10
1.61486e+10
1.61563e+10
1.61646e+10
1.61735e+10
1.6183e+10
1.61931e+10
1.62038e+10
1.62151e+10
1.6227e+10
1.62394e+10
1.62523e+10
1.62658e+10
1.62799e+10
1.62944e+10
1.63095e+10
1.63251e+10
1.63411e+10
1.63576e+10
1.63746e+10
1.60584e+10
1.6059e+10
1.60603e+10
1.60622e+10
1.60648e+10
1.6068e+10
1.60719e+10
1.60764e+10
1.60815e+10
1.60873e+10
1.60937e+10
1.61011e+10
1.61094e+10
1.61188e+10
1.6129e+10
1.61401e+10
1.6152e+10
1.61648e+10
1.61783e+10
1.61926e+10
1.62076e+10
1.62233e+10
1.62397e+10
1.62567e+10
1.62743e+10
1.62925e+10
1.63112e+10
1.63304e+10
1.63501e+10
1.63702e+10
6.84014e+06
6.84229e+06
6.84645e+06
6.85255e+06
6.86049e+06
6.87021e+06
6.88167e+06
6.8948e+06
6.90958e+06
6.92596e+06
6.94391e+06
6.9634e+06
6.98439e+06
7.00687e+06
7.0308e+06
7.05614e+06
7.08286e+06
7.11093e+06
7.14031e+06
7.17095e+06
7.2028e+06
7.23581e+06
7.26993e+06
7.30508e+06
7.3412e+06
7.37822e+06
7.41606e+06
7.45464e+06
7.49387e+06
7.53368e+06
6.84588e+06
6.84815e+06
6.85257e+06
6.85902e+06
6.86744e+06
6.87775e+06
6.8899e+06
6.90383e+06
6.91949e+06
6.93685e+06
6.95586e+06
6.9765e+06
6.99872e+06
7.0225e+06
7.04778e+06
7.07453e+06
7.10272e+06
7.13228e+06
7.16318e+06
7.19536e+06
7.22876e+06
7.26332e+06
7.29895e+06
7.3356e+06
7.37317e+06
7.41158e+06
7.45075e+06
7.49058e+06
7.53097e+06
7.57184e+06
6.84907e+06
6.85134e+06
6.85576e+06
6.86222e+06
6.87065e+06
6.88097e+06
6.89312e+06
6.90705e+06
6.92272e+06
6.94009e+06
6.95911e+06
6.97975e+06
7.00198e+06
7.02575e+06
7.05103e+06
7.07778e+06
7.10596e+06
7.13551e+06
7.1664e+06
7.19856e+06
7.23193e+06
7.26645e+06
7.30205e+06
7.33866e+06
7.37618e+06
7.41454e+06
7.45365e+06
7.49342e+06
7.53374e+06
7.57453e+06
6.84557e+06
6.84783e+06
6.85224e+06
6.85869e+06
6.8671e+06
6.87739e+06
6.88952e+06
6.90343e+06
6.91906e+06
6.9364e+06
6.95538e+06
6.97599e+06
6.99818e+06
7.02191e+06
7.04715e+06
7.07386e+06
7.102e+06
7.13151e+06
7.16236e+06
7.19448e+06
7.22782e+06
7.26232e+06
7.29789e+06
7.33447e+06
7.37197e+06
7.41032e+06
7.44942e+06
7.48917e+06
7.5295e+06
7.5703e+06
6.86687e+06
6.86917e+06
6.87363e+06
6.88015e+06
6.88865e+06
6.89906e+06
6.91131e+06
6.92535e+06
6.94114e+06
6.95862e+06
6.97777e+06
6.99854e+06
7.02089e+06
7.04478e+06
7.07018e+06
7.09704e+06
7.12532e+06
7.15497e+06
7.18593e+06
7.21815e+06
7.25156e+06
7.2861e+06
7.3217e+06
7.35827e+06
7.39574e+06
7.43402e+06
7.47301e+06
7.51264e+06
7.55279e+06
7.59338e+06
3.33823e+06
3.33942e+06
3.34178e+06
3.34525e+06
3.34982e+06
3.35546e+06
3.36214e+06
3.36984e+06
3.37854e+06
3.38822e+06
3.39885e+06
3.41043e+06
3.42292e+06
3.43631e+06
3.45057e+06
3.46569e+06
3.48163e+06
3.49837e+06
3.51588e+06
3.53413e+06
3.55306e+06
3.57265e+06
3.59285e+06
3.61359e+06
3.63484e+06
3.65654e+06
3.67861e+06
3.70101e+06
3.72367e+06
3.74652e+06
3.33467e+06
3.33584e+06
3.33817e+06
3.34162e+06
3.34617e+06
3.35179e+06
3.35846e+06
3.36616e+06
3.37486e+06
3.38455e+06
3.3952e+06
3.4068e+06
3.41932e+06
3.43275e+06
3.44706e+06
3.46222e+06
3.47822e+06
3.49502e+06
3.51259e+06
3.53091e+06
3.54992e+06
3.56958e+06
3.58986e+06
3.6107e+06
3.63203e+06
3.65382e+06
3.67599e+06
3.69848e+06
3.72123e+06
3.74418e+06
3.33457e+06
3.33575e+06
3.33808e+06
3.34152e+06
3.34607e+06
3.35169e+06
3.35837e+06
3.36607e+06
3.37477e+06
3.38447e+06
3.39512e+06
3.40672e+06
3.41925e+06
3.43268e+06
3.447e+06
3.46217e+06
3.47817e+06
3.49498e+06
3.51256e+06
3.53088e+06
3.5499e+06
3.56958e+06
3.58986e+06
3.61071e+06
3.63205e+06
3.65384e+06
3.67602e+06
3.69852e+06
3.72128e+06
3.74424e+06
3.33364e+06
3.33481e+06
3.33713e+06
3.34057e+06
3.34511e+06
3.35073e+06
3.35739e+06
3.36509e+06
3.37379e+06
3.38347e+06
3.39412e+06
3.40572e+06
3.41825e+06
3.43167e+06
3.44599e+06
3.46116e+06
3.47716e+06
3.49397e+06
3.51155e+06
3.52988e+06
3.5489e+06
3.56858e+06
3.58887e+06
3.60972e+06
3.63108e+06
3.65289e+06
3.67508e+06
3.69759e+06
3.72037e+06
3.74334e+06
3.33261e+06
3.33378e+06
3.33609e+06
3.33952e+06
3.34405e+06
3.34966e+06
3.35631e+06
3.36399e+06
3.37268e+06
3.38235e+06
3.39299e+06
3.40458e+06
3.41709e+06
3.43051e+06
3.4448e+06
3.45996e+06
3.47595e+06
3.49275e+06
3.51032e+06
3.52864e+06
3.54765e+06
3.56733e+06
3.58761e+06
3.60846e+06
3.62981e+06
3.65162e+06
3.67381e+06
3.69633e+06
3.71911e+06
3.74209e+06
3.3397e+06
3.34091e+06
3.34327e+06
3.34677e+06
3.35138e+06
3.35706e+06
3.36379e+06
3.37156e+06
3.38033e+06
3.39008e+06
3.40081e+06
3.41247e+06
3.42506e+06
3.43856e+06
3.45293e+06
3.46816e+06
3.48421e+06
3.50107e+06
3.51869e+06
3.53705e+06
3.55609e+06
3.57579e+06
3.59608e+06
3.61692e+06
3.63826e+06
3.66002e+06
3.68216e+06
3.70461e+06
3.72731e+06
3.75019e+06
1.9503e+06
1.9508e+06
1.95198e+06
1.95392e+06
1.95661e+06
1.96004e+06
1.96418e+06
1.96902e+06
1.97455e+06
1.98075e+06
1.9876e+06
1.99511e+06
2.00324e+06
2.012e+06
2.02135e+06
2.0313e+06
2.04181e+06
2.05286e+06
2.06443e+06
2.0765e+06
2.08903e+06
2.102e+06
2.11536e+06
2.12908e+06
2.14312e+06
2.15744e+06
2.17197e+06
2.18669e+06
2.20155e+06
2.21648e+06
1.94862e+06
1.94908e+06
1.95021e+06
1.95211e+06
1.95477e+06
1.95817e+06
1.96229e+06
1.96711e+06
1.97262e+06
1.9788e+06
1.98565e+06
1.99315e+06
2.00129e+06
2.01004e+06
2.01941e+06
2.02937e+06
2.0399e+06
2.05097e+06
2.06257e+06
2.07467e+06
2.08723e+06
2.10023e+06
2.11363e+06
2.1274e+06
2.14148e+06
2.15584e+06
2.17043e+06
2.18519e+06
2.2001e+06
2.21509e+06
1.94819e+06
1.94864e+06
1.94977e+06
1.95166e+06
1.95431e+06
1.95771e+06
1.96183e+06
1.96665e+06
1.97215e+06
1.97834e+06
1.98518e+06
1.99268e+06
2.00082e+06
2.00958e+06
2.01895e+06
2.0289e+06
2.03943e+06
2.05051e+06
2.06212e+06
2.07422e+06
2.08679e+06
2.0998e+06
2.11321e+06
2.12698e+06
2.14107e+06
2.15544e+06
2.17004e+06
2.18482e+06
2.19973e+06
2.21473e+06
1.94769e+06
1.94814e+06
1.94926e+06
1.95114e+06
1.95379e+06
1.95718e+06
1.96129e+06
1.9661e+06
1.97161e+06
1.97778e+06
1.98462e+06
1.99211e+06
2.00024e+06
2.00899e+06
2.01836e+06
2.02831e+06
2.03883e+06
2.04991e+06
2.06151e+06
2.07361e+06
2.08618e+06
2.09918e+06
2.11259e+06
2.12636e+06
2.14046e+06
2.15483e+06
2.16943e+06
2.18421e+06
2.19913e+06
2.21414e+06
1.95034e+06
1.95082e+06
1.952e+06
1.95393e+06
1.95663e+06
1.96006e+06
1.96422e+06
1.96909e+06
1.97464e+06
1.98087e+06
1.98776e+06
1.99529e+06
2.00347e+06
2.01227e+06
2.02167e+06
2.03167e+06
2.04223e+06
2.05333e+06
2.06496e+06
2.07708e+06
2.08967e+06
2.10268e+06
2.11609e+06
2.12986e+06
2.14395e+06
2.1583e+06
2.17287e+06
2.18762e+06
2.2025e+06
2.21746e+06
1.35069e+06
1.3509e+06
1.35158e+06
1.35285e+06
1.3547e+06
1.35711e+06
1.36008e+06
1.36359e+06
1.36762e+06
1.37216e+06
1.37722e+06
1.38278e+06
1.38883e+06
1.39537e+06
1.40238e+06
1.40985e+06
1.41778e+06
1.42613e+06
1.43488e+06
1.44403e+06
1.45353e+06
1.46336e+06
1.47349e+06
1.48389e+06
1.49452e+06
1.50534e+06
1.51633e+06
1.52743e+06
1.5386e+06
1.54982e+06
1.34897e+06
1.34917e+06
1.34982e+06
1.35105e+06
1.35287e+06
1.35526e+06
1.35819e+06
1.36167e+06
1.36568e+06
1.3702e+06
1.37523e+06
1.38077e+06
1.3868e+06
1.39332e+06
1.40032e+06
1.40779e+06
1.41571e+06
1.42406e+06
1.43282e+06
1.44197e+06
1.45149e+06
1.46134e+06
1.4715e+06
1.48192e+06
1.49259e+06
1.50345e+06
1.51447e+06
1.52562e+06
1.53684e+06
1.5481e+06
1.3487e+06
1.3489e+06
1.34954e+06
1.35077e+06
1.35259e+06
1.35498e+06
1.35792e+06
1.36139e+06
1.3654e+06
1.36992e+06
1.37495e+06
1.38049e+06
1.38652e+06
1.39305e+06
1.40005e+06
1.40752e+06
1.41544e+06
1.42379e+06
1.43256e+06
1.44172e+06
1.45124e+06
1.4611e+06
1.47126e+06
1.48169e+06
1.49237e+06
1.50324e+06
1.51427e+06
1.52542e+06
1.53666e+06
1.54793e+06
1.34822e+06
1.34842e+06
1.34907e+06
1.3503e+06
1.35211e+06
1.3545e+06
1.35743e+06
1.36091e+06
1.36491e+06
1.36942e+06
1.37445e+06
1.37998e+06
1.38601e+06
1.39253e+06
1.39952e+06
1.40699e+06
1.4149e+06
1.42326e+06
1.43202e+06
1.44118e+06
1.4507e+06
1.46055e+06
1.47071e+06
1.48115e+06
1.49183e+06
1.5027e+06
1.51374e+06
1.52489e+06
1.53613e+06
1.54741e+06
1.35073e+06
1.35095e+06
1.35164e+06
1.35291e+06
1.35477e+06
1.3572e+06
1.36018e+06
1.3637e+06
1.36775e+06
1.37232e+06
1.3774e+06
1.38298e+06
1.38906e+06
1.39562e+06
1.40267e+06
1.41017e+06
1.41813e+06
1.42651e+06
1.4353e+06
1.44447e+06
1.45401e+06
1.46387e+06
1.47403e+06
1.48446e+06
1.49511e+06
1.50596e+06
1.51697e+06
1.52808e+06
1.53927e+06
1.5505e+06
1.02722e+06
1.02735e+06
1.02782e+06
1.02875e+06
1.03016e+06
1.03204e+06
1.03436e+06
1.03712e+06
1.04031e+06
1.04392e+06
1.04795e+06
1.0524e+06
1.05725e+06
1.06251e+06
1.06816e+06
1.0742e+06
1.08063e+06
1.08741e+06
1.09454e+06
1.102e+06
1.10976e+06
1.11779e+06
1.12607e+06
1.13457e+06
1.14325e+06
1.15209e+06
1.16104e+06
1.17008e+06
1.17917e+06
1.18827e+06
1.02584e+06
1.02596e+06
1.0264e+06
1.02731e+06
1.02869e+06
1.03053e+06
1.03282e+06
1.03556e+06
1.03872e+06
1.04231e+06
1.04631e+06
1.05073e+06
1.05556e+06
1.06079e+06
1.06643e+06
1.07246e+06
1.07886e+06
1.08564e+06
1.09277e+06
1.10023e+06
1.10799e+06
1.11604e+06
1.12433e+06
1.13285e+06
1.14156e+06
1.15043e+06
1.15942e+06
1.16849e+06
1.17762e+06
1.18676e+06
1.02559e+06
1.02571e+06
1.02615e+06
1.02706e+06
1.02844e+06
1.03029e+06
1.03259e+06
1.03532e+06
1.03849e+06
1.04207e+06
1.04608e+06
1.0505e+06
1.05534e+06
1.06058e+06
1.06621e+06
1.07224e+06
1.07866e+06
1.08544e+06
1.09257e+06
1.10004e+06
1.10781e+06
1.11586e+06
1.12416e+06
1.13269e+06
1.14141e+06
1.15028e+06
1.15928e+06
1.16836e+06
1.1775e+06
1.18665e+06
1.02535e+06
1.02547e+06
1.02591e+06
1.02682e+06
1.0282e+06
1.03004e+06
1.03234e+06
1.03507e+06
1.03823e+06
1.04182e+06
1.04582e+06
1.05024e+06
1.05507e+06
1.0603e+06
1.06594e+06
1.07197e+06
1.07838e+06
1.08516e+06
1.09229e+06
1.09976e+06
1.10753e+06
1.11558e+06
1.12389e+06
1.13242e+06
1.14114e+06
1.15002e+06
1.15902e+06
1.16811e+06
1.17725e+06
1.18641e+06
1.02502e+06
1.02514e+06
1.02558e+06
1.02649e+06
1.02787e+06
1.02971e+06
1.03201e+06
1.03474e+06
1.0379e+06
1.04148e+06
1.04548e+06
1.0499e+06
1.05473e+06
1.05996e+06
1.0656e+06
1.07162e+06
1.07803e+06
1.08481e+06
1.09194e+06
1.09941e+06
1.10718e+06
1.11523e+06
1.12354e+06
1.13207e+06
1.1408e+06
1.14968e+06
1.15869e+06
1.16778e+06
1.17693e+06
1.1861e+06
1.02632e+06
1.02645e+06
1.02692e+06
1.02785e+06
1.02926e+06
1.03114e+06
1.03346e+06
1.03622e+06
1.03942e+06
1.04303e+06
1.04707e+06
1.05152e+06
1.05638e+06
1.06165e+06
1.06731e+06
1.07337e+06
1.07981e+06
1.08661e+06
1.09377e+06
1.10125e+06
1.10903e+06
1.11709e+06
1.1254e+06
1.13393e+06
1.14265e+06
1.15151e+06
1.1605e+06
1.16957e+06
1.17869e+06
1.18782e+06
854809
854903
855263
856019
857189
858760
860721
863063
865780
868866
872318
876132
880306
884835
889716
894943
900508
906401
912607
919106
925878
932895
940133
947564
955157
962882
970706
978597
986522
994450
853828
853913
854253
854984
856129
857676
859612
861930
864623
867685
871114
874905
879056
883564
888425
893633
899182
905061
911257
917752
924523
931545
938791
946234
953843
961588
969436
977354
985309
993269
853582
853667
854009
854742
855889
857438
859376
861695
864389
867453
870882
874675
878827
883337
888199
893409
898960
904842
911042
917540
924316
931343
938595
946044
953661
961413
969268
977194
985157
993125
853310
853397
853743
854480
855630
857181
859122
861443
864139
867204
870635
874428
878581
883091
887953
893164
898716
904598
910798
917299
924076
931106
938361
945814
953434
961191
969051
976982
984951
992925
854112
854207
854571
855331
856505
858080
860045
862391
865112
868202
871658
875477
879656
884191
889079
894314
899887
905790
912008
918522
925309
932345
939602
947052
954667
962413
970260
978174
986122
994072
771322
771399
771712
772385
773439
774864
776648
778784
781267
784091
787254
790753
794586
798750
803241
808056
813188
818627
824361
830374
836645
843148
849858
856748
863790
870953
878207
885520
892860
900199
770326
770396
770691
771339
772369
773769
775528
777639
780097
782896
786033
789507
793315
797455
801923
806716
811828
817249
822970
828973
835239
841742
848458
855358
862413
869594
876870
884209
891579
898950
770152
770222
770515
771162
772190
773588
775346
777456
779911
782709
785845
789318
793125
797263
801731
806523
811635
817057
822778
828782
835050
841557
848276
855181
862241
869428
876710
884055
891431
898809
769899
769970
770265
770915
771945
773345
775103
777214
779670
782467
785603
789075
792881
797019
801485
806277
811387
816808
822529
828534
834802
841310
848031
854938
862001
869192
876478
883827
891209
898592
770770
770849
771164
771839
772896
774322
776107
778245
780728
783553
786716
790216
794050
798215
802708
807524
812659
818102
823841
829861
836140
842653
849375
856278
863333
870511
877780
885110
892467
899823
748947
749021
749322
749971
750993
752375
754107
756182
758594
761339
764414
767817
771545
775597
779969
784657
789656
794955
800545
806409
812528
818876
825428
832157
839036
846035
853123
860270
867444
874616
747767
747832
748111
748732
749724
751076
752777
754822
757202
759916
762959
766330
770027
774048
778390
783049
788021
793297
798866
804715
810823
817168
823724
830462
837354
844372
851485
858661
865869
873079
747606
747670
747948
748567
749557
750907
752607
754649
757028
759740
762782
766152
769848
773868
778209
782868
787839
793115
798685
804536
810647
816995
823553
830296
837194
844217
851335
858518
865732
872950
747426
747490
747767
748384
749373
750721
752419
754459
756836
759546
762585
765953
769646
773664
778003
782659
787629
792904
798473
804323
810434
816783
823343
830088
836989
844016
851139
858326
865546
872769
747309
747372
747644
748256
749239
750581
752273
754308
756679
759382
762416
765777
769465
773476
777809
782460
787424
792693
798257
804103
810210
816556
823114
829858
836758
843785
850909
858097
865320
872546
747945
748014
748303
748937
749942
751306
753020
755076
757469
760195
763251
766634
770343
774376
778729
783400
788382
793669
799248
805105
811221
817571
824130
830870
837764
844782
851893
859065
866269
873474
788978
789056
789369
790046
791109
792545
794346
796502
799009
801861
805055
808590
812462
816671
821211
826080
831271
836776
842583
848677
855037
861640
868458
875464
882630
889926
897320
904781
912276
919776
787910
787978
788271
788919
789953
791361
793132
795258
797733
800554
803718
807221
811062
815239
819749
824589
829752
835232
841018
847094
853443
860039
866856
873867
881043
888353
895767
903252
910777
918310
787836
787902
788186
788825
789849
791248
793010
795128
797595
800408
803564
807060
810894
815064
819568
824401
829559
835034
840815
846888
853234
859828
866645
873656
880833
888146
895562
903051
910580
918118
787743
787807
788087
788719
789736
791127
792883
794994
797455
800261
803410
806899
810726
814890
819387
824214
829366
834834
840610
846678
853019
859609
866423
873432
880608
887919
895336
902826
910357
917897
788333
788403
788700
789355
790395
791810
793587
795720
798202
801030
804201
807711
811558
815742
820258
825104
830273
835757
841545
847624
853972
860566
867379
874384
881553
888855
896260
903734
911247
918768
899866
899958
900319
901086
902278
903885
905892
908293
911079
914245
917789
921707
925995
930651
935672
941051
946783
952858
959264
965982
972992
980267
987780
995505
1.00341e+06
1.01146e+06
1.01963e+06
1.02788e+06
1.03619e+06
1.0445e+06
898613
898694
899031
899766
900926
902499
904473
906839
909590
912721
916228
920109
924361
928981
933966
939312
945011
951056
957436
964133
971127
978393
985904
993630
1.00154e+06
1.00961e+06
1.0178e+06
1.02608e+06
1.03441e+06
1.04276e+06
898581
898659
898985
899707
900854
902415
904377
906732
909472
912593
916091
919963
924205
928817
933793
939131
944824
950862
957236
963928
970918
978181
985690
993416
1.00133e+06
1.0094e+06
1.01759e+06
1.02587e+06
1.0342e+06
1.04256e+06
898490
898564
898883
899594
900732
902283
904235
906580
909311
912423
915911
919773
924006
928608
933576
938905
944588
950619
956984
963669
970652
977910
985414
993136
1.00105e+06
1.00911e+06
1.0173e+06
1.02558e+06
1.03392e+06
1.04228e+06
899211
899294
899635
900375
901540
903118
905098
907469
910225
913361
916874
920760
925016
929640
934629
939977
945679
951725
958103
964798
971786
979045
986545
994260
1.00216e+06
1.01021e+06
1.01839e+06
1.02665e+06
1.03496e+06
1.0433e+06
1.12255e+06
1.12268e+06
1.12314e+06
1.12409e+06
1.12555e+06
1.12749e+06
1.12991e+06
1.1328e+06
1.13614e+06
1.13993e+06
1.14416e+06
1.14883e+06
1.15394e+06
1.15947e+06
1.16543e+06
1.17181e+06
1.17859e+06
1.18578e+06
1.19334e+06
1.20126e+06
1.20952e+06
1.21809e+06
1.22693e+06
1.23603e+06
1.24534e+06
1.25484e+06
1.26449e+06
1.27424e+06
1.28407e+06
1.29393e+06
1.12038e+06
1.12048e+06
1.12091e+06
1.12182e+06
1.12323e+06
1.12513e+06
1.12751e+06
1.13034e+06
1.13363e+06
1.13737e+06
1.14155e+06
1.14617e+06
1.15122e+06
1.15671e+06
1.16262e+06
1.16894e+06
1.17568e+06
1.18282e+06
1.19035e+06
1.19825e+06
1.20648e+06
1.21504e+06
1.22388e+06
1.23298e+06
1.24231e+06
1.25182e+06
1.2615e+06
1.27129e+06
1.28116e+06
1.29108e+06
1.12031e+06
1.12041e+06
1.12083e+06
1.12173e+06
1.12313e+06
1.12502e+06
1.12739e+06
1.13022e+06
1.1335e+06
1.13723e+06
1.1414e+06
1.14602e+06
1.15106e+06
1.15654e+06
1.16244e+06
1.16877e+06
1.1755e+06
1.18264e+06
1.19017e+06
1.19806e+06
1.2063e+06
1.21485e+06
1.2237e+06
1.2328e+06
1.24213e+06
1.25165e+06
1.26133e+06
1.27112e+06
1.281e+06
1.29092e+06
1.12006e+06
1.12016e+06
1.12058e+06
1.12147e+06
1.12287e+06
1.12476e+06
1.12712e+06
1.12995e+06
1.13323e+06
1.13696e+06
1.14113e+06
1.14573e+06
1.15078e+06
1.15625e+06
1.16215e+06
1.16848e+06
1.17521e+06
1.18234e+06
1.18987e+06
1.19776e+06
1.206e+06
1.21455e+06
1.2234e+06
1.2325e+06
1.24184e+06
1.25136e+06
1.26104e+06
1.27085e+06
1.28073e+06
1.29066e+06
1.11997e+06
1.12007e+06
1.12048e+06
1.12136e+06
1.12274e+06
1.12461e+06
1.12696e+06
1.12977e+06
1.13304e+06
1.13675e+06
1.14091e+06
1.14551e+06
1.15054e+06
1.156e+06
1.16189e+06
1.1682e+06
1.17492e+06
1.18204e+06
1.18955e+06
1.19744e+06
1.20567e+06
1.21421e+06
1.22305e+06
1.23215e+06
1.24148e+06
1.251e+06
1.26068e+06
1.27049e+06
1.28037e+06
1.2903e+06
1.12074e+06
1.12085e+06
1.12127e+06
1.12218e+06
1.12359e+06
1.12549e+06
1.12786e+06
1.13069e+06
1.13398e+06
1.13772e+06
1.14189e+06
1.14651e+06
1.15156e+06
1.15704e+06
1.16294e+06
1.16926e+06
1.176e+06
1.18313e+06
1.19065e+06
1.19853e+06
1.20676e+06
1.21531e+06
1.22414e+06
1.23323e+06
1.24254e+06
1.25205e+06
1.26171e+06
1.27149e+06
1.28135e+06
1.29126e+06
1.55397e+06
1.55417e+06
1.55483e+06
1.55613e+06
1.55808e+06
1.56065e+06
1.56384e+06
1.56762e+06
1.57198e+06
1.57692e+06
1.58242e+06
1.58847e+06
1.59508e+06
1.60222e+06
1.60991e+06
1.61811e+06
1.62683e+06
1.63604e+06
1.64572e+06
1.65585e+06
1.66641e+06
1.67735e+06
1.68865e+06
1.70028e+06
1.7122e+06
1.72437e+06
1.73675e+06
1.74929e+06
1.76196e+06
1.7747e+06
1.5514e+06
1.55157e+06
1.55219e+06
1.55344e+06
1.55534e+06
1.55786e+06
1.56099e+06
1.56471e+06
1.56902e+06
1.57389e+06
1.57933e+06
1.58533e+06
1.59187e+06
1.59896e+06
1.60658e+06
1.61473e+06
1.6234e+06
1.63256e+06
1.6422e+06
1.6523e+06
1.66283e+06
1.67375e+06
1.68504e+06
1.69667e+06
1.7086e+06
1.72078e+06
1.73318e+06
1.74576e+06
1.75847e+06
1.77127e+06
1.55123e+06
1.5514e+06
1.55201e+06
1.55325e+06
1.55513e+06
1.55765e+06
1.56077e+06
1.56448e+06
1.56878e+06
1.57365e+06
1.57908e+06
1.58507e+06
1.5916e+06
1.59868e+06
1.6063e+06
1.61445e+06
1.62311e+06
1.63227e+06
1.64191e+06
1.65201e+06
1.66253e+06
1.67346e+06
1.68476e+06
1.69639e+06
1.70832e+06
1.72051e+06
1.73292e+06
1.7455e+06
1.75822e+06
1.77102e+06
1.55106e+06
1.55122e+06
1.55182e+06
1.55305e+06
1.55492e+06
1.55742e+06
1.56053e+06
1.56424e+06
1.56852e+06
1.57338e+06
1.5788e+06
1.58478e+06
1.5913e+06
1.59837e+06
1.60598e+06
1.61412e+06
1.62277e+06
1.63192e+06
1.64155e+06
1.65164e+06
1.66216e+06
1.67309e+06
1.68438e+06
1.69601e+06
1.70793e+06
1.72012e+06
1.73253e+06
1.74512e+06
1.75783e+06
1.77064e+06
1.552e+06
1.55218e+06
1.5528e+06
1.55406e+06
1.55596e+06
1.55848e+06
1.56162e+06
1.56534e+06
1.56964e+06
1.57452e+06
1.57995e+06
1.58595e+06
1.59249e+06
1.59957e+06
1.60718e+06
1.61533e+06
1.62398e+06
1.63313e+06
1.64276e+06
1.65284e+06
1.66335e+06
1.67426e+06
1.68554e+06
1.69714e+06
1.70905e+06
1.72121e+06
1.7336e+06
1.74616e+06
1.75885e+06
1.77162e+06
2.42791e+06
2.4283e+06
2.42945e+06
2.4315e+06
2.43447e+06
2.43832e+06
2.44303e+06
2.44857e+06
2.45494e+06
2.4621e+06
2.47005e+06
2.47878e+06
2.48828e+06
2.49852e+06
2.50949e+06
2.52118e+06
2.53357e+06
2.54662e+06
2.56033e+06
2.57464e+06
2.58954e+06
2.60498e+06
2.62094e+06
2.63736e+06
2.65421e+06
2.67143e+06
2.68898e+06
2.7068e+06
2.72483e+06
2.74303e+06
2.42344e+06
2.42379e+06
2.42486e+06
2.42684e+06
2.42973e+06
2.4335e+06
2.43813e+06
2.44359e+06
2.44987e+06
2.45695e+06
2.46482e+06
2.47346e+06
2.48286e+06
2.49302e+06
2.50392e+06
2.51553e+06
2.52785e+06
2.54084e+06
2.55449e+06
2.56876e+06
2.58362e+06
2.59904e+06
2.61498e+06
2.6314e+06
2.64825e+06
2.66549e+06
2.68307e+06
2.70093e+06
2.71902e+06
2.73728e+06
2.4232e+06
2.42355e+06
2.42461e+06
2.42658e+06
2.42946e+06
2.43322e+06
2.43784e+06
2.4433e+06
2.44957e+06
2.45665e+06
2.46451e+06
2.47315e+06
2.48255e+06
2.49271e+06
2.5036e+06
2.51522e+06
2.52754e+06
2.54054e+06
2.55419e+06
2.56846e+06
2.58333e+06
2.59876e+06
2.61471e+06
2.63114e+06
2.648e+06
2.66525e+06
2.68284e+06
2.70072e+06
2.71882e+06
2.7371e+06
2.42263e+06
2.42297e+06
2.42402e+06
2.42598e+06
2.42885e+06
2.4326e+06
2.43721e+06
2.44265e+06
2.44891e+06
2.45598e+06
2.46383e+06
2.47245e+06
2.48184e+06
2.49199e+06
2.50287e+06
2.51448e+06
2.52679e+06
2.53978e+06
2.55342e+06
2.56769e+06
2.58255e+06
2.59797e+06
2.61392e+06
2.63034e+06
2.64721e+06
2.66446e+06
2.68205e+06
2.69993e+06
2.71804e+06
2.73633e+06
2.42453e+06
2.4249e+06
2.42599e+06
2.428e+06
2.4309e+06
2.43469e+06
2.43933e+06
2.4448e+06
2.45109e+06
2.45817e+06
2.46604e+06
2.47468e+06
2.48408e+06
2.49423e+06
2.50512e+06
2.51672e+06
2.52901e+06
2.54199e+06
2.55561e+06
2.56985e+06
2.58468e+06
2.60006e+06
2.61597e+06
2.63235e+06
2.64917e+06
2.66637e+06
2.68391e+06
2.70174e+06
2.71979e+06
2.73802e+06
4.16316e+06
4.1643e+06
4.16672e+06
4.17046e+06
4.17552e+06
4.18188e+06
4.18951e+06
4.19837e+06
4.20846e+06
4.21973e+06
4.23216e+06
4.24573e+06
4.26043e+06
4.27622e+06
4.29307e+06
4.31097e+06
4.32988e+06
4.34977e+06
4.37061e+06
4.39235e+06
4.41496e+06
4.4384e+06
4.46261e+06
4.48753e+06
4.51312e+06
4.5393e+06
4.56601e+06
4.59319e+06
4.62075e+06
4.64863e+06
4.1521e+06
4.15313e+06
4.15539e+06
4.15897e+06
4.16388e+06
4.17009e+06
4.17757e+06
4.18628e+06
4.19621e+06
4.20733e+06
4.21962e+06
4.23304e+06
4.24759e+06
4.26324e+06
4.27997e+06
4.29775e+06
4.31654e+06
4.33633e+06
4.35707e+06
4.37874e+06
4.40128e+06
4.42467e+06
4.44885e+06
4.47376e+06
4.49936e+06
4.52557e+06
4.55234e+06
4.57959e+06
4.60725e+06
4.63526e+06
4.15172e+06
4.15274e+06
4.15499e+06
4.15856e+06
4.16346e+06
4.16967e+06
4.17714e+06
4.18586e+06
4.19579e+06
4.20691e+06
4.2192e+06
4.23263e+06
4.24719e+06
4.26285e+06
4.27959e+06
4.29738e+06
4.31619e+06
4.33599e+06
4.35676e+06
4.37844e+06
4.40101e+06
4.42442e+06
4.44862e+06
4.47356e+06
4.49918e+06
4.52542e+06
4.55222e+06
4.5795e+06
4.60719e+06
4.63522e+06
4.15117e+06
4.15218e+06
4.15442e+06
4.15798e+06
4.16288e+06
4.16907e+06
4.17654e+06
4.18525e+06
4.19517e+06
4.20629e+06
4.21857e+06
4.232e+06
4.24656e+06
4.26222e+06
4.27895e+06
4.29674e+06
4.31555e+06
4.33535e+06
4.35612e+06
4.3778e+06
4.40038e+06
4.42379e+06
4.44799e+06
4.47294e+06
4.49857e+06
4.52481e+06
4.55162e+06
4.57891e+06
4.60661e+06
4.63466e+06
4.15018e+06
4.15118e+06
4.1534e+06
4.15695e+06
4.16182e+06
4.168e+06
4.17546e+06
4.18415e+06
4.19406e+06
4.20516e+06
4.21743e+06
4.23084e+06
4.24538e+06
4.26103e+06
4.27775e+06
4.29552e+06
4.31432e+06
4.33412e+06
4.35487e+06
4.37655e+06
4.39911e+06
4.42251e+06
4.44671e+06
4.47165e+06
4.49728e+06
4.52353e+06
4.55034e+06
4.57763e+06
4.60534e+06
4.63339e+06
4.15443e+06
4.1555e+06
4.1578e+06
4.16142e+06
4.16636e+06
4.17259e+06
4.18009e+06
4.18882e+06
4.19876e+06
4.20989e+06
4.22218e+06
4.23561e+06
4.25016e+06
4.26581e+06
4.28253e+06
4.30029e+06
4.31907e+06
4.33884e+06
4.35957e+06
4.38121e+06
4.40373e+06
4.42709e+06
4.45124e+06
4.47612e+06
4.50168e+06
4.52786e+06
4.55459e+06
4.58181e+06
4.60943e+06
4.63739e+06
6.37913e+06
6.38109e+06
6.38496e+06
6.39068e+06
6.39822e+06
6.40753e+06
6.41858e+06
6.43133e+06
6.44573e+06
6.46176e+06
6.47938e+06
6.49856e+06
6.51928e+06
6.54149e+06
6.56517e+06
6.59028e+06
6.61678e+06
6.64463e+06
6.6738e+06
6.70424e+06
6.73588e+06
6.76869e+06
6.80259e+06
6.83751e+06
6.8734e+06
6.91015e+06
6.9477e+06
6.98596e+06
7.02483e+06
7.06422e+06
6.36614e+06
6.36804e+06
6.3718e+06
6.3774e+06
6.38481e+06
6.39399e+06
6.4049e+06
6.41751e+06
6.43177e+06
6.44766e+06
6.46515e+06
6.4842e+06
6.50478e+06
6.52687e+06
6.55043e+06
6.57542e+06
6.60182e+06
6.62957e+06
6.65865e+06
6.68901e+06
6.72059e+06
6.75335e+06
6.78722e+06
6.82213e+06
6.85802e+06
6.8948e+06
6.9324e+06
6.97073e+06
7.0097e+06
7.04921e+06
6.36521e+06
6.3671e+06
6.37086e+06
6.37645e+06
6.38386e+06
6.39303e+06
6.40394e+06
6.41654e+06
6.43081e+06
6.4467e+06
6.4642e+06
6.48325e+06
6.50385e+06
6.52594e+06
6.54951e+06
6.57452e+06
6.60094e+06
6.62871e+06
6.65781e+06
6.68819e+06
6.7198e+06
6.75258e+06
6.78648e+06
6.82142e+06
6.85734e+06
6.89416e+06
6.93179e+06
6.97016e+06
7.00916e+06
7.04871e+06
6.3655e+06
6.36738e+06
6.3711e+06
6.37666e+06
6.38402e+06
6.39315e+06
6.40401e+06
6.41657e+06
6.4308e+06
6.44665e+06
6.46409e+06
6.48311e+06
6.50366e+06
6.52571e+06
6.54924e+06
6.57421e+06
6.60058e+06
6.62832e+06
6.65738e+06
6.68772e+06
6.7193e+06
6.75204e+06
6.7859e+06
6.82081e+06
6.8567e+06
6.89349e+06
6.9311e+06
6.96944e+06
7.00842e+06
7.04795e+06
6.3702e+06
6.37213e+06
6.37595e+06
6.38161e+06
6.38909e+06
6.39834e+06
6.40932e+06
6.422e+06
6.43634e+06
6.45231e+06
6.46987e+06
6.48899e+06
6.50965e+06
6.5318e+06
6.55543e+06
6.58048e+06
6.60694e+06
6.63476e+06
6.66389e+06
6.69429e+06
6.72592e+06
6.75871e+06
6.79261e+06
6.82755e+06
6.86346e+06
6.90026e+06
6.93786e+06
6.97618e+06
7.01513e+06
7.05462e+06
9.88517e+10
9.88517e+10
9.88517e+10
9.88517e+10
9.88517e+10
9.88517e+10
9.88517e+10
9.88517e+10
9.88517e+10
9.88517e+10
9.88517e+10
9.88517e+10
9.88517e+10
9.88517e+10
9.88517e+10
9.88517e+10
9.88517e+10
9.88517e+10
9.88517e+10
9.88517e+10
9.88517e+10
9.88517e+10
9.88517e+10
9.88517e+10
9.88517e+10
9.88517e+10
9.88517e+10
9.88517e+10
9.88517e+10
9.88517e+10
9.88517e+10
9.88517e+10
9.88517e+10
9.88517e+10
9.88517e+10
9.88517e+10
9.88517e+10
9.88517e+10
9.88517e+10
9.88517e+10
9.88517e+10
9.88517e+10
9.88517e+10
9.88517e+10
9.88517e+10
9.88517e+10
9.88517e+10
9.88517e+10
9.88517e+10
9.88517e+10
9.88517e+10
9.88517e+10
9.88517e+10
9.88517e+10
9.88517e+10
9.88517e+10
9.88517e+10
9.88517e+10
9.88517e+10
9.88517e+10
9.88517e+10
9.88517e+10
9.88517e+10
9.88517e+10
9.88517e+10
9.88517e+10
9.88517e+10
9.88517e+10
9.88517e+10
9.88517e+10
9.88517e+10
9.88517e+10
9.88517e+10
9.88517e+10
9.88517e+10
9.88517e+10
9.88517e+10
9.88517e+10
9.88517e+10
9.88517e+10
9.88517e+10
9.88517e+10
9.88517e+10
9.88517e+10
9.88517e+10
9.88517e+10
9.88517e+10
9.88517e+10
9.88517e+10
9.88517e+10
9.88517e+10
9.88517e+10
9.88517e+10
9.88517e+10
9.88517e+10
9.88517e+10
9.88517e+10
9.88517e+10
9.88517e+10
9.88517e+10
9.88517e+10
9.88517e+10
9.88517e+10
9.88517e+10
9.88517e+10
9.88517e+10
9.88517e+10
9.88517e+10
9.88517e+10
9.88517e+10
9.88517e+10
9.88517e+10
9.88517e+10
9.88517e+10
9.88517e+10
9.88517e+10
9.88517e+10
9.88517e+10
9.88517e+10
9.88517e+10
9.88517e+10
9.88517e+10
9.88517e+10
9.88517e+10
9.88517e+10
9.88517e+10
9.88517e+10
9.88517e+10
9.88517e+10
9.88517e+10
9.88517e+10
9.88517e+10
9.88517e+10
9.88517e+10
9.88517e+10
9.88517e+10
9.88517e+10
9.88517e+10
9.88517e+10
9.88517e+10
9.88517e+10
9.88517e+10
9.88517e+10
9.88517e+10
9.88517e+10
9.88517e+10
9.88517e+10
9.88517e+10
9.88517e+10
9.88517e+10
9.88517e+10
9.88517e+10
9.88517e+10
9.88517e+10
9.88517e+10
9.88517e+10
9.88517e+10
9.88517e+10
9.88517e+10
9.88517e+10
9.88517e+10
9.88517e+10
9.88517e+10
9.88517e+10
9.88517e+10
9.88517e+10
9.88517e+10
9.88517e+10
9.88517e+10
9.88517e+10
9.88517e+10
9.88517e+10
9.88517e+10
9.88517e+10
9.88517e+10
9.88517e+10
9.88517e+10
9.88517e+10
9.88517e+10
9.88517e+10
9.88517e+10
9.88517e+10
9.88517e+10
9.88517e+10
9.88517e+10
9.88517e+10
9.88517e+10
9.88517e+10
9.88517e+10
9.88517e+10
9.88517e+10
9.88517e+10
9.88517e+10
9.88517e+10
9.88517e+10
9.88517e+10
9.88517e+10
9.88517e+10
9.88517e+10
9.88517e+10
9.88517e+10
9.88517e+10
9.88517e+10
9.88517e+10
9.88517e+10
9.88517e+10
9.88517e+10
9.88517e+10
9.88517e+10
9.88517e+10
9.88517e+10
9.88517e+10
9.88517e+10
9.88517e+10
9.88517e+10
9.88517e+10
9.88517e+10
9.88517e+10
9.88517e+10
9.88517e+10
9.88517e+10
9.88517e+10
9.88517e+10
9.88517e+10
9.88517e+10
9.88517e+10
9.88517e+10
9.88517e+10
9.88517e+10
9.88517e+10
9.88517e+10
9.88517e+10
9.88517e+10
9.88517e+10
9.88517e+10
9.88517e+10
9.88517e+10
9.88517e+10
9.88517e+10
9.88517e+10
9.88517e+10
9.88517e+10
9.88517e+10
9.88517e+10
9.88517e+10
9.88517e+10
9.88517e+10
9.88517e+10
9.88517e+10
9.88517e+10
9.88517e+10
9.88517e+10
9.88517e+10
9.88517e+10
9.88517e+10
9.88517e+10
9.88517e+10
9.88517e+10
9.88517e+10
9.88517e+10
9.88517e+10
9.88517e+10
9.88517e+10
9.88517e+10
9.88517e+10
9.88517e+10
9.88517e+10
9.88517e+10
9.88517e+10
9.88517e+10
9.88517e+10
9.88517e+10
9.88517e+10
9.88517e+10
9.88517e+10
9.88517e+10
9.88517e+10
9.88517e+10
9.88517e+10
9.88517e+10
9.88517e+10
9.88517e+10
9.88517e+10
9.88517e+10
9.88517e+10
9.88517e+10
9.88517e+10
9.88517e+10
9.88517e+10
9.88517e+10
9.88495e+10
9.88497e+10
9.885e+10
9.88502e+10
9.88504e+10
9.88507e+10
9.88509e+10
9.88511e+10
9.88513e+10
9.88516e+10
9.88467e+10
9.88472e+10
9.88477e+10
9.88483e+10
9.88488e+10
9.88493e+10
9.88498e+10
9.88503e+10
9.88508e+10
9.88513e+10
9.88464e+10
9.88469e+10
9.88474e+10
9.88479e+10
9.88485e+10
9.8849e+10
9.88495e+10
9.885e+10
9.88505e+10
9.8851e+10
9.8846e+10
9.88466e+10
9.88471e+10
9.88476e+10
9.88481e+10
9.88487e+10
9.88492e+10
9.88497e+10
9.88502e+10
9.88506e+10
9.88457e+10
9.88463e+10
9.88468e+10
9.88473e+10
9.88478e+10
9.88483e+10
9.88488e+10
9.88493e+10
9.88498e+10
9.88503e+10
9.8845e+10
9.88456e+10
9.88462e+10
9.88467e+10
9.88473e+10
9.88478e+10
9.88484e+10
9.88489e+10
9.88495e+10
9.885e+10
9.88446e+10
9.88452e+10
9.88458e+10
9.88463e+10
9.88469e+10
9.88475e+10
9.8848e+10
9.88486e+10
9.88491e+10
9.88497e+10
9.88443e+10
9.88449e+10
9.88454e+10
9.8846e+10
9.88466e+10
9.88472e+10
9.88477e+10
9.88483e+10
9.88488e+10
9.88494e+10
9.88439e+10
9.88445e+10
9.88451e+10
9.88457e+10
9.88463e+10
9.88468e+10
9.88474e+10
9.8848e+10
9.88485e+10
9.88491e+10
9.88435e+10
9.88441e+10
9.88447e+10
9.88453e+10
9.88459e+10
9.88465e+10
9.88471e+10
9.88476e+10
9.88482e+10
9.88487e+10
9.88426e+10
9.88433e+10
9.88439e+10
9.88446e+10
9.88452e+10
9.88458e+10
9.88464e+10
9.88471e+10
9.88477e+10
9.88483e+10
9.88415e+10
9.88423e+10
9.8843e+10
9.88437e+10
9.88444e+10
9.88451e+10
9.88458e+10
9.88465e+10
9.88472e+10
9.88478e+10
9.8841e+10
9.88417e+10
9.88425e+10
9.88432e+10
9.88439e+10
9.88446e+10
9.88453e+10
9.8846e+10
9.88467e+10
9.88474e+10
9.88405e+10
9.88413e+10
9.8842e+10
9.88428e+10
9.88435e+10
9.88442e+10
9.88449e+10
9.88456e+10
9.88463e+10
9.8847e+10
9.88401e+10
9.88408e+10
9.88416e+10
9.88423e+10
9.8843e+10
9.88438e+10
9.88445e+10
9.88452e+10
9.88459e+10
9.88465e+10
9.88394e+10
9.88402e+10
9.88409e+10
9.88417e+10
9.88424e+10
9.88432e+10
9.88439e+10
9.88446e+10
9.88453e+10
9.8846e+10
9.88371e+10
9.88381e+10
9.8839e+10
9.884e+10
9.88409e+10
9.88418e+10
9.88427e+10
9.88436e+10
9.88445e+10
9.88453e+10
9.88361e+10
9.88371e+10
9.88381e+10
9.88391e+10
9.88401e+10
9.8841e+10
9.8842e+10
9.88429e+10
9.88438e+10
9.88447e+10
9.88355e+10
9.88365e+10
9.88375e+10
9.88385e+10
9.88394e+10
9.88404e+10
9.88414e+10
9.88423e+10
9.88432e+10
9.88441e+10
9.88349e+10
9.88359e+10
9.88369e+10
9.88379e+10
9.88388e+10
9.88398e+10
9.88408e+10
9.88417e+10
9.88426e+10
9.88435e+10
9.88341e+10
9.88351e+10
9.88362e+10
9.88372e+10
9.88381e+10
9.88391e+10
9.88401e+10
9.8841e+10
9.8842e+10
9.88429e+10
9.88322e+10
9.88333e+10
9.88345e+10
9.88356e+10
9.88367e+10
9.88378e+10
9.88389e+10
9.88399e+10
9.8841e+10
9.8842e+10
9.88297e+10
9.8831e+10
9.88324e+10
9.88337e+10
9.8835e+10
9.88362e+10
9.88375e+10
9.88387e+10
9.884e+10
9.88412e+10
9.88286e+10
9.883e+10
9.88313e+10
9.88327e+10
9.8834e+10
9.88353e+10
9.88366e+10
9.88379e+10
9.88391e+10
9.88404e+10
9.88277e+10
9.88291e+10
9.88305e+10
9.88318e+10
9.88331e+10
9.88345e+10
9.88358e+10
9.8837e+10
9.88383e+10
9.88395e+10
9.88268e+10
9.88282e+10
9.88296e+10
9.88309e+10
9.88323e+10
9.88336e+10
9.88349e+10
9.88362e+10
9.88375e+10
9.88387e+10
9.88212e+10
9.88227e+10
9.88243e+10
9.88258e+10
9.88273e+10
9.88287e+10
9.88302e+10
9.88316e+10
9.8833e+10
9.88344e+10
9.87843e+10
9.87895e+10
9.87945e+10
9.87995e+10
9.88044e+10
9.88092e+10
9.88139e+10
9.88185e+10
9.8823e+10
9.88275e+10
9.87658e+10
9.87726e+10
9.87791e+10
9.87856e+10
9.87919e+10
9.8798e+10
9.88041e+10
9.88099e+10
9.88157e+10
9.88213e+10
9.87583e+10
9.87653e+10
9.87721e+10
9.87787e+10
9.87852e+10
9.87916e+10
9.87978e+10
9.88039e+10
9.88098e+10
9.88156e+10
9.8752e+10
9.8759e+10
9.87659e+10
9.87726e+10
9.87792e+10
9.87856e+10
9.87919e+10
9.8798e+10
9.8804e+10
9.88099e+10
9.87487e+10
9.87555e+10
9.87621e+10
9.87685e+10
9.87749e+10
9.8781e+10
9.87871e+10
9.8793e+10
9.87988e+10
9.88045e+10
9.87404e+10
9.87475e+10
9.87546e+10
9.87615e+10
9.87682e+10
9.87748e+10
9.87812e+10
9.87876e+10
9.87937e+10
9.87998e+10
9.8729e+10
9.8737e+10
9.87448e+10
9.87524e+10
9.87599e+10
9.87672e+10
9.87744e+10
9.87813e+10
9.87882e+10
9.87948e+10
9.87204e+10
9.87289e+10
9.87371e+10
9.87452e+10
9.87531e+10
9.87608e+10
9.87684e+10
9.87757e+10
9.87829e+10
9.879e+10
9.8715e+10
9.87235e+10
9.87319e+10
9.874e+10
9.8748e+10
9.87558e+10
9.87634e+10
9.87708e+10
9.87781e+10
9.87852e+10
9.87096e+10
9.87182e+10
9.87266e+10
9.87348e+10
9.87429e+10
9.87507e+10
9.87584e+10
9.87659e+10
9.87732e+10
9.87804e+10
9.87053e+10
9.87138e+10
9.87221e+10
9.87302e+10
9.87381e+10
9.87459e+10
9.87535e+10
9.87609e+10
9.87682e+10
9.87752e+10
9.87007e+10
9.87091e+10
9.87173e+10
9.87253e+10
9.87332e+10
9.87408e+10
9.87484e+10
9.87557e+10
9.87629e+10
9.87699e+10
9.86877e+10
9.8697e+10
9.87061e+10
9.8715e+10
9.87237e+10
9.87321e+10
9.87404e+10
9.87485e+10
9.87564e+10
9.87642e+10
9.8676e+10
9.86861e+10
9.86959e+10
9.87054e+10
9.87148e+10
9.87239e+10
9.87329e+10
9.87416e+10
9.87501e+10
9.87584e+10
9.86697e+10
9.86798e+10
9.86897e+10
9.86993e+10
9.87088e+10
9.8718e+10
9.8727e+10
9.87358e+10
9.87444e+10
9.87528e+10
9.86633e+10
9.86735e+10
9.86835e+10
9.86932e+10
9.87027e+10
9.8712e+10
9.87211e+10
9.873e+10
9.87386e+10
9.87471e+10
9.86625e+10
9.86721e+10
9.86814e+10
9.86906e+10
9.86995e+10
9.87082e+10
9.87168e+10
9.87251e+10
9.87333e+10
9.87413e+10
9.86492e+10
9.86596e+10
9.86698e+10
9.86798e+10
9.86895e+10
9.8699e+10
9.87083e+10
9.87174e+10
9.87262e+10
9.87349e+10
9.86362e+10
9.86474e+10
9.86584e+10
9.86691e+10
9.86796e+10
9.86898e+10
9.86998e+10
9.87096e+10
9.87191e+10
9.87284e+10
9.86275e+10
9.86391e+10
9.86503e+10
9.86613e+10
9.86721e+10
9.86825e+10
9.86928e+10
9.87028e+10
9.87126e+10
9.87221e+10
9.86205e+10
9.86321e+10
9.86435e+10
9.86545e+10
9.86653e+10
9.86759e+10
9.86862e+10
9.86963e+10
9.87062e+10
9.87158e+10
9.86188e+10
9.86298e+10
9.86406e+10
9.86511e+10
9.86613e+10
9.86714e+10
9.86812e+10
9.86908e+10
9.87002e+10
9.87094e+10
9.86101e+10
9.86213e+10
9.86323e+10
9.8643e+10
9.86535e+10
9.86638e+10
9.86738e+10
9.86836e+10
9.86932e+10
9.87025e+10
9.85959e+10
9.8608e+10
9.86199e+10
9.86314e+10
9.86427e+10
9.86537e+10
9.86645e+10
9.8675e+10
9.86853e+10
9.86954e+10
9.85827e+10
9.85956e+10
9.86081e+10
9.86204e+10
9.86324e+10
9.86441e+10
9.86555e+10
9.86666e+10
9.86775e+10
9.86882e+10
9.85745e+10
9.85875e+10
9.86002e+10
9.86126e+10
9.86247e+10
9.86365e+10
9.86481e+10
9.86593e+10
9.86704e+10
9.86811e+10
9.85665e+10
9.85796e+10
9.85924e+10
9.86049e+10
9.86171e+10
9.8629e+10
9.86406e+10
9.8652e+10
9.86631e+10
9.86739e+10
9.8561e+10
9.85738e+10
9.85864e+10
9.85987e+10
9.86107e+10
9.86224e+10
9.86338e+10
9.8645e+10
9.8656e+10
9.86667e+10
9.8557e+10
9.85694e+10
9.85816e+10
9.85935e+10
9.86051e+10
9.86164e+10
9.86275e+10
9.86384e+10
9.8649e+10
9.86594e+10
9.85445e+10
9.85575e+10
9.85702e+10
9.85827e+10
9.85948e+10
9.86067e+10
9.86183e+10
9.86297e+10
9.86408e+10
9.86517e+10
9.85277e+10
9.85418e+10
9.85556e+10
9.85691e+10
9.85822e+10
9.85951e+10
9.86077e+10
9.86199e+10
9.86319e+10
9.86437e+10
9.85188e+10
9.8533e+10
9.8547e+10
9.85606e+10
9.85739e+10
9.85869e+10
9.85996e+10
9.8612e+10
9.86241e+10
9.86359e+10
9.851e+10
9.85244e+10
9.85384e+10
9.85521e+10
9.85655e+10
9.85786e+10
9.85914e+10
9.86039e+10
9.86161e+10
9.86281e+10
9.85103e+10
9.85236e+10
9.85367e+10
9.85495e+10
9.8562e+10
9.85742e+10
9.85862e+10
9.85979e+10
9.86093e+10
9.86205e+10
9.84988e+10
9.85126e+10
9.85261e+10
9.85392e+10
9.85521e+10
9.85647e+10
9.8577e+10
9.85891e+10
9.86009e+10
9.86124e+10
9.84822e+10
9.8497e+10
9.85114e+10
9.85256e+10
9.85394e+10
9.85529e+10
9.85661e+10
9.8579e+10
9.85916e+10
9.86039e+10
9.84707e+10
9.84859e+10
9.85007e+10
9.85152e+10
9.85294e+10
9.85432e+10
9.85568e+10
9.857e+10
9.8583e+10
9.85956e+10
9.84616e+10
9.84769e+10
9.84918e+10
9.85064e+10
9.85207e+10
9.85346e+10
9.85483e+10
9.85616e+10
9.85746e+10
9.85874e+10
9.84602e+10
9.84747e+10
9.84888e+10
9.85026e+10
9.85161e+10
9.85293e+10
9.85423e+10
9.85549e+10
9.85673e+10
9.85794e+10
9.84543e+10
9.84684e+10
9.84822e+10
9.84958e+10
9.8509e+10
9.8522e+10
9.85347e+10
9.85471e+10
9.85593e+10
9.85712e+10
9.84399e+10
9.84548e+10
9.84693e+10
9.84835e+10
9.84974e+10
9.8511e+10
9.85243e+10
9.85373e+10
9.85501e+10
9.85626e+10
9.84236e+10
9.84394e+10
9.84548e+10
9.84699e+10
9.84846e+10
9.84991e+10
9.85132e+10
9.8527e+10
9.85405e+10
9.85537e+10
9.84137e+10
9.84296e+10
9.84452e+10
9.84604e+10
9.84753e+10
9.84899e+10
9.85042e+10
9.85181e+10
9.85317e+10
9.85451e+10
9.84043e+10
9.84203e+10
9.8436e+10
9.84513e+10
9.84663e+10
9.8481e+10
9.84953e+10
9.85094e+10
9.85231e+10
9.85366e+10
9.83981e+10
9.84139e+10
9.84293e+10
9.84443e+10
9.84591e+10
9.84735e+10
9.84876e+10
9.85014e+10
9.85149e+10
9.85282e+10
9.8396e+10
9.8411e+10
9.84256e+10
9.84399e+10
9.8454e+10
9.84677e+10
9.84812e+10
9.84943e+10
9.85072e+10
9.85199e+10
9.83872e+10
9.84022e+10
9.84168e+10
9.84312e+10
9.84452e+10
9.8459e+10
9.84724e+10
9.84856e+10
9.84986e+10
9.85112e+10
9.83678e+10
9.83841e+10
9.83999e+10
9.84155e+10
9.84307e+10
9.84455e+10
9.84601e+10
9.84744e+10
9.84883e+10
9.8502e+10
9.8358e+10
9.83743e+10
9.83903e+10
9.8406e+10
9.84213e+10
9.84363e+10
9.8451e+10
9.84654e+10
9.84795e+10
9.84932e+10
9.83486e+10
9.83651e+10
9.83811e+10
9.83969e+10
9.84123e+10
9.84274e+10
9.84422e+10
9.84567e+10
9.84708e+10
9.84847e+10
9.83498e+10
9.8365e+10
9.838e+10
9.83947e+10
9.8409e+10
9.84231e+10
9.84369e+10
9.84504e+10
9.84636e+10
9.84766e+10
9.83438e+10
9.83588e+10
9.83734e+10
9.83878e+10
9.84018e+10
9.84156e+10
9.84291e+10
9.84424e+10
9.84554e+10
9.84681e+10
9.83273e+10
9.83432e+10
9.83587e+10
9.83739e+10
9.83888e+10
9.84035e+10
9.84178e+10
9.84318e+10
9.84456e+10
9.8459e+10
9.8315e+10
9.83313e+10
9.83472e+10
9.83628e+10
9.83781e+10
9.83931e+10
9.84078e+10
9.84222e+10
9.84363e+10
9.84501e+10
9.83059e+10
9.83223e+10
9.83383e+10
9.8354e+10
9.83694e+10
9.83844e+10
9.83992e+10
9.84136e+10
9.84278e+10
9.84417e+10
9.83051e+10
9.83205e+10
9.83357e+10
9.83505e+10
9.83651e+10
9.83793e+10
9.83933e+10
9.8407e+10
9.84205e+10
9.84337e+10
9.83033e+10
9.83179e+10
9.83323e+10
9.83464e+10
9.83603e+10
9.83738e+10
9.83871e+10
9.84002e+10
9.8413e+10
9.84256e+10
9.82926e+10
9.83076e+10
9.83222e+10
9.83365e+10
9.83506e+10
9.83644e+10
9.83779e+10
9.83912e+10
9.84043e+10
9.84171e+10
9.82765e+10
9.82923e+10
9.83078e+10
9.8323e+10
9.83379e+10
9.83525e+10
9.83668e+10
9.83809e+10
9.83947e+10
9.84082e+10
9.82671e+10
9.8283e+10
9.82986e+10
9.83139e+10
9.83289e+10
9.83437e+10
9.83581e+10
9.83723e+10
9.83861e+10
9.83998e+10
9.82586e+10
9.82746e+10
9.82902e+10
9.83056e+10
9.83207e+10
9.83355e+10
9.835e+10
9.83642e+10
9.83782e+10
9.83919e+10
9.8253e+10
9.82687e+10
9.82841e+10
9.82992e+10
9.83141e+10
9.83286e+10
9.83429e+10
9.83568e+10
9.83706e+10
9.8384e+10
9.8253e+10
9.82678e+10
9.82823e+10
9.82965e+10
9.83104e+10
9.83241e+10
9.83376e+10
9.83508e+10
9.83637e+10
9.83764e+10
9.82515e+10
9.82655e+10
9.82793e+10
9.82927e+10
9.8306e+10
9.8319e+10
9.83317e+10
9.83443e+10
9.83566e+10
9.83687e+10
9.82341e+10
9.82492e+10
9.8264e+10
9.82785e+10
9.82928e+10
9.83067e+10
9.83205e+10
9.8334e+10
9.83472e+10
9.83602e+10
9.82258e+10
9.8241e+10
9.82559e+10
9.82705e+10
9.82848e+10
9.82989e+10
9.83127e+10
9.83263e+10
9.83396e+10
9.83527e+10
9.82179e+10
9.82332e+10
9.82481e+10
9.82628e+10
9.82772e+10
9.82913e+10
9.83052e+10
9.83188e+10
9.83322e+10
9.83453e+10
9.82194e+10
9.82336e+10
9.82475e+10
9.82612e+10
9.82746e+10
9.82878e+10
9.83008e+10
9.83135e+10
9.8326e+10
9.83383e+10
9.82207e+10
9.82339e+10
9.82468e+10
9.82595e+10
9.8272e+10
9.82843e+10
9.82964e+10
9.83082e+10
9.83199e+10
9.83313e+10
9.82084e+10
9.82221e+10
9.82356e+10
9.82488e+10
9.82618e+10
9.82746e+10
9.82872e+10
9.82996e+10
9.83117e+10
9.83236e+10
9.81984e+10
9.82124e+10
9.82262e+10
9.82397e+10
9.82531e+10
9.82661e+10
9.8279e+10
9.82916e+10
9.8304e+10
9.83162e+10
9.81913e+10
9.82054e+10
9.82192e+10
9.82328e+10
9.82462e+10
9.82593e+10
9.82722e+10
9.82849e+10
9.82973e+10
9.83096e+10
9.81909e+10
9.82043e+10
9.82174e+10
9.82303e+10
9.8243e+10
9.82554e+10
9.82677e+10
9.82797e+10
9.82916e+10
9.83032e+10
9.81933e+10
9.82056e+10
9.82177e+10
9.82296e+10
9.82413e+10
9.82528e+10
9.82641e+10
9.82752e+10
9.82862e+10
9.82969e+10
9.81882e+10
9.82003e+10
9.82122e+10
9.82239e+10
9.82354e+10
9.82467e+10
9.82579e+10
9.82689e+10
9.82796e+10
9.82903e+10
9.81761e+10
9.81888e+10
9.82013e+10
9.82136e+10
9.82257e+10
9.82376e+10
9.82493e+10
9.82608e+10
9.82721e+10
9.82832e+10
9.8169e+10
9.81817e+10
9.81943e+10
9.82067e+10
9.82188e+10
9.82308e+10
9.82426e+10
9.82541e+10
9.82655e+10
9.82767e+10
9.81621e+10
9.8175e+10
9.81876e+10
9.82e+10
9.82122e+10
9.82242e+10
9.8236e+10
9.82476e+10
9.8259e+10
9.82702e+10
9.81575e+10
9.81702e+10
9.81825e+10
9.81947e+10
9.82067e+10
9.82185e+10
9.82301e+10
9.82415e+10
9.82528e+10
9.82638e+10
9.81575e+10
9.81693e+10
9.8181e+10
9.81925e+10
9.82038e+10
9.82149e+10
9.82258e+10
9.82366e+10
9.82472e+10
9.82576e+10
9.81567e+10
9.81679e+10
9.81789e+10
9.81897e+10
9.82004e+10
9.82109e+10
9.82212e+10
9.82314e+10
9.82414e+10
9.82513e+10
9.81438e+10
9.81557e+10
9.81674e+10
9.8179e+10
9.81903e+10
9.82015e+10
9.82125e+10
9.82233e+10
9.82339e+10
9.82444e+10
9.81367e+10
9.81486e+10
9.81604e+10
9.8172e+10
9.81834e+10
9.81946e+10
9.82057e+10
9.82166e+10
9.82273e+10
9.82378e+10
9.81298e+10
9.81418e+10
9.81536e+10
9.81652e+10
9.81766e+10
9.81879e+10
9.8199e+10
9.82099e+10
9.82206e+10
9.82311e+10
9.81934e+10
9.81978e+10
9.82022e+10
9.82064e+10
9.82107e+10
9.82148e+10
9.8219e+10
9.8223e+10
9.82271e+10
9.82311e+10
9.8233e+10
9.8233e+10
9.8233e+10
9.8233e+10
9.8233e+10
9.8233e+10
9.8233e+10
9.8233e+10
9.8233e+10
9.8233e+10
)
;

boundaryField
{
    fuelBottom
    {
        type            empty;
    }
    fuelTop_1
    {
        type            empty;
    }
    fuelOuter
    {
        type            zeroGradient;
    }
    fuelTop
    {
        type            empty;
    }
    fuelInner
    {
        type            zeroGradient;
    }
    cladBottom
    {
        type            empty;
    }
    cladInner
    {
        type            zeroGradient;
    }
    cladOuter
    {
        type            zeroGradient;
    }
    cladTop
    {
        type            empty;
    }
    front
    {
        type            wedge;
    }
    back
    {
        type            wedge;
    }
}


// ************************************************************************* //
