/*--------------------------------*- C++ -*----------------------------------*\
| =========                 |                                                 |
| \\      /  F ield         | OpenFOAM: The Open Source CFD Toolbox           |
|  \\    /   O peration     | Version:  2412                                  |
|   \\  /    A nd           | Website:  www.openfoam.com                      |
|    \\/     M anipulation  |                                                 |
\*---------------------------------------------------------------------------*/
FoamFile
{
    version     2.0;
    format      ascii;
    arch        "LSB;label=32;scalar=64";
    class       volScalarField;
    location    "25888284.641197/fuelBehaviourRegion";
    object      rho_0;
}
// * * * * * * * * * * * * * * * * * * * * * * * * * * * * * * * * * * * * * //

dimensions      [1 -3 0 0 0 0 0];

internalField   nonuniform List<scalar> 
4720
(
10457.2
10457.2
10457.2
10457.2
10457.2
10457.2
10457.2
10457.2
10457.2
10457.2
10457.2
10457.2
10457.2
10457.2
10457.2
10457.2
10457.2
10457.2
10457.2
10457.2
10457.2
10457.2
10457.2
10457.2
10457.2
10457.2
10457.2
10457.2
10457.2
10457.2
10457.2
10457.2
10457.2
10457.2
10457.2
10457.2
10457.2
10457.2
10457.2
10457.2
10457.2
10457.2
10457.2
10457.2
10457.2
10457.2
10457.2
10457.2
10457.2
10457.2
10457.2
10457.2
10457.2
10457.2
10457.2
10457.2
10457.2
10457.2
10457.2
10457.2
10457.2
10457.2
10457.2
10457.2
10457.2
10457.2
10457.2
10457.2
10457.2
10457.2
10457.2
10457.2
10457.2
10457.2
10457.2
10457.2
10457.2
10457.2
10457.2
10457.2
10457.2
10457.2
10457.2
10457.2
10457.2
10457.2
10457.2
10457.2
10457.2
10457.2
10457.2
10457.2
10457.2
10457.2
10457.2
10457.2
10457.2
10457.2
10457.2
10457.2
10457.2
10457.2
10457.2
10457.2
10457.2
10457.2
10457.2
10457.2
10457.2
10457.2
10457.2
10457.2
10457.2
10457.2
10457.2
10457.2
10457.2
10457.2
10457.2
10457.2
10457.2
10457.2
10457.2
10457.2
10457.2
10457.2
10457.2
10457.2
10457.2
10457.2
10457.2
10457.2
10457.2
10457.2
10457.2
10457.2
10457.2
10457.2
10457.2
10457.2
10457.2
10457.2
10457.2
10457.2
10457.2
10457.2
10457.2
10457.2
10457.2
10457.2
10457.2
10457.2
10457.2
10457.2
10457.2
10457.2
10457.2
10457.2
10457.2
10457.2
10457.2
10457.2
10457.2
10457.2
10457.2
10457.2
10457.2
10457.2
10457.2
10457.2
10457.2
10457.2
10457.2
10457.2
10457.2
10457.2
10457.2
10457.2
10457.2
10457.2
10457.2
10457.2
10457.2
10457.2
10457.2
10457.2
10457.2
10457.2
10457.2
10457.2
10457.2
10457.2
10457.2
10457.2
10457.2
10457.2
10457.2
10457.2
10457.2
10457.2
10457.2
10457.2
10457.2
10457.2
10457.2
10457.2
10457.2
10457.2
10457.2
10457.2
10457.2
10457.2
10457.2
10457.2
10457.2
10457.2
10457.2
10457.2
10457.2
10457.2
10457.2
10457.2
10457.2
10457.2
10457.2
10457.2
10457.2
10457.2
10457.2
10457.2
10457.2
10457.2
10457.2
10457.2
10457.2
10457.2
10457.2
10457.2
10457.2
10457.2
10457.2
10457.2
10457.2
10457.2
10457.2
10457.2
10457.2
10457.2
10457.2
10457.2
10457.2
10457.2
10457.2
10457.2
10457.2
10457.2
10457.2
10457.2
10457.2
10457.2
10457.2
10457.2
10457.2
10457.2
10457.2
10457.2
10457.2
10457.2
10457.2
10457.2
10457.2
10457.2
10457.2
10457.2
10457.2
10457.2
10457.2
10457.2
10457.2
10457.2
10457.2
10457.2
10457.2
10457.2
10457.2
10457.2
10457.2
10457.2
10457.2
10457.2
10457.2
10457.2
10457.2
10457.2
10457.2
10457.2
10457.2
10457.2
10457.2
10457.2
10457.2
10457.2
10457.2
10457.2
10457.2
10457.2
10457.2
10457.2
10457.2
10457.2
10457.2
10457.2
10457.2
10457.2
10457.2
10457.2
10457.2
10457.2
10457.2
10457.2
10457.2
10457.2
10457.2
10457.2
10457.2
10457.2
10457.2
10457.2
10457.2
10457.2
10457.2
10457.2
10457.2
10457.2
10457.2
10457.2
10457.2
10457.2
10457.2
10457.2
10457.2
10457.2
10457.2
10457.2
10457.2
10457.2
10457.2
10457.2
10457.2
10457.2
10457.2
10457.2
10457.2
10457.2
10457.2
10457.2
10457.2
10457.2
10457.2
10457.2
10457.2
10457.2
10457.2
10457.2
10457.2
10457.2
10457.2
10457.2
10457.2
10457.2
10457.2
10457.2
10457.2
10457.2
10457.2
10457.2
10457.2
10457.2
10457.2
10457.2
10457.2
10457.2
10457.2
10457.2
10457.2
10457.2
10457.2
10457.2
10457.2
10457.2
10457.2
10457.2
10457.2
10457.2
10457.2
10457.2
10457.2
10457.2
10457.2
10457.2
10457.2
10457.2
10457.2
10457.2
10457.2
10457.2
10457.2
10457.2
10457.2
10457.2
10457.2
10457.2
10457.2
10457.2
10457.2
10457.2
10457.2
10457.2
10457.2
10457.2
10457.2
10457.2
10457.2
10457.2
10457.2
10457.2
10457.2
10457.2
10457.2
10457.2
10457.2
10457.2
10457.2
10457.2
10457.2
10457.2
10457.2
10457.2
10457.2
10457.2
10457.2
10457.2
10457.2
10457.2
10457.2
10457.2
10457.2
10457.2
10457.2
10457.2
10457.2
10457.2
10457.2
10457.2
10457.2
10457.2
10457.2
10457.2
10457.2
10457.2
10457.2
10457.2
10457.2
10457.2
10457.2
10457.2
10457.2
10457.2
10457.2
10457.2
10457.2
10457.2
10457.2
10457.2
10457.2
10457.2
10457.2
10457.2
10457.2
10457.2
10457.2
10457.2
10457.2
10457.2
10457.2
10457.2
10457.2
10457.2
10457.2
10457.2
10457.2
10457.2
10457.2
10457.2
10457.2
10457.2
10457.2
10457.2
10457.2
10457.2
10457.2
10457.2
10457.2
10457.2
10457.2
10457.2
10457.2
10457.2
10457.2
10457.2
10457.2
10457.2
10457.2
10457.2
10457.2
10457.2
10457.2
10457.2
10457.2
10457.2
10457.2
10457.2
10457.2
10457.2
10457.2
10457.2
10457.2
10457.2
10457.2
10457.2
10457.2
10457.2
10457.2
10457.2
10457.2
10457.2
10457.2
10457.2
10457.2
10457.2
10457.2
10457.2
10457.2
10457.2
10457.2
10457.2
10457.2
10457.2
10457.2
10457.2
10457.2
10457.2
10457.2
10457.2
10457.2
10457.2
10457.2
10457.2
10457.2
10457.2
10457.2
10457.2
10457.2
10457.2
10457.2
10457.2
10457.2
10457.2
10457.2
10457.2
10457.2
10457.2
10457.2
10457.2
10457.2
10457.2
10457.2
10457.2
10457.2
10457.2
10457.2
10457.2
10457.2
10457.2
10457.2
10457.2
10457.2
10457.2
10457.2
10457.2
10457.2
10457.2
10457.2
10457.2
10457.2
10457.2
10457.2
10457.2
10457.2
10457.2
10457.2
10457.2
10457.2
10457.2
10457.2
10457.2
10457.2
10457.2
10457.2
10457.2
10457.2
10457.2
10457.2
10457.2
10457.2
10457.2
10457.2
10457.2
10457.2
10457.2
10457.2
10457.2
10457.2
10457.2
10457.2
10457.2
10457.2
10457.2
10457.2
10457.2
10457.2
10457.2
10457.2
10457.2
10457.2
10457.2
10457.2
10457.2
10457.2
10457.2
10457.2
10457.2
10457.2
10457.2
10457.2
10457.2
10457.2
10457.2
10457.2
10457.2
10457.2
10457.2
10457.2
10457.2
10457.2
10457.2
10457.2
10457.2
10457.2
10457.2
10457.2
10457.2
10457.2
10457.2
10457.2
10457.2
10457.2
10457.2
10457.2
10457.2
10457.2
10457.2
10457.2
10457.2
10457.2
10457.2
10457.2
10457.2
10457.2
10457.2
10457.2
10457.2
10457.2
10457.2
10457.2
10457.2
10457.2
10457.2
10457.2
10457.2
10457.2
10457.2
10457.2
10457.2
10457.2
10457.2
10457.2
10457.2
10457.2
10457.2
10457.2
10457.2
10457.2
10457.2
10457.2
10457.2
10457.2
10457.2
10457.2
10457.2
10457.2
10457.2
10457.2
10457.2
10457.2
10457.2
10457.2
10457.2
10457.2
10457.2
10457.2
10457.2
10457.2
10457.2
10457.2
10457.2
10457.2
10457.2
10457.2
10457.2
10457.2
10457.2
10457.2
10457.2
10457.2
10457.2
10457.2
10457.2
10457.2
10457.2
10457.2
10457.2
10457.2
10457.2
10457.2
10457.2
10457.2
10457.2
10457.2
10457.2
10457.2
10457.2
10457.2
10457.2
10457.2
10457.2
10457.2
10457.2
10457.2
10457.2
10457.2
10457.2
10457.2
10457.2
10457.2
10457.2
10457.2
10457.2
10457.2
10457.2
10457.2
10457.2
10457.2
10457.2
10457.2
10457.2
10457.2
10457.2
10457.2
10457.2
10457.2
10457.2
10457.2
10457.2
10457.2
10457.2
10457.2
10457.2
10457.2
10457.2
10457.2
10457.2
10457.2
10457.2
10457.2
10457.2
10457.2
10457.2
10457.2
10457.2
10457.2
10457.2
10457.2
10457.2
10457.2
10457.2
10457.2
10457.2
10457.2
10457.2
10457.2
10457.2
10457.2
10457.2
10457.2
10457.2
10457.2
10457.2
10457.2
10457.2
10457.2
10457.2
10457.2
10457.2
10457.2
10457.2
10457.2
10457.2
10457.2
10457.2
10457.2
10457.2
10457.2
10457.2
10457.2
10457.2
10457.2
10457.2
10457.2
10457.2
10457.2
10457.2
10457.2
10457.2
10457.2
10457.2
10457.2
10457.2
10457.2
10457.2
10457.2
10457.2
10457.2
10457.2
10457.2
10457.2
10457.2
10457.2
10457.2
10457.2
10457.2
10457.2
10457.2
10457.2
10457.2
10457.2
10457.2
10457.2
10457.2
10457.2
10457.2
10457.2
10457.2
10457.2
10457.2
10457.2
10457.2
10457.2
10457.2
10457.2
10457.2
10457.2
10457.2
10457.2
10457.2
10457.2
10457.2
10457.2
10457.2
10457.2
10457.2
10457.2
10457.2
10457.2
10457.2
10457.2
10457.2
10457.2
10457.2
10457.2
10489.1
10495.2
10506.1
10518.7
10530.9
10541.3
10549.3
10554.5
10557.3
10557.9
10557
10555.1
10552.7
10550.3
10548.1
10546.3
10544.9
10543.9
10543.3
10542.8
10542.6
10542.4
10542.3
10542.3
10542.3
10542.3
10542.2
10542.2
10542.2
10542.2
10468.5
10478
10494.1
10512.2
10529.2
10543.2
10553.5
10560
10563
10563.2
10561.4
10558.5
10555.2
10551.9
10549.1
10546.8
10545.2
10544
10543.3
10542.8
10542.5
10542.4
10542.3
10542.3
10542.3
10542.3
10542.2
10542.2
10542.2
10542.2
10471.9
10480.9
10496.4
10513.7
10530
10543.5
10553.4
10559.6
10562.4
10562.5
10560.8
10558
10554.7
10551.5
10548.8
10546.6
10545
10543.9
10543.2
10542.8
10542.5
10542.4
10542.3
10542.3
10542.3
10542.3
10542.2
10542.2
10542.2
10542.2
10468.7
10478.2
10494.4
10512.5
10529.5
10543.6
10553.9
10560.3
10563.3
10563.5
10561.7
10558.7
10555.3
10552
10549.2
10546.9
10545.2
10544
10543.3
10542.8
10542.5
10542.4
10542.3
10542.3
10542.3
10542.3
10542.2
10542.2
10542.2
10542.2
10489.9
10496.5
10508
10521.1
10533.5
10543.8
10551.4
10556
10558
10557.9
10556.4
10554.1
10551.6
10549.1
10547.1
10545.4
10544.2
10543.4
10542.9
10542.6
10542.4
10542.3
10542.3
10542.3
10542.3
10542.2
10542.2
10542.2
10542.2
10542.2
9915.7
10100.5
10290.2
10437
10538.1
10603
10641.6
10661.4
10667.2
10662.6
10650.5
10633.4
10614.2
10595.4
10579
10566.1
10556.7
10550.5
10546.7
10544.5
10543.3
10542.7
10542.5
10542.3
10542.3
10542.3
10542.2
10542.2
10542.2
10542.2
9733.31
10001.8
10252.5
10433
10550.1
10621.8
10663.3
10683.9
10689.7
10684.3
10670.7
10651.4
10629.3
10607.2
10587.6
10571.8
10560.3
10552.6
10547.9
10545.1
10543.6
10542.9
10542.5
10542.4
10542.3
10542.3
10542.3
10542.2
10542.2
10542.2
9723.57
9997.25
10251.4
10433.6
10551.3
10623.3
10664.7
10685.3
10691.1
10685.6
10671.8
10652.4
10630.1
10607.9
10588.1
10572.2
10560.5
10552.7
10547.9
10545.1
10543.6
10542.9
10542.5
10542.4
10542.3
10542.3
10542.3
10542.2
10542.2
10542.2
9692.97
9981.65
10245.9
10433.4
10553.4
10626.3
10668.1
10688.8
10694.5
10689
10675
10655.3
10632.6
10609.9
10589.6
10573.2
10561.2
10553.1
10548.1
10545.2
10543.7
10542.9
10542.5
10542.4
10542.3
10542.3
10542.3
10542.2
10542.2
10542.2
9666.51
9968.58
10241.7
10433.7
10555.5
10629.1
10671.2
10692
10697.6
10692
10678
10658
10635
10611.8
10591
10574.2
10561.8
10553.5
10548.4
10545.4
10543.8
10542.9
10542.5
10542.4
10542.3
10542.3
10542.3
10542.2
10542.2
10542.2
9875.07
10081.3
10285.7
10440.2
10544.5
10610.4
10649.1
10668.4
10673.7
10668.3
10655.3
10637.3
10617.1
10597.4
10580.2
10566.7
10557
10550.7
10546.7
10544.5
10543.3
10542.7
10542.5
10542.3
10542.3
10542.3
10542.2
10542.2
10542.2
10542.2
6350.77
9023.28
10373.6
10753.6
10854.4
10892.5
10908.2
10912
10907.2
10894.6
10873.8
10843.8
10804.1
10755.7
10702.9
10652.5
10610.9
10581.3
10562.6
10552.1
10546.7
10544.1
10543
10542.5
10542.3
10542.3
10542.3
10542.2
10542.2
10542.2
5835.31
8882.3
10418.4
10800.3
10885.9
10916.9
10929.5
10932
10927.3
10915.6
10896.3
10868.3
10830.2
10782.1
10727.2
10672.1
10624.8
10589.8
10567.4
10554.5
10547.8
10544.6
10543.2
10542.6
10542.4
10542.3
10542.3
10542.2
10542.2
10542.2
5776.55
8871.57
10427.8
10807.3
10890.4
10920.3
10932.4
10934.8
10930
10918.5
10899.5
10871.7
10833.9
10785.9
10730.8
10675.1
10626.9
10591.2
10568.1
10554.9
10548
10544.7
10543.2
10542.6
10542.4
10542.3
10542.3
10542.2
10542.2
10542.2
5717.42
8859.79
10436.7
10814.1
10894.7
10923.6
10935.3
10937.5
10932.8
10921.4
10902.7
10875.4
10837.9
10790.2
10734.9
10678.6
10629.5
10592.8
10569.1
10555.4
10548.2
10544.8
10543.3
10542.6
10542.4
10542.3
10542.3
10542.2
10542.2
10542.2
6149.75
8995.85
10409.6
10780.2
10871.4
10905.3
10919
10921.9
10916.7
10904.2
10883.7
10854
10814.4
10765.5
10711.3
10658.8
10615
10583.6
10563.8
10552.7
10546.9
10544.2
10543
10542.5
10542.3
10542.3
10542.3
10542.2
10542.2
10542.2
3720.99
8052.8
10531.8
10974.9
11002.3
11008.7
11010.9
11010.4
11007.8
11002.6
10994
10980.4
10959.3
10927.1
10879.4
10814
10736.7
10663.1
10607.8
10573.9
10556.1
10547.8
10544.3
10543
10542.5
10542.3
10542.3
10542.3
10542.2
10542.2
3422.1
7816.23
10481.5
10983.3
11010
11015.1
11016.9
11016.5
11014.4
11010.3
11003.5
10992.6
10975.5
10948.8
10907.8
10848.3
10771.8
10691.6
10626.1
10583.7
10560.6
10549.7
10545
10543.2
10542.6
10542.3
10542.3
10542.3
10542.2
10542.2
3407.3
7807.8
10481.7
10984.9
11011.1
11016
11017.7
11017.4
11015.3
11011.4
11004.8
10994.2
10977.6
10951.6
10911.6
10853
10776.9
10695.9
10629
10585.2
10561.4
10550
10545.2
10543.3
10542.6
10542.3
10542.3
10542.3
10542.2
10542.2
3407.52
7813.13
10485.8
10986.5
11012
11016.8
11018.4
11018.1
11016.1
11012.3
11005.9
10995.7
10979.6
10954.4
10915.3
10857.8
10782.1
10700.5
10632.2
10587
10562.2
10550.4
10545.3
10543.3
10542.6
10542.3
10542.3
10542.3
10542.2
10542.2
3708.53
8063.57
10544.5
10980.5
11005.7
11011.4
11013.3
11012.8
11010.2
11005.3
10997.2
10984.3
10964.2
10933.2
10886.9
10822.3
10744.4
10668.7
10611
10575.4
10556.7
10548
10544.4
10543
10542.5
10542.3
10542.3
10542.3
10542.2
10542.2
2795.55
7257.35
10340.5
11002.5
11029.1
11030.8
11031.4
11031.2
11030.4
11028.7
11026
11021.5
11014
11001.3
10979.8
10943
10882.8
10796.2
10699.9
10623.6
10578.3
10556.4
10547.3
10543.9
10542.8
10542.4
10542.3
10542.3
10542.2
10542.2
2539
6964.95
10233.3
10998.2
11031.3
11032.7
11033.2
11033
11032.4
11031.2
11029.2
11025.8
11020.2
11010.7
10994.2
10965.5
10916.3
10838.8
10740.1
10650.4
10592
10562.3
10549.5
10544.7
10543
10542.5
10542.3
10542.3
10542.2
10542.2
2567.52
7000.98
10248.3
10999.7
11031.6
11032.9
11033.4
11033.3
11032.7
11031.5
11029.5
11026.2
11020.8
11011.6
10995.6
10967.6
10919.4
10843
10744.3
10653.3
10593.5
10563
10549.8
10544.8
10543
10542.5
10542.3
10542.3
10542.2
10542.2
2545.85
6975.72
10238.8
10999.3
11031.8
11033.1
11033.5
11033.4
11032.9
11031.7
11029.8
11026.7
11021.4
11012.5
10997.1
10970
10923.1
10848
10749.5
10657.1
10595.5
10563.8
10550.1
10544.9
10543
10542.5
10542.3
10542.3
10542.2
10542.2
2567.15
7002.9
10250.2
11000.5
11032
11033.3
11033.7
11033.6
11033.1
11032
11030.2
11027.1
11022.1
11013.5
10998.7
10972.5
10927
10853.5
10755.3
10661.3
10597.9
10564.9
10550.5
10545
10543.1
10542.5
10542.3
10542.3
10542.2
10542.2
2768.99
7235.65
10336.7
11004.8
11030.9
11032.3
11032.7
11032.6
11031.9
11030.5
11028.3
11024.5
11018.2
11007.6
10989.3
10957.5
10903.8
10821.9
10723
10638.3
10585.5
10559.5
10548.4
10544.3
10542.9
10542.4
10542.3
10542.3
10542.2
10542.2
2294.25
6675.64
10122.5
10995.4
11035.4
11036.1
11036.3
11036.2
11035.9
11035.3
11034.3
11032.7
11029.8
11024.9
11016
10999.4
10968.4
10911.8
10819.9
10709.4
10622.5
10574.7
10553.8
10545.9
10543.3
10542.5
10542.3
10542.3
10542.2
10542.2
2083.98
6392.99
9996.46
10984.9
11036
11036.6
11036.8
11036.8
11036.6
11036.1
11035.3
11034
11031.8
11028
11021.1
11008.3
10983.9
10937.7
10857.1
10746.2
10646
10585.6
10558
10547.4
10543.8
10542.7
10542.3
10542.3
10542.3
10542.2
2103.86
6421.23
10009.9
10986.4
11036.1
11036.7
11036.9
11036.9
11036.6
11036.2
11035.5
11034.2
11032.1
11028.4
11021.8
11009.4
10985.7
10940.8
10861.7
10751
10649.2
10587.2
10558.6
10547.6
10543.8
10542.7
10542.4
10542.3
10542.3
10542.2
2146.04
6480.26
10037.4
10989.1
11036.2
11036.8
11037
11036.9
11036.7
11036.3
11035.6
11034.4
11032.4
11028.8
11022.4
11010.5
10987.7
10944.3
10867.1
10756.9
10653.3
10589.2
10559.4
10547.8
10543.9
10542.7
10542.4
10542.3
10542.3
10542.2
2326.23
6719.42
10142.4
10997.7
11035.8
11036.5
11036.6
11036.6
11036.3
11035.8
11034.9
11033.5
11031
11026.6
11018.8
11004.2
10976.5
10924.9
10837.9
10726
10632.5
10579.1
10555.4
10546.5
10543.5
10542.6
10542.3
10542.3
10542.2
10542.2
2075.28
6385.61
9995.25
10986.2
11036.9
11037.4
11037.5
11037.5
11037.3
11037
11036.4
11035.5
11033.9
11031.1
11026
11016.2
10997
10959.1
10888.1
10777.9
10665.9
10594.1
10560.8
10548.2
10544
10542.7
10542.4
10542.3
10542.3
10542.2
1876.07
6097.36
9855.63
10972.4
11037.2
11037.7
11037.8
11037.8
11037.7
11037.4
11037
11036.3
11035
11032.9
11029
11021.5
11006.8
10977.3
10919.3
10819.5
10699.5
10611.7
10567.9
10550.6
10544.7
10542.9
10542.4
10542.3
10542.3
10542.2
1862.93
6077.69
9845.77
10971.4
11037.2
11037.7
11037.8
11037.8
11037.7
11037.5
11037.1
11036.4
11035.2
11033.1
11029.4
11022.2
11008
10979.5
10923.3
10825.1
10704.4
10614.4
10569
10550.9
10544.8
10542.9
10542.4
10542.3
10542.3
10542.2
1891.9
6121.63
9868.1
10973.9
11037.3
11037.8
11037.9
11037.9
11037.7
11037.5
11037.1
11036.5
11035.3
11033.3
11029.7
11022.8
11009.2
10981.7
10927.1
10830.7
10709.5
10617.3
10570.2
10551.3
10544.9
10543
10542.4
10542.3
10542.3
10542.2
2100.64
6421.94
10012.6
10988.1
11037.1
11037.5
11037.6
11037.6
11037.5
11037.2
11036.7
11035.8
11034.4
11031.9
11027.2
11018.4
11001
10966.4
10900.1
10792.8
10677
10599.7
10563
10548.9
10544.2
10542.8
10542.4
10542.3
10542.3
10542.2
2030.37
6323.84
9966.91
10984
11037.3
11037.7
11037.8
11037.8
11037.6
11037.4
11037
11036.2
11035
11032.7
11028.6
11020.8
11005.3
10974.1
10913.1
10809.5
10690
10606.1
10565.4
10549.6
10544.4
10542.8
10542.4
10542.3
10542.3
10542.2
1797.01
5978.59
9795.56
10966.2
11037.5
11038
11038.1
11038.1
11038
11037.8
11037.5
11036.9
11036
11034.4
11031.5
11025.8
11014.7
10991.9
10945.4
10858.4
10735.9
10632.4
10576.4
10553.4
10545.5
10543.1
10542.5
10542.3
10542.3
10542.2
1781.07
5953.93
9782.75
10964.8
11037.5
11038
11038.1
11038.1
11038
11037.8
11037.5
11037
11036.1
11034.6
11031.7
11026.3
11015.5
10993.5
10948.3
10863.1
10740.8
10635.4
10577.6
10553.9
10545.7
10543.2
10542.5
10542.3
10542.3
10542.2
1771.09
5938.55
9774.76
10963.9
11037.5
11038
11038.1
11038.1
11038
11037.9
11037.6
11037.1
11036.2
11034.7
11032
11026.8
11016.4
10995.1
10951.4
10868.2
10746.3
10638.8
10579.1
10554.4
10545.8
10543.2
10542.5
10542.3
10542.3
10542.2
1726.67
5868.7
9737.77
10959.6
11037.5
11038.1
11038.1
11038.1
11038.1
11037.9
11037.6
11037.1
11036.3
11034.9
11032.2
11027.2
11017.2
10996.7
10954.5
10873.4
10752.2
10642.6
10580.8
10555
10546
10543.3
10542.5
10542.3
10542.3
10542.2
1904.36
6141.25
9878.36
10975.3
11037.5
11037.9
11038
11038
11037.9
11037.7
11037.3
11036.7
11035.7
11034
11030.7
11024.5
11012.2
10987.1
10936.5
10844.1
10721.2
10623.4
10572.5
10552.1
10545.1
10543
10542.4
10542.3
10542.3
10542.2
2043.03
6341.54
9975.16
10984.7
11037.2
11037.7
11037.8
11037.7
11037.6
11037.4
11036.9
11036.2
11035
11032.8
11028.9
11021.4
11006.7
10977.4
10920.1
10821.4
10701.9
10613.4
10568.7
10550.9
10544.8
10542.9
10542.4
10542.3
10542.3
10542.2
1825.3
6021.65
9817.59
10968.6
11037.4
11037.9
11038
11038
11037.9
11037.7
11037.4
11036.8
11035.9
11034.3
11031.3
11025.7
11014.7
10992.4
10947.4
10863.4
10743.3
10638.2
10579.4
10554.7
10546
10543.3
10542.5
10542.3
10542.3
10542.2
1742.38
5892.6
9750.05
10960.8
11037.4
11037.9
11038
11038
11037.9
11037.7
11037.4
11036.9
11036
11034.4
11031.5
11026.1
11015.4
10993.7
10949.9
10867.6
10747.8
10641.1
10580.7
10555.2
10546.1
10543.3
10542.5
10542.3
10542.3
10542.2
1690.59
5810.17
9705.83
10955.5
11037.3
11037.9
11038
11038
11037.9
11037.8
11037.5
11036.9
11036.1
11034.5
11031.7
11026.5
11016.2
10995.3
10952.8
10872.5
10753.4
10644.8
10582.4
10555.8
10546.3
10543.4
10542.5
10542.3
10542.3
10542.2
1874.36
6095.56
9854.98
10972.5
11037.3
11037.8
11037.9
11037.9
11037.8
11037.5
11037.2
11036.5
11035.5
11033.6
11030.2
11023.7
11011.1
10985.7
10935.1
10844.1
10723.3
10625.8
10574
10552.8
10545.4
10543.1
10542.5
10542.3
10542.3
10542.2
2185.02
6534.44
10062.2
10991.5
11036.3
11036.9
11037.1
11037.1
11036.9
11036.5
11035.8
11034.8
11033
11029.9
11024.3
11014
10994.5
10957.1
10889.2
10785
10675.5
10601.2
10564.5
10549.7
10544.5
10542.9
10542.4
10542.3
10542.3
10542.2
1958.86
6217.57
9914.13
10977.9
11036.7
11037.3
11037.4
11037.4
11037.3
11037
11036.5
11035.7
11034.3
11032
11027.7
11019.9
11005
10976
10921
10827.7
10712.2
10621.9
10573.4
10553
10545.6
10543.2
10542.5
10542.3
10542.3
10542.2
1853.16
6060.05
9835.39
10969.4
11036.7
11037.3
11037.5
11037.5
11037.3
11037
11036.6
11035.8
11034.4
11032.1
11028
11020.5
11006
10977.8
10924.1
10832.3
10716.5
10624.5
10574.6
10553.4
10545.7
10543.2
10542.5
10542.3
10542.3
10542.2
1780.72
5948.78
9777.92
10962.9
11036.6
11037.3
11037.5
11037.5
11037.4
11037.1
11036.6
11035.8
11034.5
11032.3
11028.3
11020.9
11006.9
10979.5
10927.1
10836.8
10721
10627.2
10575.8
10553.9
10545.9
10543.3
10542.5
10542.3
10542.3
10542.2
2000.5
6276.7
9942.11
10980.2
11036.3
11037
11037.2
11037.1
11037
11036.6
11036
11035.1
11033.4
11030.6
11025.5
11016.2
10998.5
10964.4
10901.5
10801.1
10688.9
10608.6
10567.7
10550.9
10544.9
10543
10542.4
10542.3
10542.3
10542.2
2477.24
6898.31
10210.5
10999.1
11033.1
11034.3
11034.6
11034.6
11034.2
11033.4
11032
11029.7
11026
11019.7
11008.8
10989.7
10956
10898.3
10810.9
10709.4
10627.5
10579.3
10556.5
10547.2
10543.8
10542.7
10542.4
10542.3
10542.3
10542.2
2210.61
6557.76
10067.3
10988.9
11034.2
11035.2
11035.6
11035.5
11035.3
11034.7
11033.6
11032
11029.2
11024.6
11016.5
11002.4
10976.8
10931.4
10856.2
10754.7
10658.5
10595.2
10563.3
10549.8
10544.7
10543
10542.5
10542.3
10542.3
10542.2
2130.13
6448.16
10017.6
10984.4
11034.3
11035.3
11035.6
11035.6
11035.3
11034.8
11033.8
11032.1
11029.5
11025
11017.2
11003.4
10978.5
10934.1
10860.3
10759.1
10661.7
10596.9
10564
10550
10544.8
10543
10542.5
10542.3
10542.3
10542.2
2117.49
6431.22
10010
10983.9
11034.4
11035.4
11035.7
11035.7
11035.4
11034.9
11033.9
11032.3
11029.7
11025.4
11017.8
11004.5
10980.3
10937
10864.5
10763.8
10665.2
10598.8
10564.8
10550.3
10544.9
10543
10542.5
10542.3
10542.3
10542.2
2014.87
6286.27
9941.64
10977.2
11034.3
11035.4
11035.7
11035.8
11035.5
11035
11034
11032.5
11030
11025.7
11018.4
11005.4
10981.9
10939.8
10868.7
10768.6
10669
10600.9
10565.7
10550.7
10545
10543.1
10542.5
10542.3
10542.3
10542.2
2209.64
6554.86
10065
10988
11033.7
11034.9
11035.2
11035.2
11034.9
11034.3
11033.1
11031.3
11028.3
11023.2
11014.5
10999.1
10971.6
10923.2
10844.9
10742.9
10650.1
10590.9
10561.4
10549.1
10544.5
10542.9
10542.4
10542.3
10542.3
10542.2
2969.81
7411.75
10376.1
10993.4
11021.3
11024.6
11025.8
11025.8
11024.7
11022.6
11019
11013.2
11004
10989.3
10965.8
10928.4
10871.7
10794.3
10708.6
10636.1
10588.4
10562.6
10550.4
10545.3
10543.3
10542.6
10542.3
10542.3
10542.3
10542.2
2695.57
7116.5
10275.1
10991.3
11024.5
11027.4
11028.4
11028.4
11027.7
11026
11023.3
11018.8
11011.7
11000.3
10981.8
10951.7
10904.1
10834.2
10747.3
10664.5
10604.9
10570.6
10553.9
10546.6
10543.8
10542.7
10542.4
10542.3
10542.3
10542.2
2618.43
7026.29
10240.6
10989.1
11024.8
11027.6
11028.6
11028.7
11027.9
11026.3
11023.6
11019.3
11012.4
11001.3
10983.2
10953.8
10907.1
10838
10751.2
10667.5
10606.7
10571.5
10554.3
10546.8
10543.8
10542.8
10542.4
10542.3
10542.3
10542.2
2550.59
6945.19
10208.7
10986.9
11025
11027.8
11028.8
11028.9
11028.2
11026.6
11024
11019.8
11013.1
11002.3
10984.7
10956
10910.3
10842.2
10755.7
10671.1
10608.9
10572.6
10554.7
10547
10543.9
10542.8
10542.4
10542.3
10542.3
10542.2
2745.56
7165.38
10289.1
10989.6
11022.7
11025.9
11027.1
11027.1
11026.3
11024.5
11021.4
11016.4
11008.5
10995.8
10975.4
10942.6
10891.5
10818.7
10732.1
10653.3
10598.4
10567.5
10552.5
10546.1
10543.6
10542.7
10542.4
10542.3
10542.3
10542.2
4272.47
8278.59
10484.3
10914.5
10962.9
10977.8
10983.9
10985.1
10982.5
10976.3
10965.7
10949.6
10926
10892.5
10847
10789.5
10725
10663.5
10614.4
10581.1
10561.4
10551
10546
10543.7
10542.8
10542.4
10542.3
10542.3
10542.3
10542.2
3855.4
8016.84
10451.2
10933.6
10977.5
10989.8
10994.7
10995.7
10993.7
10988.7
10980.2
10967
10947.4
10919
10878.9
10825.4
10760.8
10693.8
10635.9
10594.2
10568.5
10554.5
10547.5
10544.4
10543.1
10542.5
10542.3
10542.3
10542.3
10542.2
3786.05
7963.82
10439.4
10934.9
10978.9
10990.9
10995.8
10996.8
10994.8
10989.9
10981.6
10968.8
10949.6
10921.6
10882.1
10829.1
10764.6
10697.1
10638.3
10595.7
10569.3
10554.9
10547.7
10544.5
10543.1
10542.5
10542.3
10542.3
10542.3
10542.2
3730.66
7919.8
10428.9
10935.6
10979.9
10991.8
10996.6
10997.6
10995.7
10990.9
10982.8
10970.2
10951.4
10923.9
10885
10832.5
10768.2
10700.3
10640.7
10597.2
10570.1
10555.3
10547.9
10544.5
10543.1
10542.6
10542.4
10542.3
10542.3
10542.2
4074.69
8134.65
10454.1
10918
10966.9
10981.4
10987.3
10988.6
10986.4
10980.8
10971.2
10956.4
10934.7
10903.6
10860.6
10805
10740.6
10676.8
10623.9
10587
10564.7
10552.6
10546.7
10544.1
10542.9
10542.5
10542.3
10542.3
10542.3
10542.2
8010.52
9337.23
10146.7
10522.7
10686.9
10764
10802
10819
10822.6
10815.8
10800.3
10776.8
10746.2
10710.4
10672.4
10636.3
10605.4
10581.7
10565.2
10554.8
10548.7
10545.4
10543.7
10542.9
10542.5
10542.3
10542.3
10542.3
10542.2
10542.2
7281.3
9106.71
10161.9
10584.3
10741.7
10809.6
10841.9
10855.9
10858.2
10851.5
10836.7
10814
10783.8
10746.8
10705.6
10664
10626.4
10596.2
10574.4
10560.2
10551.6
10546.9
10544.4
10543.2
10542.6
10542.4
10542.3
10542.3
10542.3
10542.2
7203.55
9081.79
10163.9
10590.7
10747
10813.9
10845.6
10859.3
10861.4
10854.7
10839.9
10817.3
10787.1
10750.1
10708.5
10666.4
10628.3
10597.5
10575.2
10560.6
10551.9
10547
10544.5
10543.2
10542.7
10542.4
10542.3
10542.3
10542.3
10542.2
7146.91
9065.62
10167.3
10596.4
10751.5
10817.5
10848.6
10862
10864
10857.3
10842.6
10820.1
10789.9
10752.8
10711.1
10668.6
10630
10598.7
10576
10561.1
10552.1
10547.1
10544.5
10543.2
10542.7
10542.4
10542.3
10542.3
10542.3
10542.2
7071.74
9040.96
10168.9
10602.2
10756.3
10821.3
10852
10865.1
10867.1
10860.3
10845.7
10823.4
10793.3
10756.2
10714.3
10671.5
10632.2
10600.3
10577
10561.7
10552.5
10547.3
10544.6
10543.3
10542.7
10542.4
10542.3
10542.3
10542.3
10542.2
7533.6
9176.15
10146
10557.3
10720
10792.4
10827.3
10842.7
10845.7
10839.2
10824.4
10801.6
10771.4
10734.9
10694.8
10655
10619.6
10591.6
10571.5
10558.5
10550.7
10546.4
10544.2
10543.1
10542.6
10542.4
10542.3
10542.3
10542.3
10542.2
9751.9
9991.12
10225.1
10401.6
10521.3
10598.2
10645.4
10671.9
10683.5
10683.9
10675.9
10661.5
10643
10622.7
10602.9
10585.4
10571.1
10560.5
10553.2
10548.5
10545.6
10544
10543.1
10542.6
10542.4
10542.3
10542.3
10542.3
10542.2
10542.2
9492.59
9853.45
10172.1
10393.8
10534.1
10619.5
10670.1
10697.9
10710
10710.3
10701.7
10686.1
10665.5
10642.4
10619.1
10597.8
10580
10566.5
10557
10550.7
10546.9
10544.6
10543.4
10542.8
10542.5
10542.4
10542.3
10542.3
10542.3
10542.2
9459.74
9837.01
10166.4
10393.5
10536
10622.2
10673.1
10700.9
10713
10713.3
10704.5
10688.7
10668
10644.5
10620.8
10599.1
10581
10567.1
10557.3
10550.9
10547
10544.7
10543.5
10542.8
10542.5
10542.4
10542.3
10542.3
10542.3
10542.2
9371.23
9771.61
10123.1
10366
10518.5
10610.8
10665.3
10695.6
10709.3
10710.7
10702.9
10687.8
10667.5
10644.4
10620.9
10599.3
10581.2
10567.3
10557.5
10551
10547
10544.7
10543.5
10542.8
10542.5
10542.4
10542.3
10542.3
10542.3
10542.2
9632.31
9944.23
10224.2
10421.8
10548.6
10626.7
10673.1
10698.3
10708.7
10707.9
10698.4
10682.3
10661.6
10638.6
10615.7
10595.1
10578
10565.1
10556.1
10550.1
10546.5
10544.5
10543.3
10542.8
10542.5
10542.3
10542.3
10542.3
10542.3
10542.2
7754.08
7754.08
7754.08
7754.08
7754.08
7754.08
7754.08
7754.08
7754.08
7754.08
7754.08
7754.08
7754.08
7754.08
7754.08
7754.08
7754.08
7754.08
7754.08
7754.08
7754.08
7754.08
7754.08
7754.08
7754.08
7754.08
7754.08
7754.08
7754.08
7754.08
7754.08
7754.08
7754.08
7754.08
7754.08
7754.08
7754.08
7754.08
7754.08
7754.08
7754.08
7754.08
7754.08
7754.08
7754.08
7754.08
7754.08
7754.08
7754.08
7754.08
7754.08
7754.08
7754.08
7754.08
7754.08
7754.08
7754.08
7754.08
7754.08
7754.08
7754.08
7754.08
7754.08
7754.08
7754.08
7754.08
7754.08
7754.08
7754.08
7754.08
7754.08
7754.08
7754.08
7754.08
7754.08
7754.08
7754.08
7754.08
7754.08
7754.08
7754.08
7754.08
7754.08
7754.08
7754.08
7754.08
7754.08
7754.08
7754.08
7754.08
7754.08
7754.08
7754.08
7754.08
7754.08
7754.08
7754.08
7754.08
7754.08
7754.08
7754.08
7754.08
7754.08
7754.08
7754.08
7754.08
7754.08
7754.08
7754.08
7754.08
7754.08
7754.08
7754.08
7754.08
7754.08
7754.08
7754.08
7754.08
7754.08
7754.08
7754.08
7754.08
7754.08
7754.08
7754.08
7754.08
7754.08
7754.08
7754.08
7754.08
7754.08
7754.08
7754.08
7754.08
7754.08
7754.08
7754.08
7754.08
7754.08
7754.08
7754.08
7754.08
7754.08
7754.08
7754.08
7754.08
7754.08
7754.08
7754.08
7754.08
7754.08
7754.08
7754.08
7754.08
7754.08
7754.08
7754.08
7754.08
7754.08
7754.08
7754.08
7754.08
7754.08
7754.08
7754.08
7754.08
7754.08
7754.08
7754.08
7754.08
7754.08
7754.08
7754.08
7754.08
7754.08
7754.08
7754.08
7754.08
7754.08
7754.08
7754.08
7754.08
7754.08
7754.08
7754.08
7754.08
7754.08
7754.08
7754.08
7754.08
7754.08
7754.08
7754.08
7754.08
7754.08
7754.08
7754.08
7754.08
7754.08
7754.08
7754.08
7754.08
7754.08
7754.08
7754.08
7754.08
7754.08
7754.08
7754.08
7754.08
7754.08
7754.08
7754.08
7754.08
7754.08
7754.08
7754.08
7754.08
7754.08
7754.08
7754.08
7754.08
7754.08
7754.08
7754.08
7754.08
7754.08
7754.08
7754.08
7754.08
7754.08
7754.08
7754.08
7754.08
7754.08
7754.08
7754.08
7754.08
7754.08
7754.08
7754.08
7754.08
7754.08
7754.08
7754.08
7754.08
7754.08
7754.08
7754.08
7754.08
7754.08
7754.08
7754.08
7754.08
7754.08
7754.08
7754.08
7754.08
7754.08
7754.08
7754.08
7754.08
7754.08
7754.08
7754.08
7754.08
7754.08
7754.08
7754.08
7754.08
7754.08
7754.08
7754.08
7754.08
7754.08
7754.08
7754.08
7754.08
7754.08
7754.08
7754.08
7754.08
7754.08
7754.08
7754.08
7754.08
7754.08
7754.08
7754.08
7754.08
7753.72
7753.76
7753.8
7753.84
7753.88
7753.92
7753.95
7753.99
7754.03
7754.06
7753.26
7753.35
7753.44
7753.52
7753.61
7753.69
7753.77
7753.85
7753.94
7754.02
7753.21
7753.3
7753.38
7753.47
7753.55
7753.64
7753.72
7753.8
7753.88
7753.96
7753.16
7753.24
7753.33
7753.42
7753.5
7753.59
7753.67
7753.75
7753.83
7753.91
7753.11
7753.19
7753.28
7753.36
7753.45
7753.53
7753.62
7753.7
7753.78
7753.86
7752.99
7753.08
7753.18
7753.27
7753.36
7753.45
7753.54
7753.63
7753.72
7753.81
7752.92
7753.02
7753.11
7753.21
7753.3
7753.39
7753.48
7753.58
7753.67
7753.75
7752.87
7752.96
7753.06
7753.15
7753.25
7753.34
7753.43
7753.52
7753.61
7753.7
7752.82
7752.91
7753.01
7753.1
7753.2
7753.29
7753.38
7753.47
7753.56
7753.65
7752.75
7752.85
7752.95
7753.04
7753.14
7753.23
7753.32
7753.41
7753.51
7753.6
7752.6
7752.71
7752.81
7752.92
7753.02
7753.12
7753.22
7753.32
7753.42
7753.52
7752.43
7752.55
7752.66
7752.78
7752.89
7753.01
7753.12
7753.23
7753.34
7753.45
7752.34
7752.46
7752.58
7752.7
7752.81
7752.93
7753.04
7753.16
7753.27
7753.38
7752.27
7752.39
7752.51
7752.63
7752.74
7752.86
7752.97
7753.09
7753.2
7753.31
7752.2
7752.32
7752.44
7752.55
7752.67
7752.79
7752.9
7753.02
7753.13
7753.24
7752.09
7752.21
7752.33
7752.45
7752.57
7752.69
7752.81
7752.92
7753.04
7753.15
7751.72
7751.87
7752.03
7752.17
7752.32
7752.47
7752.61
7752.76
7752.9
7753.04
7751.56
7751.72
7751.88
7752.03
7752.19
7752.34
7752.5
7752.65
7752.8
7752.94
7751.46
7751.62
7751.78
7751.94
7752.09
7752.25
7752.4
7752.55
7752.7
7752.85
7751.36
7751.52
7751.68
7751.84
7751.99
7752.15
7752.3
7752.45
7752.6
7752.75
7751.25
7751.41
7751.57
7751.73
7751.88
7752.04
7752.19
7752.35
7752.5
7752.65
7750.94
7751.12
7751.3
7751.48
7751.65
7751.83
7752
7752.17
7752.34
7752.51
7750.55
7750.76
7750.97
7751.17
7751.38
7751.58
7751.78
7751.98
7752.17
7752.37
7750.37
7750.59
7750.8
7751.01
7751.22
7751.43
7751.63
7751.84
7752.04
7752.24
7750.24
7750.46
7750.67
7750.88
7751.09
7751.3
7751.5
7751.71
7751.91
7752.11
7750.1
7750.32
7750.53
7750.74
7750.95
7751.16
7751.37
7751.58
7751.78
7751.98
7749.23
7749.47
7749.7
7749.94
7750.17
7750.4
7750.62
7750.85
7751.07
7751.29
7743.79
7744.53
7745.26
7745.99
7746.71
7747.42
7748.12
7748.82
7749.51
7750.2
7741.23
7742.16
7743.07
7743.98
7744.88
7745.77
7746.65
7747.52
7748.39
7749.25
7740.21
7741.15
7742.08
7743.01
7743.92
7744.83
7745.73
7746.62
7747.5
7748.38
7739.37
7740.31
7741.24
7742.16
7743.07
7743.98
7744.88
7745.76
7746.64
7747.52
7738.93
7739.83
7740.72
7741.6
7742.47
7743.34
7744.19
7745.04
7745.88
7746.72
7737.83
7738.78
7739.71
7740.64
7741.55
7742.46
7743.36
7744.26
7745.14
7746.02
7736.37
7737.39
7738.41
7739.42
7740.43
7741.42
7742.4
7743.38
7744.34
7745.3
7735.28
7736.35
7737.42
7738.47
7739.52
7740.55
7741.58
7742.59
7743.6
7744.6
7734.6
7735.67
7736.73
7737.79
7738.83
7739.87
7740.9
7741.91
7742.92
7743.92
7733.93
7735
7736.06
7737.12
7738.16
7739.2
7740.22
7741.24
7742.25
7743.25
7733.4
7734.45
7735.49
7736.52
7737.55
7738.56
7739.56
7740.56
7741.55
7742.53
7732.83
7733.87
7734.89
7735.9
7736.9
7737.9
7738.88
7739.86
7740.83
7741.79
7731.26
7732.38
7733.49
7734.6
7735.69
7736.77
7737.84
7738.9
7739.96
7741
7729.87
7731.06
7732.24
7733.41
7734.57
7735.72
7736.86
7737.99
7739.11
7740.22
7729.12
7730.32
7731.5
7732.67
7733.83
7734.98
7736.12
7737.24
7738.36
7739.48
7728.39
7729.58
7730.75
7731.92
7733.08
7734.23
7735.36
7736.49
7737.61
7738.72
7728.29
7729.41
7730.51
7731.6
7732.68
7733.76
7734.82
7735.88
7736.92
7737.96
7726.77
7727.96
7729.14
7730.31
7731.47
7732.62
7733.76
7734.89
7736.01
7737.13
7725.3
7726.57
7727.82
7729.06
7730.29
7731.52
7732.73
7733.93
7735.12
7736.3
7724.34
7725.62
7726.89
7728.15
7729.4
7730.64
7731.87
7733.09
7734.3
7735.49
7723.57
7724.85
7726.12
7727.37
7728.62
7729.86
7731.08
7732.3
7733.5
7734.7
7723.38
7724.59
7725.79
7726.98
7728.16
7729.33
7730.49
7731.63
7732.77
7733.9
7722.43
7723.65
7724.87
7726.07
7727.26
7728.44
7729.61
7730.77
7731.92
7733.06
7720.91
7722.21
7723.49
7724.77
7726.03
7727.28
7728.52
7729.75
7730.97
7732.18
7719.52
7720.88
7722.22
7723.55
7724.87
7726.18
7727.48
7728.77
7730.05
7731.31
7718.66
7720.02
7721.37
7722.7
7724.03
7725.34
7726.64
7727.93
7729.2
7730.47
7717.84
7719.19
7720.54
7721.87
7723.19
7724.5
7725.8
7727.08
7728.36
7729.63
7717.27
7718.59
7719.9
7721.2
7722.49
7723.77
7725.04
7726.29
7727.54
7728.78
7716.86
7718.14
7719.4
7720.65
7721.89
7723.12
7724.34
7725.55
7726.75
7727.93
7715.59
7716.91
7718.22
7719.51
7720.79
7722.07
7723.33
7724.58
7725.82
7727.05
7713.92
7715.32
7716.72
7718.1
7719.47
7720.82
7722.17
7723.5
7724.83
7726.14
7713.04
7714.45
7715.84
7717.23
7718.6
7719.95
7721.3
7722.64
7723.96
7725.27
7712.19
7713.59
7714.99
7716.37
7717.73
7719.09
7720.43
7721.77
7723.09
7724.4
7712.21
7713.52
7714.81
7716.1
7717.37
7718.63
7719.88
7721.12
7722.35
7723.57
7711.1
7712.44
7713.76
7715.07
7716.36
7717.65
7718.92
7720.19
7721.44
7722.68
7709.52
7710.93
7712.32
7713.71
7715.08
7716.44
7717.79
7719.13
7720.45
7721.77
7708.43
7709.87
7711.28
7712.69
7714.09
7715.47
7716.84
7718.2
7719.54
7720.88
7707.59
7709.02
7710.43
7711.84
7713.23
7714.61
7715.97
7717.33
7718.67
7720.01
7707.46
7708.81
7710.14
7711.47
7712.78
7714.08
7715.37
7716.65
7717.92
7719.17
7706.91
7708.22
7709.52
7710.81
7712.09
7713.36
7714.61
7715.86
7717.09
7718.32
7705.59
7706.95
7708.3
7709.64
7710.97
7712.28
7713.58
7714.88
7716.16
7717.43
7704.11
7705.54
7706.96
7708.36
7709.75
7711.13
7712.49
7713.85
7715.19
7716.53
7703.23
7704.66
7706.07
7707.48
7708.87
7710.25
7711.62
7712.97
7714.32
7715.65
7702.39
7703.82
7705.23
7706.64
7708.03
7709.4
7710.77
7712.12
7713.47
7714.8
7701.85
7703.25
7704.63
7706
7707.35
7708.7
7710.03
7711.35
7712.67
7713.97
7701.66
7702.99
7704.3
7705.59
7706.88
7708.16
7709.42
7710.67
7711.92
7713.15
7700.89
7702.2
7703.51
7704.8
7706.07
7707.34
7708.6
7709.84
7711.08
7712.3
7699.21
7700.62
7702.01
7703.39
7704.75
7706.11
7707.45
7708.78
7710.1
7711.41
7698.37
7699.77
7701.16
7702.54
7703.91
7705.26
7706.61
7707.94
7709.26
7710.57
7697.57
7698.97
7700.36
7701.74
7703.11
7704.46
7705.8
7707.13
7708.45
7709.76
7697.67
7698.97
7700.26
7701.54
7702.81
7704.07
7705.31
7706.55
7707.77
7708.99
7697.17
7698.43
7699.69
7700.94
7702.17
7703.4
7704.61
7705.82
7707.01
7708.19
7695.78
7697.11
7698.43
7699.74
7701.03
7702.32
7703.59
7704.85
7706.11
7707.35
7694.76
7696.11
7697.45
7698.78
7700.1
7701.41
7702.7
7703.99
7705.26
7706.52
7694.01
7695.36
7696.7
7698.03
7699.34
7700.65
7701.94
7703.22
7704.49
7705.75
7693.94
7695.22
7696.48
7697.73
7698.97
7700.21
7701.43
7702.64
7703.84
7705.02
7693.79
7695
7696.2
7697.39
7698.56
7699.73
7700.88
7702.03
7703.17
7704.29
7692.92
7694.14
7695.35
7696.55
7697.74
7698.92
7700.08
7701.24
7702.39
7703.53
7691.61
7692.89
7694.16
7695.42
7696.67
7697.9
7699.13
7700.34
7701.54
7702.74
7690.86
7692.14
7693.41
7694.67
7695.92
7697.15
7698.38
7699.59
7700.8
7701.99
7690.18
7691.46
7692.73
7693.98
7695.23
7696.46
7697.69
7698.9
7700.1
7701.3
7689.74
7690.99
7692.23
7693.46
7694.68
7695.89
7697.08
7698.27
7699.45
7700.61
7689.74
7690.91
7692.08
7693.23
7694.38
7695.51
7696.64
7697.75
7698.86
7699.95
7689.62
7690.73
7691.83
7692.93
7694.01
7695.09
7696.15
7697.2
7698.25
7699.29
7688.25
7689.43
7690.61
7691.78
7692.93
7694.08
7695.21
7696.34
7697.45
7698.56
7687.6
7688.79
7689.97
7691.13
7692.29
7693.43
7694.57
7695.69
7696.81
7697.91
7686.99
7688.17
7689.35
7690.51
7691.67
7692.81
7693.95
7695.07
7696.18
7697.29
7687.1
7688.2
7689.3
7690.39
7691.46
7692.53
7693.59
7694.63
7695.67
7696.7
7687.21
7688.23
7689.25
7690.26
7691.25
7692.24
7693.22
7694.2
7695.16
7696.11
7686.24
7687.31
7688.36
7689.4
7690.44
7691.46
7692.48
7693.49
7694.48
7695.47
7685.48
7686.56
7687.63
7688.69
7689.74
7690.78
7691.81
7692.84
7693.85
7694.86
7684.94
7686.02
7687.09
7688.15
7689.2
7690.24
7691.27
7692.29
7693.3
7694.31
7684.91
7685.93
7686.95
7687.95
7688.94
7689.93
7690.91
7691.87
7692.83
7693.78
7685.09
7686.03
7686.97
7687.89
7688.81
7689.72
7690.62
7691.51
7692.39
7693.27
7684.7
7685.62
7686.54
7687.45
7688.35
7689.24
7690.12
7691
7691.87
7692.73
7683.78
7684.75
7685.7
7686.65
7687.59
7688.52
7689.44
7690.36
7691.26
7692.16
7683.24
7684.21
7685.17
7686.12
7687.06
7687.99
7688.91
7689.82
7690.73
7691.63
7682.73
7683.7
7684.65
7685.6
7686.54
7687.47
7688.39
7689.3
7690.21
7691.11
7682.39
7683.34
7684.27
7685.2
7686.12
7687.03
7687.93
7688.83
7689.72
7690.6
7682.38
7683.27
7684.15
7685.03
7685.89
7686.75
7687.6
7688.44
7689.27
7690.1
7682.32
7683.16
7683.99
7684.82
7685.63
7686.44
7687.24
7688.04
7688.82
7689.6
7681.36
7682.25
7683.13
7684
7684.86
7685.72
7686.56
7687.4
7688.23
7689.06
7680.84
7681.72
7682.6
7683.47
7684.34
7685.19
7686.04
7686.88
7687.71
7688.54
7680.33
7681.21
7682.09
7682.96
7683.82
7684.68
7685.52
7686.36
7687.19
7688.01
7685.11
7685.44
7685.77
7686.1
7686.43
7686.75
7687.07
7687.38
7687.7
7688.01
7688.16
7688.16
7688.16
7688.16
7688.16
7688.16
7688.16
7688.16
7688.16
7688.16
)
;

boundaryField
{
    fuelBottom
    {
        type            empty;
    }
    fuelTop_1
    {
        type            empty;
    }
    fuelOuter
    {
        type            zeroGradient;
    }
    fuelTop
    {
        type            empty;
    }
    fuelInner
    {
        type            zeroGradient;
    }
    cladBottom
    {
        type            empty;
    }
    cladInner
    {
        type            zeroGradient;
    }
    cladOuter
    {
        type            zeroGradient;
    }
    cladTop
    {
        type            empty;
    }
    front
    {
        type            wedge;
    }
    back
    {
        type            wedge;
    }
}


// ************************************************************************* //
