/*--------------------------------*- C++ -*----------------------------------*\
| =========                 |                                                 |
| \\      /  F ield         | OpenFOAM: The Open Source CFD Toolbox           |
|  \\    /   O peration     | Version:  2412                                  |
|   \\  /    A nd           | Website:  www.openfoam.com                      |
|    \\/     M anipulation  |                                                 |
\*---------------------------------------------------------------------------*/
FoamFile
{
    version     2.0;
    format      ascii;
    arch        "LSB;label=32;scalar=64";
    class       volScalarField;
    location    "25888284.641197/fuelBehaviourRegion";
    object      SCIANTIX::grainModes_13;
}
// * * * * * * * * * * * * * * * * * * * * * * * * * * * * * * * * * * * * * //

dimensions      [0 0 0 0 0 0 0];

internalField   nonuniform List<scalar> 
4720
(
-6.03746e+23
-6.03753e+23
-6.03769e+23
-6.03793e+23
-6.03825e+23
-6.03865e+23
-6.03912e+23
-6.03967e+23
-6.04028e+23
-6.04096e+23
-6.04171e+23
-6.04251e+23
-6.04336e+23
-6.04427e+23
-6.04522e+23
-6.04621e+23
-6.04723e+23
-6.04829e+23
-6.04937e+23
-6.05047e+23
-6.05158e+23
-6.05271e+23
-6.05384e+23
-6.05497e+23
-6.05609e+23
-6.05721e+23
-6.05831e+23
-6.0594e+23
-6.06047e+23
-6.06151e+23
-6.03717e+23
-6.03724e+23
-6.0374e+23
-6.03764e+23
-6.03797e+23
-6.03837e+23
-6.03884e+23
-6.03939e+23
-6.04001e+23
-6.0407e+23
-6.04144e+23
-6.04225e+23
-6.04311e+23
-6.04402e+23
-6.04498e+23
-6.04598e+23
-6.04701e+23
-6.04807e+23
-6.04916e+23
-6.05026e+23
-6.05139e+23
-6.05252e+23
-6.05366e+23
-6.05479e+23
-6.05593e+23
-6.05705e+23
-6.05816e+23
-6.05926e+23
-6.06034e+23
-6.06139e+23
-6.03669e+23
-6.03676e+23
-6.03693e+23
-6.03717e+23
-6.0375e+23
-6.0379e+23
-6.03838e+23
-6.03894e+23
-6.03956e+23
-6.04025e+23
-6.04101e+23
-6.04182e+23
-6.04269e+23
-6.04361e+23
-6.04458e+23
-6.04559e+23
-6.04663e+23
-6.0477e+23
-6.0488e+23
-6.04992e+23
-6.05105e+23
-6.0522e+23
-6.05335e+23
-6.0545e+23
-6.05564e+23
-6.05678e+23
-6.05791e+23
-6.05901e+23
-6.0601e+23
-6.06117e+23
-6.03652e+23
-6.03659e+23
-6.03675e+23
-6.037e+23
-6.03733e+23
-6.03773e+23
-6.03821e+23
-6.03877e+23
-6.0394e+23
-6.0401e+23
-6.04085e+23
-6.04167e+23
-6.04255e+23
-6.04347e+23
-6.04444e+23
-6.04545e+23
-6.0465e+23
-6.04758e+23
-6.04868e+23
-6.04981e+23
-6.05095e+23
-6.05209e+23
-6.05325e+23
-6.0544e+23
-6.05556e+23
-6.0567e+23
-6.05783e+23
-6.05894e+23
-6.06003e+23
-6.0611e+23
-6.03635e+23
-6.03642e+23
-6.03658e+23
-6.03683e+23
-6.03716e+23
-6.03757e+23
-6.03805e+23
-6.03861e+23
-6.03924e+23
-6.03994e+23
-6.04071e+23
-6.04153e+23
-6.04241e+23
-6.04334e+23
-6.04431e+23
-6.04533e+23
-6.04638e+23
-6.04746e+23
-6.04857e+23
-6.0497e+23
-6.05084e+23
-6.052e+23
-6.05316e+23
-6.05432e+23
-6.05547e+23
-6.05662e+23
-6.05775e+23
-6.05887e+23
-6.05997e+23
-6.06104e+23
-6.03563e+23
-6.0357e+23
-6.03587e+23
-6.03613e+23
-6.03647e+23
-6.03689e+23
-6.03739e+23
-6.03797e+23
-6.03862e+23
-6.03934e+23
-6.04013e+23
-6.04097e+23
-6.04188e+23
-6.04284e+23
-6.04384e+23
-6.04488e+23
-6.04597e+23
-6.04708e+23
-6.04822e+23
-6.04938e+23
-6.05055e+23
-6.05173e+23
-6.05292e+23
-6.05411e+23
-6.05529e+23
-6.05647e+23
-6.05762e+23
-6.05876e+23
-6.05988e+23
-6.06098e+23
-6.73968e+23
-6.7398e+23
-6.74007e+23
-6.74047e+23
-6.741e+23
-6.74166e+23
-6.74245e+23
-6.74335e+23
-6.74437e+23
-6.74549e+23
-6.74672e+23
-6.74804e+23
-6.74945e+23
-6.75094e+23
-6.7525e+23
-6.75412e+23
-6.7558e+23
-6.75752e+23
-6.75927e+23
-6.76106e+23
-6.76286e+23
-6.76467e+23
-6.76649e+23
-6.7683e+23
-6.77009e+23
-6.77187e+23
-6.77362e+23
-6.77533e+23
-6.77701e+23
-6.77864e+23
-6.73651e+23
-6.73664e+23
-6.73692e+23
-6.73734e+23
-6.7379e+23
-6.7386e+23
-6.73943e+23
-6.74039e+23
-6.74146e+23
-6.74266e+23
-6.74395e+23
-6.74535e+23
-6.74684e+23
-6.74841e+23
-6.75006e+23
-6.75177e+23
-6.75354e+23
-6.75535e+23
-6.7572e+23
-6.75908e+23
-6.76099e+23
-6.7629e+23
-6.76481e+23
-6.76671e+23
-6.76861e+23
-6.77047e+23
-6.77231e+23
-6.77412e+23
-6.77588e+23
-6.7776e+23
-6.73588e+23
-6.73601e+23
-6.73629e+23
-6.73672e+23
-6.73729e+23
-6.738e+23
-6.73884e+23
-6.7398e+23
-6.74089e+23
-6.7421e+23
-6.74341e+23
-6.74482e+23
-6.74633e+23
-6.74792e+23
-6.74958e+23
-6.75131e+23
-6.7531e+23
-6.75494e+23
-6.75681e+23
-6.75871e+23
-6.76063e+23
-6.76256e+23
-6.7645e+23
-6.76642e+23
-6.76833e+23
-6.77022e+23
-6.77208e+23
-6.7739e+23
-6.77568e+23
-6.77741e+23
-6.73561e+23
-6.73574e+23
-6.73602e+23
-6.73645e+23
-6.73702e+23
-6.73773e+23
-6.73858e+23
-6.73955e+23
-6.74064e+23
-6.74185e+23
-6.74317e+23
-6.74459e+23
-6.7461e+23
-6.7477e+23
-6.74937e+23
-6.75111e+23
-6.75291e+23
-6.75475e+23
-6.75663e+23
-6.75854e+23
-6.76047e+23
-6.76241e+23
-6.76435e+23
-6.76628e+23
-6.7682e+23
-6.7701e+23
-6.77197e+23
-6.7738e+23
-6.77558e+23
-6.77732e+23
-6.73503e+23
-6.73516e+23
-6.73545e+23
-6.73589e+23
-6.73646e+23
-6.73718e+23
-6.73804e+23
-6.73902e+23
-6.74012e+23
-6.74135e+23
-6.74268e+23
-6.74412e+23
-6.74564e+23
-6.74726e+23
-6.74895e+23
-6.75071e+23
-6.75252e+23
-6.75438e+23
-6.75628e+23
-6.75821e+23
-6.76016e+23
-6.76212e+23
-6.76408e+23
-6.76603e+23
-6.76797e+23
-6.76988e+23
-6.77176e+23
-6.77361e+23
-6.77541e+23
-6.77716e+23
-6.73125e+23
-6.73139e+23
-6.73171e+23
-6.73218e+23
-6.73281e+23
-6.73359e+23
-6.73452e+23
-6.73558e+23
-6.73678e+23
-6.73811e+23
-6.73956e+23
-6.74111e+23
-6.74277e+23
-6.74451e+23
-6.74634e+23
-6.74823e+23
-6.75019e+23
-6.7522e+23
-6.75424e+23
-6.75631e+23
-6.7584e+23
-6.7605e+23
-6.7626e+23
-6.76468e+23
-6.76675e+23
-6.76878e+23
-6.77078e+23
-6.77274e+23
-6.77465e+23
-6.7765e+23
-8.21625e+23
-8.21662e+23
-8.21743e+23
-8.21866e+23
-8.2203e+23
-8.22233e+23
-8.22473e+23
-8.2275e+23
-8.2306e+23
-8.23403e+23
-8.23775e+23
-8.24175e+23
-8.24599e+23
-8.25045e+23
-8.2551e+23
-8.25991e+23
-8.26486e+23
-8.2699e+23
-8.27503e+23
-8.28019e+23
-8.28538e+23
-8.29055e+23
-8.29569e+23
-8.30077e+23
-8.30577e+23
-8.31066e+23
-8.31542e+23
-8.32005e+23
-8.32452e+23
-8.32882e+23
-8.20114e+23
-8.20155e+23
-8.20246e+23
-8.20383e+23
-8.20564e+23
-8.20789e+23
-8.21056e+23
-8.21362e+23
-8.21706e+23
-8.22086e+23
-8.22498e+23
-8.22941e+23
-8.2341e+23
-8.23903e+23
-8.24417e+23
-8.24948e+23
-8.25494e+23
-8.26051e+23
-8.26615e+23
-8.27185e+23
-8.27755e+23
-8.28324e+23
-8.28888e+23
-8.29445e+23
-8.29993e+23
-8.30528e+23
-8.3105e+23
-8.31555e+23
-8.32042e+23
-8.32511e+23
-8.19859e+23
-8.19901e+23
-8.19993e+23
-8.20132e+23
-8.20317e+23
-8.20546e+23
-8.20817e+23
-8.21129e+23
-8.21479e+23
-8.21865e+23
-8.22285e+23
-8.22734e+23
-8.23212e+23
-8.23713e+23
-8.24236e+23
-8.24776e+23
-8.25331e+23
-8.25896e+23
-8.2647e+23
-8.27048e+23
-8.27628e+23
-8.28205e+23
-8.28778e+23
-8.29344e+23
-8.299e+23
-8.30443e+23
-8.30972e+23
-8.31485e+23
-8.31979e+23
-8.32454e+23
-8.19758e+23
-8.19801e+23
-8.19893e+23
-8.20033e+23
-8.20219e+23
-8.20449e+23
-8.20722e+23
-8.21036e+23
-8.21388e+23
-8.21777e+23
-8.22199e+23
-8.22651e+23
-8.23131e+23
-8.23636e+23
-8.24161e+23
-8.24705e+23
-8.25263e+23
-8.25832e+23
-8.26409e+23
-8.26991e+23
-8.27573e+23
-8.28155e+23
-8.28731e+23
-8.293e+23
-8.29859e+23
-8.30405e+23
-8.30937e+23
-8.31452e+23
-8.31949e+23
-8.32427e+23
-8.19514e+23
-8.19557e+23
-8.19651e+23
-8.19794e+23
-8.19983e+23
-8.20217e+23
-8.20494e+23
-8.20813e+23
-8.21171e+23
-8.21566e+23
-8.21995e+23
-8.22454e+23
-8.22942e+23
-8.23455e+23
-8.23989e+23
-8.24541e+23
-8.25107e+23
-8.25685e+23
-8.26271e+23
-8.26861e+23
-8.27453e+23
-8.28042e+23
-8.28627e+23
-8.29204e+23
-8.2977e+23
-8.30324e+23
-8.30863e+23
-8.31385e+23
-8.31889e+23
-8.32372e+23
-8.17836e+23
-8.17884e+23
-8.17991e+23
-8.18151e+23
-8.18365e+23
-8.18629e+23
-8.18941e+23
-8.19301e+23
-8.19704e+23
-8.20148e+23
-8.2063e+23
-8.21146e+23
-8.21693e+23
-8.22267e+23
-8.22865e+23
-8.23482e+23
-8.24114e+23
-8.24758e+23
-8.25409e+23
-8.26064e+23
-8.26719e+23
-8.27371e+23
-8.28016e+23
-8.28651e+23
-8.29273e+23
-8.2988e+23
-8.30469e+23
-8.31037e+23
-8.31584e+23
-8.32108e+23
-1.0201e+24
-1.02027e+24
-1.02067e+24
-1.02125e+24
-1.02204e+24
-1.023e+24
-1.02415e+24
-1.02546e+24
-1.02693e+24
-1.02855e+24
-1.0303e+24
-1.03217e+24
-1.03414e+24
-1.03621e+24
-1.03835e+24
-1.04055e+24
-1.04279e+24
-1.04506e+24
-1.04735e+24
-1.04963e+24
-1.0519e+24
-1.05414e+24
-1.05634e+24
-1.05848e+24
-1.06056e+24
-1.06257e+24
-1.0645e+24
-1.06633e+24
-1.06808e+24
-1.06972e+24
-1.01187e+24
-1.01207e+24
-1.01252e+24
-1.01319e+24
-1.01409e+24
-1.01519e+24
-1.0165e+24
-1.018e+24
-1.01968e+24
-1.02152e+24
-1.02352e+24
-1.02565e+24
-1.0279e+24
-1.03025e+24
-1.03269e+24
-1.0352e+24
-1.03775e+24
-1.04033e+24
-1.04293e+24
-1.04552e+24
-1.04809e+24
-1.05063e+24
-1.05312e+24
-1.05554e+24
-1.05789e+24
-1.06015e+24
-1.06232e+24
-1.06438e+24
-1.06634e+24
-1.06818e+24
-1.01049e+24
-1.0107e+24
-1.01116e+24
-1.01184e+24
-1.01276e+24
-1.01388e+24
-1.01522e+24
-1.01675e+24
-1.01846e+24
-1.02035e+24
-1.02238e+24
-1.02456e+24
-1.02686e+24
-1.02926e+24
-1.03175e+24
-1.03431e+24
-1.03691e+24
-1.03955e+24
-1.0422e+24
-1.04484e+24
-1.04747e+24
-1.05006e+24
-1.05259e+24
-1.05506e+24
-1.05746e+24
-1.05976e+24
-1.06197e+24
-1.06407e+24
-1.06606e+24
-1.06794e+24
-1.01003e+24
-1.01024e+24
-1.0107e+24
-1.01139e+24
-1.01231e+24
-1.01344e+24
-1.01478e+24
-1.01633e+24
-1.01805e+24
-1.01995e+24
-1.022e+24
-1.02419e+24
-1.0265e+24
-1.02892e+24
-1.03142e+24
-1.034e+24
-1.03662e+24
-1.03927e+24
-1.04194e+24
-1.0446e+24
-1.04724e+24
-1.04985e+24
-1.0524e+24
-1.05488e+24
-1.05729e+24
-1.05961e+24
-1.06183e+24
-1.06395e+24
-1.06595e+24
-1.06784e+24
-1.0091e+24
-1.00931e+24
-1.00978e+24
-1.01048e+24
-1.01141e+24
-1.01256e+24
-1.01393e+24
-1.01549e+24
-1.01724e+24
-1.01916e+24
-1.02124e+24
-1.02347e+24
-1.02581e+24
-1.02826e+24
-1.0308e+24
-1.03341e+24
-1.03607e+24
-1.03876e+24
-1.04146e+24
-1.04416e+24
-1.04684e+24
-1.04947e+24
-1.05206e+24
-1.05458e+24
-1.05702e+24
-1.05936e+24
-1.06161e+24
-1.06375e+24
-1.06578e+24
-1.06769e+24
-1.00189e+24
-1.00213e+24
-1.00265e+24
-1.00345e+24
-1.0045e+24
-1.0058e+24
-1.00734e+24
-1.0091e+24
-1.01108e+24
-1.01324e+24
-1.01558e+24
-1.01808e+24
-1.02072e+24
-1.02347e+24
-1.02631e+24
-1.02923e+24
-1.0322e+24
-1.0352e+24
-1.03821e+24
-1.04121e+24
-1.04417e+24
-1.04709e+24
-1.04994e+24
-1.05271e+24
-1.05538e+24
-1.05795e+24
-1.0604e+24
-1.06273e+24
-1.06492e+24
-1.06698e+24
-1.11434e+24
-1.11526e+24
-1.11728e+24
-1.12033e+24
-1.12437e+24
-1.12939e+24
-1.13533e+24
-1.14216e+24
-1.14982e+24
-1.15826e+24
-1.1674e+24
-1.17719e+24
-1.18753e+24
-1.19836e+24
-1.20958e+24
-1.22111e+24
-1.23285e+24
-1.24471e+24
-1.2566e+24
-1.26843e+24
-1.28011e+24
-1.29156e+24
-1.3027e+24
-1.31346e+24
-1.32378e+24
-1.3336e+24
-1.34288e+24
-1.35158e+24
-1.35968e+24
-1.36717e+24
-1.07625e+24
-1.07727e+24
-1.07953e+24
-1.08293e+24
-1.08745e+24
-1.09306e+24
-1.09971e+24
-1.10736e+24
-1.11594e+24
-1.1254e+24
-1.13567e+24
-1.14666e+24
-1.1583e+24
-1.17049e+24
-1.18313e+24
-1.19613e+24
-1.20939e+24
-1.22279e+24
-1.23623e+24
-1.24961e+24
-1.26283e+24
-1.27579e+24
-1.28839e+24
-1.30057e+24
-1.31224e+24
-1.32335e+24
-1.33384e+24
-1.34366e+24
-1.3528e+24
-1.36124e+24
-1.07081e+24
-1.07185e+24
-1.07414e+24
-1.0776e+24
-1.08219e+24
-1.08788e+24
-1.09464e+24
-1.1024e+24
-1.11112e+24
-1.12073e+24
-1.13116e+24
-1.14233e+24
-1.15416e+24
-1.16655e+24
-1.1794e+24
-1.19262e+24
-1.2061e+24
-1.21972e+24
-1.23339e+24
-1.247e+24
-1.26044e+24
-1.27362e+24
-1.28644e+24
-1.29882e+24
-1.31069e+24
-1.32198e+24
-1.33264e+24
-1.34262e+24
-1.35191e+24
-1.36048e+24
-1.06781e+24
-1.06886e+24
-1.07117e+24
-1.07465e+24
-1.07928e+24
-1.08502e+24
-1.09182e+24
-1.09965e+24
-1.10844e+24
-1.11812e+24
-1.12864e+24
-1.1399e+24
-1.15182e+24
-1.16432e+24
-1.17728e+24
-1.19061e+24
-1.2042e+24
-1.21794e+24
-1.23173e+24
-1.24546e+24
-1.25902e+24
-1.27232e+24
-1.28525e+24
-1.29775e+24
-1.30972e+24
-1.32112e+24
-1.33187e+24
-1.34195e+24
-1.35132e+24
-1.35996e+24
-1.05404e+24
-1.05513e+24
-1.05753e+24
-1.06114e+24
-1.06595e+24
-1.07192e+24
-1.07899e+24
-1.08713e+24
-1.09627e+24
-1.10635e+24
-1.1173e+24
-1.12903e+24
-1.14145e+24
-1.15447e+24
-1.16799e+24
-1.18189e+24
-1.19606e+24
-1.2104e+24
-1.22478e+24
-1.2391e+24
-1.25324e+24
-1.26709e+24
-1.28057e+24
-1.29358e+24
-1.30605e+24
-1.31789e+24
-1.32907e+24
-1.33953e+24
-1.34925e+24
-1.35821e+24
-9.21456e+23
-9.22705e+23
-9.25449e+23
-9.29605e+23
-9.35143e+23
-9.42035e+23
-9.50248e+23
-9.59744e+23
-9.70476e+23
-9.8239e+23
-9.95435e+23
-1.01041e+24
-1.02711e+24
-1.04532e+24
-1.06481e+24
-1.08534e+24
-1.10665e+24
-1.1285e+24
-1.15061e+24
-1.17272e+24
-1.19459e+24
-1.21598e+24
-1.23667e+24
-1.25647e+24
-1.2752e+24
-1.29276e+24
-1.30903e+24
-1.32395e+24
-1.3375e+24
-1.34969e+24
-1.63449e+23
-1.62401e+23
-1.60379e+23
-1.57459e+23
-1.53718e+23
-1.49227e+23
-1.44051e+23
-1.38249e+23
-1.31873e+23
-1.24969e+23
-1.17584e+23
-1.0978e+23
-1.0165e+23
-9.33538e+22
-8.51594e+22
-7.7496e+22
-7.10103e+22
-6.66046e+22
-6.54197e+22
-6.87553e+22
-7.79838e+22
-9.45802e+22
-1.20382e+23
-1.58117e+23
-2.1218e+23
-2.89663e+23
-4.01566e+23
-5.63859e+23
-7.97155e+23
-1.12173e+24
-1.53337e+23
-1.5244e+23
-1.50713e+23
-1.48234e+23
-1.45077e+23
-1.41312e+23
-1.37004e+23
-1.322e+23
-1.26935e+23
-1.21226e+23
-1.15078e+23
-1.08496e+23
-1.01513e+23
-9.42323e+22
-8.68909e+22
-7.99419e+22
-7.41441e+22
-7.06271e+22
-7.0886e+22
-7.66773e+22
-8.98954e+22
-1.12629e+23
-1.47572e+23
-1.9882e+23
-2.72954e+23
-3.80282e+23
-5.35848e+23
-7.58999e+23
-1.06886e+24
-1.47115e+24
-1.51206e+23
-1.50331e+23
-1.48649e+23
-1.46232e+23
-1.43154e+23
-1.39484e+23
-1.35282e+23
-1.30595e+23
-1.25454e+23
-1.19874e+23
-1.13857e+23
-1.07407e+23
-1.00558e+23
-9.34156e+22
-8.62273e+22
-7.94615e+22
-7.38981e+22
-7.06922e+22
-7.13622e+22
-7.76826e+22
-9.15657e+22
-1.15135e+23
-1.51161e+23
-2.03877e+23
-2.80075e+23
-3.90338e+23
-5.49986e+23
-7.78443e+23
-1.09426e+24
-1.50125e+24
-1.528e+23
-1.51909e+23
-1.50195e+23
-1.47733e+23
-1.44598e+23
-1.40861e+23
-1.36584e+23
-1.31817e+23
-1.26594e+23
-1.2093e+23
-1.14831e+23
-1.083e+23
-1.01366e+23
-9.41304e+22
-8.68235e+22
-7.98922e+22
-7.40867e+22
-7.0528e+22
-7.07033e+22
-7.63628e+22
-8.93931e+22
-1.11866e+23
-1.46444e+23
-1.97163e+23
-2.70518e+23
-3.76702e+23
-5.3065e+23
-7.51691e+23
-1.05918e+24
-1.45947e+24
-1.4293e+23
-1.42127e+23
-1.40581e+23
-1.38357e+23
-1.3552e+23
-1.32127e+23
-1.28227e+23
-1.23857e+23
-1.19037e+23
-1.13773e+23
-1.08066e+23
-1.01933e+23
-9.54377e+22
-8.87488e+22
-8.22091e+22
-7.64232e+22
-7.23364e+22
-7.12681e+22
-7.48587e+22
-8.49486e+22
-1.03532e+23
-1.32985e+23
-1.76664e+23
-2.39837e+23
-3.30825e+23
-4.62134e+23
-6.50836e+23
-9.16306e+23
-1.27194e+24
-1.70685e+24
-1.6488e+23
-1.63778e+23
-1.61758e+23
-1.59004e+23
-1.5565e+23
-1.51811e+23
-1.47593e+23
-1.43105e+23
-1.38446e+23
-1.33692e+23
-1.28884e+23
-1.24005e+23
-1.18962e+23
-1.13591e+23
-1.07694e+23
-1.01146e+23
-9.40787e+22
-8.71427e+22
-8.1795e+22
-8.04975e+22
-8.6652e+22
-1.0424e+23
-1.37656e+23
-1.925e+23
-2.77465e+23
-4.0664e+23
-6.0092e+23
-8.85473e+23
-1.27766e+24
-1.76221e+24
-1.65815e+23
-1.64603e+23
-1.62476e+23
-1.5965e+23
-1.56256e+23
-1.52401e+23
-1.48189e+23
-1.43727e+23
-1.3912e+23
-1.3446e+23
-1.29803e+23
-1.25151e+23
-1.20428e+23
-1.15471e+23
-1.10056e+23
-1.0398e+23
-9.72414e+22
-9.03028e+22
-8.44074e+22
-8.18451e+22
-8.59863e+22
-1.00963e+23
-1.31344e+23
-1.8266e+23
-2.6315e+23
-3.86137e+23
-5.71693e+23
-8.44759e+23
-1.22438e+24
-1.70042e+24
-1.65542e+23
-1.64326e+23
-1.62197e+23
-1.59374e+23
-1.55986e+23
-1.5214e+23
-1.47939e+23
-1.4349e+23
-1.38901e+23
-1.34262e+23
-1.29631e+23
-1.25011e+23
-1.20327e+23
-1.15418e+23
-1.10055e+23
-1.04033e+23
-9.73434e+22
-9.04381e+22
-8.45521e+22
-8.19705e+22
-8.60685e+22
-1.00995e+23
-1.31342e+23
-1.82663e+23
-2.63214e+23
-3.86342e+23
-5.7215e+23
-8.45598e+23
-1.22568e+24
-1.70206e+24
-1.66364e+23
-1.65116e+23
-1.6295e+23
-1.60089e+23
-1.56664e+23
-1.52778e+23
-1.48533e+23
-1.44038e+23
-1.39399e+23
-1.34709e+23
-1.3003e+23
-1.25368e+23
-1.20654e+23
-1.15728e+23
-1.10364e+23
-1.0435e+23
-9.76591e+22
-9.07137e+22
-8.47066e+22
-8.18767e+22
-8.55633e+22
-9.99008e+22
-1.2947e+23
-1.79763e+23
-2.58897e+23
-3.80004e+23
-5.62982e+23
-8.32823e+23
-1.20919e+24
-1.68336e+24
-1.67491e+23
-1.66209e+23
-1.63999e+23
-1.61093e+23
-1.57619e+23
-1.5368e+23
-1.49375e+23
-1.44813e+23
-1.40101e+23
-1.35334e+23
-1.30576e+23
-1.25839e+23
-1.21057e+23
-1.16076e+23
-1.10672e+23
-1.04629e+23
-9.79053e+22
-9.08952e+22
-8.4746e+22
-8.16415e+22
-8.48692e+22
-9.85265e+22
-1.27154e+23
-1.76146e+23
-2.53419e+23
-3.71807e+23
-5.50907e+23
-8.15718e+23
-1.18679e+24
-1.65765e+24
-1.60181e+23
-1.59113e+23
-1.57171e+23
-1.54539e+23
-1.51349e+23
-1.47714e+23
-1.43744e+23
-1.39545e+23
-1.35219e+23
-1.30849e+23
-1.26475e+23
-1.22079e+23
-1.17562e+23
-1.12745e+23
-1.07403e+23
-1.01377e+23
-9.47763e+22
-8.82519e+22
-8.33126e+22
-8.25395e+22
-8.9528e+22
-1.08519e+23
-1.44234e+23
-2.02738e+23
-2.93411e+23
-4.31272e+23
-6.3805e+23
-9.38499e+23
-1.3463e+24
-1.83827e+24
-1.82414e+23
-1.70259e+23
-1.64166e+23
-1.60177e+23
-1.56469e+23
-1.525e+23
-1.48204e+23
-1.43673e+23
-1.39057e+23
-1.34534e+23
-1.30282e+23
-1.26456e+23
-1.23155e+23
-1.20368e+23
-1.17908e+23
-1.15367e+23
-1.12147e+23
-1.0771e+23
-1.02112e+23
-9.67736e+22
-9.52207e+22
-1.03369e+23
-1.28974e+23
-1.80997e+23
-2.70971e+23
-4.16594e+23
-6.442e+23
-9.83411e+23
-1.44491e+24
-1.98518e+24
-1.88495e+23
-1.71533e+23
-1.64223e+23
-1.60084e+23
-1.56402e+23
-1.5246e+23
-1.48173e+23
-1.43634e+23
-1.39002e+23
-1.34458e+23
-1.30191e+23
-1.26376e+23
-1.23136e+23
-1.205e+23
-1.18329e+23
-1.16253e+23
-1.1367e+23
-1.09934e+23
-1.04849e+23
-9.94537e+22
-9.68657e+22
-1.02749e+23
-1.24941e+23
-1.72641e+23
-2.57228e+23
-3.95643e+23
-6.13336e+23
-9.40198e+23
-1.39029e+24
-1.92681e+24
-1.90111e+23
-1.72326e+23
-1.64798e+23
-1.60618e+23
-1.56916e+23
-1.52949e+23
-1.4863e+23
-1.44052e+23
-1.39373e+23
-1.34776e+23
-1.30454e+23
-1.2658e+23
-1.23284e+23
-1.20599e+23
-1.18394e+23
-1.16309e+23
-1.13746e+23
-1.1005e+23
-1.04993e+23
-9.95586e+22
-9.6794e+22
-1.02301e+23
-1.23889e+23
-1.70742e+23
-2.54167e+23
-3.90943e+23
-6.06373e+23
-9.30509e+23
-1.3783e+24
-1.91444e+24
-1.91976e+23
-1.73312e+23
-1.65546e+23
-1.6132e+23
-1.57596e+23
-1.53601e+23
-1.49246e+23
-1.44624e+23
-1.39893e+23
-1.35238e+23
-1.30852e+23
-1.26911e+23
-1.23549e+23
-1.20804e+23
-1.18556e+23
-1.16454e+23
-1.13907e+23
-1.10252e+23
-1.05222e+23
-9.97288e+22
-9.67192e+22
-1.01696e+23
-1.22409e+23
-1.67997e+23
-2.49634e+23
-3.83809e+23
-5.95509e+23
-9.14894e+23
-1.3582e+24
-1.89271e+24
-1.81894e+23
-1.68032e+23
-1.61636e+23
-1.57694e+23
-1.54082e+23
-1.50216e+23
-1.46031e+23
-1.41623e+23
-1.37148e+23
-1.32787e+23
-1.28723e+23
-1.25122e+23
-1.22091e+23
-1.19632e+23
-1.17567e+23
-1.15482e+23
-1.12755e+23
-1.08788e+23
-1.03566e+23
-9.84606e+22
-9.7021e+22
-1.05313e+23
-1.31388e+23
-1.84599e+23
-2.76925e+23
-4.26567e+23
-6.6026e+23
-1.00718e+24
-1.47548e+24
-2.01721e+24
-2.57648e+23
-1.796e+23
-1.61875e+23
-1.5739e+23
-1.54113e+23
-1.50322e+23
-1.46017e+23
-1.41355e+23
-1.36541e+23
-1.31802e+23
-1.27387e+23
-1.23552e+23
-1.20547e+23
-1.18584e+23
-1.17771e+23
-1.17989e+23
-1.18735e+23
-1.19046e+23
-1.17752e+23
-1.14387e+23
-1.10746e+23
-1.12457e+23
-1.29591e+23
-1.75632e+23
-2.66734e+23
-4.24819e+23
-6.81208e+23
-1.06857e+24
-1.58774e+24
-2.16438e+24
-2.83097e+23
-1.84227e+23
-1.63178e+23
-1.58392e+23
-1.55143e+23
-1.51338e+23
-1.46983e+23
-1.42239e+23
-1.37315e+23
-1.32442e+23
-1.27871e+23
-1.23866e+23
-1.2069e+23
-1.18583e+23
-1.17706e+23
-1.18028e+23
-1.19162e+23
-1.20226e+23
-1.19965e+23
-1.17487e+23
-1.13767e+23
-1.13444e+23
-1.25872e+23
-1.64491e+23
-2.45512e+23
-3.89894e+23
-6.27491e+23
-9.92102e+23
-1.49277e+24
-2.06892e+24
-2.86217e+23
-1.8478e+23
-1.63367e+23
-1.58549e+23
-1.55296e+23
-1.5148e+23
-1.47108e+23
-1.42346e+23
-1.37399e+23
-1.325e+23
-1.27902e+23
-1.23869e+23
-1.20666e+23
-1.18537e+23
-1.17648e+23
-1.17984e+23
-1.19172e+23
-1.20346e+23
-1.20244e+23
-1.17917e+23
-1.14238e+23
-1.13712e+23
-1.25602e+23
-1.63352e+23
-2.4323e+23
-3.86152e+23
-6.21849e+23
-9.84222e+23
-1.48309e+24
-2.05918e+24
-2.90394e+23
-1.86408e+23
-1.6452e+23
-1.59631e+23
-1.56344e+23
-1.52481e+23
-1.48051e+23
-1.4322e+23
-1.38194e+23
-1.33208e+23
-1.28511e+23
-1.2437e+23
-1.21051e+23
-1.188e+23
-1.1779e+23
-1.18015e+23
-1.19126e+23
-1.20277e+23
-1.20211e+23
-1.17935e+23
-1.14192e+23
-1.13289e+23
-1.24275e+23
-1.60444e+23
-2.37917e+23
-3.77279e+23
-6.07852e+23
-9.63829e+23
-1.45726e+24
-2.03275e+24
-2.58746e+23
-1.77383e+23
-1.59554e+23
-1.55172e+23
-1.51969e+23
-1.48248e+23
-1.44026e+23
-1.39465e+23
-1.3477e+23
-1.30173e+23
-1.25924e+23
-1.22283e+23
-1.19506e+23
-1.17817e+23
-1.17338e+23
-1.17966e+23
-1.19206e+23
-1.20071e+23
-1.19325e+23
-1.16407e+23
-1.13046e+23
-1.14931e+23
-1.32401e+23
-1.79438e+23
-2.72835e+23
-4.35151e+23
-6.98019e+23
-1.09306e+24
-1.61754e+24
-2.19269e+24
-3.81596e+23
-1.96166e+23
-1.64371e+23
-1.58534e+23
-1.55299e+23
-1.51366e+23
-1.46779e+23
-1.41731e+23
-1.36451e+23
-1.31194e+23
-1.26236e+23
-1.21877e+23
-1.18435e+23
-1.16237e+23
-1.15596e+23
-1.16732e+23
-1.19591e+23
-1.23529e+23
-1.27091e+23
-1.28416e+23
-1.26845e+23
-1.257e+23
-1.34843e+23
-1.71145e+23
-2.56444e+23
-4.17756e+23
-6.90845e+23
-1.11075e+24
-1.66966e+24
-2.26878e+24
-4.3459e+23
-2.02935e+23
-1.65832e+23
-1.59268e+23
-1.56024e+23
-1.52075e+23
-1.47434e+23
-1.42301e+23
-1.36903e+23
-1.31494e+23
-1.26352e+23
-1.21778e+23
-1.18095e+23
-1.15644e+23
-1.14765e+23
-1.15747e+23
-1.18679e+23
-1.2315e+23
-1.27898e+23
-1.30941e+23
-1.30839e+23
-1.2938e+23
-1.3466e+23
-1.62509e+23
-2.34917e+23
-3.78702e+23
-6.28494e+23
-1.02143e+24
-1.561e+24
-2.1646e+24
-4.35745e+23
-2.03634e+23
-1.66383e+23
-1.59782e+23
-1.56505e+23
-1.52516e+23
-1.4783e+23
-1.42646e+23
-1.37194e+23
-1.31727e+23
-1.26522e+23
-1.21882e+23
-1.1813e+23
-1.15608e+23
-1.14658e+23
-1.15577e+23
-1.1847e+23
-1.2295e+23
-1.27778e+23
-1.3097e+23
-1.31018e+23
-1.29578e+23
-1.34583e+23
-1.61763e+23
-2.33124e+23
-3.7552e+23
-6.23582e+23
-1.01471e+24
-1.55333e+24
-2.15773e+24
-4.43082e+23
-2.04979e+23
-1.66993e+23
-1.60282e+23
-1.56991e+23
-1.52984e+23
-1.48275e+23
-1.43061e+23
-1.37571e+23
-1.3206e+23
-1.26806e+23
-1.22109e+23
-1.18293e+23
-1.15701e+23
-1.14679e+23
-1.15527e+23
-1.18367e+23
-1.22839e+23
-1.27739e+23
-1.31082e+23
-1.31285e+23
-1.29819e+23
-1.34365e+23
-1.60452e+23
-2.30018e+23
-3.69827e+23
-6.14292e+23
-1.00108e+24
-1.53636e+24
-2.14117e+24
-4.47231e+23
-2.06313e+23
-1.67895e+23
-1.61108e+23
-1.57783e+23
-1.53735e+23
-1.48978e+23
-1.4371e+23
-1.38161e+23
-1.32586e+23
-1.27261e+23
-1.22488e+23
-1.18591e+23
-1.15912e+23
-1.14799e+23
-1.15557e+23
-1.1832e+23
-1.22757e+23
-1.27699e+23
-1.3117e+23
-1.31512e+23
-1.29988e+23
-1.33985e+23
-1.58766e+23
-2.26149e+23
-3.62749e+23
-6.02664e+23
-9.83771e+23
-1.51435e+24
-2.1191e+24
-4.00946e+23
-1.9841e+23
-1.64738e+23
-1.58654e+23
-1.55383e+23
-1.51402e+23
-1.46754e+23
-1.41639e+23
-1.36284e+23
-1.30946e+23
-1.25904e+23
-1.21457e+23
-1.1793e+23
-1.15659e+23
-1.14976e+23
-1.16148e+23
-1.19211e+23
-1.23649e+23
-1.28088e+23
-1.30546e+23
-1.29885e+23
-1.28627e+23
-1.35867e+23
-1.6828e+23
-2.48221e+23
-4.03018e+23
-6.68164e+23
-1.07941e+24
-1.63269e+24
-2.23425e+24
-5.40225e+23
-2.13283e+23
-1.67414e+23
-1.5962e+23
-1.56271e+23
-1.522e+23
-1.47387e+23
-1.42042e+23
-1.36401e+23
-1.30726e+23
-1.25305e+23
-1.20454e+23
-1.16516e+23
-1.13865e+23
-1.12901e+23
-1.14031e+23
-1.17576e+23
-1.23493e+23
-1.30837e+23
-1.37399e+23
-1.40644e+23
-1.40656e+23
-1.4449e+23
-1.69289e+23
-2.41432e+23
-3.93467e+23
-6.64894e+23
-1.09364e+24
-1.67104e+24
-2.28786e+24
-6.22097e+23
-2.21586e+23
-1.69284e+23
-1.6052e+23
-1.57141e+23
-1.53067e+23
-1.48222e+23
-1.42814e+23
-1.37078e+23
-1.31277e+23
-1.25696e+23
-1.20648e+23
-1.16475e+23
-1.13553e+23
-1.12288e+23
-1.13106e+23
-1.16392e+23
-1.2228e+23
-1.30135e+23
-1.37991e+23
-1.43034e+23
-1.44156e+23
-1.46369e+23
-1.64813e+23
-2.25134e+23
-3.60079e+23
-6.0873e+23
-1.01113e+24
-1.56996e+24
-2.19224e+24
-6.25018e+23
-2.22691e+23
-1.7003e+23
-1.61193e+23
-1.5778e+23
-1.53666e+23
-1.48776e+23
-1.43317e+23
-1.37526e+23
-1.31665e+23
-1.26019e+23
-1.20901e+23
-1.16655e+23
-1.13653e+23
-1.12304e+23
-1.13033e+23
-1.16234e+23
-1.22056e+23
-1.29906e+23
-1.37853e+23
-1.43066e+23
-1.44307e+23
-1.46345e+23
-1.64066e+23
-2.22992e+23
-3.55874e+23
-6.01774e+23
-1.00104e+24
-1.55776e+24
-2.18088e+24
-6.23491e+23
-2.23388e+23
-1.70728e+23
-1.61871e+23
-1.58418e+23
-1.54256e+23
-1.49313e+23
-1.43799e+23
-1.37949e+23
-1.32025e+23
-1.26314e+23
-1.21129e+23
-1.16812e+23
-1.13738e+23
-1.12314e+23
-1.1297e+23
-1.16105e+23
-1.21889e+23
-1.29772e+23
-1.37869e+23
-1.43329e+23
-1.4475e+23
-1.46587e+23
-1.63371e+23
-2.20438e+23
-3.50539e+23
-5.92656e+23
-9.87377e+23
-1.54051e+24
-2.16389e+24
-5.56036e+23
-2.16021e+23
-1.68772e+23
-1.60743e+23
-1.5732e+23
-1.53166e+23
-1.48259e+23
-1.4281e+23
-1.37056e+23
-1.31261e+23
-1.25712e+23
-1.20725e+23
-1.16646e+23
-1.13848e+23
-1.12737e+23
-1.13729e+23
-1.17176e+23
-1.23118e+23
-1.30742e+23
-1.37912e+23
-1.41925e+23
-1.42321e+23
-1.45328e+23
-1.67417e+23
-2.3491e+23
-3.80619e+23
-6.43969e+23
-1.06374e+24
-1.63539e+24
-2.25514e+24
-6.63575e+23
-2.24956e+23
-1.69858e+23
-1.60659e+23
-1.57186e+23
-1.53015e+23
-1.48055e+23
-1.42521e+23
-1.36652e+23
-1.30714e+23
-1.24997e+23
-1.19822e+23
-1.15541e+23
-1.12542e+23
-1.11254e+23
-1.12142e+23
-1.15671e+23
-1.22116e+23
-1.3105e+23
-1.40551e+23
-1.47431e+23
-1.49881e+23
-1.52479e+23
-1.71129e+23
-2.34037e+23
-3.77736e+23
-6.44882e+23
-1.07568e+24
-1.66214e+24
-2.29011e+24
-7.72895e+23
-2.35893e+23
-1.72726e+23
-1.62281e+23
-1.58742e+23
-1.54553e+23
-1.4954e+23
-1.43917e+23
-1.37922e+23
-1.31818e+23
-1.25895e+23
-1.20471e+23
-1.15894e+23
-1.12551e+23
-1.1087e+23
-1.11322e+23
-1.144e+23
-1.20492e+23
-1.29468e+23
-1.39847e+23
-1.48498e+23
-1.52659e+23
-1.54675e+23
-1.67637e+23
-2.17935e+23
-3.41981e+23
-5.82346e+23
-9.81823e+23
-1.54582e+24
-2.17988e+24
-7.85097e+23
-2.37286e+23
-1.73206e+23
-1.62614e+23
-1.59059e+23
-1.54855e+23
-1.49824e+23
-1.44177e+23
-1.38152e+23
-1.32013e+23
-1.2605e+23
-1.2058e+23
-1.15951e+23
-1.1255e+23
-1.10806e+23
-1.11191e+23
-1.14202e+23
-1.20243e+23
-1.29221e+23
-1.39711e+23
-1.48595e+23
-1.52999e+23
-1.54997e+23
-1.67329e+23
-2.16161e+23
-3.3793e+23
-5.75276e+23
-9.71307e+23
-1.53286e+24
-2.16757e+24
-7.85524e+23
-2.38435e+23
-1.74111e+23
-1.63461e+23
-1.59867e+23
-1.55618e+23
-1.50534e+23
-1.44829e+23
-1.38741e+23
-1.32535e+23
-1.26499e+23
-1.20952e+23
-1.16242e+23
-1.12754e+23
-1.10916e+23
-1.11201e+23
-1.14107e+23
-1.20045e+23
-1.28953e+23
-1.39471e+23
-1.48513e+23
-1.53109e+23
-1.55032e+23
-1.66581e+23
-2.13543e+23
-3.32211e+23
-5.65121e+23
-9.55657e+23
-1.51274e+24
-2.14764e+24
-6.78211e+23
-2.27809e+23
-1.71403e+23
-1.6197e+23
-1.58427e+23
-1.54178e+23
-1.4913e+23
-1.43494e+23
-1.37513e+23
-1.31451e+23
-1.25602e+23
-1.20283e+23
-1.15848e+23
-1.12684e+23
-1.1122e+23
-1.11925e+23
-1.15274e+23
-1.21587e+23
-1.30542e+23
-1.40358e+23
-1.47824e+23
-1.50759e+23
-1.52973e+23
-1.69507e+23
-2.28123e+23
-3.65423e+23
-6.24066e+23
-1.04525e+24
-1.62549e+24
-2.25652e+24
-7.12771e+23
-2.28977e+23
-1.70512e+23
-1.60796e+23
-1.57281e+23
-1.53087e+23
-1.48097e+23
-1.42521e+23
-1.36598e+23
-1.30593e+23
-1.24795e+23
-1.19521e+23
-1.15121e+23
-1.11984e+23
-1.10541e+23
-1.11267e+23
-1.14656e+23
-1.21085e+23
-1.30344e+23
-1.40777e+23
-1.49109e+23
-1.52777e+23
-1.54965e+23
-1.70194e+23
-2.26306e+23
-3.60583e+23
-6.16267e+23
-1.03519e+24
-1.6152e+24
-2.24891e+24
-8.54464e+23
-2.43015e+23
-1.74233e+23
-1.62919e+23
-1.59313e+23
-1.55095e+23
-1.50038e+23
-1.4435e+23
-1.38269e+23
-1.32056e+23
-1.25998e+23
-1.20409e+23
-1.15635e+23
-1.12061e+23
-1.10114e+23
-1.10274e+23
-1.13059e+23
-1.1895e+23
-1.28052e+23
-1.39283e+23
-1.49648e+23
-1.55681e+23
-1.5798e+23
-1.67385e+23
-2.08894e+23
-3.1931e+23
-5.4198e+23
-9.21429e+23
-1.47094e+24
-2.10836e+24
-8.67567e+23
-2.44637e+23
-1.74814e+23
-1.63332e+23
-1.59707e+23
-1.55475e+23
-1.50397e+23
-1.44683e+23
-1.38569e+23
-1.32317e+23
-1.26213e+23
-1.20571e+23
-1.15737e+23
-1.12093e+23
-1.10068e+23
-1.10141e+23
-1.12834e+23
-1.18637e+23
-1.27686e+23
-1.3896e+23
-1.49505e+23
-1.55785e+23
-1.58168e+23
-1.67158e+23
-2.07477e+23
-3.15892e+23
-5.35842e+23
-9.12163e+23
-1.45941e+24
-2.09735e+24
-8.8023e+23
-2.46367e+23
-1.75498e+23
-1.63844e+23
-1.60195e+23
-1.55945e+23
-1.50842e+23
-1.45097e+23
-1.38947e+23
-1.32652e+23
-1.26499e+23
-1.20801e+23
-1.15903e+23
-1.12189e+23
-1.10086e+23
-1.10071e+23
-1.1267e+23
-1.18379e+23
-1.27363e+23
-1.38663e+23
-1.49375e+23
-1.559e+23
-1.58348e+23
-1.66811e+23
-2.05633e+23
-3.1145e+23
-5.27706e+23
-8.99481e+23
-1.44293e+24
-2.08078e+24
-9.05395e+23
-2.48646e+23
-1.75966e+23
-1.64043e+23
-1.60389e+23
-1.5615e+23
-1.51054e+23
-1.45308e+23
-1.39151e+23
-1.32843e+23
-1.26669e+23
-1.20943e+23
-1.1601e+23
-1.12251e+23
-1.10094e+23
-1.10017e+23
-1.12545e+23
-1.1818e+23
-1.27115e+23
-1.38451e+23
-1.49344e+23
-1.56133e+23
-1.58655e+23
-1.66529e+23
-2.03634e+23
-3.06404e+23
-5.18216e+23
-8.84305e+23
-1.4226e+24
-2.0596e+24
-7.99916e+23
-2.3922e+23
-1.74087e+23
-1.63314e+23
-1.59702e+23
-1.5544e+23
-1.50344e+23
-1.44626e+23
-1.38524e+23
-1.32299e+23
-1.2624e+23
-1.20663e+23
-1.15914e+23
-1.12378e+23
-1.10484e+23
-1.10706e+23
-1.13557e+23
-1.19483e+23
-1.28504e+23
-1.39369e+23
-1.48972e+23
-1.5408e+23
-1.56014e+23
-1.66699e+23
-2.11987e+23
-3.2871e+23
-5.59969e+23
-9.49793e+23
-1.50813e+24
-2.14626e+24
-7.25236e+23
-2.32021e+23
-1.72219e+23
-1.62267e+23
-1.58719e+23
-1.54497e+23
-1.4947e+23
-1.43847e+23
-1.37864e+23
-1.31779e+23
-1.25878e+23
-1.20471e+23
-1.159e+23
-1.12543e+23
-1.10815e+23
-1.11176e+23
-1.14102e+23
-1.19972e+23
-1.28661e+23
-1.38745e+23
-1.47163e+23
-1.51121e+23
-1.52614e+23
-1.63904e+23
-2.10098e+23
-3.26033e+23
-5.52533e+23
-9.32427e+23
-1.47827e+24
-2.10979e+24
-8.52e+23
-2.44657e+23
-1.75519e+23
-1.64117e+23
-1.60492e+23
-1.56256e+23
-1.51177e+23
-1.45462e+23
-1.39345e+23
-1.33083e+23
-1.26957e+23
-1.21276e+23
-1.16378e+23
-1.12636e+23
-1.10467e+23
-1.10331e+23
-1.12729e+23
-1.1812e+23
-1.26633e+23
-1.37317e+23
-1.4741e+23
-1.53483e+23
-1.55477e+23
-1.62538e+23
-1.97115e+23
-2.93382e+23
-4.92208e+23
-8.37663e+23
-1.35299e+24
-1.97988e+24
-8.88129e+23
-2.4786e+23
-1.76064e+23
-1.64267e+23
-1.60645e+23
-1.5644e+23
-1.51383e+23
-1.45682e+23
-1.39569e+23
-1.333e+23
-1.27156e+23
-1.21446e+23
-1.16506e+23
-1.12709e+23
-1.1047e+23
-1.10248e+23
-1.12545e+23
-1.17827e+23
-1.26247e+23
-1.36907e+23
-1.47096e+23
-1.53341e+23
-1.55388e+23
-1.62045e+23
-1.95415e+23
-2.89486e+23
-4.85049e+23
-8.26323e+23
-1.33789e+24
-1.9642e+24
-9.14699e+23
-2.50107e+23
-1.76403e+23
-1.64322e+23
-1.60699e+23
-1.56513e+23
-1.5147e+23
-1.45776e+23
-1.39664e+23
-1.3339e+23
-1.27234e+23
-1.21504e+23
-1.16535e+23
-1.12701e+23
-1.10415e+23
-1.10139e+23
-1.12374e+23
-1.17596e+23
-1.25982e+23
-1.36693e+23
-1.47069e+23
-1.53586e+23
-1.55752e+23
-1.61957e+23
-1.9388e+23
-2.85326e+23
-4.77059e+23
-8.13371e+23
-1.32008e+24
-1.94476e+24
-8.07673e+23
-2.41314e+23
-1.75153e+23
-1.64214e+23
-1.6062e+23
-1.56389e+23
-1.51321e+23
-1.45624e+23
-1.39532e+23
-1.33301e+23
-1.27214e+23
-1.2158e+23
-1.16736e+23
-1.13056e+23
-1.10952e+23
-1.10882e+23
-1.13329e+23
-1.18718e+23
-1.27071e+23
-1.37235e+23
-1.46323e+23
-1.51176e+23
-1.52595e+23
-1.61e+23
-1.99816e+23
-3.03133e+23
-5.11314e+23
-8.68086e+23
-1.394e+24
-2.02402e+24
-6.43002e+23
-2.24789e+23
-1.70801e+23
-1.61752e+23
-1.58315e+23
-1.54194e+23
-1.49303e+23
-1.43844e+23
-1.38047e+23
-1.32162e+23
-1.26465e+23
-1.21257e+23
-1.16864e+23
-1.13645e+23
-1.11988e+23
-1.12306e+23
-1.14995e+23
-1.20285e+23
-1.27829e+23
-1.36067e+23
-1.42242e+23
-1.4426e+23
-1.44607e+23
-1.54735e+23
-1.96763e+23
-3.00622e+23
-5.01717e+23
-8.40346e+23
-1.33948e+24
-1.94897e+24
-7.54272e+23
-2.37199e+23
-1.74528e+23
-1.64115e+23
-1.606e+23
-1.56445e+23
-1.51478e+23
-1.45899e+23
-1.39935e+23
-1.33836e+23
-1.27873e+23
-1.22343e+23
-1.17572e+23
-1.13912e+23
-1.11753e+23
-1.11512e+23
-1.1362e+23
-1.18414e+23
-1.25818e+23
-1.34692e+23
-1.42441e+23
-1.46296e+23
-1.4684e+23
-1.5279e+23
-1.84004e+23
-2.69786e+23
-4.45218e+23
-7.5067e+23
-1.21679e+24
-1.81351e+24
-7.92066e+23
-2.40053e+23
-1.7471e+23
-1.63904e+23
-1.60408e+23
-1.56301e+23
-1.51376e+23
-1.45831e+23
-1.39893e+23
-1.3381e+23
-1.27854e+23
-1.22322e+23
-1.17537e+23
-1.13853e+23
-1.11659e+23
-1.11374e+23
-1.13432e+23
-1.18181e+23
-1.2557e+23
-1.345e+23
-1.42403e+23
-1.46449e+23
-1.47033e+23
-1.52588e+23
-1.82706e+23
-2.66593e+23
-4.393e+23
-7.41201e+23
-1.20369e+24
-1.79877e+24
-8.21577e+23
-2.4285e+23
-1.7529e+23
-1.64155e+23
-1.60663e+23
-1.56581e+23
-1.51672e+23
-1.46136e+23
-1.40197e+23
-1.34105e+23
-1.28129e+23
-1.22567e+23
-1.1774e+23
-1.14004e+23
-1.11745e+23
-1.11382e+23
-1.13347e+23
-1.17996e+23
-1.25301e+23
-1.34212e+23
-1.42205e+23
-1.46406e+23
-1.47012e+23
-1.52099e+23
-1.80876e+23
-2.62308e+23
-4.31261e+23
-7.27974e+23
-1.18479e+24
-1.77682e+24
-7.11238e+23
-2.34158e+23
-1.74432e+23
-1.64483e+23
-1.61005e+23
-1.56864e+23
-1.51917e+23
-1.46363e+23
-1.40428e+23
-1.34363e+23
-1.28441e+23
-1.22958e+23
-1.1824e+23
-1.14638e+23
-1.12538e+23
-1.12349e+23
-1.14471e+23
-1.19171e+23
-1.26215e+23
-1.3423e+23
-1.40564e+23
-1.4286e+23
-1.42731e+23
-1.50243e+23
-1.86092e+23
-2.79195e+23
-4.63926e+23
-7.8058e+23
-1.25813e+24
-1.86063e+24
-4.93509e+23
-2.0822e+23
-1.66029e+23
-1.58774e+23
-1.55566e+23
-1.51691e+23
-1.47129e+23
-1.42066e+23
-1.36719e+23
-1.31323e+23
-1.26138e+23
-1.21444e+23
-1.17543e+23
-1.14756e+23
-1.13421e+23
-1.13866e+23
-1.1633e+23
-1.20756e+23
-1.26403e+23
-1.31563e+23
-1.34087e+23
-1.33292e+23
-1.33084e+23
-1.44656e+23
-1.86699e+23
-2.82888e+23
-4.61772e+23
-7.58851e+23
-1.20275e+24
-1.77115e+24
-5.94177e+23
-2.22891e+23
-1.71818e+23
-1.63181e+23
-1.59864e+23
-1.55886e+23
-1.51161e+23
-1.45873e+23
-1.40239e+23
-1.34493e+23
-1.28893e+23
-1.23718e+23
-1.19269e+23
-1.15868e+23
-1.13856e+23
-1.13576e+23
-1.15325e+23
-1.19199e+23
-1.24755e+23
-1.30594e+23
-1.34503e+23
-1.34861e+23
-1.33561e+23
-1.39246e+23
-1.68688e+23
-2.44816e+23
-3.949e+23
-6.52922e+23
-1.05301e+24
-1.59347e+24
-6.14434e+23
-2.24491e+23
-1.71858e+23
-1.62991e+23
-1.5969e+23
-1.55741e+23
-1.51038e+23
-1.45768e+23
-1.40144e+23
-1.34402e+23
-1.288e+23
-1.23616e+23
-1.1915e+23
-1.15726e+23
-1.13684e+23
-1.13373e+23
-1.15097e+23
-1.18969e+23
-1.24574e+23
-1.30543e+23
-1.34655e+23
-1.35216e+23
-1.33956e+23
-1.39334e+23
-1.68002e+23
-2.42924e+23
-3.91425e+23
-6.47485e+23
-1.04551e+24
-1.58475e+24
-6.23799e+23
-2.26069e+23
-1.72579e+23
-1.63569e+23
-1.60247e+23
-1.56277e+23
-1.51547e+23
-1.46243e+23
-1.40579e+23
-1.34791e+23
-1.29135e+23
-1.2389e+23
-1.19356e+23
-1.15856e+23
-1.13732e+23
-1.13333e+23
-1.14969e+23
-1.18767e+23
-1.24341e+23
-1.30357e+23
-1.34599e+23
-1.353e+23
-1.34016e+23
-1.3896e+23
-1.66584e+23
-2.39775e+23
-3.85783e+23
-6.38453e+23
-1.03257e+24
-1.56907e+24
-6.52535e+23
-2.28679e+23
-1.72964e+23
-1.63627e+23
-1.60326e+23
-1.56396e+23
-1.51698e+23
-1.46418e+23
-1.4077e+23
-1.34988e+23
-1.29328e+23
-1.2407e+23
-1.19512e+23
-1.15977e+23
-1.13807e+23
-1.13353e+23
-1.14926e+23
-1.18667e+23
-1.24214e+23
-1.3027e+23
-1.3463e+23
-1.35457e+23
-1.34112e+23
-1.38516e+23
-1.64849e+23
-2.35847e+23
-3.78583e+23
-6.26607e+23
-1.01501e+24
-1.54692e+24
-5.81038e+23
-2.22092e+23
-1.71959e+23
-1.63463e+23
-1.60166e+23
-1.56206e+23
-1.51498e+23
-1.46229e+23
-1.40613e+23
-1.34884e+23
-1.29299e+23
-1.24138e+23
-1.197e+23
-1.16305e+23
-1.14291e+23
-1.13994e+23
-1.15692e+23
-1.19444e+23
-1.24737e+23
-1.30115e+23
-1.33396e+23
-1.33158e+23
-1.31668e+23
-1.37971e+23
-1.68982e+23
-2.47351e+23
-4.00037e+23
-6.61055e+23
-1.06444e+24
-1.60745e+24
-3.53885e+23
-1.93228e+23
-1.63755e+23
-1.58116e+23
-1.55025e+23
-1.51355e+23
-1.47093e+23
-1.42396e+23
-1.37457e+23
-1.32491e+23
-1.2773e+23
-1.23422e+23
-1.19826e+23
-1.17204e+23
-1.15798e+23
-1.15778e+23
-1.17125e+23
-1.19436e+23
-1.21749e+23
-1.22649e+23
-1.21041e+23
-1.17764e+23
-1.17496e+23
-1.29854e+23
-1.6868e+23
-2.50438e+23
-3.95753e+23
-6.33201e+23
-9.94403e+23
-1.48714e+24
-4.08528e+23
-2.03716e+23
-1.68264e+23
-1.61774e+23
-1.58623e+23
-1.54868e+23
-1.50467e+23
-1.45581e+23
-1.40403e+23
-1.35147e+23
-1.30047e+23
-1.25354e+23
-1.21332e+23
-1.1825e+23
-1.16369e+23
-1.15903e+23
-1.16924e+23
-1.19183e+23
-1.21894e+23
-1.23697e+23
-1.23163e+23
-1.2019e+23
-1.18006e+23
-1.2476e+23
-1.53497e+23
-2.20393e+23
-3.44767e+23
-5.52887e+23
-8.77148e+23
-1.33606e+24
-4.18881e+23
-2.0511e+23
-1.68548e+23
-1.61902e+23
-1.58762e+23
-1.5502e+23
-1.50626e+23
-1.45739e+23
-1.40553e+23
-1.35282e+23
-1.30159e+23
-1.25436e+23
-1.21374e+23
-1.18246e+23
-1.16315e+23
-1.15799e+23
-1.16781e+23
-1.1903e+23
-1.21781e+23
-1.2368e+23
-1.23276e+23
-1.20388e+23
-1.18123e+23
-1.24508e+23
-1.52528e+23
-2.1837e+23
-3.41314e+23
-5.47504e+23
-8.694e+23
-1.32628e+24
-4.28795e+23
-2.06152e+23
-1.68599e+23
-1.61814e+23
-1.5869e+23
-1.54967e+23
-1.50589e+23
-1.45715e+23
-1.40536e+23
-1.35268e+23
-1.30143e+23
-1.25413e+23
-1.2134e+23
-1.18196e+23
-1.16247e+23
-1.15716e+23
-1.16695e+23
-1.18969e+23
-1.21795e+23
-1.23827e+23
-1.23587e+23
-1.20798e+23
-1.18408e+23
-1.24271e+23
-1.5127e+23
-2.15593e+23
-3.36465e+23
-5.39816e+23
-8.57997e+23
-1.311e+24
-3.89136e+23
-2.02064e+23
-1.6838e+23
-1.62081e+23
-1.58913e+23
-1.55142e+23
-1.50727e+23
-1.45824e+23
-1.40622e+23
-1.35336e+23
-1.30196e+23
-1.25452e+23
-1.21363e+23
-1.18197e+23
-1.16213e+23
-1.15613e+23
-1.16449e+23
-1.18435e+23
-1.20746e+23
-1.2202e+23
-1.2094e+23
-1.17675e+23
-1.15825e+23
-1.23827e+23
-1.54699e+23
-2.24321e+23
-3.51987e+23
-5.64505e+23
-8.9484e+23
-1.36082e+24
-2.28811e+23
-1.77124e+23
-1.62699e+23
-1.58136e+23
-1.54865e+23
-1.51312e+23
-1.47358e+23
-1.43095e+23
-1.38672e+23
-1.34265e+23
-1.30066e+23
-1.26268e+23
-1.23055e+23
-1.20574e+23
-1.18894e+23
-1.17936e+23
-1.17379e+23
-1.16609e+23
-1.14792e+23
-1.11277e+23
-1.06371e+23
-1.02311e+23
-1.04008e+23
-1.19023e+23
-1.566e+23
-2.27271e+23
-3.45124e+23
-5.3122e+23
-8.12868e+23
-1.21107e+24
-2.55081e+23
-1.85675e+23
-1.67515e+23
-1.62481e+23
-1.59128e+23
-1.55434e+23
-1.51269e+23
-1.4673e+23
-1.41968e+23
-1.37163e+23
-1.3251e+23
-1.28214e+23
-1.24472e+23
-1.21461e+23
-1.193e+23
-1.17987e+23
-1.17308e+23
-1.16753e+23
-1.15517e+23
-1.12761e+23
-1.08278e+23
-1.03473e+23
-1.02295e+23
-1.11567e+23
-1.40275e+23
-1.98633e+23
-2.99377e+23
-4.61357e+23
-7.11024e+23
-1.0744e+24
-2.58256e+23
-1.86122e+23
-1.67462e+23
-1.62382e+23
-1.59046e+23
-1.55366e+23
-1.51212e+23
-1.4668e+23
-1.41923e+23
-1.37122e+23
-1.32472e+23
-1.28176e+23
-1.24437e+23
-1.21432e+23
-1.19284e+23
-1.17997e+23
-1.17366e+23
-1.16889e+23
-1.15761e+23
-1.13126e+23
-1.08733e+23
-1.03926e+23
-1.02589e+23
-1.11519e+23
-1.39733e+23
-1.97503e+23
-2.97568e+23
-4.58693e+23
-7.0723e+23
-1.06925e+24
-2.62323e+23
-1.87672e+23
-1.68442e+23
-1.63275e+23
-1.5992e+23
-1.56215e+23
-1.52027e+23
-1.4745e+23
-1.42638e+23
-1.37771e+23
-1.33045e+23
-1.28664e+23
-1.2483e+23
-1.21723e+23
-1.19468e+23
-1.18078e+23
-1.17359e+23
-1.16824e+23
-1.1568e+23
-1.13067e+23
-1.08692e+23
-1.03815e+23
-1.02206e+23
-1.10548e+23
-1.37781e+23
-1.94101e+23
-2.92069e+23
-4.50161e+23
-6.94561e+23
-1.05184e+24
-2.44128e+23
-1.85314e+23
-1.68855e+23
-1.63875e+23
-1.60432e+23
-1.56673e+23
-1.52456e+23
-1.47869e+23
-1.4306e+23
-1.38205e+23
-1.33496e+23
-1.2913e+23
-1.25296e+23
-1.22155e+23
-1.19801e+23
-1.18196e+23
-1.17089e+23
-1.15939e+23
-1.13961e+23
-1.10433e+23
-1.05387e+23
-1.00552e+23
-1.00165e+23
-1.11134e+23
-1.42189e+23
-2.03179e+23
-3.06828e+23
-4.72435e+23
-7.27014e+23
-1.09648e+24
-1.63261e+23
-1.59153e+23
-1.5567e+23
-1.52529e+23
-1.4937e+23
-1.46025e+23
-1.4247e+23
-1.38761e+23
-1.34999e+23
-1.31298e+23
-1.27777e+23
-1.24536e+23
-1.2163e+23
-1.19044e+23
-1.16645e+23
-1.14161e+23
-1.11189e+23
-1.0731e+23
-1.0234e+23
-9.67078e+22
-9.18922e+22
-9.07568e+22
-9.75602e+22
-1.17505e+23
-1.56308e+23
-2.20878e+23
-3.2137e+23
-4.73433e+23
-6.98487e+23
-1.01824e+24
-1.77455e+23
-1.70024e+23
-1.65038e+23
-1.61243e+23
-1.57693e+23
-1.53987e+23
-1.50029e+23
-1.45853e+23
-1.41553e+23
-1.3725e+23
-1.33071e+23
-1.29132e+23
-1.2552e+23
-1.22263e+23
-1.19293e+23
-1.16411e+23
-1.13269e+23
-1.0943e+23
-1.04545e+23
-9.86843e+22
-9.27775e+22
-8.90265e+22
-9.10993e+22
-1.03857e+23
-1.32754e+23
-1.83886e+23
-2.65558e+23
-3.90768e+23
-5.78847e+23
-8.53328e+23
-1.77829e+23
-1.70033e+23
-1.6492e+23
-1.61094e+23
-1.57543e+23
-1.53842e+23
-1.4989e+23
-1.45719e+23
-1.41426e+23
-1.3713e+23
-1.32961e+23
-1.29037e+23
-1.25448e+23
-1.22223e+23
-1.193e+23
-1.16482e+23
-1.13423e+23
-1.09679e+23
-1.04887e+23
-9.90947e+22
-9.32014e+22
-8.93834e+22
-9.13003e+22
-1.03837e+23
-1.32497e+23
-1.83423e+23
-2.64939e+23
-3.90037e+23
-5.78045e+23
-8.5249e+23
-1.78531e+23
-1.7042e+23
-1.6519e+23
-1.61328e+23
-1.57764e+23
-1.54053e+23
-1.50088e+23
-1.45902e+23
-1.41592e+23
-1.37277e+23
-1.33087e+23
-1.29143e+23
-1.25536e+23
-1.22299e+23
-1.19373e+23
-1.16566e+23
-1.13534e+23
-1.09832e+23
-1.05088e+23
-9.93257e+22
-9.34143e+22
-8.9493e+22
-9.11915e+22
-1.03386e+23
-1.31589e+23
-1.81936e+23
-2.62691e+23
-3.86738e+23
-5.73299e+23
-8.45919e+23
-1.80134e+23
-1.7157e+23
-1.66159e+23
-1.62233e+23
-1.58636e+23
-1.54897e+23
-1.509e+23
-1.46677e+23
-1.42321e+23
-1.37956e+23
-1.33711e+23
-1.29707e+23
-1.26037e+23
-1.22739e+23
-1.19757e+23
-1.16905e+23
-1.13844e+23
-1.10131e+23
-1.05383e+23
-9.95986e+22
-9.36007e+22
-8.947e+22
-9.07772e+22
-1.02359e+23
-1.29705e+23
-1.78892e+23
-2.58029e+23
-3.79742e+23
-5.62982e+23
-8.31264e+23
-1.74793e+23
-1.68602e+23
-1.64093e+23
-1.60449e+23
-1.56956e+23
-1.53292e+23
-1.4938e+23
-1.45261e+23
-1.41029e+23
-1.36801e+23
-1.327e+23
-1.28837e+23
-1.25289e+23
-1.22073e+23
-1.19102e+23
-1.16162e+23
-1.12895e+23
-1.08873e+23
-1.03794e+23
-9.78191e+22
-9.20003e+22
-8.86762e+22
-9.16147e+22
-1.05693e+23
-1.36322e+23
-1.89634e+23
-2.74175e+23
-4.03346e+23
-5.96844e+23
-8.78064e+23
-1.5808e+23
-1.5699e+23
-1.55139e+23
-1.52733e+23
-1.49884e+23
-1.46674e+23
-1.43183e+23
-1.39493e+23
-1.3569e+23
-1.31854e+23
-1.28049e+23
-1.24306e+23
-1.20605e+23
-1.16857e+23
-1.12899e+23
-1.08511e+23
-1.03487e+23
-9.77594e+22
-9.16004e+22
-8.58478e+22
-8.21154e+22
-8.28727e+22
-9.12801e+22
-1.10844e+23
-1.45363e+23
-1.99678e+23
-2.81162e+23
-4.01393e+23
-5.77133e+23
-8.28757e+23
-1.65385e+23
-1.63968e+23
-1.61783e+23
-1.59087e+23
-1.55975e+23
-1.52506e+23
-1.48741e+23
-1.44758e+23
-1.40641e+23
-1.36476e+23
-1.32339e+23
-1.28279e+23
-1.24302e+23
-1.20348e+23
-1.16281e+23
-1.1189e+23
-1.06936e+23
-1.01255e+23
-9.49356e+22
-8.85484e+22
-8.33823e+22
-8.16011e+22
-8.61843e+22
-1.00602e+23
-1.28541e+23
-1.74307e+23
-2.44107e+23
-3.47777e+23
-5.00197e+23
-7.20997e+23
-1.65605e+23
-1.64149e+23
-1.61932e+23
-1.59213e+23
-1.56085e+23
-1.52603e+23
-1.48828e+23
-1.44834e+23
-1.40707e+23
-1.36534e+23
-1.32391e+23
-1.28331e+23
-1.24361e+23
-1.20424e+23
-1.16386e+23
-1.12037e+23
-1.07133e+23
-1.01501e+23
-9.52158e+22
-8.8827e+22
-8.36031e+22
-8.16919e+22
-8.60711e+22
-1.00226e+23
-1.27867e+23
-1.73303e+23
-2.42719e+23
-3.45914e+23
-4.9774e+23
-7.17841e+23
-1.65371e+23
-1.63883e+23
-1.61645e+23
-1.58925e+23
-1.55811e+23
-1.52352e+23
-1.48607e+23
-1.44645e+23
-1.40552e+23
-1.36414e+23
-1.32306e+23
-1.2828e+23
-1.24345e+23
-1.20446e+23
-1.16449e+23
-1.12143e+23
-1.07284e+23
-1.01694e+23
-9.54384e+22
-8.9053e+22
-8.37887e+22
-8.17762e+22
-8.59821e+22
-9.98912e+22
-1.27213e+23
-1.72236e+23
-2.41086e+23
-3.43463e+23
-4.94088e+23
-7.12505e+23
-1.62132e+23
-1.60845e+23
-1.58793e+23
-1.56212e+23
-1.53206e+23
-1.49844e+23
-1.46196e+23
-1.42342e+23
-1.38369e+23
-1.34366e+23
-1.30404e+23
-1.2653e+23
-1.22745e+23
-1.18983e+23
-1.15099e+23
-1.10875e+23
-1.06073e+23
-1.0054e+23
-9.44002e+22
-8.82826e+22
-8.35604e+22
-8.24944e+22
-8.81518e+22
-1.04073e+23
-1.34045e+23
-1.82586e+23
-2.56298e+23
-3.65591e+23
-5.25956e+23
-7.57243e+23
0
0
0
0
0
0
0
0
0
0
0
0
0
0
0
0
0
0
0
0
0
0
0
0
0
0
0
0
0
0
0
0
0
0
0
0
0
0
0
0
0
0
0
0
0
0
0
0
0
0
0
0
0
0
0
0
0
0
0
0
0
0
0
0
0
0
0
0
0
0
0
0
0
0
0
0
0
0
0
0
0
0
0
0
0
0
0
0
0
0
0
0
0
0
0
0
0
0
0
0
0
0
0
0
0
0
0
0
0
0
0
0
0
0
0
0
0
0
0
0
0
0
0
0
0
0
0
0
0
0
0
0
0
0
0
0
0
0
0
0
0
0
0
0
0
0
0
0
0
0
0
0
0
0
0
0
0
0
0
0
0
0
0
0
0
0
0
0
0
0
0
0
0
0
0
0
0
0
0
0
0
0
0
0
0
0
0
0
0
0
0
0
0
0
0
0
0
0
0
0
0
0
0
0
0
0
0
0
0
0
0
0
0
0
0
0
0
0
0
0
0
0
0
0
0
0
0
0
0
0
0
0
0
0
0
0
0
0
0
0
0
0
0
0
0
0
0
0
0
0
0
0
0
0
0
0
0
0
0
0
0
0
0
0
0
0
0
0
0
0
0
0
0
0
0
0
0
0
0
0
0
0
0
0
0
0
0
0
0
0
0
0
0
0
0
0
0
0
0
0
0
0
0
0
0
0
0
0
0
0
0
0
0
0
0
0
0
0
0
0
0
0
0
0
0
0
0
0
0
0
0
0
0
0
0
0
0
0
0
0
0
0
0
0
0
0
0
0
0
0
0
0
0
0
0
0
0
0
0
0
0
0
0
0
0
0
0
0
0
0
0
0
0
0
0
0
0
0
0
0
0
0
0
0
0
0
0
0
0
0
0
0
0
0
0
0
0
0
0
0
0
0
0
0
0
0
0
0
0
0
0
0
0
0
0
0
0
0
0
0
0
0
0
0
0
0
0
0
0
0
0
0
0
0
0
0
0
0
0
0
0
0
0
0
0
0
0
0
0
0
0
0
0
0
0
0
0
0
0
0
0
0
0
0
0
0
0
0
0
0
0
0
0
0
0
0
0
0
0
0
0
0
0
0
0
0
0
0
0
0
0
0
0
0
0
0
0
0
0
0
0
0
0
0
0
0
0
0
0
0
0
0
0
0
0
0
0
0
0
0
0
0
0
0
0
0
0
0
0
0
0
0
0
0
0
0
0
0
0
0
0
0
0
0
0
0
0
0
0
0
0
0
0
0
0
0
0
0
0
0
0
0
0
0
0
0
0
0
0
0
0
0
0
0
0
0
0
0
0
0
0
0
0
0
0
0
0
0
0
0
0
0
0
0
0
0
0
0
0
0
0
0
0
0
0
0
0
0
0
0
0
0
0
0
0
0
0
0
0
0
0
0
0
0
0
0
0
0
0
0
0
0
0
0
0
0
0
0
0
0
0
0
0
0
0
0
0
0
0
0
0
0
0
0
0
0
0
0
0
0
0
0
0
0
0
0
0
0
0
0
0
0
0
0
0
0
0
0
0
0
0
0
0
0
0
0
0
0
0
0
0
0
0
0
0
0
0
0
0
0
0
0
0
0
0
0
0
0
0
0
0
0
0
0
0
0
0
0
0
0
0
0
0
0
0
0
0
0
0
0
0
0
0
0
0
0
0
0
0
0
0
0
0
0
0
0
0
0
0
0
0
0
0
0
0
0
0
0
0
0
0
0
0
0
0
0
0
0
0
0
0
0
0
0
0
0
0
0
0
0
0
0
0
0
0
0
0
0
0
0
0
0
0
0
0
0
0
0
0
0
0
0
0
0
0
0
0
0
0
0
0
0
0
0
0
0
0
0
0
0
0
0
0
0
0
0
0
0
0
0
0
0
0
0
0
0
0
0
0
0
0
0
0
0
0
0
0
0
0
0
0
0
0
0
0
0
0
0
0
0
0
0
0
0
0
0
0
0
0
0
0
0
0
0
0
0
0
0
0
0
0
0
0
0
0
0
0
0
0
0
0
0
0
0
0
0
0
0
0
0
0
0
0
0
0
0
0
0
0
0
0
0
0
0
0
0
0
0
0
0
0
0
0
0
0
0
0
0
0
0
0
0
0
0
0
0
0
0
0
0
0
0
0
0
0
0
0
0
0
0
0
0
0
0
0
0
0
0
0
0
0
0
0
0
0
0
0
0
0
0
0
0
0
0
0
0
0
0
0
0
0
0
0
0
0
0
0
0
0
0
0
0
0
0
0
0
0
0
0
0
0
0
0
0
0
0
0
0
0
0
0
0
0
0
0
0
0
0
0
0
0
0
0
0
0
0
0
0
0
0
0
0
0
0
0
0
0
0
0
0
0
0
0
0
0
0
0
0
0
0
0
0
0
0
0
0
0
0
0
0
0
0
0
0
0
0
0
0
0
0
0
0
0
0
0
0
0
0
0
0
0
0
0
0
0
0
0
0
0
0
0
0
0
0
0
0
0
0
0
0
0
0
0
0
0
0
0
0
0
0
0
0
0
0
0
0
0
0
0
0
0
0
0
0
0
0
0
0
0
0
0
0
0
0
0
0
0
0
0
0
0
0
0
0
0
0
0
0
0
0
0
0
0
0
0
0
0
0
0
0
0
0
0
0
0
0
0
0
0
0
0
0
0
0
0
0
0
0
0
0
0
0
0
0
0
0
0
0
0
0
0
0
0
0
0
0
0
0
0
0
0
0
0
0
0
0
0
0
0
0
0
0
0
0
0
0
0
0
0
0
0
0
0
0
0
0
0
0
0
0
0
0
0
0
0
0
0
0
0
0
0
0
0
0
0
0
0
0
0
0
0
0
0
0
0
0
0
0
0
0
0
0
0
0
0
0
0
0
0
0
0
0
0
0
0
0
0
0
0
0
0
0
0
0
0
0
0
0
0
0
0
0
0
0
0
0
0
0
0
0
0
0
0
0
0
0
0
0
0
0
0
0
0
0
0
0
0
0
0
0
0
0
0
0
0
0
0
0
0
0
0
0
0
0
0
0
0
0
0
0
0
0
0
0
0
0
0
0
0
0
0
0
0
0
0
0
0
0
0
0
0
0
0
0
0
0
0
0
0
0
0
0
0
0
0
0
0
0
0
0
0
0
0
0
0
0
0
0
0
0
0
0
0
0
0
0
0
0
0
0
0
0
0
0
0
0
0
0
0
0
0
0
0
0
0
0
0
0
0
0
)
;

boundaryField
{
    fuelBottom
    {
        type            empty;
    }
    fuelTop_1
    {
        type            empty;
    }
    fuelOuter
    {
        type            zeroGradient;
    }
    fuelTop
    {
        type            empty;
    }
    fuelInner
    {
        type            zeroGradient;
    }
    cladBottom
    {
        type            empty;
    }
    cladInner
    {
        type            zeroGradient;
    }
    cladOuter
    {
        type            zeroGradient;
    }
    cladTop
    {
        type            empty;
    }
    front
    {
        type            wedge;
    }
    back
    {
        type            wedge;
    }
}


// ************************************************************************* //
