/*--------------------------------*- C++ -*----------------------------------*\
| =========                 |                                                 |
| \\      /  F ield         | OpenFOAM: The Open Source CFD Toolbox           |
|  \\    /   O peration     | Version:  2412                                  |
|   \\  /    A nd           | Website:  www.openfoam.com                      |
|    \\/     M anipulation  |                                                 |
\*---------------------------------------------------------------------------*/
FoamFile
{
    version     2.0;
    format      ascii;
    arch        "LSB;label=32;scalar=64";
    class       volScalarField;
    location    "25888284.641197/fuelBehaviourRegion";
    object      SCIANTIX::Intragranular_bubble_concentration;
}
// * * * * * * * * * * * * * * * * * * * * * * * * * * * * * * * * * * * * * //

dimensions      [0 0 0 0 0 0 0];

internalField   nonuniform List<scalar> 
4720
(
1.09051e+24
1.09052e+24
1.09055e+24
1.0906e+24
1.09066e+24
1.09074e+24
1.09083e+24
1.09093e+24
1.09105e+24
1.09118e+24
1.09132e+24
1.09148e+24
1.09164e+24
1.09182e+24
1.092e+24
1.09219e+24
1.09238e+24
1.09259e+24
1.09279e+24
1.093e+24
1.09321e+24
1.09343e+24
1.09364e+24
1.09386e+24
1.09407e+24
1.09428e+24
1.09449e+24
1.09469e+24
1.09489e+24
1.09509e+24
1.09045e+24
1.09047e+24
1.0905e+24
1.09055e+24
1.09061e+24
1.09069e+24
1.09078e+24
1.09088e+24
1.091e+24
1.09113e+24
1.09128e+24
1.09143e+24
1.0916e+24
1.09177e+24
1.09195e+24
1.09215e+24
1.09234e+24
1.09255e+24
1.09275e+24
1.09297e+24
1.09318e+24
1.09339e+24
1.09361e+24
1.09383e+24
1.09404e+24
1.09425e+24
1.09446e+24
1.09467e+24
1.09487e+24
1.09507e+24
1.09036e+24
1.09038e+24
1.09041e+24
1.09046e+24
1.09052e+24
1.0906e+24
1.09069e+24
1.0908e+24
1.09092e+24
1.09105e+24
1.09119e+24
1.09135e+24
1.09152e+24
1.09169e+24
1.09188e+24
1.09207e+24
1.09227e+24
1.09248e+24
1.09269e+24
1.0929e+24
1.09312e+24
1.09333e+24
1.09355e+24
1.09377e+24
1.09399e+24
1.0942e+24
1.09441e+24
1.09462e+24
1.09483e+24
1.09502e+24
1.09033e+24
1.09034e+24
1.09038e+24
1.09042e+24
1.09049e+24
1.09056e+24
1.09066e+24
1.09076e+24
1.09088e+24
1.09102e+24
1.09116e+24
1.09132e+24
1.09149e+24
1.09167e+24
1.09185e+24
1.09205e+24
1.09225e+24
1.09245e+24
1.09266e+24
1.09288e+24
1.0931e+24
1.09332e+24
1.09353e+24
1.09375e+24
1.09397e+24
1.09419e+24
1.0944e+24
1.09461e+24
1.09481e+24
1.09501e+24
1.0903e+24
1.09031e+24
1.09035e+24
1.09039e+24
1.09046e+24
1.09054e+24
1.09063e+24
1.09074e+24
1.09086e+24
1.09099e+24
1.09114e+24
1.0913e+24
1.09146e+24
1.09164e+24
1.09183e+24
1.09202e+24
1.09223e+24
1.09243e+24
1.09264e+24
1.09286e+24
1.09308e+24
1.0933e+24
1.09352e+24
1.09374e+24
1.09396e+24
1.09417e+24
1.09439e+24
1.0946e+24
1.0948e+24
1.095e+24
1.09018e+24
1.09019e+24
1.09023e+24
1.09028e+24
1.09034e+24
1.09042e+24
1.09052e+24
1.09063e+24
1.09075e+24
1.09089e+24
1.09104e+24
1.0912e+24
1.09138e+24
1.09156e+24
1.09175e+24
1.09195e+24
1.09216e+24
1.09237e+24
1.09259e+24
1.09281e+24
1.09303e+24
1.09326e+24
1.09348e+24
1.09371e+24
1.09393e+24
1.09415e+24
1.09437e+24
1.09458e+24
1.09479e+24
1.095e+24
1.07959e+24
1.07961e+24
1.07965e+24
1.07971e+24
1.07979e+24
1.0799e+24
1.08002e+24
1.08016e+24
1.08032e+24
1.0805e+24
1.08069e+24
1.0809e+24
1.08112e+24
1.08136e+24
1.0816e+24
1.08186e+24
1.08212e+24
1.08239e+24
1.08266e+24
1.08294e+24
1.08323e+24
1.08351e+24
1.08379e+24
1.08408e+24
1.08436e+24
1.08463e+24
1.0849e+24
1.08517e+24
1.08543e+24
1.08568e+24
1.07909e+24
1.07911e+24
1.07915e+24
1.07922e+24
1.07931e+24
1.07942e+24
1.07955e+24
1.0797e+24
1.07987e+24
1.08005e+24
1.08026e+24
1.08048e+24
1.08071e+24
1.08096e+24
1.08122e+24
1.08149e+24
1.08176e+24
1.08205e+24
1.08234e+24
1.08263e+24
1.08293e+24
1.08323e+24
1.08353e+24
1.08383e+24
1.08412e+24
1.08441e+24
1.0847e+24
1.08498e+24
1.08525e+24
1.08552e+24
1.07899e+24
1.07901e+24
1.07906e+24
1.07912e+24
1.07921e+24
1.07932e+24
1.07945e+24
1.07961e+24
1.07978e+24
1.07997e+24
1.08017e+24
1.08039e+24
1.08063e+24
1.08088e+24
1.08114e+24
1.08141e+24
1.08169e+24
1.08198e+24
1.08228e+24
1.08257e+24
1.08288e+24
1.08318e+24
1.08348e+24
1.08378e+24
1.08408e+24
1.08437e+24
1.08466e+24
1.08495e+24
1.08522e+24
1.08549e+24
1.07895e+24
1.07897e+24
1.07901e+24
1.07908e+24
1.07917e+24
1.07928e+24
1.07941e+24
1.07957e+24
1.07974e+24
1.07993e+24
1.08013e+24
1.08036e+24
1.08059e+24
1.08085e+24
1.08111e+24
1.08138e+24
1.08166e+24
1.08195e+24
1.08225e+24
1.08255e+24
1.08285e+24
1.08315e+24
1.08346e+24
1.08376e+24
1.08406e+24
1.08436e+24
1.08465e+24
1.08493e+24
1.08521e+24
1.08547e+24
1.07886e+24
1.07888e+24
1.07893e+24
1.07899e+24
1.07909e+24
1.0792e+24
1.07933e+24
1.07949e+24
1.07966e+24
1.07985e+24
1.08006e+24
1.08028e+24
1.08052e+24
1.08078e+24
1.08104e+24
1.08132e+24
1.0816e+24
1.0819e+24
1.08219e+24
1.0825e+24
1.0828e+24
1.08311e+24
1.08342e+24
1.08372e+24
1.08402e+24
1.08432e+24
1.08461e+24
1.0849e+24
1.08518e+24
1.08545e+24
1.07829e+24
1.07831e+24
1.07836e+24
1.07843e+24
1.07853e+24
1.07865e+24
1.0788e+24
1.07896e+24
1.07915e+24
1.07936e+24
1.07959e+24
1.07983e+24
1.08009e+24
1.08036e+24
1.08065e+24
1.08095e+24
1.08125e+24
1.08157e+24
1.08189e+24
1.08221e+24
1.08254e+24
1.08287e+24
1.08319e+24
1.08352e+24
1.08384e+24
1.08416e+24
1.08447e+24
1.08477e+24
1.08507e+24
1.08535e+24
1.05414e+24
1.05418e+24
1.05427e+24
1.0544e+24
1.05457e+24
1.05479e+24
1.05504e+24
1.05534e+24
1.05567e+24
1.05603e+24
1.05643e+24
1.05685e+24
1.05731e+24
1.05778e+24
1.05828e+24
1.0588e+24
1.05933e+24
1.05988e+24
1.06043e+24
1.06099e+24
1.06155e+24
1.06211e+24
1.06267e+24
1.06322e+24
1.06376e+24
1.06429e+24
1.06481e+24
1.06531e+24
1.06579e+24
1.06626e+24
1.05254e+24
1.05259e+24
1.05268e+24
1.05283e+24
1.05302e+24
1.05325e+24
1.05353e+24
1.05386e+24
1.05422e+24
1.05462e+24
1.05506e+24
1.05553e+24
1.05602e+24
1.05655e+24
1.0571e+24
1.05767e+24
1.05825e+24
1.05885e+24
1.05946e+24
1.06007e+24
1.06069e+24
1.06131e+24
1.06192e+24
1.06252e+24
1.06312e+24
1.0637e+24
1.06426e+24
1.06481e+24
1.06534e+24
1.06585e+24
1.05228e+24
1.05232e+24
1.05242e+24
1.05256e+24
1.05275e+24
1.05299e+24
1.05328e+24
1.05361e+24
1.05398e+24
1.05438e+24
1.05483e+24
1.05531e+24
1.05581e+24
1.05635e+24
1.0569e+24
1.05748e+24
1.05808e+24
1.05868e+24
1.0593e+24
1.05993e+24
1.06055e+24
1.06118e+24
1.0618e+24
1.06241e+24
1.06302e+24
1.06361e+24
1.06418e+24
1.06474e+24
1.06527e+24
1.06579e+24
1.05217e+24
1.05221e+24
1.05231e+24
1.05246e+24
1.05265e+24
1.05289e+24
1.05318e+24
1.05351e+24
1.05388e+24
1.05429e+24
1.05474e+24
1.05522e+24
1.05573e+24
1.05626e+24
1.05682e+24
1.05741e+24
1.058e+24
1.05862e+24
1.05924e+24
1.05986e+24
1.06049e+24
1.06112e+24
1.06175e+24
1.06236e+24
1.06297e+24
1.06356e+24
1.06414e+24
1.0647e+24
1.06524e+24
1.06576e+24
1.05192e+24
1.05197e+24
1.05206e+24
1.05221e+24
1.05241e+24
1.05265e+24
1.05295e+24
1.05328e+24
1.05366e+24
1.05407e+24
1.05453e+24
1.05501e+24
1.05553e+24
1.05607e+24
1.05664e+24
1.05723e+24
1.05784e+24
1.05846e+24
1.05909e+24
1.05973e+24
1.06037e+24
1.061e+24
1.06164e+24
1.06226e+24
1.06288e+24
1.06348e+24
1.06406e+24
1.06463e+24
1.06518e+24
1.0657e+24
1.05022e+24
1.05027e+24
1.05038e+24
1.05055e+24
1.05077e+24
1.05104e+24
1.05137e+24
1.05174e+24
1.05216e+24
1.05262e+24
1.05313e+24
1.05367e+24
1.05424e+24
1.05485e+24
1.05548e+24
1.05614e+24
1.05681e+24
1.0575e+24
1.05819e+24
1.05889e+24
1.0596e+24
1.0603e+24
1.061e+24
1.06168e+24
1.06236e+24
1.06301e+24
1.06365e+24
1.06427e+24
1.06486e+24
1.06543e+24
1.00571e+24
1.00581e+24
1.00604e+24
1.00639e+24
1.00685e+24
1.00742e+24
1.0081e+24
1.00888e+24
1.00976e+24
1.01073e+24
1.01179e+24
1.01292e+24
1.01413e+24
1.0154e+24
1.01673e+24
1.0181e+24
1.01952e+24
1.02096e+24
1.02242e+24
1.02389e+24
1.02536e+24
1.02682e+24
1.02826e+24
1.02968e+24
1.03107e+24
1.03241e+24
1.0337e+24
1.03494e+24
1.03612e+24
1.03723e+24
1.00092e+24
1.00104e+24
1.0013e+24
1.00168e+24
1.00219e+24
1.00283e+24
1.00359e+24
1.00446e+24
1.00544e+24
1.00652e+24
1.0077e+24
1.00897e+24
1.01031e+24
1.01173e+24
1.01322e+24
1.01475e+24
1.01633e+24
1.01795e+24
1.01958e+24
1.02123e+24
1.02287e+24
1.02451e+24
1.02613e+24
1.02772e+24
1.02927e+24
1.03077e+24
1.03222e+24
1.03361e+24
1.03492e+24
1.03617e+24
1.00014e+24
1.00025e+24
1.00051e+24
1.00091e+24
1.00143e+24
1.00207e+24
1.00284e+24
1.00373e+24
1.00472e+24
1.00583e+24
1.00703e+24
1.00832e+24
1.00969e+24
1.01113e+24
1.01264e+24
1.01421e+24
1.01581e+24
1.01745e+24
1.01912e+24
1.02079e+24
1.02247e+24
1.02414e+24
1.02578e+24
1.0274e+24
1.02898e+24
1.03051e+24
1.03198e+24
1.03339e+24
1.03474e+24
1.03601e+24
9.99878e+23
9.99997e+23
1.00026e+24
1.00065e+24
1.00118e+24
1.00183e+24
1.0026e+24
1.00349e+24
1.00449e+24
1.0056e+24
1.0068e+24
1.0081e+24
1.00948e+24
1.01093e+24
1.01245e+24
1.01402e+24
1.01564e+24
1.01728e+24
1.01896e+24
1.02064e+24
1.02233e+24
1.024e+24
1.02566e+24
1.02729e+24
1.02887e+24
1.03041e+24
1.03189e+24
1.03331e+24
1.03466e+24
1.03594e+24
9.99395e+23
9.99515e+23
9.99778e+23
1.00018e+24
1.00071e+24
1.00136e+24
1.00214e+24
1.00304e+24
1.00406e+24
1.00518e+24
1.00639e+24
1.0077e+24
1.0091e+24
1.01057e+24
1.0121e+24
1.01369e+24
1.01532e+24
1.01699e+24
1.01868e+24
1.02039e+24
1.02209e+24
1.02378e+24
1.02546e+24
1.0271e+24
1.02871e+24
1.03026e+24
1.03176e+24
1.03319e+24
1.03456e+24
1.03585e+24
9.95683e+23
9.95815e+23
9.96105e+23
9.96542e+23
9.97124e+23
9.97847e+23
9.98705e+23
9.99693e+23
1.00081e+24
1.00204e+24
1.00337e+24
1.00481e+24
1.00634e+24
1.00796e+24
1.00964e+24
1.01138e+24
1.01317e+24
1.015e+24
1.01685e+24
1.01871e+24
1.02057e+24
1.02241e+24
1.02423e+24
1.02602e+24
1.02776e+24
1.02944e+24
1.03106e+24
1.0326e+24
1.03407e+24
1.03545e+24
9.14614e+23
9.14866e+23
9.15419e+23
9.16256e+23
9.17371e+23
9.1876e+23
9.20415e+23
9.2233e+23
9.24495e+23
9.26901e+23
9.29535e+23
9.32385e+23
9.35436e+23
9.38671e+23
9.42072e+23
9.45619e+23
9.49289e+23
9.53061e+23
9.56909e+23
9.60806e+23
9.64725e+23
9.68639e+23
9.72517e+23
9.76333e+23
9.80058e+23
9.83667e+23
9.87133e+23
9.90436e+23
9.93555e+23
9.96475e+23
9.04567e+23
9.04838e+23
9.05432e+23
9.06332e+23
9.07533e+23
9.09028e+23
9.10811e+23
9.12875e+23
9.15211e+23
9.17809e+23
9.20658e+23
9.23743e+23
9.2705e+23
9.30561e+23
9.34258e+23
9.38119e+23
9.42122e+23
9.46242e+23
9.50452e+23
9.54724e+23
9.59029e+23
9.63335e+23
9.6761e+23
9.71824e+23
9.75944e+23
9.79942e+23
9.83787e+23
9.87455e+23
9.90924e+23
9.94173e+23
9.03169e+23
9.03443e+23
9.04043e+23
9.04953e+23
9.06166e+23
9.07676e+23
9.09478e+23
9.11564e+23
9.13925e+23
9.16551e+23
9.19431e+23
9.2255e+23
9.25894e+23
9.29446e+23
9.33185e+23
9.37092e+23
9.41143e+23
9.45314e+23
9.49576e+23
9.53902e+23
9.58262e+23
9.62624e+23
9.66956e+23
9.71227e+23
9.75403e+23
9.79455e+23
9.83354e+23
9.87073e+23
9.9059e+23
9.93885e+23
9.02493e+23
9.02767e+23
9.0337e+23
9.04283e+23
9.05501e+23
9.07018e+23
9.08828e+23
9.10922e+23
9.13294e+23
9.15932e+23
9.18824e+23
9.21958e+23
9.25317e+23
9.28886e+23
9.32643e+23
9.3657e+23
9.40642e+23
9.44834e+23
9.4912e+23
9.5347e+23
9.57854e+23
9.62242e+23
9.666e+23
9.70897e+23
9.75099e+23
9.79178e+23
9.83102e+23
9.86847e+23
9.90388e+23
9.93706e+23
8.99914e+23
9.00194e+23
9.00809e+23
9.01741e+23
9.02984e+23
9.04532e+23
9.06379e+23
9.08518e+23
9.10939e+23
9.13634e+23
9.16589e+23
9.19792e+23
9.23227e+23
9.26876e+23
9.30721e+23
9.34739e+23
9.38907e+23
9.43199e+23
9.47587e+23
9.52042e+23
9.56533e+23
9.61027e+23
9.65491e+23
9.69892e+23
9.74197e+23
9.78373e+23
9.82391e+23
9.86224e+23
9.89847e+23
9.93241e+23
8.75909e+23
8.76203e+23
8.76847e+23
8.77824e+23
8.79129e+23
8.80757e+23
8.82703e+23
8.84963e+23
8.87528e+23
8.90392e+23
8.93545e+23
8.97167e+23
9.01221e+23
9.05673e+23
9.10485e+23
9.15617e+23
9.21025e+23
9.26663e+23
9.3248e+23
9.38423e+23
9.44436e+23
9.50459e+23
9.56434e+23
9.623e+23
9.67999e+23
9.73477e+23
9.78684e+23
9.83576e+23
9.8812e+23
9.9229e+23
3.06319e+23
3.07172e+23
3.08853e+23
3.11365e+23
3.1473e+23
3.18981e+23
3.24156e+23
3.30296e+23
3.37428e+23
3.45554e+23
3.54627e+23
3.64516e+23
3.7495e+23
3.85465e+23
3.95333e+23
4.03591e+23
4.09278e+23
4.12088e+23
4.1324e+23
4.15621e+23
4.22379e+23
4.35177e+23
4.53943e+23
4.77851e+23
5.06174e+23
5.38493e+23
5.74495e+23
6.13635e+23
6.54764e+23
6.95859e+23
2.82871e+23
2.8375e+23
2.85487e+23
2.88104e+23
2.91639e+23
2.96148e+23
3.017e+23
3.08365e+23
3.16214e+23
3.25295e+23
3.35615e+23
3.47097e+23
3.59534e+23
3.72514e+23
3.85346e+23
3.97045e+23
4.0654e+23
4.13338e+23
4.18533e+23
4.25034e+23
4.35999e+23
4.52938e+23
4.75657e+23
5.03374e+23
5.35452e+23
5.71439e+23
6.10738e+23
6.52202e+23
6.938e+23
7.32615e+23
2.82333e+23
2.83222e+23
2.8498e+23
2.87627e+23
2.912e+23
2.95758e+23
3.01366e+23
3.08098e+23
3.16021e+23
3.25184e+23
3.35589e+23
3.47155e+23
3.59666e+23
3.727e+23
3.85556e+23
3.97249e+23
4.06735e+23
4.13597e+23
4.1903e+23
4.25967e+23
4.37453e+23
4.54862e+23
4.77945e+23
5.05939e+23
5.38237e+23
5.74392e+23
6.13783e+23
6.55216e+23
6.96608e+23
7.35015e+23
2.82056e+23
2.82931e+23
2.84663e+23
2.87271e+23
2.90795e+23
2.95292e+23
3.00829e+23
3.0748e+23
3.15314e+23
3.24382e+23
3.34693e+23
3.46176e+23
3.58625e+23
3.71638e+23
3.8453e+23
3.96322e+23
4.05938e+23
4.12858e+23
4.18124e+23
4.24608e+23
4.35475e+23
4.52279e+23
4.74851e+23
5.02416e+23
5.3434e+23
5.70174e+23
6.09338e+23
6.50713e+23
6.92307e+23
7.31238e+23
2.85339e+23
2.863e+23
2.88198e+23
2.91046e+23
2.94879e+23
2.99749e+23
3.05719e+23
3.12854e+23
3.21206e+23
3.30799e+23
3.41595e+23
3.53453e+23
3.66073e+23
3.78927e+23
3.91215e+23
4.01954e+23
4.10382e+23
4.1679e+23
4.23176e+23
4.32559e+23
4.47134e+23
4.67387e+23
4.92775e+23
5.22641e+23
5.56513e+23
5.93921e+23
6.34033e+23
6.75295e+23
7.15247e+23
7.5081e+23
2.23519e+23
2.23735e+23
2.24527e+23
2.26082e+23
2.28487e+23
2.31809e+23
2.36127e+23
2.41554e+23
2.48235e+23
2.56346e+23
2.66091e+23
2.77674e+23
2.91268e+23
3.06954e+23
3.24634e+23
3.43904e+23
3.6389e+23
3.8313e+23
3.99807e+23
4.13039e+23
4.24935e+23
4.40194e+23
4.6219e+23
4.91267e+23
5.26463e+23
5.6679e+23
6.11086e+23
6.57312e+23
7.02069e+23
7.40972e+23
2.18688e+23
2.18661e+23
2.19204e+23
2.20539e+23
2.22741e+23
2.25857e+23
2.29951e+23
2.35125e+23
2.4152e+23
2.49314e+23
2.58716e+23
2.69951e+23
2.83224e+23
2.98668e+23
3.16265e+23
3.35728e+23
3.56343e+23
3.76816e+23
3.95335e+23
4.10486e+23
4.23337e+23
4.38186e+23
4.5917e+23
4.87357e+23
5.21936e+23
5.61866e+23
6.05985e+23
6.52345e+23
6.97651e+23
7.37509e+23
2.18278e+23
2.18236e+23
2.18764e+23
2.20086e+23
2.22277e+23
2.25381e+23
2.29463e+23
2.34622e+23
2.41e+23
2.48776e+23
2.58161e+23
2.69378e+23
2.82635e+23
2.9807e+23
3.15669e+23
3.3515e+23
3.5581e+23
3.76364e+23
3.95008e+23
4.1031e+23
4.2329e+23
4.38206e+23
4.59212e+23
4.87408e+23
5.21999e+23
5.61946e+23
6.06083e+23
6.52457e+23
6.97767e+23
7.37615e+23
2.1802e+23
2.17932e+23
2.18415e+23
2.19699e+23
2.21853e+23
2.24919e+23
2.28957e+23
2.34066e+23
2.40384e+23
2.48091e+23
2.57395e+23
2.68524e+23
2.81688e+23
2.97033e+23
3.14554e+23
3.33989e+23
3.54654e+23
3.75291e+23
3.94095e+23
4.09567e+23
4.22569e+23
4.37284e+23
4.57986e+23
4.8591e+23
5.20291e+23
5.60082e+23
6.04131e+23
6.50528e+23
6.96018e+23
7.36212e+23
2.18019e+23
2.17888e+23
2.18329e+23
2.19577e+23
2.21697e+23
2.24725e+23
2.2872e+23
2.33777e+23
2.40033e+23
2.47666e+23
2.56883e+23
2.67913e+23
2.8097e+23
2.96203e+23
3.13621e+23
3.32973e+23
3.536e+23
3.74263e+23
3.93161e+23
4.08726e+23
4.21666e+23
4.36088e+23
4.56392e+23
4.83954e+23
5.1804e+23
5.57597e+23
6.01494e+23
6.4788e+23
6.93575e+23
7.34213e+23
2.19477e+23
2.19643e+23
2.20392e+23
2.21917e+23
2.24304e+23
2.27617e+23
2.31936e+23
2.37376e+23
2.44085e+23
2.52248e+23
2.62079e+23
2.73792e+23
2.87576e+23
3.03526e+23
3.21561e+23
3.41295e+23
3.61886e+23
3.81913e+23
3.99603e+23
4.14069e+23
4.27311e+23
4.43848e+23
4.66936e+23
4.9693e+23
5.32925e+23
5.73929e+23
6.18664e+23
6.64881e+23
7.08959e+23
7.46487e+23
1.9552e+23
1.84714e+23
1.8056e+23
1.80116e+23
1.8135e+23
1.83582e+23
1.86675e+23
1.90666e+23
1.95679e+23
2.01901e+23
2.09583e+23
2.19039e+23
2.30642e+23
2.44796e+23
2.61882e+23
2.82149e+23
3.05556e+23
3.31571e+23
3.58927e+23
3.85472e+23
4.08868e+23
4.29338e+23
4.51685e+23
4.80864e+23
5.17903e+23
5.61623e+23
6.10118e+23
6.60232e+23
7.06987e+23
7.44692e+23
1.96582e+23
1.82273e+23
1.77042e+23
1.76404e+23
1.77567e+23
1.79701e+23
1.82657e+23
1.8647e+23
1.9126e+23
1.9721e+23
2.04565e+23
2.13636e+23
2.24797e+23
2.38466e+23
2.55056e+23
2.74878e+23
2.97993e+23
3.2401e+23
3.51859e+23
3.79587e+23
4.04726e+23
4.26555e+23
4.48938e+23
4.77329e+23
5.13589e+23
5.56785e+23
6.05062e+23
6.55381e+23
7.02876e+23
7.41754e+23
1.97021e+23
1.8217e+23
1.76784e+23
1.76123e+23
1.77277e+23
1.79396e+23
1.82329e+23
1.86113e+23
1.90865e+23
1.96768e+23
2.04065e+23
2.13067e+23
2.24144e+23
2.37719e+23
2.54207e+23
2.73929e+23
2.96959e+23
3.22927e+23
3.50786e+23
3.78605e+23
4.03897e+23
4.25825e+23
4.48128e+23
4.7633e+23
5.12417e+23
5.55494e+23
6.03722e+23
6.54097e+23
7.01784e+23
7.40967e+23
1.97496e+23
1.82093e+23
1.76547e+23
1.75861e+23
1.77002e+23
1.79103e+23
1.8201e+23
1.85759e+23
1.90466e+23
1.96314e+23
2.03542e+23
2.1246e+23
2.23438e+23
2.36896e+23
2.53255e+23
2.72845e+23
2.95756e+23
3.21642e+23
3.49487e+23
3.77391e+23
4.0285e+23
4.24872e+23
4.4702e+23
4.74906e+23
5.10694e+23
5.53546e+23
6.01648e+23
6.52056e+23
6.99998e+23
7.39642e+23
1.94783e+23
1.82516e+23
1.77996e+23
1.77522e+23
1.78758e+23
1.80979e+23
1.84048e+23
1.88006e+23
1.92981e+23
1.9916e+23
2.06799e+23
2.16216e+23
2.27791e+23
2.41942e+23
2.59066e+23
2.79434e+23
3.03035e+23
3.29371e+23
3.57225e+23
3.84507e+23
4.08864e+23
4.30312e+23
4.53401e+23
4.83097e+23
5.20555e+23
5.64635e+23
6.13368e+23
6.63467e+23
7.09828e+23
7.46795e+23
2.12906e+23
1.652e+23
1.52841e+23
1.51776e+23
1.52924e+23
1.54752e+23
1.5719e+23
1.60308e+23
1.6423e+23
1.6913e+23
1.75244e+23
1.82879e+23
1.92426e+23
2.04375e+23
2.19305e+23
2.37831e+23
2.6046e+23
2.87363e+23
3.18097e+23
3.51324e+23
3.84603e+23
4.15071e+23
4.4291e+23
4.7364e+23
5.12015e+23
5.58195e+23
6.09844e+23
6.62678e+23
7.10209e+23
7.45908e+23
2.19848e+23
1.64136e+23
1.49951e+23
1.48641e+23
1.4973e+23
1.51453e+23
1.53745e+23
1.56674e+23
1.60359e+23
1.64968e+23
1.70724e+23
1.77921e+23
1.86936e+23
1.98244e+23
2.12421e+23
2.30105e+23
2.51882e+23
2.7806e+23
3.08401e+23
3.41834e+23
3.76209e+23
4.08542e+23
4.37648e+23
4.67863e+23
5.0492e+23
5.50035e+23
6.01217e+23
6.54472e+23
7.03519e+23
7.41474e+23
2.20476e+23
1.63866e+23
1.49518e+23
1.48193e+23
1.49274e+23
1.50982e+23
1.53253e+23
1.56155e+23
1.59806e+23
1.64374e+23
1.70081e+23
1.77218e+23
1.8616e+23
1.9738e+23
2.11454e+23
2.29023e+23
2.50683e+23
2.76763e+23
3.07051e+23
3.4051e+23
3.75034e+23
4.07639e+23
4.36985e+23
4.67212e+23
5.04143e+23
5.49149e+23
6.00291e+23
6.53602e+23
7.02817e+23
7.41015e+23
2.21238e+23
1.63905e+23
1.49405e+23
1.48062e+23
1.49132e+23
1.50822e+23
1.53067e+23
1.55935e+23
1.59545e+23
1.6406e+23
1.697e+23
1.76754e+23
1.85593e+23
1.96685e+23
2.10605e+23
2.27994e+23
2.49457e+23
2.75343e+23
3.05471e+23
3.38846e+23
3.73399e+23
4.06135e+23
4.35528e+23
4.65511e+23
5.02056e+23
5.46741e+23
5.97713e+23
6.51097e+23
7.00712e+23
7.39567e+23
2.1284e+23
1.63434e+23
1.50972e+23
1.49952e+23
1.51109e+23
1.52927e+23
1.55349e+23
1.58447e+23
1.62348e+23
1.67229e+23
1.73325e+23
1.80947e+23
1.90487e+23
2.02441e+23
2.17397e+23
2.35985e+23
2.58734e+23
2.85836e+23
3.16873e+23
3.50547e+23
3.84475e+23
4.15803e+23
4.44512e+23
4.75895e+23
5.14743e+23
5.61293e+23
6.13145e+23
6.65864e+23
7.12844e+23
7.47679e+23
2.35567e+23
1.55054e+23
1.36228e+23
1.3431e+23
1.35266e+23
1.36733e+23
1.38669e+23
1.41148e+23
1.44285e+23
1.48236e+23
1.53211e+23
1.59487e+23
1.67424e+23
1.77491e+23
1.90285e+23
2.06546e+23
2.27104e+23
2.52689e+23
2.83556e+23
3.19114e+23
3.57645e+23
3.96148e+23
4.31604e+23
4.65753e+23
5.0519e+23
5.52925e+23
6.06932e+23
6.62016e+23
7.10351e+23
7.44742e+23
2.44571e+23
1.54894e+23
1.33784e+23
1.31407e+23
1.32269e+23
1.33625e+23
1.35414e+23
1.37707e+23
1.40612e+23
1.44274e+23
1.48892e+23
1.54727e+23
1.62119e+23
1.71515e+23
1.83485e+23
1.98745e+23
2.18142e+23
2.42506e+23
2.72316e+23
3.07274e+23
3.46021e+23
3.85946e+23
4.23685e+23
4.58918e+23
4.97439e+23
5.43873e+23
5.97245e+23
6.52866e+23
7.03145e+23
7.40281e+23
2.44301e+23
1.54638e+23
1.33575e+23
1.31209e+23
1.32063e+23
1.33405e+23
1.35177e+23
1.37448e+23
1.40325e+23
1.43955e+23
1.48532e+23
1.54315e+23
1.61645e+23
1.70963e+23
1.82837e+23
1.97984e+23
2.1725e+23
2.41481e+23
2.71175e+23
3.06067e+23
3.44825e+23
3.84869e+23
4.22819e+23
4.58194e+23
4.96684e+23
5.43038e+23
5.96386e+23
6.52082e+23
7.02545e+23
7.39919e+23
2.45307e+23
1.54694e+23
1.33378e+23
1.3096e+23
1.31803e+23
1.33133e+23
1.34887e+23
1.37137e+23
1.39986e+23
1.43581e+23
1.48113e+23
1.53841e+23
1.61102e+23
1.70333e+23
1.82099e+23
1.97112e+23
2.16219e+23
2.40275e+23
2.69805e+23
3.0458e+23
3.43312e+23
3.83461e+23
4.21629e+23
4.57113e+23
4.95456e+23
5.41601e+23
5.94837e+23
6.50599e+23
7.01352e+23
7.39161e+23
2.45246e+23
1.54488e+23
1.33148e+23
1.30726e+23
1.31557e+23
1.32871e+23
1.34604e+23
1.36826e+23
1.39643e+23
1.43196e+23
1.47679e+23
1.53345e+23
1.60529e+23
1.69666e+23
1.81316e+23
1.96186e+23
2.15121e+23
2.38982e+23
2.68322e+23
3.02951e+23
3.41627e+23
3.81858e+23
4.20225e+23
4.55781e+23
4.93905e+23
5.39764e+23
5.92839e+23
6.48666e+23
6.99776e+23
7.38145e+23
2.37437e+23
1.53663e+23
1.3423e+23
1.32204e+23
1.33113e+23
1.34514e+23
1.36363e+23
1.38735e+23
1.41742e+23
1.45535e+23
1.50318e+23
1.5636e+23
1.64015e+23
1.73739e+23
1.86117e+23
2.01881e+23
2.2188e+23
2.46916e+23
2.77375e+23
3.12826e+23
3.51743e+23
3.9133e+23
4.28325e+23
4.63325e+23
5.02586e+23
5.49953e+23
6.03849e+23
6.5922e+23
7.08258e+23
7.4352e+23
2.51391e+23
1.49103e+23
1.25492e+23
1.22595e+23
1.23322e+23
1.24515e+23
1.26092e+23
1.28125e+23
1.30714e+23
1.33998e+23
1.38164e+23
1.43459e+23
1.50211e+23
1.58849e+23
1.69927e+23
1.84159e+23
2.02441e+23
2.25801e+23
2.55108e+23
2.9052e+23
3.31031e+23
3.74309e+23
4.16759e+23
4.56183e+23
4.97032e+23
5.45238e+23
6.0048e+23
6.57339e+23
7.07079e+23
7.41725e+23
2.60651e+23
1.49853e+23
1.23951e+23
1.20545e+23
1.21185e+23
1.223e+23
1.23775e+23
1.25676e+23
1.281e+23
1.31178e+23
1.35086e+23
1.4006e+23
1.4641e+23
1.54545e+23
1.64994e+23
1.78438e+23
1.9574e+23
2.17931e+23
2.46006e+23
2.8039e+23
3.20394e+23
3.6403e+23
4.07963e+23
4.4908e+23
4.89927e+23
5.37028e+23
5.91565e+23
6.48866e+23
7.00472e+23
7.37765e+23
2.60375e+23
1.49646e+23
1.23763e+23
1.20358e+23
1.2099e+23
1.22093e+23
1.23552e+23
1.25434e+23
1.27834e+23
1.30882e+23
1.34754e+23
1.39682e+23
1.45976e+23
1.54042e+23
1.64405e+23
1.77742e+23
1.94913e+23
2.16949e+23
2.44859e+23
2.79102e+23
3.1903e+23
3.62688e+23
4.06768e+23
4.48065e+23
4.88915e+23
5.35892e+23
5.90361e+23
6.47742e+23
6.99604e+23
7.37248e+23
2.59171e+23
1.49159e+23
1.23478e+23
1.20113e+23
1.20737e+23
1.21823e+23
1.23262e+23
1.2512e+23
1.2749e+23
1.30501e+23
1.34328e+23
1.39201e+23
1.45429e+23
1.53414e+23
1.63678e+23
1.76895e+23
1.93919e+23
2.15781e+23
2.435e+23
2.77574e+23
3.17403e+23
3.61079e+23
4.05338e+23
4.46878e+23
4.87734e+23
5.3452e+23
5.88855e+23
6.46289e+23
6.98446e+23
7.36536e+23
2.51234e+23
1.48198e+23
1.2444e+23
1.21505e+23
1.22201e+23
1.23351e+23
1.24875e+23
1.26841e+23
1.29348e+23
1.32533e+23
1.36578e+23
1.41726e+23
1.483e+23
1.5672e+23
1.67533e+23
1.81439e+23
1.99325e+23
2.22226e+23
2.51076e+23
2.86155e+23
3.26588e+23
3.70176e+23
4.13392e+23
4.53572e+23
4.9444e+23
5.42294e+23
5.97379e+23
6.54496e+23
7.04953e+23
7.40508e+23
2.59346e+23
1.46288e+23
1.20159e+23
1.16681e+23
1.17272e+23
1.18324e+23
1.19721e+23
1.21528e+23
1.2384e+23
1.26786e+23
1.30538e+23
1.3533e+23
1.41469e+23
1.49362e+23
1.59537e+23
1.72673e+23
1.89648e+23
2.11543e+23
2.39488e+23
2.74125e+23
3.14926e+23
3.5996e+23
4.05874e+23
4.49149e+23
4.9171e+23
5.40249e+23
5.96075e+23
6.53958e+23
7.04676e+23
7.39716e+23
2.69657e+23
1.47597e+23
1.18953e+23
1.14902e+23
1.15399e+23
1.16377e+23
1.17677e+23
1.19359e+23
1.21512e+23
1.24258e+23
1.27759e+23
1.32236e+23
1.3798e+23
1.45377e+23
1.5493e+23
1.67287e+23
1.8328e+23
2.03956e+23
2.3049e+23
2.6376e+23
3.03609e+23
3.48462e+23
3.95327e+23
4.40344e+23
4.83393e+23
5.30826e+23
5.85752e+23
6.44063e+23
6.96944e+23
7.35122e+23
2.70458e+23
1.47614e+23
1.1875e+23
1.14646e+23
1.15132e+23
1.161e+23
1.17386e+23
1.1905e+23
1.21182e+23
1.23899e+23
1.27365e+23
1.31798e+23
1.37487e+23
1.44816e+23
1.54283e+23
1.66535e+23
1.82401e+23
2.02921e+23
2.2928e+23
2.62384e+23
3.02123e+23
3.46963e+23
3.93952e+23
4.39208e+23
4.82367e+23
5.29694e+23
5.84524e+23
6.42892e+23
6.96029e+23
7.34577e+23
2.69595e+23
1.47295e+23
1.18561e+23
1.14481e+23
1.1496e+23
1.15915e+23
1.17184e+23
1.18827e+23
1.20932e+23
1.23617e+23
1.27044e+23
1.31427e+23
1.37056e+23
1.4431e+23
1.53686e+23
1.65826e+23
1.81552e+23
2.019e+23
2.28053e+23
2.60944e+23
3.00514e+23
3.45279e+23
3.92332e+23
4.37767e+23
4.8096e+23
5.28082e+23
5.82734e+23
6.41143e+23
6.94623e+23
7.33713e+23
2.59146e+23
1.4575e+23
1.19517e+23
1.16006e+23
1.16572e+23
1.17592e+23
1.18948e+23
1.20704e+23
1.22953e+23
1.25819e+23
1.29475e+23
1.34148e+23
1.40141e+23
1.47854e+23
1.57807e+23
1.70673e+23
1.87312e+23
2.08798e+23
2.36287e+23
2.70513e+23
3.11071e+23
3.56142e+23
4.02466e+23
4.46333e+23
4.88986e+23
5.37165e+23
5.92773e+23
6.50885e+23
7.02355e+23
7.38387e+23
2.61231e+23
1.44984e+23
1.1811e+23
1.14447e+23
1.14986e+23
1.15984e+23
1.17312e+23
1.19034e+23
1.21239e+23
1.24053e+23
1.27643e+23
1.32233e+23
1.38124e+23
1.45708e+23
1.55498e+23
1.68157e+23
1.84535e+23
2.05704e+23
2.32854e+23
2.66817e+23
3.07313e+23
3.52615e+23
3.99549e+23
4.44258e+23
4.87356e+23
5.35503e+23
5.91068e+23
6.49318e+23
7.01097e+23
7.37464e+23
2.73853e+23
1.46745e+23
1.16811e+23
1.12445e+23
1.12869e+23
1.13782e+23
1.14997e+23
1.16572e+23
1.18591e+23
1.2117e+23
1.24463e+23
1.28681e+23
1.34101e+23
1.41092e+23
1.50139e+23
1.61864e+23
1.7707e+23
1.96776e+23
2.22188e+23
2.54373e+23
2.93502e+23
3.38298e+23
3.86035e+23
4.32781e+23
4.76886e+23
5.2384e+23
5.78153e+23
6.36718e+23
6.91024e+23
7.3133e+23
2.74911e+23
1.46894e+23
1.16697e+23
1.1227e+23
1.12684e+23
1.13588e+23
1.14791e+23
1.16352e+23
1.18353e+23
1.20907e+23
1.2417e+23
1.28349e+23
1.33719e+23
1.40648e+23
1.49614e+23
1.61237e+23
1.76317e+23
1.95866e+23
2.21095e+23
2.53095e+23
2.92084e+23
3.36826e+23
3.84633e+23
4.31578e+23
4.75836e+23
5.22735e+23
5.76959e+23
6.35567e+23
6.90106e+23
7.30768e+23
2.75782e+23
1.47001e+23
1.16572e+23
1.12089e+23
1.12492e+23
1.13385e+23
1.14575e+23
1.16119e+23
1.18098e+23
1.20626e+23
1.23854e+23
1.2799e+23
1.33306e+23
1.40167e+23
1.49047e+23
1.60565e+23
1.75511e+23
1.94896e+23
2.19928e+23
2.51718e+23
2.90534e+23
3.35191e+23
3.83044e+23
4.30177e+23
4.74564e+23
5.21343e+23
5.75412e+23
6.34036e+23
6.88852e+23
7.2998e+23
2.78107e+23
1.47443e+23
1.16468e+23
1.11861e+23
1.12247e+23
1.13133e+23
1.14311e+23
1.15839e+23
1.17799e+23
1.20301e+23
1.23497e+23
1.27591e+23
1.32855e+23
1.3965e+23
1.48448e+23
1.59861e+23
1.74677e+23
1.93897e+23
2.18727e+23
2.50293e+23
2.88912e+23
3.33456e+23
3.81335e+23
4.28653e+23
4.73166e+23
5.19778e+23
5.73626e+23
6.32223e+23
6.87329e+23
7.28998e+23
2.68499e+23
1.45959e+23
1.17272e+23
1.13191e+23
1.13655e+23
1.1459e+23
1.15835e+23
1.17449e+23
1.19517e+23
1.22157e+23
1.25528e+23
1.29842e+23
1.35384e+23
1.42528e+23
1.51767e+23
1.63735e+23
1.79248e+23
1.99341e+23
2.25225e+23
2.57908e+23
2.97437e+23
3.42389e+23
3.89882e+23
4.35912e+23
4.79454e+23
5.26584e+23
5.81257e+23
6.39838e+23
6.936e+23
7.32951e+23
2.6308e+23
1.4612e+23
1.18863e+23
1.15111e+23
1.15628e+23
1.16602e+23
1.17898e+23
1.19577e+23
1.21727e+23
1.24467e+23
1.2796e+23
1.32423e+23
1.38144e+23
1.45504e+23
1.54997e+23
1.67262e+23
1.83117e+23
2.0359e+23
2.29842e+23
2.62752e+23
3.02194e+23
3.46637e+23
3.93141e+23
4.37817e+23
4.80247e+23
5.26714e+23
5.80777e+23
6.3884e+23
6.9256e+23
7.32539e+23
2.74671e+23
1.47842e+23
1.17784e+23
1.13387e+23
1.13802e+23
1.14702e+23
1.15899e+23
1.1745e+23
1.19437e+23
1.21972e+23
1.25206e+23
1.29342e+23
1.3465e+23
1.4149e+23
1.50329e+23
1.61775e+23
1.76604e+23
1.95801e+23
2.20534e+23
2.51865e+23
2.90044e+23
3.33933e+23
3.80986e+23
4.27387e+23
4.70952e+23
5.16495e+23
5.69278e+23
6.27277e+23
6.8286e+23
7.26234e+23
2.78895e+23
1.48847e+23
1.17857e+23
1.13251e+23
1.13647e+23
1.14543e+23
1.15734e+23
1.17277e+23
1.19251e+23
1.21769e+23
1.24978e+23
1.29081e+23
1.34347e+23
1.41129e+23
1.49893e+23
1.61241e+23
1.75943e+23
1.94979e+23
2.1952e+23
2.50644e+23
2.88646e+23
3.32433e+23
3.79491e+23
4.26016e+23
4.69671e+23
5.15095e+23
5.67713e+23
6.25694e+23
6.8151e+23
7.25332e+23
2.81606e+23
1.494e+23
1.17784e+23
1.13035e+23
1.13413e+23
1.14301e+23
1.15482e+23
1.1701e+23
1.18966e+23
1.21459e+23
1.24638e+23
1.28702e+23
1.33917e+23
1.40635e+23
1.49318e+23
1.60563e+23
1.75137e+23
1.94014e+23
2.18361e+23
2.49274e+23
2.8709e+23
3.30768e+23
3.77847e+23
4.24554e+23
4.68367e+23
5.13667e+23
5.66068e+23
6.23986e+23
6.80017e+23
7.24314e+23
2.71803e+23
1.47979e+23
1.18721e+23
1.14517e+23
1.14975e+23
1.15912e+23
1.17157e+23
1.18768e+23
1.20829e+23
1.23455e+23
1.26799e+23
1.3107e+23
1.36544e+23
1.43586e+23
1.52672e+23
1.6442e+23
1.79621e+23
1.99278e+23
2.24563e+23
2.56469e+23
2.95089e+23
3.3911e+23
3.85794e+23
4.31215e+23
4.73902e+23
5.19519e+23
5.7271e+23
6.30781e+23
6.85842e+23
7.28197e+23
2.59516e+23
1.48817e+23
1.2288e+23
1.19442e+23
1.2003e+23
1.2107e+23
1.2245e+23
1.24231e+23
1.26504e+23
1.2939e+23
1.33055e+23
1.37717e+23
1.43667e+23
1.51286e+23
1.61066e+23
1.73641e+23
1.89812e+23
2.10559e+23
2.3691e+23
2.69512e+23
3.08033e+23
3.50879e+23
3.95119e+23
4.37099e+23
4.76964e+23
5.21086e+23
5.72984e+23
6.29764e+23
6.84269e+23
7.27457e+23
2.71093e+23
1.50654e+23
1.2193e+23
1.17856e+23
1.18345e+23
1.19307e+23
1.20584e+23
1.22232e+23
1.24334e+23
1.27005e+23
1.30396e+23
1.34712e+23
1.40225e+23
1.47291e+23
1.56373e+23
1.6807e+23
1.83142e+23
2.02537e+23
2.27327e+23
2.58374e+23
2.95702e+23
3.38082e+23
3.8297e+23
4.26683e+23
4.6753e+23
5.10586e+23
5.61042e+23
6.17455e+23
6.73419e+23
7.19822e+23
2.75802e+23
1.51714e+23
1.21935e+23
1.17624e+23
1.18092e+23
1.1905e+23
1.20321e+23
1.21959e+23
1.24048e+23
1.26699e+23
1.30065e+23
1.34349e+23
1.39818e+23
1.46827e+23
1.55837e+23
1.67442e+23
1.824e+23
2.01655e+23
2.26282e+23
2.57163e+23
2.94359e+23
3.36678e+23
3.81614e+23
4.2549e+23
4.66448e+23
5.09391e+23
5.59672e+23
6.16025e+23
6.72133e+23
7.18893e+23
2.79264e+23
1.52553e+23
1.21988e+23
1.17502e+23
1.17952e+23
1.18906e+23
1.20169e+23
1.21796e+23
1.2387e+23
1.26501e+23
1.2984e+23
1.34088e+23
1.3951e+23
1.46459e+23
1.55391e+23
1.66895e+23
1.81723e+23
2.00814e+23
2.25241e+23
2.55903e+23
2.92903e+23
3.35096e+23
3.8002e+23
4.24013e+23
4.65034e+23
5.07787e+23
5.57807e+23
6.14046e+23
6.7032e+23
7.17554e+23
2.68514e+23
1.51296e+23
1.23368e+23
1.1949e+23
1.2003e+23
1.21044e+23
1.22386e+23
1.24115e+23
1.26316e+23
1.29106e+23
1.32642e+23
1.37136e+23
1.42864e+23
1.50195e+23
1.59603e+23
1.71703e+23
1.87275e+23
2.07282e+23
2.32773e+23
2.64489e+23
3.02258e+23
3.44638e+23
3.88825e+23
4.31041e+23
4.70604e+23
5.13626e+23
5.64523e+23
6.21095e+23
6.76658e+23
7.22115e+23
2.50152e+23
1.53509e+23
1.30686e+23
1.27933e+23
1.28672e+23
1.29879e+23
1.31473e+23
1.3352e+23
1.36114e+23
1.39386e+23
1.43507e+23
1.48708e+23
1.55287e+23
1.63632e+23
1.7424e+23
1.87742e+23
2.04919e+23
2.26643e+23
2.5366e+23
2.86166e+23
3.23437e+23
3.63641e+23
4.03762e+23
4.4092e+23
4.77073e+23
5.18548e+23
5.67788e+23
6.22275e+23
6.76265e+23
7.21827e+23
2.62876e+23
1.55541e+23
1.29627e+23
1.26199e+23
1.26829e+23
1.27931e+23
1.29386e+23
1.31253e+23
1.33619e+23
1.36602e+23
1.40362e+23
1.45108e+23
1.51118e+23
1.58752e+23
1.68477e+23
1.80885e+23
1.96716e+23
2.16843e+23
2.42121e+23
2.73019e+23
3.0917e+23
3.49125e+23
3.90215e+23
4.29046e+23
4.65309e+23
5.04812e+23
5.52012e+23
6.0569e+23
6.60912e+23
7.10024e+23
2.65871e+23
1.56116e+23
1.29508e+23
1.25926e+23
1.26541e+23
1.27637e+23
1.29083e+23
1.30938e+23
1.33287e+23
1.36248e+23
1.39979e+23
1.44689e+23
1.50652e+23
1.58228e+23
1.67878e+23
1.80192e+23
1.95909e+23
2.15903e+23
2.41041e+23
2.71816e+23
3.07894e+23
3.47858e+23
3.89079e+23
4.28152e+23
4.64585e+23
5.0405e+23
5.51149e+23
6.04783e+23
6.60071e+23
7.09373e+23
2.66885e+23
1.56279e+23
1.29422e+23
1.25783e+23
1.26388e+23
1.27474e+23
1.28906e+23
1.30743e+23
1.3307e+23
1.36003e+23
1.39698e+23
1.44363e+23
1.5027e+23
1.57774e+23
1.67335e+23
1.79539e+23
1.9512e+23
2.14953e+23
2.39914e+23
2.70524e+23
3.06481e+23
3.46406e+23
3.87702e+23
4.26948e+23
4.63457e+23
5.02778e+23
5.49688e+23
6.03233e+23
6.58611e+23
7.0822e+23
2.70835e+23
1.57198e+23
1.29417e+23
1.25572e+23
1.26159e+23
1.27239e+23
1.28664e+23
1.30489e+23
1.328e+23
1.35711e+23
1.39378e+23
1.44005e+23
1.49863e+23
1.57304e+23
1.66785e+23
1.78886e+23
1.94339e+23
2.14013e+23
2.38791e+23
2.69217e+23
3.05025e+23
3.44876e+23
3.86218e+23
4.25609e+23
4.62142e+23
5.01222e+23
5.47836e+23
6.01211e+23
6.56653e+23
7.06628e+23
2.62198e+23
1.56185e+23
1.30514e+23
1.27139e+23
1.2779e+23
1.28919e+23
1.30408e+23
1.32316e+23
1.34731e+23
1.37772e+23
1.41601e+23
1.4643e+23
1.5254e+23
1.60293e+23
1.70162e+23
1.82745e+23
1.98788e+23
2.19161e+23
2.44696e+23
2.75802e+23
3.12036e+23
3.51863e+23
3.92501e+23
4.30561e+23
4.66217e+23
5.05638e+23
5.52959e+23
6.06701e+23
6.61855e+23
7.10753e+23
2.3594e+23
1.62021e+23
1.4365e+23
1.41658e+23
1.42552e+23
1.43985e+23
1.45883e+23
1.48305e+23
1.51349e+23
1.55151e+23
1.59891e+23
1.65806e+23
1.73202e+23
1.82468e+23
1.94094e+23
2.08677e+23
2.26882e+23
2.49322e+23
2.76313e+23
3.07599e+23
3.42103e+23
3.77736e+23
4.11576e+23
4.42215e+23
4.73503e+23
5.11053e+23
5.56235e+23
6.07126e+23
6.59778e+23
7.08091e+23
2.4605e+23
1.63001e+23
1.42103e+23
1.3962e+23
1.40424e+23
1.41749e+23
1.43501e+23
1.45736e+23
1.48543e+23
1.5205e+23
1.56422e+23
1.61882e+23
1.68716e+23
1.77292e+23
1.88075e+23
2.01641e+23
2.18657e+23
2.39794e+23
2.6552e+23
2.95806e+23
3.29866e+23
3.65945e+23
4.01248e+23
4.33294e+23
4.64029e+23
4.99526e+23
5.42788e+23
5.92613e+23
6.45553e+23
6.95967e+23
2.48386e+23
1.63446e+23
1.41989e+23
1.39392e+23
1.40186e+23
1.41504e+23
1.43247e+23
1.45467e+23
1.48256e+23
1.51738e+23
1.56079e+23
1.61498e+23
1.68279e+23
1.76788e+23
1.87486e+23
2.00948e+23
2.17842e+23
2.38846e+23
2.64444e+23
2.94632e+23
3.28649e+23
3.64772e+23
4.00225e+23
4.32464e+23
4.63254e+23
4.98646e+23
5.41783e+23
5.9154e+23
6.44508e+23
6.95078e+23
2.50344e+23
1.63736e+23
1.41772e+23
1.39065e+23
1.39846e+23
1.41153e+23
1.42881e+23
1.45082e+23
1.47847e+23
1.51298e+23
1.55602e+23
1.60975e+23
1.67699e+23
1.76137e+23
1.8675e+23
2.00107e+23
2.16877e+23
2.37743e+23
2.63204e+23
2.93277e+23
3.27237e+23
3.63399e+23
3.99021e+23
4.31479e+23
4.62296e+23
4.97487e+23
5.40395e+23
5.90004e+23
6.4296e+23
6.93712e+23
2.43765e+23
1.63938e+23
1.43689e+23
1.41305e+23
1.42128e+23
1.43484e+23
1.45278e+23
1.47564e+23
1.50431e+23
1.54005e+23
1.58455e+23
1.64001e+23
1.70932e+23
1.79617e+23
1.90527e+23
2.04242e+23
2.21432e+23
2.42758e+23
2.68647e+23
2.99007e+23
3.32963e+23
3.68647e+23
4.03178e+23
4.34341e+23
4.64734e+23
5.00439e+23
5.43973e+23
5.9395e+23
6.46888e+23
6.97119e+23
2.08721e+23
1.748e+23
1.64335e+23
1.63002e+23
1.63926e+23
1.65648e+23
1.68012e+23
1.71045e+23
1.74842e+23
1.79546e+23
1.85349e+23
1.925e+23
2.0131e+23
2.12156e+23
2.25474e+23
2.41718e+23
2.6128e+23
2.84351e+23
3.10743e+23
3.39693e+23
3.6966e+23
3.983e+23
4.23619e+23
4.47074e+23
4.73946e+23
5.07883e+23
5.48873e+23
5.95348e+23
6.4477e+23
6.93028e+23
2.16915e+23
1.75228e+23
1.62593e+23
1.60948e+23
1.61791e+23
1.63381e+23
1.65556e+23
1.68341e+23
1.71822e+23
1.76129e+23
1.81441e+23
1.87987e+23
1.96061e+23
2.06024e+23
2.18307e+23
2.33384e+23
2.51706e+23
2.73581e+23
2.98998e+23
3.27429e+23
3.57624e+23
3.87455e+23
4.14457e+23
4.38421e+23
4.63753e+23
4.95389e+23
5.34434e+23
5.79643e+23
6.28804e+23
6.78295e+23
2.1796e+23
1.75138e+23
1.62181e+23
1.60487e+23
1.61326e+23
1.62907e+23
1.65069e+23
1.67836e+23
1.71295e+23
1.75576e+23
1.80856e+23
1.87363e+23
1.95391e+23
2.053e+23
2.1752e+23
2.32528e+23
2.50781e+23
2.72594e+23
2.97973e+23
3.2641e+23
3.56678e+23
3.86678e+23
4.13927e+23
4.38083e+23
4.6343e+23
4.94985e+23
5.33958e+23
5.79132e+23
6.283e+23
6.77844e+23
2.19297e+23
1.75507e+23
1.62238e+23
1.6049e+23
1.61318e+23
1.62888e+23
1.65032e+23
1.67776e+23
1.71205e+23
1.75447e+23
1.80677e+23
1.87123e+23
1.95072e+23
2.04883e+23
2.16985e+23
2.31852e+23
2.49946e+23
2.71595e+23
2.96821e+23
3.25141e+23
3.55359e+23
3.85397e+23
4.12743e+23
4.3691e+23
4.62059e+23
4.93312e+23
5.32018e+23
5.77005e+23
6.26108e+23
6.75778e+23
2.13856e+23
1.77011e+23
1.65457e+23
1.63896e+23
1.64745e+23
1.66382e+23
1.68631e+23
1.71514e+23
1.75116e+23
1.79571e+23
1.85058e+23
1.91811e+23
2.00126e+23
2.10365e+23
2.22956e+23
2.38357e+23
2.56989e+23
2.79107e+23
3.04624e+23
3.32908e+23
3.62558e+23
3.91293e+23
4.16769e+23
4.3955e+23
4.64684e+23
4.96664e+23
5.36041e+23
5.81443e+23
6.30648e+23
6.80001e+23
1.9817e+23
1.9438e+23
1.92543e+23
1.92456e+23
1.93617e+23
1.95733e+23
1.9871e+23
2.02564e+23
2.07385e+23
2.13314e+23
2.20541e+23
2.293e+23
2.39862e+23
2.52514e+23
2.67525e+23
2.85076e+23
3.05177e+23
3.27548e+23
3.51488e+23
3.75739e+23
3.98527e+23
4.18382e+23
4.36135e+23
4.55689e+23
4.80793e+23
5.12393e+23
5.49752e+23
5.91759e+23
6.36848e+23
6.82418e+23
2.00905e+23
1.94482e+23
1.91389e+23
1.90803e+23
1.917e+23
1.93578e+23
1.96277e+23
1.99788e+23
2.04183e+23
2.09588e+23
2.16177e+23
2.24169e+23
2.33824e+23
2.45435e+23
2.59295e+23
2.7565e+23
2.94618e+23
3.16078e+23
3.39532e+23
3.63952e+23
3.87668e+23
4.08747e+23
4.26631e+23
4.44197e+23
4.66123e+23
4.94743e+23
5.29745e+23
5.70054e+23
6.14361e+23
6.60585e+23
2.00797e+23
1.94069e+23
1.90847e+23
1.90218e+23
1.91098e+23
1.92961e+23
1.95643e+23
1.99132e+23
2.03502e+23
2.08878e+23
2.15432e+23
2.23386e+23
2.32999e+23
2.44567e+23
2.58384e+23
2.74704e+23
2.9365e+23
3.15111e+23
3.38606e+23
3.63124e+23
3.87015e+23
4.08338e+23
4.26454e+23
4.44133e+23
4.66059e+23
4.94652e+23
5.29648e+23
5.69973e+23
6.14311e+23
6.60575e+23
2.00874e+23
1.93899e+23
1.90573e+23
1.89912e+23
1.90776e+23
1.92626e+23
1.9529e+23
1.98758e+23
2.03101e+23
2.08445e+23
2.14961e+23
2.22868e+23
2.32429e+23
2.43937e+23
2.57691e+23
2.73947e+23
2.92835e+23
3.14256e+23
3.3774e+23
3.62293e+23
3.86284e+23
4.07757e+23
4.25998e+23
4.43673e+23
4.6548e+23
4.93935e+23
5.28821e+23
5.69069e+23
6.13367e+23
6.59647e+23
2.01239e+23
1.93951e+23
1.90489e+23
1.89782e+23
1.90628e+23
1.92461e+23
1.95105e+23
1.98549e+23
2.0286e+23
2.08165e+23
2.14633e+23
2.22483e+23
2.31975e+23
2.43402e+23
2.57065e+23
2.73223e+23
2.92015e+23
3.13352e+23
3.36782e+23
3.61332e+23
3.85385e+23
4.06961e+23
4.25236e+23
4.42747e+23
4.6424e+23
4.92382e+23
5.27017e+23
5.67078e+23
6.11265e+23
6.57555e+23
2.00783e+23
1.95385e+23
1.92736e+23
1.92299e+23
1.93261e+23
1.95198e+23
1.97966e+23
2.01564e+23
2.06066e+23
2.11602e+23
2.18347e+23
2.26521e+23
2.36387e+23
2.48232e+23
2.6234e+23
2.78939e+23
2.98115e+23
3.19708e+23
3.43163e+23
3.67382e+23
3.90642e+23
4.11073e+23
4.28452e+23
4.46036e+23
4.68399e+23
4.97513e+23
5.32906e+23
5.73492e+23
6.17934e+23
6.64083e+23
2.17073e+23
2.1699e+23
2.17378e+23
2.18456e+23
2.20299e+23
2.22944e+23
2.26437e+23
2.30851e+23
2.3629e+23
2.4289e+23
2.50816e+23
2.60255e+23
2.71399e+23
2.84419e+23
2.99421e+23
3.16388e+23
3.35095e+23
3.5501e+23
3.75188e+23
3.94255e+23
4.10831e+23
4.24778e+23
4.38488e+23
4.55743e+23
4.78784e+23
5.07663e+23
5.41614e+23
5.79855e+23
6.21431e+23
6.64729e+23
2.155e+23
2.15024e+23
2.15044e+23
2.15825e+23
2.17412e+23
2.19806e+23
2.23028e+23
2.2713e+23
2.32204e+23
2.38376e+23
2.45806e+23
2.54677e+23
2.6519e+23
2.77539e+23
2.91872e+23
3.08239e+23
3.26515e+23
3.46304e+23
3.66819e+23
3.86795e+23
4.04666e+23
4.19489e+23
4.32598e+23
4.47756e+23
4.6829e+23
4.95027e+23
5.27298e+23
5.64245e+23
6.04998e+23
6.48221e+23
2.15105e+23
2.14576e+23
2.14552e+23
2.15299e+23
2.16859e+23
2.19228e+23
2.22424e+23
2.26497e+23
2.31538e+23
2.37672e+23
2.45059e+23
2.53884e+23
2.64349e+23
2.7665e+23
2.90939e+23
3.07273e+23
3.25536e+23
3.45343e+23
3.65922e+23
3.86024e+23
4.04076e+23
4.19089e+23
4.32301e+23
4.47436e+23
4.67884e+23
4.94545e+23
5.26767e+23
5.6369e+23
6.04441e+23
6.4769e+23
2.14992e+23
2.14397e+23
2.14308e+23
2.15007e+23
2.16533e+23
2.18879e+23
2.22056e+23
2.26114e+23
2.3114e+23
2.37259e+23
2.44628e+23
2.53432e+23
2.63873e+23
2.76148e+23
2.9041e+23
3.06721e+23
3.24968e+23
3.44775e+23
3.65381e+23
3.85548e+23
4.03707e+23
4.18832e+23
4.3209e+23
4.47163e+23
4.67487e+23
4.9402e+23
5.26128e+23
5.62953e+23
6.03625e+23
6.46827e+23
2.14764e+23
2.14437e+23
2.14595e+23
2.15481e+23
2.17148e+23
2.19611e+23
2.229e+23
2.27076e+23
2.32235e+23
2.38508e+23
2.46056e+23
2.55069e+23
2.65745e+23
2.78277e+23
2.92806e+23
3.09371e+23
3.27828e+23
3.47757e+23
3.68345e+23
3.88317e+23
4.06158e+23
4.21098e+23
4.34694e+23
4.50691e+23
4.72126e+23
4.99625e+23
5.32502e+23
5.69932e+23
6.11012e+23
6.54307e+23
0
0
0
0
0
0
0
0
0
0
0
0
0
0
0
0
0
0
0
0
0
0
0
0
0
0
0
0
0
0
0
0
0
0
0
0
0
0
0
0
0
0
0
0
0
0
0
0
0
0
0
0
0
0
0
0
0
0
0
0
0
0
0
0
0
0
0
0
0
0
0
0
0
0
0
0
0
0
0
0
0
0
0
0
0
0
0
0
0
0
0
0
0
0
0
0
0
0
0
0
0
0
0
0
0
0
0
0
0
0
0
0
0
0
0
0
0
0
0
0
0
0
0
0
0
0
0
0
0
0
0
0
0
0
0
0
0
0
0
0
0
0
0
0
0
0
0
0
0
0
0
0
0
0
0
0
0
0
0
0
0
0
0
0
0
0
0
0
0
0
0
0
0
0
0
0
0
0
0
0
0
0
0
0
0
0
0
0
0
0
0
0
0
0
0
0
0
0
0
0
0
0
0
0
0
0
0
0
0
0
0
0
0
0
0
0
0
0
0
0
0
0
0
0
0
0
0
0
0
0
0
0
0
0
0
0
0
0
0
0
0
0
0
0
0
0
0
0
0
0
0
0
0
0
0
0
0
0
0
0
0
0
0
0
0
0
0
0
0
0
0
0
0
0
0
0
0
0
0
0
0
0
0
0
0
0
0
0
0
0
0
0
0
0
0
0
0
0
0
0
0
0
0
0
0
0
0
0
0
0
0
0
0
0
0
0
0
0
0
0
0
0
0
0
0
0
0
0
0
0
0
0
0
0
0
0
0
0
0
0
0
0
0
0
0
0
0
0
0
0
0
0
0
0
0
0
0
0
0
0
0
0
0
0
0
0
0
0
0
0
0
0
0
0
0
0
0
0
0
0
0
0
0
0
0
0
0
0
0
0
0
0
0
0
0
0
0
0
0
0
0
0
0
0
0
0
0
0
0
0
0
0
0
0
0
0
0
0
0
0
0
0
0
0
0
0
0
0
0
0
0
0
0
0
0
0
0
0
0
0
0
0
0
0
0
0
0
0
0
0
0
0
0
0
0
0
0
0
0
0
0
0
0
0
0
0
0
0
0
0
0
0
0
0
0
0
0
0
0
0
0
0
0
0
0
0
0
0
0
0
0
0
0
0
0
0
0
0
0
0
0
0
0
0
0
0
0
0
0
0
0
0
0
0
0
0
0
0
0
0
0
0
0
0
0
0
0
0
0
0
0
0
0
0
0
0
0
0
0
0
0
0
0
0
0
0
0
0
0
0
0
0
0
0
0
0
0
0
0
0
0
0
0
0
0
0
0
0
0
0
0
0
0
0
0
0
0
0
0
0
0
0
0
0
0
0
0
0
0
0
0
0
0
0
0
0
0
0
0
0
0
0
0
0
0
0
0
0
0
0
0
0
0
0
0
0
0
0
0
0
0
0
0
0
0
0
0
0
0
0
0
0
0
0
0
0
0
0
0
0
0
0
0
0
0
0
0
0
0
0
0
0
0
0
0
0
0
0
0
0
0
0
0
0
0
0
0
0
0
0
0
0
0
0
0
0
0
0
0
0
0
0
0
0
0
0
0
0
0
0
0
0
0
0
0
0
0
0
0
0
0
0
0
0
0
0
0
0
0
0
0
0
0
0
0
0
0
0
0
0
0
0
0
0
0
0
0
0
0
0
0
0
0
0
0
0
0
0
0
0
0
0
0
0
0
0
0
0
0
0
0
0
0
0
0
0
0
0
0
0
0
0
0
0
0
0
0
0
0
0
0
0
0
0
0
0
0
0
0
0
0
0
0
0
0
0
0
0
0
0
0
0
0
0
0
0
0
0
0
0
0
0
0
0
0
0
0
0
0
0
0
0
0
0
0
0
0
0
0
0
0
0
0
0
0
0
0
0
0
0
0
0
0
0
0
0
0
0
0
0
0
0
0
0
0
0
0
0
0
0
0
0
0
0
0
0
0
0
0
0
0
0
0
0
0
0
0
0
0
0
0
0
0
0
0
0
0
0
0
0
0
0
0
0
0
0
0
0
0
0
0
0
0
0
0
0
0
0
0
0
0
0
0
0
0
0
0
0
0
0
0
0
0
0
0
0
0
0
0
0
0
0
0
0
0
0
0
0
0
0
0
0
0
0
0
0
0
0
0
0
0
0
0
0
0
0
0
0
0
0
0
0
0
0
0
0
0
0
0
0
0
0
0
0
0
0
0
0
0
0
0
0
0
0
0
0
0
0
0
0
0
0
0
0
0
0
0
0
0
0
0
0
0
0
0
0
0
0
0
0
0
0
0
0
0
0
0
0
0
0
0
0
0
0
0
0
0
0
0
0
0
0
0
0
0
0
0
0
0
0
0
0
0
0
0
0
0
0
0
0
0
0
0
0
0
0
0
0
0
0
0
0
0
0
0
0
0
0
0
0
0
0
0
0
0
0
0
0
0
0
0
0
0
0
0
0
0
0
0
0
0
0
0
0
0
0
0
0
0
0
0
0
0
0
0
0
0
0
0
0
0
0
0
0
0
0
0
0
0
0
0
0
0
0
0
0
0
0
0
0
0
0
0
0
0
0
0
0
0
0
0
0
0
0
0
0
0
0
0
0
0
0
0
0
0
0
0
0
0
0
0
0
0
0
0
0
0
0
0
0
0
0
0
0
0
0
0
0
0
0
0
0
0
0
0
0
0
0
0
0
0
0
0
0
0
0
0
0
0
0
0
0
0
0
0
0
0
0
0
0
0
0
0
0
0
0
0
0
0
0
0
0
0
0
0
0
0
0
0
0
0
0
0
0
0
0
0
0
0
0
0
0
0
0
0
0
0
0
0
0
0
0
0
0
0
0
0
0
0
0
0
0
0
0
0
0
0
0
0
0
0
0
0
0
0
0
0
0
0
0
0
0
0
0
0
0
0
0
0
0
0
0
0
0
0
0
0
0
0
0
0
0
0
0
0
0
0
0
0
0
0
0
0
0
0
0
0
0
0
0
0
0
0
0
0
0
0
0
0
0
0
0
0
0
0
0
0
0
0
0
0
0
0
0
0
0
0
0
0
0
0
0
0
0
0
0
0
0
0
0
0
0
0
0
0
0
0
0
0
0
0
0
0
0
0
0
0
0
0
0
0
0
0
0
0
0
0
0
0
0
0
0
0
0
0
0
0
0
0
0
0
0
0
0
0
0
0
0
0
0
0
0
0
0
0
0
0
0
0
0
0
0
0
0
0
0
0
0
0
0
)
;

boundaryField
{
    fuelBottom
    {
        type            empty;
    }
    fuelTop_1
    {
        type            empty;
    }
    fuelOuter
    {
        type            zeroGradient;
    }
    fuelTop
    {
        type            empty;
    }
    fuelInner
    {
        type            zeroGradient;
    }
    cladBottom
    {
        type            empty;
    }
    cladInner
    {
        type            zeroGradient;
    }
    cladOuter
    {
        type            zeroGradient;
    }
    cladTop
    {
        type            empty;
    }
    front
    {
        type            wedge;
    }
    back
    {
        type            wedge;
    }
}


// ************************************************************************* //
