/*--------------------------------*- C++ -*----------------------------------*\
| =========                 |                                                 |
| \\      /  F ield         | OpenFOAM: The Open Source CFD Toolbox           |
|  \\    /   O peration     | Version:  2412                                  |
|   \\  /    A nd           | Website:  www.openfoam.com                      |
|    \\/     M anipulation  |                                                 |
\*---------------------------------------------------------------------------*/
FoamFile
{
    version     2.0;
    format      ascii;
    arch        "LSB;label=32;scalar=64";
    class       volScalarField;
    location    "25888284.641197/fuelBehaviourRegion";
    object      SCIANTIX::grainModes_4;
}
// * * * * * * * * * * * * * * * * * * * * * * * * * * * * * * * * * * * * * //

dimensions      [0 0 0 0 0 0 0];

internalField   nonuniform List<scalar> 
4720
(
1.85846e+24
1.85847e+24
1.85847e+24
1.85848e+24
1.8585e+24
1.85851e+24
1.85853e+24
1.85855e+24
1.85858e+24
1.8586e+24
1.85863e+24
1.85867e+24
1.8587e+24
1.85874e+24
1.85878e+24
1.85882e+24
1.85886e+24
1.8589e+24
1.85894e+24
1.85899e+24
1.85903e+24
1.85908e+24
1.85912e+24
1.85917e+24
1.85921e+24
1.85926e+24
1.8593e+24
1.85934e+24
1.85939e+24
1.85943e+24
1.85845e+24
1.85846e+24
1.85846e+24
1.85847e+24
1.85848e+24
1.8585e+24
1.85852e+24
1.85854e+24
1.85857e+24
1.85859e+24
1.85862e+24
1.85866e+24
1.85869e+24
1.85873e+24
1.85877e+24
1.85881e+24
1.85885e+24
1.85889e+24
1.85893e+24
1.85898e+24
1.85902e+24
1.85907e+24
1.85911e+24
1.85916e+24
1.8592e+24
1.85925e+24
1.85929e+24
1.85934e+24
1.85938e+24
1.85942e+24
1.85843e+24
1.85844e+24
1.85844e+24
1.85845e+24
1.85847e+24
1.85848e+24
1.8585e+24
1.85852e+24
1.85855e+24
1.85858e+24
1.85861e+24
1.85864e+24
1.85867e+24
1.85871e+24
1.85875e+24
1.85879e+24
1.85883e+24
1.85888e+24
1.85892e+24
1.85896e+24
1.85901e+24
1.85906e+24
1.8591e+24
1.85915e+24
1.85919e+24
1.85924e+24
1.85928e+24
1.85933e+24
1.85937e+24
1.85941e+24
1.85843e+24
1.85843e+24
1.85844e+24
1.85845e+24
1.85846e+24
1.85848e+24
1.85849e+24
1.85852e+24
1.85854e+24
1.85857e+24
1.8586e+24
1.85863e+24
1.85867e+24
1.85871e+24
1.85874e+24
1.85878e+24
1.85883e+24
1.85887e+24
1.85891e+24
1.85896e+24
1.859e+24
1.85905e+24
1.8591e+24
1.85914e+24
1.85919e+24
1.85924e+24
1.85928e+24
1.85932e+24
1.85937e+24
1.85941e+24
1.85842e+24
1.85842e+24
1.85843e+24
1.85844e+24
1.85845e+24
1.85847e+24
1.85849e+24
1.85851e+24
1.85854e+24
1.85856e+24
1.85859e+24
1.85863e+24
1.85866e+24
1.8587e+24
1.85874e+24
1.85878e+24
1.85882e+24
1.85887e+24
1.85891e+24
1.85895e+24
1.859e+24
1.85905e+24
1.85909e+24
1.85914e+24
1.85919e+24
1.85923e+24
1.85928e+24
1.85932e+24
1.85937e+24
1.85941e+24
1.85839e+24
1.85839e+24
1.8584e+24
1.85841e+24
1.85842e+24
1.85844e+24
1.85846e+24
1.85848e+24
1.85851e+24
1.85854e+24
1.85857e+24
1.85861e+24
1.85864e+24
1.85868e+24
1.85872e+24
1.85876e+24
1.85881e+24
1.85885e+24
1.8589e+24
1.85894e+24
1.85899e+24
1.85904e+24
1.85908e+24
1.85913e+24
1.85918e+24
1.85923e+24
1.85927e+24
1.85932e+24
1.85936e+24
1.85941e+24
2.10366e+24
2.10366e+24
2.10367e+24
2.10369e+24
2.10371e+24
2.10374e+24
2.10377e+24
2.10381e+24
2.10385e+24
2.10389e+24
2.10394e+24
2.104e+24
2.10406e+24
2.10412e+24
2.10418e+24
2.10425e+24
2.10431e+24
2.10438e+24
2.10446e+24
2.10453e+24
2.1046e+24
2.10467e+24
2.10475e+24
2.10482e+24
2.1049e+24
2.10497e+24
2.10504e+24
2.10511e+24
2.10518e+24
2.10524e+24
2.10353e+24
2.10353e+24
2.10354e+24
2.10356e+24
2.10358e+24
2.10361e+24
2.10365e+24
2.10369e+24
2.10373e+24
2.10378e+24
2.10383e+24
2.10389e+24
2.10395e+24
2.10401e+24
2.10408e+24
2.10415e+24
2.10422e+24
2.1043e+24
2.10437e+24
2.10445e+24
2.10452e+24
2.1046e+24
2.10468e+24
2.10476e+24
2.10483e+24
2.10491e+24
2.10499e+24
2.10506e+24
2.10513e+24
2.1052e+24
2.1035e+24
2.10351e+24
2.10352e+24
2.10354e+24
2.10356e+24
2.10359e+24
2.10362e+24
2.10366e+24
2.10371e+24
2.10376e+24
2.10381e+24
2.10387e+24
2.10393e+24
2.10399e+24
2.10406e+24
2.10413e+24
2.1042e+24
2.10428e+24
2.10436e+24
2.10443e+24
2.10451e+24
2.10459e+24
2.10467e+24
2.10475e+24
2.10482e+24
2.1049e+24
2.10498e+24
2.10505e+24
2.10512e+24
2.10519e+24
2.10349e+24
2.1035e+24
2.10351e+24
2.10353e+24
2.10355e+24
2.10358e+24
2.10361e+24
2.10365e+24
2.1037e+24
2.10375e+24
2.1038e+24
2.10386e+24
2.10392e+24
2.10398e+24
2.10405e+24
2.10412e+24
2.1042e+24
2.10427e+24
2.10435e+24
2.10443e+24
2.1045e+24
2.10458e+24
2.10466e+24
2.10474e+24
2.10482e+24
2.1049e+24
2.10497e+24
2.10505e+24
2.10512e+24
2.10519e+24
2.10347e+24
2.10347e+24
2.10348e+24
2.1035e+24
2.10353e+24
2.10356e+24
2.10359e+24
2.10363e+24
2.10368e+24
2.10373e+24
2.10378e+24
2.10384e+24
2.1039e+24
2.10397e+24
2.10404e+24
2.10411e+24
2.10418e+24
2.10426e+24
2.10433e+24
2.10441e+24
2.10449e+24
2.10457e+24
2.10465e+24
2.10473e+24
2.10481e+24
2.10489e+24
2.10496e+24
2.10504e+24
2.10511e+24
2.10518e+24
2.10331e+24
2.10332e+24
2.10333e+24
2.10335e+24
2.10338e+24
2.10341e+24
2.10345e+24
2.10349e+24
2.10354e+24
2.10359e+24
2.10365e+24
2.10372e+24
2.10378e+24
2.10385e+24
2.10393e+24
2.10401e+24
2.10409e+24
2.10417e+24
2.10425e+24
2.10433e+24
2.10442e+24
2.10451e+24
2.10459e+24
2.10468e+24
2.10476e+24
2.10484e+24
2.10492e+24
2.105e+24
2.10508e+24
2.10516e+24
2.65717e+24
2.65718e+24
2.65722e+24
2.65727e+24
2.65734e+24
2.65742e+24
2.65753e+24
2.65764e+24
2.65778e+24
2.65792e+24
2.65808e+24
2.65825e+24
2.65843e+24
2.65862e+24
2.65881e+24
2.65902e+24
2.65923e+24
2.65944e+24
2.65966e+24
2.65988e+24
2.6601e+24
2.66031e+24
2.66053e+24
2.66074e+24
2.66096e+24
2.66116e+24
2.66136e+24
2.66156e+24
2.66174e+24
2.66193e+24
2.65652e+24
2.65654e+24
2.65658e+24
2.65664e+24
2.65672e+24
2.65681e+24
2.65692e+24
2.65705e+24
2.6572e+24
2.65736e+24
2.65754e+24
2.65773e+24
2.65792e+24
2.65813e+24
2.65835e+24
2.65858e+24
2.65881e+24
2.65904e+24
2.65928e+24
2.65952e+24
2.65976e+24
2.66001e+24
2.66024e+24
2.66048e+24
2.66071e+24
2.66094e+24
2.66115e+24
2.66137e+24
2.66157e+24
2.66177e+24
2.65641e+24
2.65643e+24
2.65647e+24
2.65653e+24
2.65661e+24
2.65671e+24
2.65682e+24
2.65696e+24
2.6571e+24
2.65727e+24
2.65745e+24
2.65764e+24
2.65784e+24
2.65805e+24
2.65828e+24
2.6585e+24
2.65874e+24
2.65898e+24
2.65922e+24
2.65947e+24
2.65971e+24
2.65996e+24
2.6602e+24
2.66044e+24
2.66067e+24
2.6609e+24
2.66112e+24
2.66134e+24
2.66155e+24
2.66175e+24
2.65637e+24
2.65639e+24
2.65643e+24
2.65649e+24
2.65657e+24
2.65667e+24
2.65678e+24
2.65692e+24
2.65707e+24
2.65723e+24
2.65741e+24
2.6576e+24
2.65781e+24
2.65802e+24
2.65824e+24
2.65847e+24
2.65871e+24
2.65895e+24
2.6592e+24
2.65944e+24
2.65969e+24
2.65993e+24
2.66018e+24
2.66042e+24
2.66065e+24
2.66088e+24
2.66111e+24
2.66132e+24
2.66153e+24
2.66173e+24
2.65627e+24
2.65629e+24
2.65633e+24
2.65639e+24
2.65647e+24
2.65657e+24
2.65669e+24
2.65682e+24
2.65697e+24
2.65714e+24
2.65732e+24
2.65752e+24
2.65773e+24
2.65794e+24
2.65817e+24
2.6584e+24
2.65864e+24
2.65889e+24
2.65914e+24
2.65939e+24
2.65964e+24
2.65989e+24
2.66013e+24
2.66038e+24
2.66062e+24
2.66085e+24
2.66108e+24
2.6613e+24
2.66151e+24
2.66171e+24
2.65555e+24
2.65557e+24
2.65562e+24
2.65569e+24
2.65578e+24
2.65589e+24
2.65602e+24
2.65618e+24
2.65635e+24
2.65654e+24
2.65674e+24
2.65696e+24
2.6572e+24
2.65744e+24
2.65769e+24
2.65796e+24
2.65822e+24
2.6585e+24
2.65877e+24
2.65905e+24
2.65933e+24
2.6596e+24
2.65987e+24
2.66014e+24
2.66041e+24
2.66066e+24
2.66091e+24
2.66115e+24
2.66138e+24
2.6616e+24
3.57524e+24
3.57532e+24
3.57551e+24
3.57578e+24
3.57615e+24
3.5766e+24
3.57713e+24
3.57774e+24
3.57843e+24
3.57918e+24
3.57999e+24
3.58085e+24
3.58176e+24
3.58272e+24
3.5837e+24
3.58471e+24
3.58574e+24
3.58678e+24
3.58782e+24
3.58886e+24
3.5899e+24
3.59091e+24
3.59191e+24
3.59288e+24
3.59381e+24
3.59472e+24
3.59558e+24
3.59641e+24
3.59719e+24
3.59793e+24
3.57138e+24
3.57148e+24
3.57169e+24
3.572e+24
3.57242e+24
3.57294e+24
3.57356e+24
3.57426e+24
3.57505e+24
3.57591e+24
3.57684e+24
3.57783e+24
3.57888e+24
3.57997e+24
3.5811e+24
3.58225e+24
3.58343e+24
3.58461e+24
3.5858e+24
3.58699e+24
3.58816e+24
3.58932e+24
3.59045e+24
3.59155e+24
3.59261e+24
3.59363e+24
3.59461e+24
3.59554e+24
3.59641e+24
3.59724e+24
3.57073e+24
3.57083e+24
3.57104e+24
3.57137e+24
3.5718e+24
3.57233e+24
3.57296e+24
3.57367e+24
3.57448e+24
3.57536e+24
3.57631e+24
3.57733e+24
3.57839e+24
3.57951e+24
3.58066e+24
3.58184e+24
3.58304e+24
3.58426e+24
3.58547e+24
3.58668e+24
3.58788e+24
3.58906e+24
3.59021e+24
3.59133e+24
3.59241e+24
3.59345e+24
3.59445e+24
3.59539e+24
3.59629e+24
3.59713e+24
3.57051e+24
3.57061e+24
3.57083e+24
3.57115e+24
3.57159e+24
3.57212e+24
3.57275e+24
3.57348e+24
3.57428e+24
3.57517e+24
3.57613e+24
3.57715e+24
3.57823e+24
3.57935e+24
3.58051e+24
3.5817e+24
3.58291e+24
3.58413e+24
3.58535e+24
3.58657e+24
3.58778e+24
3.58896e+24
3.59012e+24
3.59125e+24
3.59234e+24
3.59339e+24
3.59439e+24
3.59534e+24
3.59624e+24
3.59709e+24
3.57007e+24
3.57017e+24
3.57039e+24
3.57072e+24
3.57116e+24
3.57171e+24
3.57235e+24
3.57308e+24
3.5739e+24
3.5748e+24
3.57578e+24
3.57681e+24
3.57791e+24
3.57905e+24
3.58022e+24
3.58143e+24
3.58265e+24
3.58389e+24
3.58513e+24
3.58637e+24
3.58759e+24
3.58879e+24
3.58997e+24
3.59111e+24
3.59221e+24
3.59327e+24
3.59429e+24
3.59525e+24
3.59616e+24
3.59702e+24
3.56664e+24
3.56676e+24
3.56701e+24
3.56738e+24
3.56788e+24
3.5685e+24
3.56923e+24
3.57006e+24
3.571e+24
3.57202e+24
3.57312e+24
3.57429e+24
3.57552e+24
3.57681e+24
3.57813e+24
3.57949e+24
3.58086e+24
3.58225e+24
3.58363e+24
3.58501e+24
3.58637e+24
3.5877e+24
3.589e+24
3.59026e+24
3.59147e+24
3.59263e+24
3.59374e+24
3.59479e+24
3.59578e+24
3.5967e+24
4.88289e+24
4.88346e+24
4.88469e+24
4.88655e+24
4.889e+24
4.89203e+24
4.89561e+24
4.89969e+24
4.90425e+24
4.90922e+24
4.91458e+24
4.92026e+24
4.92622e+24
4.93239e+24
4.93874e+24
4.94519e+24
4.9517e+24
4.95822e+24
4.96469e+24
4.97107e+24
4.9773e+24
4.98336e+24
4.98921e+24
4.99481e+24
5.00013e+24
5.00516e+24
5.00989e+24
5.01429e+24
5.01836e+24
5.0221e+24
4.85916e+24
4.85981e+24
4.86124e+24
4.86338e+24
4.86623e+24
4.86973e+24
4.87387e+24
4.87859e+24
4.88386e+24
4.88961e+24
4.89579e+24
4.90236e+24
4.90923e+24
4.91636e+24
4.92368e+24
4.93112e+24
4.93862e+24
4.94612e+24
4.95356e+24
4.96089e+24
4.96805e+24
4.975e+24
4.98169e+24
4.98809e+24
4.99417e+24
4.99991e+24
5.00528e+24
5.01028e+24
5.0149e+24
5.01914e+24
4.8557e+24
4.85636e+24
4.85782e+24
4.86001e+24
4.86291e+24
4.86649e+24
4.87071e+24
4.87553e+24
4.8809e+24
4.88677e+24
4.89308e+24
4.89978e+24
4.90679e+24
4.91407e+24
4.92153e+24
4.92912e+24
4.93676e+24
4.94441e+24
4.952e+24
4.95946e+24
4.96676e+24
4.97384e+24
4.98065e+24
4.98717e+24
4.99337e+24
4.9992e+24
5.00467e+24
5.00976e+24
5.01445e+24
5.01875e+24
4.85377e+24
4.85444e+24
4.85591e+24
4.85812e+24
4.86105e+24
4.86467e+24
4.86894e+24
4.87381e+24
4.87923e+24
4.88517e+24
4.89155e+24
4.89831e+24
4.9054e+24
4.91275e+24
4.92029e+24
4.92795e+24
4.93568e+24
4.94341e+24
4.95107e+24
4.95862e+24
4.96599e+24
4.97314e+24
4.98002e+24
4.98661e+24
4.99286e+24
4.99876e+24
5.00428e+24
5.00941e+24
5.01415e+24
5.0185e+24
4.84471e+24
4.84541e+24
4.84696e+24
4.8493e+24
4.85239e+24
4.8562e+24
4.8607e+24
4.86583e+24
4.87155e+24
4.8778e+24
4.88452e+24
4.89165e+24
4.89911e+24
4.90685e+24
4.91478e+24
4.92285e+24
4.93098e+24
4.9391e+24
4.94715e+24
4.95506e+24
4.96279e+24
4.97029e+24
4.97749e+24
4.98438e+24
4.99091e+24
4.99707e+24
5.00282e+24
5.00816e+24
5.01309e+24
5.0176e+24
4.7498e+24
4.75074e+24
4.75281e+24
4.75593e+24
4.76006e+24
4.76516e+24
4.77119e+24
4.77809e+24
4.78581e+24
4.79427e+24
4.80351e+24
4.81384e+24
4.82518e+24
4.83733e+24
4.85009e+24
4.86327e+24
4.87668e+24
4.89016e+24
4.90352e+24
4.91663e+24
4.92934e+24
4.94154e+24
4.95314e+24
4.96404e+24
4.9742e+24
4.98358e+24
4.99216e+24
4.99994e+24
5.00692e+24
5.01314e+24
3.42445e+24
3.40121e+24
3.35635e+24
3.29154e+24
3.20844e+24
3.10874e+24
2.99408e+24
2.86609e+24
2.72637e+24
2.57655e+24
2.4184e+24
2.25399e+24
2.08602e+24
1.91828e+24
1.75646e+24
1.60917e+24
1.48927e+24
1.41518e+24
1.4113e+24
1.5069e+24
1.73424e+24
2.12874e+24
2.73546e+24
3.6246e+24
4.90952e+24
6.74095e+24
9.23649e+24
1.23508e+25
1.57942e+25
1.91161e+25
3.4223e+24
3.39952e+24
3.35572e+24
3.29283e+24
3.21279e+24
3.11752e+24
3.00882e+24
2.88832e+24
2.75745e+24
2.61743e+24
2.46942e+24
2.31472e+24
2.15526e+24
1.99423e+24
1.83726e+24
1.69394e+24
1.57972e+24
1.51776e+24
1.53959e+24
1.68333e+24
1.99054e+24
2.50617e+24
3.28768e+24
4.42367e+24
6.04666e+24
8.3e+24
1.12255e+25
1.4631e+25
1.80918e+25
2.11387e+25
3.38097e+24
3.35864e+24
3.31571e+24
3.25407e+24
3.17565e+24
3.08232e+24
2.97585e+24
2.8578e+24
2.72955e+24
2.59225e+24
2.44701e+24
2.2951e+24
2.13842e+24
1.98025e+24
1.82641e+24
1.6868e+24
1.57736e+24
1.52186e+24
1.55243e+24
1.70762e+24
2.02933e+24
2.56308e+24
3.36775e+24
4.53419e+24
6.19606e+24
8.49233e+24
1.14518e+25
1.48665e+25
1.83049e+25
2.13064e+25
3.40922e+24
3.38664e+24
3.34322e+24
3.28088e+24
3.20156e+24
3.10717e+24
2.99948e+24
2.88011e+24
2.75045e+24
2.6117e+24
2.46497e+24
2.31151e+24
2.15316e+24
1.99307e+24
1.83675e+24
1.6937e+24
1.57922e+24
1.51636e+24
1.53649e+24
1.6777e+24
1.98155e+24
2.49297e+24
3.26914e+24
4.39803e+24
6.01139e+24
8.25273e+24
1.11664e+25
1.4565e+25
1.80272e+25
2.10837e+25
3.19608e+24
3.17537e+24
3.13554e+24
3.07833e+24
3.00546e+24
2.91864e+24
2.81939e+24
2.7091e+24
2.58892e+24
2.4599e+24
2.32311e+24
2.18004e+24
2.03313e+24
1.88678e+24
1.74859e+24
1.6312e+24
1.55406e+24
1.5448e+24
1.63863e+24
1.87568e+24
2.29891e+24
2.95816e+24
3.92378e+24
5.30343e+24
7.23586e+24
9.82111e+24
1.29919e+25
1.64368e+25
1.96969e+25
2.23827e+25
3.98724e+24
3.95068e+24
3.88807e+24
3.80609e+24
3.70866e+24
3.59875e+24
3.47905e+24
3.35217e+24
3.2205e+24
3.08592e+24
2.94946e+24
2.81101e+24
2.66916e+24
2.52157e+24
2.36591e+24
2.2019e+24
2.03464e+24
1.87917e+24
1.76609e+24
1.74621e+24
1.89032e+24
2.28057e+24
3.00241e+24
4.15672e+24
5.89521e+24
8.43172e+24
1.19177e+25
1.6165e+25
2.05324e+25
2.42597e+25
4.07226e+24
4.02792e+24
3.95768e+24
3.86978e+24
3.76791e+24
3.65454e+24
3.53209e+24
3.40312e+24
3.27016e+24
3.13534e+24
3e+24
2.86428e+24
2.7269e+24
2.58521e+24
2.43605e+24
2.27752e+24
2.11222e+24
1.95184e+24
1.82299e+24
1.77295e+24
1.87135e+24
2.20311e+24
2.85719e+24
3.93148e+24
5.56501e+24
7.96186e+24
1.13009e+25
1.54698e+25
1.98865e+25
2.37662e+25
4.06795e+24
4.02317e+24
3.95262e+24
3.8646e+24
3.76278e+24
3.64959e+24
3.52741e+24
3.39881e+24
3.26632e+24
3.13209e+24
2.99746e+24
2.8626e+24
2.7262e+24
2.58559e+24
2.43754e+24
2.28005e+24
2.11557e+24
1.95564e+24
1.82674e+24
1.77611e+24
1.87348e+24
2.20413e+24
2.8575e+24
3.93182e+24
5.566e+24
7.96366e+24
1.13032e+25
1.54724e+25
1.98895e+25
2.37693e+25
4.09104e+24
4.04481e+24
3.97283e+24
3.8836e+24
3.78068e+24
3.6664e+24
3.5431e+24
3.41332e+24
3.27962e+24
3.14419e+24
3.00844e+24
2.87262e+24
2.73547e+24
2.59439e+24
2.44608e+24
2.2884e+24
2.12344e+24
1.96218e+24
1.8303e+24
1.77412e+24
1.86267e+24
2.18107e+24
2.81896e+24
3.87399e+24
5.48307e+24
7.84851e+24
1.11547e+25
1.53054e+25
1.97329e+25
2.36478e+25
4.11721e+24
4.06973e+24
3.99648e+24
3.90607e+24
3.80199e+24
3.6865e+24
3.56186e+24
3.43063e+24
3.29535e+24
3.15827e+24
3.02087e+24
2.88345e+24
2.74489e+24
2.60262e+24
2.45339e+24
2.29492e+24
2.12901e+24
1.96606e+24
1.83092e+24
1.76877e+24
1.8476e+24
2.152e+24
2.77143e+24
3.80266e+24
5.38027e+24
7.70515e+24
1.09687e+25
1.50943e+25
1.95321e+25
2.34893e+25
3.90311e+24
3.86536e+24
3.80263e+24
3.72199e+24
3.62728e+24
3.52135e+24
3.40682e+24
3.2863e+24
3.16217e+24
3.03634e+24
2.90976e+24
2.78215e+24
2.65179e+24
2.51577e+24
2.37109e+24
2.21682e+24
2.05772e+24
1.90914e+24
1.80302e+24
1.79282e+24
1.95314e+24
2.37064e+24
3.13535e+24
4.35293e+24
6.17913e+24
8.82316e+24
1.24084e+25
1.66974e+25
2.10183e+25
2.46318e+25
5.12328e+24
4.45942e+24
4.16896e+24
4.02003e+24
3.89921e+24
3.77601e+24
3.64562e+24
3.5098e+24
3.37241e+24
3.23789e+24
3.11054e+24
2.99373e+24
2.88906e+24
2.79522e+24
2.70698e+24
2.615e+24
2.5079e+24
2.37802e+24
2.23158e+24
2.10211e+24
2.06395e+24
2.23798e+24
2.77664e+24
3.83679e+24
5.58766e+24
8.25957e+24
1.20982e+25
1.70192e+25
2.22453e+25
2.66748e+25
5.4895e+24
4.56063e+24
4.2019e+24
4.04431e+24
3.92313e+24
3.79937e+24
3.6677e+24
3.53005e+24
3.39055e+24
3.25395e+24
3.12493e+24
3.00737e+24
2.90356e+24
2.81303e+24
2.73132e+24
2.64937e+24
2.55489e+24
2.43735e+24
2.29781e+24
2.16274e+24
2.09885e+24
2.22212e+24
2.68741e+24
3.65859e+24
5.30364e+24
7.83971e+24
1.15185e+25
1.63298e+25
2.15898e+25
2.61849e+25
5.55031e+24
4.58548e+24
4.21755e+24
4.05871e+24
3.93707e+24
3.81263e+24
3.68003e+24
3.54126e+24
3.40047e+24
3.26247e+24
3.13198e+24
3.01296e+24
2.90782e+24
2.81621e+24
2.73386e+24
2.65184e+24
2.55783e+24
2.44101e+24
2.30176e+24
2.16547e+24
2.09753e+24
2.21279e+24
2.66584e+24
3.62122e+24
5.247e+24
7.75946e+24
1.14126e+25
1.62082e+25
2.14764e+25
2.61011e+25
5.62073e+24
4.61815e+24
4.23988e+24
4.07943e+24
3.95712e+24
3.8318e+24
3.69805e+24
3.55791e+24
3.41556e+24
3.27584e+24
3.14354e+24
3.02269e+24
2.91581e+24
2.82273e+24
2.73934e+24
2.6569e+24
2.56312e+24
2.44686e+24
2.30771e+24
2.1696e+24
2.09602e+24
2.1999e+24
2.635e+24
3.56614e+24
5.16075e+24
7.63268e+24
1.12385e+25
1.59999e+25
2.12746e+25
2.59461e+25
5.20798e+24
4.42719e+24
4.11412e+24
3.96538e+24
3.8472e+24
3.72661e+24
3.59888e+24
3.466e+24
3.33199e+24
3.20146e+24
3.07886e+24
2.96777e+24
2.87001e+24
2.78442e+24
2.70574e+24
2.62422e+24
2.52753e+24
2.4067e+24
2.26666e+24
2.14034e+24
2.1029e+24
2.27819e+24
2.8238e+24
3.90216e+24
5.68558e+24
8.40255e+24
1.22879e+25
1.72349e+25
2.2447e+25
2.6828e+25
8.64557e+24
5.10556e+24
4.18647e+24
4.00641e+24
3.90055e+24
3.78177e+24
3.64872e+24
3.50617e+24
3.36011e+24
3.21701e+24
3.08345e+24
2.96574e+24
2.86956e+24
2.79902e+24
2.75494e+24
2.732e+24
2.71595e+24
2.68432e+24
2.61505e+24
2.50599e+24
2.40248e+24
2.42373e+24
2.77089e+24
3.69125e+24
5.42614e+24
8.23001e+24
1.23833e+25
1.78653e+25
2.37886e+25
2.87428e+25
9.39721e+24
5.4003e+24
4.2733e+24
4.07215e+24
3.9652e+24
3.84383e+24
3.70673e+24
3.55904e+24
3.40704e+24
3.25745e+24
3.1171e+24
2.99262e+24
2.89013e+24
2.81453e+24
2.76802e+24
2.7474e+24
2.74057e+24
2.72556e+24
2.67667e+24
2.58197e+24
2.47096e+24
2.44437e+24
2.69064e+24
3.46116e+24
5.00867e+24
7.58041e+24
1.14558e+25
1.67225e+25
2.26837e+25
2.7932e+25
9.47903e+24
5.43433e+24
4.28472e+24
4.0815e+24
3.97422e+24
3.85224e+24
3.71434e+24
3.56573e+24
3.41272e+24
3.26209e+24
3.12068e+24
2.99518e+24
2.89177e+24
2.81545e+24
2.76862e+24
2.74837e+24
2.74296e+24
2.7305e+24
2.68488e+24
2.59287e+24
2.48191e+24
2.45033e+24
2.68491e+24
3.43777e+24
4.96389e+24
7.51057e+24
1.13562e+25
1.65982e+25
2.25608e+25
2.78403e+25
9.54307e+24
5.49084e+24
4.3212e+24
4.11512e+24
4.00658e+24
3.88295e+24
3.74304e+24
3.59209e+24
3.43648e+24
3.28302e+24
3.13858e+24
3.0099e+24
2.90321e+24
2.8236e+24
2.77363e+24
2.75072e+24
2.74359e+24
2.73074e+24
2.6859e+24
2.59465e+24
2.48177e+24
2.44181e+24
2.65775e+24
3.38015e+24
4.86477e+24
7.35842e+24
1.11409e+25
1.63316e+25
2.22971e+25
2.76407e+25
8.81914e+24
5.0822e+24
4.13867e+24
3.96062e+24
3.85655e+24
3.73916e+24
3.60767e+24
3.46704e+24
3.3234e+24
3.1833e+24
3.05338e+24
2.94008e+24
2.84921e+24
2.78513e+24
2.74898e+24
2.7357e+24
2.73087e+24
2.71104e+24
2.65243e+24
2.55105e+24
2.45141e+24
2.47412e+24
2.82496e+24
3.75843e+24
5.52138e+24
8.36689e+24
1.25635e+25
1.80672e+25
2.39713e+25
2.88737e+25
1.1142e+25
6.16548e+24
4.35961e+24
4.09854e+24
3.99173e+24
3.86608e+24
3.72121e+24
3.56363e+24
3.40055e+24
3.23953e+24
3.08823e+24
2.9543e+24
2.84531e+24
2.76849e+24
2.72996e+24
2.73267e+24
2.77166e+24
2.82719e+24
2.86324e+24
2.84276e+24
2.76325e+24
2.70483e+24
2.87025e+24
3.57876e+24
5.17888e+24
7.97797e+24
1.22691e+25
1.81071e+25
2.46066e+25
3.00908e+25
1.14678e+25
6.65367e+24
4.46198e+24
4.15331e+24
4.04372e+24
3.91551e+24
3.76672e+24
3.60412e+24
3.43515e+24
3.26755e+24
3.10915e+24
2.9678e+24
2.85128e+24
2.76717e+24
2.72241e+24
2.72174e+24
2.76381e+24
2.83394e+24
2.89849e+24
2.91427e+24
2.86045e+24
2.78787e+24
2.86747e+24
3.40447e+24
4.76742e+24
7.28262e+24
1.1238e+25
1.67772e+25
2.32681e+25
2.91001e+25
1.14878e+25
6.66929e+24
4.47684e+24
4.1679e+24
4.05734e+24
3.92784e+24
3.77762e+24
3.61347e+24
3.44288e+24
3.27361e+24
3.1135e+24
2.97042e+24
2.85217e+24
2.76638e+24
2.72005e+24
2.71815e+24
2.7597e+24
2.8306e+24
2.89757e+24
2.91688e+24
2.86605e+24
2.79331e+24
2.86686e+24
3.39067e+24
4.73558e+24
7.23131e+24
1.11667e+25
1.66892e+25
2.31811e+25
2.90364e+25
1.15142e+25
6.74135e+24
4.50276e+24
4.18729e+24
4.07588e+24
3.94548e+24
3.79408e+24
3.62854e+24
3.45637e+24
3.28535e+24
3.12337e+24
2.97831e+24
2.858e+24
2.77011e+24
2.7217e+24
2.71792e+24
2.7582e+24
2.82911e+24
2.89794e+24
2.9206e+24
2.87264e+24
2.79856e+24
2.86196e+24
3.36364e+24
4.67564e+24
7.13081e+24
1.10189e+25
1.64984e+25
2.29852e+25
2.88874e+25
1.15513e+25
6.80002e+24
4.53975e+24
4.22032e+24
4.10735e+24
3.97505e+24
3.82146e+24
3.65349e+24
3.47872e+24
3.30499e+24
3.14022e+24
2.99234e+24
2.86919e+24
2.77846e+24
2.72726e+24
2.72085e+24
2.75901e+24
2.82902e+24
2.89885e+24
2.92421e+24
2.87864e+24
2.8025e+24
2.85384e+24
3.32907e+24
4.60059e+24
7.00383e+24
1.08294e+25
1.62502e+25
2.27267e+25
2.86879e+25
1.13805e+25
6.35332e+24
4.40485e+24
4.12789e+24
4.01855e+24
3.88983e+24
3.74132e+24
3.57975e+24
3.41254e+24
3.24737e+24
3.09203e+24
2.95429e+24
2.84188e+24
2.76227e+24
2.72212e+24
2.72557e+24
2.76984e+24
2.83786e+24
2.89409e+24
2.89686e+24
2.8329e+24
2.76736e+24
2.88932e+24
3.51649e+24
5.01308e+24
7.69709e+24
1.18565e+25
1.75818e+25
2.409e+25
2.972e+25
1.20793e+25
7.41116e+24
4.57592e+24
4.1954e+24
4.08008e+24
3.94639e+24
3.79027e+24
3.61911e+24
3.44082e+24
3.26357e+24
3.0956e+24
2.94518e+24
2.82067e+24
2.73049e+24
2.68314e+24
2.68637e+24
2.74464e+24
2.8517e+24
2.97855e+24
3.0711e+24
3.08094e+24
3.02663e+24
3.06386e+24
3.52581e+24
4.86118e+24
7.47402e+24
1.16732e+25
1.75807e+25
2.44623e+25
3.05068e+25
1.20205e+25
8.02079e+24
4.70405e+24
4.25657e+24
4.1369e+24
4.00095e+24
3.8413e+24
3.66551e+24
3.48166e+24
3.29809e+24
3.12316e+24
2.96525e+24
2.83276e+24
2.73422e+24
2.67827e+24
2.67331e+24
2.72557e+24
2.83327e+24
2.97437e+24
3.09771e+24
3.14465e+24
3.10773e+24
3.10503e+24
3.4362e+24
4.55137e+24
6.88887e+24
1.07732e+25
1.63806e+25
2.32e+25
2.95452e+25
1.20482e+25
8.06302e+24
4.73235e+24
4.28151e+24
4.16048e+24
4.02286e+24
3.86132e+24
3.68346e+24
3.49743e+24
3.31159e+24
3.13435e+24
2.9741e+24
2.83927e+24
2.73836e+24
2.68005e+24
2.67275e+24
2.72289e+24
2.82917e+24
2.97048e+24
3.09628e+24
3.14696e+24
3.11205e+24
3.10515e+24
3.42168e+24
4.51136e+24
6.81691e+24
1.06664e+25
1.6243e+25
2.30578e+25
2.94379e+25
1.21115e+25
8.08438e+24
4.76075e+24
4.30958e+24
4.18698e+24
4.04725e+24
3.88339e+24
3.70308e+24
3.51452e+24
3.32613e+24
3.14636e+24
2.98364e+24
2.84641e+24
2.74319e+24
2.68266e+24
2.67328e+24
2.72168e+24
2.82707e+24
2.96934e+24
3.09869e+24
3.15444e+24
3.12243e+24
3.11034e+24
3.40741e+24
4.46194e+24
6.72142e+24
1.05168e+25
1.6038e+25
2.28329e+25
2.92585e+25
1.2197e+25
7.58256e+24
4.64833e+24
4.25293e+24
4.13382e+24
3.99583e+24
3.83483e+24
3.65839e+24
3.47459e+24
3.29174e+24
3.1182e+24
2.96232e+24
2.8325e+24
2.73723e+24
2.68506e+24
2.68406e+24
2.73949e+24
2.84714e+24
2.98084e+24
3.08704e+24
3.112e+24
3.06276e+24
3.07997e+24
3.48556e+24
4.7327e+24
7.24038e+24
1.13231e+25
1.71274e+25
2.40041e+25
3.01729e+25
1.23108e+25
8.27679e+24
4.73399e+24
4.2643e+24
4.14132e+24
4.00212e+24
3.83874e+24
3.65896e+24
3.47108e+24
3.28358e+24
3.10497e+24
2.94379e+24
2.80865e+24
2.70839e+24
2.65217e+24
2.64937e+24
2.70815e+24
2.83021e+24
2.99771e+24
3.15851e+24
3.24284e+24
3.22851e+24
3.22766e+24
3.55614e+24
4.70805e+24
7.1696e+24
1.12816e+25
1.71889e+25
2.42553e+25
3.06345e+25
1.20744e+25
9.03471e+24
4.91115e+24
4.35256e+24
4.22297e+24
4.08063e+24
3.91258e+24
3.72678e+24
3.53174e+24
3.33613e+24
3.14865e+24
2.97795e+24
2.83269e+24
2.72174e+24
2.65427e+24
2.63982e+24
2.68742e+24
2.80186e+24
2.97267e+24
3.15648e+24
3.28017e+24
3.2975e+24
3.27774e+24
3.48819e+24
4.40438e+24
6.54879e+24
1.02977e+25
1.58498e+25
2.28046e+25
2.95014e+25
1.20622e+25
9.12455e+24
4.93685e+24
4.36779e+24
4.23708e+24
4.09391e+24
3.92481e+24
3.73778e+24
3.54137e+24
3.34428e+24
3.15524e+24
2.98292e+24
2.836e+24
2.72333e+24
2.65413e+24
2.63798e+24
2.68404e+24
2.79749e+24
2.96876e+24
3.15561e+24
3.28462e+24
3.30656e+24
3.28545e+24
3.48269e+24
4.37142e+24
6.47911e+24
1.01874e+25
1.56991e+25
2.26377e+25
2.93677e+25
1.21162e+25
9.16566e+24
4.9748e+24
4.40254e+24
4.27013e+24
4.12477e+24
3.95319e+24
3.76347e+24
3.56422e+24
3.36421e+24
3.17223e+24
2.99697e+24
2.84713e+24
2.73159e+24
2.65952e+24
2.64047e+24
2.68365e+24
2.79447e+24
2.96418e+24
3.15192e+24
3.28454e+24
3.31008e+24
3.2866e+24
3.46759e+24
4.32114e+24
6.37791e+24
1.00253e+25
1.54746e+25
2.2386e+25
2.91624e+25
1.23858e+25
8.43419e+24
4.80673e+24
4.32211e+24
4.19563e+24
4.05258e+24
3.88478e+24
3.70015e+24
3.50713e+24
3.31432e+24
3.13034e+24
2.96379e+24
2.82332e+24
2.71777e+24
2.65631e+24
2.64837e+24
2.70243e+24
2.82137e+24
2.98993e+24
3.15861e+24
3.25555e+24
3.24963e+24
3.23854e+24
3.52339e+24
4.59529e+24
6.95397e+24
1.0951e+25
1.67523e+25
2.38002e+25
3.02939e+25
1.241e+25
8.63289e+24
4.80505e+24
4.29782e+24
4.17115e+24
4.02932e+24
3.86273e+24
3.67931e+24
3.48747e+24
3.29578e+24
3.11283e+24
2.94718e+24
2.80746e+24
2.70249e+24
2.64153e+24
2.63418e+24
2.68948e+24
2.81174e+24
2.98838e+24
3.17204e+24
3.28771e+24
3.29516e+24
3.28066e+24
3.5373e+24
4.56111e+24
6.87083e+24
1.08309e+25
1.66154e+25
2.36957e+25
3.02735e+25
1.20524e+25
9.59209e+24
5.03297e+24
4.40914e+24
4.2737e+24
4.12803e+24
3.95571e+24
3.76487e+24
3.56416e+24
3.36241e+24
3.16841e+24
2.99086e+24
2.83844e+24
2.72001e+24
2.64478e+24
2.62252e+24
2.66302e+24
2.7735e+24
2.94944e+24
3.15571e+24
3.31843e+24
3.37198e+24
3.35126e+24
3.48522e+24
4.23373e+24
6.15334e+24
9.66189e+24
1.49873e+25
2.18656e+25
2.87842e+25
1.20179e+25
9.68153e+24
5.05891e+24
4.4239e+24
4.28736e+24
4.14102e+24
3.9678e+24
3.77586e+24
3.57389e+24
3.37074e+24
3.1752e+24
2.99601e+24
2.84184e+24
2.72152e+24
2.64431e+24
2.61995e+24
2.65836e+24
2.76706e+24
2.94235e+24
3.15044e+24
3.31784e+24
3.37663e+24
3.35703e+24
3.48222e+24
4.20866e+24
6.09674e+24
9.57136e+24
1.48647e+25
2.17283e+25
2.86709e+25
1.19933e+25
9.7771e+24
5.0922e+24
4.44523e+24
4.3073e+24
4.15993e+24
3.98542e+24
3.79197e+24
3.58831e+24
3.38332e+24
3.18585e+24
3.00463e+24
2.84837e+24
2.7259e+24
2.64644e+24
2.61976e+24
2.65581e+24
2.76236e+24
2.93645e+24
3.1457e+24
3.3173e+24
3.38114e+24
3.3621e+24
3.47611e+24
4.17423e+24
6.01961e+24
9.44419e+24
1.46859e+25
2.15211e+25
2.84948e+25
1.19061e+25
9.93824e+24
5.12835e+24
4.45956e+24
4.32032e+24
4.17284e+24
3.99794e+24
3.80384e+24
3.5993e+24
3.39324e+24
3.19454e+24
3.01196e+24
2.85422e+24
2.73016e+24
2.649e+24
2.62051e+24
2.65465e+24
2.75939e+24
2.93243e+24
3.14284e+24
3.31872e+24
3.38783e+24
3.36932e+24
3.47064e+24
4.13578e+24
5.9296e+24
9.2909e+24
1.44636e+25
2.12558e+25
2.82627e+25
1.22374e+25
9.2663e+24
4.98869e+24
4.40768e+24
4.27405e+24
4.12759e+24
3.95483e+24
3.76389e+24
3.56339e+24
3.36213e+24
3.16886e+24
2.99227e+24
2.84102e+24
2.72396e+24
2.65029e+24
2.62968e+24
2.67169e+24
2.78272e+24
2.95605e+24
3.15292e+24
3.29847e+24
3.33392e+24
3.30888e+24
3.4715e+24
4.29391e+24
6.32229e+24
9.95795e+24
1.54202e+25
2.23795e+25
2.92254e+25
1.23355e+25
8.81108e+24
4.90422e+24
4.37595e+24
4.24583e+24
4.10062e+24
3.93e+24
3.74198e+24
3.54504e+24
3.34782e+24
3.15893e+24
2.9869e+24
2.84026e+24
2.72763e+24
2.65796e+24
2.64047e+24
2.68388e+24
2.79282e+24
2.95718e+24
3.13499e+24
3.25457e+24
3.26831e+24
3.23831e+24
3.41704e+24
4.2615e+24
6.28427e+24
9.86446e+24
1.52244e+25
2.20555e+25
2.88051e+25
1.19919e+25
9.6625e+24
5.10806e+24
4.47293e+24
4.33511e+24
4.18685e+24
4.01151e+24
3.81723e+24
3.61271e+24
3.40682e+24
3.20834e+24
3.02594e+24
2.8682e+24
2.7438e+24
2.66168e+24
2.63121e+24
2.66178e+24
2.76036e+24
2.92328e+24
3.11887e+24
3.27796e+24
3.33378e+24
3.30677e+24
3.39454e+24
4.01678e+24
5.71035e+24
8.90204e+24
1.38472e+25
2.04278e+25
2.73872e+25
1.18146e+25
9.87006e+24
5.1438e+24
4.479e+24
4.34012e+24
4.19281e+24
4.01811e+24
3.82416e+24
3.61965e+24
3.41345e+24
3.21436e+24
3.03105e+24
2.87212e+24
2.74622e+24
2.6623e+24
2.62974e+24
2.65797e+24
2.75422e+24
2.9155e+24
3.11142e+24
3.27349e+24
3.33328e+24
3.30704e+24
3.38647e+24
3.98642e+24
5.64515e+24
8.79591e+24
1.36999e+25
2.02564e+25
2.72372e+25
1.17062e+25
1.00306e+25
5.17371e+24
4.48594e+24
4.34595e+24
4.199e+24
4.02442e+24
3.83036e+24
3.62554e+24
3.41883e+24
3.21905e+24
3.0349e+24
2.87498e+24
2.74795e+24
2.66277e+24
2.62883e+24
2.65564e+24
2.75063e+24
2.91148e+24
3.10909e+24
3.27573e+24
3.3411e+24
3.31639e+24
3.38586e+24
3.95787e+24
5.57182e+24
8.66729e+24
1.35091e+25
2.00188e+25
2.70165e+25
1.20454e+25
9.36029e+24
5.04734e+24
4.45062e+24
4.31607e+24
4.16943e+24
3.99615e+24
3.80428e+24
3.6024e+24
3.39924e+24
3.20351e+24
3.02382e+24
2.86869e+24
2.74675e+24
2.66691e+24
2.63844e+24
2.67041e+24
2.76885e+24
2.92748e+24
3.11038e+24
3.24725e+24
3.27952e+24
3.24517e+24
3.36445e+24
4.07195e+24
5.89282e+24
9.23354e+24
1.43442e+25
2.10431e+25
2.79462e+25
1.22101e+25
8.34491e+24
4.85805e+24
4.37925e+24
4.25275e+24
4.10946e+24
3.9416e+24
3.75693e+24
3.5637e+24
3.37035e+24
3.1853e+24
3.01685e+24
2.87322e+24
2.7626e+24
2.69327e+24
2.67332e+24
2.70949e+24
2.80281e+24
2.93833e+24
3.07287e+24
3.14481e+24
3.12272e+24
3.07594e+24
3.23907e+24
4.01725e+24
5.85852e+24
9.10887e+24
1.4016e+25
2.04293e+25
2.70707e+25
1.19235e+25
9.12116e+24
5.05842e+24
4.48433e+24
4.35098e+24
4.20443e+24
4.03155e+24
3.84023e+24
3.63894e+24
3.43629e+24
3.24087e+24
3.06108e+24
2.90524e+24
2.78157e+24
2.69842e+24
2.66419e+24
2.68659e+24
2.76969e+24
2.90529e+24
3.05876e+24
3.16776e+24
3.18179e+24
3.13239e+24
3.20613e+24
3.77679e+24
5.3135e+24
8.20147e+24
1.27097e+25
1.884e+25
2.5608e+25
1.175e+25
9.33715e+24
5.08546e+24
4.48018e+24
4.34625e+24
4.20124e+24
4.02965e+24
3.83935e+24
3.63878e+24
3.43659e+24
3.24134e+24
3.06147e+24
2.90529e+24
2.78106e+24
2.69715e+24
2.662e+24
2.68344e+24
2.76581e+24
2.90156e+24
3.05694e+24
3.16974e+24
3.18765e+24
3.13843e+24
3.20365e+24
3.7534e+24
5.25841e+24
8.10832e+24
1.25743e+25
1.86718e+25
2.54485e+25
1.16191e+25
9.51706e+24
5.12385e+24
4.49285e+24
4.35788e+24
4.2134e+24
4.04202e+24
3.85161e+24
3.65062e+24
3.4477e+24
3.25146e+24
3.07036e+24
2.91271e+24
2.78679e+24
2.70095e+24
2.66362e+24
2.68267e+24
2.76263e+24
2.89662e+24
3.05203e+24
3.16726e+24
3.18846e+24
3.13915e+24
3.19446e+24
3.71848e+24
5.18177e+24
7.97846e+24
1.23839e+25
1.84335e+25
2.52194e+25
1.19208e+25
8.8206e+24
5.00353e+24
4.46616e+24
4.33624e+24
4.19183e+24
4.02153e+24
3.83309e+24
3.63484e+24
3.43527e+24
3.24287e+24
3.06599e+24
2.91289e+24
2.79176e+24
2.71086e+24
2.67831e+24
2.70115e+24
2.78161e+24
2.9077e+24
3.04031e+24
3.11834e+24
3.10266e+24
3.0452e+24
3.15632e+24
3.82242e+24
5.49576e+24
8.53871e+24
1.3222e+25
1.94992e+25
2.62463e+25
1.18371e+25
7.29899e+24
4.64285e+24
4.27152e+24
4.1552e+24
4.02084e+24
3.86461e+24
3.69352e+24
3.51513e+24
3.33725e+24
3.16767e+24
3.01407e+24
2.884e+24
2.78482e+24
2.72359e+24
2.70639e+24
2.73604e+24
2.80664e+24
2.89499e+24
2.95873e+24
2.9556e+24
2.88503e+24
2.83975e+24
3.04484e+24
3.8417e+24
5.58264e+24
8.55712e+24
1.30147e+25
1.88904e+25
2.51592e+25
1.17421e+25
8.14457e+24
4.91923e+24
4.45485e+24
4.33027e+24
4.18933e+24
4.024e+24
3.84154e+24
3.64985e+24
3.45704e+24
3.2712e+24
3.10027e+24
2.95199e+24
2.83386e+24
2.75316e+24
2.71648e+24
2.72827e+24
2.78673e+24
2.87563e+24
2.95752e+24
2.98436e+24
2.93331e+24
2.85858e+24
2.9403e+24
3.49505e+24
4.89367e+24
7.44832e+24
1.14252e+25
1.69313e+25
2.32812e+25
1.16725e+25
8.26989e+24
4.93083e+24
4.44899e+24
4.32435e+24
4.18436e+24
4.0198e+24
3.83794e+24
3.64666e+24
3.45409e+24
3.26832e+24
3.0973e+24
2.94876e+24
2.83025e+24
2.74908e+24
2.71196e+24
2.72355e+24
2.78249e+24
2.87321e+24
2.95866e+24
2.99019e+24
2.94302e+24
2.86839e+24
2.94326e+24
3.48287e+24
4.86078e+24
7.39274e+24
1.13449e+25
1.68287e+25
2.31772e+25
1.16546e+25
8.34499e+24
4.96021e+24
4.46983e+24
4.34415e+24
4.20324e+24
4.0375e+24
3.85423e+24
3.66135e+24
3.46701e+24
3.27934e+24
3.10629e+24
2.95563e+24
2.83493e+24
2.75151e+24
2.71213e+24
2.72164e+24
2.77904e+24
2.86946e+24
2.95647e+24
2.99109e+24
2.94664e+24
2.87087e+24
2.9365e+24
3.45589e+24
4.8041e+24
7.30015e+24
1.12115e+25
1.66603e+25
2.30084e+25
1.15504e+25
8.53416e+24
4.99582e+24
4.47917e+24
4.35292e+24
4.21292e+24
4.04776e+24
3.86473e+24
3.67177e+24
3.47704e+24
3.28869e+24
3.11472e+24
2.96292e+24
2.84087e+24
2.75591e+24
2.71485e+24
2.72263e+24
2.77858e+24
2.86846e+24
2.95657e+24
2.99375e+24
2.9515e+24
2.87369e+24
2.92775e+24
3.42176e+24
4.73105e+24
7.17704e+24
1.1028e+25
1.64211e+25
2.27619e+25
1.17006e+25
8.04517e+24
4.90255e+24
4.44898e+24
4.32583e+24
4.18627e+24
4.02248e+24
3.84163e+24
3.65152e+24
3.4602e+24
3.2757e+24
3.10592e+24
2.95856e+24
2.8411e+24
2.76071e+24
2.72382e+24
2.73442e+24
2.78974e+24
2.87208e+24
2.94322e+24
2.95687e+24
2.89498e+24
2.81883e+24
2.91559e+24
3.50378e+24
4.94676e+24
7.54956e+24
1.15814e+25
1.71401e+25
2.3498e+25
1.08042e+25
6.26409e+24
4.50164e+24
4.22772e+24
4.11657e+24
3.9894e+24
3.8437e+24
3.6851e+24
3.52021e+24
3.35592e+24
3.19917e+24
3.05675e+24
2.9351e+24
2.84012e+24
2.77653e+24
2.74643e+24
2.74637e+24
2.76309e+24
2.7717e+24
2.74254e+24
2.66016e+24
2.55262e+24
2.52193e+24
2.75996e+24
3.52152e+24
5.05646e+24
7.59696e+24
1.13947e+25
1.6507e+25
2.22493e+25
1.11275e+25
6.85872e+24
4.71447e+24
4.38417e+24
4.26776e+24
4.13496e+24
3.98146e+24
3.81318e+24
3.637e+24
3.46013e+24
3.2898e+24
3.13308e+24
2.99671e+24
2.88696e+24
2.80911e+24
2.76651e+24
2.75802e+24
2.77393e+24
2.79231e+24
2.78221e+24
2.71891e+24
2.61129e+24
2.53434e+24
2.65363e+24
3.21591e+24
4.48458e+24
6.69321e+24
1.00877e+25
1.48384e+25
2.0535e+25
1.11399e+25
6.94561e+24
4.72951e+24
4.38852e+24
4.27212e+24
4.13967e+24
3.98627e+24
3.81786e+24
3.64133e+24
3.4639e+24
3.29282e+24
3.13517e+24
2.99773e+24
2.88679e+24
2.80775e+24
2.76408e+24
2.75496e+24
2.77108e+24
2.79087e+24
2.78328e+24
2.72277e+24
2.61653e+24
2.53738e+24
2.6488e+24
3.197e+24
4.4473e+24
6.63521e+24
1.00068e+25
1.47369e+25
2.04299e+25
1.11606e+25
7.03555e+24
4.74498e+24
4.39272e+24
4.27628e+24
4.14419e+24
3.99098e+24
3.82259e+24
3.64593e+24
3.46823e+24
3.29675e+24
3.13862e+24
3.00063e+24
2.88911e+24
2.80952e+24
2.76545e+24
2.75632e+24
2.7732e+24
2.79486e+24
2.79019e+24
2.73275e+24
2.62776e+24
2.54511e+24
2.64522e+24
3.17298e+24
4.39518e+24
6.54785e+24
9.87472e+24
1.45581e+25
2.02329e+25
1.09516e+25
6.6497e+24
4.65296e+24
4.34204e+24
4.22758e+24
4.09706e+24
3.9464e+24
3.78127e+24
3.60833e+24
3.43459e+24
3.26712e+24
3.11283e+24
2.97838e+24
2.86995e+24
2.79275e+24
2.74989e+24
2.73974e+24
2.75172e+24
2.76321e+24
2.74388e+24
2.67185e+24
2.56151e+24
2.49497e+24
2.64381e+24
3.25503e+24
4.58675e+24
6.87305e+24
1.03654e+25
1.52118e+25
2.09339e+25
7.9227e+24
5.26896e+24
4.43664e+24
4.22948e+24
4.10832e+24
3.98229e+24
3.84468e+24
3.69811e+24
3.54734e+24
3.39777e+24
3.25489e+24
3.12387e+24
3.00903e+24
2.91325e+24
2.83683e+24
2.77596e+24
2.72146e+24
2.6589e+24
2.57246e+24
2.45385e+24
2.31614e+24
2.20976e+24
2.23528e+24
2.54136e+24
3.29543e+24
4.65563e+24
6.79802e+24
9.95035e+24
1.42271e+25
1.92196e+25
8.69875e+24
5.62636e+24
4.59426e+24
4.3626e+24
4.23876e+24
4.10813e+24
3.96364e+24
3.80823e+24
3.64694e+24
3.48547e+24
3.32963e+24
3.18501e+24
3.05655e+24
2.94798e+24
2.86095e+24
2.7935e+24
2.73842e+24
2.68252e+24
2.60883e+24
2.50377e+24
2.3699e+24
2.24226e+24
2.20385e+24
2.39116e+24
2.97405e+24
4.11908e+24
5.99371e+24
8.81299e+24
1.27648e+25
1.76424e+25
8.8076e+24
5.66902e+24
4.60284e+24
4.36712e+24
4.24342e+24
4.11286e+24
3.96825e+24
3.81259e+24
3.65094e+24
3.48904e+24
3.33276e+24
3.1877e+24
3.05887e+24
2.9501e+24
2.8631e+24
2.7961e+24
2.74204e+24
2.68778e+24
2.61621e+24
2.51326e+24
2.38062e+24
2.25219e+24
2.20982e+24
2.38943e+24
2.96159e+24
4.09412e+24
5.95424e+24
8.75546e+24
1.26882e+25
1.7557e+25
8.88243e+24
5.724e+24
4.6318e+24
4.39188e+24
4.2676e+24
4.13631e+24
3.99065e+24
3.83363e+24
3.67033e+24
3.5065e+24
3.34803e+24
3.20057e+24
3.06916e+24
2.95769e+24
2.86805e+24
2.79863e+24
2.74268e+24
2.68736e+24
2.61567e+24
2.51321e+24
2.38073e+24
2.25049e+24
2.20221e+24
2.36979e+24
2.9231e+24
4.03046e+24
5.85881e+24
8.62117e+24
1.25152e+25
1.73668e+25
8.20991e+24
5.49976e+24
4.59064e+24
4.36828e+24
4.24276e+24
4.11171e+24
3.9676e+24
3.81297e+24
3.65257e+24
3.49188e+24
3.33649e+24
3.19174e+24
3.06226e+24
2.95135e+24
2.86007e+24
2.78577e+24
2.72065e+24
2.65159e+24
2.56294e+24
2.4441e+24
2.30232e+24
2.17831e+24
2.16031e+24
2.38645e+24
3.02144e+24
4.22463e+24
6.16638e+24
9.07453e+24
1.31286e+25
1.80634e+25
4.61771e+24
4.34187e+24
4.15038e+24
4.0109e+24
3.88875e+24
3.76783e+24
3.64347e+24
3.51597e+24
3.38764e+24
3.26145e+24
3.14028e+24
3.02633e+24
2.92046e+24
2.82155e+24
2.72601e+24
2.62774e+24
2.51923e+24
2.3944e+24
2.25325e+24
2.10838e+24
1.99232e+24
1.96396e+24
2.10915e+24
2.52932e+24
3.32527e+24
4.60207e+24
6.50094e+24
9.19994e+24
1.27737e+25
1.69399e+25
5.16438e+24
4.71505e+24
4.44771e+24
4.28052e+24
4.14422e+24
4.0108e+24
3.87267e+24
3.72949e+24
3.58358e+24
3.43822e+24
3.29677e+24
3.1621e+24
3.03601e+24
2.91858e+24
2.80758e+24
2.69818e+24
2.58336e+24
2.45583e+24
2.31179e+24
2.15674e+24
2.0127e+24
1.92569e+24
1.97012e+24
2.24296e+24
2.84671e+24
3.88173e+24
5.47175e+24
7.79455e+24
1.10131e+25
1.50307e+25
5.20351e+24
4.72964e+24
4.45304e+24
4.28348e+24
4.14664e+24
4.01302e+24
3.87471e+24
3.73135e+24
3.58528e+24
3.4398e+24
3.29833e+24
3.1638e+24
3.03806e+24
2.92125e+24
2.81121e+24
2.7031e+24
2.58984e+24
2.46396e+24
2.32134e+24
2.16704e+24
2.0226e+24
1.9336e+24
1.97427e+24
2.24204e+24
2.84035e+24
3.87017e+24
5.45458e+24
7.76999e+24
1.09799e+25
1.49922e+25
5.23889e+24
4.74702e+24
4.46365e+24
4.29232e+24
4.15494e+24
4.02092e+24
3.88217e+24
3.73828e+24
3.59161e+24
3.4455e+24
3.3034e+24
3.16828e+24
3.04205e+24
2.92493e+24
2.81482e+24
2.70693e+24
2.5942e+24
2.46903e+24
2.32707e+24
2.17297e+24
2.02768e+24
1.93612e+24
1.97194e+24
2.23248e+24
2.82159e+24
3.84049e+24
5.4114e+24
7.70961e+24
1.0901e+25
1.49019e+25
5.30469e+24
4.79088e+24
4.49822e+24
4.32387e+24
4.18509e+24
4.04982e+24
3.90967e+24
3.76417e+24
3.6157e+24
3.46761e+24
3.3234e+24
3.1861e+24
3.05769e+24
2.93848e+24
2.82648e+24
2.71702e+24
2.6031e+24
2.47712e+24
2.33446e+24
2.17925e+24
2.03157e+24
1.93517e+24
1.96249e+24
2.21014e+24
2.78193e+24
3.7787e+24
5.32088e+24
7.58229e+24
1.07346e+25
1.47117e+25
5.02817e+24
4.65044e+24
4.41042e+24
4.25064e+24
4.11657e+24
3.98466e+24
3.84819e+24
3.70698e+24
3.56328e+24
3.42025e+24
3.28111e+24
3.14852e+24
3.02404e+24
2.90747e+24
2.79629e+24
2.68547e+24
2.56806e+24
2.43728e+24
2.29039e+24
2.1346e+24
1.99414e+24
1.91752e+24
1.981e+24
2.28156e+24
2.91972e+24
3.99503e+24
5.63423e+24
8.01818e+24
1.12997e+25
1.53514e+25
4.10763e+24
4.05867e+24
3.98495e+24
3.89625e+24
3.79629e+24
3.6871e+24
3.57052e+24
3.44863e+24
3.32364e+24
3.19762e+24
3.07216e+24
2.94799e+24
2.82474e+24
2.70073e+24
2.57313e+24
2.4387e+24
2.29521e+24
2.14384e+24
1.99242e+24
1.85944e+24
1.7782e+24
1.7991e+24
1.98662e+24
2.41037e+24
3.13992e+24
4.25749e+24
5.88283e+24
8.1677e+24
1.11929e+25
1.47891e+25
4.37704e+24
4.30925e+24
4.21816e+24
4.11556e+24
4.00388e+24
3.88371e+24
3.75604e+24
3.62258e+24
3.48554e+24
3.34717e+24
3.20941e+24
3.07351e+24
2.93964e+24
2.80668e+24
2.67217e+24
2.53279e+24
2.38544e+24
2.22931e+24
2.06878e+24
1.91731e+24
1.80177e+24
1.76609e+24
1.87078e+24
2.18556e+24
2.78008e+24
3.72844e+24
5.13367e+24
7.14434e+24
9.89539e+24
1.33364e+25
4.39165e+24
4.32121e+24
4.22802e+24
4.12405e+24
4.01147e+24
3.89064e+24
3.7624e+24
3.62845e+24
3.49097e+24
3.35223e+24
3.21421e+24
3.07818e+24
2.94438e+24
2.81169e+24
2.67767e+24
2.53893e+24
2.39229e+24
2.23672e+24
2.07635e+24
1.92429e+24
1.80708e+24
1.76832e+24
1.86852e+24
2.17777e+24
2.76625e+24
3.70815e+24
5.10578e+24
7.10698e+24
9.84802e+24
1.32829e+25
4.39838e+24
4.32476e+24
4.22885e+24
4.12322e+24
4.00989e+24
3.88889e+24
3.76085e+24
3.62729e+24
3.4903e+24
3.35212e+24
3.21469e+24
3.07929e+24
2.94615e+24
2.81416e+24
2.68087e+24
2.54288e+24
2.39695e+24
2.24194e+24
2.08182e+24
1.92946e+24
1.81106e+24
1.76989e+24
1.86621e+24
2.17009e+24
2.75178e+24
3.68517e+24
5.07152e+24
7.05768e+24
9.78155e+24
1.32033e+25
4.27383e+24
4.21295e+24
4.12834e+24
4.03095e+24
3.92365e+24
3.80756e+24
3.68404e+24
3.55504e+24
3.42282e+24
3.28965e+24
3.15742e+24
3.02726e+24
2.89921e+24
2.77196e+24
2.64286e+24
2.50845e+24
2.36564e+24
2.21387e+24
2.05818e+24
1.91321e+24
1.80755e+24
1.78719e+24
1.91444e+24
2.26003e+24
2.8944e+24
3.89399e+24
5.36602e+24
7.45952e+24
1.02942e+25
1.37852e+25
0
0
0
0
0
0
0
0
0
0
0
0
0
0
0
0
0
0
0
0
0
0
0
0
0
0
0
0
0
0
0
0
0
0
0
0
0
0
0
0
0
0
0
0
0
0
0
0
0
0
0
0
0
0
0
0
0
0
0
0
0
0
0
0
0
0
0
0
0
0
0
0
0
0
0
0
0
0
0
0
0
0
0
0
0
0
0
0
0
0
0
0
0
0
0
0
0
0
0
0
0
0
0
0
0
0
0
0
0
0
0
0
0
0
0
0
0
0
0
0
0
0
0
0
0
0
0
0
0
0
0
0
0
0
0
0
0
0
0
0
0
0
0
0
0
0
0
0
0
0
0
0
0
0
0
0
0
0
0
0
0
0
0
0
0
0
0
0
0
0
0
0
0
0
0
0
0
0
0
0
0
0
0
0
0
0
0
0
0
0
0
0
0
0
0
0
0
0
0
0
0
0
0
0
0
0
0
0
0
0
0
0
0
0
0
0
0
0
0
0
0
0
0
0
0
0
0
0
0
0
0
0
0
0
0
0
0
0
0
0
0
0
0
0
0
0
0
0
0
0
0
0
0
0
0
0
0
0
0
0
0
0
0
0
0
0
0
0
0
0
0
0
0
0
0
0
0
0
0
0
0
0
0
0
0
0
0
0
0
0
0
0
0
0
0
0
0
0
0
0
0
0
0
0
0
0
0
0
0
0
0
0
0
0
0
0
0
0
0
0
0
0
0
0
0
0
0
0
0
0
0
0
0
0
0
0
0
0
0
0
0
0
0
0
0
0
0
0
0
0
0
0
0
0
0
0
0
0
0
0
0
0
0
0
0
0
0
0
0
0
0
0
0
0
0
0
0
0
0
0
0
0
0
0
0
0
0
0
0
0
0
0
0
0
0
0
0
0
0
0
0
0
0
0
0
0
0
0
0
0
0
0
0
0
0
0
0
0
0
0
0
0
0
0
0
0
0
0
0
0
0
0
0
0
0
0
0
0
0
0
0
0
0
0
0
0
0
0
0
0
0
0
0
0
0
0
0
0
0
0
0
0
0
0
0
0
0
0
0
0
0
0
0
0
0
0
0
0
0
0
0
0
0
0
0
0
0
0
0
0
0
0
0
0
0
0
0
0
0
0
0
0
0
0
0
0
0
0
0
0
0
0
0
0
0
0
0
0
0
0
0
0
0
0
0
0
0
0
0
0
0
0
0
0
0
0
0
0
0
0
0
0
0
0
0
0
0
0
0
0
0
0
0
0
0
0
0
0
0
0
0
0
0
0
0
0
0
0
0
0
0
0
0
0
0
0
0
0
0
0
0
0
0
0
0
0
0
0
0
0
0
0
0
0
0
0
0
0
0
0
0
0
0
0
0
0
0
0
0
0
0
0
0
0
0
0
0
0
0
0
0
0
0
0
0
0
0
0
0
0
0
0
0
0
0
0
0
0
0
0
0
0
0
0
0
0
0
0
0
0
0
0
0
0
0
0
0
0
0
0
0
0
0
0
0
0
0
0
0
0
0
0
0
0
0
0
0
0
0
0
0
0
0
0
0
0
0
0
0
0
0
0
0
0
0
0
0
0
0
0
0
0
0
0
0
0
0
0
0
0
0
0
0
0
0
0
0
0
0
0
0
0
0
0
0
0
0
0
0
0
0
0
0
0
0
0
0
0
0
0
0
0
0
0
0
0
0
0
0
0
0
0
0
0
0
0
0
0
0
0
0
0
0
0
0
0
0
0
0
0
0
0
0
0
0
0
0
0
0
0
0
0
0
0
0
0
0
0
0
0
0
0
0
0
0
0
0
0
0
0
0
0
0
0
0
0
0
0
0
0
0
0
0
0
0
0
0
0
0
0
0
0
0
0
0
0
0
0
0
0
0
0
0
0
0
0
0
0
0
0
0
0
0
0
0
0
0
0
0
0
0
0
0
0
0
0
0
0
0
0
0
0
0
0
0
0
0
0
0
0
0
0
0
0
0
0
0
0
0
0
0
0
0
0
0
0
0
0
0
0
0
0
0
0
0
0
0
0
0
0
0
0
0
0
0
0
0
0
0
0
0
0
0
0
0
0
0
0
0
0
0
0
0
0
0
0
0
0
0
0
0
0
0
0
0
0
0
0
0
0
0
0
0
0
0
0
0
0
0
0
0
0
0
0
0
0
0
0
0
0
0
0
0
0
0
0
0
0
0
0
0
0
0
0
0
0
0
0
0
0
0
0
0
0
0
0
0
0
0
0
0
0
0
0
0
0
0
0
0
0
0
0
0
0
0
0
0
0
0
0
0
0
0
0
0
0
0
0
0
0
0
0
0
0
0
0
0
0
0
0
0
0
0
0
0
0
0
0
0
0
0
0
0
0
0
0
0
0
0
0
0
0
0
0
0
0
0
0
0
0
0
0
0
0
0
0
0
0
0
0
0
0
0
0
0
0
0
0
0
0
0
0
0
0
0
0
0
0
0
0
0
0
0
0
0
0
0
0
0
0
0
0
0
0
0
0
0
0
0
0
0
0
0
0
0
0
0
0
0
0
0
0
0
0
0
0
0
0
0
0
0
0
0
0
0
0
0
0
0
0
0
0
0
0
0
0
0
0
0
0
0
0
0
0
0
0
0
0
0
0
0
0
0
0
0
0
0
0
0
0
0
0
0
0
0
0
0
0
0
0
0
0
0
0
0
0
0
0
0
0
0
0
0
0
0
0
0
0
0
0
0
0
0
0
0
0
0
0
0
0
0
0
0
0
0
0
0
0
0
0
0
0
0
0
0
0
0
0
0
0
0
0
0
0
0
0
0
0
0
0
0
0
0
0
0
0
0
0
0
0
0
0
0
0
0
0
0
0
0
0
0
0
0
0
0
0
0
0
0
0
0
0
0
0
0
0
0
0
0
0
0
0
0
0
0
0
0
0
0
0
0
0
0
0
0
0
0
0
0
0
0
0
0
0
0
0
0
0
0
0
0
0
0
0
0
0
0
0
0
0
0
0
0
0
0
0
0
0
0
0
0
0
0
0
0
0
0
0
0
0
0
0
0
0
0
0
0
0
0
0
0
0
0
0
0
0
0
0
0
0
0
0
0
0
0
0
0
0
0
0
0
0
0
0
0
0
0
0
0
0
0
0
0
0
0
0
0
0
0
0
0
0
0
0
0
0
0
0
0
0
0
0
0
0
0
0
0
0
0
0
0
0
0
0
0
0
0
0
0
0
)
;

boundaryField
{
    fuelBottom
    {
        type            empty;
    }
    fuelTop_1
    {
        type            empty;
    }
    fuelOuter
    {
        type            zeroGradient;
    }
    fuelTop
    {
        type            empty;
    }
    fuelInner
    {
        type            zeroGradient;
    }
    cladBottom
    {
        type            empty;
    }
    cladInner
    {
        type            zeroGradient;
    }
    cladOuter
    {
        type            zeroGradient;
    }
    cladTop
    {
        type            empty;
    }
    front
    {
        type            wedge;
    }
    back
    {
        type            wedge;
    }
}


// ************************************************************************* //
