/*--------------------------------*- C++ -*----------------------------------*\
| =========                 |                                                 |
| \\      /  F ield         | OpenFOAM: The Open Source CFD Toolbox           |
|  \\    /   O peration     | Version:  2412                                  |
|   \\  /    A nd           | Website:  www.openfoam.com                      |
|    \\/     M anipulation  |                                                 |
\*---------------------------------------------------------------------------*/
FoamFile
{
    version     2.0;
    format      ascii;
    arch        "LSB;label=32;scalar=64";
    class       volScalarField;
    location    "25888284.641197/fuelBehaviourRegion";
    object      SCIANTIX::Effective_burn_up;
}
// * * * * * * * * * * * * * * * * * * * * * * * * * * * * * * * * * * * * * //

dimensions      [0 0 0 0 0 0 0];

internalField   nonuniform List<scalar> 
4720
(
0.679802
0.679802
0.679802
0.679802
0.679802
0.679802
0.679802
0.679802
0.679802
0.679802
0.679802
0.679802
0.679802
0.679802
0.679802
0.679802
0.679802
0.679802
0.679802
0.679802
0.679802
0.679802
0.679802
0.679802
0.679802
0.679802
0.679802
0.679802
0.679802
0.679802
0.679802
0.679802
0.679802
0.679802
0.679802
0.679802
0.679802
0.679802
0.679802
0.679802
0.679802
0.679802
0.679802
0.679802
0.679802
0.679802
0.679802
0.679802
0.679802
0.679802
0.679802
0.679802
0.679802
0.679802
0.679802
0.679802
0.679802
0.679802
0.679802
0.679802
0.679802
0.679802
0.679802
0.679802
0.679802
0.679802
0.679802
0.679802
0.679802
0.679802
0.679802
0.679802
0.679802
0.679802
0.679802
0.679802
0.679802
0.679802
0.679802
0.679802
0.679802
0.679802
0.679802
0.679802
0.679802
0.679802
0.679802
0.679802
0.679802
0.679802
0.679802
0.679802
0.679802
0.679802
0.679802
0.679802
0.679802
0.679802
0.679802
0.679802
0.679802
0.679802
0.679802
0.679802
0.679802
0.679802
0.679802
0.679802
0.679802
0.679802
0.679802
0.679802
0.679802
0.679802
0.679802
0.679802
0.679802
0.679802
0.679802
0.679802
0.679802
0.679802
0.679802
0.679802
0.679802
0.679802
0.679802
0.679802
0.679802
0.679802
0.679802
0.679802
0.679802
0.679802
0.679802
0.679802
0.679802
0.679802
0.679802
0.679802
0.679802
0.679802
0.679802
0.679802
0.679802
0.679802
0.679802
0.679802
0.679802
0.679802
0.679802
0.679802
0.679802
0.679802
0.679802
0.679802
0.679802
0.679802
0.679802
0.679802
0.679802
0.679802
0.679802
0.679802
0.679802
0.679802
0.679802
0.679802
0.679802
0.679802
0.679802
0.679802
0.679802
0.679802
0.679802
0.679802
0.679802
0.679802
0.679802
0.679802
0.771117
0.771117
0.771117
0.771117
0.771117
0.771117
0.771117
0.771117
0.771117
0.771117
0.771117
0.771117
0.771117
0.771117
0.771117
0.771117
0.771117
0.771117
0.771117
0.771117
0.771117
0.771117
0.771117
0.771117
0.771117
0.771117
0.771117
0.771117
0.771117
0.771117
0.771117
0.771117
0.771117
0.771117
0.771117
0.771117
0.771117
0.771117
0.771117
0.771117
0.771117
0.771117
0.771117
0.771117
0.771117
0.771117
0.771117
0.771117
0.771117
0.771117
0.771117
0.771117
0.771117
0.771117
0.771117
0.771117
0.771117
0.771117
0.771117
0.771117
0.771117
0.771117
0.771117
0.771117
0.771117
0.771117
0.771117
0.771117
0.771117
0.771117
0.771117
0.771117
0.771117
0.771117
0.771117
0.771117
0.771117
0.771117
0.771117
0.771117
0.771117
0.771117
0.771117
0.771117
0.771117
0.771117
0.771117
0.771117
0.771117
0.771117
0.771117
0.771117
0.771117
0.771117
0.771117
0.771117
0.771117
0.771117
0.771117
0.771117
0.771117
0.771117
0.771117
0.771117
0.771117
0.771117
0.771117
0.771117
0.771117
0.771117
0.771117
0.771117
0.771117
0.771117
0.771117
0.771117
0.771117
0.771117
0.771117
0.771117
0.771117
0.771117
0.771117
0.771117
0.771117
0.771117
0.771117
0.771117
0.771117
0.771117
0.771117
0.771117
0.771117
0.771117
0.771117
0.771117
0.771117
0.771117
0.771117
0.771117
0.771117
0.771117
0.771117
0.771117
0.771117
0.771117
0.771117
0.771117
0.771117
0.771117
0.771117
0.771117
0.771117
0.771117
0.771117
0.771117
0.771117
0.771117
0.771117
0.771117
0.771117
0.771117
0.771117
0.771117
0.771117
0.771117
0.771117
0.771117
0.771117
0.771117
0.771117
0.771117
0.771117
0.771117
0.771117
0.771117
0.771117
0.771117
0.771117
0.771117
0.979314
0.979314
0.979314
0.979314
0.979314
0.979314
0.979314
0.979314
0.979314
0.979314
0.979314
0.979314
0.979314
0.979314
0.979314
0.979314
0.979314
0.979314
0.979314
0.979314
0.979314
0.979314
0.979314
0.979314
0.979314
0.979314
0.979314
0.979314
0.979314
0.979314
0.979314
0.979314
0.979314
0.979314
0.979314
0.979314
0.979314
0.979314
0.979314
0.979314
0.979314
0.979314
0.979314
0.979314
0.979314
0.979314
0.979314
0.979314
0.979314
0.979314
0.979314
0.979314
0.979314
0.979314
0.979314
0.979314
0.979314
0.979314
0.979314
0.979314
0.979314
0.979314
0.979314
0.979314
0.979314
0.979314
0.979314
0.979314
0.979314
0.979314
0.979314
0.979314
0.979314
0.979314
0.979314
0.979314
0.979314
0.979314
0.979314
0.979314
0.979314
0.979314
0.979314
0.979314
0.979314
0.979314
0.979314
0.979314
0.979314
0.979314
0.979314
0.979314
0.979314
0.979314
0.979314
0.979314
0.979314
0.979314
0.979314
0.979314
0.979314
0.979314
0.979314
0.979314
0.979314
0.979314
0.979314
0.979314
0.979314
0.979314
0.979314
0.979314
0.979314
0.979314
0.979314
0.979314
0.979314
0.979314
0.979314
0.979314
0.979314
0.979314
0.979314
0.979314
0.979314
0.979314
0.979314
0.979314
0.979314
0.979314
0.979314
0.979314
0.979314
0.979314
0.979314
0.979314
0.979314
0.979314
0.979314
0.979314
0.979314
0.979314
0.979314
0.979314
0.979314
0.979314
0.979314
0.979314
0.979314
0.979314
0.979314
0.979314
0.979314
0.979314
0.979314
0.979314
0.979314
0.979314
0.979314
0.979314
0.979314
0.979314
0.979314
0.979314
0.979314
0.979314
0.979314
0.979314
0.979314
0.979314
0.979314
0.979314
0.979314
0.979314
0.979314
0.979314
0.979314
0.979314
0.979314
0.979314
1.33422
1.33422
1.33422
1.33422
1.33422
1.33422
1.33422
1.33422
1.33422
1.33422
1.33422
1.33422
1.33422
1.33422
1.33422
1.33422
1.33422
1.33422
1.33422
1.33422
1.33422
1.33422
1.33422
1.33422
1.33422
1.33422
1.33422
1.33422
1.33422
1.33422
1.33422
1.33422
1.33422
1.33422
1.33422
1.33422
1.33422
1.33422
1.33422
1.33422
1.33422
1.33422
1.33422
1.33422
1.33422
1.33422
1.33422
1.33422
1.33422
1.33422
1.33422
1.33422
1.33422
1.33422
1.33422
1.33422
1.33422
1.33422
1.33422
1.33422
1.33422
1.33422
1.33422
1.33422
1.33422
1.33422
1.33422
1.33422
1.33422
1.33422
1.33422
1.33422
1.33422
1.33422
1.33422
1.33422
1.33422
1.33422
1.33422
1.33422
1.33422
1.33422
1.33422
1.33422
1.33422
1.33422
1.33422
1.33422
1.33422
1.33422
1.33422
1.33422
1.33422
1.33422
1.33422
1.33422
1.33422
1.33422
1.33422
1.33422
1.33422
1.33422
1.33422
1.33422
1.33422
1.33422
1.33422
1.33422
1.33422
1.33422
1.33422
1.33422
1.33422
1.33422
1.33422
1.33422
1.33422
1.33422
1.33422
1.33422
1.33422
1.33422
1.33422
1.33422
1.33422
1.33422
1.33422
1.33422
1.33422
1.33422
1.33422
1.33422
1.33422
1.33422
1.33422
1.33422
1.33422
1.33422
1.33422
1.33422
1.33422
1.33422
1.33422
1.33422
1.33422
1.33422
1.33422
1.33422
1.33422
1.33422
1.33422
1.33422
1.33422
1.33422
1.33422
1.33422
1.33422
1.33422
1.33422
1.33422
1.33422
1.33422
1.33422
1.33422
1.33422
1.33422
1.33422
1.33422
1.33422
1.33422
1.33422
1.33422
1.33422
1.33422
1.33422
1.33422
1.33422
1.33422
1.33422
1.33422
1.8887
1.8887
1.8887
1.8887
1.8887
1.8887
1.8887
1.8887
1.8887
1.8887
1.8887
1.8887
1.8887
1.8887
1.8887
1.8887
1.8887
1.8887
1.8887
1.8887
1.8887
1.8887
1.8887
1.8887
1.8887
1.8887
1.8887
1.8887
1.8887
1.8887
1.8887
1.8887
1.8887
1.8887
1.8887
1.8887
1.8887
1.8887
1.8887
1.8887
1.8887
1.8887
1.8887
1.8887
1.8887
1.8887
1.8887
1.8887
1.8887
1.8887
1.8887
1.8887
1.8887
1.8887
1.8887
1.8887
1.8887
1.8887
1.8887
1.8887
1.8887
1.8887
1.8887
1.8887
1.8887
1.8887
1.8887
1.8887
1.8887
1.8887
1.8887
1.8887
1.8887
1.8887
1.8887
1.8887
1.8887
1.8887
1.8887
1.8887
1.8887
1.8887
1.8887
1.8887
1.8887
1.8887
1.8887
1.8887
1.8887
1.8887
1.8887
1.8887
1.8887
1.8887
1.8887
1.8887
1.8887
1.8887
1.8887
1.8887
1.8887
1.8887
1.8887
1.8887
1.8887
1.8887
1.8887
1.8887
1.8887
1.8887
1.8887
1.8887
1.8887
1.8887
1.8887
1.8887
1.8887
1.8887
1.8887
1.8887
1.8887
1.8887
1.8887
1.8887
1.8887
1.8887
1.8887
1.8887
1.8887
1.8887
1.8887
1.8887
1.8887
1.8887
1.8887
1.8887
1.8887
1.8887
1.8887
1.8887
1.8887
1.8887
1.8887
1.8887
1.8887
1.8887
1.8887
1.8887
1.8887
1.8887
1.8887
1.8887
1.8887
1.8887
1.8887
1.8887
1.8887
1.8887
1.8887
1.8887
1.88875
1.88874
1.88873
1.88873
1.88872
1.88871
1.88871
1.8887
1.8887
1.8887
1.8887
1.8887
1.8887
1.8887
1.8887
1.8887
1.8887
1.8887
1.8887
1.8887
0.000985381
0.000988318
0.000994054
0.0010025
0.00101362
0.00102741
0.0010439
0.00106315
0.00108528
0.00111041
0.00113873
0.00117046
0.00120585
0.00124522
0.00128896
0.0013375
0.00139138
0.00145123
0.0015178
0.00159197
0.00168255
0.00178695
1.55368
4.7828
8.21503
12.1674
12.1674
12.1674
12.1674
12.1674
0.000890872
0.000893853
0.000899676
0.000908251
0.000919536
0.000933527
0.000950258
0.000969796
0.000992247
0.00101775
0.00104649
0.00107869
0.00111462
0.00115461
0.00119906
0.00124844
0.00130331
0.00136432
0.00143229
0.00150814
0.00159304
0.00169664
0.00181786
5.00377
12.1674
12.1674
12.1674
12.1674
12.1674
12.1674
0.000887789
0.000890781
0.000896624
0.00090523
0.000916554
0.000930595
0.000947385
0.000966993
0.000989524
0.00101512
0.00104397
0.00107628
0.00111235
0.0011525
0.00119713
0.00124671
0.0013018
0.00136308
0.00143134
0.00150755
0.00159285
0.00169621
0.00181676
5.14424
12.1674
12.1674
12.1674
12.1674
12.1674
12.1674
0.000885447
0.000888431
0.000894259
0.000902842
0.000914137
0.00092814
0.000944884
0.000964437
0.000986904
0.00101243
0.00104118
0.0010734
0.00110935
0.00114936
0.00119384
0.00124324
0.00129812
0.00135916
0.00142715
0.00150304
0.00158796
0.00169028
0.00180964
4.90308
12.1674
12.1674
12.1674
12.1674
12.1674
12.1674
0.000894117
0.000897179
0.00090316
0.00091197
0.000923565
0.000937946
0.000955149
0.000975246
0.000998351
0.00102461
0.00105422
0.00108742
0.00112449
0.00116579
0.00121174
0.00126283
0.00131965
0.00138293
0.0014535
0.00153238
0.00162181
0.00173055
1.4374
12.1674
12.1674
12.1674
12.1674
12.1674
12.1674
12.1674
0.000864549
0.000866854
0.000871357
0.000877993
0.000886733
0.000897578
0.00091056
0.000925736
0.000943191
0.000963037
0.000985418
0.00101235
0.00105244
0.00109712
0.00114686
0.00120224
0.00126394
0.00133282
0.00140989
0.00149639
0.00159383
0.00170405
0.00182936
0.00198476
13.6351
14.0173
14.0173
14.0173
14.0173
14.0173
0.000845461
0.000847718
0.000852125
0.00085862
0.000867174
0.000877786
0.000890487
0.000905333
0.000922405
0.000941812
0.000963692
0.000988213
0.00101962
0.00106328
0.00111185
0.00116586
0.00122599
0.00129305
0.00136801
0.00145206
0.00154663
0.0016535
0.00177486
0.00191897
7.33788
14.0173
14.0173
14.0173
14.0173
14.0173
0.000843321
0.000845573
0.000849971
0.000856452
0.000864986
0.000875575
0.000888248
0.000903061
0.000920095
0.000939458
0.000961289
0.000985753
0.00101602
0.00105965
0.00110817
0.00116214
0.00122223
0.00128924
0.00136414
0.00144813
0.00154264
0.00164945
0.00177075
0.00191433
7.17524
14.0173
14.0173
14.0173
14.0173
14.0173
0.000841769
0.000844016
0.000848404
0.00085487
0.000863384
0.000873949
0.000886592
0.00090137
0.000918363
0.00093768
0.000959457
0.000983861
0.00101321
0.00105673
0.00110514
0.00115897
0.0012189
0.00128572
0.00136041
0.00144415
0.00153836
0.00164483
0.00176572
0.00190823
6.57561
14.0173
14.0173
14.0173
14.0173
14.0173
0.000840537
0.000842778
0.000847157
0.000853608
0.000862104
0.000872644
0.000885259
0.000900002
0.000916955
0.000936225
0.000957949
0.000982293
0.00101086
0.00105427
0.00110255
0.00115624
0.001216
0.00128263
0.00135709
0.00144055
0.00153445
0.00164054
0.00176098
0.00190238
5.59832
14.0173
14.0173
14.0173
14.0173
14.0173
0.000846058
0.000848341
0.000852801
0.000859372
0.000868028
0.000878768
0.000891624
0.000906653
0.000923939
0.000943593
0.000965758
0.000990603
0.00102367
0.00106817
0.00111769
0.00117282
0.00123425
0.00130282
0.00137955
0.00146567
0.00156269
0.00167249
0.00179735
0.00194898
13.4517
14.0173
14.0173
14.0173
14.0173
14.0173
0.000816851
0.00081925
0.000823936
0.000830844
0.000839945
0.000851245
0.000864781
0.000880619
0.000898855
0.000919616
0.000943062
0.00096939
0.000998837
0.00103169
0.00106828
0.001109
0.001165
0.00123857
0.00132099
0.00141372
0.00151853
0.00163763
0.0017738
0.00193057
2.36735
14.9575
15.6899
15.6899
15.6899
15.6899
0.000800069
0.00080242
0.000807013
0.000813783
0.000822701
0.000833773
0.000847033
0.000862543
0.000880397
0.000900718
0.00092366
0.000949412
0.000978206
0.00101031
0.00104606
0.00108583
0.00113009
0.00120166
0.00128215
0.00137259
0.00147469
0.00159057
0.0017229
0.00187505
1.53193
14.388
15.6899
15.6899
15.6899
15.6899
0.000798139
0.000800485
0.000805069
0.000811825
0.000820725
0.000831773
0.000845004
0.000860481
0.000878296
0.000898572
0.000921463
0.000947158
0.000975886
0.00100792
0.00104358
0.00108326
0.00112741
0.00119759
0.00127788
0.00136809
0.00146991
0.00158546
0.0017174
0.00186909
1.2403
14.3134
15.6899
15.6899
15.6899
15.6899
0.000796983
0.000799324
0.000803898
0.00081064
0.00081952
0.000830545
0.000843747
0.00085919
0.000876965
0.000897194
0.000920031
0.000945664
0.000974321
0.00100627
0.00104185
0.00108142
0.00112545
0.00119452
0.00127455
0.00136446
0.00146593
0.00158106
0.00171249
0.00186355
1.05164
14.2674
15.5939
15.6899
15.6899
15.6899
0.000804302
0.000806692
0.000811361
0.000818244
0.000827312
0.000838572
0.000852059
0.000867839
0.000886009
0.000906696
0.000930058
0.000956294
0.000985639
0.00101838
0.00105484
0.00109544
0.00114508
0.00121834
0.00130041
0.0013927
0.00149699
0.00161548
0.00175094
0.00190686
2.81623
14.8542
15.6899
15.6899
15.6899
15.6899
0.000772432
0.000774906
0.00077974
0.000786866
0.000796256
0.000807917
0.000821888
0.00083824
0.000857076
0.000878533
0.000902784
0.000930041
0.000960564
0.000994663
0.00103271
0.00107514
0.0011225
0.0011754
0.0012346
0.00133103
0.00144238
0.00156929
0.001715
0.00188368
1.50121
12.9423
16.7083
17.0785
17.0785
17.0785
0.000756229
0.000758656
0.000763397
0.000770385
0.000779592
0.000791022
0.000804713
0.000820733
0.000839181
0.000860188
0.00088392
0.000910584
0.000940428
0.000973753
0.00101092
0.00105234
0.00109854
0.00115013
0.00120782
0.00128871
0.00139669
0.00151951
0.00166024
0.00182281
0.426226
7.61011
16.4043
17.0785
17.0785
17.0785
0.000754371
0.000756794
0.000761527
0.000768504
0.000777696
0.000789107
0.000802776
0.000818769
0.000837186
0.000858157
0.000881849
0.000908466
0.000938258
0.000971523
0.00100862
0.00104997
0.00109609
0.00114758
0.00120516
0.00128456
0.00139222
0.00151465
0.00165491
0.00181691
0.208878
7.3389
16.3639
17.0785
17.0785
17.0785
0.000753283
0.0007557
0.000760423
0.000767385
0.000776556
0.000787943
0.000801581
0.000817537
0.00083591
0.000856831
0.000880464
0.000907013
0.000936727
0.000969902
0.00100689
0.00104813
0.00109411
0.00114543
0.00120283
0.00128078
0.00138801
0.00150993
0.00164955
0.00181075
-0.00160406
6.89853
16.2773
17.0785
17.0785
17.0785
0.000763866
0.000766343
0.000771184
0.00077832
0.000787723
0.000799401
0.000813392
0.000829768
0.000848634
0.000870125
0.000894418
0.000921725
0.000952308
0.000986479
0.00102461
0.00106715
0.00111464
0.0011677
0.0012271
0.00131998
0.00143128
0.00155812
0.00170375
0.00187232
1.8879
12.1504
16.6767
17.0785
17.0785
17.0785
0.000735237
0.000737778
0.000742744
0.000750064
0.000759709
0.000771685
0.000786033
0.000802825
0.000822169
0.000844209
0.000869124
0.000897141
0.000928534
0.000963632
0.00100283
0.00104662
0.00109555
0.00115032
0.00121176
0.00128086
0.00137597
0.00150838
0.00166071
0.0018376
0.729658
7.75448
17.1185
18.2081
18.2081
18.2081
0.000717105
0.000719589
0.000724441
0.000731591
0.00074101
0.000752702
0.000766704
0.000783085
0.000801947
0.000823424
0.00084769
0.000874959
0.000905493
0.000939607
0.00097768
0.00102017
0.00106761
0.00112067
0.00118012
0.00124693
0.00132224
0.00144879
0.00159492
0.00176412
0.00196205
5.86335
16.1886
17.9773
18.2081
18.2081
0.000715008
0.000717488
0.000722334
0.000729474
0.00073888
0.000750556
0.000764539
0.000780896
0.000799731
0.000821177
0.000845407
0.000872636
0.000903124
0.000937186
0.000975202
0.00101762
0.001065
0.00111797
0.00117734
0.00124404
0.00131924
0.00144409
0.00158994
0.00175881
0.00195635
5.78031
16.0595
17.9911
18.2081
18.2081
0.000713428
0.000715903
0.000720738
0.000727863
0.000737249
0.0007489
0.000762852
0.000779173
0.000797964
0.000819361
0.000843534
0.000870697
0.000901109
0.000935084
0.000973
0.00101531
0.00106255
0.00111538
0.00117457
0.00124107
0.00131604
0.00143887
0.00158416
0.00175234
0.00194901
5.44397
15.9756
17.949
18.2081
18.2081
0.000712286
0.000714756
0.00071958
0.00072669
0.000736055
0.000747679
0.000761598
0.00077788
0.000796625
0.000817968
0.000842079
0.000869169
0.000899498
0.000933377
0.000971182
0.00101336
0.00106045
0.00111311
0.0011721
0.00123836
0.00131305
0.00143387
0.00157846
0.00174577
0.00194135
5.18
15.7766
17.9088
18.2081
18.2081
0.000720647
0.000723164
0.00072808
0.000735326
0.000744872
0.000756724
0.000770921
0.000787534
0.000806668
0.000828463
0.000853097
0.000880791
0.000911814
0.000946492
0.000985215
0.00102845
0.00107677
0.00113083
0.00119147
0.00125965
0.00134279
0.00147318
0.00162303
0.00179688
0.24582
6.73538
16.7027
18.1034
18.2081
18.2081
0.000698608
0.000701175
0.000706189
0.000713578
0.000723311
0.000735392
0.000749859
0.000766785
0.000786276
0.000808473
0.000833559
0.00086176
0.000893354
0.000928677
0.000968135
0.00101222
0.00106151
0.00111672
0.00117871
0.00124852
0.00132743
0.00143261
0.00158668
0.00176565
0.00197593
5.87814
16.0961
18.7223
19.0076
19.0076
0.000683138
0.000685657
0.000690576
0.000697824
0.00070737
0.000719215
0.000733394
0.000749977
0.000769063
0.000790788
0.000815328
0.000842898
0.000873766
0.000908253
0.00094675
0.000989726
0.00103774
0.00109148
0.00115177
0.00121959
0.00129617
0.00138301
0.00153037
0.00170262
0.00190441
4.67801
13.5055
18.3546
19.0076
19.0076
0.000681014
0.000683528
0.000688438
0.000695673
0.0007052
0.000717022
0.000731174
0.000747723
0.00076677
0.000788451
0.000812938
0.000840448
0.000871247
0.000905655
0.000944063
0.000986935
0.00103484
0.00108844
0.00114857
0.00121622
0.0012926
0.0013792
0.00152434
0.0016962
0.00189752
4.44263
12.9794
18.3858
19.0076
19.0076
0.000679859
0.000682368
0.000687268
0.000694489
0.000703997
0.000715795
0.000729918
0.000746432
0.000765438
0.000787071
0.000811502
0.000838948
0.000869673
0.000903996
0.000942304
0.000985063
0.00103283
0.00108628
0.00114624
0.00121367
0.00128981
0.00137611
0.00151904
0.00169004
0.00189026
4.26895
12.4434
18.339
19.0076
19.0076
0.000689549
0.000692099
0.000697081
0.000704423
0.000714092
0.000726092
0.000740461
0.00075727
0.000776621
0.000798656
0.000823554
0.000851538
0.000882882
0.000917918
0.000957046
0.00100075
0.00104961
0.00110433
0.00116575
0.0012349
0.00131304
0.00140974
0.00156229
0.00173939
0.00194735
5.46163
15.4391
18.591
19.0076
19.0076
0.000682091
0.000683783
0.000687089
0.00069196
0.000700251
0.00071239
0.000726923
0.00074392
0.000763485
0.000785759
0.000810924
0.000839207
0.000870884
0.000906296
0.00094585
0.00099004
0.00103946
0.00109484
0.00115704
0.00122712
0.00130639
0.00139646
0.0015392
0.0017189
0.00193011
5.01305
14.0299
18.8633
19.4538
19.4538
0.000672431
0.000674089
0.000677327
0.000682099
0.000688383
0.000696903
0.000711137
0.000727776
0.00074692
0.000768703
0.000793297
0.000820919
0.000851834
0.000886366
0.000924905
0.000967924
0.00101599
0.0010698
0.00113017
0.00119812
0.00127489
0.00136201
0.00148209
0.00165512
0.00185789
3.78182
10.9884
18.4995
19.4538
19.4538
0.000671149
0.000672803
0.000676035
0.000680797
0.000687069
0.000694875
0.000709082
0.000725688
0.000744794
0.000766531
0.000791073
0.000818635
0.000849481
0.000883933
0.000922382
0.000965298
0.00101325
0.00106691
0.00112713
0.0011949
0.00127147
0.00135834
0.0014761
0.00164845
0.00185035
3.53399
10.6948
18.4353
19.4538
19.4538
0.000670437
0.000672088
0.000675312
0.000680064
0.000686322
0.000694087
0.000707883
0.00072445
0.000743509
0.000765192
0.00078967
0.000817158
0.000847919
0.000882273
0.000920607
0.00096339
0.00101118
0.00106467
0.00112468
0.0011922
0.00126847
0.00135499
0.00147043
0.001642
0.0018429
3.36165
10.2648
18.3831
19.4538
19.4538
0.000678922
0.000680608
0.000683901
0.000688755
0.000695327
0.000707423
0.000721903
0.000738837
0.000758327
0.000780513
0.000805577
0.000833741
0.000865282
0.000900537
0.00093991
0.000983893
0.00103308
0.00108818
0.00115006
0.00121978
0.00129862
0.00138819
0.00152573
0.00170402
0.00191343
4.49323
12.7902
18.7689
19.4538
19.4538
0.00067711
0.000678797
0.000682092
0.000686948
0.000693344
0.000702066
0.00071657
0.000733531
0.00075305
0.000775267
0.000800362
0.00082856
0.000860137
0.000895428
0.000934841
0.000978868
0.0010281
0.00108326
0.00114521
0.00121502
0.00129399
0.00138371
0.00151425
0.00169298
0.00190296
4.31529
12.3645
18.7678
19.5495
19.5495
0.000666292
0.000667937
0.000671151
0.000675887
0.000682124
0.000689863
0.000699126
0.000715304
0.000734315
0.000755939
0.000780346
0.000807746
0.000838401
0.00087263
0.000910816
0.000953426
0.00100102
0.00105427
0.00111401
0.00118123
0.00125715
0.00134328
0.00144695
0.0016174
0.00181687
2.70285
9.41001
18.195
19.4253
19.5495
0.000665008
0.00066665
0.000669858
0.000674586
0.000680811
0.000688536
0.000697782
0.000713226
0.000732207
0.000753795
0.000778161
0.000805514
0.000836115
0.000870282
0.000908399
0.000950928
0.000998431
0.00105158
0.0011112
0.00117829
0.00125406
0.00134001
0.00144173
0.00161172
0.00181061
2.62868
9.38574
18.1079
19.4339
19.5495
0.000664025
0.000665664
0.000668866
0.000673583
0.000679797
0.000687506
0.000696732
0.00071159
0.000730531
0.000752073
0.000776385
0.000803677
0.000834207
0.000868292
0.000906314
0.000948735
0.000996112
0.00104912
0.00110857
0.00117546
0.001251
0.00133668
0.00143624
0.00160556
0.00180362
2.40465
9.04745
18.0297
19.4026
19.5495
0.000663299
0.000664934
0.000668129
0.000672836
0.000679036
0.000686728
0.000695933
0.000710329
0.000729223
0.000750709
0.000774956
0.000802171
0.000832614
0.000866598
0.000904502
0.000946787
0.000994005
0.00104683
0.00110606
0.0011727
0.00124793
0.00133326
0.00143051
0.0015989
0.00179584
2.21258
8.76708
17.8712
19.3665
19.5495
0.000670511
0.000672174
0.000675422
0.000680209
0.000686514
0.000694337
0.000705762
0.000722477
0.000741707
0.000763588
0.000788292
0.000816038
0.000847093
0.000881783
0.000920503
0.000963731
0.00101204
0.00106613
0.00112684
0.0011952
0.00127247
0.00136019
0.00147522
0.00164913
0.00185299
3.11068
10.2703
18.3854
19.5495
19.5495
0.000670733
0.000672384
0.000675609
0.000680362
0.00068662
0.00069634
0.000710509
0.000727073
0.00074613
0.000767815
0.0007923
0.000819798
0.000850576
0.000884954
0.00092332
0.000966145
0.00101399
0.00106755
0.00112763
0.00119525
0.00127164
0.0013583
0.00147975
0.0016512
0.00185197
3.22847
10.3426
18.1998
19.2847
19.2847
0.000662215
0.000663832
0.000666989
0.000671641
0.000677767
0.000685367
0.000696453
0.00071265
0.000731274
0.000752454
0.000776352
0.000803173
0.000833168
0.000866644
0.000903971
0.000945596
0.000992056
0.001044
0.00110221
0.00116765
0.00124147
0.00132511
0.00142449
0.0015889
0.00178077
1.79331
8.14805
17.4097
19.1273
19.2847
0.000660985
0.000662598
0.000665749
0.000670392
0.000676506
0.000684091
0.000694481
0.000710649
0.00072924
0.00075038
0.000774233
0.000801003
0.000830939
0.000864348
0.000901599
0.000943136
0.000989496
0.00104133
0.00109941
0.0011647
0.00123835
0.00132179
0.00141919
0.00158315
0.00177448
1.75213
7.92945
17.2902
19.0816
19.2847
0.000660374
0.000661984
0.000665129
0.000669763
0.000675864
0.000683434
0.000693451
0.000709582
0.00072813
0.00074922
0.000773014
0.000799716
0.000829573
0.000862891
0.000900035
0.00094145
0.000987668
0.00103933
0.00109722
0.00116228
0.00123567
0.00131879
0.0014141
0.00157725
0.00176754
1.53311
7.6078
17.213
19.04
19.2847
0.000667842
0.000669478
0.000672674
0.000677382
0.000683583
0.000691599
0.000705629
0.000722027
0.000740889
0.000762347
0.000786568
0.000813763
0.000844191
0.000878166
0.00091607
0.00095836
0.00100559
0.00105843
0.00111768
0.00118433
0.00125958
0.00134489
0.00145716
0.00162533
0.00182197
2.33826
8.9004
17.8534
19.225
19.2847
0.000669256
0.000671702
0.000676479
0.000683516
0.000692782
0.000704276
0.000718032
0.000734113
0.000752614
0.000773663
0.000797425
0.000824105
0.000853955
0.00088728
0.000924448
0.000965901
0.00101217
0.0010639
0.00112185
0.00118697
0.00126039
0.0013435
0.00147296
0.00163618
0.00182669
2.29437
9.15418
17.586
18.6738
18.6738
0.000661595
0.000663173
0.000666255
0.000671715
0.000680785
0.000692034
0.000705491
0.000721215
0.000739297
0.000759858
0.000783054
0.000809082
0.000838182
0.000870644
0.000906819
0.000947128
0.000992079
0.00104228
0.00109846
0.00116152
0.00123252
0.00131279
0.00142186
0.00157837
0.00176044
1.12719
7.13233
16.7387
18.4843
18.6738
0.000660345
0.000661919
0.000664995
0.000669787
0.000678841
0.000690068
0.0007035
0.000719194
0.00073724
0.00075776
0.000780909
0.000806883
0.00083592
0.000868311
0.000904406
0.000944625
0.000989472
0.00103955
0.0010956
0.00115851
0.00122934
0.00130941
0.00141645
0.00157252
0.00175405
0.883847
6.94219
16.5098
18.4387
18.6738
0.000659839
0.00066141
0.00066448
0.000669003
0.000678032
0.00068924
0.000702648
0.000718314
0.000736327
0.000756808
0.000779913
0.000805835
0.000834813
0.000867136
0.000903152
0.000943279
0.000988021
0.00103798
0.00109389
0.00115662
0.00122726
0.0013071
0.00141255
0.00156795
0.00174862
0.697463
6.62294
16.4267
18.461
18.6738
0.000668857
0.000671201
0.000675944
0.000682932
0.000692131
0.000703542
0.000717198
0.000733159
0.000751521
0.000772408
0.000795983
0.000822448
0.000852051
0.000885093
0.000921936
0.000963014
0.00100885
0.00106008
0.00111745
0.00118188
0.0012545
0.00133667
0.00146108
0.00162225
0.00181019
1.43451
7.97576
17.3042
18.6738
18.6738
0.000689037
0.000691392
0.000695992
0.000702769
0.000711692
0.000722763
0.000736014
0.000751505
0.000769326
0.000789601
0.000812485
0.000838171
0.000866896
0.000898944
0.000934658
0.000974448
0.0010188
0.00106831
0.00112366
0.00118572
0.00125551
0.00135112
0.00148409
0.00163712
0.00181493
1.92481
8.68381
16.8056
17.7301
17.7301
0.000676272
0.00067857
0.000683057
0.000689668
0.000698369
0.000709162
0.000722074
0.000737163
0.000754513
0.00077424
0.000796492
0.000821451
0.000849342
0.000880436
0.000915056
0.00095359
0.000996503
0.00104435
0.00109779
0.00115763
0.00122483
0.00130117
0.00142862
0.00157483
0.0017442
0.230679
6.02035
15.9297
17.5831
17.7301
0.000674459
0.000676752
0.000681232
0.00068783
0.000696516
0.000707288
0.000720176
0.000735236
0.000752552
0.000772241
0.000794448
0.000819356
0.00084719
0.000878218
0.000912764
0.000951215
0.000994033
0.00104177
0.00109509
0.00115479
0.00122184
0.0012974
0.00142358
0.00156938
0.00173823
0.144648
5.95843
15.8317
17.543
17.7301
0.000673166
0.000675456
0.000679927
0.000686514
0.000695184
0.000705937
0.000718801
0.000733833
0.000751116
0.000770766
0.000792929
0.000817786
0.000845562
0.000876523
0.000910994
0.000949358
0.000992076
0.0010397
0.00109289
0.00115244
0.00121931
0.00129467
0.00141914
0.00156444
0.00173269
-0.0658637
5.7905
15.6329
17.5005
17.7301
0.000672258
0.000674542
0.000679004
0.000685576
0.000694228
0.000704957
0.000717792
0.000732789
0.000750031
0.000769634
0.000791742
0.000816537
0.000844241
0.000875119
0.000909494
0.000947749
0.000990342
0.00103782
0.00109084
0.0011502
0.00121684
0.00129193
0.00141456
0.00155923
0.00172669
0.00192255
5.5215
15.4393
17.5214
17.7301
0.000683933
0.00068625
0.000690774
0.000697438
0.000706212
0.000717096
0.000730119
0.00074534
0.000762847
0.000782755
0.000805217
0.00083042
0.00085859
0.000890004
0.000924991
0.000963947
0.00100734
0.00105575
0.00110983
0.00117041
0.00123848
0.00132288
0.00145211
0.00160054
0.00177265
0.275865
6.28148
16.1621
17.6345
17.7301
0.000708389
0.000710615
0.000714964
0.000721372
0.000729809
0.000740275
0.0007528
0.00076744
0.000784277
0.000803422
0.000825018
0.00084924
0.0008763
0.000906454
0.000940006
0.000977318
0.00101882
0.00106503
0.00111655
0.00117411
0.00125247
0.00135929
0.00148069
0.00161973
0.00178028
0.897145
7.44847
15.7074
16.4846
16.4846
0.000698695
0.000700871
0.000705122
0.000711385
0.000719628
0.000729853
0.000742084
0.000756375
0.000772805
0.000791478
0.000812532
0.000836132
0.000862481
0.000891823
0.000924449
0.000960703
0.001001
0.00104582
0.00109574
0.00115147
0.00121608
0.00131902
0.00143574
0.00156907
0.00172261
0.00190105
4.92453
15.08
16.4136
16.4846
0.000697087
0.000699259
0.000703502
0.000709753
0.000717981
0.000728185
0.000740393
0.000754656
0.000771053
0.00078969
0.0008107
0.000834252
0.000860547
0.000889827
0.000922384
0.00095856
0.000998766
0.00104349
0.0010933
0.0011489
0.00121211
0.00131479
0.0014312
0.00156416
0.00171726
0.00189515
4.8681
14.999
16.3558
16.4846
0.000696234
0.000698402
0.000702636
0.000708872
0.000717082
0.000727263
0.000739443
0.000753672
0.00077003
0.000788622
0.00080958
0.000833072
0.000859298
0.0008885
0.000920967
0.000957041
0.000997129
0.00104171
0.00109137
0.00114679
0.0012088
0.00131098
0.0014269
0.00155926
0.00171162
0.0018886
4.58801
14.8592
16.3684
16.4846
0.000707975
0.000710172
0.000714464
0.000720786
0.00072911
0.000739434
0.000751788
0.000766223
0.000782823
0.000801693
0.000822973
0.000846832
0.000873478
0.000903158
0.000936168
0.000972861
0.00101365
0.00105904
0.00110962
0.0011661
0.0012388
0.00134324
0.00146179
0.00159735
0.00175362
0.00193543
5.60396
15.2892
16.4846
16.4846
0.000732158
0.000734249
0.000738333
0.000744351
0.000752272
0.000762097
0.000773849
0.00078758
0.000803361
0.000821293
0.000841501
0.00086414
0.000889395
0.00091749
0.000948688
0.000983302
0.0010217
0.00106432
0.00111641
0.00119302
0.00127882
0.00137539
0.00148467
0.00160911
0.0017518
0.077498
6.29869
14.7089
15.0226
15.0226
0.000723738
0.000725782
0.000729773
0.000735652
0.00074339
0.000752985
0.00076446
0.000777862
0.000793261
0.00081075
0.000830451
0.000852511
0.000877107
0.000904452
0.000934799
0.000968445
0.00100574
0.0010471
0.00109302
0.00116344
0.00124626
0.00133929
0.00144435
0.00156372
0.00170027
0.00185764
3.91353
14.1968
15.0226
15.0226
0.000722227
0.000724267
0.00072825
0.000734118
0.00074184
0.000751416
0.000762868
0.000776242
0.000791609
0.000809063
0.000828723
0.000850735
0.000875279
0.000902566
0.000932848
0.000966421
0.00100364
0.00104491
0.00109072
0.00115993
0.00124255
0.00133534
0.00144012
0.00155917
0.00169533
0.00185224
3.73085
14.164
15.0226
15.0226
0.000721614
0.000723649
0.000727625
0.00073348
0.000741187
0.000750743
0.000762171
0.000775518
0.000790852
0.000808267
0.000827883
0.000849846
0.000874333
0.000901555
0.000931762
0.00096525
0.00100237
0.00104353
0.00108921
0.00115752
0.00123986
0.00133232
0.0014367
0.00155527
0.00169085
0.00184704
3.38091
14.0862
15.0226
15.0226
0.000735128
0.000737199
0.000741243
0.000747201
0.000755044
0.00076477
0.000776403
0.000789992
0.000805609
0.00082335
0.000843339
0.000865726
0.000890695
0.000918462
0.000949287
0.000983474
0.00102138
0.00106344
0.00111418
0.00118961
0.00127402
0.00136894
0.00147626
0.00159834
0.00173816
0.0018995
4.4119
14.4769
15.0226
15.0226
0.000752889
0.000754841
0.000758653
0.000764268
0.000771655
0.000780814
0.000791762
0.000804543
0.000819218
0.000835874
0.000854617
0.000875582
0.000898925
0.000924837
0.000953541
0.000985298
0.00103381
0.00108963
0.00115159
0.00122055
0.00129755
0.00138387
0.00148105
0.00159101
0.00171612
0.045352
12.1178
13.4764
13.4764
13.4764
0.000744032
0.000745936
0.000749653
0.000755127
0.000762328
0.000771254
0.000781922
0.000794371
0.000808661
0.000824874
0.000843111
0.000863499
0.00088619
0.000911363
0.000939232
0.000970045
0.00101037
0.00106435
0.00112419
0.00119068
0.0012648
0.00134773
0.00144094
0.00154619
0.00166568
0.00180218
2.83487
13.2593
13.4764
13.4764
0.000742572
0.000744472
0.000748181
0.000753645
0.000760833
0.000769741
0.000780388
0.000792813
0.000807075
0.000823255
0.000841457
0.000861804
0.000884449
0.000909572
0.000937385
0.000968136
0.00100753
0.0010614
0.00112111
0.00118745
0.0012614
0.00134414
0.00143712
0.00154211
0.00166131
0.00179745
2.75512
13.2283
13.4764
13.4764
0.000741564
0.000743461
0.000747165
0.00075262
0.000759796
0.00076869
0.000779319
0.000791723
0.000805962
0.000822115
0.000840284
0.000860596
0.000883202
0.00090828
0.000936042
0.000966736
0.00100543
0.00105919
0.00111877
0.00118496
0.00125874
0.00134127
0.00143402
0.00153872
0.00165759
0.00179334
2.61633
13.2492
13.4764
13.4764
0.000741069
0.000742963
0.000746661
0.000752106
0.000759271
0.00076815
0.000778762
0.000791145
0.000805359
0.000821484
0.000839622
0.000859897
0.000882461
0.000907492
0.000935201
0.000965835
0.00100404
0.00105767
0.0011171
0.00118312
0.00125669
0.00133899
0.00143145
0.00153582
0.00165428
0.00178954
2.38703
13.2176
13.4764
13.4764
0.000751238
0.000753158
0.000756907
0.000762429
0.000769694
0.000778699
0.000789462
0.000802024
0.000816445
0.000832807
0.000851215
0.000871797
0.000894707
0.000920128
0.000948276
0.000979403
0.00102428
0.00107883
0.00113933
0.0012066
0.00128163
0.00136564
0.00146011
0.00156685
0.00168812
0.00182674
3.37281
13.3635
13.4764
13.4764
0.000758451
0.00076028
0.000763851
0.000769108
0.000776022
0.000784589
0.000794823
0.00080676
0.000820452
0.000835974
0.000853419
0.0008729
0.000894555
0.00092132
0.000959062
0.00100076
0.00104683
0.00109779
0.00115424
0.0012169
0.00128663
0.00136449
0.00145175
0.00154993
0.00166094
0.00179684
11.82
12.4124
12.4124
12.4124
0.000751295
0.000753087
0.000756586
0.000761738
0.000768513
0.000776906
0.00078693
0.000798619
0.000812024
0.000827216
0.000844285
0.00086334
0.000884514
0.000907962
0.000943091
0.000983739
0.00102861
0.0010782
0.00113306
0.00119389
0.00126151
0.00133691
0.0014213
0.00151612
0.00162315
0.0017501
3.95532
12.4124
12.4124
12.4124
0.000749955
0.000751744
0.000755237
0.000760379
0.000767141
0.000775517
0.000785522
0.000797189
0.000810569
0.000825732
0.000842768
0.000861786
0.000882918
0.000906321
0.000940686
0.000981253
0.00102604
0.00107551
0.00113026
0.00119095
0.00125842
0.00133365
0.00141783
0.00151242
0.00161919
0.00174544
3.2432
12.4124
12.4124
12.4124
0.00074914
0.000750926
0.000754414
0.000759548
0.000766299
0.000774663
0.000784652
0.0007963
0.000809658
0.000824796
0.000841804
0.00086079
0.000881887
0.000905249
0.000939099
0.000979593
0.00102429
0.00107367
0.00112831
0.00118888
0.0012562
0.00133126
0.00141525
0.00150961
0.00161611
0.0017417
1.85728
12.4124
12.4124
12.4124
0.000751767
0.000753563
0.000757067
0.000762227
0.000769013
0.000777419
0.000787459
0.000799167
0.000812595
0.000827813
0.000844911
0.000864001
0.000885213
0.000908705
0.000944228
0.000984971
0.00102996
0.00107966
0.00113467
0.00119568
0.0012635
0.00133914
0.00142381
0.00151896
0.00162639
0.00175419
5.72808
12.4124
12.4124
12.4124
0
0
0
0
0
0
0
0
0
0
0
0
0
0
0
0
0
0
0
0
0
0
0
0
0
0
0
0
0
0
0
0
0
0
0
0
0
0
0
0
0
0
0
0
0
0
0
0
0
0
0
0
0
0
0
0
0
0
0
0
0
0
0
0
0
0
0
0
0
0
0
0
0
0
0
0
0
0
0
0
0
0
0
0
0
0
0
0
0
0
0
0
0
0
0
0
0
0
0
0
0
0
0
0
0
0
0
0
0
0
0
0
0
0
0
0
0
0
0
0
0
0
0
0
0
0
0
0
0
0
0
0
0
0
0
0
0
0
0
0
0
0
0
0
0
0
0
0
0
0
0
0
0
0
0
0
0
0
0
0
0
0
0
0
0
0
0
0
0
0
0
0
0
0
0
0
0
0
0
0
0
0
0
0
0
0
0
0
0
0
0
0
0
0
0
0
0
0
0
0
0
0
0
0
0
0
0
0
0
0
0
0
0
0
0
0
0
0
0
0
0
0
0
0
0
0
0
0
0
0
0
0
0
0
0
0
0
0
0
0
0
0
0
0
0
0
0
0
0
0
0
0
0
0
0
0
0
0
0
0
0
0
0
0
0
0
0
0
0
0
0
0
0
0
0
0
0
0
0
0
0
0
0
0
0
0
0
0
0
0
0
0
0
0
0
0
0
0
0
0
0
0
0
0
0
0
0
0
0
0
0
0
0
0
0
0
0
0
0
0
0
0
0
0
0
0
0
0
0
0
0
0
0
0
0
0
0
0
0
0
0
0
0
0
0
0
0
0
0
0
0
0
0
0
0
0
0
0
0
0
0
0
0
0
0
0
0
0
0
0
0
0
0
0
0
0
0
0
0
0
0
0
0
0
0
0
0
0
0
0
0
0
0
0
0
0
0
0
0
0
0
0
0
0
0
0
0
0
0
0
0
0
0
0
0
0
0
0
0
0
0
0
0
0
0
0
0
0
0
0
0
0
0
0
0
0
0
0
0
0
0
0
0
0
0
0
0
0
0
0
0
0
0
0
0
0
0
0
0
0
0
0
0
0
0
0
0
0
0
0
0
0
0
0
0
0
0
0
0
0
0
0
0
0
0
0
0
0
0
0
0
0
0
0
0
0
0
0
0
0
0
0
0
0
0
0
0
0
0
0
0
0
0
0
0
0
0
0
0
0
0
0
0
0
0
0
0
0
0
0
0
0
0
0
0
0
0
0
0
0
0
0
0
0
0
0
0
0
0
0
0
0
0
0
0
0
0
0
0
0
0
0
0
0
0
0
0
0
0
0
0
0
0
0
0
0
0
0
0
0
0
0
0
0
0
0
0
0
0
0
0
0
0
0
0
0
0
0
0
0
0
0
0
0
0
0
0
0
0
0
0
0
0
0
0
0
0
0
0
0
0
0
0
0
0
0
0
0
0
0
0
0
0
0
0
0
0
0
0
0
0
0
0
0
0
0
0
0
0
0
0
0
0
0
0
0
0
0
0
0
0
0
0
0
0
0
0
0
0
0
0
0
0
0
0
0
0
0
0
0
0
0
0
0
0
0
0
0
0
0
0
0
0
0
0
0
0
0
0
0
0
0
0
0
0
0
0
0
0
0
0
0
0
0
0
0
0
0
0
0
0
0
0
0
0
0
0
0
0
0
0
0
0
0
0
0
0
0
0
0
0
0
0
0
0
0
0
0
0
0
0
0
0
0
0
0
0
0
0
0
0
0
0
0
0
0
0
0
0
0
0
0
0
0
0
0
0
0
0
0
0
0
0
0
0
0
0
0
0
0
0
0
0
0
0
0
0
0
0
0
0
0
0
0
0
0
0
0
0
0
0
0
0
0
0
0
0
0
0
0
0
0
0
0
0
0
0
0
0
0
0
0
0
0
0
0
0
0
0
0
0
0
0
0
0
0
0
0
0
0
0
0
0
0
0
0
0
0
0
0
0
0
0
0
0
0
0
0
0
0
0
0
0
0
0
0
0
0
0
0
0
0
0
0
0
0
0
0
0
0
0
0
0
0
0
0
0
0
0
0
0
0
0
0
0
0
0
0
0
0
0
0
0
0
0
0
0
0
0
0
0
0
0
0
0
0
0
0
0
0
0
0
0
0
0
0
0
0
0
0
0
0
0
0
0
0
0
0
0
0
0
0
0
0
0
0
0
0
0
0
0
0
0
0
0
0
0
0
0
0
0
0
0
0
0
0
0
0
0
0
0
0
0
0
0
0
0
0
0
0
0
0
0
0
0
0
0
0
0
0
0
0
0
0
0
0
0
0
0
0
0
0
0
0
0
0
0
0
0
0
0
0
0
0
0
0
0
0
0
0
0
0
0
0
0
0
0
0
0
0
0
0
0
0
0
0
0
0
0
0
0
0
0
0
0
0
0
0
0
0
0
0
0
0
0
0
0
0
0
0
0
0
0
0
0
0
0
0
0
0
0
0
0
0
0
0
0
0
0
0
0
0
0
0
0
0
0
0
0
0
0
0
0
0
0
0
0
0
0
0
0
0
0
0
0
0
0
0
0
0
0
0
0
0
0
0
0
0
0
0
0
0
0
0
0
0
0
0
0
0
0
0
0
0
0
0
0
0
0
0
0
0
0
0
0
0
0
0
0
0
0
0
0
0
0
0
0
0
0
0
0
0
0
0
0
0
0
0
0
0
0
0
0
0
0
0
0
0
0
0
0
0
0
0
0
0
0
0
0
0
0
0
0
0
0
0
0
0
0
0
0
0
0
0
0
0
0
0
0
0
0
0
0
0
0
0
0
0
0
0
0
0
0
0
0
0
0
0
0
0
0
0
0
0
0
0
0
0
0
0
0
0
0
0
0
0
0
0
0
0
0
0
0
0
0
0
0
0
0
0
0
0
0
0
0
0
0
0
0
0
0
0
0
0
0
0
0
0
0
0
0
0
0
0
0
0
0
0
0
0
0
0
0
0
0
0
0
0
0
0
0
0
0
0
0
0
0
0
0
0
0
0
0
0
0
0
0
0
0
0
0
0
0
0
0
0
0
0
0
0
0
0
0
0
0
0
0
0
0
0
0
0
0
0
0
0
0
0
0
0
0
0
0
0
0
0
0
0
0
0
0
0
0
0
0
0
0
0
0
0
0
0
0
0
0
0
0
0
0
0
0
0
0
0
0
0
0
0
0
0
0
0
0
0
0
0
0
0
0
0
0
0
0
0
0
0
0
0
0
0
)
;

boundaryField
{
    fuelBottom
    {
        type            empty;
    }
    fuelTop_1
    {
        type            empty;
    }
    fuelOuter
    {
        type            zeroGradient;
    }
    fuelTop
    {
        type            empty;
    }
    fuelInner
    {
        type            zeroGradient;
    }
    cladBottom
    {
        type            empty;
    }
    cladInner
    {
        type            zeroGradient;
    }
    cladOuter
    {
        type            zeroGradient;
    }
    cladTop
    {
        type            empty;
    }
    front
    {
        type            wedge;
    }
    back
    {
        type            wedge;
    }
}


// ************************************************************************* //
