/*--------------------------------*- C++ -*----------------------------------*\
| =========                 |                                                 |
| \\      /  F ield         | OpenFOAM: The Open Source CFD Toolbox           |
|  \\    /   O peration     | Version:  2412                                  |
|   \\  /    A nd           | Website:  www.openfoam.com                      |
|    \\/     M anipulation  |                                                 |
\*---------------------------------------------------------------------------*/
FoamFile
{
    version     2.0;
    format      ascii;
    arch        "LSB;label=32;scalar=64";
    class       volScalarField;
    location    "25888284.641197/fuelBehaviourRegion";
    object      SCIANTIX::grainModes_5;
}
// * * * * * * * * * * * * * * * * * * * * * * * * * * * * * * * * * * * * * //

dimensions      [0 0 0 0 0 0 0];

internalField   nonuniform List<scalar> 
4720
(
-1.53917e+24
-1.53917e+24
-1.53918e+24
-1.53919e+24
-1.53921e+24
-1.53923e+24
-1.53925e+24
-1.53927e+24
-1.5393e+24
-1.53934e+24
-1.53937e+24
-1.53941e+24
-1.53945e+24
-1.53949e+24
-1.53954e+24
-1.53959e+24
-1.53964e+24
-1.53969e+24
-1.53974e+24
-1.53979e+24
-1.53984e+24
-1.5399e+24
-1.53995e+24
-1.54e+24
-1.54006e+24
-1.54011e+24
-1.54016e+24
-1.54022e+24
-1.54027e+24
-1.54032e+24
-1.53916e+24
-1.53916e+24
-1.53917e+24
-1.53918e+24
-1.53919e+24
-1.53921e+24
-1.53924e+24
-1.53926e+24
-1.53929e+24
-1.53932e+24
-1.53936e+24
-1.5394e+24
-1.53944e+24
-1.53948e+24
-1.53953e+24
-1.53958e+24
-1.53963e+24
-1.53968e+24
-1.53973e+24
-1.53978e+24
-1.53983e+24
-1.53989e+24
-1.53994e+24
-1.54e+24
-1.54005e+24
-1.5401e+24
-1.54016e+24
-1.54021e+24
-1.54026e+24
-1.54031e+24
-1.53913e+24
-1.53914e+24
-1.53914e+24
-1.53916e+24
-1.53917e+24
-1.53919e+24
-1.53921e+24
-1.53924e+24
-1.53927e+24
-1.5393e+24
-1.53934e+24
-1.53938e+24
-1.53942e+24
-1.53946e+24
-1.53951e+24
-1.53956e+24
-1.53961e+24
-1.53966e+24
-1.53971e+24
-1.53976e+24
-1.53982e+24
-1.53987e+24
-1.53993e+24
-1.53998e+24
-1.54004e+24
-1.54009e+24
-1.54014e+24
-1.5402e+24
-1.54025e+24
-1.5403e+24
-1.53912e+24
-1.53913e+24
-1.53914e+24
-1.53915e+24
-1.53916e+24
-1.53918e+24
-1.53921e+24
-1.53923e+24
-1.53926e+24
-1.5393e+24
-1.53933e+24
-1.53937e+24
-1.53941e+24
-1.53946e+24
-1.5395e+24
-1.53955e+24
-1.5396e+24
-1.53965e+24
-1.5397e+24
-1.53976e+24
-1.53981e+24
-1.53987e+24
-1.53992e+24
-1.53998e+24
-1.54003e+24
-1.54009e+24
-1.54014e+24
-1.54019e+24
-1.54025e+24
-1.5403e+24
-1.53912e+24
-1.53912e+24
-1.53913e+24
-1.53914e+24
-1.53915e+24
-1.53917e+24
-1.5392e+24
-1.53922e+24
-1.53925e+24
-1.53929e+24
-1.53932e+24
-1.53936e+24
-1.53941e+24
-1.53945e+24
-1.5395e+24
-1.53954e+24
-1.5396e+24
-1.53965e+24
-1.5397e+24
-1.53975e+24
-1.53981e+24
-1.53986e+24
-1.53992e+24
-1.53997e+24
-1.54003e+24
-1.54008e+24
-1.54014e+24
-1.54019e+24
-1.54024e+24
-1.54029e+24
-1.53908e+24
-1.53909e+24
-1.53909e+24
-1.53911e+24
-1.53912e+24
-1.53914e+24
-1.53917e+24
-1.53919e+24
-1.53922e+24
-1.53926e+24
-1.5393e+24
-1.53934e+24
-1.53938e+24
-1.53943e+24
-1.53947e+24
-1.53952e+24
-1.53958e+24
-1.53963e+24
-1.53968e+24
-1.53974e+24
-1.53979e+24
-1.53985e+24
-1.53991e+24
-1.53996e+24
-1.54002e+24
-1.54008e+24
-1.54013e+24
-1.54019e+24
-1.54024e+24
-1.54029e+24
-1.74063e+24
-1.74064e+24
-1.74065e+24
-1.74067e+24
-1.74069e+24
-1.74073e+24
-1.74076e+24
-1.74081e+24
-1.74086e+24
-1.74091e+24
-1.74097e+24
-1.74104e+24
-1.7411e+24
-1.74118e+24
-1.74125e+24
-1.74133e+24
-1.74141e+24
-1.74149e+24
-1.74158e+24
-1.74167e+24
-1.74175e+24
-1.74184e+24
-1.74193e+24
-1.74202e+24
-1.7421e+24
-1.74219e+24
-1.74227e+24
-1.74236e+24
-1.74244e+24
-1.74252e+24
-1.74048e+24
-1.74048e+24
-1.7405e+24
-1.74052e+24
-1.74054e+24
-1.74058e+24
-1.74062e+24
-1.74066e+24
-1.74072e+24
-1.74077e+24
-1.74084e+24
-1.7409e+24
-1.74098e+24
-1.74105e+24
-1.74113e+24
-1.74122e+24
-1.7413e+24
-1.74139e+24
-1.74148e+24
-1.74157e+24
-1.74166e+24
-1.74175e+24
-1.74185e+24
-1.74194e+24
-1.74203e+24
-1.74212e+24
-1.74221e+24
-1.7423e+24
-1.74238e+24
-1.74247e+24
-1.74045e+24
-1.74045e+24
-1.74047e+24
-1.74049e+24
-1.74051e+24
-1.74055e+24
-1.74059e+24
-1.74064e+24
-1.74069e+24
-1.74075e+24
-1.74081e+24
-1.74088e+24
-1.74095e+24
-1.74103e+24
-1.74111e+24
-1.74119e+24
-1.74128e+24
-1.74137e+24
-1.74146e+24
-1.74155e+24
-1.74165e+24
-1.74174e+24
-1.74183e+24
-1.74193e+24
-1.74202e+24
-1.74211e+24
-1.7422e+24
-1.74229e+24
-1.74237e+24
-1.74246e+24
-1.74043e+24
-1.74044e+24
-1.74045e+24
-1.74047e+24
-1.7405e+24
-1.74054e+24
-1.74058e+24
-1.74062e+24
-1.74068e+24
-1.74074e+24
-1.7408e+24
-1.74087e+24
-1.74094e+24
-1.74102e+24
-1.7411e+24
-1.74118e+24
-1.74127e+24
-1.74136e+24
-1.74145e+24
-1.74154e+24
-1.74164e+24
-1.74173e+24
-1.74183e+24
-1.74192e+24
-1.74201e+24
-1.7421e+24
-1.74219e+24
-1.74228e+24
-1.74237e+24
-1.74245e+24
-1.7404e+24
-1.74041e+24
-1.74042e+24
-1.74045e+24
-1.74047e+24
-1.74051e+24
-1.74055e+24
-1.7406e+24
-1.74065e+24
-1.74071e+24
-1.74078e+24
-1.74084e+24
-1.74092e+24
-1.741e+24
-1.74108e+24
-1.74116e+24
-1.74125e+24
-1.74134e+24
-1.74143e+24
-1.74153e+24
-1.74162e+24
-1.74172e+24
-1.74181e+24
-1.74191e+24
-1.742e+24
-1.74209e+24
-1.74218e+24
-1.74227e+24
-1.74236e+24
-1.74245e+24
-1.74022e+24
-1.74023e+24
-1.74024e+24
-1.74027e+24
-1.7403e+24
-1.74033e+24
-1.74038e+24
-1.74043e+24
-1.74049e+24
-1.74055e+24
-1.74062e+24
-1.7407e+24
-1.74078e+24
-1.74086e+24
-1.74095e+24
-1.74104e+24
-1.74114e+24
-1.74124e+24
-1.74134e+24
-1.74144e+24
-1.74154e+24
-1.74164e+24
-1.74174e+24
-1.74184e+24
-1.74194e+24
-1.74204e+24
-1.74214e+24
-1.74223e+24
-1.74232e+24
-1.74241e+24
-2.19341e+24
-2.19343e+24
-2.19347e+24
-2.19354e+24
-2.19362e+24
-2.19372e+24
-2.19384e+24
-2.19398e+24
-2.19414e+24
-2.19431e+24
-2.1945e+24
-2.1947e+24
-2.19491e+24
-2.19514e+24
-2.19537e+24
-2.19561e+24
-2.19586e+24
-2.19612e+24
-2.19637e+24
-2.19663e+24
-2.19689e+24
-2.19715e+24
-2.19741e+24
-2.19766e+24
-2.19791e+24
-2.19816e+24
-2.1984e+24
-2.19863e+24
-2.19885e+24
-2.19907e+24
-2.19265e+24
-2.19267e+24
-2.19272e+24
-2.19279e+24
-2.19288e+24
-2.19299e+24
-2.19313e+24
-2.19328e+24
-2.19346e+24
-2.19365e+24
-2.19386e+24
-2.19408e+24
-2.19432e+24
-2.19456e+24
-2.19482e+24
-2.19509e+24
-2.19536e+24
-2.19564e+24
-2.19593e+24
-2.19621e+24
-2.1965e+24
-2.19679e+24
-2.19707e+24
-2.19735e+24
-2.19762e+24
-2.19789e+24
-2.19815e+24
-2.1984e+24
-2.19865e+24
-2.19888e+24
-2.19252e+24
-2.19254e+24
-2.19259e+24
-2.19266e+24
-2.19275e+24
-2.19287e+24
-2.19301e+24
-2.19316e+24
-2.19334e+24
-2.19354e+24
-2.19375e+24
-2.19397e+24
-2.19422e+24
-2.19447e+24
-2.19473e+24
-2.195e+24
-2.19528e+24
-2.19557e+24
-2.19585e+24
-2.19615e+24
-2.19644e+24
-2.19673e+24
-2.19701e+24
-2.1973e+24
-2.19758e+24
-2.19785e+24
-2.19811e+24
-2.19837e+24
-2.19862e+24
-2.19885e+24
-2.19247e+24
-2.19249e+24
-2.19254e+24
-2.19261e+24
-2.19271e+24
-2.19282e+24
-2.19296e+24
-2.19312e+24
-2.1933e+24
-2.19349e+24
-2.1937e+24
-2.19393e+24
-2.19417e+24
-2.19443e+24
-2.19469e+24
-2.19497e+24
-2.19525e+24
-2.19553e+24
-2.19582e+24
-2.19612e+24
-2.19641e+24
-2.1967e+24
-2.19699e+24
-2.19727e+24
-2.19755e+24
-2.19783e+24
-2.19809e+24
-2.19835e+24
-2.1986e+24
-2.19884e+24
-2.19235e+24
-2.19237e+24
-2.19242e+24
-2.19249e+24
-2.19259e+24
-2.1927e+24
-2.19284e+24
-2.19301e+24
-2.19319e+24
-2.19339e+24
-2.1936e+24
-2.19383e+24
-2.19408e+24
-2.19434e+24
-2.19461e+24
-2.19488e+24
-2.19517e+24
-2.19546e+24
-2.19575e+24
-2.19605e+24
-2.19635e+24
-2.19664e+24
-2.19694e+24
-2.19723e+24
-2.19751e+24
-2.19779e+24
-2.19806e+24
-2.19832e+24
-2.19857e+24
-2.19881e+24
-2.1915e+24
-2.19152e+24
-2.19158e+24
-2.19166e+24
-2.19177e+24
-2.1919e+24
-2.19206e+24
-2.19224e+24
-2.19244e+24
-2.19267e+24
-2.19291e+24
-2.19317e+24
-2.19345e+24
-2.19374e+24
-2.19404e+24
-2.19435e+24
-2.19467e+24
-2.19499e+24
-2.19532e+24
-2.19565e+24
-2.19598e+24
-2.19631e+24
-2.19663e+24
-2.19695e+24
-2.19726e+24
-2.19756e+24
-2.19786e+24
-2.19814e+24
-2.19842e+24
-2.19868e+24
-2.93526e+24
-2.93536e+24
-2.93557e+24
-2.9359e+24
-2.93633e+24
-2.93686e+24
-2.93749e+24
-2.93821e+24
-2.93902e+24
-2.9399e+24
-2.94086e+24
-2.94188e+24
-2.94296e+24
-2.94408e+24
-2.94525e+24
-2.94644e+24
-2.94766e+24
-2.94888e+24
-2.95012e+24
-2.95135e+24
-2.95257e+24
-2.95377e+24
-2.95494e+24
-2.95609e+24
-2.9572e+24
-2.95827e+24
-2.95929e+24
-2.96027e+24
-2.96119e+24
-2.96206e+24
-2.9307e+24
-2.93082e+24
-2.93107e+24
-2.93144e+24
-2.93193e+24
-2.93255e+24
-2.93327e+24
-2.9341e+24
-2.93503e+24
-2.93604e+24
-2.93714e+24
-2.93832e+24
-2.93955e+24
-2.94084e+24
-2.94217e+24
-2.94353e+24
-2.94492e+24
-2.94633e+24
-2.94773e+24
-2.94913e+24
-2.95052e+24
-2.95188e+24
-2.95322e+24
-2.95452e+24
-2.95577e+24
-2.95698e+24
-2.95813e+24
-2.95923e+24
-2.96027e+24
-2.96125e+24
-2.92994e+24
-2.93005e+24
-2.93031e+24
-2.93069e+24
-2.9312e+24
-2.93182e+24
-2.93256e+24
-2.93341e+24
-2.93436e+24
-2.9354e+24
-2.93652e+24
-2.93772e+24
-2.93898e+24
-2.9403e+24
-2.94166e+24
-2.94305e+24
-2.94447e+24
-2.9459e+24
-2.94734e+24
-2.94877e+24
-2.95018e+24
-2.95157e+24
-2.95294e+24
-2.95426e+24
-2.95554e+24
-2.95677e+24
-2.95795e+24
-2.95907e+24
-2.96012e+24
-2.96112e+24
-2.92968e+24
-2.9298e+24
-2.93005e+24
-2.93044e+24
-2.93095e+24
-2.93158e+24
-2.93232e+24
-2.93317e+24
-2.93413e+24
-2.93518e+24
-2.93631e+24
-2.93751e+24
-2.93878e+24
-2.94011e+24
-2.94148e+24
-2.94288e+24
-2.94431e+24
-2.94575e+24
-2.9472e+24
-2.94864e+24
-2.95006e+24
-2.95146e+24
-2.95283e+24
-2.95417e+24
-2.95545e+24
-2.95669e+24
-2.95788e+24
-2.959e+24
-2.96007e+24
-2.96107e+24
-2.92916e+24
-2.92928e+24
-2.92954e+24
-2.92993e+24
-2.93045e+24
-2.93109e+24
-2.93184e+24
-2.93271e+24
-2.93368e+24
-2.93474e+24
-2.93589e+24
-2.93711e+24
-2.9384e+24
-2.93975e+24
-2.94114e+24
-2.94256e+24
-2.94401e+24
-2.94547e+24
-2.94694e+24
-2.9484e+24
-2.94984e+24
-2.95126e+24
-2.95265e+24
-2.954e+24
-2.9553e+24
-2.95656e+24
-2.95776e+24
-2.9589e+24
-2.95997e+24
-2.96099e+24
-2.92512e+24
-2.92525e+24
-2.92555e+24
-2.92599e+24
-2.92658e+24
-2.92731e+24
-2.92817e+24
-2.92915e+24
-2.93025e+24
-2.93145e+24
-2.93275e+24
-2.93414e+24
-2.93559e+24
-2.93711e+24
-2.93867e+24
-2.94027e+24
-2.9419e+24
-2.94353e+24
-2.94517e+24
-2.94679e+24
-2.9484e+24
-2.94997e+24
-2.95151e+24
-2.953e+24
-2.95443e+24
-2.9558e+24
-2.95711e+24
-2.95835e+24
-2.95952e+24
-2.96061e+24
-3.94691e+24
-3.94756e+24
-3.94899e+24
-3.95114e+24
-3.954e+24
-3.95752e+24
-3.96167e+24
-3.96641e+24
-3.97171e+24
-3.97749e+24
-3.98372e+24
-3.99034e+24
-3.99727e+24
-4.00447e+24
-4.01187e+24
-4.0194e+24
-4.027e+24
-4.03461e+24
-4.04217e+24
-4.04962e+24
-4.05692e+24
-4.06401e+24
-4.07085e+24
-4.07741e+24
-4.08366e+24
-4.08956e+24
-4.0951e+24
-4.10026e+24
-4.10504e+24
-4.10943e+24
-3.9194e+24
-3.92015e+24
-3.9218e+24
-3.92429e+24
-3.92758e+24
-3.93164e+24
-3.93644e+24
-3.94192e+24
-3.94802e+24
-3.9547e+24
-3.96188e+24
-3.96951e+24
-3.97751e+24
-3.9858e+24
-3.99432e+24
-4.00299e+24
-4.01173e+24
-4.02048e+24
-4.02917e+24
-4.03772e+24
-4.04609e+24
-4.05422e+24
-4.06205e+24
-4.06955e+24
-4.07667e+24
-4.0834e+24
-4.0897e+24
-4.09556e+24
-4.10098e+24
-4.10595e+24
-3.91539e+24
-3.91616e+24
-3.91784e+24
-3.92038e+24
-3.92374e+24
-3.92789e+24
-3.93278e+24
-3.93836e+24
-3.94459e+24
-3.95141e+24
-3.95874e+24
-3.96651e+24
-3.97467e+24
-3.98313e+24
-3.99181e+24
-4.00065e+24
-4.00957e+24
-4.01849e+24
-4.02734e+24
-4.03606e+24
-4.04459e+24
-4.05286e+24
-4.06084e+24
-4.06847e+24
-4.07573e+24
-4.08257e+24
-4.08898e+24
-4.09494e+24
-4.10045e+24
-4.1055e+24
-3.91315e+24
-3.91393e+24
-3.91563e+24
-3.9182e+24
-3.92159e+24
-3.92578e+24
-3.93072e+24
-3.93637e+24
-3.94266e+24
-3.94954e+24
-3.95695e+24
-3.96481e+24
-3.97305e+24
-3.9816e+24
-3.99037e+24
-3.9993e+24
-4.00831e+24
-4.01732e+24
-4.02626e+24
-4.03507e+24
-4.04368e+24
-4.05204e+24
-4.0601e+24
-4.06781e+24
-4.07513e+24
-4.08204e+24
-4.08852e+24
-4.09454e+24
-4.1001e+24
-4.1052e+24
-3.90269e+24
-3.90351e+24
-3.9053e+24
-3.908e+24
-3.91158e+24
-3.91599e+24
-3.92119e+24
-3.92714e+24
-3.93376e+24
-3.94101e+24
-3.94881e+24
-3.95708e+24
-3.96575e+24
-3.97474e+24
-3.98397e+24
-3.99336e+24
-4.00283e+24
-4.01229e+24
-4.02168e+24
-4.03093e+24
-4.03996e+24
-4.04871e+24
-4.05715e+24
-4.06521e+24
-4.07285e+24
-4.08006e+24
-4.08681e+24
-4.09308e+24
-4.09886e+24
-4.10415e+24
-3.79368e+24
-3.79475e+24
-3.79712e+24
-3.80069e+24
-3.80542e+24
-3.81127e+24
-3.81819e+24
-3.82611e+24
-3.83497e+24
-3.8447e+24
-3.85528e+24
-3.86719e+24
-3.88026e+24
-3.89428e+24
-3.90903e+24
-3.92428e+24
-3.93982e+24
-3.95544e+24
-3.97096e+24
-3.98619e+24
-4.00099e+24
-4.0152e+24
-4.02872e+24
-4.04145e+24
-4.05333e+24
-4.0643e+24
-4.07434e+24
-4.08345e+24
-4.09164e+24
-4.09893e+24
-2.02806e+24
-2.01437e+24
-1.98797e+24
-1.94984e+24
-1.90101e+24
-1.84244e+24
-1.77509e+24
-1.69988e+24
-1.61768e+24
-1.52936e+24
-1.43584e+24
-1.33823e+24
-1.238e+24
-1.13734e+24
-1.03957e+24
-9.49829e+23
-8.75778e+23
-8.28281e+23
-8.21499e+23
-8.72136e+23
-9.983e+23
-1.21956e+24
-1.56026e+24
-2.05752e+24
-2.77513e+24
-3.82002e+24
-5.33693e+24
-7.43179e+24
-1.00303e+25
-1.28157e+25
-1.98144e+24
-1.96865e+24
-1.94405e+24
-1.90876e+24
-1.86386e+24
-1.81044e+24
-1.74947e+24
-1.68179e+24
-1.60812e+24
-1.52901e+24
-1.44494e+24
-1.35646e+24
-1.26449e+24
-1.17074e+24
-1.07842e+24
-9.93161e+23
-9.24134e+23
-8.8502e+23
-8.94243e+23
-9.73863e+23
-1.14778e+24
-1.4418e+24
-1.88845e+24
-2.53797e+24
-3.47429e+24
-4.82492e+24
-6.72333e+24
-9.18376e+24
-1.19737e+25
-1.46684e+25
-1.95539e+24
-1.94289e+24
-1.91886e+24
-1.88439e+24
-1.84054e+24
-1.78835e+24
-1.72878e+24
-1.66265e+24
-1.59061e+24
-1.51318e+24
-1.43082e+24
-1.34405e+24
-1.25378e+24
-1.16178e+24
-1.07135e+24
-9.8833e+23
-9.22159e+23
-8.86866e+23
-9.01208e+23
-9.87497e+23
-1.16983e+24
-1.47439e+24
-1.93457e+24
-2.60224e+24
-3.56361e+24
-4.94728e+24
-6.88176e+24
-9.36745e+24
-1.21572e+25
-1.48245e+25
-1.97334e+24
-1.96066e+24
-1.9363e+24
-1.90134e+24
-1.85688e+24
-1.80398e+24
-1.7436e+24
-1.6766e+24
-1.60364e+24
-1.52528e+24
-1.44197e+24
-1.35424e+24
-1.26296e+24
-1.16979e+24
-1.0779e+24
-9.92835e+23
-9.2369e+23
-8.84055e+23
-8.92277e+23
-9.70372e+23
-1.14222e+24
-1.43358e+24
-1.87681e+24
-2.52176e+24
-3.45174e+24
-4.79355e+24
-6.68111e+24
-9.13178e+24
-1.19179e+25
-1.46172e+25
-1.84617e+24
-1.83467e+24
-1.81254e+24
-1.78074e+24
-1.74024e+24
-1.69194e+24
-1.63666e+24
-1.57507e+24
-1.50771e+24
-1.43501e+24
-1.35742e+24
-1.27559e+24
-1.19077e+24
-1.1054e+24
-1.02391e+24
-9.53721e+23
-9.06341e+23
-8.97971e+23
-9.49075e+23
-1.08283e+24
-1.32404e+24
-1.70141e+24
-2.25515e+24
-3.04993e+24
-4.18864e+24
-5.80381e+24
-7.97987e+24
-1.06156e+25
-1.33743e+25
-1.58362e+25
-2.2364e+24
-2.21728e+24
-2.18428e+24
-2.14087e+24
-2.08915e+24
-2.03068e+24
-1.96696e+24
-1.8994e+24
-1.82931e+24
-1.75772e+24
-1.68515e+24
-1.61144e+24
-1.5356e+24
-1.45598e+24
-1.37082e+24
-1.27953e+24
-1.18468e+24
-1.09493e+24
-1.02831e+24
-1.01486e+24
-1.09622e+24
-1.32081e+24
-1.73973e+24
-2.41389e+24
-3.43558e+24
-4.95508e+24
-7.1678e+24
-1.01517e+25
-1.3599e+25
-1.6853e+25
-2.27145e+24
-2.24866e+24
-2.21219e+24
-2.16622e+24
-2.1127e+24
-2.05298e+24
-1.98836e+24
-1.92027e+24
-1.85009e+24
-1.77898e+24
-1.70768e+24
-1.63618e+24
-1.56362e+24
-1.48824e+24
-1.40781e+24
-1.32075e+24
-1.22813e+24
-1.13648e+24
-1.06145e+24
-1.03099e+24
-1.08621e+24
-1.27724e+24
-1.65737e+24
-2.28629e+24
-3.24898e+24
-4.68296e+24
-6.77964e+24
-9.65513e+24
-1.30757e+25
-1.64123e+25
-2.26823e+24
-2.24527e+24
-2.20869e+24
-2.16272e+24
-2.10928e+24
-2.04969e+24
-1.98526e+24
-1.9174e+24
-1.84749e+24
-1.77673e+24
-1.70583e+24
-1.63483e+24
-1.56284e+24
-1.4881e+24
-1.40835e+24
-1.32194e+24
-1.22985e+24
-1.13853e+24
-1.06352e+24
-1.03275e+24
-1.0874e+24
-1.27781e+24
-1.65755e+24
-2.28658e+24
-3.24993e+24
-4.68498e+24
-6.78266e+24
-9.65869e+24
-1.30794e+25
-1.64159e+25
-2.28069e+24
-2.25698e+24
-2.21965e+24
-2.17303e+24
-2.119e+24
-2.05882e+24
-1.99377e+24
-1.92526e+24
-1.85468e+24
-1.78325e+24
-1.71173e+24
-1.64019e+24
-1.56781e+24
-1.49283e+24
-1.41298e+24
-1.32655e+24
-1.23427e+24
-1.14227e+24
-1.06559e+24
-1.03163e+24
-1.08113e+24
-1.26434e+24
-1.6349e+24
-2.25236e+24
-3.20044e+24
-4.61444e+24
-6.68512e+24
-9.53642e+24
-1.29508e+25
-1.63064e+25
-2.29583e+24
-2.27143e+24
-2.23337e+24
-2.18608e+24
-2.13137e+24
-2.07047e+24
-2.00464e+24
-1.93527e+24
-1.86376e+24
-1.79136e+24
-1.71886e+24
-1.64638e+24
-1.57316e+24
-1.49749e+24
-1.41712e+24
-1.33026e+24
-1.23748e+24
-1.14455e+24
-1.066e+24
-1.02857e+24
-1.07238e+24
-1.24733e+24
-1.60683e+24
-2.20981e+24
-3.13836e+24
-4.52542e+24
-6.56156e+24
-9.3806e+24
-1.2785e+25
-1.61631e+25
-2.18033e+24
-2.16104e+24
-2.12857e+24
-2.08647e+24
-2.03677e+24
-1.981e+24
-1.92059e+24
-1.85697e+24
-1.79146e+24
-1.72511e+24
-1.65842e+24
-1.59117e+24
-1.5222e+24
-1.4496e+24
-1.37121e+24
-1.28604e+24
-1.19641e+24
-1.11113e+24
-1.04896e+24
-1.04147e+24
-1.13264e+24
-1.37371e+24
-1.81892e+24
-2.5329e+24
-3.61251e+24
-5.21115e+24
-7.51588e+24
-1.05701e+25
-1.40203e+25
-1.72011e+25
-2.7391e+24
-2.41718e+24
-2.28205e+24
-2.21008e+24
-2.14966e+24
-2.08712e+24
-2.02044e+24
-1.95068e+24
-1.87992e+24
-1.81059e+24
-1.74507e+24
-1.68532e+24
-1.63238e+24
-1.58568e+24
-1.54241e+24
-1.49715e+24
-1.44288e+24
-1.3743e+24
-1.29409e+24
-1.22135e+24
-1.19982e+24
-1.3012e+24
-1.61696e+24
-2.24447e+24
-3.29339e+24
-4.91824e+24
-7.33628e+24
-1.06978e+25
-1.46994e+25
-1.84763e+25
-2.9167e+24
-2.45798e+24
-2.29238e+24
-2.21688e+24
-2.1566e+24
-2.09412e+24
-2.02715e+24
-1.95682e+24
-1.88535e+24
-1.81529e+24
-1.74922e+24
-1.68934e+24
-1.63709e+24
-1.59241e+24
-1.55299e+24
-1.5137e+24
-1.46716e+24
-1.40647e+24
-1.33121e+24
-1.25612e+24
-1.22028e+24
-1.2925e+24
-1.56553e+24
-2.14062e+24
-3.1268e+24
-4.66957e+24
-6.97597e+24
-1.02201e+25
-1.41823e+25
-1.80472e+25
-2.94981e+24
-2.47087e+24
-2.30076e+24
-2.22461e+24
-2.16406e+24
-2.10122e+24
-2.03376e+24
-1.96284e+24
-1.89068e+24
-1.81987e+24
-1.75299e+24
-1.69232e+24
-1.63931e+24
-1.59401e+24
-1.5542e+24
-1.51486e+24
-1.46859e+24
-1.40836e+24
-1.33334e+24
-1.25762e+24
-1.21948e+24
-1.28701e+24
-1.55277e+24
-2.11824e+24
-3.09232e+24
-4.61968e+24
-6.90696e+24
-1.01331e+25
-1.40913e+25
-1.79729e+25
-2.98851e+24
-2.48761e+24
-2.31237e+24
-2.2354e+24
-2.17449e+24
-2.11119e+24
-2.04315e+24
-1.97153e+24
-1.89856e+24
-1.82686e+24
-1.75904e+24
-1.69739e+24
-1.64345e+24
-1.59733e+24
-1.55695e+24
-1.51738e+24
-1.47129e+24
-1.41147e+24
-1.33661e+24
-1.25994e+24
-1.21859e+24
-1.27949e+24
-1.53464e+24
-2.08548e+24
-3.04029e+24
-4.54174e+24
-6.79479e+24
-9.98542e+24
-1.39301e+25
-1.78361e+25
-2.76764e+24
-2.39199e+24
-2.24836e+24
-2.17709e+24
-2.11825e+24
-2.05729e+24
-1.99223e+24
-1.92424e+24
-1.85548e+24
-1.78846e+24
-1.72564e+24
-1.6691e+24
-1.62001e+24
-1.57793e+24
-1.54008e+24
-1.50087e+24
-1.4528e+24
-1.38979e+24
-1.31371e+24
-1.24321e+24
-1.22245e+24
-1.32493e+24
-1.64534e+24
-2.28481e+24
-3.35591e+24
-5.01407e+24
-7.47266e+24
-1.08677e+25
-1.48737e+25
-1.86189e+25
-4.81933e+24
-2.67866e+24
-2.26834e+24
-2.18509e+24
-2.13266e+24
-2.07314e+24
-2.0061e+24
-1.93394e+24
-1.85973e+24
-1.78682e+24
-1.71872e+24
-1.65894e+24
-1.61072e+24
-1.57658e+24
-1.55739e+24
-1.55067e+24
-1.54882e+24
-1.53898e+24
-1.50751e+24
-1.45149e+24
-1.3961e+24
-1.41133e+24
-1.61735e+24
-2.1657e+24
-3.21343e+24
-4.93713e+24
-7.56315e+24
-1.12654e+25
-1.57218e+25
-1.98813e+25
-5.41666e+24
-2.80769e+24
-2.30324e+24
-2.21153e+24
-2.15895e+24
-2.09859e+24
-2.03003e+24
-1.95584e+24
-1.87918e+24
-1.8035e+24
-1.73241e+24
-1.66955e+24
-1.61837e+24
-1.58184e+24
-1.56155e+24
-1.55623e+24
-1.55965e+24
-1.55954e+24
-1.54047e+24
-1.49389e+24
-1.43537e+24
-1.42356e+24
-1.57079e+24
-2.03024e+24
-2.96428e+24
-4.54378e+24
-6.98156e+24
-1.04808e+25
-1.48614e+25
-1.91786e+25
-5.48376e+24
-2.82259e+24
-2.30786e+24
-2.21532e+24
-2.16262e+24
-2.102e+24
-2.03311e+24
-1.95853e+24
-1.88144e+24
-1.8053e+24
-1.73374e+24
-1.6704e+24
-1.61878e+24
-1.5819e+24
-1.56145e+24
-1.55634e+24
-1.56055e+24
-1.5619e+24
-1.54479e+24
-1.49992e+24
-1.44159e+24
-1.42701e+24
-1.56747e+24
-2.01647e+24
-2.9376e+24
-4.50169e+24
-6.92002e+24
-1.03975e+25
-1.4768e+25
-1.91005e+25
-5.54249e+24
-2.85198e+24
-2.32639e+24
-2.23243e+24
-2.17912e+24
-2.11769e+24
-2.04781e+24
-1.97207e+24
-1.89369e+24
-1.81613e+24
-1.74303e+24
-1.67805e+24
-1.62471e+24
-1.58607e+24
-1.56391e+24
-1.55732e+24
-1.56054e+24
-1.56165e+24
-1.54502e+24
-1.50067e+24
-1.44135e+24
-1.42193e+24
-1.55138e+24
-1.982e+24
-2.8773e+24
-4.40708e+24
-6.78127e+24
-1.02116e+25
-1.45619e+25
-1.89272e+25
-4.92738e+24
-2.6564e+24
-2.23905e+24
-2.15724e+24
-2.10587e+24
-2.04727e+24
-1.98127e+24
-1.91036e+24
-1.83767e+24
-1.76658e+24
-1.70065e+24
-1.64342e+24
-1.59824e+24
-1.56777e+24
-1.55306e+24
-1.55181e+24
-1.5564e+24
-1.55351e+24
-1.52853e+24
-1.47741e+24
-1.42473e+24
-1.44126e+24
-1.6501e+24
-2.20759e+24
-3.27509e+24
-5.03015e+24
-7.6939e+24
-1.1425e+25
-1.58796e+25
-2.00029e+25
-7.04368e+24
-3.13629e+24
-2.33339e+24
-2.2179e+24
-2.16573e+24
-2.10357e+24
-2.03153e+24
-1.95278e+24
-1.87087e+24
-1.78962e+24
-1.71304e+24
-1.6453e+24
-1.59066e+24
-1.55332e+24
-1.53706e+24
-1.54404e+24
-1.57228e+24
-1.61153e+24
-1.64167e+24
-1.64023e+24
-1.60326e+24
-1.5758e+24
-1.67794e+24
-2.10356e+24
-3.07526e+24
-4.80881e+24
-7.53359e+24
-1.14343e+25
-1.62222e+25
-2.07361e+25
-7.51553e+24
-3.35728e+24
-2.37206e+24
-2.23788e+24
-2.1849e+24
-2.12198e+24
-2.04857e+24
-1.96792e+24
-1.88366e+24
-1.79964e+24
-1.71992e+24
-1.64874e+24
-1.59043e+24
-1.54941e+24
-1.52987e+24
-1.53497e+24
-1.56472e+24
-1.61186e+24
-1.65809e+24
-1.67811e+24
-1.65746e+24
-1.62333e+24
-1.67607e+24
-2.00003e+24
-2.82734e+24
-4.38328e+24
-6.88857e+24
-1.0543e+25
-1.52099e+25
-1.9897e+25
-7.5285e+24
-3.36572e+24
-2.37977e+24
-2.24533e+24
-2.19186e+24
-2.1283e+24
-2.0542e+24
-1.97279e+24
-1.88771e+24
-1.80283e+24
-1.72223e+24
-1.65012e+24
-1.59087e+24
-1.54891e+24
-1.52846e+24
-1.53281e+24
-1.56218e+24
-1.60965e+24
-1.65715e+24
-1.67917e+24
-1.66034e+24
-1.62624e+24
-1.67549e+24
-1.99157e+24
-2.80766e+24
-4.35096e+24
-6.84294e+24
-1.04841e+25
-1.51452e+25
-1.98439e+25
-7.5746e+24
-3.40125e+24
-2.39161e+24
-2.25445e+24
-2.20063e+24
-2.13668e+24
-2.06206e+24
-1.98003e+24
-1.89423e+24
-1.80855e+24
-1.72705e+24
-1.65398e+24
-1.5937e+24
-1.55065e+24
-1.5291e+24
-1.53243e+24
-1.56108e+24
-1.6085e+24
-1.65701e+24
-1.68098e+24
-1.66393e+24
-1.62921e+24
-1.6726e+24
-1.97551e+24
-2.77139e+24
-4.28875e+24
-6.74908e+24
-1.03555e+25
-1.49977e+25
-1.97183e+25
-7.60834e+24
-3.43134e+24
-2.40881e+24
-2.26982e+24
-2.2153e+24
-2.1505e+24
-2.0749e+24
-1.99179e+24
-1.90483e+24
-1.81791e+24
-1.73513e+24
-1.66073e+24
-1.59907e+24
-1.55462e+24
-1.53166e+24
-1.53362e+24
-1.56114e+24
-1.60807e+24
-1.65716e+24
-1.68272e+24
-1.6672e+24
-1.63145e+24
-1.66787e+24
-1.95507e+24
-2.72624e+24
-4.21066e+24
-6.62918e+24
-1.01884e+25
-1.48032e+25
-1.95502e+25
-7.28829e+24
-3.21594e+24
-2.34895e+24
-2.22729e+24
-2.17416e+24
-2.11082e+24
-2.03737e+24
-1.95705e+24
-1.87348e+24
-1.79054e+24
-1.71226e+24
-1.64286e+24
-1.58668e+24
-1.54805e+24
-1.53105e+24
-1.53849e+24
-1.56961e+24
-1.61579e+24
-1.65746e+24
-1.66989e+24
-1.64288e+24
-1.61225e+24
-1.68957e+24
-2.06739e+24
-2.97688e+24
-4.64002e+24
-7.28105e+24
-1.10883e+25
-1.58351e+25
-2.04238e+25
-8.25558e+24
-3.69809e+24
-2.4151e+24
-2.2525e+24
-2.19727e+24
-2.13205e+24
-2.0555e+24
-1.97107e+24
-1.88258e+24
-1.79406e+24
-1.70976e+24
-1.63411e+24
-1.57178e+24
-1.52764e+24
-1.50675e+24
-1.51391e+24
-1.55234e+24
-1.61964e+24
-1.70076e+24
-1.76536e+24
-1.78365e+24
-1.76293e+24
-1.79319e+24
-2.07506e+24
-2.88954e+24
-4.51348e+24
-7.18821e+24
-1.10988e+25
-1.60448e+25
-2.08933e+25
-8.4311e+24
-4.00004e+24
-2.46475e+24
-2.27603e+24
-2.21936e+24
-2.15351e+24
-2.07578e+24
-1.98967e+24
-1.89902e+24
-1.80792e+24
-1.72061e+24
-1.64156e+24
-1.57542e+24
-1.52711e+24
-1.50177e+24
-1.50455e+24
-1.53961e+24
-1.60701e+24
-1.69574e+24
-1.77772e+24
-1.81807e+24
-1.80888e+24
-1.81694e+24
-2.02165e+24
-2.70229e+24
-4.15259e+24
-6.62096e+24
-1.03032e+25
-1.51125e+25
-2.00954e+25
-8.45255e+24
-4.02274e+24
-2.47806e+24
-2.28777e+24
-2.23048e+24
-2.16387e+24
-2.08528e+24
-1.99824e+24
-1.9066e+24
-1.81444e+24
-1.72604e+24
-1.64585e+24
-1.57855e+24
-1.52903e+24
-1.50245e+24
-1.50398e+24
-1.53787e+24
-1.60444e+24
-1.69322e+24
-1.77653e+24
-1.81906e+24
-1.81116e+24
-1.81687e+24
-2.0129e+24
-2.67794e+24
-4.10778e+24
-6.55274e+24
-1.02111e+25
-1.50076e+25
-2.00066e+25
-8.48609e+24
-4.03325e+24
-2.49106e+24
-2.30045e+24
-2.24243e+24
-2.17488e+24
-2.09527e+24
-2.00715e+24
-1.91439e+24
-1.8211e+24
-1.73155e+24
-1.6502e+24
-1.58174e+24
-1.53109e+24
-1.50338e+24
-1.50382e+24
-1.53678e+24
-1.60285e+24
-1.69214e+24
-1.77747e+24
-1.82301e+24
-1.81702e+24
-1.81988e+24
-2.00446e+24
-2.64821e+24
-4.04918e+24
-6.45895e+24
-1.00768e+25
-1.48442e+25
-1.98597e+25
-8.36778e+24
-3.78013e+24
-2.4456e+24
-2.27694e+24
-2.22011e+24
-2.15309e+24
-2.07449e+24
-1.98785e+24
-1.89703e+24
-1.8061e+24
-1.71934e+24
-1.64122e+24
-1.5764e+24
-1.52981e+24
-1.50652e+24
-1.51153e+24
-1.54849e+24
-1.61611e+24
-1.70103e+24
-1.77348e+24
-1.80091e+24
-1.78381e+24
-1.80285e+24
-2.05154e+24
-2.81259e+24
-4.3705e+24
-6.96891e+24
-1.07983e+25
-1.57046e+25
-2.06148e+25
-8.69608e+24
-4.11105e+24
-2.47602e+24
-2.27875e+24
-2.2206e+24
-2.15324e+24
-2.07375e+24
-1.98574e+24
-1.89311e+24
-1.80002e+24
-1.71078e+24
-1.62996e+24
-1.56234e+24
-1.51303e+24
-1.48745e+24
-1.49131e+24
-1.52984e+24
-1.60503e+24
-1.70837e+24
-1.81171e+24
-1.87429e+24
-1.87948e+24
-1.88987e+24
-2.09426e+24
-2.79933e+24
-4.33123e+24
-6.95444e+24
-1.0852e+25
-1.58649e+25
-2.09023e+25
-8.72959e+24
-4.51227e+24
-2.54672e+24
-2.31482e+24
-2.25434e+24
-2.18599e+24
-2.10485e+24
-2.01458e+24
-1.91914e+24
-1.8227e+24
-1.72962e+24
-1.64447e+24
-1.57204e+24
-1.51741e+24
-1.48603e+24
-1.4837e+24
-1.51609e+24
-1.58687e+24
-1.69164e+24
-1.80753e+24
-1.89286e+24
-1.91764e+24
-1.91836e+24
-2.05335e+24
-2.61527e+24
-3.94701e+24
-6.33124e+24
-9.96701e+24
-1.48072e+25
-1.99738e+25
-8.7389e+24
-4.56054e+24
-2.55727e+24
-2.32131e+24
-2.2604e+24
-2.19173e+24
-2.11018e+24
-2.01941e+24
-1.9234e+24
-1.82632e+24
-1.73255e+24
-1.64664e+24
-1.5734e+24
-1.5179e+24
-1.48562e+24
-1.48236e+24
-1.51389e+24
-1.58407e+24
-1.68902e+24
-1.80655e+24
-1.89494e+24
-1.92255e+24
-1.92269e+24
-2.04994e+24
-2.59522e+24
-3.90381e+24
-6.26148e+24
-9.86868e+24
-1.4688e+25
-1.98661e+25
-8.77297e+24
-4.58315e+24
-2.57467e+24
-2.33712e+24
-2.27545e+24
-2.20582e+24
-2.12319e+24
-2.03125e+24
-1.934e+24
-1.83564e+24
-1.74054e+24
-1.65328e+24
-1.57866e+24
-1.52175e+24
-1.48802e+24
-1.48326e+24
-1.51326e+24
-1.58201e+24
-1.68607e+24
-1.80406e+24
-1.89451e+24
-1.92433e+24
-1.92325e+24
-2.04095e+24
-2.56486e+24
-3.84136e+24
-6.15884e+24
-9.72065e+24
-1.45063e+25
-1.96995e+25
-8.76864e+24
-4.19149e+24
-2.50765e+24
-2.30426e+24
-2.24462e+24
-2.17563e+24
-2.09428e+24
-2.0042e+24
-1.90937e+24
-1.81395e+24
-1.72231e+24
-1.639e+24
-1.56883e+24
-1.5169e+24
-1.48865e+24
-1.48982e+24
-1.5258e+24
-1.59924e+24
-1.70308e+24
-1.81078e+24
-1.88073e+24
-1.89126e+24
-1.89609e+24
-2.07476e+24
-2.73116e+24
-4.19797e+24
-6.74509e+24
-1.05621e+25
-1.55301e+25
-2.0621e+25
-8.85088e+24
-4.28183e+24
-2.50067e+24
-2.28926e+24
-2.22981e+24
-2.16159e+24
-2.08102e+24
-1.99174e+24
-1.89768e+24
-1.80299e+24
-1.71201e+24
-1.62927e+24
-1.55957e+24
-1.50799e+24
-1.48003e+24
-1.48151e+24
-1.51813e+24
-1.5933e+24
-1.7015e+24
-1.81756e+24
-1.89842e+24
-1.91726e+24
-1.92069e+24
-2.08299e+24
-2.71043e+24
-4.14646e+24
-6.669e+24
-1.04705e+25
-1.54452e+25
-2.05824e+25
-8.82313e+24
-4.8037e+24
-2.59163e+24
-2.33501e+24
-2.27245e+24
-2.20302e+24
-2.12043e+24
-2.02837e+24
-1.93083e+24
-1.832e+24
-1.73624e+24
-1.64809e+24
-1.57234e+24
-1.51406e+24
-1.47872e+24
-1.47223e+24
-1.5007e+24
-1.5691e+24
-1.67632e+24
-1.80442e+24
-1.9121e+24
-1.9589e+24
-1.96054e+24
-2.05109e+24
-2.51181e+24
-3.70247e+24
-5.92919e+24
-9.40242e+24
-1.41311e+25
-1.93788e+25
-8.81566e+24
-4.85485e+24
-2.60294e+24
-2.34188e+24
-2.27889e+24
-2.20917e+24
-2.1262e+24
-2.03367e+24
-1.93556e+24
-1.83608e+24
-1.73959e+24
-1.65064e+24
-1.57399e+24
-1.51472e+24
-1.4783e+24
-1.47065e+24
-1.49793e+24
-1.56526e+24
-1.672e+24
-1.80097e+24
-1.91122e+24
-1.9611e+24
-1.96355e+24
-2.04899e+24
-2.4963e+24
-3.66692e+24
-5.87099e+24
-9.32157e+24
-1.40338e+25
-1.92888e+25
-8.8135e+24
-4.90971e+24
-2.61727e+24
-2.3514e+24
-2.28785e+24
-2.21771e+24
-2.13421e+24
-2.04104e+24
-1.94222e+24
-1.84194e+24
-1.74458e+24
-1.65469e+24
-1.57703e+24
-1.51667e+24
-1.47909e+24
-1.47021e+24
-1.49619e+24
-1.56231e+24
-1.66831e+24
-1.79782e+24
-1.91041e+24
-1.9633e+24
-1.96625e+24
-2.04518e+24
-2.47535e+24
-3.61912e+24
-5.79027e+24
-9.20449e+24
-1.3887e+25
-1.91486e+25
-8.78336e+24
-5.00287e+24
-2.63111e+24
-2.35685e+24
-2.29289e+24
-2.2228e+24
-2.13922e+24
-2.04588e+24
-1.94677e+24
-1.8461e+24
-1.74827e+24
-1.65781e+24
-1.5795e+24
-1.5184e+24
-1.47998e+24
-1.47016e+24
-1.49514e+24
-1.56026e+24
-1.66565e+24
-1.79576e+24
-1.91076e+24
-1.96682e+24
-1.97031e+24
-2.04187e+24
-2.45217e+24
-3.56377e+24
-5.69375e+24
-9.05998e+24
-1.37002e+25
-1.89645e+25
-8.87236e+24
-4.62553e+24
-2.57812e+24
-2.33756e+24
-2.27544e+24
-2.20544e+24
-2.12243e+24
-2.03008e+24
-1.9324e+24
-1.83358e+24
-1.73797e+24
-1.65014e+24
-1.57485e+24
-1.51718e+24
-1.48261e+24
-1.47699e+24
-1.50629e+24
-1.57505e+24
-1.68093e+24
-1.80387e+24
-1.90169e+24
-1.93754e+24
-1.93594e+24
-2.04293e+24
-2.5479e+24
-3.80588e+24
-6.11391e+24
-9.68071e+24
-1.44917e+25
-1.97292e+25
-8.8233e+24
-4.38326e+24
-2.54187e+24
-2.32198e+24
-2.26125e+24
-2.19182e+24
-2.10981e+24
-2.01888e+24
-1.92295e+24
-1.82616e+24
-1.73281e+24
-1.64738e+24
-1.57456e+24
-1.51932e+24
-1.48698e+24
-1.48314e+24
-1.51332e+24
-1.58106e+24
-1.68214e+24
-1.79447e+24
-1.87726e+24
-1.89983e+24
-1.89444e+24
-2.01022e+24
-2.5276e+24
-3.78055e+24
-6.04986e+24
-9.54502e+24
-1.42676e+25
-1.94366e+25
-8.77962e+24
-4.85292e+24
-2.62306e+24
-2.36159e+24
-2.29815e+24
-2.2278e+24
-2.14417e+24
-2.05092e+24
-1.95205e+24
-1.85172e+24
-1.75426e+24
-1.66414e+24
-1.58606e+24
-1.52498e+24
-1.4862e+24
-1.47543e+24
-1.49853e+24
-1.56029e+24
-1.66005e+24
-1.78174e+24
-1.88692e+24
-1.93484e+24
-1.93286e+24
-1.99583e+24
-2.37926e+24
-3.42649e+24
-5.44327e+24
-8.65057e+24
-1.31217e+25
-1.8312e+25
-8.70402e+24
-4.97655e+24
-2.63724e+24
-2.36426e+24
-2.30055e+24
-2.23068e+24
-2.14739e+24
-2.05433e+24
-1.9555e+24
-1.85505e+24
-1.7573e+24
-1.66674e+24
-1.58805e+24
-1.52617e+24
-1.48642e+24
-1.47449e+24
-1.49626e+24
-1.55666e+24
-1.65538e+24
-1.77709e+24
-1.88382e+24
-1.93402e+24
-1.93258e+24
-1.99066e+24
-2.3605e+24
-3.38558e+24
-5.37482e+24
-8.55254e+24
-1.29997e+25
-1.8193e+25
-8.66025e+24
-5.07113e+24
-2.64816e+24
-2.36641e+24
-2.30239e+24
-2.23276e+24
-2.14961e+24
-2.05661e+24
-1.95772e+24
-1.85712e+24
-1.75912e+24
-1.66821e+24
-1.58907e+24
-1.52665e+24
-1.48626e+24
-1.47359e+24
-1.49457e+24
-1.55425e+24
-1.65267e+24
-1.77524e+24
-1.88455e+24
-1.93809e+24
-1.93776e+24
-1.99012e+24
-2.34318e+24
-3.34047e+24
-5.29407e+24
-8.42963e+24
-1.28354e+25
-1.80211e+25
-8.75764e+24
-4.69255e+24
-2.60353e+24
-2.35641e+24
-2.29407e+24
-2.22417e+24
-2.14113e+24
-2.04861e+24
-1.95057e+24
-1.85113e+24
-1.75462e+24
-1.6655e+24
-1.58846e+24
-1.52843e+24
-1.49069e+24
-1.48087e+24
-1.50466e+24
-1.56632e+24
-1.66372e+24
-1.77832e+24
-1.87064e+24
-1.90425e+24
-1.89696e+24
-1.97774e+24
-2.41175e+24
-3.53672e+24
-5.64704e+24
-8.96392e+24
-1.35428e+25
-1.87464e+25
-8.59347e+24
-4.15539e+24
-2.52121e+24
-2.32064e+24
-2.26155e+24
-2.1932e+24
-2.11274e+24
-2.02373e+24
-1.92998e+24
-1.83555e+24
-1.74459e+24
-1.66146e+24
-1.59067e+24
-1.53691e+24
-1.50511e+24
-1.50027e+24
-1.52678e+24
-1.5862e+24
-1.67149e+24
-1.75945e+24
-1.81439e+24
-1.8149e+24
-1.7982e+24
-1.9032e+24
-2.37812e+24
-3.51357e+24
-5.56169e+24
-8.73678e+24
-1.31212e+25
-1.81437e+25
-8.60521e+24
-4.5791e+24
-2.60474e+24
-2.36628e+24
-2.30468e+24
-2.23518e+24
-2.15281e+24
-2.06115e+24
-1.96406e+24
-1.86561e+24
-1.77001e+24
-1.68159e+24
-1.60484e+24
-1.54448e+24
-1.50545e+24
-1.49288e+24
-1.5117e+24
-1.56509e+24
-1.64976e+24
-1.74767e+24
-1.82366e+24
-1.84607e+24
-1.82934e+24
-1.88234e+24
-2.23224e+24
-3.17758e+24
-4.99044e+24
-7.89148e+24
-1.20137e+25
-1.69969e+25
-8.5467e+24
-4.70261e+24
-2.61369e+24
-2.36333e+24
-2.30171e+24
-2.23301e+24
-2.15133e+24
-2.06021e+24
-1.96355e+24
-1.86538e+24
-1.76991e+24
-1.68148e+24
-1.60458e+24
-1.54393e+24
-1.50447e+24
-1.49138e+24
-1.50964e+24
-1.56256e+24
-1.64722e+24
-1.74613e+24
-1.82425e+24
-1.84899e+24
-1.83252e+24
-1.88061e+24
-2.21792e+24
-3.14349e+24
-4.9317e+24
-7.80402e+24
-1.18977e+25
-1.68733e+25
-8.49846e+24
-4.80907e+24
-2.62919e+24
-2.36871e+24
-2.3068e+24
-2.23842e+24
-2.1569e+24
-2.06581e+24
-1.96901e+24
-1.87057e+24
-1.77469e+24
-1.68571e+24
-1.60812e+24
-1.54663e+24
-1.50619e+24
-1.49195e+24
-1.50891e+24
-1.56049e+24
-1.64412e+24
-1.74294e+24
-1.82238e+24
-1.84907e+24
-1.83268e+24
-1.87497e+24
-2.19676e+24
-3.09629e+24
-4.84974e+24
-7.68007e+24
-1.17318e+25
-1.6695e+25
-8.53378e+24
-4.42766e+24
-2.58866e+24
-2.36395e+24
-2.30353e+24
-2.2347e+24
-2.15313e+24
-2.06237e+24
-1.96626e+24
-1.86884e+24
-1.77429e+24
-1.68694e+24
-1.61128e+24
-1.55199e+24
-1.51396e+24
-1.50219e+24
-1.52121e+24
-1.57319e+24
-1.6527e+24
-1.73896e+24
-1.79697e+24
-1.80123e+24
-1.77848e+24
-1.8525e+24
-2.25869e+24
-3.28682e+24
-5.19572e+24
-8.209e+24
-1.24536e+25
-1.74816e+25
-7.98247e+24
-3.64429e+24
-2.42931e+24
-2.2715e+24
-2.2167e+24
-2.15237e+24
-2.07724e+24
-1.99453e+24
-1.90782e+24
-1.82086e+24
-1.73757e+24
-1.66197e+24
-1.59821e+24
-1.55052e+24
-1.52311e+24
-1.51983e+24
-1.54293e+24
-1.59007e+24
-1.6493e+24
-1.69698e+24
-1.70737e+24
-1.67711e+24
-1.65861e+24
-1.78601e+24
-2.2687e+24
-3.3357e+24
-5.19593e+24
-8.05861e+24
-1.2052e+25
-1.67672e+25
-8.19984e+24
-4.09017e+24
-2.55003e+24
-2.35403e+24
-2.29599e+24
-2.22902e+24
-2.15012e+24
-2.06262e+24
-1.97018e+24
-1.87665e+24
-1.78601e+24
-1.70233e+24
-1.62978e+24
-1.57264e+24
-1.53522e+24
-1.52163e+24
-1.535e+24
-1.57521e+24
-1.63429e+24
-1.69192e+24
-1.71992e+24
-1.70229e+24
-1.66793e+24
-1.72301e+24
-2.05985e+24
-2.91387e+24
-4.5029e+24
-7.03355e+24
-1.0689e+25
-1.52989e+25
-8.20378e+24
-4.15683e+24
-2.55335e+24
-2.35068e+24
-2.29276e+24
-2.22628e+24
-2.14779e+24
-2.06062e+24
-1.96841e+24
-1.87502e+24
-1.78442e+24
-1.70067e+24
-1.62797e+24
-1.57059e+24
-1.53287e+24
-1.51898e+24
-1.53216e+24
-1.57253e+24
-1.63251e+24
-1.69206e+24
-1.72276e+24
-1.70751e+24
-1.67338e+24
-1.72453e+24
-2.05232e+24
-2.89353e+24
-4.4681e+24
-6.98274e+24
-1.06207e+25
-1.52212e+25
-8.21111e+24
-4.19895e+24
-2.5669e+24
-2.36059e+24
-2.30221e+24
-2.23532e+24
-2.15631e+24
-2.06849e+24
-1.97556e+24
-1.88135e+24
-1.78984e+24
-1.70511e+24
-1.63135e+24
-1.57284e+24
-1.53393e+24
-1.51882e+24
-1.53082e+24
-1.57029e+24
-1.63002e+24
-1.69037e+24
-1.72282e+24
-1.70923e+24
-1.67458e+24
-1.72035e+24
-2.03598e+24
-2.85869e+24
-4.40997e+24
-6.89689e+24
-1.05055e+25
-1.50922e+25
-8.20282e+24
-4.30412e+24
-2.58045e+24
-2.36378e+24
-2.30536e+24
-2.23899e+24
-2.16035e+24
-2.07277e+24
-1.97991e+24
-1.88563e+24
-1.79391e+24
-1.70883e+24
-1.63458e+24
-1.57546e+24
-1.53581e+24
-1.51984e+24
-1.53095e+24
-1.56962e+24
-1.62905e+24
-1.69e+24
-1.72395e+24
-1.71177e+24
-1.67608e+24
-1.71513e+24
-2.01556e+24
-2.81428e+24
-4.33352e+24
-6.77969e+24
-1.03425e+25
-1.49042e+25
-8.14191e+24
-4.04494e+24
-2.54646e+24
-2.35447e+24
-2.29696e+24
-2.23047e+24
-2.1521e+24
-2.06515e+24
-1.97324e+24
-1.88021e+24
-1.79001e+24
-1.70671e+24
-1.63448e+24
-1.57755e+24
-1.5402e+24
-1.52643e+24
-1.53912e+24
-1.5776e+24
-1.63307e+24
-1.6846e+24
-1.70482e+24
-1.68043e+24
-1.64469e+24
-1.70819e+24
-2.06457e+24
-2.94501e+24
-4.56298e+24
-7.12736e+24
-1.08234e+25
-1.54584e+25
-6.74928e+24
-3.17498e+24
-2.37649e+24
-2.25689e+24
-2.20407e+24
-2.14287e+24
-2.07242e+24
-1.9954e+24
-1.91496e+24
-1.83449e+24
-1.75747e+24
-1.68748e+24
-1.62806e+24
-1.58259e+24
-1.55398e+24
-1.54389e+24
-1.55104e+24
-1.56871e+24
-1.5832e+24
-1.57687e+24
-1.53887e+24
-1.48362e+24
-1.47045e+24
-1.61409e+24
-2.07048e+24
-3.00122e+24
-4.56852e+24
-6.96924e+24
-1.03868e+25
-1.46343e+25
-7.22872e+24
-3.47019e+24
-2.47037e+24
-2.32725e+24
-2.27237e+24
-2.20887e+24
-2.13514e+24
-2.05399e+24
-1.96865e+24
-1.88259e+24
-1.79942e+24
-1.72277e+24
-1.65629e+24
-1.60354e+24
-1.56771e+24
-1.5511e+24
-1.55373e+24
-1.57094e+24
-1.59097e+24
-1.59598e+24
-1.57011e+24
-1.51626e+24
-1.47719e+24
-1.55136e+24
-1.88854e+24
-2.65574e+24
-4.01345e+24
-6.14318e+24
-9.25033e+24
-1.33204e+25
-7.2874e+24
-3.51442e+24
-2.47689e+24
-2.32946e+24
-2.27465e+24
-2.21133e+24
-2.13768e+24
-2.05647e+24
-1.97097e+24
-1.88465e+24
-1.80109e+24
-1.72395e+24
-1.65689e+24
-1.60348e+24
-1.56696e+24
-1.54971e+24
-1.55191e+24
-1.56914e+24
-1.58987e+24
-1.59626e+24
-1.57202e+24
-1.51909e+24
-1.47885e+24
-1.54841e+24
-1.87714e+24
-2.63286e+24
-3.97706e+24
-6.09129e+24
-9.18166e+24
-1.32415e+25
-7.34726e+24
-3.55861e+24
-2.48181e+24
-2.32992e+24
-2.2752e+24
-2.21215e+24
-2.13868e+24
-2.05759e+24
-1.97214e+24
-1.88579e+24
-1.80215e+24
-1.72488e+24
-1.65763e+24
-1.60399e+24
-1.56724e+24
-1.54982e+24
-1.55205e+24
-1.56971e+24
-1.59152e+24
-1.59965e+24
-1.57733e+24
-1.52532e+24
-1.48321e+24
-1.54624e+24
-1.8629e+24
-2.6017e+24
-3.92422e+24
-6.00976e+24
-9.06393e+24
-1.30955e+25
-7.02779e+24
-3.37531e+24
-2.45091e+24
-2.31545e+24
-2.26113e+24
-2.19829e+24
-2.1254e+24
-2.04514e+24
-1.96069e+24
-1.87543e+24
-1.7929e+24
-1.7167e+24
-1.65043e+24
-1.59762e+24
-1.56142e+24
-1.54402e+24
-1.54514e+24
-1.55962e+24
-1.57527e+24
-1.57445e+24
-1.54286e+24
-1.48671e+24
-1.4531e+24
-1.54402e+24
-1.90933e+24
-2.71288e+24
-4.11601e+24
-6.30755e+24
-9.4921e+24
-1.36159e+25
-4.29899e+24
-2.7386e+24
-2.35935e+24
-2.26497e+24
-2.20718e+24
-2.14633e+24
-2.07952e+24
-2.0081e+24
-1.93442e+24
-1.86122e+24
-1.79131e+24
-1.72742e+24
-1.67198e+24
-1.62673e+24
-1.5921e+24
-1.56637e+24
-1.54461e+24
-1.51857e+24
-1.47848e+24
-1.41829e+24
-1.34442e+24
-1.286e+24
-1.30272e+24
-1.4838e+24
-1.93208e+24
-2.7496e+24
-4.05391e+24
-6.01374e+24
-8.82408e+24
-1.24528e+25
-4.88464e+24
-2.91571e+24
-2.43716e+24
-2.33177e+24
-2.27263e+24
-2.20948e+24
-2.13925e+24
-2.06343e+24
-1.98448e+24
-1.90524e+24
-1.82866e+24
-1.75765e+24
-1.69491e+24
-1.64264e+24
-1.602e+24
-1.5723e+24
-1.54991e+24
-1.52753e+24
-1.49506e+24
-1.44356e+24
-1.37316e+24
-1.30347e+24
-1.28341e+24
-1.3945e+24
-1.73977e+24
-2.4246e+24
-3.56059e+24
-5.29909e+24
-7.8397e+24
-1.12639e+25
-4.96933e+24
-2.93455e+24
-2.4397e+24
-2.33268e+24
-2.27367e+24
-2.21063e+24
-2.14043e+24
-2.06457e+24
-1.98555e+24
-1.9062e+24
-1.82949e+24
-1.75835e+24
-1.69552e+24
-1.64321e+24
-1.60266e+24
-1.57327e+24
-1.55149e+24
-1.53009e+24
-1.49892e+24
-1.44877e+24
-1.37924e+24
-1.30925e+24
-1.28699e+24
-1.39366e+24
-1.73272e+24
-2.41024e+24
-3.53772e+24
-5.26517e+24
-7.79136e+24
-1.12028e+25
-5.03733e+24
-2.96442e+24
-2.45509e+24
-2.34602e+24
-2.28669e+24
-2.22324e+24
-2.15247e+24
-2.07589e+24
-1.99599e+24
-1.91562e+24
-1.83776e+24
-1.76535e+24
-1.70112e+24
-1.64735e+24
-1.60533e+24
-1.57456e+24
-1.55167e+24
-1.52961e+24
-1.49832e+24
-1.44847e+24
-1.37909e+24
-1.30811e+24
-1.28242e+24
-1.38197e+24
-1.70965e+24
-2.37155e+24
-3.47859e+24
-5.17949e+24
-7.67397e+24
-1.10599e+25
-4.53851e+24
-2.86877e+24
-2.44514e+24
-2.34282e+24
-2.28249e+24
-2.21873e+24
-2.14821e+24
-2.07225e+24
-1.99321e+24
-1.91382e+24
-1.83694e+24
-1.76539e+24
-1.7017e+24
-1.64785e+24
-1.60466e+24
-1.571e+24
-1.54282e+24
-1.5127e+24
-1.47114e+24
-1.41089e+24
-1.33492e+24
-1.26644e+24
-1.25759e+24
-1.39085e+24
-1.76619e+24
-2.48461e+24
-3.65849e+24
-5.44818e+24
-8.06236e+24
-1.15592e+25
-2.44974e+24
-2.32171e+24
-2.23382e+24
-2.1685e+24
-2.10996e+24
-2.0512e+24
-1.99033e+24
-1.92767e+24
-1.8645e+24
-1.8024e+24
-1.74293e+24
-1.68734e+24
-1.63616e+24
-1.58887e+24
-1.54348e+24
-1.49639e+24
-1.44292e+24
-1.37888e+24
-1.30352e+24
-1.22365e+24
-1.15824e+24
-1.14222e+24
-1.22672e+24
-1.47268e+24
-1.94238e+24
-2.70293e+24
-3.84693e+24
-5.51442e+24
-7.8631e+24
-1.08904e+25
-2.73968e+24
-2.5167e+24
-2.38982e+24
-2.31012e+24
-2.24404e+24
-2.17866e+24
-2.11057e+24
-2.03976e+24
-1.96746e+24
-1.8954e+24
-1.82534e+24
-1.75884e+24
-1.69693e+24
-1.6397e+24
-1.58599e+24
-1.533e+24
-1.47648e+24
-1.41168e+24
-1.33565e+24
-1.25092e+24
-1.17006e+24
-1.12031e+24
-1.14591e+24
-1.30476e+24
-1.65899e+24
-2.27142e+24
-3.22044e+24
-4.62772e+24
-6.66487e+24
-9.44281e+24
-2.75717e+24
-2.52164e+24
-2.39057e+24
-2.30991e+24
-2.24367e+24
-2.17828e+24
-2.11019e+24
-2.03939e+24
-1.96711e+24
-1.89508e+24
-1.82511e+24
-1.75878e+24
-1.69714e+24
-1.64034e+24
-1.58723e+24
-1.53506e+24
-1.47954e+24
-1.41581e+24
-1.34076e+24
-1.25662e+24
-1.17568e+24
-1.12488e+24
-1.14838e+24
-1.30434e+24
-1.6555e+24
-2.26513e+24
-3.21144e+24
-4.61509e+24
-6.64658e+24
-9.4182e+24
-2.77492e+24
-2.52979e+24
-2.39549e+24
-2.314e+24
-2.24751e+24
-2.18194e+24
-2.11365e+24
-2.04259e+24
-1.97003e+24
-1.8977e+24
-1.82742e+24
-1.76079e+24
-1.6989e+24
-1.64195e+24
-1.58883e+24
-1.53681e+24
-1.48163e+24
-1.41838e+24
-1.34381e+24
-1.25989e+24
-1.17855e+24
-1.12632e+24
-1.14703e+24
-1.29875e+24
-1.64446e+24
-2.24752e+24
-3.18566e+24
-4.57837e+24
-6.59551e+24
-9.35311e+24
-2.81063e+24
-2.55251e+24
-2.41324e+24
-2.33015e+24
-2.26292e+24
-2.1967e+24
-2.1277e+24
-2.05584e+24
-1.98238e+24
-1.90906e+24
-1.83774e+24
-1.77002e+24
-1.70704e+24
-1.64903e+24
-1.59495e+24
-1.54215e+24
-1.4864e+24
-1.4228e+24
-1.34794e+24
-1.2635e+24
-1.18087e+24
-1.12588e+24
-1.14165e+24
-1.28581e+24
-1.62123e+24
-2.21094e+24
-3.13137e+24
-4.49982e+24
-6.48575e+24
-9.2136e+24
-2.67235e+24
-2.48666e+24
-2.37276e+24
-2.29646e+24
-2.23139e+24
-2.16669e+24
-2.09937e+24
-2.02947e+24
-1.95823e+24
-1.88731e+24
-1.81839e+24
-1.75295e+24
-1.69186e+24
-1.63508e+24
-1.58123e+24
-1.52737e+24
-1.46924e+24
-1.40231e+24
-1.32429e+24
-1.23874e+24
-1.15962e+24
-1.11567e+24
-1.15229e+24
-1.3274e+24
-1.70212e+24
-2.33889e+24
-3.31801e+24
-4.7651e+24
-6.85284e+24
-9.67725e+24
-2.2447e+24
-2.2207e+24
-2.18419e+24
-2.13994e+24
-2.08981e+24
-2.03485e+24
-1.97606e+24
-1.91453e+24
-1.85142e+24
-1.78784e+24
-1.7246e+24
-1.66208e+24
-1.59997e+24
-1.53719e+24
-1.47189e+24
-1.40184e+24
-1.3253e+24
-1.24249e+24
-1.15768e+24
-1.08167e+24
-1.0342e+24
-1.04517e+24
-1.15276e+24
-1.39844e+24
-1.82443e+24
-2.48106e+24
-3.44431e+24
-4.83316e+24
-6.78991e+24
-9.35679e+24
-2.38341e+24
-2.34964e+24
-2.30412e+24
-2.25268e+24
-2.1965e+24
-2.13592e+24
-2.07147e+24
-2.00408e+24
-1.93489e+24
-1.86509e+24
-1.79568e+24
-1.72731e+24
-1.65998e+24
-1.59295e+24
-1.52461e+24
-1.45271e+24
-1.37504e+24
-1.2906e+24
-1.20158e+24
-1.11568e+24
-1.04885e+24
-1.02721e+24
-1.08667e+24
-1.26865e+24
-1.61513e+24
-2.17137e+24
-3.00053e+24
-4.20471e+24
-5.92893e+24
-8.2821e+24
-2.38957e+24
-2.35452e+24
-2.30801e+24
-2.25595e+24
-2.19938e+24
-2.13851e+24
-2.07383e+24
-2.00624e+24
-1.93688e+24
-1.86694e+24
-1.79745e+24
-1.72907e+24
-1.66185e+24
-1.59504e+24
-1.52705e+24
-1.45563e+24
-1.37847e+24
-1.29449e+24
-1.20568e+24
-1.11956e+24
-1.05184e+24
-1.02846e+24
-1.08533e+24
-1.26409e+24
-1.60703e+24
-2.15954e+24
-2.98443e+24
-4.18297e+24
-5.89968e+24
-8.24524e+24
-2.3911e+24
-2.35454e+24
-2.30681e+24
-2.25407e+24
-2.19728e+24
-2.13647e+24
-2.07203e+24
-2.00475e+24
-1.93576e+24
-1.86621e+24
-1.79713e+24
-1.72916e+24
-1.66236e+24
-1.596e+24
-1.5285e+24
-1.45756e+24
-1.38089e+24
-1.29731e+24
-1.20874e+24
-1.12252e+24
-1.05417e+24
-1.02943e+24
-1.08407e+24
-1.25971e+24
-1.5987e+24
-2.14622e+24
-2.96442e+24
-4.15345e+24
-5.85707e+24
-8.1884e+24
-2.32706e+24
-2.29707e+24
-2.25508e+24
-2.20647e+24
-2.15267e+24
-2.0943e+24
-2.0321e+24
-1.9671e+24
-1.90049e+24
-1.83346e+24
-1.767e+24
-1.70169e+24
-1.63747e+24
-1.5735e+24
-1.50806e+24
-1.43883e+24
-1.36358e+24
-1.2815e+24
-1.19513e+24
-1.11292e+24
-1.05181e+24
-1.03912e+24
-1.11185e+24
-1.31208e+24
-1.68243e+24
-2.26985e+24
-3.1409e+24
-4.4019e+24
-6.19682e+24
-8.61589e+24
0
0
0
0
0
0
0
0
0
0
0
0
0
0
0
0
0
0
0
0
0
0
0
0
0
0
0
0
0
0
0
0
0
0
0
0
0
0
0
0
0
0
0
0
0
0
0
0
0
0
0
0
0
0
0
0
0
0
0
0
0
0
0
0
0
0
0
0
0
0
0
0
0
0
0
0
0
0
0
0
0
0
0
0
0
0
0
0
0
0
0
0
0
0
0
0
0
0
0
0
0
0
0
0
0
0
0
0
0
0
0
0
0
0
0
0
0
0
0
0
0
0
0
0
0
0
0
0
0
0
0
0
0
0
0
0
0
0
0
0
0
0
0
0
0
0
0
0
0
0
0
0
0
0
0
0
0
0
0
0
0
0
0
0
0
0
0
0
0
0
0
0
0
0
0
0
0
0
0
0
0
0
0
0
0
0
0
0
0
0
0
0
0
0
0
0
0
0
0
0
0
0
0
0
0
0
0
0
0
0
0
0
0
0
0
0
0
0
0
0
0
0
0
0
0
0
0
0
0
0
0
0
0
0
0
0
0
0
0
0
0
0
0
0
0
0
0
0
0
0
0
0
0
0
0
0
0
0
0
0
0
0
0
0
0
0
0
0
0
0
0
0
0
0
0
0
0
0
0
0
0
0
0
0
0
0
0
0
0
0
0
0
0
0
0
0
0
0
0
0
0
0
0
0
0
0
0
0
0
0
0
0
0
0
0
0
0
0
0
0
0
0
0
0
0
0
0
0
0
0
0
0
0
0
0
0
0
0
0
0
0
0
0
0
0
0
0
0
0
0
0
0
0
0
0
0
0
0
0
0
0
0
0
0
0
0
0
0
0
0
0
0
0
0
0
0
0
0
0
0
0
0
0
0
0
0
0
0
0
0
0
0
0
0
0
0
0
0
0
0
0
0
0
0
0
0
0
0
0
0
0
0
0
0
0
0
0
0
0
0
0
0
0
0
0
0
0
0
0
0
0
0
0
0
0
0
0
0
0
0
0
0
0
0
0
0
0
0
0
0
0
0
0
0
0
0
0
0
0
0
0
0
0
0
0
0
0
0
0
0
0
0
0
0
0
0
0
0
0
0
0
0
0
0
0
0
0
0
0
0
0
0
0
0
0
0
0
0
0
0
0
0
0
0
0
0
0
0
0
0
0
0
0
0
0
0
0
0
0
0
0
0
0
0
0
0
0
0
0
0
0
0
0
0
0
0
0
0
0
0
0
0
0
0
0
0
0
0
0
0
0
0
0
0
0
0
0
0
0
0
0
0
0
0
0
0
0
0
0
0
0
0
0
0
0
0
0
0
0
0
0
0
0
0
0
0
0
0
0
0
0
0
0
0
0
0
0
0
0
0
0
0
0
0
0
0
0
0
0
0
0
0
0
0
0
0
0
0
0
0
0
0
0
0
0
0
0
0
0
0
0
0
0
0
0
0
0
0
0
0
0
0
0
0
0
0
0
0
0
0
0
0
0
0
0
0
0
0
0
0
0
0
0
0
0
0
0
0
0
0
0
0
0
0
0
0
0
0
0
0
0
0
0
0
0
0
0
0
0
0
0
0
0
0
0
0
0
0
0
0
0
0
0
0
0
0
0
0
0
0
0
0
0
0
0
0
0
0
0
0
0
0
0
0
0
0
0
0
0
0
0
0
0
0
0
0
0
0
0
0
0
0
0
0
0
0
0
0
0
0
0
0
0
0
0
0
0
0
0
0
0
0
0
0
0
0
0
0
0
0
0
0
0
0
0
0
0
0
0
0
0
0
0
0
0
0
0
0
0
0
0
0
0
0
0
0
0
0
0
0
0
0
0
0
0
0
0
0
0
0
0
0
0
0
0
0
0
0
0
0
0
0
0
0
0
0
0
0
0
0
0
0
0
0
0
0
0
0
0
0
0
0
0
0
0
0
0
0
0
0
0
0
0
0
0
0
0
0
0
0
0
0
0
0
0
0
0
0
0
0
0
0
0
0
0
0
0
0
0
0
0
0
0
0
0
0
0
0
0
0
0
0
0
0
0
0
0
0
0
0
0
0
0
0
0
0
0
0
0
0
0
0
0
0
0
0
0
0
0
0
0
0
0
0
0
0
0
0
0
0
0
0
0
0
0
0
0
0
0
0
0
0
0
0
0
0
0
0
0
0
0
0
0
0
0
0
0
0
0
0
0
0
0
0
0
0
0
0
0
0
0
0
0
0
0
0
0
0
0
0
0
0
0
0
0
0
0
0
0
0
0
0
0
0
0
0
0
0
0
0
0
0
0
0
0
0
0
0
0
0
0
0
0
0
0
0
0
0
0
0
0
0
0
0
0
0
0
0
0
0
0
0
0
0
0
0
0
0
0
0
0
0
0
0
0
0
0
0
0
0
0
0
0
0
0
0
0
0
0
0
0
0
0
0
0
0
0
0
0
0
0
0
0
0
0
0
0
0
0
0
0
0
0
0
0
0
0
0
0
0
0
0
0
0
0
0
0
0
0
0
0
0
0
0
0
0
0
0
0
0
0
0
0
0
0
0
0
0
0
0
0
0
0
0
0
0
0
0
0
0
0
0
0
0
0
0
0
0
0
0
0
0
0
0
0
0
0
0
0
0
0
0
0
0
0
0
0
0
0
0
0
0
0
0
0
0
0
0
0
0
0
0
0
0
0
0
0
0
0
0
0
0
0
0
0
0
0
0
0
0
0
0
0
0
0
0
0
0
0
0
0
0
0
0
0
0
0
0
0
0
0
0
0
0
0
0
0
0
0
0
0
0
0
0
0
0
0
0
0
0
0
0
0
0
0
0
0
0
0
0
0
0
0
0
0
0
0
0
0
0
0
0
0
0
0
0
0
0
0
0
0
0
0
0
0
0
0
0
0
0
0
0
0
0
0
0
0
0
0
0
0
0
0
0
0
0
0
0
0
0
0
0
0
0
0
0
0
0
0
0
0
0
0
0
0
0
0
0
0
0
0
0
0
0
0
0
0
0
0
0
0
0
0
0
0
0
0
0
0
0
0
0
0
0
0
0
0
0
0
0
0
0
0
0
0
0
0
0
0
0
0
0
0
0
0
0
0
0
0
0
0
0
0
0
0
0
0
0
0
0
0
0
0
0
0
0
0
0
0
0
0
0
0
0
0
0
0
0
0
0
0
0
0
0
0
0
0
0
0
0
0
0
0
0
0
0
0
0
0
0
0
0
0
0
0
0
0
0
0
0
)
;

boundaryField
{
    fuelBottom
    {
        type            empty;
    }
    fuelTop_1
    {
        type            empty;
    }
    fuelOuter
    {
        type            zeroGradient;
    }
    fuelTop
    {
        type            empty;
    }
    fuelInner
    {
        type            zeroGradient;
    }
    cladBottom
    {
        type            empty;
    }
    cladInner
    {
        type            zeroGradient;
    }
    cladOuter
    {
        type            zeroGradient;
    }
    cladTop
    {
        type            empty;
    }
    front
    {
        type            wedge;
    }
    back
    {
        type            wedge;
    }
}


// ************************************************************************* //
