/*--------------------------------*- C++ -*----------------------------------*\
| =========                 |                                                 |
| \\      /  F ield         | OpenFOAM: The Open Source CFD Toolbox           |
|  \\    /   O peration     | Version:  v2006                                 |
|   \\  /    A nd           | Website:  www.openfoam.com                      |
|    \\/     M anipulation  |                                                 |
\*---------------------------------------------------------------------------*/
FoamFile
{
    version     2.0;
    format      ascii;
    class       labelList;
    note        "nPoints:3768  nCells:5831  nFaces:15884  nInternalFaces:13271";
    location    "0/fluidRegionNB/polyMesh";
    object      neighbour;
}
// * * * * * * * * * * * * * * * * * * * * * * * * * * * * * * * * * * * * * //


13271
(
1
3
6
44
2538
2
4
7
45
5
8
46
4
13
65
2541
5
14
66
67
7
9
30
2544
8
10
31
32
10
11
19
2547
12
20
12
13
93
2550
14
94
14
88
2553
89
16
21
25
211
2559
22
26
212
18
23
25
197
2556
24
26
198
20
21
23
2565
22
24
22
33
2568
34
24
99
2571
100
26
111
2562
112
28
33
35
215
2589
29
34
36
216
37
31
33
38
2574
32
34
39
40
34
2577
36
41
132
2583
37
42
133
43
134
39
41
53
2586
40
42
54
43
55
42
219
2580
43
220
221
45
47
53
2604
46
48
54
49
55
48
59
68
2592
49
60
69
61
70
51
53
56
222
2595
52
54
57
223
55
58
224
54
2607
55
57
59
135
2598
58
60
136
61
137
60
249
2601
61
250
251
63
68
74
243
2610
64
69
75
244
70
76
245
66
68
77
2622
67
69
78
70
79
69
2616
70
72
74
77
267
2619
73
75
78
268
76
79
269
75
168
2613
76
169
170
78
90
2625
79
91
92
81
86
90
255
2628
87
91
256
83
84
88
95
2640
85
89
96
85
86
273
2631
87
274
87
173
2634
174
89
90
2637
91
91
2643
92
94
95
99
2646
96
100
96
101
2649
102
98
101
103
183
2652
102
104
184
100
103
2655
104
102
275
2658
276
104
199
2661
200
106
109
111
217
2676
110
112
218
108
109
115
285
2667
110
116
286
110
481
2670
482
112
113
2673
114
114
115
201
2679
116
202
116
375
2664
376
118
126
129
306
2682
119
127
130
307
128
131
308
121
129
132
207
2685
122
130
133
208
131
134
124
126
132
225
2688
125
127
133
226
128
134
227
127
504
2691
128
505
506
130
398
2694
131
399
400
133
2697
134
136
138
141
2700
137
139
142
140
143
139
144
237
2703
140
145
238
146
239
142
147
228
2706
143
148
229
149
230
145
150
516
2712
146
151
517
152
518
148
150
413
2715
149
151
414
152
415
151
327
2709
152
328
329
154
162
165
425
2727
155
163
166
426
164
167
427
157
159
165
531
2718
158
160
166
532
161
167
533
160
168
264
2724
161
169
265
170
266
163
168
252
2721
164
169
253
170
254
166
333
2733
167
334
335
169
2730
170
172
173
179
277
2736
174
180
278
174
175
2751
176
176
177
258
2745
178
259
178
181
448
2748
182
449
180
181
545
2742
182
546
182
359
2739
360
184
185
189
2754
186
190
186
191
195
2757
192
196
188
191
193
371
2766
192
194
372
190
193
281
2760
194
282
192
471
2763
472
194
457
2769
458
196
199
203
2778
200
204
198
199
201
2775
200
202
200
2772
202
205
2784
206
204
205
467
2781
206
468
206
379
2787
380
208
209
215
2799
210
216
210
213
396
2802
214
397
212
215
217
2790
216
218
214
217
483
2805
218
484
216
2796
218
2793
220
222
225
2808
221
223
226
224
227
223
228
2811
224
229
230
226
231
2814
227
232
233
229
234
2817
230
235
236
232
234
495
2820
233
235
496
236
497
235
404
2823
236
405
406
238
240
249
2826
239
241
250
242
251
241
246
522
2829
242
247
523
248
524
244
249
252
2832
245
250
253
251
254
247
252
419
2835
248
253
420
254
421
250
2838
251
253
2841
254
256
258
267
2844
257
259
268
260
269
259
261
2847
260
262
263
262
270
437
2850
263
271
438
272
439
265
267
270
2853
266
268
271
269
272
268
2856
269
271
528
2859
272
529
530
274
275
277
2862
276
278
276
281
2868
282
278
279
2874
280
280
283
543
2871
284
544
282
283
2865
284
284
455
2877
456
286
291
293
2880
292
294
288
289
291
841
2883
290
292
842
290
295
559
2886
296
560
292
477
2889
478
294
295
377
2892
296
378
296
653
2895
654
298
303
306
391
2898
299
304
307
392
305
308
393
301
303
312
579
2901
302
304
313
580
305
314
581
304
666
2904
305
667
668
307
309
2907
308
310
311
310
312
501
2910
311
313
502
314
503
313
849
2913
314
850
851
316
318
321
867
2916
317
319
322
868
320
323
869
319
327
510
2919
320
328
511
329
512
322
324
588
2922
323
325
589
326
590
325
330
675
2925
326
331
676
332
677
328
330
2928
329
331
332
331
410
2931
332
411
412
334
339
342
2937
335
340
343
341
344
337
345
348
606
2940
338
346
349
607
347
350
608
340
348
431
2934
341
349
432
350
433
343
345
534
2943
344
346
535
347
536
346
885
2949
347
886
887
349
705
2946
350
706
707
352
355
361
903
2967
356
362
904
354
355
357
708
2958
356
358
709
356
621
2961
622
358
359
440
2952
360
441
360
361
2955
362
362
547
2964
548
364
365
369
829
2970
366
370
830
366
367
641
2973
368
642
368
373
723
2976
374
724
370
371
475
2979
372
476
372
373
2982
374
374
463
2985
464
376
377
379
2994
378
380
378
383
2988
384
380
381
3003
382
382
385
469
2997
386
470
384
385
645
2991
386
646
386
745
3000
746
388
389
394
757
3015
390
395
758
390
391
664
3012
392
665
392
398
3009
393
399
400
395
396
487
3021
397
488
397
398
3006
399
399
3018
400
402
404
407
492
3036
403
405
408
493
406
409
494
405
413
3030
406
414
415
408
416
765
3039
409
417
766
418
767
411
413
416
3024
412
414
417
415
418
414
3027
415
417
681
3033
418
682
683
420
422
425
3042
421
423
426
424
427
423
428
519
3045
424
429
520
430
521
426
431
3048
427
432
433
429
434
783
3051
430
435
784
436
785
432
434
3054
433
435
436
435
699
3057
436
700
701
438
448
450
3060
439
449
451
452
441
445
448
3063
446
449
443
445
450
807
3066
444
446
451
808
447
452
809
446
710
3069
447
711
712
449
3072
451
537
3075
452
538
539
454
459
461
821
3084
460
462
822
456
457
459
3081
458
460
458
463
3090
464
460
549
3078
550
462
463
725
3087
464
726
464
3093
466
469
473
739
3096
470
474
740
468
469
471
3099
470
472
470
3105
472
475
3102
476
474
475
835
3111
476
836
476
3108
478
479
481
3114
480
482
480
485
839
3117
486
840
482
483
3120
484
484
487
3123
488
486
487
755
3126
488
756
488
3129
490
492
498
768
3138
491
493
499
769
494
500
770
493
495
3147
494
496
497
496
504
3144
497
505
506
499
501
852
3132
500
502
853
503
854
502
504
3135
503
505
506
505
3141
506
508
513
519
777
3156
509
514
520
778
515
521
779
511
513
516
3165
512
514
517
515
518
514
873
3162
515
874
875
517
522
3159
518
523
524
520
522
3153
521
523
524
523
3150
524
526
537
540
801
3168
527
538
541
802
539
542
803
529
531
537
3171
530
532
538
533
539
532
534
3174
533
535
536
535
540
3177
536
541
542
538
3180
539
541
888
3183
542
889
890
544
545
549
3186
546
550
546
547
3189
548
548
551
3192
552
550
553
3195
554
552
553
907
3198
554
908
554
823
3201
824
556
557
565
925
3204
558
566
926
558
561
1298
3207
562
1299
560
561
563
3210
562
564
562
847
3213
848
564
565
655
3216
566
656
566
1009
3219
1010
568
570
576
1306
3234
569
571
577
1307
572
578
1308
571
579
855
3237
572
580
856
581
857
574
576
582
1020
3222
575
577
583
1021
578
584
1022
577
939
3228
578
940
941
580
582
3231
581
583
584
583
669
3225
584
670
671
586
591
594
1038
3240
587
592
595
1039
593
596
1040
589
591
600
3243
590
592
601
593
602
592
684
3246
593
685
686
595
597
957
3249
596
598
958
599
959
598
600
1321
3252
599
601
1322
602
1323
601
870
3255
602
871
872
604
609
615
1336
3258
605
610
616
1337
611
617
1338
607
612
615
3261
608
613
616
614
617
610
618
963
3264
611
619
964
620
965
613
618
693
3267
614
619
694
620
695
616
894
3270
617
895
896
619
1068
3273
620
1069
1070
622
625
627
3276
626
628
624
625
631
1078
3279
626
632
1079
626
713
3282
714
628
629
905
3285
630
906
630
631
1364
3288
632
1365
632
989
3291
990
634
637
639
995
3294
638
640
996
636
637
641
831
3297
638
642
832
638
1284
3306
1285
640
643
1088
3300
644
1089
642
643
3303
644
644
729
3309
730
646
649
653
3324
650
654
648
651
655
1013
3327
652
656
1014
650
651
737
3312
652
738
652
1106
3315
1107
654
655
3318
656
656
3321
658
662
664
751
3330
663
665
752
660
662
669
1017
3333
661
663
670
1018
671
1019
663
1114
3336
1115
665
666
3339
667
667
669
3342
668
670
671
670
3345
671
673
681
687
759
3348
674
682
688
760
683
689
761
676
681
684
3357
677
682
685
683
686
679
684
687
1047
3351
680
685
688
1048
686
689
1049
682
3354
683
685
3363
686
688
1132
3360
689
1133
1134
691
699
702
792
3366
692
700
703
793
701
704
794
694
696
705
3369
695
697
706
698
707
697
702
1053
3372
698
703
1054
704
1055
700
705
3375
701
706
707
703
1147
3378
704
1148
1149
706
3381
707
709
710
713
3384
711
714
711
715
3387
712
716
717
714
718
3390
719
716
720
798
3393
717
721
799
722
800
719
720
1071
3396
721
1072
721
1156
3399
722
1157
1158
724
725
729
3402
726
730
726
731
3405
732
728
729
733
1084
3408
730
734
1085
730
3411
732
733
817
3414
734
818
734
1180
3417
1181
736
737
743
1102
3420
738
744
1103
738
745
3426
746
740
741
745
3423
742
746
742
743
833
3429
744
834
744
1196
3432
1197
746
3435
748
749
753
1204
3438
750
754
1205
750
751
1116
3441
752
1117
752
757
3444
758
754
755
843
3447
756
844
756
757
3450
758
758
3453
760
762
765
3456
761
763
766
764
767
763
771
1135
3459
764
772
1136
773
1137
766
768
3462
767
769
770
769
774
3465
770
775
776
772
774
1216
3468
773
775
1217
776
1218
775
858
3471
776
859
860
778
780
783
3474
779
781
784
782
785
781
789
876
3477
782
790
877
791
878
784
792
3480
785
793
794
787
789
792
1144
3483
788
790
793
1145
791
794
1146
790
1228
3486
791
1229
1230
793
3489
794
796
798
804
1168
3492
797
799
805
1169
800
806
1170
799
807
3495
800
808
809
802
807
810
3498
803
808
811
809
812
805
810
1258
3501
806
811
1259
812
1260
808
3504
809
811
897
3507
812
898
899
814
815
819
1266
3519
816
820
1267
816
817
1176
3513
818
1177
818
821
3525
822
820
823
909
3516
824
910
822
823
3522
824
824
3510
826
827
831
1278
3528
828
832
1279
828
833
1188
3537
834
1189
830
831
835
3534
832
836
832
3531
834
835
3543
836
836
3540
838
843
845
1198
3546
844
846
1199
840
841
843
3549
842
844
842
847
3552
848
844
3555
846
847
1296
3558
848
1297
848
3561
850
852
855
3564
851
853
856
854
857
853
858
3570
854
859
860
856
861
3567
857
862
863
859
864
3573
860
865
866
862
864
1312
3576
863
865
1313
866
1314
865
1222
3579
866
1223
1224
868
870
873
3582
869
871
874
872
875
871
879
3585
872
880
881
874
876
3588
875
877
878
877
882
3591
878
883
884
880
882
1333
3594
881
883
1334
884
1335
883
1234
3597
884
1235
1236
886
888
894
3600
887
889
895
890
896
889
897
3603
890
898
899
892
894
900
1339
3609
893
895
901
1340
896
902
1341
895
3606
896
898
900
3612
899
901
902
901
1252
3615
902
1253
1254
904
905
907
3618
906
908
906
913
3624
914
908
909
3621
910
910
911
3627
912
912
913
1274
3633
914
1275
914
1358
3630
1359
916
917
919
1834
3636
918
920
1835
918
923
1376
3639
924
1377
920
925
1292
3642
926
1293
922
923
925
1005
3645
924
926
1006
924
1460
3648
1461
926
3651
928
930
936
1393
3654
929
931
937
1394
932
938
1395
931
933
1468
3660
932
934
1469
935
1470
934
939
1023
3663
935
940
1024
941
1025
937
942
1846
3666
938
943
1847
944
1848
940
942
3657
941
943
944
943
1300
3669
944
1301
1302
946
948
954
1501
3672
947
949
955
1502
950
956
1503
949
957
1035
3675
950
958
1036
959
1037
952
954
960
1873
3678
953
955
961
1874
956
962
1875
955
1411
3681
956
1412
1413
958
960
3684
959
961
962
961
1330
3687
962
1331
1332
964
966
969
3690
965
967
970
968
971
967
975
1345
3693
968
976
1346
977
1347
970
972
1056
3696
971
973
1057
974
1058
973
978
1513
3699
974
979
1514
980
1515
976
978
1882
3702
977
979
1883
980
1884
979
1414
3705
980
1415
1416
982
983
985
1896
3720
984
986
1897
984
989
1362
3723
990
1363
986
987
1442
3714
988
1443
988
991
1524
3708
992
1525
990
991
3717
992
992
1082
3711
1083
994
995
997
1092
3726
996
998
1093
996
999
3729
1000
998
1003
1540
3732
1004
1541
1000
1001
1286
3735
1002
1287
1002
1003
1820
3738
1004
1821
1004
1452
3741
1453
1006
1007
1009
3747
1008
1010
1008
1011
1458
3744
1012
1459
1010
1013
3756
1014
1012
1015
1546
3753
1016
1547
1014
1015
3759
1016
1016
1104
3750
1105
1018
1020
1032
3774
1019
1021
1033
1022
1034
1021
1023
3771
1022
1024
1025
1024
1026
3765
1025
1027
1028
1027
1029
1471
3762
1028
1030
1472
1031
1473
1030
1032
1566
3768
1031
1033
1567
1034
1033
1112
3777
1034
1113
1036
1038
1041
3786
1037
1039
1042
1040
1043
1039
1047
3780
1040
1048
1049
1042
1044
1492
3789
1043
1045
1493
1046
1494
1045
1050
1570
3783
1046
1051
1571
1052
1572
1048
1050
3795
1049
1051
1052
1051
1126
3792
1052
1127
1128
1054
1059
1068
3807
1055
1060
1069
1061
1070
1057
1065
1068
3801
1058
1066
1069
1067
1070
1060
1062
1150
3810
1061
1063
1151
1064
1152
1063
1065
1597
3804
1064
1066
1598
1067
1599
1066
1510
3798
1067
1511
1512
1069
3813
1070
1072
1073
1078
3816
1074
1079
1074
1076
1159
3831
1075
1077
1160
1161
1077
1080
1615
3819
1081
1616
1079
1082
3822
1083
1081
1082
1522
3825
1083
1523
1083
3828
1085
1086
1088
3834
1087
1089
1087
1090
1182
3837
1091
1183
1089
1092
3840
1093
1091
1094
1624
3843
1095
1625
1093
1094
3846
1095
1095
1544
3849
1545
1097
1098
1102
1190
3861
1099
1103
1191
1099
1100
1642
3852
1101
1643
1101
1104
1548
3855
1105
1549
1103
1106
3858
1107
1105
1106
3867
1107
1107
3864
1109
1110
1118
1658
3882
1111
1119
1659
1111
1116
1208
3879
1117
1209
1113
1114
1118
3870
1115
1119
1115
1116
3873
1117
1117
3876
1119
1568
3885
1569
1121
1123
1129
1669
3891
1122
1124
1130
1670
1125
1131
1671
1124
1126
1573
3897
1125
1127
1574
1128
1575
1127
1132
3903
1128
1133
1134
1130
1135
1210
3888
1131
1136
1211
1137
1212
1133
1135
3900
1134
1136
1137
1136
3894
1137
1139
1144
1153
1231
3921
1140
1145
1154
1232
1146
1155
1233
1142
1150
1153
1600
3906
1143
1151
1154
1601
1152
1155
1602
1145
1147
3918
1146
1148
1149
1148
1150
3915
1149
1151
1152
1151
3909
1152
1154
1690
3912
1155
1691
1692
1157
1159
1168
3924
1158
1160
1169
1161
1170
1160
1171
3933
1161
1172
1173
1163
1165
1168
1261
3930
1164
1166
1169
1262
1167
1170
1263
1166
1171
1711
3939
1167
1172
1712
1173
1713
1169
3927
1170
1172
1621
3936
1173
1622
1623
1175
1176
1178
1264
3942
1177
1179
1265
1177
1180
3945
1181
1179
1184
1722
3948
1185
1723
1181
1182
3951
1183
1183
1184
3954
1185
1185
1626
3957
1627
1187
1190
1194
1644
3960
1191
1195
1645
1189
1192
1196
3963
1193
1197
1191
1196
3966
1197
1193
1194
1280
3969
1195
1281
1195
1732
3972
1733
1197
3975
1199
1200
1204
3990
1201
1205
1201
1202
1290
3978
1203
1291
1203
1206
1738
3984
1207
1739
1205
1208
3993
1209
1207
1208
1652
3981
1209
1653
1209
3987
1211
1213
1216
4008
1212
1214
1217
1215
1218
1214
1219
1660
3999
1215
1220
1661
1221
1662
1217
1222
4011
1218
1223
1224
1220
1225
1762
3996
1221
1226
1763
1227
1764
1223
1225
4005
1224
1226
1227
1226
1315
4002
1227
1316
1317
1229
1231
1234
4020
1230
1232
1235
1233
1236
1232
1240
4014
1233
1241
1242
1235
1237
4023
1236
1238
1239
1238
1243
1324
4029
1239
1244
1325
1245
1326
1241
1243
1693
4017
1242
1244
1694
1245
1695
1244
1768
4026
1245
1769
1770
1247
1249
1252
1342
4032
1248
1250
1253
1343
1251
1254
1344
1250
1255
1786
4035
1251
1256
1787
1257
1788
1253
1258
4038
1254
1259
1260
1256
1261
1705
4041
1257
1262
1706
1263
1707
1259
1261
4044
1260
1262
1263
1262
4047
1263
1265
1266
1268
4050
1267
1269
1267
1274
4053
1275
1269
1270
1724
4056
1271
1725
1271
1272
1812
4059
1273
1813
1273
1274
1356
4062
1275
1357
1275
4065
1277
1282
1286
1824
4068
1283
1287
1825
1279
1280
1284
4071
1281
1285
1281
1282
4074
1283
1283
1728
4077
1729
1285
1286
4080
1287
1287
4083
1289
1290
1294
1740
4089
1291
1295
1741
1291
1296
4098
1297
1293
1294
1298
4086
1295
1299
1295
1830
4092
1831
1297
1298
4095
1299
1299
4101
1301
1303
1306
4104
1302
1304
1307
1305
1308
1304
1309
1840
4107
1305
1310
1841
1311
1842
1307
1312
4110
1308
1313
1314
1310
1315
1765
4113
1311
1316
1766
1317
1767
1313
1315
4116
1314
1316
1317
1316
4119
1317
1319
1327
1330
1867
4122
1320
1328
1331
1868
1329
1332
1869
1322
1330
1333
4125
1323
1331
1334
1332
1335
1325
1327
1333
4128
1326
1328
1334
1329
1335
1328
1780
4131
1329
1781
1782
1331
4134
1332
1334
4137
1335
1337
1339
1345
4152
1338
1340
1346
1341
1347
1340
1342
4140
1341
1343
1344
1343
1351
4143
1344
1352
1353
1346
1348
4146
1347
1349
1350
1349
1351
1879
4149
1350
1352
1880
1353
1881
1352
1789
4155
1353
1790
1791
1355
1356
1360
1810
4158
1357
1361
1811
1357
1358
4161
1359
1359
1364
4164
1365
1361
1362
1900
4167
1363
1901
1363
1364
4170
1365
1365
4173
1367
1368
1370
2464
4176
1369
1371
2465
1369
1374
1914
4179
1375
1915
1371
1376
1828
4182
1377
1829
1373
1374
1376
1464
4185
1375
1377
1465
1375
2000
4188
2001
1377
4191
1379
1381
1384
2476
4200
1380
1382
1385
2477
1383
1386
2478
1382
1387
1930
4206
1383
1388
1931
1389
1932
1385
1393
1843
4203
1386
1394
1844
1395
1845
1388
1390
2008
4197
1389
1391
2009
1392
2010
1391
1393
1474
4194
1392
1394
1475
1395
1476
1394
4209
1395
1397
1405
1408
2035
4212
1398
1406
1409
2036
1407
1410
2037
1400
1402
1405
2491
4215
1401
1403
1406
2492
1404
1407
2493
1403
1411
1864
4221
1404
1412
1865
1413
1866
1406
1945
4218
1407
1946
1947
1409
1411
1495
4224
1410
1412
1496
1413
1497
1412
4227
1413
1415
1420
1423
4230
1416
1421
1424
1422
1425
1418
1426
1429
1957
4233
1419
1427
1430
1958
1428
1431
1959
1421
1426
1519
4239
1422
1427
1520
1428
1521
1424
1429
1888
4242
1425
1430
1889
1431
1890
1427
2056
4245
1428
2057
2058
1430
2509
4236
1431
2510
2511
1433
1434
1438
1980
4251
1435
1439
1981
1435
1436
2532
4248
1437
2533
1437
1442
1894
4257
1443
1895
1439
1440
2068
4254
1441
2069
1441
1442
1528
4260
1443
1529
1443
4263
1445
1446
1450
2080
4266
1447
1451
2081
1447
1448
1988
4269
1449
1989
1449
1454
2454
4272
1455
2455
1451
1452
1534
4275
1453
1535
1453
1454
4278
1455
1455
1822
4281
1823
1457
1458
1462
1550
4284
1459
1463
1551
1459
1460
4287
1461
1461
1464
4290
1465
1463
1466
2096
4293
1467
2097
1465
1466
4296
1467
1467
2006
4299
2007
1469
1471
1474
4305
1470
1472
1475
1473
1476
1472
1480
4302
1473
1481
1482
1475
1477
4308
1476
1478
1479
1478
1483
2014
4314
1479
1484
2015
1485
2016
1481
1483
1564
4311
1482
1484
1565
1485
1484
2109
4317
1485
2110
2111
1487
1489
1498
2115
4320
1488
1490
1499
2116
1491
1500
2117
1490
1492
1576
4329
1491
1493
1577
1494
1578
1493
1501
4335
1494
1502
1503
1496
1498
1501
4326
1497
1499
1502
1500
1503
1499
2026
4323
1500
2027
2028
1502
4332
1503
1505
1507
1510
1588
4353
1506
1508
1511
1589
1509
1512
1590
1508
1516
2142
4350
1509
1517
2143
1518
2144
1511
1513
4347
1512
1514
1515
1514
1519
4341
1515
1520
1521
1517
1519
2059
4344
1518
1520
2060
1521
2061
1520
4338
1521
1523
1524
1526
4356
1525
1527
1525
1528
4365
1529
1527
1530
1612
4359
1531
1613
1529
1532
4371
1533
1531
1532
2148
4362
1533
2149
1533
2072
4368
2073
1535
1536
1540
4380
1537
1541
1537
1538
2084
4377
1539
2085
1539
1542
2170
4374
1543
2171
1541
1544
4386
1545
1543
1544
1628
4383
1545
1629
1545
4389
1547
1548
1550
4404
1549
1551
1549
1556
4401
1557
1551
1554
4395
1555
1553
1554
1556
2186
4398
1555
1557
2187
1555
2092
4392
2093
1557
1646
4407
1647
1559
1560
1562
2198
4416
1561
1563
2199
1561
1568
1654
4410
1569
1655
1563
1564
2107
4425
1565
2108
1565
1566
4419
1567
1567
1568
4413
1569
1569
4422
1571
1573
1576
4443
1572
1574
1577
1575
1578
1574
1579
4440
1575
1580
1581
1577
1582
4434
1578
1583
1584
1580
1585
1663
4437
1581
1586
1664
1587
1665
1583
1585
2124
4428
1584
1586
2125
1587
2126
1586
2209
4431
1587
2210
2211
1589
1591
1597
4446
1590
1592
1598
1593
1599
1592
1594
2145
4449
1593
1595
2146
1596
2147
1595
1603
2221
4452
1596
1604
2222
1605
2223
1598
1600
4455
1599
1601
1602
1601
1603
4458
1602
1604
1605
1604
1681
4461
1605
1682
1683
1607
1612
1618
2150
4476
1608
1613
1619
2151
1614
1620
2152
1610
1618
1621
1708
4467
1611
1619
1622
1709
1620
1623
1710
1613
1615
4470
1614
1616
1617
1616
1621
4473
1617
1622
1623
1619
2239
4479
1620
2240
2241
1622
4464
1623
1625
1626
1628
4482
1627
1629
1627
1630
4485
1631
1629
1632
4488
1633
1631
1634
1720
4491
1635
1721
1633
1634
2166
4494
1635
2167
1635
2260
4497
2261
1637
1640
1644
1736
4500
1641
1645
1737
1639
1640
1646
2182
4503
1641
1647
2183
1641
2272
4506
2273
1643
1644
1646
4509
1645
1647
1645
4512
1647
4515
1649
1650
1656
2282
4518
1651
1657
2283
1651
1652
1742
4521
1653
1743
1653
1658
4524
1659
1655
1656
1658
4527
1657
1659
1657
2194
4530
2195
1659
4533
1661
1666
1669
4536
1662
1667
1670
1668
1671
1664
1669
1672
4542
1665
1670
1673
1671
1674
1667
1675
1756
4545
1668
1676
1757
1677
1758
1670
4539
1671
1673
1675
2215
4548
1674
1676
2216
1677
2217
1676
2290
4551
1677
2291
2292
1679
1681
1684
2224
4554
1680
1682
1685
2225
1683
1686
2226
1682
1690
4557
1683
1691
1692
1685
1687
2317
4560
1686
1688
2318
1689
2319
1688
1693
1771
4563
1689
1694
1772
1695
1773
1691
1693
4566
1692
1694
1695
1694
4569
1695
1697
1699
1702
2335
4572
1698
1700
1703
2336
1701
1704
2337
1700
1705
1792
4584
1701
1706
1793
1707
1794
1703
1708
2242
4587
1704
1709
2243
1710
2244
1706
1711
4575
1707
1712
1713
1709
1711
4578
1710
1712
1713
1712
4581
1713
1715
1716
1720
2264
4593
1717
1721
2265
1717
1718
2344
4590
1719
2345
1719
1724
1814
4596
1725
1815
1721
1722
4599
1723
1723
1724
4605
1725
1725
4602
1727
1728
1730
1826
4608
1729
1731
1827
1729
1732
4611
1733
1731
1734
2364
4614
1735
2365
1733
1736
4617
1737
1735
1736
2266
4620
1737
2267
1737
4623
1739
1740
1742
4626
1741
1743
1741
1744
4629
1745
1743
1746
4635
1747
1745
1748
1832
4641
1749
1833
1747
1748
2286
4632
1749
2287
1749
2372
4638
2373
1751
1753
1759
2389
4644
1752
1754
1760
2390
1755
1761
2391
1754
1756
2293
4647
1755
1757
2294
1758
2295
1757
1762
4650
1758
1763
1764
1760
1765
1849
4653
1761
1766
1850
1767
1851
1763
1765
4656
1764
1766
1767
1766
4659
1767
1769
1771
1780
4662
1770
1772
1781
1773
1782
1772
1774
4665
1773
1775
1776
1775
1783
2314
4668
1776
1784
2315
1785
2316
1778
1780
1783
1858
4671
1779
1781
1784
1859
1782
1785
1860
1781
4674
1782
1784
2404
4677
1785
2405
2406
1787
1789
1792
4680
1788
1790
1793
1791
1794
1790
1795
4686
1791
1796
1797
1793
1798
4683
1794
1799
1800
1796
1801
1876
4692
1797
1802
1877
1803
1878
1799
1801
2332
4689
1800
1802
2333
1803
2334
1802
2425
4695
1803
2426
2427
1805
1806
1808
2440
4710
1807
1809
2441
1807
1814
2348
4707
1815
2349
1809
1810
1904
4713
1811
1905
1811
1812
4704
1813
1813
1814
4698
1815
1815
4701
1817
1818
1822
2456
4716
1819
1823
2457
1819
1826
2366
4719
1827
2367
1821
1822
1824
4722
1823
1825
1823
4725
1825
1826
4728
1827
1827
4731
1829
1834
1836
4734
1835
1837
1831
1832
1834
4737
1833
1835
1833
1838
4740
1839
1835
4743
1837
1838
2466
4746
1839
2467
1839
2378
4749
2379
1841
1846
1849
4752
1842
1847
1850
1848
1851
1844
1846
1855
4755
1845
1847
1856
1848
1857
1847
4758
1848
1850
1852
4761
1851
1853
1854
1853
1855
2392
4767
1854
1856
2393
1857
2394
1856
2485
4764
1857
2486
2487
1859
1861
1867
4770
1860
1862
1868
1863
1869
1862
1870
2413
4773
1863
1871
2414
1872
2415
1865
1870
1873
4776
1866
1871
1874
1872
1875
1868
1873
4779
1869
1874
1875
1871
2488
4782
1872
2489
2490
1874
4785
1875
1877
1879
1885
4788
1878
1880
1886
1881
1887
1880
1882
4791
1881
1883
1884
1883
1888
4794
1884
1889
1890
1886
1891
2431
4797
1887
1892
2432
1893
2433
1889
1891
4800
1890
1892
1893
1892
2506
4803
1893
2507
2508
1895
1896
1898
4815
1897
1899
1897
1900
4818
1901
1899
1902
2534
4821
1903
2535
1901
1904
4809
1905
1903
1904
2434
4812
1905
2435
1905
4806
1907
1912
1914
2458
4824
1913
1915
2459
1909
1914
1916
1996
4827
1915
1917
1997
1911
1912
1916
4830
1913
1917
1913
4833
1915
4836
1917
4839
1919
1927
1930
2011
4842
1920
1928
1931
2012
1929
1932
2013
1922
1927
1933
4845
1923
1928
1934
1929
1935
1925
1930
1933
2473
4848
1926
1931
1934
2474
1932
1935
2475
1928
4851
1929
1931
4854
1932
1934
4857
1935
1937
1939
1942
4860
1938
1940
1943
1941
1944
1940
1945
2494
4863
1941
1946
2495
1947
2496
1943
1951
4866
1944
1952
1953
1946
1948
4869
1947
1949
1950
1949
1951
2038
4872
1950
1952
2039
1953
2040
1952
4875
1953
1955
1960
1969
4878
1956
1961
1970
1962
1971
1958
1963
1966
4893
1959
1964
1967
1965
1968
1961
1966
4884
1962
1967
1968
1964
1969
2053
4887
1965
1970
2054
1971
2055
1967
2512
4890
1968
2513
2514
1970
4881
1971
1973
1976
1982
4896
1977
1983
1975
1976
1980
2062
4902
1977
1981
2063
1977
4905
1979
1980
1982
2526
4899
1981
1983
2527
1981
4908
1983
4911
1985
1990
1992
4929
1991
1993
1987
1988
1992
2074
4914
1989
1993
2075
1989
1994
4917
1995
1991
1994
4920
1995
1993
4923
1995
2450
4926
2451
1997
1998
2000
4938
1999
2001
1999
2004
4941
2005
2001
2006
4947
2007
2003
2004
2006
2094
4932
2005
2007
2095
2005
4944
2007
4935
2009
2011
2014
4959
2010
2012
2015
2013
2016
2012
2023
4965
2013
2024
2025
2015
2020
4953
2016
2021
2022
2018
2020
2023
4950
2019
2021
2024
2022
2025
2021
2104
4956
2022
2105
2106
2024
4962
2025
2027
2029
2035
4968
2028
2030
2036
2031
2037
2030
2032
2112
4971
2031
2033
2113
2034
2114
2033
2041
4974
2034
2042
2043
2036
2038
4977
2037
2039
2040
2039
2041
4980
2040
2042
2043
2042
4983
2043
2045
2050
2059
2136
4998
2046
2051
2060
2137
2052
2061
2138
2048
2050
2053
4986
2049
2051
2054
2052
2055
2051
5001
2052
2054
2056
4989
2055
2057
2058
2057
2059
4995
2058
2060
2061
2060
4992
2061
2063
2064
2068
5016
2065
2069
2065
2066
5019
2067
2067
2070
5013
2071
2069
2072
5010
2073
2071
2072
2153
5004
2073
2154
2073
5007
2075
2076
2080
5022
2077
2081
2077
2078
5025
2079
2079
2082
5028
2083
2081
2084
5031
2085
2083
2084
2174
5034
2085
2175
2085
5037
2087
2088
2090
5055
2089
2091
2089
2092
2180
5040
2093
2181
2091
2094
5052
2095
2093
2096
5043
2097
2095
2096
5046
2097
2097
5049
2099
2100
2102
5058
2101
2103
2101
2107
2196
5061
2108
2197
2103
2104
5064
2105
2105
2109
5067
2106
2110
2111
2108
2109
5070
2110
2110
5073
2111
2113
2115
2121
5079
2114
2116
2122
2117
2123
2116
2124
5085
2117
2125
2126
2119
2124
2127
2200
5076
2120
2125
2128
2201
2126
2129
2202
2122
2127
5082
2123
2128
2129
2125
5088
2126
2128
5091
2129
2131
2133
2139
5100
2132
2134
2140
2135
2141
2134
2136
5094
2135
2137
2138
2137
2142
5097
2138
2143
2144
2140
2145
2218
5109
2141
2146
2219
2147
2220
2143
2145
5103
2144
2146
2147
2146
5106
2147
2149
2150
2153
5124
2151
2154
2151
2155
5127
2152
2156
2157
2154
2158
5118
2159
2156
2161
2236
5121
2157
2162
2237
2163
2238
2159
2161
5112
2160
2162
2163
2162
5115
2163
2165
2166
2168
2254
5133
2167
2169
2255
2167
2170
5145
2171
2169
2172
5142
2173
2171
2174
5139
2175
2173
2174
5136
2175
2175
5130
2177
2178
2184
5148
2179
2185
2179
2182
2270
5151
2183
2271
2181
2184
2186
5157
2185
2187
2183
2186
5154
2187
2185
5160
2187
5163
2189
2190
2192
5172
2191
2193
2191
2194
2288
5169
2195
2289
2193
2196
5175
2197
2195
2198
5166
2199
2197
2198
5178
2199
2199
5181
2201
2203
2209
5184
2202
2204
2210
2205
2211
2204
2212
5187
2205
2213
2214
2207
2212
2215
2299
5190
2208
2213
2216
2300
2214
2217
2301
2210
2215
5193
2211
2216
2217
2213
5196
2214
2216
5199
2217
2219
2221
2227
5202
2220
2222
2228
2223
2229
2222
2224
5205
2223
2225
2226
2225
2233
5208
2226
2234
2235
2228
2230
5211
2229
2231
2232
2231
2233
5214
2232
2234
2235
2234
2308
5217
2235
2309
2310
2237
2239
2245
5220
2238
2240
2246
2241
2247
2240
2242
5223
2241
2243
2244
2243
2248
5226
2244
2249
2250
2246
2251
5229
2247
2252
2253
2249
2251
2326
5232
2250
2252
2327
2253
2328
2252
5235
2253
2255
2256
2260
5253
2257
2261
2257
2262
5247
2263
2259
2262
2264
2346
5238
2263
2265
2347
2261
2264
5250
2265
2263
5244
2265
5241
2267
2268
2272
5256
2269
2273
2269
2274
2358
5259
2275
2359
2271
2272
2276
5262
2273
2277
2273
5265
2275
2276
5268
2277
2277
5271
2279
2280
2284
5274
2281
2285
2281
2286
2374
5277
2287
2375
2283
2286
2288
5280
2287
2289
2285
2288
5283
2289
2287
5286
2289
5289
2291
2293
2299
5292
2292
2294
2300
2295
2301
2294
2296
5295
2295
2297
2298
2297
2305
2380
5298
2298
2306
2381
2307
2382
2300
2302
5301
2301
2303
2304
2303
2305
5304
2304
2306
2307
2306
5307
2307
2309
2317
2320
5310
2310
2318
2321
2319
2322
2312
2320
2323
5313
2313
2321
2324
2322
2325
2315
2317
2323
5316
2316
2318
2324
2319
2325
2318
5319
2319
2321
5322
2322
2324
2398
5325
2325
2399
2400
2327
2335
2338
5328
2328
2336
2339
2337
2340
2330
2338
2341
5331
2331
2339
2342
2340
2343
2333
2335
2341
5334
2334
2336
2342
2337
2343
2336
5337
2337
2339
5340
2340
2342
2428
5343
2343
2429
2430
2345
2346
2348
5349
2347
2349
2347
2352
5346
2353
2349
2350
5352
2351
2351
2354
2444
5355
2355
2445
2353
2354
5358
2355
2355
5361
2357
2358
2360
5370
2359
2361
2359
2364
5373
2365
2361
2362
5367
2363
2363
2366
2452
5364
2367
2453
2365
2366
5379
2367
2367
5376
2369
2370
2378
2462
5382
2371
2379
2463
2371
2376
5385
2377
2373
2374
2378
5388
2375
2379
2375
2376
5391
2377
2377
5394
2379
5397
2381
2383
2389
5412
2382
2384
2390
2385
2391
2384
2386
5406
2385
2387
2388
2387
2395
5403
2388
2396
2397
2390
2392
5409
2391
2393
2394
2393
2395
5400
2394
2396
2397
2396
2482
5415
2397
2483
2484
2399
2401
2404
5433
2400
2402
2405
2403
2406
2402
2410
5421
2403
2411
2412
2405
2413
5430
2406
2414
2415
2408
2410
2413
2497
5418
2409
2411
2414
2498
2412
2415
2499
2411
5424
2412
2414
5427
2415
2417
2419
2422
5436
2418
2420
2423
2421
2424
2420
2428
5442
2421
2429
2430
2423
2431
2515
5439
2424
2432
2516
2433
2517
2426
2428
2431
5445
2427
2429
2432
2430
2433
2429
5448
2430
2432
5451
2433
2435
2436
2440
5454
2437
2441
2437
2438
2524
5457
2439
2525
2439
2442
5460
2443
2441
2444
5463
2445
2443
2444
5466
2445
2445
5469
2447
2448
2450
5475
2449
2451
2449
2452
5484
2453
2451
2454
5481
2455
2453
2456
5487
2457
2455
2456
5478
2457
2457
5472
2459
2460
2464
5499
2461
2465
2461
2468
5493
2469
2463
2466
2468
5490
2467
2469
2465
2466
5505
2467
2467
5502
2469
5496
2471
2473
2479
5514
2472
2474
2480
2475
2481
2474
2476
5511
2475
2477
2478
2477
2485
5508
2478
2486
2487
2480
2482
5523
2481
2483
2484
2483
2485
5517
2484
2486
2487
2486
5520
2487
2489
2491
2497
5526
2490
2492
2498
2493
2499
2492
2494
5529
2493
2495
2496
2495
2500
5532
2496
2501
2502
2498
2503
5535
2499
2504
2505
2501
2503
5538
2502
2504
2505
2504
5541
2505
2507
2509
2515
5547
2508
2510
2516
2511
2517
2510
2512
5544
2511
2513
2514
2513
2518
5550
2514
2519
2520
2516
2521
5553
2517
2522
2523
2519
2521
5556
2520
2522
2523
2522
5559
2523
2525
2530
2534
5565
2531
2535
2527
2528
2532
5562
2529
2533
2529
2530
5568
2531
2531
5577
2533
2534
5571
2535
2535
5574
2537
2539
2542
2602
2538
2540
2543
2603
2541
2544
2604
2540
2551
2620
2541
2552
2621
2553
2622
2543
2545
2572
2544
2546
2573
2547
2574
2546
2548
2563
2547
2549
2564
2550
2565
2549
2551
2644
2550
2552
2645
2553
2646
2552
2635
2553
2636
2637
2555
2560
2569
2773
2556
2561
2570
2774
2562
2571
2775
2558
2560
2566
2788
2559
2561
2567
2789
2562
2568
2790
2561
2671
2562
2672
2673
2564
2566
2569
2565
2567
2570
2568
2571
2567
2575
2568
2576
2577
2570
2653
2571
2654
2655
2573
2575
2584
2574
2576
2585
2577
2586
2576
2587
2577
2588
2589
2579
2581
2584
2806
2580
2582
2585
2807
2583
2586
2808
2582
2587
2695
2583
2588
2696
2589
2697
2585
2605
2586
2606
2607
2588
2794
2589
2795
2796
2591
2599
2602
2614
2592
2600
2603
2615
2601
2604
2616
2594
2596
2605
2809
2595
2597
2606
2810
2598
2607
2811
2597
2599
2698
2598
2600
2699
2601
2700
2600
2836
2601
2837
2838
2603
2605
2604
2606
2607
2606
2607
2609
2611
2614
2830
2610
2612
2615
2831
2613
2616
2832
2612
2617
2728
2613
2618
2729
2619
2730
2615
2620
2616
2621
2622
2618
2623
2854
2619
2624
2855
2625
2856
2621
2623
2622
2624
2625
2624
2641
2625
2642
2643
2627
2632
2641
2842
2628
2633
2642
2843
2634
2643
2844
2630
2632
2638
2860
2631
2633
2639
2861
2634
2640
2862
2633
2749
2634
2750
2751
2636
2638
2641
2637
2639
2642
2640
2643
2639
2647
2640
2648
2649
2642
2643
2645
2647
2653
2646
2648
2654
2649
2655
2648
2656
2649
2657
2658
2651
2656
2659
2752
2652
2657
2660
2753
2658
2661
2754
2654
2659
2655
2660
2661
2657
2866
2658
2867
2868
2660
2770
2661
2771
2772
2663
2665
2677
2992
2664
2666
2678
2993
2667
2679
2994
2666
2668
2878
2667
2669
2879
2670
2880
2669
2674
3118
2670
2675
3119
2676
3120
2672
2674
2677
2673
2675
2678
2676
2679
2675
2791
2676
2792
2793
2678
2782
2679
2783
2784
2681
2689
2692
2905
2682
2690
2693
2906
2691
2694
2907
2684
2692
2695
2797
2685
2693
2696
2798
2694
2697
2799
2687
2689
2695
2812
2688
2690
2696
2813
2691
2697
2814
2690
3139
2691
3140
3141
2693
3016
2694
3017
3018
2696
2697
2699
2701
2704
2700
2702
2705
2703
2706
2702
2710
2824
2703
2711
2825
2712
2826
2705
2713
2815
2706
2714
2816
2715
2817
2708
2710
2713
2926
2709
2711
2714
2927
2712
2715
2928
2711
3157
2712
3158
3159
2714
3025
2715
3026
3027
2717
2722
2731
3172
2718
2723
2732
3173
2724
2733
3174
2720
2725
2728
2839
2721
2726
2729
2840
2727
2730
2841
2723
2728
2851
2724
2729
2852
2730
2853
2726
2731
3046
2727
2732
3047
2733
3048
2729
2730
2732
2935
2733
2936
2937
2735
2740
2749
2872
2736
2741
2750
2873
2742
2751
2874
2738
2740
2746
2953
2739
2741
2747
2954
2742
2748
2955
2741
3187
2742
3188
3189
2744
2746
2749
2845
2745
2747
2750
2846
2748
2751
2847
2747
3070
2748
3071
3072
2750
2751
2753
2755
2758
2754
2756
2759
2757
2760
2756
2761
2776
2757
2762
2777
2763
2778
2759
2767
2863
2760
2768
2864
2769
2865
2762
2764
3100
2763
2765
3101
2766
3102
2765
2767
2980
2766
2768
2981
2769
2982
2768
3088
2769
3089
3090
2771
2773
2776
2772
2774
2777
2775
2778
2774
2782
2775
2783
2784
2777
2779
2778
2780
2781
2780
2785
3097
2781
2786
3098
2787
3099
2783
2785
2784
2786
2787
2786
3001
2787
3002
3003
2789
2791
2794
2790
2792
2795
2793
2796
2792
2803
2793
2804
2805
2795
2797
2796
2798
2799
2798
2800
2799
2801
2802
2801
2803
3004
2802
2804
3005
2805
3006
2804
3121
2805
3122
3123
2807
2809
2812
2808
2810
2813
2811
2814
2810
2815
2811
2816
2817
2813
2818
2814
2819
2820
2816
2821
2817
2822
2823
2819
2821
3142
2820
2822
3143
2823
3144
2822
3028
2823
3029
3030
2825
2827
2836
2826
2828
2837
2829
2838
2828
2833
3148
2829
2834
3149
2835
3150
2831
2836
2839
2832
2837
2840
2838
2841
2834
2839
3040
2835
2840
3041
2841
3042
2837
2838
2840
2841
2843
2845
2854
2844
2846
2855
2847
2856
2846
2848
2847
2849
2850
2849
2857
3058
2850
2858
3059
2859
3060
2852
2854
2857
2853
2855
2858
2856
2859
2855
2856
2858
3169
2859
3170
3171
2861
2866
2872
2862
2867
2873
2868
2874
2864
2866
2875
2865
2867
2876
2868
2877
2867
2868
2870
2872
2875
3184
2871
2873
2876
3185
2874
2877
3186
2873
2874
2876
3079
2877
3080
3081
2879
2887
2890
2880
2888
2891
2889
2892
2882
2884
2887
3550
2883
2885
2888
3551
2886
2889
3552
2885
2893
3208
2886
2894
3209
2895
3210
2888
3112
2889
3113
3114
2891
2893
2986
2892
2894
2987
2895
2988
2894
3316
2895
3317
3318
2897
2902
2905
3007
2898
2903
2906
3008
2904
2907
3009
2900
2902
2911
3229
2901
2903
2912
3230
2904
2913
3231
2903
3340
2904
3341
3342
2906
2908
2907
2909
2910
2909
2911
3133
2910
2912
3134
2913
3135
2912
3562
2913
3563
3564
2915
2917
2920
3580
2916
2918
2921
3581
2919
2922
3582
2918
2926
3163
2919
2927
3164
2928
3165
2921
2923
3241
2922
2924
3242
2925
3243
2924
2929
3355
2925
2930
3356
2931
3357
2927
2929
2928
2930
2931
2930
3022
2931
3023
3024
2933
2935
2944
3052
2934
2936
2945
3053
2937
2946
3054
2936
2941
2937
2942
2943
2939
2944
2947
3259
2940
2945
2948
3260
2946
2949
3261
2942
2947
3175
2943
2948
3176
2949
3177
2945
3379
2946
3380
3381
2948
3598
2949
3599
3600
2951
2953
2956
3061
2952
2954
2957
3062
2955
2958
3063
2954
2962
2955
2963
2964
2957
2959
3382
2958
2960
3383
2961
3384
2960
2965
3274
2961
2966
3275
2967
3276
2963
2965
3190
2964
2966
3191
2967
3192
2966
3616
2967
3617
3618
2969
2971
2977
3532
5578
2970
2972
2978
3533
2973
2979
3534
2972
2974
3301
5579
2973
2975
3302
2976
3303
2975
2983
3400
5580
2976
2984
3401
2985
3402
2978
2980
3106
5581
2979
2981
3107
2982
3108
2981
2983
2982
2984
2985
2984
3091
2985
3092
3093
2987
2989
2992
2988
2990
2993
2991
2994
2990
2998
3322
2991
2999
3323
3000
3324
2993
3001
2994
3002
3003
2996
2998
3001
3103
2997
2999
3002
3104
3000
3003
3105
2999
3433
3000
3434
3435
3002
3003
3005
3016
3019
3006
3017
3020
3018
3021
3008
3010
3016
3009
3011
3017
3012
3018
3011
3013
3337
3012
3014
3338
3015
3339
3014
3019
3451
3015
3020
3452
3021
3453
3017
3018
3020
3127
3021
3128
3129
3023
3025
3031
3024
3026
3032
3027
3033
3026
3028
3027
3029
3030
3029
3034
3030
3035
3036
3032
3037
3352
3033
3038
3353
3039
3354
3035
3037
3145
3036
3038
3146
3039
3147
3038
3460
3039
3461
3462
3041
3043
3046
3042
3044
3047
3045
3048
3044
3049
3151
3045
3050
3152
3051
3153
3047
3052
3048
3053
3054
3050
3055
3478
3051
3056
3479
3057
3480
3053
3055
3054
3056
3057
3056
3373
3057
3374
3375
3059
3070
3073
3060
3071
3074
3072
3075
3062
3067
3070
3063
3068
3071
3069
3072
3065
3067
3073
3502
3066
3068
3074
3503
3069
3075
3504
3068
3385
3069
3386
3387
3071
3072
3074
3178
3075
3179
3180
3077
3079
3082
3193
3078
3080
3083
3194
3081
3084
3195
3080
3088
3081
3089
3090
3083
3085
3520
3084
3086
3521
3087
3522
3086
3091
3403
3087
3092
3404
3093
3405
3089
3091
3090
3092
3093
3092
3093
3095
3103
3109
3421
5582
3096
3104
3110
3422
3105
3111
3423
3098
3100
3103
3099
3101
3104
3102
3105
3101
3106
3102
3107
3108
3104
3105
3107
3109
3108
3110
3111
3110
3538
5583
3111
3539
3540
3113
3115
3118
3114
3116
3119
3117
3120
3116
3124
3547
3117
3125
3548
3126
3549
3119
3121
3120
3122
3123
3122
3127
3123
3128
3129
3125
3127
3448
3126
3128
3449
3129
3450
3128
3129
3131
3133
3136
3568
3132
3134
3137
3569
3135
3138
3570
3134
3139
3135
3140
3141
3137
3145
3463
3138
3146
3464
3147
3465
3140
3142
3141
3143
3144
3143
3145
3144
3146
3147
3146
3147
3149
3151
3157
3150
3152
3158
3153
3159
3152
3154
3153
3155
3156
3155
3160
3472
3156
3161
3473
3162
3474
3158
3163
3159
3164
3165
3161
3163
3586
3162
3164
3587
3165
3588
3164
3165
3167
3178
3181
3496
3168
3179
3182
3497
3180
3183
3498
3170
3172
3178
3171
3173
3179
3174
3180
3173
3175
3174
3176
3177
3176
3181
3177
3182
3183
3179
3180
3182
3601
3183
3602
3603
3185
3187
3193
3186
3188
3194
3189
3195
3188
3190
3189
3191
3192
3191
3196
3192
3197
3198
3194
3199
3195
3200
3201
3197
3199
3619
3198
3200
3620
3201
3621
3200
3508
3201
3509
3510
3203
3205
3217
3649
5584
3204
3206
3218
3650
3207
3219
3651
3206
3211
4099
3207
3212
4100
3213
4101
3209
3211
3214
3210
3212
3215
3213
3216
3212
3559
3213
3560
3561
3215
3217
3319
5585
3216
3218
3320
3219
3321
3218
3754
5586
3219
3755
3756
3221
3223
3226
3769
3222
3224
3227
3770
3225
3228
3771
3224
3229
3343
3225
3230
3344
3231
3345
3227
3232
3655
3228
3233
3656
3234
3657
3230
3235
3231
3236
3237
3233
3235
4108
3234
3236
4109
3237
4110
3236
3565
3237
3566
3567
3239
3244
3247
3778
3240
3245
3248
3779
3246
3249
3780
3242
3244
3253
3243
3245
3254
3246
3255
3245
3361
3246
3362
3363
3248
3250
3682
3249
3251
3683
3252
3684
3251
3253
4123
3252
3254
4124
3255
4125
3254
3583
3255
3584
3585
3257
3262
3268
4150
3258
3263
3269
4151
3264
3270
4152
3260
3265
3268
3261
3266
3269
3267
3270
3263
3271
3688
3264
3272
3689
3273
3690
3266
3271
3367
3267
3272
3368
3273
3369
3269
3604
3270
3605
3606
3272
3811
3273
3812
3813
3275
3280
3283
3276
3281
3284
3282
3285
3278
3280
3289
3820
3279
3281
3290
3821
3282
3291
3822
3281
3388
3282
3389
3390
3284
3286
3622
3285
3287
3623
3288
3624
3287
3289
4171
3288
3290
4172
3291
4173
3290
3715
3291
3716
3717
3293
3298
3304
3727
5587
3294
3299
3305
3728
3300
3306
3729
3296
3301
3304
3529
5589
3297
3302
3305
3530
3303
3306
3531
3299
3307
3838
5590
3300
3308
3839
3309
3840
3302
3307
5592
3303
3308
3309
3305
4078
5588
3306
4079
4080
3308
3409
5591
3309
3410
3411
3311
3313
3322
3424
5597
3312
3314
3323
3425
3315
3324
3426
3314
3325
3862
5598
3315
3326
3863
3327
3864
3317
3319
3322
5593
3318
3320
3323
3321
3324
3320
3325
5594
3321
3326
3327
3323
5595
3324
3326
3757
5596
3327
3758
3759
3329
3334
3337
3442
3330
3335
3338
3443
3336
3339
3444
3332
3334
3343
3772
3333
3335
3344
3773
3336
3345
3774
3335
3871
3336
3872
3873
3338
3340
3339
3341
3342
3341
3343
3342
3344
3345
3344
3345
3347
3352
3358
3454
3348
3353
3359
3455
3354
3360
3456
3350
3358
3361
3793
3351
3359
3362
3794
3360
3363
3795
3353
3355
3354
3356
3357
3356
3361
3357
3362
3363
3359
3898
3360
3899
3900
3362
3363
3365
3373
3376
3487
3366
3374
3377
3488
3375
3378
3489
3368
3370
3379
3369
3371
3380
3372
3381
3371
3376
3805
3372
3377
3806
3378
3807
3374
3379
3375
3380
3381
3377
3913
3378
3914
3915
3380
3381
3383
3385
3388
3384
3386
3389
3387
3390
3386
3391
3387
3392
3393
3389
3394
3390
3395
3396
3392
3397
3493
3393
3398
3494
3399
3495
3395
3397
3814
3396
3398
3815
3399
3816
3398
3922
3399
3923
3924
3401
3403
3409
5599
3402
3404
3410
3405
3411
3404
3412
5600
3405
3413
3414
3407
3409
3415
3832
5601
3408
3410
3416
3833
3411
3417
3834
3410
5602
3411
3413
3415
3523
5603
3414
3416
3524
3417
3525
3416
3949
5604
3417
3950
3951
3419
3424
3430
3856
5606
3420
3425
3431
3857
3426
3432
3858
3422
3427
3433
5605
3423
3428
3434
3429
3435
3425
3433
5608
3426
3434
3435
3428
3430
3541
5609
3429
3431
3542
3432
3543
3431
3973
5610
3432
3974
3975
3434
5607
3435
3437
3439
3445
3991
3438
3440
3446
3992
3441
3447
3993
3440
3442
3874
3441
3443
3875
3444
3876
3443
3451
3444
3452
3453
3446
3448
3553
3447
3449
3554
3450
3555
3449
3451
3450
3452
3453
3452
3453
3455
3457
3460
3456
3458
3461
3459
3462
3458
3466
3892
3459
3467
3893
3468
3894
3461
3463
3462
3464
3465
3464
3469
3465
3470
3471
3467
3469
4009
3468
3470
4010
3471
4011
3470
3571
3471
3572
3573
3473
3475
3478
3474
3476
3479
3477
3480
3476
3484
3589
3477
3485
3590
3486
3591
3479
3487
3480
3488
3489
3482
3484
3487
3916
3483
3485
3488
3917
3486
3489
3918
3485
4018
3486
4019
4020
3488
3489
3491
3493
3499
3925
3492
3494
3500
3926
3495
3501
3927
3494
3502
3495
3503
3504
3497
3502
3505
3498
3503
3506
3504
3507
3500
3505
4042
3501
3506
4043
3507
4044
3503
3504
3506
3610
3507
3611
3612
3509
3514
3520
3510
3515
3521
3516
3522
3512
3517
3523
3943
5611
3513
3518
3524
3944
3519
3525
3945
3515
3517
3625
3516
3518
3626
3519
3627
3518
4051
3519
4052
4053
3521
3523
3522
3524
3525
3524
3525
3527
3529
3535
4069
5612
3528
3530
3536
4070
3531
3537
4071
3530
3532
5613
3531
3533
3534
3533
3538
5614
3534
3539
3540
3536
3541
3961
5615
3537
3542
3962
3543
3963
3539
3541
5616
3540
3542
3543
3542
5617
3543
3545
3553
3556
3988
3546
3554
3557
3989
3555
3558
3990
3548
3550
3553
3549
3551
3554
3552
3555
3551
3559
3552
3560
3561
3554
3555
3557
3559
4093
3558
3560
4094
3561
4095
3560
3561
3563
3565
3568
3564
3566
3569
3567
3570
3566
3574
3567
3575
3576
3569
3571
3570
3572
3573
3572
3577
3573
3578
3579
3575
3577
4114
3576
3578
4115
3579
4116
3578
4003
3579
4004
4005
3581
3583
3586
3582
3584
3587
3585
3588
3584
3592
3585
3593
3594
3587
3589
3588
3590
3591
3590
3595
3591
3596
3597
3593
3595
4135
3594
3596
4136
3597
4137
3596
4021
3597
4022
4023
3599
3601
3604
3600
3602
3605
3603
3606
3602
3610
3603
3611
3612
3605
3607
3606
3608
3609
3608
3613
4138
3609
3614
4139
3615
4140
3611
3613
3612
3614
3615
3614
4036
3615
4037
4038
3617
3619
3622
3618
3620
3623
3621
3624
3620
3625
3621
3626
3627
3623
3628
3624
3629
3630
3626
3631
3627
3632
3633
3629
3631
4162
3630
3632
4163
3633
4164
3632
4063
3633
4064
4065
3635
3637
3640
4741
5621
3636
3638
3641
4742
3639
3642
4743
3638
3646
4189
5618
3639
3647
4190
3648
4191
3641
3649
4084
5619
3642
3650
4085
3651
4086
3644
3646
3649
3745
5620
3645
3647
3650
3746
3648
3651
3747
3647
4288
5622
3648
4289
4290
3650
5623
3651
3653
3658
3664
4207
3654
3659
3665
4208
3660
3666
4209
3656
3661
3667
3657
3662
3668
3663
3669
3659
3661
4303
3660
3662
4304
3663
4305
3662
3763
3663
3764
3765
3665
3667
4756
3666
3668
4757
3669
4758
3668
4102
3669
4103
4104
3671
3673
3679
4330
3672
3674
3680
4331
3675
3681
4332
3674
3682
3784
3675
3683
3785
3684
3786
3677
3679
3685
4783
3678
3680
3686
4784
3681
3687
4785
3680
4225
3681
4226
4227
3683
3685
3684
3686
3687
3686
4132
3687
4133
4134
3689
3691
3694
3690
3692
3695
3693
3696
3692
3700
4144
3693
3701
4145
3702
4146
3695
3697
3799
3696
3698
3800
3699
3801
3698
3703
4339
3699
3704
4340
3705
4341
3701
3703
4792
3702
3704
4793
3705
4794
3704
4228
3705
4229
4230
3707
3709
3712
4363
3708
3710
3713
4364
3711
3714
4365
3710
3715
3826
3711
3716
3827
3717
3828
3713
3718
4261
3714
3719
4262
3720
4263
3716
3721
3717
3722
3723
3719
3721
4816
3720
3722
4817
3723
4818
3722
4168
3723
4169
4170
3725
3727
3730
3844
5625
3726
3728
3731
3845
3729
3732
3846
3728
3733
5626
3729
3734
3735
3731
3739
4384
5624
3732
3740
4385
3741
4386
3734
3736
4081
5629
3735
3737
4082
3738
4083
3737
3739
4720
5627
3738
3740
4721
3741
4722
3740
4276
5628
3741
4277
4278
3743
3745
3751
4285
5631
3744
3746
3752
4286
3747
3753
4287
3746
3754
5630
3747
3755
3756
3749
3751
3757
3865
5632
3750
3752
3758
3866
3753
3759
3867
3752
4402
5633
3753
4403
4404
3755
3757
5634
3756
3758
3759
3758
5635
3759
3761
3763
3766
4300
3762
3764
3767
4301
3765
3768
4302
3764
3769
3765
3770
3771
3767
3775
4411
3768
3776
4412
3777
4413
3770
3772
3771
3773
3774
3773
3775
3774
3776
3777
3776
3868
3777
3869
3870
3779
3784
3793
3780
3785
3794
3786
3795
3782
3787
3790
4441
3783
3788
3791
4442
3789
3792
4443
3785
3787
3786
3788
3789
3788
4333
3789
4334
4335
3791
3793
3901
3792
3794
3902
3795
3903
3794
3795
3797
3799
3802
4345
3798
3800
3803
4346
3801
3804
4347
3800
3811
3801
3812
3813
3803
3808
4453
3804
3809
4454
3810
4455
3806
3808
3811
3807
3809
3812
3810
3813
3809
3907
3810
3908
3909
3812
3813
3815
3820
3829
3816
3821
3830
3822
3831
3818
3823
3829
4471
3819
3824
3830
4472
3825
3831
4473
3821
3826
3822
3827
3828
3824
3826
4354
3825
3827
4355
3828
4356
3827
3828
3830
3931
3831
3932
3933
3833
3835
3838
5640
3834
3836
3839
3837
3840
3836
3841
3952
5641
3837
3842
3953
3843
3954
3839
3844
5639
3840
3845
3846
3842
3847
4480
5636
3843
3848
4481
3849
4482
3845
3847
5637
3846
3848
3849
3848
4387
5638
3849
4388
4389
3851
3853
3859
4507
5643
3852
3854
3860
4508
3855
3861
4509
3854
3865
4399
5644
3855
3866
4400
3867
4401
3857
3859
3862
5645
3858
3860
3863
3861
3864
3860
3964
5642
3861
3965
3966
3863
3865
5647
3864
3866
3867
3866
5646
3867
3869
3871
3883
3870
3872
3884
3873
3885
3872
3874
3873
3875
3876
3875
3877
3876
3878
3879
3878
3880
3985
3879
3881
3986
3882
3987
3881
3883
4531
3882
3884
4532
3885
4533
3884
4420
3885
4421
4422
3887
3889
3892
4006
3888
3890
3893
4007
3891
3894
4008
3890
3895
4537
3891
3896
4538
3897
4539
3893
3898
3894
3899
3900
3896
3901
4438
3897
3902
4439
3903
4440
3899
3901
3900
3902
3903
3902
3903
3905
3907
3910
4456
3906
3908
3911
4457
3909
3912
4458
3908
3913
3909
3914
3915
3911
3919
4564
3912
3920
4565
3921
4566
3914
3916
3915
3917
3918
3917
3919
3918
3920
3921
3920
4012
3921
4013
4014
3923
3925
3931
3924
3926
3932
3927
3933
3926
3928
3927
3929
3930
3929
3937
4045
3930
3938
4046
3939
4047
3932
3934
3933
3935
3936
3935
3937
4462
3936
3938
4463
3939
4464
3938
4579
3939
4580
4581
3941
3943
3946
4048
5650
3942
3944
3947
4049
3945
3948
4050
3944
3949
5649
3945
3950
3951
3947
3955
4603
5652
3948
3956
4604
3957
4605
3950
3952
5648
3951
3953
3954
3953
3955
5651
3954
3956
3957
3956
4483
5653
3957
4484
4485
3959
3964
3970
4510
5654
3960
3965
3971
4511
3966
3972
4512
3962
3967
3973
5655
3963
3968
3974
3969
3975
3965
3973
5656
3966
3974
3975
3968
3970
4072
5657
3969
3971
4073
3972
4074
3971
4615
5658
3972
4616
4617
3974
5659
3975
3977
3982
3988
4096
3978
3983
3989
4097
3984
3990
4098
3980
3982
3985
4522
3981
3983
3986
4523
3984
3987
4524
3983
4624
3984
4625
4626
3986
3991
3987
3992
3993
3989
3991
3990
3992
3993
3992
3993
3995
3997
4000
4654
3996
3998
4001
4655
3999
4002
4656
3998
4006
4534
3999
4007
4535
4008
4536
4001
4003
4117
4002
4004
4118
4005
4119
4004
4009
4005
4010
4011
4007
4009
4008
4010
4011
4010
4011
4013
4015
4018
4014
4016
4019
4017
4020
4016
4024
4567
4017
4025
4568
4026
4569
4019
4021
4020
4022
4023
4022
4027
4023
4028
4029
4025
4027
4660
4026
4028
4661
4029
4662
4028
4126
4029
4127
4128
4031
4033
4036
4141
4032
4034
4037
4142
4035
4038
4143
4034
4039
4678
4035
4040
4679
4041
4680
4037
4042
4038
4043
4044
4040
4045
4573
4041
4046
4574
4047
4575
4043
4045
4044
4046
4047
4046
4047
4049
4051
4054
5660
4050
4052
4055
4053
4056
4052
4063
4053
4064
4065
4055
4057
4600
5661
4056
4058
4601
4059
4602
4058
4060
4696
5662
4059
4061
4697
4062
4698
4061
4063
4159
4062
4064
4160
4065
4161
4064
4065
4067
4075
4081
4726
5663
4068
4076
4082
4727
4077
4083
4728
4070
4072
4078
5665
4071
4073
4079
4074
4080
4073
4075
5668
4074
4076
4077
4076
4609
5664
4077
4610
4611
4079
4081
5667
4080
4082
4083
4082
5666
4083
4085
4090
4099
5669
4086
4091
4100
4092
4101
4088
4090
4096
4627
4089
4091
4097
4628
4092
4098
4629
4091
4735
5670
4092
4736
4737
4094
4096
4099
4095
4097
4100
4098
4101
4097
4098
4100
4101
4103
4105
4108
4104
4106
4109
4107
4110
4106
4111
4750
4107
4112
4751
4113
4752
4109
4114
4110
4115
4116
4112
4117
4657
4113
4118
4658
4119
4659
4115
4117
4116
4118
4119
4118
4119
4121
4129
4132
4777
4122
4130
4133
4778
4131
4134
4779
4124
4132
4135
4125
4133
4136
4134
4137
4127
4129
4135
4128
4130
4136
4131
4137
4130
4672
4131
4673
4674
4133
4134
4136
4137
4139
4141
4150
4140
4142
4151
4143
4152
4142
4153
4143
4154
4155
4145
4147
4150
4146
4148
4151
4149
4152
4148
4153
4789
4149
4154
4790
4155
4791
4151
4152
4154
4684
4155
4685
4686
4157
4159
4165
4702
4158
4160
4166
4703
4161
4167
4704
4160
4162
4161
4163
4164
4163
4171
4164
4172
4173
4166
4168
4807
4167
4169
4808
4170
4809
4169
4171
4170
4172
4173
4172
4173
4175
4177
4180
5503
5671
4176
4178
4181
5504
4179
4182
5505
4178
4186
4834
5672
4179
4187
4835
4188
4836
4181
4189
4732
5673
4182
4190
4733
4191
4734
4184
4186
4189
4294
5674
4185
4187
4190
4295
4188
4191
4296
4187
4945
5675
4188
4946
4947
4190
5676
4191
4193
4195
4207
4306
4194
4196
4208
4307
4197
4209
4308
4196
4204
4957
4197
4205
4958
4206
4959
4199
4201
4204
5506
4200
4202
4205
5507
4203
4206
5508
4202
4207
4753
4203
4208
4754
4209
4755
4205
4852
4206
4853
4854
4208
4209
4211
4216
4222
4975
4212
4217
4223
4976
4218
4224
4977
4214
4216
4219
5527
4215
4217
4220
5528
4218
4221
5529
4217
4867
4218
4868
4869
4220
4225
4774
4221
4226
4775
4227
4776
4223
4225
4324
4224
4226
4325
4227
4326
4226
4227
4229
4237
4240
4230
4238
4241
4239
4242
4232
4234
4243
4891
4233
4235
4244
4892
4236
4245
4893
4235
4240
5542
4236
4241
5543
4242
5544
4238
4243
4336
4239
4244
4337
4245
4338
4241
4798
4242
4799
4800
4244
4993
4245
4994
4995
4247
4249
4255
5569
4248
4250
4256
5570
4251
4257
5571
4250
4252
4906
4251
4253
4907
4254
4908
4253
4258
5008
4254
4259
5009
4260
5010
4256
4261
4813
4257
4262
4814
4263
4815
4259
4261
4369
4260
4262
4370
4263
4371
4262
4263
4265
4267
4273
5029
5677
4266
4268
4274
5030
4269
4275
5031
4268
4270
4915
5678
4269
4271
4916
4272
4917
4271
4279
5476
5679
4272
4280
5477
4281
5478
4274
4276
4378
5680
4275
4277
4379
4278
4380
4277
4279
5681
4278
4280
4281
4280
4723
5682
4281
4724
4725
4283
4285
4291
4393
5685
4284
4286
4292
4394
4287
4293
4395
4286
4288
5683
4287
4289
4290
4289
4294
5684
4290
4295
4296
4292
4297
5047
5687
4293
4298
5048
4299
5049
4295
4297
5686
4296
4298
4299
4298
4933
5688
4299
4934
4935
4301
4303
4309
4302
4304
4310
4305
4311
4304
4306
4305
4307
4308
4307
4312
4308
4313
4314
4310
4315
4417
4311
4316
4418
4317
4419
4313
4315
4951
4314
4316
4952
4317
4953
4316
5071
4317
5072
5073
4319
4321
4327
5083
4320
4322
4328
5084
4323
4329
5085
4322
4324
4966
4323
4325
4967
4326
4968
4325
4330
4326
4331
4332
4328
4333
4432
4329
4334
4433
4335
4434
4331
4333
4332
4334
4335
4334
4335
4337
4339
4342
4338
4340
4343
4341
4344
4340
4345
4341
4346
4347
4343
4348
4990
4344
4349
4991
4350
4992
4346
4351
4347
4352
4353
4349
4351
5101
4350
4352
5102
4353
5103
4352
4444
4353
4445
4446
4355
4357
4363
4356
4358
4364
4359
4365
4358
4360
4468
4359
4361
4469
4362
4470
4361
4366
5122
4362
4367
5123
4368
5124
4364
4369
4365
4370
4371
4367
4369
5005
4368
4370
5006
4371
5007
4370
4371
4373
4375
4381
5137
5691
4374
4376
4382
5138
4377
4383
5139
4376
4378
5035
5690
4377
4379
5036
4380
5037
4379
4384
5689
4380
4385
4386
4382
4387
4486
5693
4383
4388
4487
4389
4488
4385
4387
5692
4386
4388
4389
4388
5694
4389
4391
4393
4396
5041
5699
4392
4394
4397
5042
4395
4398
5043
4394
4402
5697
4395
4403
4404
4397
4405
5161
5698
4398
4406
5162
4407
5163
4400
4402
4405
5696
4401
4403
4406
4404
4407
4403
5695
4404
4406
4513
5700
4407
4514
4515
4409
4414
4420
4525
4410
4415
4421
4526
4416
4422
4527
4412
4417
4420
4413
4418
4421
4419
4422
4415
4423
5179
4416
4424
5180
4425
5181
4418
4423
4419
4424
4425
4421
4422
4424
5068
4425
5069
5070
4427
4429
4432
5086
4428
4430
4433
5087
4431
4434
5088
4430
4435
5191
4431
4436
5192
4437
5193
4433
4441
4434
4442
4443
4436
4438
4540
4437
4439
4541
4440
4542
4439
4441
4440
4442
4443
4442
4443
4445
4447
4453
4446
4448
4454
4449
4455
4448
4450
5104
4449
4451
5105
4452
5106
4451
4459
5203
4452
4460
5204
4461
5205
4454
4456
4455
4457
4458
4457
4459
4458
4460
4461
4460
4555
4461
4556
4557
4463
4465
4471
4464
4466
4472
4467
4473
4466
4477
4576
4467
4478
4577
4479
4578
4469
4471
4474
4470
4472
4475
4473
4476
4472
4473
4475
4477
5125
4476
4478
5126
4479
5127
4478
5221
4479
5222
5223
4481
4483
4486
5702
4482
4484
4487
4485
4488
4484
4489
5701
4485
4490
4491
4487
4492
5704
4488
4493
4494
4490
4495
4597
5703
4491
4496
4598
4497
4599
4493
4495
5143
5705
4494
4496
5144
4497
5145
4496
5248
5706
4497
5249
5250
4499
4504
4510
4621
5707
4500
4505
4511
4622
4506
4512
4623
4502
4504
4513
5152
5708
4503
4505
4514
5153
4506
4515
5154
4505
5263
5709
4506
5264
5265
4508
4510
4513
5710
4509
4511
4514
4512
4515
4511
5711
4512
4514
5712
4515
4517
4519
4528
5278
4518
4520
4529
5279
4521
4530
5280
4520
4522
4633
4521
4523
4634
4524
4635
4523
4531
4524
4532
4533
4526
4528
4531
4527
4529
4532
4530
4533
4529
5164
4530
5165
5166
4532
4533
4535
4537
4543
4536
4538
4544
4539
4545
4538
4540
4539
4541
4542
4541
4546
4542
4547
4548
4544
4549
4648
4545
4550
4649
4551
4650
4547
4549
5197
4548
4550
5198
4551
5199
4550
5290
4551
5291
5292
4553
4555
4558
5206
4554
4556
4559
5207
4557
4560
5208
4556
4564
4557
4565
4566
4559
4561
5317
4560
4562
5318
4563
5319
4562
4567
4663
4563
4568
4664
4569
4665
4565
4567
4566
4568
4569
4568
4569
4571
4582
4585
5335
4572
4583
4586
5336
4584
4587
5337
4574
4579
4582
4575
4580
4583
4581
4584
4577
4579
4585
4578
4580
4586
4581
4587
4580
4581
4583
4681
4584
4682
4683
4586
5224
4587
5225
5226
4589
4591
4594
5347
5718
4590
4592
4595
5348
4593
4596
5349
4592
4597
5239
5717
4593
4598
5240
4599
5241
4595
4600
4699
5715
4596
4601
4700
4602
4701
4598
4603
5716
4599
4604
4605
4601
4603
5713
4602
4604
4605
4604
5714
4605
4607
4609
4612
4729
5719
4608
4610
4613
4730
4611
4614
4731
4610
4615
5720
4611
4616
4617
4613
4618
5377
5721
4614
4619
5378
4620
5379
4616
4621
5722
4617
4622
4623
4619
4621
5254
5723
4620
4622
5255
4623
5256
4622
5724
4623
4625
4627
4633
4626
4628
4634
4629
4635
4628
4639
4629
4640
4641
4631
4633
4636
5284
4632
4634
4637
5285
4635
4638
5286
4634
4635
4637
4639
5386
4638
4640
5387
4641
5388
4640
4738
4641
4739
4740
4643
4645
4651
5407
4644
4646
4652
5408
4647
4653
5409
4646
4648
5293
4647
4649
5294
4650
5295
4649
4654
4650
4655
4656
4652
4657
4759
4653
4658
4760
4659
4761
4655
4657
4656
4658
4659
4658
4659
4661
4663
4672
4662
4664
4673
4665
4674
4664
4666
4665
4667
4668
4667
4675
5314
4668
4676
5315
4677
5316
4670
4672
4675
4768
4671
4673
4676
4769
4674
4677
4770
4673
4674
4676
5428
4677
5429
5430
4679
4681
4684
4680
4682
4685
4683
4686
4682
4687
4683
4688
4689
4685
4690
4686
4691
4692
4688
4693
5332
4689
4694
5333
4695
5334
4691
4693
4786
4692
4694
4787
4695
4788
4694
5443
4695
5444
5445
4697
4699
4702
5727
4698
4700
4703
4701
4704
4700
4705
5728
4701
4706
4707
4703
4711
4704
4712
4713
4706
4708
5350
5726
4707
4709
5351
4710
5352
4709
4711
5461
5725
4710
4712
5462
4713
5463
4712
4804
4713
4805
4806
4715
4717
4723
5470
5731
4716
4718
4724
5471
4719
4725
5472
4718
4729
5374
5733
4719
4730
5375
4731
5376
4721
4723
4726
5732
4722
4724
4727
4725
4728
4724
5734
4725
4727
4729
5730
4728
4730
4731
4730
5729
4731
4733
4741
4744
5735
4734
4742
4745
4743
4746
4736
4738
4741
5736
4737
4739
4742
4740
4743
4739
4747
5737
4740
4748
4749
4742
5738
4743
4745
4747
5500
5739
4746
4748
5501
4749
5502
4748
5395
5740
4749
5396
5397
4751
4756
4759
4752
4757
4760
4758
4761
4754
4756
4762
4755
4757
4763
4758
4764
4757
4758
4760
4765
4761
4766
4767
4763
4765
5518
4764
4766
5519
4767
5520
4766
5398
4767
5399
5400
4769
4771
4777
4770
4772
4778
4773
4779
4772
4780
5425
4773
4781
5426
4782
5427
4775
4780
4783
4776
4781
4784
4782
4785
4778
4783
4779
4784
4785
4781
5524
4782
5525
5526
4784
4785
4787
4789
4795
4788
4790
4796
4791
4797
4790
4792
4791
4793
4794
4793
4798
4794
4799
4800
4796
4801
5449
4797
4802
5450
4803
5451
4799
4801
4800
4802
4803
4802
5545
4803
5546
5547
4805
4807
4810
4806
4808
4811
4809
4812
4808
4816
4809
4817
4818
4811
4819
5452
4812
4820
5453
4821
5454
4814
4816
4819
4815
4817
4820
4818
4821
4817
4818
4820
5572
4821
5573
5574
4823
4831
4834
5497
5741
4824
4832
4835
5498
4833
4836
5499
4826
4834
4837
4936
5742
4827
4835
4838
4937
4836
4839
4938
4829
4831
4837
5743
4830
4832
4838
4833
4839
4832
5744
4833
4835
5745
4836
4838
5746
4839
4841
4849
4852
4963
4842
4850
4853
4964
4851
4854
4965
4844
4849
4855
4845
4850
4856
4851
4857
4847
4852
4855
5509
4848
4853
4856
5510
4854
4857
5511
4850
4851
4853
4854
4856
4857
4859
4861
4864
4860
4862
4865
4863
4866
4862
4867
5530
4863
4868
5531
4869
5532
4865
4873
4866
4874
4875
4868
4870
4869
4871
4872
4871
4873
4978
4872
4874
4979
4875
4980
4874
4875
4877
4879
4882
4878
4880
4883
4881
4884
4880
4885
4881
4886
4887
4883
4888
4884
4889
4890
4886
4891
4987
4887
4892
4988
4893
4989
4889
4891
5548
4890
4892
5549
4893
5550
4892
4893
4895
4903
4909
4896
4904
4910
4905
4911
4898
4906
4909
5560
4899
4907
4910
5561
4908
4911
5562
4901
4903
4906
5014
4902
4904
4907
5015
4905
4908
5016
4904
4905
4907
4908
4910
4911
4913
4915
4921
5020
5747
4914
4916
4922
5021
4917
4923
5022
4916
4924
5748
4917
4925
4926
4919
4924
4927
5749
4920
4925
4928
4926
4929
4922
4927
5750
4923
4928
4929
4925
5479
5751
4926
5480
5481
4928
5752
4929
4931
4933
4942
5044
5756
4932
4934
4943
5045
4935
4944
5046
4934
4945
5758
4935
4946
4947
4937
4939
4945
5753
4938
4940
4946
4941
4947
4940
4942
5754
4941
4943
4944
4943
5757
4944
4946
5755
4947
4949
4954
4960
4950
4955
4961
4956
4962
4952
4954
4957
4953
4955
4958
4956
4959
4955
5065
4956
5066
5067
4958
4963
4959
4964
4965
4961
4963
4962
4964
4965
4964
4965
4967
4969
4975
4968
4970
4976
4971
4977
4970
4972
5077
4971
4973
5078
4974
5079
4973
4981
4974
4982
4983
4976
4978
4977
4979
4980
4979
4981
4980
4982
4983
4982
4983
4985
4987
4999
4986
4988
5000
4989
5001
4988
4993
4989
4994
4995
4991
4993
4996
4992
4994
4997
4995
4998
4994
4995
4997
4999
5095
4998
5000
5096
5001
5097
5000
5001
5003
5005
5011
5116
5004
5006
5012
5117
5007
5013
5118
5006
5008
5007
5009
5010
5009
5014
5010
5015
5016
5012
5017
5013
5018
5019
5015
5017
5016
5018
5019
5018
5019
5021
5023
5029
5759
5022
5024
5030
5025
5031
5024
5026
5761
5025
5027
5028
5027
5032
5762
5028
5033
5034
5030
5035
5760
5031
5036
5037
5033
5035
5128
5764
5034
5036
5129
5037
5130
5036
5763
5037
5039
5041
5053
5155
5765
5040
5042
5054
5156
5043
5055
5157
5042
5047
5766
5043
5048
5049
5045
5047
5050
5767
5046
5048
5051
5049
5052
5048
5768
5049
5051
5053
5769
5052
5054
5055
5054
5770
5055
5057
5059
5062
5058
5060
5063
5061
5064
5060
5068
5176
5061
5069
5177
5070
5178
5063
5065
5064
5066
5067
5066
5071
5067
5072
5073
5069
5071
5070
5072
5073
5072
5073
5075
5086
5089
5182
5076
5087
5090
5183
5088
5091
5184
5078
5080
5083
5079
5081
5084
5082
5085
5081
5089
5082
5090
5091
5084
5086
5085
5087
5088
5087
5088
5090
5091
5093
5095
5098
5094
5096
5099
5097
5100
5096
5101
5097
5102
5103
5099
5107
5100
5108
5109
5102
5104
5103
5105
5106
5105
5107
5106
5108
5109
5108
5200
5109
5201
5202
5111
5113
5116
5112
5114
5117
5115
5118
5114
5119
5115
5120
5121
5117
5122
5118
5123
5124
5120
5125
5218
5121
5126
5219
5127
5220
5123
5125
5124
5126
5127
5126
5127
5129
5134
5137
5771
5130
5135
5138
5136
5139
5132
5140
5143
5251
5772
5133
5141
5144
5252
5142
5145
5253
5135
5140
5773
5136
5141
5142
5138
5143
5774
5139
5144
5145
5141
5775
5142
5144
5776
5145
5147
5149
5158
5777
5148
5150
5159
5151
5160
5150
5152
5260
5778
5151
5153
5261
5154
5262
5153
5161
5779
5154
5162
5163
5156
5158
5161
5780
5157
5159
5162
5160
5163
5159
5781
5160
5162
5782
5163
5165
5167
5179
5166
5168
5180
5169
5181
5168
5170
5287
5169
5171
5288
5172
5289
5171
5173
5172
5174
5175
5174
5176
5175
5177
5178
5177
5179
5178
5180
5181
5180
5181
5183
5185
5191
5184
5186
5192
5187
5193
5186
5194
5187
5195
5196
5189
5194
5197
5299
5190
5195
5198
5300
5196
5199
5301
5192
5197
5193
5198
5199
5195
5196
5198
5199
5201
5203
5209
5202
5204
5210
5205
5211
5204
5206
5205
5207
5208
5207
5215
5208
5216
5217
5210
5212
5211
5213
5214
5213
5215
5214
5216
5217
5216
5308
5217
5309
5310
5219
5221
5227
5220
5222
5228
5223
5229
5222
5224
5223
5225
5226
5225
5230
5226
5231
5232
5228
5233
5229
5234
5235
5231
5233
5326
5232
5234
5327
5235
5328
5234
5235
5237
5239
5242
5344
5785
5238
5240
5243
5345
5241
5244
5346
5240
5248
5788
5241
5249
5250
5243
5245
5787
5244
5246
5247
5246
5251
5784
5247
5252
5253
5249
5251
5786
5250
5252
5253
5252
5783
5253
5255
5257
5263
5790
5256
5258
5264
5259
5265
5258
5266
5371
5794
5259
5267
5372
5268
5373
5261
5263
5269
5789
5262
5264
5270
5265
5271
5264
5791
5265
5267
5269
5793
5268
5270
5271
5270
5792
5271
5273
5275
5281
5274
5276
5282
5277
5283
5276
5284
5389
5277
5285
5390
5286
5391
5279
5284
5287
5280
5285
5288
5286
5289
5282
5287
5283
5288
5289
5285
5286
5288
5289
5291
5293
5299
5292
5294
5300
5295
5301
5294
5296
5295
5297
5298
5297
5305
5410
5298
5306
5411
5307
5412
5300
5302
5301
5303
5304
5303
5305
5304
5306
5307
5306
5307
5309
5317
5320
5310
5318
5321
5319
5322
5312
5320
5323
5313
5321
5324
5322
5325
5315
5317
5323
5316
5318
5324
5319
5325
5318
5319
5321
5322
5324
5431
5325
5432
5433
5327
5335
5338
5328
5336
5339
5337
5340
5330
5338
5341
5331
5339
5342
5340
5343
5333
5335
5341
5334
5336
5342
5337
5343
5336
5337
5339
5340
5342
5446
5343
5447
5448
5345
5347
5356
5796
5346
5348
5357
5349
5358
5348
5350
5795
5349
5351
5352
5351
5353
5797
5352
5354
5355
5354
5359
5467
5798
5355
5360
5468
5361
5469
5357
5359
5799
5358
5360
5361
5360
5800
5361
5363
5365
5374
5485
5804
5364
5366
5375
5486
5367
5376
5487
5366
5368
5805
5367
5369
5370
5369
5371
5802
5370
5372
5373
5372
5377
5801
5373
5378
5379
5375
5377
5806
5376
5378
5379
5378
5803
5379
5381
5383
5395
5488
5807
5382
5384
5396
5489
5385
5397
5490
5384
5392
5809
5385
5393
5394
5387
5389
5395
5811
5388
5390
5396
5391
5397
5390
5392
5391
5393
5394
5393
5808
5394
5396
5810
5397
5399
5407
5413
5400
5408
5414
5409
5415
5402
5404
5413
5403
5405
5414
5406
5415
5405
5410
5406
5411
5412
5408
5410
5409
5411
5412
5411
5412
5414
5515
5415
5516
5517
5417
5422
5425
5533
5418
5423
5426
5534
5424
5427
5535
5420
5422
5431
5421
5423
5432
5424
5433
5423
5424
5426
5428
5427
5429
5430
5429
5431
5430
5432
5433
5432
5433
5435
5437
5440
5436
5438
5441
5439
5442
5438
5449
5551
5439
5450
5552
5451
5553
5441
5446
5442
5447
5448
5444
5446
5449
5445
5447
5450
5448
5451
5447
5448
5450
5451
5453
5455
5461
5813
5454
5456
5462
5457
5463
5456
5458
5563
5814
5457
5459
5564
5460
5565
5459
5464
5812
5460
5465
5466
5462
5467
5815
5463
5468
5469
5465
5467
5816
5466
5468
5469
5468
5817
5469
5471
5476
5485
5818
5472
5477
5486
5478
5487
5474
5479
5482
5819
5475
5480
5483
5481
5484
5477
5479
5820
5478
5480
5481
5480
5821
5481
5483
5485
5822
5484
5486
5487
5486
5823
5487
5489
5494
5500
5824
5490
5495
5501
5496
5502
5492
5494
5497
5825
5493
5495
5498
5496
5499
5495
5826
5496
5498
5503
5827
5499
5504
5505
5501
5503
5828
5502
5504
5505
5504
5829
5505
5507
5509
5518
5508
5510
5519
5511
5520
5510
5512
5511
5513
5514
5513
5521
5514
5522
5523
5516
5518
5521
5517
5519
5522
5520
5523
5519
5520
5522
5523
5525
5527
5533
5526
5528
5534
5529
5535
5528
5530
5529
5531
5532
5531
5536
5532
5537
5538
5534
5539
5535
5540
5541
5537
5539
5538
5540
5541
5540
5541
5543
5545
5548
5544
5546
5549
5547
5550
5546
5551
5547
5552
5553
5549
5554
5550
5555
5556
5552
5557
5553
5558
5559
5555
5557
5556
5558
5559
5558
5559
5561
5566
5569
5562
5567
5570
5568
5571
5564
5572
5575
5565
5573
5576
5574
5577
5567
5575
5568
5576
5577
5570
5572
5571
5573
5574
5573
5574
5576
5830
5577
5579
5581
5614
5580
5592
5599
5583
5605
5616
5586
5623
5586
5594
5634
5588
5590
5626
5589
5667
5592
5613
5591
5639
5592
5602
5594
5595
5596
5597
5598
5635
5598
5608
5647
5600
5602
5603
5602
5604
5640
5604
5648
5607
5609
5608
5610
5645
5608
5610
5617
5659
5649
5613
5615
5665
5614
5616
5617
5655
5617
5621
5622
5676
5621
5623
5669
5622
5623
5630
5738
5684
5625
5628
5692
5626
5637
5629
5628
5629
5732
5681
5666
5631
5634
5633
5683
5633
5635
5646
5695
5635
5638
5641
5702
5638
5639
5694
5640
5641
5651
5643
5645
5656
5644
5710
5646
5696
5647
5647
5649
5651
5650
5652
5660
5653
5653
5714
5701
5656
5658
5711
5657
5659
5659
5658
5668
5722
5661
5662
5713
5727
5664
5666
5730
5668
5720
5667
5668
5667
5670
5736
5672
5673
5829
5675
5745
5676
5735
5675
5676
5686
5755
5678
5680
5760
5679
5748
5682
5820
5681
5689
5682
5734
5684
5685
5686
5687
5697
5688
5688
5768
5758
5690
5692
5691
5763
5693
5774
5694
5694
5704
5696
5697
5700
5699
5699
5700
5782
5766
5712
5702
5703
5704
5706
5716
5705
5706
5776
5786
5709
5711
5724
5709
5712
5779
5791
5711
5712
5714
5715
5716
5718
5728
5717
5718
5788
5795
5720
5721
5729
5722
5723
5803
5724
5724
5790
5726
5815
5728
5797
5728
5730
5733
5732
5733
5734
5818
5734
5806
5738
5739
5737
5738
5740
5740
5828
5810
5744
5745
5827
5745
5746
5753
5744
5746
5748
5750
5759
5751
5751
5752
5752
5821
5754
5755
5757
5758
5757
5758
5767
5760
5761
5763
5762
5764
5764
5771
5766
5770
5780
5768
5768
5769
5770
5773
5774
5775
5776
5783
5775
5776
5778
5781
5779
5789
5782
5781
5782
5784
5786
5787
5787
5788
5796
5788
5791
5792
5791
5794
5793
5794
5801
5796
5797
5799
5798
5800
5817
5800
5802
5803
5805
5806
5805
5806
5823
5809
5810
5824
5809
5811
5814
5816
5814
5815
5817
5817
5820
5823
5821
5822
5821
5823
5826
5828
5826
5827
5829
5829
)


// ************************************************************************* //
