/*--------------------------------*- C++ -*----------------------------------*\
| =========                 |                                                 |
| \\      /  F ield         | OpenFOAM: The Open Source CFD Toolbox           |
|  \\    /   O peration     | Version:  v1812                                 |
|   \\  /    A nd           | Web:      www.OpenFOAM.com                      |
|    \\/     M anipulation  |                                                 |
\*---------------------------------------------------------------------------*/
FoamFile
{
    version     2.0;
    format      ascii;
    class       cellSet;
    location    "constant/thermoMechanicalRegion/polyMesh/sets";
    object      follower;
}
// * * * * * * * * * * * * * * * * * * * * * * * * * * * * * * * * * * * * * //


288
(
3589
3590
3591
3592
3593
3594
3595
3596
3597
3598
3599
3600
3601
3602
3603
3604
3605
3606
4699
4700
4701
4702
4703
4704
4705
4706
4707
4708
4709
4710
4711
4712
4713
4714
4715
4716
4816
4817
4818
4819
4820
4821
4822
4823
4824
4825
4826
4827
4828
4829
4830
4831
4832
4833
4345
4346
4347
4348
4349
4350
4351
4352
4353
4354
4355
4356
4357
4358
4359
4360
4361
4362
1316
1317
1318
1319
1320
1321
1322
1323
1324
1325
1326
1327
1328
1329
1330
1331
1332
1333
2870
1334
2871
1335
2872
1336
2873
1337
2874
1338
2875
1339
2876
1340
2877
1341
2878
1342
2879
1343
2880
1344
2881
1345
2882
1346
2883
1347
2884
1348
2885
1349
2886
1350
2887
1351
2888
1352
2889
1353
2890
1354
2891
1355
2892
1356
2893
1357
2894
1358
2895
1359
2896
1360
2897
1361
2898
1362
2899
1363
2900
1364
2901
1365
2902
1366
2903
1367
2904
1368
2905
1369
2906
1370
2907
1371
2908
1372
2909
1373
2910
1374
2911
1375
2912
2913
2914
2915
2916
2917
2918
3943
2919
3944
2920
3945
2921
3946
2922
3947
2923
3948
2924
3949
2925
3950
2926
3951
2927
3952
2928
3953
2929
3954
3955
3956
3957
3958
3959
3960
2480
2481
2482
2483
2484
2485
2486
2487
2488
2489
2490
2491
2492
2493
2494
2495
2496
2497
2498
2499
2500
2501
2502
2503
2504
2505
2506
2507
2508
2509
2510
2511
2512
2513
2514
2515
2516
2517
2518
2519
2520
2521
2522
2523
4060
2524
4061
2525
4062
2526
4063
2527
4064
2528
4065
2529
4066
2530
4067
2531
4068
2532
4069
2533
4070
2534
4071
2535
4072
2536
4073
2537
4074
2538
4075
2539
4076
4077
)


// ************************************************************************* //
