/*--------------------------------*- C++ -*----------------------------------*\
| =========                 |                                                 |
| \\      /  F ield         | OpenFOAM: The Open Source CFD Toolbox           |
|  \\    /   O peration     | Version:  2412                                  |
|   \\  /    A nd           | Website:  www.openfoam.com                      |
|    \\/     M anipulation  |                                                 |
\*---------------------------------------------------------------------------*/
FoamFile
{
    version     2.0;
    format      ascii;
    arch        "LSB;label=32;scalar=64";
    class       volScalarField;
    location    "51801860.86068268/fuelBehaviourRegion";
    object      SCIANTIX::grainModes_18;
}
// * * * * * * * * * * * * * * * * * * * * * * * * * * * * * * * * * * * * * //

dimensions      [0 0 0 0 0 0 0];

internalField   nonuniform List<scalar> 
4720
(
6.73172e+23
6.73623e+23
6.74613e+23
6.76111e+23
6.78105e+23
6.80584e+23
6.83534e+23
6.86939e+23
6.90781e+23
6.9504e+23
6.99692e+23
7.04714e+23
7.10076e+23
7.15749e+23
7.21702e+23
7.27901e+23
7.3431e+23
7.40893e+23
7.47612e+23
7.5443e+23
7.61307e+23
7.68205e+23
7.75087e+23
7.81914e+23
7.88652e+23
7.95266e+23
8.01725e+23
8.07998e+23
8.14061e+23
8.19888e+23
6.71944e+23
6.72397e+23
6.73391e+23
6.74895e+23
6.76898e+23
6.79388e+23
6.8235e+23
6.85771e+23
6.8963e+23
6.93908e+23
6.98583e+23
7.03628e+23
7.09016e+23
7.14717e+23
7.20699e+23
7.26929e+23
7.33371e+23
7.39988e+23
7.46744e+23
7.53598e+23
7.60513e+23
7.6745e+23
7.74371e+23
7.81238e+23
7.88016e+23
7.9467e+23
8.01168e+23
8.0748e+23
8.13581e+23
8.19445e+23
6.68547e+23
6.69004e+23
6.70008e+23
6.71527e+23
6.73549e+23
6.76063e+23
6.79056e+23
6.82511e+23
6.8641e+23
6.90734e+23
6.95458e+23
7.00558e+23
7.06007e+23
7.11773e+23
7.17826e+23
7.24131e+23
7.30653e+23
7.37355e+23
7.44199e+23
7.51146e+23
7.58157e+23
7.65192e+23
7.72214e+23
7.79185e+23
7.86067e+23
7.92827e+23
7.99431e+23
8.05849e+23
8.12055e+23
8.18023e+23
6.6711e+23
6.67569e+23
6.68578e+23
6.70105e+23
6.72138e+23
6.74665e+23
6.77673e+23
6.81146e+23
6.85067e+23
6.89413e+23
6.94164e+23
6.99292e+23
7.04772e+23
7.10571e+23
7.16659e+23
7.23002e+23
7.29563e+23
7.36306e+23
7.43192e+23
7.50183e+23
7.57239e+23
7.6432e+23
7.71389e+23
7.78406e+23
7.85336e+23
7.92142e+23
7.98793e+23
8.05257e+23
8.11507e+23
8.1752e+23
6.66226e+23
6.66687e+23
6.67699e+23
6.69231e+23
6.7127e+23
6.73806e+23
6.76823e+23
6.80308e+23
6.84241e+23
6.88602e+23
6.93368e+23
6.98514e+23
7.04012e+23
7.09831e+23
7.1594e+23
7.22305e+23
7.28889e+23
7.35657e+23
7.42568e+23
7.49585e+23
7.56667e+23
7.63775e+23
7.70871e+23
7.77916e+23
7.84873e+23
7.91706e+23
7.98384e+23
8.04875e+23
8.11151e+23
8.17188e+23
6.648e+23
6.6527e+23
6.66301e+23
6.67862e+23
6.69939e+23
6.72522e+23
6.75595e+23
6.79144e+23
6.83149e+23
6.87589e+23
6.9244e+23
6.97676e+23
7.03269e+23
7.09188e+23
7.15399e+23
7.21868e+23
7.28556e+23
7.35428e+23
7.42441e+23
7.49558e+23
7.56737e+23
7.63937e+23
7.71119e+23
7.78243e+23
7.85272e+23
7.92171e+23
7.98905e+23
8.05444e+23
8.11759e+23
8.17827e+23
6.41322e+23
6.4193e+23
6.43266e+23
6.45288e+23
6.47983e+23
6.51337e+23
6.55334e+23
6.59957e+23
6.65184e+23
6.70991e+23
6.7735e+23
6.8423e+23
6.91596e+23
6.99411e+23
7.07632e+23
7.16216e+23
7.25115e+23
7.34279e+23
7.43654e+23
7.53188e+23
7.62825e+23
7.72508e+23
7.82181e+23
7.9179e+23
8.0128e+23
8.106e+23
8.197e+23
8.28537e+23
8.37067e+23
8.45257e+23
6.25254e+23
6.25885e+23
6.27272e+23
6.29372e+23
6.32171e+23
6.35656e+23
6.39812e+23
6.44621e+23
6.50063e+23
6.56111e+23
6.62741e+23
6.69919e+23
6.77611e+23
6.85779e+23
6.94381e+23
7.03371e+23
7.127e+23
7.22317e+23
7.32168e+23
7.42195e+23
7.52341e+23
7.62547e+23
7.72754e+23
7.82903e+23
7.92936e+23
8.02799e+23
8.12439e+23
8.21807e+23
8.3086e+23
8.39557e+23
6.21806e+23
6.22443e+23
6.23841e+23
6.2596e+23
6.28785e+23
6.32302e+23
6.36497e+23
6.41351e+23
6.46843e+23
6.5295e+23
6.59644e+23
6.66894e+23
6.74664e+23
6.82916e+23
6.91608e+23
7.00694e+23
7.10124e+23
7.19848e+23
7.29809e+23
7.39951e+23
7.50215e+23
7.60541e+23
7.70869e+23
7.81141e+23
7.91296e+23
8.01281e+23
8.11041e+23
8.20526e+23
8.29693e+23
8.38499e+23
6.2017e+23
6.20809e+23
6.22213e+23
6.24339e+23
6.27174e+23
6.30705e+23
6.34915e+23
6.39787e+23
6.45301e+23
6.51432e+23
6.58153e+23
6.65432e+23
6.73235e+23
6.81522e+23
6.90252e+23
6.99379e+23
7.08854e+23
7.18623e+23
7.28632e+23
7.38824e+23
7.4914e+23
7.5952e+23
7.69902e+23
7.80229e+23
7.9044e+23
8.00481e+23
8.10296e+23
8.19836e+23
8.29056e+23
8.37915e+23
6.17508e+23
6.18152e+23
6.19566e+23
6.21709e+23
6.24565e+23
6.28121e+23
6.32363e+23
6.37273e+23
6.42829e+23
6.49008e+23
6.55782e+23
6.63119e+23
6.70985e+23
6.7934e+23
6.88142e+23
6.97345e+23
7.069e+23
7.16753e+23
7.26849e+23
7.3713e+23
7.47537e+23
7.58009e+23
7.68485e+23
7.78904e+23
7.89208e+23
7.99339e+23
8.09244e+23
8.18871e+23
8.28175e+23
8.37115e+23
6.02248e+23
6.0293e+23
6.04428e+23
6.06697e+23
6.09723e+23
6.13493e+23
6.17989e+23
6.23195e+23
6.29088e+23
6.35644e+23
6.42833e+23
6.50623e+23
6.58976e+23
6.67852e+23
6.77203e+23
6.86983e+23
6.97136e+23
7.07605e+23
7.18332e+23
7.29252e+23
7.40302e+23
7.51414e+23
7.62524e+23
7.73564e+23
7.84471e+23
7.95182e+23
8.0564e+23
8.15789e+23
8.2558e+23
8.34969e+23
4.36895e+23
4.37876e+23
4.40036e+23
4.43322e+23
4.47729e+23
4.53259e+23
4.59914e+23
4.677e+23
4.76616e+23
4.86664e+23
4.97837e+23
5.10126e+23
5.23514e+23
5.37975e+23
5.53473e+23
5.69962e+23
5.87383e+23
6.05665e+23
6.2472e+23
6.44451e+23
6.64744e+23
6.85473e+23
7.06504e+23
7.27691e+23
7.48883e+23
7.69927e+23
7.9067e+23
8.10962e+23
8.30661e+23
8.49636e+23
3.9701e+23
3.97988e+23
4.00143e+23
4.03423e+23
4.07829e+23
4.13367e+23
4.20047e+23
4.27878e+23
4.36873e+23
4.47039e+23
4.58381e+23
4.70901e+23
4.84593e+23
4.99441e+23
5.15421e+23
5.32497e+23
5.50618e+23
5.69719e+23
5.89718e+23
6.10519e+23
6.32007e+23
6.54053e+23
6.76514e+23
6.99233e+23
7.22046e+23
7.44782e+23
7.67269e+23
7.89336e+23
8.1082e+23
8.31568e+23
3.90231e+23
3.91208e+23
3.93361e+23
3.96639e+23
4.01043e+23
4.0658e+23
4.1326e+23
4.21097e+23
4.30101e+23
4.40284e+23
4.51652e+23
4.64209e+23
4.7795e+23
4.92862e+23
5.08924e+23
5.261e+23
5.44342e+23
5.63586e+23
5.83751e+23
6.0474e+23
6.2644e+23
6.48721e+23
6.71436e+23
6.94429e+23
7.17531e+23
7.4057e+23
7.63368e+23
7.85752e+23
8.07553e+23
8.28616e+23
3.87432e+23
3.88407e+23
3.90557e+23
3.93831e+23
3.98229e+23
4.0376e+23
4.10434e+23
4.18265e+23
4.27264e+23
4.37443e+23
4.48811e+23
4.6137e+23
4.75117e+23
4.90042e+23
5.06122e+23
5.23323e+23
5.41598e+23
5.60883e+23
5.811e+23
6.0215e+23
6.23922e+23
6.46283e+23
6.6909e+23
6.92183e+23
7.15395e+23
7.3855e+23
7.61471e+23
7.83982e+23
8.05914e+23
8.27109e+23
3.82491e+23
3.83466e+23
3.85613e+23
3.88883e+23
3.93278e+23
3.98805e+23
4.05477e+23
4.13307e+23
4.22309e+23
4.32496e+23
4.43877e+23
4.56456e+23
4.70233e+23
4.85197e+23
5.01328e+23
5.18595e+23
5.36949e+23
5.56329e+23
5.76657e+23
5.97836e+23
6.19752e+23
6.42275e+23
6.65258e+23
6.88541e+23
7.11955e+23
7.35322e+23
7.58463e+23
7.81199e+23
8.03357e+23
8.24777e+23
3.54421e+23
3.55403e+23
3.57568e+23
3.60868e+23
3.65307e+23
3.70898e+23
3.7766e+23
3.85612e+23
3.94775e+23
4.0517e+23
4.16816e+23
4.29726e+23
4.43908e+23
4.5936e+23
4.76071e+23
4.94014e+23
5.13147e+23
5.33413e+23
5.5473e+23
5.77001e+23
6.00105e+23
6.23902e+23
6.48231e+23
6.72918e+23
6.97773e+23
7.22599e+23
7.47193e+23
7.71356e+23
7.94894e+23
8.17626e+23
1.42793e+23
1.43334e+23
1.44533e+23
1.46378e+23
1.48892e+23
1.52115e+23
1.56095e+23
1.60896e+23
1.66594e+23
1.7328e+23
1.81062e+23
1.90062e+23
2.00421e+23
2.12294e+23
2.25854e+23
2.41283e+23
2.58773e+23
2.78514e+23
3.00689e+23
3.25459e+23
3.52949e+23
3.8323e+23
4.16308e+23
4.52102e+23
4.90436e+23
5.31029e+23
5.73495e+23
6.17349e+23
6.62026e+23
7.06903e+23
1.21578e+23
1.22033e+23
1.23041e+23
1.24593e+23
1.2671e+23
1.29426e+23
1.32784e+23
1.36843e+23
1.41671e+23
1.47353e+23
1.53988e+23
1.61696e+23
1.70614e+23
1.80899e+23
1.92729e+23
2.06303e+23
2.21835e+23
2.3955e+23
2.5968e+23
2.82446e+23
3.08047e+23
3.3664e+23
3.68322e+23
4.03105e+23
4.40898e+23
4.81493e+23
5.24554e+23
5.69621e+23
6.16117e+23
6.63376e+23
1.18635e+23
1.19078e+23
1.20059e+23
1.21571e+23
1.23633e+23
1.26278e+23
1.2955e+23
1.33505e+23
1.38211e+23
1.43752e+23
1.50225e+23
1.57749e+23
1.6646e+23
1.76515e+23
1.88094e+23
2.01394e+23
2.16635e+23
2.34046e+23
2.53865e+23
2.76322e+23
3.01628e+23
3.29954e+23
3.61409e+23
3.96023e+23
4.33719e+23
4.743e+23
5.17442e+23
5.62687e+23
6.09457e+23
6.5708e+23
1.17622e+23
1.1806e+23
1.19032e+23
1.20528e+23
1.22569e+23
1.25187e+23
1.28426e+23
1.32341e+23
1.37e+23
1.42485e+23
1.48895e+23
1.56346e+23
1.64975e+23
1.74937e+23
1.86412e+23
1.99599e+23
2.14715e+23
2.31994e+23
2.51673e+23
2.73987e+23
2.99149e+23
3.27336e+23
3.58663e+23
3.93165e+23
4.30772e+23
4.71295e+23
5.14412e+23
5.59672e+23
6.06498e+23
6.54217e+23
1.16578e+23
1.17012e+23
1.17974e+23
1.19456e+23
1.21477e+23
1.24069e+23
1.27277e+23
1.31153e+23
1.35767e+23
1.41199e+23
1.47548e+23
1.5493e+23
1.63479e+23
1.73354e+23
1.84731e+23
1.9781e+23
2.12812e+23
2.29968e+23
2.4952e+23
2.71704e+23
2.96739e+23
3.24806e+23
3.56025e+23
3.90438e+23
4.27979e+23
4.68466e+23
5.1158e+23
5.56872e+23
6.03768e+23
6.51592e+23
1.10126e+23
1.10543e+23
1.11466e+23
1.12889e+23
1.1483e+23
1.17322e+23
1.20407e+23
1.2414e+23
1.28588e+23
1.33834e+23
1.39975e+23
1.47132e+23
1.55441e+23
1.65067e+23
1.76196e+23
1.89039e+23
2.03831e+23
2.20825e+23
2.40287e+23
2.6248e+23
2.87652e+23
3.16012e+23
3.47709e+23
3.82798e+23
4.21226e+23
4.62799e+23
5.07177e+23
5.53871e+23
6.02251e+23
6.51577e+23
4.96362e+22
4.9816e+22
5.02143e+22
5.08271e+22
5.16618e+22
5.2731e+22
5.40511e+22
5.56435e+22
5.75347e+22
5.97577e+22
6.23526e+22
6.53687e+22
6.88661e+22
7.29186e+22
7.76171e+22
8.30739e+22
8.94288e+22
9.68566e+22
1.05577e+23
1.15869e+23
1.28083e+23
1.42659e+23
1.60141e+23
1.81185e+23
2.06547e+23
2.37052e+23
2.73511e+23
3.16616e+23
3.66784e+23
4.24008e+23
4.40063e+22
4.41654e+22
4.4518e+22
4.50602e+22
4.57989e+22
4.67448e+22
4.79126e+22
4.93208e+22
5.09928e+22
5.29572e+22
5.52492e+22
5.79117e+22
6.09969e+22
6.45689e+22
6.87063e+22
7.35062e+22
7.90891e+22
8.56057e+22
9.32457e+22
1.0225e+23
1.12924e+23
1.2566e+23
1.40951e+23
1.59415e+23
1.81798e+23
2.08963e+23
2.41836e+23
2.81307e+23
3.2808e+23
3.8249e+23
4.33474e+22
4.35043e+22
4.38519e+22
4.43866e+22
4.51149e+22
4.60476e+22
4.71991e+22
4.85877e+22
5.02363e+22
5.21734e+22
5.44335e+22
5.70588e+22
6.01011e+22
6.36232e+22
6.77029e+22
7.24356e+22
7.79402e+22
8.43649e+22
9.18969e+22
1.00773e+23
1.11296e+23
1.23851e+23
1.38927e+23
1.57139e+23
1.79232e+23
2.06071e+23
2.38595e+23
2.77717e+23
3.24172e+23
3.78332e+23
4.30591e+22
4.32148e+22
4.35598e+22
4.40903e+22
4.48131e+22
4.57387e+22
4.68812e+22
4.82591e+22
4.98949e+22
5.18168e+22
5.4059e+22
5.66635e+22
5.96812e+22
6.31747e+22
6.72208e+22
7.1914e+22
7.73718e+22
8.37411e+22
9.12069e+22
1.00004e+23
1.1043e+23
1.22868e+23
1.37804e+23
1.55845e+23
1.77733e+23
2.04333e+23
2.36586e+23
2.75414e+23
3.21569e+23
3.75447e+23
4.27874e+22
4.29421e+22
4.3285e+22
4.38123e+22
4.45307e+22
4.54505e+22
4.65861e+22
4.79555e+22
4.95813e+22
5.14915e+22
5.37201e+22
5.63087e+22
5.93081e+22
6.27803e+22
6.68016e+22
7.1466e+22
7.68899e+22
8.32191e+22
9.06369e+22
9.93758e+22
1.09732e+23
1.22084e+23
1.36913e+23
1.54822e+23
1.76548e+23
2.02951e+23
2.34972e+23
2.73534e+23
3.19398e+23
3.72975e+23
4.14694e+22
4.16184e+22
4.19486e+22
4.24563e+22
4.31478e+22
4.40332e+22
4.5126e+22
4.64434e+22
4.8007e+22
4.98433e+22
5.19874e+22
5.45329e+22
5.75374e+22
6.1071e+22
6.52209e+22
7.00972e+22
7.58382e+22
8.26195e+22
9.06652e+22
1.00264e+23
1.11788e+23
1.25719e+23
1.4268e+23
1.6345e+23
1.88978e+23
2.20341e+23
2.58649e+23
3.04863e+23
3.59563e+23
4.2268e+23
4.94223e+22
4.9185e+22
4.87252e+22
4.80637e+22
4.72251e+22
4.62365e+22
4.51267e+22
4.39256e+22
4.26628e+22
4.13653e+22
4.00543e+22
3.87399e+22
3.74152e+22
3.60513e+22
3.45985e+22
3.30036e+22
3.12524e+22
2.94448e+22
2.79002e+22
2.72642e+22
2.85589e+22
3.30993e+22
4.23294e+22
5.78283e+22
8.16872e+22
1.17181e+23
1.69509e+23
2.46234e+23
3.56425e+23
5.06435e+23
4.36365e+22
4.34428e+22
4.30668e+22
4.25255e+22
4.18409e+22
4.10388e+22
4.01476e+22
3.91969e+22
3.82165e+22
3.72331e+22
3.62663e+22
3.53217e+22
3.43835e+22
3.34096e+22
3.23383e+22
3.11189e+22
2.97809e+22
2.85431e+22
2.79486e+22
2.89689e+22
3.29851e+22
4.16155e+22
5.66101e+22
8.01295e+22
1.15427e+23
1.67674e+23
2.44513e+23
3.55274e+23
5.06584e+23
6.92792e+23
4.44388e+22
4.42292e+22
4.38226e+22
4.32373e+22
4.24961e+22
4.16253e+22
4.06538e+22
3.96117e+22
3.85292e+22
3.74339e+22
3.63463e+22
3.52735e+22
3.42021e+22
3.30935e+22
3.18912e+22
3.05515e+22
2.91109e+22
2.77927e+22
2.71365e+22
2.80932e+22
3.19945e+22
4.03773e+22
5.48877e+22
7.7569e+22
1.11535e+23
1.61797e+23
2.35879e+23
3.43258e+23
4.91388e+23
6.76209e+23
4.56777e+22
4.54542e+22
4.50202e+22
4.43944e+22
4.36005e+22
4.26653e+22
4.16179e+22
4.04894e+22
3.93109e+22
3.81113e+22
3.69138e+22
3.57291e+22
3.45484e+22
3.33382e+22
3.20444e+22
3.06191e+22
2.90819e+22
2.76209e+22
2.67206e+22
2.72644e+22
3.05212e+22
3.79754e+22
5.11987e+22
7.20796e+22
1.03457e+23
1.49947e+23
2.18653e+23
3.18988e+23
4.59557e+23
6.39492e+23
4.30657e+22
4.28617e+22
4.24685e+22
4.19045e+22
4.11926e+22
4.03584e+22
3.94299e+22
3.84358e+22
3.74034e+22
3.63556e+22
3.53058e+22
3.42513e+22
3.31684e+22
3.20138e+22
3.07423e+22
2.93529e+22
2.79713e+22
2.69624e+22
2.70417e+22
2.93125e+22
3.51579e+22
4.60781e+22
6.37614e+22
9.05505e+22
1.30181e+23
1.88547e+23
2.74018e+23
3.95924e+23
5.58634e+23
7.50941e+23
4.29751e+22
4.30004e+22
4.27794e+22
4.23306e+22
4.17001e+22
4.09326e+22
4.00677e+22
3.91443e+22
3.82034e+22
3.72889e+22
3.64482e+22
3.57292e+22
3.5174e+22
3.48043e+22
3.45962e+22
3.44556e+22
3.42276e+22
3.37992e+22
3.33426e+22
3.36786e+22
3.66182e+22
4.5004e+22
6.234e+22
9.26827e+22
1.41561e+23
2.17371e+23
3.31382e+23
4.92917e+23
6.96376e+23
9.08879e+23
4.2446e+22
4.25485e+22
4.23717e+22
4.19464e+22
4.13319e+22
4.05787e+22
3.97282e+22
3.88192e+22
3.78928e+22
3.69937e+22
3.61705e+22
3.54748e+22
3.49558e+22
3.46482e+22
3.4547e+22
3.45765e+22
3.45828e+22
3.44106e+22
3.41287e+22
3.44031e+22
3.68961e+22
4.44176e+22
6.0611e+22
8.96953e+22
1.37202e+23
2.11386e+23
3.23443e+23
4.8304e+23
6.85608e+23
8.99325e+23
4.27748e+22
4.28708e+22
4.26826e+22
4.22427e+22
4.16107e+22
4.0837e+22
3.99623e+22
3.90253e+22
3.80667e+22
3.7131e+22
3.62667e+22
3.55254e+22
3.49569e+22
3.4597e+22
3.44429e+22
3.44226e+22
3.43857e+22
3.4178e+22
3.38618e+22
3.4086e+22
3.6484e+22
4.38274e+22
5.97143e+22
8.83046e+22
1.35048e+23
2.08115e+23
3.18705e+23
4.76804e+23
6.78628e+23
8.93094e+23
4.31889e+22
4.32856e+22
4.30884e+22
4.26336e+22
4.1983e+22
4.11872e+22
4.02865e+22
3.93193e+22
3.83257e+22
3.73502e+22
3.6441e+22
3.56498e+22
3.50271e+22
3.46106e+22
3.44016e+22
3.43339e+22
3.42615e+22
3.40262e+22
3.36687e+22
3.37926e+22
3.59666e+22
4.28974e+22
5.81327e+22
8.57667e+22
1.31117e+23
2.02174e+23
3.10074e+23
4.65265e+23
6.6536e+23
8.8085e+23
4.37688e+22
4.38595e+22
4.36466e+22
4.31706e+22
4.24946e+22
4.16691e+22
4.07336e+22
3.97257e+22
3.86855e+22
3.76566e+22
3.66873e+22
3.5829e+22
3.51328e+22
3.46381e+22
3.43503e+22
3.42095e+22
3.40754e+22
3.37871e+22
3.3363e+22
3.33547e+22
3.52504e+22
4.16652e+22
5.60626e+22
8.2427e+22
1.25879e+23
1.94136e+23
2.98196e+23
4.49064e+23
6.46282e+23
8.62761e+23
4.23784e+22
4.24188e+22
4.22103e+22
4.17721e+22
4.11515e+22
4.03941e+22
3.95398e+22
3.86276e+22
3.76986e+22
3.67976e+22
3.59728e+22
3.52742e+22
3.4747e+22
3.44164e+22
3.42615e+22
3.41894e+22
3.40462e+22
3.37264e+22
3.34312e+22
3.40451e+22
3.74768e+22
4.66752e+22
6.52474e+22
9.74147e+22
1.49013e+23
2.28851e+23
3.48375e+23
5.15961e+23
7.23035e+23
9.33438e+23
3.89766e+22
3.97707e+22
4.01737e+22
3.98918e+22
3.93779e+22
3.8757e+22
3.80625e+22
3.73307e+22
3.66045e+22
3.59337e+22
3.53761e+22
3.49993e+22
3.48836e+22
3.51247e+22
3.58285e+22
3.70753e+22
3.88322e+22
4.08535e+22
4.27603e+22
4.45412e+22
4.75013e+22
5.5277e+22
7.41705e+22
1.12463e+23
1.80217e+23
2.90023e+23
4.53749e+23
6.68317e+23
8.9786e+23
1.08642e+24
3.81328e+22
3.88337e+22
3.93496e+22
3.91093e+22
3.86309e+22
3.8054e+22
3.74112e+22
3.67383e+22
3.60784e+22
3.54818e+22
3.50069e+22
3.47229e+22
3.47129e+22
3.50784e+22
3.59378e+22
3.73981e+22
3.94685e+22
4.19352e+22
4.43793e+22
4.662e+22
4.96815e+22
5.69519e+22
7.47836e+22
1.11921e+23
1.78922e+23
2.88522e+23
4.52387e+23
6.67121e+23
8.96785e+23
1.0856e+24
3.83459e+22
3.89526e+22
3.94531e+22
3.92067e+22
3.87244e+22
3.81435e+22
3.74957e+22
3.68167e+22
3.61491e+22
3.55429e+22
3.50564e+22
3.47578e+22
3.47294e+22
3.50716e+22
3.59023e+22
3.73301e+22
3.93705e+22
4.18201e+22
4.42619e+22
4.64916e+22
4.94743e+22
5.65134e+22
7.38841e+22
1.10285e+23
1.76221e+23
2.84386e+23
4.4664e+23
6.60343e+23
8.90515e+23
1.08125e+24
3.85622e+22
3.90689e+22
3.95536e+22
3.9301e+22
3.88146e+22
3.82294e+22
3.75763e+22
3.68907e+22
3.62151e+22
3.55994e+22
3.51011e+22
3.47883e+22
3.47422e+22
3.50624e+22
3.5866e+22
3.7264e+22
3.92798e+22
4.17219e+22
4.41757e+22
4.64074e+22
4.93053e+22
5.60597e+22
7.28427e+22
1.083e+23
1.72885e+23
2.79234e+23
4.39421e+23
6.51716e+23
8.82387e+23
1.07549e+24
3.7921e+22
3.88271e+22
3.93231e+22
3.90805e+22
3.86065e+22
3.80347e+22
3.73992e+22
3.67363e+22
3.60892e+22
3.5508e+22
3.50513e+22
3.47877e+22
3.48e+22
3.51889e+22
3.60682e+22
3.75299e+22
3.95494e+22
4.18757e+22
4.41054e+22
4.6207e+22
4.9522e+22
5.78436e+22
7.77906e+22
1.18096e+23
1.89291e+23
3.04149e+23
4.73599e+23
6.91596e+23
9.19014e+23
1.10081e+24
3.84717e+22
3.58635e+22
3.69041e+22
3.69032e+22
3.65407e+22
3.60961e+22
3.56067e+22
3.51116e+22
3.46579e+22
3.43016e+22
3.41101e+22
3.41656e+22
3.45719e+22
3.54659e+22
3.70335e+22
3.95191e+22
4.31754e+22
4.80632e+22
5.37417e+22
5.93722e+22
6.49421e+22
7.35309e+22
9.34897e+22
1.38642e+23
2.25848e+23
3.71224e+23
5.79504e+23
8.22825e+23
1.03961e+24
1.18223e+24
3.85664e+22
3.49385e+22
3.60998e+22
3.61815e+22
3.58524e+22
3.54444e+22
3.49975e+22
3.45509e+22
3.41518e+22
3.38566e+22
3.37335e+22
3.38661e+22
3.43608e+22
3.5359e+22
3.70558e+22
3.97165e+22
4.36456e+22
4.90093e+22
5.54819e+22
6.21502e+22
6.85171e+22
7.68135e+22
9.46366e+22
1.35942e+23
2.18676e+23
3.6e+23
5.65608e+23
8.09087e+23
1.02933e+24
1.17652e+24
3.8334e+22
3.46866e+22
3.5879e+22
3.59743e+22
3.56574e+22
3.52651e+22
3.48378e+22
3.44149e+22
3.40437e+22
3.37808e+22
3.36947e+22
3.38694e+22
3.44117e+22
3.54639e+22
3.72227e+22
3.9957e+22
4.39791e+22
4.94695e+22
5.6119e+22
6.30058e+22
6.95743e+22
7.79644e+22
9.57308e+22
1.36953e+23
2.19847e+23
3.61679e+23
5.67824e+23
8.11312e+23
1.03094e+24
1.17738e+24
3.83732e+22
3.46183e+22
3.58015e+22
3.58978e+22
3.55858e+22
3.52005e+22
3.47822e+22
3.43701e+22
3.40116e+22
3.37634e+22
3.36937e+22
3.38863e+22
3.44477e+22
3.55195e+22
3.7297e+22
4.0048e+22
4.4087e+22
4.96077e+22
5.63252e+22
6.33231e+22
6.9978e+22
7.82706e+22
9.55662e+22
1.35869e+23
2.175e+23
3.57889e+23
5.62762e+23
8.05929e+23
1.02668e+24
1.17492e+24
3.62182e+22
3.42899e+22
3.55651e+22
3.56344e+22
3.5337e+22
3.49773e+22
3.45946e+22
3.42294e+22
3.39306e+22
3.3757e+22
3.37794e+22
3.40855e+22
3.47874e+22
3.60351e+22
3.80355e+22
4.10616e+22
4.53955e+22
5.11032e+22
5.76944e+22
6.42397e+22
7.07083e+22
8.0436e+22
1.02524e+23
1.52064e+23
2.47078e+23
4.03074e+23
6.20055e+23
8.6269e+23
1.06831e+24
1.19746e+24
3.87478e+22
3.22384e+22
3.38628e+22
3.41733e+22
3.3896e+22
3.35386e+22
3.31555e+22
3.27907e+22
3.24984e+22
3.23444e+22
3.24104e+22
3.27989e+22
3.36431e+22
3.51246e+22
3.75033e+22
4.11598e+22
4.66125e+22
5.43735e+22
6.44609e+22
7.58066e+22
8.68456e+22
9.85732e+22
1.19269e+23
1.67814e+23
2.70453e+23
4.47894e+23
6.9128e+23
9.42689e+23
1.13032e+24
1.23191e+24
3.92695e+22
3.13607e+22
3.30795e+22
3.34792e+22
3.31929e+22
3.28105e+22
3.23942e+22
3.19891e+22
3.1651e+22
3.14486e+22
3.14674e+22
3.18152e+22
3.26322e+22
3.41082e+22
3.65135e+22
4.02451e+22
4.58606e+22
5.39829e+22
6.48568e+22
7.76334e+22
9.04718e+22
1.0311e+23
1.21793e+23
1.63921e+23
2.56932e+23
4.25757e+23
6.66793e+23
9.23503e+23
1.11936e+24
1.22718e+24
3.96819e+22
3.16631e+22
3.33112e+22
3.36729e+22
3.33603e+22
3.29452e+22
3.24883e+22
3.20351e+22
3.16418e+22
3.13777e+22
3.13294e+22
3.1606e+22
3.23487e+22
3.37478e+22
3.60727e+22
3.97168e+22
4.52325e+22
5.32419e+22
6.40058e+22
7.67068e+22
8.95036e+22
1.02025e+23
1.20255e+23
1.6122e+23
2.52144e+23
4.18479e+23
6.58436e+23
9.16799e+23
1.11556e+24
1.22556e+24
4.01665e+22
3.18474e+22
3.34687e+22
3.38255e+22
3.34981e+22
3.30618e+22
3.25777e+22
3.20911e+22
3.16583e+22
3.13489e+22
3.12498e+22
3.1471e+22
3.2155e+22
3.34934e+22
3.57568e+22
3.93391e+22
4.47931e+22
5.27461e+22
6.34799e+22
7.62098e+22
8.90845e+22
1.01589e+23
1.19388e+23
1.59112e+23
2.47822e+23
4.11475e+23
6.49952e+23
9.09606e+23
1.11128e+24
1.22368e+24
4.0363e+22
3.19944e+22
3.35804e+22
3.39161e+22
3.35761e+22
3.31244e+22
3.2621e+22
3.21112e+22
3.1651e+22
3.13104e+22
3.11767e+22
3.13611e+22
3.20076e+22
3.33101e+22
3.55415e+22
3.90982e+22
4.45356e+22
5.24886e+22
6.32611e+22
7.61018e+22
8.91469e+22
1.01726e+23
1.19178e+23
1.5777e+23
2.44501e+23
4.05854e+23
6.43016e+23
9.03612e+23
1.10766e+24
1.22206e+24
3.91579e+22
3.23269e+22
3.39105e+22
3.41749e+22
3.38275e+22
3.33768e+22
3.28779e+22
3.23765e+22
3.19296e+22
3.16078e+22
3.15004e+22
3.17206e+22
3.24162e+22
3.37867e+22
3.61131e+22
3.97996e+22
4.53941e+22
5.34598e+22
6.40995e+22
7.62976e+22
8.82808e+22
1.00369e+23
1.19822e+23
1.64842e+23
2.62436e+23
4.35928e+23
6.79901e+23
9.35961e+23
1.12773e+24
1.23119e+24
5.00514e+22
3.59304e+22
3.71078e+22
3.74342e+22
3.69842e+22
3.63629e+22
3.56317e+22
3.48278e+22
3.3997e+22
3.31977e+22
3.25058e+22
3.20236e+22
3.18911e+22
3.23057e+22
3.35562e+22
3.60783e+22
4.05241e+22
4.7747e+22
5.8422e+22
7.21063e+22
8.66897e+22
1.0042e+23
1.17305e+23
1.53247e+23
2.37013e+23
3.98584e+23
6.41807e+23
9.11417e+23
1.11887e+24
1.22995e+24
5.57173e+22
3.74645e+22
3.83076e+22
3.86756e+22
3.82057e+22
3.75386e+22
3.67422e+22
3.58503e+22
3.4904e+22
3.39551e+22
3.30714e+22
3.23451e+22
3.19053e+22
3.19372e+22
3.27149e+22
3.46564e+22
3.8401e+22
4.48373e+22
5.48309e+22
6.83292e+22
8.3475e+22
9.78677e+22
1.13426e+23
1.42933e+23
2.1308e+23
3.56088e+23
5.85172e+23
8.58353e+23
1.08535e+24
1.21507e+24
5.65014e+22
3.79e+22
3.86496e+22
3.89862e+22
3.85052e+22
3.78261e+22
3.70149e+22
3.61049e+22
3.51365e+22
3.41601e+22
3.3242e+22
3.24717e+22
3.19755e+22
3.19352e+22
3.26211e+22
3.4447e+22
3.80474e+22
4.43113e+22
5.41244e+22
6.74873e+22
8.25916e+22
9.69809e+22
1.12329e+23
1.41007e+23
2.09343e+23
3.4971e+23
5.76565e+23
8.50016e+23
1.07991e+24
1.21262e+24
5.66927e+22
3.81548e+22
3.88508e+22
3.91523e+22
3.86621e+22
3.79758e+22
3.71564e+22
3.62368e+22
3.52569e+22
3.42665e+22
3.33303e+22
3.25363e+22
3.20084e+22
3.19264e+22
3.25582e+22
3.43154e+22
3.78324e+22
4.40048e+22
5.3746e+22
6.71144e+22
8.2347e+22
9.69109e+22
1.12193e+23
1.40126e+23
2.06737e+23
3.4467e+23
5.69491e+23
8.43007e+23
1.07524e+24
1.21046e+24
5.37061e+22
3.78675e+22
3.87026e+22
3.89362e+22
3.84403e+22
3.77617e+22
3.69566e+22
3.60592e+22
3.51108e+22
3.41631e+22
3.32839e+22
3.25649e+22
3.21352e+22
3.21818e+22
3.29841e+22
3.49706e+22
3.87934e+22
4.53345e+22
5.53705e+22
6.86368e+22
8.31122e+22
9.67077e+22
1.12414e+23
1.44533e+23
2.20542e+23
3.71367e+23
6.06475e+23
8.78953e+23
1.09883e+24
1.22127e+24
6.02011e+22
3.91707e+22
3.9709e+22
4.00296e+22
3.9543e+22
3.88558e+22
3.80331e+22
3.71066e+22
3.61136e+22
3.50995e+22
3.41219e+22
3.32581e+22
3.26176e+22
3.23627e+22
3.2745e+22
3.41677e+22
3.72803e+22
4.30525e+22
5.25667e+22
6.60755e+22
8.17906e+22
9.685e+22
1.12398e+23
1.40828e+23
2.09447e+23
3.52011e+23
5.83132e+23
8.60067e+23
1.08916e+24
1.2181e+24
6.59687e+22
4.01644e+22
4.03201e+22
4.07029e+22
4.02204e+22
3.95182e+22
3.86709e+22
3.7709e+22
3.66678e+22
3.55898e+22
3.45277e+22
3.35516e+22
3.276e+22
3.22998e+22
3.24009e+22
3.34364e+22
3.60195e+22
4.11063e+22
4.98973e+22
6.30517e+22
7.92762e+22
9.5469e+22
1.10961e+23
1.34935e+23
1.92002e+23
3.1714e+23
5.32702e+23
8.0898e+23
1.05469e+24
1.20219e+24
6.72658e+22
4.05777e+22
4.06122e+22
4.09823e+22
4.04955e+22
3.9787e+22
3.89313e+22
3.79588e+22
3.69046e+22
3.58103e+22
3.47277e+22
3.37244e+22
3.28958e+22
3.23835e+22
3.24098e+22
3.33372e+22
3.57657e+22
4.06411e+22
4.91757e+22
6.20948e+22
7.82004e+22
9.43923e+22
1.09771e+23
1.33038e+23
1.88245e+23
3.1028e+23
5.22649e+23
7.98332e+23
1.04718e+24
1.19862e+24
6.72181e+22
4.0678e+22
4.06915e+22
4.10376e+22
4.05451e+22
3.98331e+22
3.89738e+22
3.79976e+22
3.69392e+22
3.58403e+22
3.47518e+22
3.3741e+22
3.2902e+22
3.23747e+22
3.23796e+22
3.32769e+22
3.56651e+22
4.04908e+22
4.89798e+22
6.19024e+22
7.81254e+22
9.45341e+22
1.10012e+23
1.32851e+23
1.86757e+23
3.06778e+23
5.1727e+23
7.92604e+23
1.04311e+24
1.19667e+24
6.25965e+22
4.02243e+22
4.04982e+22
4.07554e+22
4.0251e+22
3.95455e+22
3.87002e+22
3.77464e+22
3.67203e+22
3.56653e+22
3.46349e+22
3.36999e+22
3.29593e+22
3.2561e+22
3.27374e+22
3.38684e+22
3.65797e+22
4.18334e+22
5.07715e+22
6.38284e+22
7.94122e+22
9.45451e+22
1.09653e+23
1.3586e+23
1.99295e+23
3.33983e+23
5.57973e+23
8.35009e+23
1.07255e+24
1.21058e+24
6.31811e+22
3.98479e+22
4.01558e+22
4.04687e+22
3.99849e+22
3.92995e+22
3.84777e+22
3.75504e+22
3.6553e+22
3.55279e+22
3.45276e+22
3.36206e+22
3.29027e+22
3.25171e+22
3.26901e+22
3.37951e+22
3.64545e+22
4.16428e+22
5.05624e+22
6.37845e+22
7.9823e+22
9.55389e+22
1.10814e+23
1.36084e+23
1.97201e+23
3.28776e+23
5.50192e+23
8.27053e+23
1.06715e+24
1.20808e+24
7.01436e+22
4.08855e+22
4.07264e+22
4.11198e+22
4.06443e+22
3.99444e+22
3.90976e+22
3.81335e+22
3.70858e+22
3.59943e+22
3.49071e+22
3.38867e+22
3.30192e+22
3.24326e+22
3.23299e+22
3.30477e+22
3.51576e+22
3.95928e+22
4.7641e+22
6.03133e+22
7.68165e+22
9.40031e+22
1.09864e+23
1.31005e+23
1.79538e+23
2.9068e+23
4.92099e+23
7.64885e+23
1.02281e+24
1.18668e+24
7.16265e+22
4.1303e+22
4.10013e+22
4.13827e+22
4.09045e+22
4.02e+22
3.9347e+22
3.83752e+22
3.73181e+22
3.62149e+22
3.51132e+22
3.40736e+22
3.31792e+22
3.2553e+22
3.23894e+22
3.30128e+22
3.49768e+22
3.91956e+22
4.6954e+22
5.93169e+22
7.56042e+22
9.27236e+22
1.08507e+23
1.29129e+23
1.76119e+23
2.84413e+23
4.82515e+23
7.54068e+23
1.01464e+24
1.18257e+24
7.25511e+22
4.15337e+22
4.11436e+22
4.15177e+22
4.10379e+22
4.03307e+22
3.94742e+22
3.84978e+22
3.7435e+22
3.63247e+22
3.5214e+22
3.41625e+22
3.32516e+22
3.26012e+22
3.2401e+22
3.29682e+22
3.48464e+22
3.89392e+22
4.65335e+22
5.87389e+22
7.49689e+22
9.21709e+22
1.08009e+23
1.28233e+23
1.7386e+23
2.79693e+23
4.75035e+23
7.45524e+23
1.00811e+24
1.17925e+24
7.35209e+22
4.15523e+22
4.11117e+22
4.15144e+22
4.10415e+22
4.0337e+22
3.94823e+22
3.8507e+22
3.74442e+22
3.63328e+22
3.52192e+22
3.41628e+22
3.3244e+22
3.25816e+22
3.23634e+22
3.2904e+22
3.47434e+22
3.87822e+22
4.63128e+22
5.84824e+22
7.4781e+22
9.21828e+22
1.08178e+23
1.28088e+23
1.72438e+23
2.75977e+23
4.68804e+23
7.38258e+23
1.00245e+24
1.17631e+24
6.83291e+22
4.08775e+22
4.07784e+22
4.11065e+22
4.06231e+22
3.9927e+22
3.90884e+22
3.81374e+22
3.71085e+22
3.60419e+22
3.49864e+22
3.40044e+22
3.3181e+22
3.2642e+22
3.2587e+22
3.33494e+22
3.54983e+22
3.99626e+22
4.80029e+22
6.05301e+22
7.65876e+22
9.30239e+22
1.08306e+23
1.30038e+23
1.81273e+23
2.96922e+23
5.02597e+23
7.76389e+23
1.03112e+24
1.19076e+24
6.13921e+22
3.88238e+22
3.92177e+22
3.95494e+22
3.9092e+22
3.84434e+22
3.76673e+22
3.67937e+22
3.58571e+22
3.48989e+22
3.39701e+22
3.31379e+22
3.24962e+22
3.21852e+22
3.24258e+22
3.358e+22
3.62447e+22
4.13477e+22
5.00467e+22
6.29764e+22
7.88826e+22
9.46949e+22
1.0952e+23
1.31779e+23
1.84701e+23
3.01915e+23
5.06808e+23
7.76855e+23
1.02822e+24
1.18764e+24
6.68614e+22
3.93391e+22
3.93948e+22
3.98196e+22
3.93796e+22
3.87304e+22
3.79481e+22
3.70617e+22
3.61046e+22
3.51161e+22
3.41443e+22
3.32515e+22
3.25236e+22
3.2088e+22
3.21452e+22
3.30253e+22
3.5282e+22
3.98089e+22
4.78324e+22
6.03474e+22
7.67031e+22
9.39239e+22
1.09676e+23
1.29232e+23
1.72504e+23
2.7312e+23
4.60465e+23
7.24063e+23
9.87557e+23
1.16645e+24
6.88538e+22
3.95296e+22
3.94655e+22
3.99354e+22
3.95058e+22
3.88588e+22
3.80769e+22
3.7189e+22
3.62283e+22
3.52336e+22
3.42523e+22
3.33456e+22
3.25976e+22
3.21328e+22
3.2147e+22
3.29626e+22
3.51214e+22
3.95017e+22
4.7323e+22
5.96127e+22
7.58051e+22
9.29799e+22
1.08684e+23
1.27824e+23
1.69786e+23
2.67905e+23
4.52167e+23
7.1418e+23
9.79533e+23
1.16208e+24
6.97634e+22
3.94477e+22
3.93477e+22
3.98576e+22
3.94387e+22
3.87978e+22
3.80221e+22
3.71406e+22
3.61863e+22
3.5198e+22
3.42229e+22
3.33218e+22
3.25783e+22
3.21158e+22
3.21284e+22
3.29358e+22
3.50758e+22
3.94236e+22
4.72054e+22
5.94864e+22
7.57761e+22
9.31843e+22
1.09107e+23
1.2807e+23
1.69028e+23
2.65259e+23
4.47388e+23
7.08304e+23
9.74661e+23
1.15938e+24
6.49073e+22
3.89883e+22
3.91834e+22
3.96006e+22
3.91653e+22
3.85273e+22
3.77601e+22
3.68932e+22
3.59607e+22
3.50027e+22
3.40685e+22
3.32221e+22
3.25522e+22
3.21898e+22
3.23408e+22
3.33426e+22
3.57561e+22
4.04718e+22
4.86677e+22
6.11795e+22
7.71126e+22
9.34603e+22
1.08477e+23
1.28723e+23
1.75443e+23
2.82155e+23
4.75772e+23
7.41635e+23
1.0011e+24
1.1735e+24
5.21766e+22
3.55212e+22
3.65236e+22
3.69002e+22
3.65015e+22
3.59405e+22
3.5277e+22
3.45414e+22
3.37703e+22
3.30088e+22
3.23152e+22
3.17683e+22
3.14796e+22
3.16135e+22
3.24208e+22
3.42924e+22
3.78331e+22
4.39011e+22
5.34139e+22
6.65917e+22
8.19312e+22
9.66851e+22
1.10684e+23
1.32604e+23
1.84534e+23
2.97566e+23
4.93418e+23
7.53662e+23
1.00381e+24
1.17126e+24
5.61801e+22
3.57329e+22
3.65442e+22
3.70227e+22
3.66375e+22
3.60723e+22
3.53981e+22
3.46443e+22
3.38459e+22
3.30458e+22
3.2299e+22
3.168e+22
3.12938e+22
3.12953e+22
3.19196e+22
3.35341e+22
3.67133e+22
4.23037e+22
5.13223e+22
6.43436e+22
8.03574e+22
9.65711e+22
1.11366e+23
1.30505e+23
1.73157e+23
2.70624e+23
4.50052e+23
7.03447e+23
9.63495e+23
1.14892e+24
5.79211e+22
3.58213e+22
3.65628e+22
3.71039e+22
3.67314e+22
3.61698e+22
3.54976e+22
3.47441e+22
3.39436e+22
3.31387e+22
3.23835e+22
3.17508e+22
3.13434e+22
3.13124e+22
3.18879e+22
3.34292e+22
3.65003e+22
4.19388e+22
5.07671e+22
6.36029e+22
7.95092e+22
9.57188e+22
1.10474e+23
1.29177e+23
1.70509e+23
2.65516e+23
4.41901e+23
6.9355e+23
9.55084e+23
1.14404e+24
5.8653e+22
3.56538e+22
3.63991e+22
3.69982e+22
3.66386e+22
3.60831e+22
3.54168e+22
3.46688e+22
3.38735e+22
3.30731e+22
3.23217e+22
3.16922e+22
3.12873e+22
3.12582e+22
3.18352e+22
3.33777e+22
3.64498e+22
4.18889e+22
5.07227e+22
6.35931e+22
7.96104e+22
9.6019e+22
1.10929e+23
1.29426e+23
1.69839e+23
2.63186e+23
4.37713e+23
6.8835e+23
9.50617e+23
1.1414e+24
5.37458e+22
3.50146e+22
3.60089e+22
3.65036e+22
3.61369e+22
3.55992e+22
3.49608e+22
3.42524e+22
3.35103e+22
3.27797e+22
3.21188e+22
3.16059e+22
3.13509e+22
3.15139e+22
3.23364e+22
3.41915e+22
3.76544e+22
4.35498e+22
5.28044e+22
6.57754e+22
8.11924e+22
9.63088e+22
1.10295e+23
1.3049e+23
1.77658e+23
2.8295e+23
4.7049e+23
7.27084e+23
9.82273e+23
1.15918e+24
3.80014e+22
3.01379e+22
3.19875e+22
3.24315e+22
3.21634e+22
3.17952e+22
3.1383e+22
3.0963e+22
3.05814e+22
3.02975e+22
3.01896e+22
3.03618e+22
3.09565e+22
3.21721e+22
3.42916e+22
3.77195e+22
4.30103e+22
5.08125e+22
6.15581e+22
7.48027e+22
8.87745e+22
1.01574e+23
1.14935e+23
1.39211e+23
1.95948e+23
3.12125e+23
5.03799e+23
7.51693e+23
9.90799e+23
1.15737e+24
4.05598e+22
3.00038e+22
3.17972e+22
3.23472e+22
3.20796e+22
3.16919e+22
3.12496e+22
3.07877e+22
3.03504e+22
2.99951e+22
2.97975e+22
2.98588e+22
3.03171e+22
3.1364e+22
3.32713e+22
3.64275e+22
4.1375e+22
4.87913e+22
5.92712e+22
7.27332e+22
8.77389e+22
1.01971e+23
1.15296e+23
1.34967e+23
1.79955e+23
2.78274e+23
4.5213e+23
6.92906e+23
9.42583e+23
1.129e+24
4.14841e+22
3.00927e+22
3.18747e+22
3.24661e+22
3.22026e+22
3.18124e+22
3.13653e+22
3.08955e+22
3.04467e+22
3.00754e+22
2.98557e+22
2.98873e+22
3.03059e+22
3.13002e+22
3.31374e+22
3.62007e+22
4.10272e+22
4.82948e+22
5.86165e+22
7.19553e+22
8.6923e+22
1.0119e+23
1.14472e+23
1.33709e+23
1.77488e+23
2.73681e+23
4.45025e+23
6.84378e+23
9.35181e+23
1.12446e+24
4.19716e+22
3.0215e+22
3.1958e+22
3.25483e+22
3.22822e+22
3.18877e+22
3.14346e+22
3.0957e+22
3.04979e+22
3.01132e+22
2.98761e+22
2.98852e+22
3.02747e+22
3.12312e+22
3.30193e+22
3.60185e+22
4.07622e+22
4.79288e+22
5.81457e+22
7.14153e+22
8.6397e+22
1.00749e+23
1.14031e+23
1.32866e+23
1.75492e+23
2.69714e+23
4.38807e+23
6.76913e+23
9.28694e+23
1.12046e+24
4.25588e+22
3.00127e+22
3.17923e+22
3.24519e+22
3.21996e+22
3.18119e+22
3.13655e+22
3.08943e+22
3.0441e+22
3.00611e+22
2.98277e+22
2.98385e+22
3.02273e+22
3.11799e+22
3.296e+22
3.59461e+22
4.06712e+22
4.78164e+22
5.8022e+22
7.13233e+22
8.64183e+22
1.00946e+23
1.14299e+23
1.32778e+23
1.74288e+23
2.66642e+23
4.3365e+23
6.70501e+23
9.2292e+23
1.11677e+24
3.96093e+22
2.96003e+22
3.14797e+22
3.20576e+22
3.18115e+22
3.14516e+22
3.10446e+22
3.06259e+22
3.02404e+22
2.99463e+22
2.98199e+22
2.99632e+22
3.05147e+22
3.16665e+22
3.36896e+22
3.69698e+22
4.20403e+22
4.95555e+22
6.00587e+22
7.3385e+22
8.803e+22
1.01753e+23
1.14768e+23
1.34915e+23
1.81675e+23
2.82865e+23
4.59509e+23
7.01216e+23
9.49125e+23
1.13265e+24
2.63602e+22
2.55229e+22
2.78998e+22
2.84388e+22
2.84477e+22
2.84715e+22
2.85632e+22
2.87668e+22
2.91378e+22
2.97459e+22
3.06782e+22
3.20458e+22
3.39917e+22
3.67026e+22
4.04241e+22
4.54716e+22
5.22117e+22
6.09439e+22
7.1596e+22
8.33192e+22
9.46192e+22
1.04962e+23
1.17936e+23
1.44726e+23
2.04824e+23
3.19948e+23
5.00817e+23
7.29349e+23
9.54285e+23
1.12364e+24
2.68741e+22
2.4887e+22
2.73513e+22
2.79797e+22
2.79898e+22
2.80044e+22
2.80822e+22
2.82665e+22
2.86116e+22
2.91857e+22
3.00749e+22
3.13887e+22
3.32689e+22
3.59014e+22
3.95333e+22
4.44883e+22
5.11624e+22
5.99399e+22
7.09305e+22
8.35266e+22
9.62289e+22
1.07756e+23
1.19981e+23
1.41858e+23
1.91718e+23
2.93083e+23
4.61555e+23
6.85542e+23
9.1695e+23
1.09932e+24
2.72005e+22
2.4857e+22
2.73426e+22
2.79977e+22
2.80036e+22
2.80083e+22
2.80729e+22
2.82403e+22
2.85645e+22
2.91133e+22
2.9972e+22
3.12496e+22
3.30864e+22
3.5667e+22
3.92361e+22
4.41146e+22
5.06965e+22
5.93695e+22
7.02598e+22
8.27904e+22
9.54822e+22
1.07008e+23
1.19084e+23
1.40396e+23
1.88996e+23
2.88386e+23
4.54743e+23
6.7776e+23
9.10224e+23
1.09492e+24
2.73957e+22
2.47967e+22
2.73272e+22
2.80164e+22
2.80264e+22
2.80324e+22
2.80979e+22
2.82655e+22
2.85892e+22
2.91366e+22
2.99931e+22
3.12673e+22
3.30999e+22
3.56752e+22
3.92385e+22
4.41116e+22
5.06925e+22
5.93793e+22
7.03209e+22
8.29723e+22
9.58647e+22
1.07603e+23
1.19722e+23
1.40649e+23
1.88256e+23
2.8613e+23
4.50848e+23
6.72905e+23
9.05787e+23
1.09191e+24
2.75187e+22
2.55926e+22
2.80561e+22
2.86872e+22
2.87128e+22
2.87478e+22
2.8849e+22
2.9058e+22
2.94273e+22
3.00226e+22
3.09263e+22
3.22431e+22
3.41075e+22
3.66948e+22
4.02363e+22
4.50333e+22
5.14522e+22
5.98436e+22
7.02838e+22
8.21457e+22
9.39819e+22
1.04732e+23
1.16679e+23
1.39192e+23
1.90482e+23
2.92772e+23
4.59911e+23
6.80855e+23
9.1064e+23
1.09413e+24
2.41012e+22
2.73345e+22
2.95775e+22
3.00823e+22
3.02882e+22
3.05688e+22
3.09687e+22
3.15274e+22
3.22928e+22
3.33243e+22
3.46948e+22
3.6495e+22
3.8839e+22
4.18704e+22
4.57643e+22
5.07112e+22
5.68489e+22
6.41039e+22
7.19866e+22
7.96131e+22
8.6368e+22
9.33673e+22
1.05398e+23
1.32348e+23
1.88158e+23
2.86398e+23
4.34374e+23
6.25843e+23
8.34677e+23
1.02131e+24
2.47602e+22
2.72362e+22
2.95783e+22
3.01211e+22
3.03076e+22
3.05629e+22
3.09304e+22
3.1447e+22
3.21576e+22
3.31176e+22
3.43944e+22
3.60715e+22
3.82527e+22
4.10696e+22
4.46866e+22
4.92976e+22
5.50871e+22
6.21088e+22
7.0069e+22
7.81885e+22
8.55762e+22
9.24608e+22
1.02142e+23
1.22903e+23
1.68079e+23
2.52372e+23
3.85783e+23
5.66662e+23
7.74563e+23
9.71912e+23
2.47518e+22
2.71455e+22
2.95234e+22
3.00808e+22
3.02669e+22
3.05207e+22
3.08866e+22
3.14012e+22
3.21097e+22
3.30673e+22
3.43416e+22
3.60159e+22
3.81943e+22
4.10081e+22
4.46228e+22
4.92343e+22
5.50323e+22
6.20813e+22
7.01024e+22
7.83232e+22
8.58317e+22
9.27938e+22
1.02411e+23
1.22875e+23
1.67512e+23
2.51161e+23
3.84035e+23
5.64695e+23
7.7279e+23
9.70632e+23
2.47023e+22
2.70322e+22
2.94423e+22
3.00144e+22
3.02031e+22
3.04595e+22
3.08288e+22
3.13479e+22
3.20621e+22
3.30272e+22
3.43112e+22
3.5998e+22
3.81922e+22
4.10256e+22
4.4663e+22
4.93e+22
5.51265e+22
6.22124e+22
7.02916e+22
7.86033e+22
8.6219e+22
9.32341e+22
1.02725e+23
1.22751e+23
1.66617e+23
2.49313e+23
3.81285e+23
5.61322e+23
7.69309e+23
9.67664e+23
2.4867e+22
2.76317e+22
2.99094e+22
3.0437e+22
3.06344e+22
3.09031e+22
3.1287e+22
3.18234e+22
3.25576e+22
3.35446e+22
3.48513e+22
3.65595e+22
3.87697e+22
4.16067e+22
4.52231e+22
4.97913e+22
5.54584e+22
6.22203e+22
6.97191e+22
7.71672e+22
8.38104e+22
9.0206e+22
1.0012e+23
1.2223e+23
1.69771e+23
2.567e+23
3.92121e+23
5.73782e+23
7.81035e+23
9.76687e+23
2.82569e+22
2.99647e+22
3.09161e+22
3.13449e+22
3.16022e+22
3.18574e+22
3.21792e+22
3.26108e+22
3.31928e+22
3.39697e+22
3.49926e+22
3.63215e+22
3.80249e+22
4.01766e+22
4.28373e+22
4.60131e+22
4.95868e+22
5.32609e+22
5.66153e+22
5.93981e+22
6.20894e+22
6.66321e+22
7.70534e+22
9.94607e+22
1.41141e+23
2.0959e+23
3.11908e+23
4.52584e+23
6.27788e+23
8.19064e+23
2.75469e+22
2.97116e+22
3.08694e+22
3.12945e+22
3.15112e+22
3.17308e+22
3.20187e+22
3.24142e+22
3.29555e+22
3.36854e+22
3.46531e+22
3.59161e+22
3.75413e+22
3.96032e+22
4.21745e+22
4.52966e+22
4.89193e+22
5.28229e+22
5.65988e+22
5.98202e+22
6.25087e+22
6.5862e+22
7.30462e+22
8.96021e+22
1.22869e+23
1.80707e+23
2.70607e+23
3.98283e+23
5.6334e+23
7.52585e+23
2.75215e+22
2.97247e+22
3.09036e+22
3.13293e+22
3.15429e+22
3.17596e+22
3.2044e+22
3.24349e+22
3.297e+22
3.36912e+22
3.46475e+22
3.58959e+22
3.75033e+22
3.95449e+22
4.20955e+22
4.52009e+22
4.8818e+22
5.27349e+22
5.65462e+22
5.98175e+22
6.25462e+22
6.58924e+22
7.29811e+22
8.93291e+22
1.2229e+23
1.79768e+23
2.69296e+23
3.96641e+23
5.61454e+23
7.50632e+23
2.7475e+22
2.97077e+22
3.09021e+22
3.13283e+22
3.15413e+22
3.17586e+22
3.20443e+22
3.24367e+22
3.29729e+22
3.36947e+22
3.46504e+22
3.58965e+22
3.74993e+22
3.9534e+22
4.20759e+22
4.51733e+22
4.87882e+22
5.27159e+22
5.6555e+22
5.98644e+22
6.26179e+22
6.59336e+22
7.28854e+22
8.89539e+22
1.21498e+23
1.78459e+23
2.67407e+23
3.94162e+23
5.58493e+23
7.47475e+23
2.73299e+22
2.9606e+22
3.08248e+22
3.12535e+22
3.14657e+22
3.16836e+22
3.19711e+22
3.23662e+22
3.29064e+22
3.36336e+22
3.45961e+22
3.58508e+22
3.74643e+22
3.9512e+22
4.20704e+22
4.51902e+22
4.88378e+22
5.28141e+22
5.67193e+22
6.01004e+22
6.28968e+22
6.61679e+22
7.2917e+22
8.85778e+22
1.20529e+23
1.76781e+23
2.64971e+23
3.90999e+23
5.54798e+23
7.43666e+23
2.80519e+22
3.00169e+22
3.10747e+22
3.14775e+22
3.16794e+22
3.18751e+22
3.21305e+22
3.2485e+22
3.29766e+22
3.36471e+22
3.45449e+22
3.57265e+22
3.72581e+22
3.92127e+22
4.16599e+22
4.4634e+22
4.80723e+22
5.17423e+22
5.52372e+22
5.81694e+22
6.06465e+22
6.39826e+22
7.14334e+22
8.85014e+22
1.22299e+23
1.80407e+23
2.70231e+23
3.97676e+23
5.62654e+23
7.52138e+23
3.12339e+22
3.16072e+22
3.19487e+22
3.22298e+22
3.24861e+22
3.2762e+22
3.30966e+22
3.35243e+22
3.40784e+22
3.4793e+22
3.5704e+22
3.68475e+22
3.82553e+22
3.99443e+22
4.18944e+22
4.4019e+22
4.61415e+22
4.80168e+22
4.94491e+22
5.05387e+22
5.20402e+22
5.57459e+22
6.47028e+22
8.30097e+22
1.15284e+23
1.6646e+23
2.4203e+23
3.47606e+23
4.86268e+23
6.53415e+23
3.08009e+22
3.1314e+22
3.17112e+22
3.19828e+22
3.21919e+22
3.2399e+22
3.26491e+22
3.29789e+22
3.34222e+22
3.40144e+22
3.47932e+22
3.5799e+22
3.70717e+22
3.86433e+22
4.05197e+22
4.26511e+22
4.48973e+22
4.70205e+22
4.87557e+22
5.00119e+22
5.12067e+22
5.36753e+22
6.00025e+22
7.40143e+22
1.003e+23
1.43777e+23
2.09837e+23
3.04374e+23
4.32046e+23
5.91742e+23
3.07236e+22
3.12593e+22
3.16699e+22
3.19483e+22
3.21614e+22
3.2372e+22
3.26261e+22
3.29605e+22
3.34094e+22
3.40081e+22
3.47945e+22
3.58089e+22
3.70919e+22
3.86762e+22
4.05692e+22
4.27233e+22
4.5001e+22
4.7165e+22
4.89461e+22
5.02418e+22
5.14516e+22
5.38901e+22
6.01304e+22
7.40098e+22
1.00155e+23
1.43523e+23
2.09527e+23
3.04055e+23
4.3175e+23
5.91478e+23
3.04378e+22
3.10189e+22
3.14757e+22
3.17927e+22
3.20386e+22
3.22805e+22
3.25673e+22
3.29376e+22
3.34268e+22
3.4071e+22
3.49092e+22
3.59828e+22
3.73333e+22
3.89943e+22
4.09737e+22
4.32231e+22
4.56027e+22
4.78705e+22
4.97514e+22
5.11367e+22
5.24239e+22
5.49367e+22
6.12786e+22
7.53505e+22
1.01874e+23
1.45904e+23
2.12906e+23
3.08713e+23
4.37724e+23
5.98334e+23
3.09808e+22
3.14235e+22
3.17741e+22
3.20231e+22
3.2225e+22
3.24329e+22
3.26887e+22
3.30272e+22
3.34822e+22
3.40887e+22
3.48842e+22
3.59088e+22
3.72017e+22
3.87928e+22
4.06838e+22
4.28181e+22
4.50482e+22
4.71336e+22
4.88241e+22
5.00726e+22
5.13792e+22
5.41965e+22
6.12378e+22
7.64196e+22
1.04363e+23
1.50019e+23
2.18852e+23
3.16749e+23
4.48007e+23
6.10535e+23
0
0
0
0
0
0
0
0
0
0
0
0
0
0
0
0
0
0
0
0
0
0
0
0
0
0
0
0
0
0
0
0
0
0
0
0
0
0
0
0
0
0
0
0
0
0
0
0
0
0
0
0
0
0
0
0
0
0
0
0
0
0
0
0
0
0
0
0
0
0
0
0
0
0
0
0
0
0
0
0
0
0
0
0
0
0
0
0
0
0
0
0
0
0
0
0
0
0
0
0
0
0
0
0
0
0
0
0
0
0
0
0
0
0
0
0
0
0
0
0
0
0
0
0
0
0
0
0
0
0
0
0
0
0
0
0
0
0
0
0
0
0
0
0
0
0
0
0
0
0
0
0
0
0
0
0
0
0
0
0
0
0
0
0
0
0
0
0
0
0
0
0
0
0
0
0
0
0
0
0
0
0
0
0
0
0
0
0
0
0
0
0
0
0
0
0
0
0
0
0
0
0
0
0
0
0
0
0
0
0
0
0
0
0
0
0
0
0
0
0
0
0
0
0
0
0
0
0
0
0
0
0
0
0
0
0
0
0
0
0
0
0
0
0
0
0
0
0
0
0
0
0
0
0
0
0
0
0
0
0
0
0
0
0
0
0
0
0
0
0
0
0
0
0
0
0
0
0
0
0
0
0
0
0
0
0
0
0
0
0
0
0
0
0
0
0
0
0
0
0
0
0
0
0
0
0
0
0
0
0
0
0
0
0
0
0
0
0
0
0
0
0
0
0
0
0
0
0
0
0
0
0
0
0
0
0
0
0
0
0
0
0
0
0
0
0
0
0
0
0
0
0
0
0
0
0
0
0
0
0
0
0
0
0
0
0
0
0
0
0
0
0
0
0
0
0
0
0
0
0
0
0
0
0
0
0
0
0
0
0
0
0
0
0
0
0
0
0
0
0
0
0
0
0
0
0
0
0
0
0
0
0
0
0
0
0
0
0
0
0
0
0
0
0
0
0
0
0
0
0
0
0
0
0
0
0
0
0
0
0
0
0
0
0
0
0
0
0
0
0
0
0
0
0
0
0
0
0
0
0
0
0
0
0
0
0
0
0
0
0
0
0
0
0
0
0
0
0
0
0
0
0
0
0
0
0
0
0
0
0
0
0
0
0
0
0
0
0
0
0
0
0
0
0
0
0
0
0
0
0
0
0
0
0
0
0
0
0
0
0
0
0
0
0
0
0
0
0
0
0
0
0
0
0
0
0
0
0
0
0
0
0
0
0
0
0
0
0
0
0
0
0
0
0
0
0
0
0
0
0
0
0
0
0
0
0
0
0
0
0
0
0
0
0
0
0
0
0
0
0
0
0
0
0
0
0
0
0
0
0
0
0
0
0
0
0
0
0
0
0
0
0
0
0
0
0
0
0
0
0
0
0
0
0
0
0
0
0
0
0
0
0
0
0
0
0
0
0
0
0
0
0
0
0
0
0
0
0
0
0
0
0
0
0
0
0
0
0
0
0
0
0
0
0
0
0
0
0
0
0
0
0
0
0
0
0
0
0
0
0
0
0
0
0
0
0
0
0
0
0
0
0
0
0
0
0
0
0
0
0
0
0
0
0
0
0
0
0
0
0
0
0
0
0
0
0
0
0
0
0
0
0
0
0
0
0
0
0
0
0
0
0
0
0
0
0
0
0
0
0
0
0
0
0
0
0
0
0
0
0
0
0
0
0
0
0
0
0
0
0
0
0
0
0
0
0
0
0
0
0
0
0
0
0
0
0
0
0
0
0
0
0
0
0
0
0
0
0
0
0
0
0
0
0
0
0
0
0
0
0
0
0
0
0
0
0
0
0
0
0
0
0
0
0
0
0
0
0
0
0
0
0
0
0
0
0
0
0
0
0
0
0
0
0
0
0
0
0
0
0
0
0
0
0
0
0
0
0
0
0
0
0
0
0
0
0
0
0
0
0
0
0
0
0
0
0
0
0
0
0
0
0
0
0
0
0
0
0
0
0
0
0
0
0
0
0
0
0
0
0
0
0
0
0
0
0
0
0
0
0
0
0
0
0
0
0
0
0
0
0
0
0
0
0
0
0
0
0
0
0
0
0
0
0
0
0
0
0
0
0
0
0
0
0
0
0
0
0
0
0
0
0
0
0
0
0
0
0
0
0
0
0
0
0
0
0
0
0
0
0
0
0
0
0
0
0
0
0
0
0
0
0
0
0
0
0
0
0
0
0
0
0
0
0
0
0
0
0
0
0
0
0
0
0
0
0
0
0
0
0
0
0
0
0
0
0
0
0
0
0
0
0
0
0
0
0
0
0
0
0
0
0
0
0
0
0
0
0
0
0
0
0
0
0
0
0
0
0
0
0
0
0
0
0
0
0
0
0
0
0
0
0
0
0
0
0
0
0
0
0
0
0
0
0
0
0
0
0
0
0
0
0
0
0
0
0
0
0
0
0
0
0
0
0
0
0
0
0
0
0
0
0
0
0
0
0
0
0
0
0
0
0
0
0
0
0
0
0
0
0
0
0
0
0
0
0
0
0
0
0
0
0
0
0
0
0
0
0
0
0
0
0
0
0
0
0
0
0
0
0
0
0
0
0
0
0
0
0
0
0
0
0
0
0
0
0
0
0
0
0
0
0
0
0
0
0
0
0
0
0
0
0
0
0
0
0
0
0
0
0
0
0
0
0
0
0
0
0
0
0
0
0
0
0
0
0
0
0
0
0
0
0
0
0
0
0
0
0
0
0
0
0
0
0
0
0
0
0
0
0
0
0
0
0
0
0
0
0
0
0
0
0
0
0
0
0
0
0
0
0
0
0
0
0
0
0
0
0
0
0
0
0
0
0
0
0
0
0
0
0
0
0
0
0
0
0
0
0
0
0
0
0
0
0
0
0
0
0
0
0
0
0
0
0
0
0
0
0
0
0
0
0
0
0
0
0
0
0
0
0
0
0
0
0
0
0
0
0
0
0
0
0
0
0
0
0
0
0
0
0
0
0
0
0
0
0
0
0
0
0
0
0
0
0
0
0
0
0
0
0
0
0
0
0
0
0
0
0
0
0
0
0
0
0
0
0
0
0
0
0
0
0
0
0
0
0
0
0
0
0
0
0
0
0
0
0
0
0
0
0
0
0
0
0
0
0
0
0
0
0
0
0
0
0
0
0
0
0
0
0
0
0
0
0
0
0
0
0
0
0
0
0
0
0
0
0
0
0
0
0
0
0
0
0
0
0
0
0
0
0
)
;

boundaryField
{
    fuelBottom
    {
        type            empty;
    }
    fuelTop_1
    {
        type            empty;
    }
    fuelOuter
    {
        type            zeroGradient;
    }
    fuelTop
    {
        type            empty;
    }
    fuelInner
    {
        type            zeroGradient;
    }
    cladBottom
    {
        type            empty;
    }
    cladInner
    {
        type            zeroGradient;
    }
    cladOuter
    {
        type            zeroGradient;
    }
    cladTop
    {
        type            empty;
    }
    front
    {
        type            wedge;
    }
    back
    {
        type            wedge;
    }
}


// ************************************************************************* //
