/*--------------------------------*- C++ -*----------------------------------*\
| =========                 |                                                 |
| \\      /  F ield         | OpenFOAM: The Open Source CFD Toolbox           |
|  \\    /   O peration     | Version:  v1812                                 |
|   \\  /    A nd           | Web:      www.OpenFOAM.com                      |
|    \\/     M anipulation  |                                                 |
\*---------------------------------------------------------------------------*/
FoamFile
{
    version     2.0;
    format      ascii;
    class       labelList;
    location    "constant/fluidRegion/polyMesh";
    object      pointProcAddressing;
}
// * * * * * * * * * * * * * * * * * * * * * * * * * * * * * * * * * * * * * //


5472
(
2
3
8
9
12
13
14
15
16
17
18
19
21
22
24
25
26
28
29
31
32
33
34
35
36
37
40
43
56
57
58
59
60
61
62
63
64
65
67
68
69
71
73
74
75
77
78
79
80
81
82
83
84
85
86
87
102
103
104
105
106
107
109
110
113
114
124
125
126
127
128
129
130
131
134
135
138
139
140
141
142
143
144
145
146
147
156
157
158
159
164
165
166
167
168
169
170
171
172
173
174
175
177
179
180
181
184
185
186
187
188
189
190
191
192
193
194
195
196
197
198
199
211
215
216
217
218
220
221
222
225
226
229
230
241
243
249
251
252
253
254
255
256
258
260
261
262
263
264
265
266
267
272
273
274
275
276
277
278
279
280
281
282
283
284
286
294
295
296
297
298
299
300
301
302
303
304
305
306
307
309
310
313
314
316
319
320
323
324
325
327
328
329
331
333
334
337
338
342
343
346
347
360
361
362
363
368
369
370
371
372
373
374
375
384
385
386
387
392
393
394
395
396
398
408
410
416
417
418
419
422
423
426
427
430
431
432
436
440
441
442
443
444
445
446
447
448
449
451
452
453
455
456
457
458
459
460
461
462
463
465
469
475
479
492
493
494
495
500
501
502
503
504
505
506
507
516
517
518
519
524
525
526
527
528
529
530
531
540
541
542
543
548
549
550
551
552
554
556
557
558
559
565
567
572
573
574
575
578
579
582
583
584
585
586
587
604
605
606
607
608
609
610
611
612
613
614
615
616
617
618
619
649
651
661
663
672
673
674
675
684
685
686
687
696
697
698
699
705
707
708
709
710
711
713
715
728
729
730
731
736
737
738
739
748
750
752
753
754
755
764
765
770
771
774
775
776
777
779
780
781
783
784
785
786
789
796
797
798
799
800
801
803
805
806
807
808
809
810
811
819
820
821
823
824
830
831
832
833
836
837
838
839
840
841
846
847
850
851
852
853
854
855
857
858
860
861
862
863
864
865
866
867
875
876
877
878
881
882
889
893
894
895
896
898
899
900
901
904
905
906
907
908
909
910
915
916
917
918
919
920
921
923
924
926
929
930
931
933
935
936
940
941
948
949
952
953
954
955
960
961
964
965
966
972
976
977
979
981
983
984
988
989
990
991
992
993
995
996
997
998
999
1001
1007
1014
1015
1018
1019
1020
1021
1026
1027
1030
1031
1032
1033
1038
1039
1042
1043
1044
1046
1047
1051
1054
1055
1057
1059
1060
1061
1070
1071
1072
1073
1074
1075
1076
1077
1093
1099
1104
1105
1110
1111
1116
1117
1121
1122
1123
1125
1132
1133
1136
1137
1142
1144
1145
1150
1154
1155
1158
1159
1160
1161
1163
1164
1165
1167
1168
1169
1170
1173
1180
1181
1182
1183
1184
1185
1187
1189
1190
1191
1192
1193
1194
1195
1203
1204
1205
1207
1208
1214
1215
1216
1217
1220
1221
1222
1223
1224
1225
1230
1231
1234
1235
1236
1237
1238
1239
1241
1242
1244
1245
1246
1247
1248
1249
1250
1251
1259
1260
1261
1262
1265
1266
1273
1277
1278
1279
1280
1282
1283
1284
1285
1288
1289
1290
1291
1292
1293
1294
1299
1300
1301
1302
1303
1304
1305
1307
1308
1310
1313
1314
1315
1317
1319
1320
1324
1325
1332
1333
1336
1337
1338
1339
1344
1345
1348
1349
1350
1356
1360
1361
1363
1365
1367
1368
1372
1373
1374
1375
1376
1377
1379
1380
1381
1382
1383
1385
1391
1398
1399
1402
1403
1404
1405
1410
1411
1414
1415
1416
1417
1422
1423
1426
1427
1428
1430
1431
1435
1438
1439
1441
1443
1444
1445
1454
1455
1456
1457
1458
1459
1460
1461
1477
1483
1488
1489
1494
1495
1500
1501
1505
1506
1507
1509
1516
1517
1520
1521
1526
1528
1529
1534
1538
1539
1542
1543
1544
1545
1547
1548
1549
1551
1552
1553
1554
1557
1564
1565
1566
1567
1568
1569
1571
1573
1574
1575
1576
1577
1578
1579
1587
1588
1589
1591
1592
1598
1599
1600
1601
1604
1605
1606
1607
1608
1609
1614
1615
1618
1619
1620
1621
1622
1623
1625
1626
1628
1629
1630
1631
1632
1633
1634
1635
1643
1644
1645
1646
1649
1650
1657
1661
1662
1663
1664
1666
1667
1668
1669
1672
1673
1674
1675
1676
1677
1678
1683
1684
1685
1686
1687
1688
1689
1691
1692
1694
1697
1698
1699
1701
1703
1704
1708
1709
1716
1717
1720
1721
1722
1723
1728
1729
1732
1733
1734
1740
1744
1745
1747
1749
1751
1752
1756
1757
1758
1759
1760
1761
1763
1764
1765
1766
1767
1769
1775
1782
1783
1786
1787
1788
1789
1794
1795
1798
1799
1800
1801
1806
1807
1810
1811
1812
1814
1815
1819
1822
1823
1825
1827
1828
1829
1838
1839
1840
1841
1842
1843
1844
1845
1861
1867
1872
1873
1878
1879
1884
1885
1889
1890
1891
1893
1900
1901
1904
1905
1910
1912
1913
1918
1922
1923
1926
1927
1928
1929
1931
1932
1933
1935
1936
1937
1938
1941
1948
1949
1950
1951
1952
1953
1955
1957
1958
1959
1960
1961
1962
1963
1971
1972
1973
1975
1976
1982
1983
1984
1985
1988
1989
1990
1991
1992
1993
1998
1999
2002
2003
2004
2005
2006
2007
2009
2010
2012
2013
2014
2015
2016
2017
2018
2019
2027
2028
2029
2030
2033
2034
2041
2045
2046
2047
2048
2050
2051
2052
2053
2056
2057
2058
2059
2060
2061
2062
2067
2068
2069
2070
2071
2072
2073
2075
2076
2078
2081
2082
2083
2085
2087
2088
2092
2093
2100
2101
2104
2105
2106
2107
2112
2113
2116
2117
2118
2124
2128
2129
2131
2133
2135
2136
2140
2141
2142
2143
2144
2145
2147
2148
2149
2150
2151
2153
2159
2166
2167
2170
2171
2172
2173
2178
2179
2182
2183
2184
2185
2190
2191
2194
2195
2196
2198
2199
2203
2206
2207
2209
2211
2212
2213
2222
2223
2224
2225
2226
2227
2228
2229
2245
2251
2256
2257
2262
2263
2268
2269
2273
2274
2275
2277
2284
2285
2288
2289
2294
2296
2297
2302
2306
2307
2310
2311
2312
2313
2315
2316
2317
2319
2320
2321
2322
2325
2332
2333
2334
2335
2336
2337
2339
2341
2342
2343
2344
2345
2346
2347
2355
2356
2357
2359
2360
2366
2367
2368
2369
2372
2373
2374
2375
2376
2377
2382
2383
2386
2387
2388
2389
2390
2391
2393
2394
2396
2397
2398
2399
2400
2401
2402
2403
2411
2412
2413
2414
2417
2418
2425
2429
2430
2431
2432
2434
2435
2436
2437
2440
2441
2442
2443
2444
2445
2446
2451
2452
2453
2454
2455
2456
2457
2459
2460
2462
2465
2466
2467
2469
2471
2472
2476
2477
2484
2485
2488
2489
2490
2491
2496
2497
2500
2501
2502
2508
2512
2513
2515
2517
2519
2520
2524
2525
2526
2527
2528
2529
2531
2532
2533
2534
2535
2537
2543
2550
2551
2554
2555
2556
2557
2562
2563
2566
2567
2568
2569
2574
2575
2578
2579
2580
2582
2583
2587
2590
2591
2593
2595
2596
2597
2606
2607
2608
2609
2610
2611
2612
2613
2629
2635
2640
2641
2646
2647
2652
2653
2657
2658
2659
2661
2668
2669
2672
2673
2678
2680
2681
2686
2692
2693
2694
2695
2700
2701
2702
2703
2704
2705
2706
2707
2710
2711
2712
2713
2714
2715
2718
2719
2720
2721
2722
2723
2724
2725
2730
2731
2744
2745
2746
2747
2748
2749
2750
2751
2752
2753
2754
2755
2758
2759
2762
2763
2764
2765
2766
2767
2768
2769
2770
2771
2772
2773
2774
2775
2790
2791
2792
2793
2794
2795
2798
2799
2800
2801
2812
2813
2814
2815
2816
2817
2818
2819
2824
2825
2826
2827
2828
2829
2830
2831
2832
2833
2834
2835
2844
2845
2846
2847
2852
2853
2854
2855
2856
2857
2858
2859
2860
2861
2862
2863
2866
2867
2868
2869
2872
2873
2874
2875
2876
2877
2878
2879
2880
2881
2882
2883
2884
2885
2886
2887
2902
2903
2904
2905
2906
2907
2908
2909
2914
2915
2916
2917
2930
2931
2938
2939
2940
2941
2942
2943
2944
2945
2948
2949
2950
2951
2952
2953
2954
2955
2960
2961
2962
2963
2964
2965
2966
2967
2968
2969
2970
2971
2972
2973
2982
2983
2984
2985
2986
2987
2988
2989
2990
2991
2992
2993
2994
2995
2998
2999
3000
3001
3004
3005
3010
3011
3012
3013
3014
3015
3018
3019
3022
3023
3024
3025
3032
3033
3034
3035
3048
3049
3050
3051
3056
3057
3058
3059
3060
3061
3062
3063
3072
3073
3074
3075
3080
3081
3082
3083
3084
3085
3096
3097
3104
3105
3106
3107
3110
3111
3114
3115
3118
3119
3120
3121
3128
3129
3130
3131
3132
3133
3134
3135
3136
3137
3138
3139
3142
3143
3144
3145
3146
3147
3148
3149
3150
3151
3154
3155
3166
3167
3180
3181
3182
3183
3188
3189
3190
3191
3192
3193
3194
3195
3204
3205
3206
3207
3212
3213
3214
3215
3216
3217
3218
3219
3228
3229
3230
3231
3236
3237
3238
3239
3240
3241
3244
3245
3246
3247
3254
3255
3260
3261
3262
3263
3266
3267
3270
3271
3272
3273
3274
3275
3292
3293
3294
3295
3296
3297
3298
3299
3300
3301
3302
3303
3304
3305
3306
3307
3338
3339
3350
3351
3360
3361
3362
3363
3372
3373
3374
3375
3384
3385
3386
3387
3394
3395
3396
3397
3398
3399
3402
3403
3416
3417
3418
3419
3424
3425
3426
3427
3436
3437
3440
3441
3442
3443
3452
3453
3474
3475
3476
3477
3478
3479
3480
3481
3482
3483
3484
3485
3486
3487
3488
3489
3490
3491
3510
3511
3512
3513
3514
3515
3516
3517
3518
3519
3520
3521
3522
3523
3524
3525
3526
3527
3528
3529
3530
3531
3532
3533
3534
3535
3536
3537
3538
3539
3540
3541
3542
3543
3544
3545
3555
3556
3557
3558
3559
3560
3561
3562
3563
3564
3565
3566
3567
3568
3569
3570
3571
3572
3573
3574
3575
3576
3577
3578
3579
3580
3581
3591
3592
3593
3594
3595
3596
3597
3598
3599
3600
3601
3602
3603
3604
3605
3606
3607
3608
3609
3610
3611
3612
3613
3614
3615
3616
3617
3618
3619
3620
3621
3622
3623
3624
3625
3626
3645
3646
3647
3648
3649
3650
3651
3652
3653
3708
3709
3710
3711
3712
3713
3714
3715
3716
3717
3718
3719
3720
3721
3722
3723
3724
3725
3726
3727
3728
3729
3730
3731
3732
3733
3734
3735
3736
3737
3738
3739
3740
3741
3742
3743
3744
3745
3746
3747
3748
3749
3750
3751
3752
3753
3754
3755
3756
3757
3758
3759
3760
3761
3771
3772
3773
3774
3775
3776
3777
3778
3779
3789
3790
3791
3792
3793
3794
3795
3796
3797
3798
3799
3800
3801
3802
3803
3804
3805
3806
3807
3808
3809
3810
3811
3812
3813
3814
3815
3816
3817
3818
3819
3820
3821
3822
3823
3824
3825
3826
3827
3828
3829
3830
3831
3832
3833
3834
3835
3836
3837
3838
3839
3840
3841
3842
3843
3844
3845
3846
3847
3848
3849
3850
3851
3915
3916
3917
3918
3919
3920
3921
3922
3923
3924
3925
3926
3927
3928
3929
3930
3931
3932
3933
3934
3935
3936
3937
3938
3939
3940
3941
3951
3952
3953
3954
3955
3956
3957
3958
3959
3960
3961
3962
3963
3964
3965
3966
3967
3968
4014
4015
4016
4017
4018
4019
4020
4021
4022
4023
4024
4025
4026
4027
4028
4029
4030
4031
4032
4033
4034
4035
4036
4037
4038
4039
4040
4041
4042
4043
4044
4045
4046
4047
4048
4049
4068
4069
4070
4071
4072
4073
4074
4075
4076
4077
4078
4079
4080
4081
4082
4083
4084
4085
4086
4087
4088
4089
4090
4091
4092
4093
4094
4095
4096
4097
4098
4099
4100
4101
4102
4103
4104
4105
4106
4107
4108
4109
4110
4111
4112
4113
4114
4115
4116
4117
4118
4119
4120
4121
4158
4159
4160
4161
4162
4163
4164
4165
4166
4167
4168
4169
4170
4171
4172
4173
4174
4175
4194
4195
4196
4197
4198
4199
4200
4201
4202
4203
4204
4205
4206
4207
4208
4209
4210
4211
4212
4213
4214
4215
4216
4217
4218
4219
4220
4221
4222
4223
4224
4225
4226
4227
4228
4229
4230
4231
4232
4233
4234
4235
4236
4237
4238
4239
4240
4241
4242
4243
4244
4245
4246
4247
4257
4258
4259
4260
4261
4262
4263
4264
4265
4266
4267
4268
4269
4270
4271
4272
4273
4274
4284
4285
4286
4287
4288
4289
4290
4291
4292
4293
4294
4295
4296
4297
4298
4299
4300
4301
4302
4303
4304
4305
4306
4307
4308
4309
4310
4311
4312
4313
4314
4315
4316
4317
4318
4319
4320
4321
4322
4323
4324
4325
4326
4327
4328
4329
4330
4331
4332
4333
4334
4335
4336
4337
4338
4339
4340
4341
4342
4343
4344
4345
4346
4347
4348
4349
4350
4351
4352
4353
4354
4355
4419
4420
4421
4422
4423
4424
4425
4426
4427
4428
4429
4430
4431
4432
4433
4434
4435
4436
4437
4438
4439
4440
4441
4442
4443
4444
4445
4446
4447
4448
4449
4450
4451
4452
4453
4454
4473
4474
4475
4476
4477
4478
4479
4480
4481
4482
4483
4484
4485
4486
4487
4488
4489
4490
4545
4546
4547
4548
4549
4550
4551
4552
4553
4581
4582
4583
4584
4585
4586
4587
4588
4589
4590
4591
4592
4593
4594
4595
4596
4597
4598
4599
4600
4601
4602
4603
4604
4605
4606
4607
4608
4609
4610
4611
4612
4613
4614
4615
4616
4626
4627
4628
4629
4630
4631
4632
4633
4634
4635
4636
4637
4638
4639
4640
4641
4642
4643
4644
4645
4646
4647
4648
4649
4650
4651
4652
4653
4654
4655
4656
4657
4658
4659
4660
4661
4680
4681
4682
4683
4684
4685
4686
4687
4688
4689
4690
4691
4692
4693
4694
4695
4696
4697
4698
4699
4700
4701
4702
4703
4704
4705
4706
4707
4708
4709
4710
4711
4712
4713
4714
4715
4716
4717
4718
4719
4720
4721
4722
4723
4724
4725
4726
4727
4728
4729
4730
4731
4732
4733
4734
4735
4736
4737
4738
4739
4740
4741
4742
4779
4780
4781
4782
4783
4784
4785
4786
4787
4788
4789
4790
4791
4792
4793
4794
4795
4796
4797
4798
4799
4800
4801
4802
4803
4804
4805
4806
4807
4808
4809
4810
4811
4812
4813
4814
4815
4816
4817
4818
4819
4820
4821
4822
4823
4824
4825
4826
4827
4828
4829
4830
4831
4832
4833
4834
4835
4836
4837
4838
4839
4840
4841
4851
4852
4853
4854
4855
4856
4857
4858
4859
4860
4861
4862
4863
4864
4865
4866
4867
4868
4878
4879
4880
4881
4882
4883
4884
4885
4886
4905
4906
4907
4908
4909
4910
4911
4912
4913
4914
4915
4916
4917
4918
4919
4920
4921
4922
4923
4924
4925
4926
4927
4928
4929
4930
4931
4941
4942
4943
4944
4945
4946
4947
4948
4949
4959
4960
4961
4962
4963
4964
4965
4966
4967
4968
4969
4970
4971
4972
4973
4974
4975
4976
5004
5005
5006
5007
5008
5009
5010
5011
5012
5013
5014
5015
5016
5017
5018
5019
5020
5021
5076
5077
5078
5079
5080
5081
5082
5083
5084
5085
5086
5087
5088
5089
5090
5091
5092
5093
5112
5113
5114
5115
5116
5117
5118
5119
5120
5121
5122
5123
5124
5125
5126
5127
5128
5129
5130
5131
5132
5133
5134
5135
5136
5137
5138
5139
5140
5141
5142
5143
5144
5145
5146
5147
5184
5185
5186
5187
5188
5189
5190
5191
5192
5193
5194
5195
5196
5197
5198
5199
5200
5201
5220
5221
5222
5223
5224
5225
5226
5227
5228
5229
5230
5231
5232
5233
5234
5235
5236
5237
5238
5239
5240
5241
5242
5243
5244
5245
5246
5292
5293
5294
5295
5296
5297
5298
5299
5300
5328
5329
5330
5331
5332
5333
5334
5335
5336
5337
5338
5339
5340
5341
5342
5343
5344
5345
5355
5356
5357
5358
5359
5360
5361
5362
5363
5373
5374
5375
5376
5377
5378
5379
5380
5381
5391
5392
5393
5394
5395
5396
5397
5398
5399
5400
5401
5402
5403
5404
5405
5406
5407
5408
5436
5437
5438
5439
5440
5441
5442
5443
5444
5445
5446
5447
5448
5449
5450
5451
5452
5453
5454
5455
5456
5457
5458
5459
5460
5461
5462
5463
5464
5465
5466
5467
5468
5469
5470
5471
5472
5473
5474
5475
5476
5477
5478
5479
5480
5481
5482
5483
5484
5485
5486
5487
5488
5489
5499
5500
5501
5502
5503
5504
5505
5506
5507
5508
5509
5510
5511
5512
5513
5514
5515
5516
5517
5518
5519
5520
5521
5522
5523
5524
5525
5526
5527
5528
5529
5530
5531
5532
5533
5534
5535
5536
5537
5538
5539
5540
5541
5542
5543
5553
5554
5555
5556
5557
5558
5559
5560
5561
5607
5608
5609
5610
5611
5612
5613
5614
5615
5670
5671
5672
5673
5674
5675
5676
5677
5678
5679
5680
5681
5682
5683
5684
5685
5686
5687
5706
5707
5708
5709
5710
5711
5712
5713
5714
5715
5716
5717
5718
5719
5720
5721
5722
5723
5724
5725
5726
5727
5728
5729
5730
5731
5732
5733
5734
5735
5736
5737
5738
5739
5740
5741
5778
5779
5780
5781
5782
5783
5784
5785
5786
5787
5788
5789
5790
5791
5792
5793
5794
5795
5814
5815
5816
5817
5818
5819
5820
5821
5822
5823
5824
5825
5826
5827
5828
5829
5830
5831
5832
5833
5834
5835
5836
5837
5838
5839
5840
5841
5842
5843
5844
5845
5846
5847
5848
5849
5886
5887
5888
5889
5890
5891
5892
5893
5894
5895
5896
5897
5898
5899
5900
5901
5902
5903
5922
5923
5924
5925
5926
5927
5928
5929
5930
5931
5932
5933
5934
5935
5936
5937
5938
5939
5940
5941
5942
5943
5944
5945
5946
5947
5948
5958
5959
5960
5961
5962
5963
5964
5965
5966
5967
5968
5969
5970
5971
5972
5973
5974
5975
6003
6004
6005
6006
6007
6008
6009
6010
6011
6030
6031
6032
6033
6034
6035
6036
6037
6038
6039
6040
6041
6042
6043
6044
6045
6046
6047
6057
6058
6059
6060
6061
6062
6063
6064
6065
6075
6076
6077
6078
6079
6080
6081
6082
6083
6084
6085
6086
6087
6088
6089
6090
6091
6092
6093
6094
6095
6096
6097
6098
6099
6100
6101
6174
6175
6176
6177
6178
6179
6180
6181
6182
6183
6184
6185
6186
6187
6188
6189
6190
6191
6192
6193
6194
6195
6196
6197
6198
6199
6200
6201
6202
6203
6204
6205
6206
6207
6208
6209
6210
6211
6212
6213
6214
6215
6216
6217
6218
6219
6220
6221
6222
6223
6224
6225
6226
6227
6228
6229
6230
6231
6232
6233
6234
6235
6236
6237
6238
6239
6240
6241
6242
6243
6244
6245
6381
6382
6383
6384
6385
6386
6387
6388
6389
6435
6436
6437
6438
6439
6440
6441
6442
6443
6480
6481
6482
6483
6484
6485
6486
6487
6488
6489
6490
6491
6492
6493
6494
6495
6496
6497
6534
6535
6536
6537
6538
6539
6540
6541
6542
6543
6544
6545
6546
6547
6548
6549
6550
6551
6588
6589
6590
6591
6592
6593
6594
6595
6596
6597
6598
6599
6600
6601
6602
6603
6604
6605
6633
6634
6635
6636
6637
6638
6639
6640
6641
6642
6643
6644
6645
6646
6647
6648
6649
6650
6651
6652
6653
6654
6655
6656
6657
6658
6659
6669
6670
6671
6672
6673
6674
6675
6676
6677
6732
6733
6734
6735
6736
6737
6738
6739
6740
6741
6742
6743
6744
6745
6746
6747
6748
6749
6768
6769
6770
6771
6772
6773
6774
6775
6776
6777
6778
6779
6780
6781
6782
6783
6784
6785
6822
6823
6824
6825
6826
6827
6828
6829
6830
6840
6841
6842
6843
6844
6845
6846
6847
6848
6849
6850
6851
6852
6853
6854
6855
6856
6857
6894
6895
6896
6897
6898
6899
6900
6901
6902
6916
6917
6918
6919
6924
6925
6926
6927
6928
6929
6930
6931
6934
6935
6936
6937
6938
6939
6942
6943
6944
6945
6946
6947
6948
6949
6954
6955
6968
6969
6970
6971
6972
6973
6974
6975
6976
6977
6978
6979
6982
6983
6986
6987
6988
6989
6990
6991
6992
6993
6994
6995
6996
6997
6998
6999
7014
7015
7016
7017
7018
7019
7022
7023
7024
7025
7036
7037
7038
7039
7040
7041
7042
7043
7048
7049
7050
7051
7052
7053
7054
7055
7056
7057
7058
7059
7068
7069
7070
7071
7076
7077
7078
7079
7080
7081
7082
7083
7084
7085
7086
7087
7090
7091
7092
7093
7096
7097
7098
7099
7100
7101
7102
7103
7104
7105
7106
7107
7108
7109
7110
7111
7126
7127
7128
7129
7130
7131
7132
7133
7138
7139
7140
7141
7154
7155
7162
7163
7164
7165
7166
7167
7168
7169
7172
7173
7174
7175
7176
7177
7178
7179
7184
7185
7186
7187
7188
7189
7190
7191
7192
7193
7194
7195
7196
7197
7206
7207
7208
7209
7210
7211
7212
7213
7214
7215
7216
7217
7218
7219
7222
7223
7224
7225
7228
7229
7234
7235
7236
7237
7238
7239
7242
7243
7246
7247
7248
7249
7256
7257
7258
7259
7272
7273
7274
7275
7280
7281
7282
7283
7284
7285
7286
7287
7296
7297
7298
7299
7304
7305
7306
7307
7308
7309
7320
7321
7328
7329
7330
7331
7334
7335
7338
7339
7342
7343
7344
7345
7352
7353
7354
7355
7356
7357
7358
7359
7360
7361
7362
7363
7366
7367
7368
7369
7370
7371
7372
7373
7374
7375
7378
7379
7390
7391
7404
7405
7406
7407
7412
7413
7414
7415
7416
7417
7418
7419
7428
7429
7430
7431
7436
7437
7438
7439
7440
7441
7442
7443
7452
7453
7454
7455
7460
7461
7462
7463
7464
7465
7468
7469
7470
7471
7478
7479
7484
7485
7486
7487
7490
7491
7494
7495
7496
7497
7498
7499
7516
7517
7518
7519
7520
7521
7522
7523
7524
7525
7526
7527
7528
7529
7530
7531
7562
7563
7574
7575
7584
7585
7586
7587
7596
7597
7598
7599
7608
7609
7610
7611
7618
7619
7620
7621
7622
7623
7626
7627
7640
7641
7642
7643
7648
7649
7650
7651
7660
7661
7664
7665
7666
7667
7676
7677
7684
7685
7686
7687
7692
7693
7694
7695
7696
7697
7698
7699
7702
7703
7704
7705
7706
7707
7710
7711
7712
7713
7714
7715
7716
7717
7722
7723
7736
7737
7738
7739
7740
7741
7742
7743
7744
7745
7746
7747
7750
7751
7754
7755
7756
7757
7758
7759
7760
7761
7762
7763
7764
7765
7766
7767
7782
7783
7784
7785
7786
7787
7790
7791
7792
7793
7804
7805
7806
7807
7808
7809
7810
7811
7816
7817
7818
7819
7820
7821
7822
7823
7824
7825
7826
7827
7836
7837
7838
7839
7844
7845
7846
7847
7848
7849
7850
7851
7852
7853
7854
7855
7858
7859
7860
7861
7864
7865
7866
7867
7868
7869
7870
7871
7872
7873
7874
7875
7876
7877
7878
7879
7894
7895
7896
7897
7898
7899
7900
7901
7906
7907
7908
7909
7922
7923
7930
7931
7932
7933
7934
7935
7936
7937
7940
7941
7942
7943
7944
7945
7946
7947
7952
7953
7954
7955
7956
7957
7958
7959
7960
7961
7962
7963
7964
7965
7974
7975
7976
7977
7978
7979
7980
7981
7982
7983
7984
7985
7986
7987
7990
7991
7992
7993
7996
7997
8002
8003
8004
8005
8006
8007
8010
8011
8014
8015
8016
8017
8024
8025
8026
8027
8040
8041
8042
8043
8048
8049
8050
8051
8052
8053
8054
8055
8064
8065
8066
8067
8072
8073
8074
8075
8076
8077
8088
8089
8096
8097
8098
8099
8102
8103
8106
8107
8110
8111
8112
8113
8120
8121
8122
8123
8124
8125
8126
8127
8128
8129
8130
8131
8134
8135
8136
8137
8138
8139
8140
8141
8142
8143
8146
8147
8158
8159
8172
8173
8174
8175
8180
8181
8182
8183
8184
8185
8186
8187
8196
8197
8198
8199
8204
8205
8206
8207
8208
8209
8210
8211
8220
8221
8222
8223
8228
8229
8230
8231
8232
8233
8236
8237
8238
8239
8246
8247
8252
8253
8254
8255
8258
8259
8262
8263
8264
8265
8266
8267
8284
8285
8286
8287
8288
8289
8290
8291
8292
8293
8294
8295
8296
8297
8298
8299
8330
8331
8342
8343
8352
8353
8354
8355
8364
8365
8366
8367
8376
8377
8378
8379
8386
8387
8388
8389
8390
8391
8394
8395
8408
8409
8410
8411
8416
8417
8418
8419
8428
8429
8432
8433
8434
8435
8444
8445
8452
8453
8454
8455
8460
8461
8462
8463
8464
8465
8466
8467
8470
8471
8472
8473
8474
8475
8478
8479
8480
8481
8482
8483
8484
8485
8490
8491
8504
8505
8506
8507
8508
8509
8510
8511
8512
8513
8514
8515
8518
8519
8522
8523
8524
8525
8526
8527
8528
8529
8530
8531
8532
8533
8534
8535
8550
8551
8552
8553
8554
8555
8558
8559
8560
8561
8572
8573
8574
8575
8576
8577
8578
8579
8584
8585
8586
8587
8588
8589
8590
8591
8592
8593
8594
8595
8604
8605
8606
8607
8612
8613
8614
8615
8616
8617
8618
8619
8620
8621
8622
8623
8626
8627
8628
8629
8632
8633
8634
8635
8636
8637
8638
8639
8640
8641
8642
8643
8644
8645
8646
8647
8662
8663
8664
8665
8666
8667
8668
8669
8674
8675
8676
8677
8690
8691
8698
8699
8700
8701
8702
8703
8704
8705
8708
8709
8710
8711
8712
8713
8714
8715
8720
8721
8722
8723
8724
8725
8726
8727
8728
8729
8730
8731
8732
8733
8742
8743
8744
8745
8746
8747
8748
8749
8750
8751
8752
8753
8754
8755
8758
8759
8760
8761
8764
8765
8770
8771
8772
8773
8774
8775
8778
8779
8782
8783
8784
8785
8792
8793
8794
8795
8808
8809
8810
8811
8816
8817
8818
8819
8820
8821
8822
8823
8832
8833
8834
8835
8840
8841
8842
8843
8844
8845
8856
8857
8864
8865
8866
8867
8870
8871
8874
8875
8878
8879
8880
8881
8888
8889
8890
8891
8892
8893
8894
8895
8896
8897
8898
8899
8902
8903
8904
8905
8906
8907
8908
8909
8910
8911
8914
8915
8926
8927
8940
8941
8942
8943
8948
8949
8950
8951
8952
8953
8954
8955
8964
8965
8966
8967
8972
8973
8974
8975
8976
8977
8978
8979
8988
8989
8990
8991
8996
8997
8998
8999
9000
9001
9004
9005
9006
9007
9014
9015
9020
9021
9022
9023
9026
9027
9030
9031
9032
9033
9034
9035
9052
9053
9054
9055
9056
9057
9058
9059
9060
9061
9062
9063
9064
9065
9066
9067
9098
9099
9110
9111
9120
9121
9122
9123
9132
9133
9134
9135
9144
9145
9146
9147
9154
9155
9156
9157
9158
9159
9162
9163
9176
9177
9178
9179
9184
9185
9186
9187
9196
9197
9200
9201
9202
9203
9212
9213
9218
9219
9232
9233
9248
9249
9250
9251
9258
9259
9262
9263
9284
9285
9286
9287
9288
9289
9290
9291
9314
9315
9318
9319
9320
9321
9322
9323
9332
9333
9334
9335
9338
9339
9356
9357
9372
9373
9396
9397
9400
9401
9404
9405
9416
9417
9420
9421
9428
9429
9432
9433
9434
9435
9440
9441
9444
9445
9460
9461
9464
9465
9468
9469
9474
9475
9476
9477
9500
9501
9506
9507
9512
9513
9518
9519
9528
9529
9532
9533
9540
9541
9550
9551
9555
9562
9570
9571
9575
9577
9588
9589
9590
9591
9603
9605
9606
9607
9612
9613
9615
9624
9632
9644
9646
9648
9654
9656
9660
9662
9663
9666
9668
9676
9678
9680
9683
9684
9696
9699
9702
9705
9710
9712
9716
9721
9724
9731
9739
9740
9744
9746
9757
9758
9759
9760
9772
9774
9775
9776
9781
9782
9784
9793
9801
9813
9815
9817
9823
9825
9829
9831
9832
9835
9837
9845
9847
9849
9852
9853
9865
9868
9871
9874
9879
9881
9885
9890
9893
9900
9908
9909
9913
9915
9926
9927
9928
9929
9941
9943
9944
9945
9950
9951
9953
9962
9970
9982
9984
9986
9992
9994
9998
10000
10001
10004
10006
10014
10016
10018
10021
10022
10034
10037
10040
10043
10048
10050
10054
10059
10062
10069
10077
10078
10082
10084
10095
10096
10097
10098
10110
10112
10113
10114
10119
10120
10122
10131
10139
10151
10153
10155
10161
10163
10167
10169
10170
10173
10175
10183
10185
10187
10190
10191
10203
10206
10209
10212
10217
10219
10223
10228
10231
10238
10246
10247
10251
10253
10264
10265
10266
10267
10279
10281
10282
10283
10288
10289
10291
10300
10308
10320
10322
10324
10330
10332
10336
10338
10339
10342
10344
10352
10354
10356
10359
10360
10372
10375
10378
10381
10386
10388
10392
10397
10401
10402
10415
10416
10431
10432
10433
10434
10441
10442
10445
10446
10467
10468
10469
10470
10471
10472
10473
10474
10497
10498
10501
10502
10503
10504
10505
10506
10515
10516
10517
10518
10521
10522
10539
10540
10555
10556
10579
10580
10583
10584
10587
10588
10599
10600
10603
10604
10611
10612
10615
10616
10617
10618
10623
10624
10627
10628
10643
10644
10647
10648
10651
10652
10657
10658
10659
10660
10683
10684
10689
10690
10695
10696
10701
10702
10711
10712
10715
10716
10723
10724
10733
10734
10746
10747
10748
10749
10750
10751
10752
10753
10754
10809
10810
10811
10812
10813
10814
10815
10816
10817
10881
10882
10883
10884
10885
10886
10887
10888
10889
10890
10891
10892
10893
10894
10895
10896
10897
10898
10926
10927
10928
10929
10930
10931
10932
10933
10934
10944
10945
10946
10947
10948
10949
10950
10951
10952
11043
11044
11045
11046
11047
11048
11049
11050
11051
11052
11053
11054
11055
11056
11057
11058
11059
11060
11061
11062
11063
11064
11065
11066
11067
11068
11069
11070
11071
11072
11073
11074
11075
11076
11077
11078
11178
11179
11180
11181
11182
11183
11184
11185
11186
11196
11197
11198
11199
11200
11201
11202
11203
11204
11205
11206
11207
11208
11209
11210
11211
11212
11213
11214
11215
11216
11217
11218
11219
11220
11221
11222
11259
11260
11261
11262
11263
11264
11265
11266
11267
11268
11269
11270
11271
11272
11273
11274
11275
11276
11286
11287
11288
11289
11290
11291
11292
11293
11294
11367
11368
11369
11370
11371
11372
11373
11374
11375
11439
11440
11441
11442
11443
11444
11445
11446
11447
11547
11548
11549
11550
11551
11552
11553
11554
11555
11565
11566
11567
11568
11569
11570
11571
11572
11573
11583
11584
11585
11586
11587
11588
11589
11590
11591
11637
11638
11639
11640
11641
11642
11643
11644
11645
11655
11656
11657
11658
11659
11660
11661
11662
11663
11691
11692
11693
11694
11695
11696
11697
11698
11699
11709
11710
11711
11712
11713
11714
11715
11716
11717
11718
11719
11720
11721
11722
11723
11724
11725
11726
11745
11746
11747
11748
11749
11750
11751
11752
11753
11763
11764
11765
11766
11767
11768
11769
11770
11771
11835
11836
11837
11838
11839
11840
11841
11842
11843
11853
11854
11855
11856
11857
11858
11859
11860
11861
11871
11872
11873
11874
11875
11876
11877
11878
11879
11898
11899
11900
11901
11902
11903
11904
11905
11906
11907
11908
11909
11910
11911
11912
11913
11914
11915
12015
12016
12017
12018
12019
12020
12021
12022
12023
12042
12043
12044
12045
12046
12047
12048
12049
12050
12069
12070
12071
12072
12073
12074
12075
12076
12077
12096
12097
12098
12099
12100
12101
12102
12103
12104
12141
12142
12143
12144
12145
12146
12147
12148
12149
12159
12160
12161
12162
12163
12164
12165
12166
12167
12195
12196
12197
12198
12199
12200
12201
12202
12203
12240
12241
12242
12243
12244
12245
12246
12247
12248
12260
12261
12274
12275
12290
12291
12292
12293
12300
12301
12304
12305
12326
12327
12328
12329
12330
12331
12332
12333
12356
12357
12360
12361
12362
12363
12364
12365
12374
12375
12376
12377
12380
12381
12398
12399
12414
12415
12438
12439
12442
12443
12446
12447
12458
12459
12462
12463
12470
12471
12474
12475
12476
12477
12482
12483
12486
12487
12502
12503
12506
12507
12510
12511
12516
12517
12518
12519
12542
12543
12548
12549
12554
12555
12560
12561
12570
12571
12574
12575
12582
12583
12592
12593
12598
12599
12612
12613
12628
12629
12630
12631
12638
12639
12642
12643
12664
12665
12666
12667
12668
12669
12670
12671
12694
12695
12698
12699
12700
12701
12702
12703
12712
12713
12714
12715
12718
12719
12736
12737
12752
12753
12776
12777
12780
12781
12784
12785
12796
12797
12800
12801
12808
12809
12812
12813
12814
12815
12820
12821
12824
12825
12840
12841
12844
12845
12848
12849
12854
12855
12856
12857
12880
12881
12886
12887
12892
12893
12898
12899
12908
12909
12912
12913
12920
12921
12930
12931
12936
12937
12950
12951
12966
12967
12968
12969
12976
12977
12980
12981
13002
13003
13004
13005
13006
13007
13008
13009
13032
13033
13036
13037
13038
13039
13040
13041
13050
13051
13052
13053
13056
13057
13074
13075
13090
13091
13114
13115
13118
13119
13122
13123
13134
13135
13138
13139
13146
13147
13150
13151
13152
13153
13158
13159
13162
13163
13178
13179
13182
13183
13186
13187
13192
13193
13194
13195
13218
13219
13224
13225
13230
13231
13236
13237
13246
13247
13250
13251
13258
13259
13268
13269
)


// ************************************************************************* //
