/*--------------------------------*- C++ -*----------------------------------*\
| =========                 |                                                 |
| \\      /  F ield         | OpenFOAM: The Open Source CFD Toolbox           |
|  \\    /   O peration     | Version:  v1812                                 |
|   \\  /    A nd           | Web:      www.OpenFOAM.com                      |
|    \\/     M anipulation  |                                                 |
\*---------------------------------------------------------------------------*/
FoamFile
{
    version     2.0;
    format      ascii;
    class       faceSet;
    location    "constant/fluidRegion/polyMesh/sets";
    object      walls;
}
// * * * * * * * * * * * * * * * * * * * * * * * * * * * * * * * * * * * * * //


2568
(
0
4098
2
4100
5
4102
4104
9
4106
12299
11
4108
13
4110
12303
12304
4112
16
4113
17
4117
4122
29
4126
33
4130
35
37
4134
40
41
4138
4142
48
4146
53
4150
56
4153
8253
4157
8256
8258
4162
8260
8262
4166
71
8264
8266
4170
75
8268
77
8270
4174
8271
80
4178
12372
4180
84
4182
86
12375
4184
88
12377
8282
4186
91
12380
4188
92
8286
4190
4192
4193
12386
8290
12387
12389
8294
12391
104
12393
12394
8298
12395
108
12397
8302
110
12399
12400
8305
114
12406
12407
119
122
12413
125
129
12418
12419
131
133
12422
12424
136
12425
137
12427
139
142
143
149
4247
153
12442
155
12444
4252
157
4256
160
161
12450
4260
12453
12456
4264
12459
8363
4268
12461
173
8366
12463
12464
8368
4272
177
8370
179
8372
4276
12469
8374
182
12472
8376
4280
8378
186
4283
8380
188
8381
12480
12481
12483
8388
12486
8392
4296
12491
8396
4300
12493
4303
8400
12498
4306
12500
8404
4309
12502
8408
4312
12505
12507
4315
8412
221
4318
8416
4321
225
8419
4323
227
4325
230
4328
4330
234
4332
236
4334
238
4336
241
12530
4338
242
12532
4340
4342
4343
12539
12542
254
12544
12546
258
12547
260
264
8458
269
272
274
277
278
12567
12568
12569
12572
12575
12576
12579
12580
12583
12584
12586
12588
12591
12596
12599
311
12601
12602
315
12604
317
12606
320
4417
12611
324
4422
326
12615
12616
328
12617
4426
331
332
12621
4430
12624
4434
12627
12630
4438
12632
12634
4442
4446
12640
12641
4450
12644
356
4453
12646
362
12653
366
368
12658
370
12660
373
374
378
383
386
12675
4485
389
12678
12679
4488
393
4490
395
12684
4492
4494
398
4496
401
12690
4498
4500
12694
4502
4503
12696
412
415
416
419
423
12713
425
12716
428
12719
12720
432
434
436
12726
439
4536
440
4540
4544
4548
452
4552
456
12745
458
8652
4556
461
4560
8657
465
12754
4563
467
8660
12758
4566
470
12759
8663
12761
4570
474
12763
8667
12764
476
12765
8669
4573
12767
479
4576
4579
483
12773
485
8678
4582
12775
487
12776
4585
8682
490
491
12780
8684
4588
12782
12783
4591
12784
4593
12786
8692
4596
8695
12792
8696
4600
12794
506
12795
4603
8700
12797
4606
510
8705
4609
12802
12803
515
12804
8708
4612
12805
518
4615
12808
520
12810
4618
523
524
12813
4621
12814
12815
4623
12816
12818
8722
12819
4627
8725
8726
8728
4632
12827
8731
8732
4636
12829
12830
543
8736
4640
4644
548
8741
551
8744
4648
12843
555
4652
12846
4656
560
12849
12851
4659
563
12853
4662
12855
8759
12856
4665
8763
4668
8765
4671
8768
576
4673
578
8772
4676
8774
12872
4680
12874
8778
586
12875
4683
589
4686
590
12879
8783
4689
12882
4692
4695
4698
12893
8797
4701
4703
8800
12897
8801
4706
12899
12900
12902
4710
616
4713
12906
619
4716
620
12909
4719
12912
4722
4725
4728
8826
12923
4731
4733
12927
8831
639
12930
8834
644
12933
8839
647
12936
12938
8842
8843
653
12943
657
12946
4755
659
661
4758
8856
4760
664
665
12954
4762
4764
12957
8861
669
4766
12959
8864
4768
4770
674
8867
4772
4773
677
8871
4776
680
8873
8875
4780
8878
686
8879
4783
8882
4786
4789
8886
694
12983
8888
4792
697
12986
8890
698
4795
12989
8893
701
8894
4798
12992
4801
705
12994
8898
4803
707
12997
4805
8903
13000
4808
8906
4810
13004
4812
8910
4814
13008
4816
4818
13011
8915
4820
8918
4822
4823
8920
8923
8924
732
13021
13024
8929
737
13026
8932
740
13029
8933
13032
13035
13037
749
13040
753
13043
755
13045
13047
759
4856
13049
761
13050
8955
4860
13053
4863
13056
8960
769
4866
8963
772
4869
773
8967
4872
8969
4875
8972
13069
4878
8976
4881
785
13074
8978
4883
13076
789
13079
791
794
797
8991
799
4898
802
803
13092
8996
4900
4902
13095
8999
4904
13097
4906
13100
4908
4910
13103
4912
4913
13106
13108
831
9025
9028
836
9029
13126
839
13128
13129
13134
9041
13138
13141
9045
9047
857
13149
861
863
13152
13154
866
13156
13157
9062
870
872
13161
9066
9068
13165
13168
4976
13171
4980
13174
4983
887
13176
4986
9083
891
4989
893
9087
895
13184
4992
9089
898
13187
9091
4995
899
13189
9094
4998
9095
904
5001
13195
9099
5003
907
908
13198
5006
9104
5010
9107
5013
13206
9110
5016
13210
9114
5019
9116
5022
926
5025
930
5028
932
9127
5031
935
5033
9130
13227
9131
939
941
13230
9134
944
9138
9140
948
9142
950
13241
13244
9149
957
13247
5056
13249
9153
962
9155
5060
9157
965
5063
9160
9161
5066
9165
5069
13262
13264
5072
977
13266
9170
13267
5075
9173
981
5078
983
5081
5083
9183
13283
9188
13285
998
9191
1002
1004
13294
13296
13297
9205
13302
9208
13305
9209
13308
13310
13313
9218
13315
13318
9222
5126
9224
1032
13321
9226
5130
9229
5133
1037
9230
13327
5136
1040
13331
5139
1045
13334
5142
13336
1048
5145
1049
9242
5148
1053
13342
9246
5151
9248
5153
13346
1058
13349
1061
9255
1064
9260
1068
1070
13359
9263
9265
1073
9268
13365
9269
1077
1079
5176
13369
1083
9276
5180
1085
13374
5183
1088
9281
13378
5186
9284
1092
13381
5189
1094
13384
5192
1097
13387
9291
5195
13389
1101
5198
1103
13392
9296
5201
13395
9299
5203
13397
9302
1111
9306
1114
1115
9308
1117
1118
9312
1120
1123
1124
9317
13415
9320
5225
13418
9322
13420
5228
5230
9327
5232
13425
9329
5234
13428
9332
5236
13430
5238
9336
5240
9338
5242
5243
1148
9341
5247
13440
9345
13443
9347
5252
13445
9349
13448
9352
1160
9353
13451
13452
1164
9357
1166
13455
13457
9361
13459
13460
9364
9365
1175
1179
1181
1183
9378
1186
1187
5285
9383
5288
9386
5290
13483
5292
5294
5296
9394
5298
13491
5300
1205
13494
5302
9399
5303
13496
13497
9401
1209
5307
1211
5312
9412
5316
1220
9415
13512
9416
5320
13515
5324
1228
13517
1231
13520
5328
1232
1234
13523
5332
13525
1237
1238
5336
9433
9436
5340
9437
5343
5346
13541
5350
13544
5353
13547
5356
13549
5359
1263
13554
5362
13556
1268
5365
1271
5368
5371
5373
9470
5377
9474
9476
13573
5382
5386
9485
5390
1294
13585
9489
5394
1298
9491
13589
5398
1302
1304
13594
5402
13597
5406
13599
9504
1313
5410
13603
9509
5413
1317
13607
1319
9512
13610
13612
13614
13616
13617
9521
9525
9527
13628
13631
13638
9543
13640
13641
9545
1358
1362
1364
9559
13656
5465
1369
13658
9562
1370
13659
9563
5468
5470
9567
5472
5474
13668
9572
5476
5478
13671
9575
13672
9576
5480
5482
5483
9581
9584
9588
13685
13688
5496
9593
1403
13692
9596
5500
9598
5503
13696
9601
1409
9602
5506
13699
5509
1413
13703
1415
5512
1417
13707
5515
1420
9613
1421
13710
9614
5518
5521
5523
5525
5528
1433
5530
5532
1437
5534
1439
5536
13730
5538
1443
5540
5542
5543
1448
9641
5547
1451
9645
9647
1455
5552
5556
1460
1463
5560
13754
5564
13757
13759
5568
9667
5572
1476
9670
9671
5576
1481
5580
1484
5583
5586
1491
5590
9687
1496
5593
1499
9692
5596
9695
5599
5602
5605
1509
5608
5611
5613
13806
9710
13810
9714
9716
13813
1529
5626
9723
9725
1533
5630
1535
9729
5633
5636
9734
5639
9737
5642
9740
5645
9744
5648
9746
5651
9748
5653
9751
9752
5656
5660
9759
5663
5666
9764
5669
9767
5672
13865
9771
5675
13868
1580
13870
5678
9776
5681
9779
5683
1587
9781
1589
5686
9784
9785
5690
9788
5693
9792
5696
5699
9797
5702
9800
1608
5705
9803
5708
1613
9807
5711
1616
9809
5713
13911
9818
9822
5727
9824
13922
5732
13925
9830
13927
9834
9836
5747
1651
1654
13943
9847
1655
5752
9850
9851
5756
9855
5760
13956
9860
5764
13959
9863
5768
13961
9865
9868
5772
9869
5776
5780
5783
9881
9885
9887
1703
9903
9908
9911
9913
9916
9917
5835
5838
5840
5842
5844
5846
5848
5850
1755
5852
5853
1757
9958
9961
9962
9964
9967
9968
9981
5885
5888
9986
5890
5892
9989
5894
5896
5898
5900
9998
5902
5903
10002
10004
10022
10026
10028
10032
10037
10040
1861
1863
1867
1871
10067
1875
1878
10071
10073
1882
10075
1885
10078
10079
1887
1891
1895
1896
10090
10093
1901
10094
1904
1907
1910
1913
1918
6016
1921
6020
1924
10118
6023
1929
10122
6026
10124
6029
1934
6032
1937
6035
1940
6038
1942
1944
6041
6043
1947
6045
6048
1952
6050
1954
6052
1957
6054
6056
6058
6060
1964
6062
6063
1970
6067
1972
6072
1978
6076
1980
6080
1987
6084
6088
1994
6092
10190
1998
2001
10194
10196
2004
2007
2010
2018
2020
2026
6126
2032
6130
2034
6133
2039
6136
2042
6139
2045
6142
10239
6145
10244
6148
10247
6151
2056
6153
6156
2063
6160
2065
6163
6166
2071
6169
6172
2077
6175
2079
6178
2084
10277
6181
6183
10281
6185
10283
6188
2092
6190
2095
6192
10290
6194
6196
6198
2102
10295
6200
2105
10298
6202
6203
2107
6207
6212
2117
2119
2128
6226
6230
2135
6233
2137
6236
2141
6239
10337
6242
2147
10341
6245
10343
6248
2152
6251
6253
2162
2165
2167
2175
2178
2182
10376
2186
2190
2192
10397
2207
10401
2210
10403
2212
2216
10410
2219
10412
6316
2222
6320
6323
6326
2231
6329
6332
6335
2240
2242
2251
2255
2256
2260
2263
2266
2269
2272
2275
2278
2281
2283
2286
2290
2293
2296
2299
6397
2302
2305
6402
2308
6406
2311
2313
6410
2316
6414
2320
6418
2323
6422
2326
2329
6426
2332
6430
2335
6433
2338
6435
10533
2341
6438
2343
6440
2345
10538
6442
6444
2348
10541
6446
2350
10544
6448
2352
6450
2354
10548
6452
2356
6453
10550
2358
6455
6456
2360
10553
2362
2363
6460
10557
10559
6463
2367
10562
6466
2372
10565
6469
6472
2376
10569
6475
2380
10574
6478
2384
10577
6481
6483
2388
6486
2392
6490
10588
2396
6493
10591
6496
2400
10594
10595
6499
2403
10597
6502
2407
10600
10601
6505
6508
2412
10605
6511
2416
6513
10610
6515
2420
10613
6518
10616
6520
2424
6522
6524
2428
10622
6526
6528
2432
10625
6530
10627
6532
2436
6533
10630
10631
2440
10634
2443
10638
10640
10642
10645
10646
10651
10654
10655
10658
10662
6566
10664
10666
6570
2475
10669
6573
10670
2478
6576
2480
2482
6580
2484
2486
6583
2488
10681
6585
2490
10684
6588
2492
10685
2493
6590
10687
2495
6592
2497
10690
6594
10691
6596
6598
2502
10695
6600
6602
2506
6603
10700
2510
10703
10706
2514
2518
10711
10712
2522
2526
2530
10725
2533
10730
10733
10736
10748
10752
6657
10754
10756
6662
10759
10760
6666
10764
6670
10769
2577
6674
6678
2582
6682
2586
10779
6686
2590
10784
6690
2594
10787
6693
2598
2602
10796
2606
2610
10805
2613
2615
2616
10809
10811
2620
2623
2626
2629
10824
2632
2635
10829
10830
2638
10832
2641
2643
2645
10839
2648
6746
2650
10844
2652
6750
2654
10847
2656
6753
2658
6756
2660
2662
6759
2663
6762
6765
6768
6771
6773
10873
10876
10877
6786
6790
10889
6793
10890
10892
6796
6799
6802
6805
6808
10905
6811
6813
10910
6815
6816
10913
6820
6823
10922
6826
10925
6829
6832
6835
6838
6841
6843
6846
6850
2756
6853
10952
6856
2760
6859
2763
6862
2766
6865
2769
10964
6868
2772
6871
2775
10968
6873
10970
2778
10973
2781
2783
10977
2785
10979
2788
10982
2790
10984
2792
2794
10987
10988
2796
2798
10991
2800
2802
10995
2803
10997
11000
11004
11006
11008
11010
11012
11015
11019
11021
6927
11024
11028
6932
2836
11030
2840
2843
2846
2849
6946
2852
11046
6950
2855
6953
2858
11051
6956
2861
11054
6959
2863
11056
6962
11059
11060
6965
6968
11067
6971
6973
11072
6977
11075
6982
11079
6986
11084
6990
11087
2896
6994
2900
6998
2903
7002
2906
2909
11102
7006
2912
11105
7010
2915
7013
2918
2921
2923
7025
11123
7028
7030
11127
7032
11129
7034
11132
7036
7038
11135
7040
7042
7043
11150
11154
7058
11156
7062
7066
7070
7074
7077
7080
11177
7084
11181
11183
7087
11185
7090
11188
11189
11195
11199
11201
11209
11212
11213
11217
7128
7130
11227
7132
3036
11230
7134
11231
7136
3040
11233
7138
7139
3043
11236
11237
3046
11241
3049
3052
11246
3055
11249
11250
3058
11252
3061
11254
3063
11257
3065
11258
3068
3070
3072
3074
7172
3076
11270
3078
7176
3080
11274
3082
7179
3083
11276
7182
11279
7185
11282
7188
11285
7191
11289
7194
11291
7197
7199
11301
11306
3116
11309
3120
11315
3123
3126
11319
11321
3129
11324
3132
3135
11328
11330
3138
11332
3141
11335
3143
11336
11341
11342
11350
11353
7257
11356
7260
11357
7262
7264
11361
7266
7268
7270
11367
3176
11369
7274
3180
7278
3183
11378
7282
3186
3189
11382
7286
11384
3192
7290
3195
7294
3198
11393
3201
7298
3203
11397
7302
11399
7305
11405
11414
11418
11420
11422
11424
11426
11435
11437
11440
11441
11457
11459
11463
7368
11468
7372
3276
7375
3280
7378
3283
7381
3286
11480
7384
3289
7387
11484
3292
11486
7390
3295
7393
3298
7395
11492
3301
11495
3303
11498
3306
3310
3313
3316
11511
3319
7418
3322
3325
7422
3328
7426
11523
3331
11525
7429
3333
3335
3336
11530
3339
11534
3342
11537
3345
3348
3351
3353
7452
7454
7456
7458
11555
7460
11557
7462
7463
11560
11561
11564
11569
11572
11573
11574
11579
3387
11581
11582
3392
11585
11588
3396
11591
3400
11594
3404
11600
3408
11603
3412
11606
3416
11610
11612
3420
11615
3423
11619
11621
11622
11627
11631
11633
7537
7542
3446
11642
7546
3450
3453
11646
7550
11648
3456
11650
7554
3459
11652
11654
7558
3462
7560
3465
7562
7564
3468
11661
7566
11663
3471
7568
7569
3473
11681
11685
11687
11696
11707
3515
7612
11710
3518
11711
7616
3520
11714
3522
7619
3524
11717
11718
7622
3526
11720
3528
7625
3530
7628
3532
3533
11726
7631
11733
11735
11739
11755
11758
3566
11759
3570
3573
11768
3576
11771
3579
11774
3582
11777
3585
3588
3591
11784
3593
11789
11792
11795
11796
11798
11800
7705
11804
7708
11807
7711
11808
3616
7713
11810
3620
3623
11817
3626
3629
11824
3632
11827
3635
11828
3638
11832
3641
11834
3643
7742
11840
7745
11843
7747
11847
11849
3665
3668
11862
3670
11864
3672
11866
3674
3676
3678
3680
11874
7778
3682
3683
7781
11879
11883
3698
11893
3701
11894
3703
11900
11912
11924
11925
3746
3750
3753
3756
3759
3762
11955
3765
11959
3768
11961
3771
3773
11969
11972
11973
3787
3792
3796
3800
11994
3804
11997
3808
3812
3816
12012
3820
3823
12017
12020
12049
12054
12058
3866
12060
3870
3873
3876
3879
12073
7977
3882
7980
3885
7982
7984
3888
7986
3891
7988
3893
7990
7992
7994
7995
12092
12096
12098
3927
12122
3932
8029
12126
12128
8032
8035
8038
8041
8043
3947
3952
12147
3956
12151
12152
3960
12154
3964
3968
3972
8071
3976
8076
3980
3983
8080
8084
8088
12187
8092
8096
12210
12250
4058
4061
4063
4066
12262
4070
4073
12266
4076
12271
4079
4082
4085
4088
4091
4093
4095
)


// ************************************************************************* //
