/*--------------------------------*- C++ -*----------------------------------*\
| =========                 |                                                 |
| \\      /  F ield         | OpenFOAM: The Open Source CFD Toolbox           |
|  \\    /   O peration     | Version:  2012                                  |
|   \\  /    A nd           | Website:  www.openfoam.com                      |
|    \\/     M anipulation  |                                                 |
\*---------------------------------------------------------------------------*/
FoamFile
{
    version     2.0;
    format      ascii;
    class       volScalarField;
    location    "0/fluidRegion";
    object      powerDensity;
}
// * * * * * * * * * * * * * * * * * * * * * * * * * * * * * * * * * * * * * //

dimensions      [1 -1 -3 0 0 0 0];


internalField   nonuniform List<scalar> 
640
(
0
0
0
0
0
0
0
0
0
0
0
0
0
0
0
0
0
0
0
0
0
0
0
0
0
0
0
0
0
0
0
0
0
0
0
0
0
0
0
0
0
0
0
0
0
0
0
0
0
0
0
0
0
0
0
0
0
0
0
0
0
0
0
0
0
0
0
0
0
0
0
0
0
0
0
0
0
0
0
0
0
0
0
0
0
0
0
0
0
0
0
0
0
0
0
0
0
0
0
0
0
0
0
0
0
0
0
3.3e+08
3.3e+08
3.3e+08
3.3e+08
3.3e+08
3.3e+08
3.3e+08
3.3e+08
3.3e+08
3.3e+08
3.3e+08
3.3e+08
3.3e+08
3.3e+08
3.3e+08
3.3e+08
3.3e+08
3.3e+08
3.3e+08
3.3e+08
3.3e+08
3.3e+08
3.3e+08
3.3e+08
3.3e+08
3.3e+08
3.3e+08
3.3e+08
3.3e+08
3.3e+08
3.3e+08
3.3e+08
3.3e+08
3.3e+08
3.3e+08
3.3e+08
3.3e+08
3.3e+08
3.3e+08
3.3e+08
3.3e+08
3.3e+08
3.3e+08
3.3e+08
3.3e+08
3.3e+08
3.3e+08
3.3e+08
3.3e+08
3.3e+08
3.3e+08
3.3e+08
3.3e+08
3.3e+08
3.3e+08
3.3e+08
3.3e+08
3.3e+08
3.3e+08
3.3e+08
3.3e+08
3.3e+08
3.3e+08
3.3e+08
3.3e+08
3.3e+08
3.3e+08
3.3e+08
3.3e+08
3.3e+08
3.3e+08
3.3e+08
3.3e+08
3.3e+08
3.3e+08
3.3e+08
3.3e+08
3.3e+08
3.3e+08
3.3e+08
3.3e+08
3.3e+08
3.3e+08
3.3e+08
3.3e+08
3.3e+08
3.3e+08
3.3e+08
3.3e+08
3.3e+08
3.3e+08
3.3e+08
3.3e+08
3.3e+08
3.3e+08
3.3e+08
3.3e+08
3.3e+08
3.3e+08
3.3e+08
3.3e+08
3.3e+08
3.3e+08
3.3e+08
3.3e+08
3.3e+08
3.3e+08
3.3e+08
3.3e+08
3.3e+08
3.3e+08
3.3e+08
3.3e+08
3.3e+08
3.3e+08
3.3e+08
3.3e+08
3.3e+08
3.3e+08
3.3e+08
3.3e+08
3.3e+08
3.3e+08
3.3e+08
3.3e+08
3.3e+08
3.3e+08
3.3e+08
3.3e+08
3.3e+08
3.3e+08
3.3e+08
3.3e+08
3.3e+08
3.3e+08
3.3e+08
3.3e+08
3.3e+08
3.3e+08
3.3e+08
3.3e+08
3.3e+08
3.3e+08
3.3e+08
3.3e+08
3.3e+08
3.3e+08
3.3e+08
3.3e+08
3.3e+08
3.3e+08
3.3e+08
3.3e+08
3.3e+08
3.3e+08
3.3e+08
3.3e+08
3.3e+08
3.3e+08
3.3e+08
0
0
0
0
0
0
0
0
0
0
0
0
0
0
0
0
0
0
0
0
0
0
0
0
0
0
0
0
0
0
0
0
0
0
0
0
0
0
0
0
0
0
0
0
0
0
0
0
0
0
0
0
0
0
0
0
0
0
0
0
0
0
0
0
0
0
0
0
0
0
0
0
0
0
0
0
0
0
0
0
0
0
0
0
0
0
0
0
0
0
0
0
0
0
0
0
0
0
0
0
0
0
0
0
0
0
0
0
0
0
0
0
0
0
0
0
0
0
0
0
0
0
0
0
0
0
0
0
0
0
0
0
0
0
0
0
0
0
0
0
0
0
0
0
0
0
0
0
0
0
0
0
0
0
0
0
0
0
0
0
0
0
0
0
0
0
0
0
0
0
0
0
0
0
0
0
0
0
0
0
0
0
0
0
0
0
0
0
0
0
0
0
0
0
0
0
0
0
0
0
0
0
0
0
0
0
0
0
0
0
0
0
0
0
0
0
0
0
0
0
0
0
0
0
0
0
0
0
0
0
0
0
0
0
0
0
0
0
0
0
0
0
0
0
0
0
0
0
0
0
0
0
0
0
0
0
0
0
0
0
0
0
0
0
0
0
0
0
0
0
0
0
0
0
0
0
0
0
0
0
0
0
0
0
0
0
0
0
0
0
0
0
0
0
0
0
0
0
0
0
0
0
0
0
0
0
0
0
0
0
0
0
0
0
0
0
0
0
0
0
0
0
0
0
0
0
0
0
0
0
0
0
0
0
0
0
0
0
0
0
0
0
0
0
0
0
0
0
0
0
0
0
0
0
0
0
0
0
0
0
0
0
0
0
0
0
0
0
0
0
0
0
0
)
;

boundaryField
{
    top
    {
        type            cyclic;
    }
    bottom
    {
        type            cyclic;
    }
    walls
    {
        type            zeroGradient;
    }
    defaultFaces
    {
        type            empty;
    }
}


// ************************************************************************* //
