/*--------------------------------*- C++ -*----------------------------------*\
| =========                 |                                                 |
| \\      /  F ield         | OpenFOAM: The Open Source CFD Toolbox           |
|  \\    /   O peration     | Version:  2506                                  |
|   \\  /    A nd           | Website:  www.openfoam.com                      |
|    \\/     M anipulation  |                                                 |
\*---------------------------------------------------------------------------*/
FoamFile
{
    version     2.0;
    format      ascii;
    arch        "LSB;label=32;scalar=64";
    class       cellSet;
    location    "constant/fluidRegion/polyMesh/sets";
    object      region228;
}
// * * * * * * * * * * * * * * * * * * * * * * * * * * * * * * * * * * * * * //


222
(
12360
12361
12362
12363
12364
12365
12366
12367
12368
12369
12370
12371
12372
12373
12374
12375
12376
12377
12378
12379
12380
12381
54366
12382
54367
12383
54368
12384
54369
12385
54370
12386
54371
12387
54372
12388
54373
12389
54374
12390
54375
12391
54376
12392
54377
12393
54378
12394
54379
12395
54380
12396
54381
12397
54382
12398
54383
12399
54384
12400
54385
12401
54386
12402
54387
12403
54388
12404
54389
12405
54390
12406
54391
12407
54392
12408
54393
12409
54394
12410
54395
12411
12412
12413
12414
12415
12416
12417
12418
12419
12420
12421
12422
12423
12424
12425
12426
12427
12428
12429
12430
12431
12432
12433
12434
12435
12436
12437
12438
12439
12440
12441
12442
12443
12444
12445
12446
12447
12448
12449
14706
14707
14708
14709
14710
14711
14712
14713
14714
14715
14716
14717
6840
6841
6842
6843
6844
6845
6846
6847
6848
6849
6850
6851
6852
6853
6854
6855
6856
6857
6858
6859
6860
6861
6862
6863
6864
6865
47826
6866
47827
6867
47828
6868
47829
6869
47830
47831
47832
14040
47833
14041
47834
14042
47835
14043
47836
14044
47837
14045
47838
14046
47839
14047
47840
14048
47841
14049
47842
14050
47843
14051
47844
14052
47845
14053
47846
14054
47847
14055
47848
14056
47849
14057
47850
14058
47851
14059
47852
14060
47853
14061
47854
14062
47855
14063
14064
14065
14066
14067
14068
14069
)


// ************************************************************************* //
