/*--------------------------------*- C++ -*----------------------------------*\
| =========                 |                                                 |
| \\      /  F ield         | OpenFOAM: The Open Source CFD Toolbox           |
|  \\    /   O peration     | Version:  2506                                  |
|   \\  /    A nd           | Website:  www.openfoam.com                      |
|    \\/     M anipulation  |                                                 |
\*---------------------------------------------------------------------------*/
FoamFile
{
    version     2.0;
    format      ascii;
    arch        "LSB;label=32;scalar=64";
    class       cellSet;
    location    "constant/fluidRegion/polyMesh/sets";
    object      region185;
}
// * * * * * * * * * * * * * * * * * * * * * * * * * * * * * * * * * * * * * //


222
(
52536
52537
52538
52539
52540
52541
52542
52543
52544
52545
52546
52547
52548
52549
52550
52551
52552
52553
52554
52555
52556
52557
52558
52559
52560
52561
52562
52563
52564
52565
18858
18859
18860
18861
18862
5550
18863
5551
18864
5552
18865
5553
18866
5554
18867
5555
18868
5556
18869
5557
18870
5558
18871
5559
18872
5560
18873
5561
18874
5562
18875
5563
18876
5564
18877
5565
18878
5566
18879
5567
18880
5568
18881
5569
18882
5570
18883
5571
18884
5572
18885
5573
18886
5574
18887
5575
46536
18888
5576
46537
18889
5577
46538
18890
5578
46539
18891
5579
46540
18892
46541
18893
46542
18894
46543
18895
46544
18896
46545
18897
46546
18898
46547
18899
46548
18900
46549
18901
46550
26070
18902
46551
26071
18903
46552
26072
18904
46553
26073
18905
46554
26074
18906
46555
26075
18907
46556
26076
18908
46557
26077
18909
46558
26078
18910
46559
26079
18911
46560
26080
18912
46561
26081
18913
46562
18914
46563
18915
46564
18916
46565
18917
18918
18919
18920
18921
18922
18923
18924
18925
18926
18927
18928
18929
18930
18931
18932
18933
18934
18935
18936
18937
18938
18939
18940
18941
18942
18943
18944
18945
18946
18947
24198
24199
24200
24201
24202
24203
24204
24205
24206
24207
24208
24209
24210
24211
24212
24213
24214
24215
24216
24217
24218
24219
24220
24221
24222
24223
24224
24225
24226
24227
)


// ************************************************************************* //
