/*--------------------------------*- C++ -*----------------------------------*\
| =========                 |                                                 |
| \\      /  F ield         | OpenFOAM: The Open Source CFD Toolbox           |
|  \\    /   O peration     | Version:  2506                                  |
|   \\  /    A nd           | Website:  www.openfoam.com                      |
|    \\/     M anipulation  |                                                 |
\*---------------------------------------------------------------------------*/
FoamFile
{
    version     2.0;
    format      ascii;
    arch        "LSB;label=32;scalar=64";
    class       cellSet;
    location    "constant/fluidRegion/polyMesh/sets";
    object      region195;
}
// * * * * * * * * * * * * * * * * * * * * * * * * * * * * * * * * * * * * * //


222
(
26118
26119
26120
26121
26122
26123
26124
26125
26126
26127
26128
26129
5850
5851
5852
5853
5854
5855
5856
5857
5858
5859
5860
5861
5862
5863
5864
5865
5866
5867
5868
5869
5870
5871
5872
5873
5874
5875
46836
5876
46837
5877
46838
5878
46839
5879
46840
46841
46842
46843
46844
46845
46846
24318
46847
24319
46848
24320
46849
24321
46850
24322
46851
24323
46852
24324
46853
24325
46854
24326
46855
24327
46856
24328
46857
24329
46858
24330
46859
24331
46860
24332
46861
24333
46862
24334
46863
24335
46864
24336
46865
24337
24338
19218
24339
19219
24340
19220
24341
19221
24342
19222
24343
19223
53016
24344
19224
53017
24345
19225
53018
24346
19226
53019
24347
19227
53020
19228
53021
19229
53022
19230
53023
19231
53024
19232
53025
19233
53026
19234
53027
19235
53028
19236
53029
19237
53030
19238
53031
19239
53032
19240
53033
19241
53034
19242
53035
19243
53036
19244
53037
19245
53038
19246
53039
19247
53040
19248
53041
19249
53042
19250
53043
19251
53044
19252
53045
19253
19254
19255
19256
19257
19258
19259
19260
19261
19262
19263
19264
19265
19266
19267
19268
19269
19270
19271
19272
19273
19274
19275
19276
19277
19278
19279
19280
19281
19282
19283
19284
19285
19286
19287
19288
19289
19290
19291
19292
19293
19294
19295
19296
19297
19298
19299
19300
19301
19302
19303
19304
19305
19306
19307
)


// ************************************************************************* //
