/*--------------------------------*- C++ -*----------------------------------*\
| =========                 |                                                 |
| \\      /  F ield         | OpenFOAM: The Open Source CFD Toolbox           |
|  \\    /   O peration     | Version:  2506                                  |
|   \\  /    A nd           | Website:  www.openfoam.com                      |
|    \\/     M anipulation  |                                                 |
\*---------------------------------------------------------------------------*/
FoamFile
{
    version     2.0;
    format      ascii;
    arch        "LSB;label=32;scalar=64";
    class       cellSet;
    location    "constant/fluidRegion/polyMesh/sets";
    object      region80;
}
// * * * * * * * * * * * * * * * * * * * * * * * * * * * * * * * * * * * * * //


222
(
38912
38913
38914
38915
38916
38917
38918
38919
38920
38921
34092
34093
34094
34095
34096
34097
34098
34099
34100
34101
34102
34103
34104
34105
34106
34107
34108
34109
34110
34111
34112
34113
34114
34115
34116
34117
34118
34119
34120
34121
34122
34123
34124
34125
34126
34127
34128
34129
34130
34131
34132
34133
34134
34135
34136
34137
34138
34139
34140
34141
34142
34143
34144
2400
34145
2401
34146
2402
34147
2403
34148
2404
34149
2405
34150
2406
34151
2407
34152
2408
34153
2409
34154
2410
34155
2411
34156
2412
34157
2413
34158
2414
34159
2415
34160
2416
34161
2417
34162
2418
34163
2419
34164
2420
34165
2421
34166
2422
34167
2423
34168
2424
34169
2425
43386
34170
2426
43387
34171
2427
43388
34172
2428
43389
34173
2429
43390
34174
43391
34175
43392
34176
43393
34177
43394
34178
43395
34179
43396
34180
43397
34181
43398
43399
43400
43401
43402
43403
43404
43405
43406
43407
43408
43409
43410
43411
43412
43413
43414
43415
54966
54967
54968
54969
54970
54971
54972
54973
54974
40638
54975
40639
54976
40640
54977
40641
54978
40642
54979
40643
54980
40644
54981
40645
54982
40646
54983
40647
54984
40648
54985
40649
54986
54987
54988
54989
54990
54991
54992
54993
54994
54995
38892
38893
38894
38895
38896
38897
38898
38899
38900
38901
38902
38903
38904
38905
38906
38907
38908
38909
38910
38911
)


// ************************************************************************* //
