/*--------------------------------*- C++ -*----------------------------------*\
| =========                 |                                                 |
| \\      /  F ield         | OpenFOAM: The Open Source CFD Toolbox           |
|  \\    /   O peration     | Version:  2506                                  |
|   \\  /    A nd           | Website:  www.openfoam.com                      |
|    \\/     M anipulation  |                                                 |
\*---------------------------------------------------------------------------*/
FoamFile
{
    version     2.0;
    format      ascii;
    arch        "LSB;label=32;scalar=64";
    class       cellSet;
    location    "constant/fluidRegion/polyMesh/sets";
    object      region0;
}
// * * * * * * * * * * * * * * * * * * * * * * * * * * * * * * * * * * * * * //


222
(
26624
0
26625
1
26626
2
26627
3
26628
4
26629
5
26630
6
26631
7
26632
8
26633
9
26634
10
26635
11
26636
12
26637
13
26638
14
26639
15
26640
16
26641
17
26642
18
26643
19
26644
20
26645
21
26646
22
26647
23
26648
24
26649
25
40986
26650
26
40987
26651
27
40988
26652
28
40989
26653
29
40990
26654
40991
26655
40992
26656
40993
26657
40994
26658
40995
26659
40996
26660
40997
26661
40998
26662
40999
26663
41000
26664
41001
26665
41002
26666
41003
26667
41004
26668
41005
26669
41006
26670
41007
26671
41008
26672
41009
26673
41010
26674
41011
26675
41012
26676
41013
26677
41014
26678
41015
26679
26680
26681
26682
26683
26684
26685
26686
26687
27228
27229
27230
27231
27232
27233
27234
27235
27236
27237
27238
27239
27240
27241
27242
27243
27244
27245
27246
27247
27248
27249
27250
27251
27252
27253
27254
27255
27256
27257
51846
51847
51848
51849
51850
51851
51852
51853
51854
51855
51856
51857
51858
51859
51860
51861
51862
51863
51864
51865
51866
51867
51868
51869
51870
51871
51872
51873
51874
51875
27438
27439
27440
27441
27442
27443
27444
27445
27446
27447
27448
27449
26598
26599
26600
26601
26602
26603
26604
26605
26606
26607
26608
26609
26610
26611
26612
26613
26614
26615
26616
26617
26618
26619
26620
26621
26622
26623
)


// ************************************************************************* //
