/*--------------------------------*- C++ -*----------------------------------*\
| =========                 |                                                 |
| \\      /  F ield         | OpenFOAM: The Open Source CFD Toolbox           |
|  \\    /   O peration     | Version:  2506                                  |
|   \\  /    A nd           | Website:  www.openfoam.com                      |
|    \\/     M anipulation  |                                                 |
\*---------------------------------------------------------------------------*/
FoamFile
{
    version     2.0;
    format      ascii;
    arch        "LSB;label=32;scalar=64";
    class       cellSet;
    location    "constant/fluidRegion/polyMesh/sets";
    object      region46;
}
// * * * * * * * * * * * * * * * * * * * * * * * * * * * * * * * * * * * * * //


222
(
37888
37889
37890
37891
37892
37893
37894
37895
37896
37897
37898
37899
37900
37901
40230
40231
40232
40233
40234
40235
40236
40237
40238
40239
40240
40241
31032
31033
31034
31035
31036
31037
31038
31039
31040
31041
31042
31043
31044
31045
31046
31047
31048
31049
31050
31051
31052
31053
31054
31055
31056
31057
31058
31059
31060
31061
31062
31063
31064
31065
31066
31067
31068
31069
31070
31071
31072
31073
31074
31075
31076
1380
31077
1381
31078
1382
31079
1383
31080
1384
31081
1385
31082
1386
31083
1387
31084
1388
31085
1389
31086
1390
31087
1391
31088
1392
31089
1393
31090
1394
31091
1395
31092
1396
31093
1397
31094
1398
31095
1399
31096
1400
31097
1401
31098
1402
31099
1403
31100
1404
31101
1405
42366
31102
1406
42367
31103
1407
42368
31104
1408
42369
31105
1409
42370
31106
42371
31107
42372
31108
42373
31109
42374
31110
42375
31111
42376
31112
42377
31113
42378
31114
42379
31115
42380
31116
42381
31117
42382
31118
42383
31119
42384
31120
42385
31121
42386
42387
42388
42389
42390
42391
42392
42393
42394
42395
51066
51067
51068
51069
51070
51071
51072
51073
51074
51075
51076
51077
51078
51079
51080
51081
51082
51083
51084
51085
51086
51087
51088
51089
51090
51091
51092
51093
51094
51095
37872
37873
37874
37875
37876
37877
37878
37879
37880
37881
37882
37883
37884
37885
37886
37887
)


// ************************************************************************* //
