/*--------------------------------*- C++ -*----------------------------------*\
| =========                 |                                                 |
| \\      /  F ield         | OpenFOAM: The Open Source CFD Toolbox           |
|  \\    /   O peration     | Version:  2412                                  |
|   \\  /    A nd           | Website:  www.openfoam.com                      |
|    \\/     M anipulation  |                                                 |
\*---------------------------------------------------------------------------*/
FoamFile
{
    version     2.0;
    format      ascii;
    arch        "LSB;label=32;scalar=64";
    class       volScalarField;
    location    "51801860.86068268/fuelBehaviourRegion";
    object      rho;
}
// * * * * * * * * * * * * * * * * * * * * * * * * * * * * * * * * * * * * * //

dimensions      [1 -3 0 0 0 0 0];

internalField   nonuniform List<scalar> 
4720
(
10457.2
10457.2
10457.2
10457.2
10457.2
10457.2
10457.2
10457.2
10457.2
10457.2
10457.2
10457.2
10457.2
10457.2
10457.2
10457.2
10457.2
10457.2
10457.2
10457.2
10457.2
10457.2
10457.2
10457.2
10457.2
10457.2
10457.2
10457.2
10457.2
10457.2
10457.2
10457.2
10457.2
10457.2
10457.2
10457.2
10457.2
10457.2
10457.2
10457.2
10457.2
10457.2
10457.2
10457.2
10457.2
10457.2
10457.2
10457.2
10457.2
10457.2
10457.2
10457.2
10457.2
10457.2
10457.2
10457.2
10457.2
10457.2
10457.2
10457.2
10457.2
10457.2
10457.2
10457.2
10457.2
10457.2
10457.2
10457.2
10457.2
10457.2
10457.2
10457.2
10457.2
10457.2
10457.2
10457.2
10457.2
10457.2
10457.2
10457.2
10457.2
10457.2
10457.2
10457.2
10457.2
10457.2
10457.2
10457.2
10457.2
10457.2
10457.2
10457.2
10457.2
10457.2
10457.2
10457.2
10457.2
10457.2
10457.2
10457.2
10457.2
10457.2
10457.2
10457.2
10457.2
10457.2
10457.2
10457.2
10457.2
10457.2
10457.2
10457.2
10457.2
10457.2
10457.2
10457.2
10457.2
10457.2
10457.2
10457.2
10457.2
10457.2
10457.2
10457.2
10457.2
10457.2
10457.2
10457.2
10457.2
10457.2
10457.2
10457.2
10457.2
10457.2
10457.2
10457.2
10457.2
10457.2
10457.2
10457.2
10457.2
10457.2
10457.2
10457.2
10457.2
10457.2
10457.2
10457.2
10457.2
10457.2
10457.2
10457.2
10457.2
10457.2
10457.2
10457.2
10457.2
10457.2
10457.2
10457.2
10457.2
10457.2
10457.2
10457.2
10457.2
10457.2
10457.2
10457.2
10457.2
10457.2
10457.2
10457.2
10457.2
10457.2
10457.2
10457.2
10457.2
10457.2
10457.2
10457.2
10457.2
10457.2
10457.2
10457.2
10457.2
10457.2
10457.2
10457.2
10457.2
10457.2
10457.2
10457.2
10457.2
10457.2
10457.2
10457.2
10457.2
10457.2
10457.2
10457.2
10457.2
10457.2
10457.2
10457.2
10457.2
10457.2
10457.2
10457.2
10457.2
10457.2
10457.2
10457.2
10457.2
10457.2
10457.2
10457.2
10457.2
10457.2
10457.2
10457.2
10457.2
10457.2
10457.2
10457.2
10457.2
10457.2
10457.2
10457.2
10457.2
10457.2
10457.2
10457.2
10457.2
10457.2
10457.2
10457.2
10457.2
10457.2
10457.2
10457.2
10457.2
10457.2
10457.2
10457.2
10457.2
10457.2
10457.2
10457.2
10457.2
10457.2
10457.2
10457.2
10457.2
10457.2
10457.2
10457.2
10457.2
10457.2
10457.2
10457.2
10457.2
10457.2
10457.2
10457.2
10457.2
10457.2
10457.2
10457.2
10457.2
10457.2
10457.2
10457.2
10457.2
10457.2
10457.2
10457.2
10457.2
10457.2
10457.2
10457.2
10457.2
10457.2
10457.2
10457.2
10457.2
10457.2
10457.2
10457.2
10457.2
10457.2
10457.2
10457.2
10457.2
10457.2
10457.2
10457.2
10457.2
10457.2
10457.2
10457.2
10457.2
10457.2
10457.2
10457.2
10457.2
10457.2
10457.2
10457.2
10457.2
10457.2
10457.2
10457.2
10457.2
10457.2
10457.2
10457.2
10457.2
10457.2
10457.2
10457.2
10457.2
10457.2
10457.2
10457.2
10457.2
10457.2
10457.2
10457.2
10457.2
10457.2
10457.2
10457.2
10457.2
10457.2
10457.2
10457.2
10457.2
10457.2
10457.2
10457.2
10457.2
10457.2
10457.2
10457.2
10457.2
10457.2
10457.2
10457.2
10457.2
10457.2
10457.2
10457.2
10457.2
10457.2
10457.2
10457.2
10457.2
10457.2
10457.2
10457.2
10457.2
10457.2
10457.2
10457.2
10457.2
10457.2
10457.2
10457.2
10457.2
10457.2
10457.2
10457.2
10457.2
10457.2
10457.2
10457.2
10457.2
10457.2
10457.2
10457.2
10457.2
10457.2
10457.2
10457.2
10457.2
10457.2
10457.2
10457.2
10457.2
10457.2
10457.2
10457.2
10457.2
10457.2
10457.2
10457.2
10457.2
10457.2
10457.2
10457.2
10457.2
10457.2
10457.2
10457.2
10457.2
10457.2
10457.2
10457.2
10457.2
10457.2
10457.2
10457.2
10457.2
10457.2
10457.2
10457.2
10457.2
10457.2
10457.2
10457.2
10457.2
10457.2
10457.2
10457.2
10457.2
10457.2
10457.2
10457.2
10457.2
10457.2
10457.2
10457.2
10457.2
10457.2
10457.2
10457.2
10457.2
10457.2
10457.2
10457.2
10457.2
10457.2
10457.2
10457.2
10457.2
10457.2
10457.2
10457.2
10457.2
10457.2
10457.2
10457.2
10457.2
10457.2
10457.2
10457.2
10457.2
10457.2
10457.2
10457.2
10457.2
10457.2
10457.2
10457.2
10457.2
10457.2
10457.2
10457.2
10457.2
10457.2
10457.2
10457.2
10457.2
10457.2
10457.2
10457.2
10457.2
10457.2
10457.2
10457.2
10457.2
10457.2
10457.2
10457.2
10457.2
10457.2
10457.2
10457.2
10457.2
10457.2
10457.2
10457.2
10457.2
10457.2
10457.2
10457.2
10457.2
10457.2
10457.2
10457.2
10457.2
10457.2
10457.2
10457.2
10457.2
10457.2
10457.2
10457.2
10457.2
10457.2
10457.2
10457.2
10457.2
10457.2
10457.2
10457.2
10457.2
10457.2
10457.2
10457.2
10457.2
10457.2
10457.2
10457.2
10457.2
10457.2
10457.2
10457.2
10457.2
10457.2
10457.2
10457.2
10457.2
10457.2
10457.2
10457.2
10457.2
10457.2
10457.2
10457.2
10457.2
10457.2
10457.2
10457.2
10457.2
10457.2
10457.2
10457.2
10457.2
10457.2
10457.2
10457.2
10457.2
10457.2
10457.2
10457.2
10457.2
10457.2
10457.2
10457.2
10457.2
10457.2
10457.2
10457.2
10457.2
10457.2
10457.2
10457.2
10457.2
10457.2
10457.2
10457.2
10457.2
10457.2
10457.2
10457.2
10457.2
10457.2
10457.2
10457.2
10457.2
10457.2
10457.2
10457.2
10457.2
10457.2
10457.2
10457.2
10457.2
10457.2
10457.2
10457.2
10457.2
10457.2
10457.2
10457.2
10457.2
10457.2
10457.2
10457.2
10457.2
10457.2
10457.2
10457.2
10457.2
10457.2
10457.2
10457.2
10457.2
10457.2
10457.2
10457.2
10457.2
10457.2
10457.2
10457.2
10457.2
10457.2
10457.2
10457.2
10457.2
10457.2
10457.2
10457.2
10457.2
10457.2
10457.2
10457.2
10457.2
10457.2
10457.2
10457.2
10457.2
10457.2
10457.2
10457.2
10457.2
10457.2
10457.2
10457.2
10457.2
10457.2
10457.2
10457.2
10457.2
10457.2
10457.2
10457.2
10457.2
10457.2
10457.2
10457.2
10457.2
10457.2
10457.2
10457.2
10457.2
10457.2
10457.2
10457.2
10457.2
10457.2
10457.2
10457.2
10457.2
10457.2
10457.2
10457.2
10457.2
10457.2
10457.2
10457.2
10457.2
10457.2
10457.2
10457.2
10457.2
10457.2
10457.2
10457.2
10457.2
10457.2
10457.2
10457.2
10457.2
10457.2
10457.2
10457.2
10457.2
10457.2
10457.2
10457.2
10457.2
10457.2
10457.2
10457.2
10457.2
10457.2
10457.2
10457.2
10457.2
10457.2
10457.2
10457.2
10457.2
10457.2
10457.2
10457.2
10457.2
10457.2
10457.2
10457.2
10457.2
10457.2
10457.2
10457.2
10457.2
10457.2
10457.2
10457.2
10457.2
10457.2
10457.2
10457.2
10457.2
10457.2
10457.2
10457.2
10457.2
10457.2
10457.2
10457.2
10457.2
10457.2
10457.2
10457.2
10457.2
10457.2
10457.2
10457.2
10457.2
10457.2
10457.2
10457.2
10457.2
10457.2
10457.2
10457.2
10457.2
10457.2
10457.2
10457.2
10457.2
10457.2
10457.2
10457.2
10457.2
10457.2
10457.2
10457.2
10457.2
10457.2
10457.2
10457.2
10457.2
10457.2
10457.2
10457.2
10457.2
10457.2
10457.2
10457.2
10457.2
10457.2
10457.2
10457.2
10457.2
10457.2
10457.2
10457.2
10457.2
10457.2
10457.2
10457.2
10457.2
10457.2
10457.2
10457.2
10457.2
10457.2
10457.2
10457.2
10457.2
10457.2
10457.2
10457.2
10457.2
10457.2
10457.2
10457.2
10457.2
10457.2
10457.2
10457.2
10457.2
10457.2
10457.2
10457.2
10457.2
10457.2
10457.2
10457.2
10457.2
10457.2
10457.2
10457.2
10457.2
10457.2
10457.2
10457.2
10457.2
10457.2
10457.2
10457.2
10457.2
10457.2
10457.2
10457.2
10457.2
10457.2
10457.2
10457.2
10457.2
10457.2
10457.2
10457.2
10457.2
10457.2
10457.2
10457.2
10457.2
10457.2
10457.2
10457.2
10457.2
10457.2
10457.2
10457.2
10457.2
10457.2
10457.2
10457.2
10457.2
10457.2
10457.2
10457.2
10457.2
10457.2
10457.2
10457.2
10457.2
10457.2
10457.2
10457.2
10457.2
10457.2
10457.2
10457.2
10457.2
10457.2
10457.2
10457.2
10457.2
10457.2
10457.2
10457.2
10457.2
10457.2
10457.2
10457.2
10457.2
10457.2
10457.2
10457.2
10457.2
10457.2
10457.2
10457.2
10457.2
10457.2
10457.2
10457.2
10457.2
10457.2
10457.2
10457.2
10457.2
10457.2
10457.2
10457.2
10346.6
10378.3
10425.3
10473.1
10514.8
10547.3
10570.4
10584.7
10591.7
10592.7
10589.3
10583.2
10575.7
10568
10561
10555.2
10550.7
10547.5
10545.4
10544
10543.2
10542.7
10542.5
10542.4
10542.3
10542.3
10542.3
10542.2
10542.2
10542.2
10360.1
10390.1
10434.8
10480.3
10519.6
10550
10571
10583.6
10588.9
10588.7
10584.6
10578.1
10570.7
10563.5
10557.2
10552.2
10548.6
10546
10544.4
10543.4
10542.9
10542.5
10542.4
10542.3
10542.3
10542.3
10542.2
10542.2
10542.2
10542.2
10366.5
10395.4
10438.7
10482.8
10521.1
10550.6
10571.1
10583.2
10588.4
10588.1
10583.9
10577.5
10570.1
10563
10556.9
10552
10548.4
10545.9
10544.3
10543.4
10542.8
10542.5
10542.4
10542.3
10542.3
10542.3
10542.2
10542.2
10542.2
10542.2
10350.9
10383.2
10430.8
10478.8
10520
10551.6
10573.4
10586.3
10591.8
10591.5
10587.1
10580.3
10572.5
10564.9
10558.2
10552.9
10549
10546.3
10544.6
10543.5
10542.9
10542.6
10542.4
10542.3
10542.3
10542.3
10542.2
10542.2
10542.2
10542.2
10415.9
10435.2
10465.6
10497.6
10526.2
10548.8
10564.5
10573.8
10577.5
10577
10573.5
10568.4
10562.7
10557.3
10552.7
10549.2
10546.6
10544.8
10543.7
10543
10542.6
10542.4
10542.3
10542.3
10542.3
10542.3
10542.2
10542.2
10542.2
10542.2
9339.57
9827.69
10212.8
10453.7
10591.9
10668.9
10709.9
10728.4
10731.4
10722.6
10704.9
10680.7
10652.9
10624.9
10599.8
10579.6
10564.9
10555.1
10549.1
10545.7
10543.9
10543
10542.6
10542.4
10542.3
10542.3
10542.3
10542.2
10542.2
10542.2
9073.05
9721.51
10193.7
10468
10615.3
10693.7
10734.1
10751.8
10754
10744.5
10725.6
10699.8
10669.5
10638.5
10610
10586.6
10569.3
10557.7
10550.5
10546.4
10544.2
10543.1
10542.6
10542.4
10542.3
10542.3
10542.3
10542.2
10542.2
10542.2
9053.07
9715.15
10194
10470.4
10617.9
10696.1
10736.3
10753.8
10755.9
10746.3
10727.3
10701.3
10670.9
10639.5
10610.8
10587.1
10569.7
10557.9
10550.6
10546.5
10544.3
10543.2
10542.6
10542.4
10542.3
10542.3
10542.3
10542.2
10542.2
10542.2
8989.12
9691.48
10191
10474.5
10623.6
10701.7
10741.7
10759
10760.9
10751.1
10732
10705.7
10674.8
10642.8
10613.2
10588.9
10570.8
10558.6
10551
10546.7
10544.4
10543.2
10542.7
10542.4
10542.3
10542.3
10542.3
10542.2
10542.2
10542.2
8925.28
9669.04
10189.2
10479.4
10629.7
10707.6
10747.3
10764.3
10766
10756.1
10736.9
10710.3
10678.9
10646.3
10615.9
10590.8
10572
10559.3
10551.4
10546.9
10544.5
10543.2
10542.7
10542.4
10542.3
10542.3
10542.3
10542.2
10542.2
10542.2
9332.39
9830.82
10218.9
10459.5
10596.7
10672.6
10712.9
10730.7
10733
10723.7
10705.4
10680.7
10652.5
10624.3
10599.1
10579
10564.4
10554.7
10548.9
10545.6
10543.8
10542.9
10542.5
10542.4
10542.3
10542.3
10542.3
10542.2
10542.2
10542.2
5542.59
8840.27
10477.4
10842.9
10913.6
10938.1
10947.4
10948.1
10942.3
10930
10910.3
10881.4
10842
10791.8
10733.9
10675.8
10626.2
10590
10567.1
10554.2
10547.6
10544.5
10543.1
10542.6
10542.4
10542.3
10542.3
10542.2
10542.2
10542.2
5147.18
8705.59
10502
10873.1
10933.7
10953.9
10961.5
10961.8
10956.4
10945.3
10927.4
10900.9
10863.9
10815.3
10756.9
10695.5
10640.6
10599.1
10572.2
10556.8
10548.8
10545
10543.3
10542.6
10542.4
10542.3
10542.3
10542.2
10542.2
10542.2
5098.7
8695.25
10509.5
10878.6
10937.1
10956.6
10963.8
10964
10958.7
10947.8
10930.2
10904.2
10867.6
10819.3
10760.9
10698.9
10643.1
10600.8
10573.1
10557.2
10549
10545.1
10543.4
10542.7
10542.4
10542.3
10542.3
10542.2
10542.2
10542.2
5048.74
8683.21
10516.5
10883.9
10940.5
10959.2
10966.1
10966.3
10961.1
10950.4
10933.2
10907.6
10871.6
10823.7
10765.4
10703
10646.2
10602.8
10574.3
10557.8
10549.3
10545.2
10543.4
10542.7
10542.4
10542.3
10542.3
10542.2
10542.2
10542.2
5435.52
8830.98
10501.4
10857.6
10922.5
10944.8
10953.1
10953.5
10947.7
10935.6
10916.2
10887.9
10848.8
10798.6
10740
10680.6
10629.4
10591.9
10568.1
10554.6
10547.8
10544.6
10543.1
10542.6
10542.4
10542.3
10542.3
10542.2
10542.2
10542.2
3535.24
7931.36
10521.7
10989.2
11012.8
11017.3
11018.6
11018
11015.5
11011
11003.4
10991.4
10972.3
10942.5
10897
10832.5
10753
10674.6
10614.2
10576.9
10557.3
10548.3
10544.5
10543
10542.5
10542.3
10542.3
10542.3
10542.2
10542.2
3270.96
7703.53
10465.3
10994
11018.2
11021.8
11022.9
11022.4
11020.5
11016.9
11010.9
11001.3
10985.8
10961.2
10922.4
10864.5
10787.4
10703.5
10633.3
10587.2
10562.1
10550.3
10545.2
10543.3
10542.6
10542.3
10542.3
10542.3
10542.2
10542.2
3262.17
7698.95
10465.8
10995.1
11019
11022.5
11023.5
11023
11021.2
11017.7
11011.9
11002.6
10987.6
10963.6
10925.8
10868.9
10792.2
10707.8
10636.2
10588.8
10562.9
10550.6
10545.4
10543.3
10542.6
10542.4
10542.3
10542.3
10542.2
10542.2
3266.64
7707.64
10470.6
10996.5
11019.7
11023.1
11024.1
11023.6
11021.8
11018.5
11012.9
11003.9
10989.4
10966.2
10929.4
10873.6
10797.7
10712.7
10639.6
10590.7
10563.8
10551
10545.5
10543.4
10542.6
10542.4
10542.3
10542.3
10542.2
10542.2
3553.14
7960.78
10535.9
10992.7
11014.7
11018.8
11020
11019.3
11017
11012.6
11005.4
10993.9
10975.5
10946.7
10902.4
10838.7
10759
10679.1
10616.9
10578.2
10557.9
10548.5
10544.5
10543
10542.5
10542.3
10542.3
10542.3
10542.2
10542.2
2730.27
7194.31
10323.8
11005.6
11032.1
11033.3
11033.6
11033.4
11032.6
11031.2
11028.8
11024.8
11018
11006.4
10986.2
10951.1
10892.6
10806.1
10707.4
10627.7
10580.1
10557.1
10547.5
10544
10542.8
10542.4
10542.3
10542.3
10542.2
10542.2
2483.36
6905.82
10214.6
11000.1
11033.6
11034.6
11034.9
11034.7
11034.2
11033.1
11031.3
11028.3
11023.3
11014.5
10999.1
10971.7
10924
10847.4
10747.5
10654.9
10594.1
10563.1
10549.8
10544.8
10543
10542.5
10542.3
10542.3
10542.2
10542.2
2515.97
6947.19
10231.9
11001.7
11033.8
11034.8
11035.1
11034.9
11034.3
11033.3
11031.6
11028.7
11023.8
11015.3
11000.3
10973.7
10927
10851.5
10751.7
10657.9
10595.6
10563.8
10550.1
10544.8
10543
10542.5
10542.3
10542.3
10542.2
10542.2
2494.92
6922.08
10222.2
11001.3
11034
11034.9
11035.2
11035
11034.5
11033.5
11031.8
11029.1
11024.3
11016.1
11001.7
10975.9
10930.5
10856.4
10756.9
10661.7
10597.7
10564.7
10550.4
10545
10543.1
10542.5
10542.3
10542.3
10542.2
10542.2
2519.71
6953.71
10235.4
11002.6
11034.2
11035.1
11035.3
11035.2
11034.7
11033.7
11032.1
11029.5
11024.9
11017
11003.1
10978.2
10934.2
10861.8
10762.8
10666.1
10600.1
10565.7
10550.8
10545.1
10543.1
10542.5
10542.3
10542.3
10542.2
10542.2
2719.22
7187.89
10324.4
11007.5
11033.3
11034.3
11034.6
11034.4
11033.7
11032.5
11030.5
11027.2
11021.5
11011.8
10994.6
10964.2
10912
10830.7
10730.1
10642.4
10587.4
10560.2
10548.7
10544.4
10542.9
10542.4
10542.3
10542.3
10542.2
10542.2
2262.89
6639.37
10109.6
10996.1
11036.6
11037.1
11037.2
11037.1
11036.8
11036.3
11035.5
11034
11031.5
11026.9
11018.6
11002.9
10972.9
10917.5
10826
10714
10624.9
10575.6
10554.1
10546
10543.4
10542.5
10542.3
10542.3
10542.2
10542.2
2053.51
6354.51
9980.86
10985
11037
11037.5
11037.6
11037.5
11037.3
11036.9
11036.3
11035.1
11033.2
11029.7
11023.3
11011.1
10987.5
10942.4
10862.6
10750.9
10648.7
10586.7
10558.4
10547.5
10543.8
10542.7
10542.4
10542.3
10542.3
10542.2
2075.54
6385.95
9995.82
10986.5
11037.1
11037.5
11037.6
11037.6
11037.4
11037
11036.4
11035.3
11033.4
11030
11023.9
11012.1
10989.2
10945.4
10867.2
10755.8
10652
10588.3
10559
10547.7
10543.9
10542.7
10542.4
10542.3
10542.3
10542.2
2121
6449.95
10025.8
10989.5
11037.2
11037.6
11037.7
11037.6
11037.4
11037.1
11036.5
11035.4
11033.6
11030.4
11024.5
11013.2
10991.2
10948.8
10872.4
10761.7
10656.1
10590.3
10559.8
10548
10543.9
10542.7
10542.4
10542.3
10542.3
10542.2
2302
6692.48
10133.5
10998.6
11036.9
11037.4
11037.4
11037.4
11037.1
11036.7
11035.9
11034.7
11032.4
11028.5
11021.2
11007.3
10980.6
10930.1
10843.7
10730.7
10635
10580.1
10555.8
10546.6
10543.5
10542.6
10542.3
10542.3
10542.2
10542.2
2054.67
6359.9
9984.97
10986.3
11037.6
11038
11038
11038
11037.8
11037.6
11037.1
11036.3
11034.9
11032.4
11027.6
11018.3
10999.8
10962.9
10892.7
10782.4
10668.6
10595.2
10561.2
10548.3
10544
10542.7
10542.4
10542.3
10542.3
10542.2
1854.71
6068.11
9842.39
10971.9
11037.8
11038.2
11038.2
11038.2
11038.1
11037.9
11037.5
11036.9
11035.9
11033.9
11030.3
11023.3
11009.1
10980.3
10923.3
10823.7
10702.5
10613.1
10568.4
10550.7
10544.7
10542.9
10542.4
10542.3
10542.3
10542.2
1841.89
6048.72
9832.56
10970.9
11037.8
11038.2
11038.3
11038.2
11038.1
11037.9
11037.6
11037
11036
11034.1
11030.7
11023.9
11010.3
10982.5
10927.1
10829.3
10707.4
10615.8
10569.5
10551.1
10544.8
10542.9
10542.4
10542.3
10542.3
10542.2
1872.53
6095.41
9856.41
10973.5
11037.9
11038.2
11038.3
11038.3
11038.2
11038
11037.6
11037.1
11036.1
11034.3
11031
11024.5
11011.4
10984.6
10930.8
10834.9
10712.6
10618.7
10570.7
10551.5
10545
10543
10542.4
10542.3
10542.3
10542.2
2083.57
6401.21
10004.7
10988.4
11037.8
11038.1
11038.1
11038.1
11038
11037.7
11037.3
11036.6
11035.3
11033
11028.8
11020.4
11003.7
10969.9
10904.5
10797.3
10679.9
10600.9
10563.4
10549
10544.2
10542.8
10542.4
10542.3
10542.3
10542.2
2015.44
6305.29
9959.57
10984.2
11037.9
11038.2
11038.2
11038.2
11038.1
11037.9
11037.5
11036.9
11035.8
11033.8
11030
11022.6
11007.7
10977.2
10917
10813.8
10692.8
10607.3
10565.8
10549.8
10544.4
10542.8
10542.4
10542.3
10542.3
10542.2
1780.55
5955.53
9784.79
10965.7
11038
11038.4
11038.4
11038.4
11038.3
11038.2
11037.9
11037.4
11036.7
11035.2
11032.5
11027.2
11016.5
10994.3
10948.6
10862.2
10739
10633.9
10576.9
10553.6
10545.6
10543.1
10542.5
10542.3
10542.3
10542.2
1763.79
5929.39
9771.11
10964.2
11038
11038.4
11038.4
11038.4
11038.3
11038.2
11037.9
11037.5
11036.7
11035.4
11032.8
11027.7
11017.3
10995.8
10951.5
10866.9
10744
10637
10578.2
10554.1
10545.7
10543.2
10542.5
10542.3
10542.3
10542.2
1754.15
5914.4
9763.26
10963.3
11038
11038.4
11038.5
11038.4
11038.4
11038.2
11038
11037.6
11036.8
11035.5
11033
11028.1
11018.1
10997.4
10954.5
10871.9
10749.5
10640.5
10579.7
10554.6
10545.9
10543.2
10542.5
10542.3
10542.3
10542.2
1708.1
5841.51
9724.41
10958.7
11038
11038.4
11038.5
11038.4
11038.4
11038.2
11038
11037.6
11036.9
11035.6
11033.2
11028.5
11018.9
10999
10957.5
10877
10755.4
10644.3
10581.5
10555.2
10546.1
10543.3
10542.5
10542.3
10542.3
10542.2
1888.22
6119.75
9868.96
10975
11038
11038.3
11038.4
11038.3
11038.3
11038.1
11037.8
11037.3
11036.4
11034.8
11031.9
11026
11014.2
10989.8
10940
10848.1
10724.4
10625
10573
10552.2
10545.2
10543
10542.4
10542.3
10542.3
10542.2
2030.51
6326.59
9969.58
10985.1
11037.8
11038.2
11038.2
11038.2
11038.1
11037.8
11037.5
11036.9
11035.8
11033.8
11030.2
11023.1
11009
10980.4
10923.9
10825.6
10704.9
10614.8
10569.2
10551.1
10544.8
10542.9
10542.4
10542.3
10542.3
10542.2
1810.42
6001.34
9808.43
10968.3
11037.9
11038.3
11038.4
11038.3
11038.3
11038.1
11037.8
11037.4
11036.5
11035.1
11032.4
11027.1
11016.5
10994.8
10950.6
10867.2
10746.5
10639.9
10580
10554.9
10546
10543.3
10542.5
10542.3
10542.3
10542.2
1724.09
5866.2
9737.31
10960.1
11037.9
11038.3
11038.4
11038.4
11038.3
11038.1
11037.9
11037.4
11036.6
11035.2
11032.6
11027.4
11017.2
10996.1
10953.1
10871.4
10751.1
10642.9
10581.4
10555.4
10546.2
10543.3
10542.5
10542.3
10542.3
10542.2
1669.71
5778.99
9690.21
10954.3
11037.9
11038.3
11038.4
11038.4
11038.3
11038.1
11037.9
11037.4
11036.7
11035.3
11032.8
11027.8
11017.9
10997.6
10955.9
10876.2
10756.7
10646.6
10583.1
10556
10546.4
10543.4
10542.5
10542.3
10542.3
10542.2
1855.93
6070.58
9843.82
10972.1
11037.9
11038.2
11038.3
11038.3
11038.2
11038
11037.7
11037.1
11036.2
11034.5
11031.4
11025.3
11013.2
10988.4
10938.7
10848.3
10726.6
10627.5
10574.6
10553
10545.4
10543.1
10542.5
10542.3
10542.3
10542.2
2169.44
6517.04
10056.4
10992.3
11037.2
11037.6
11037.7
11037.7
11037.5
11037.2
11036.6
11035.7
11034
11031.2
11026
11016.2
10997.3
10960.9
10893.8
10789.6
10678.5
10602.5
10565
10549.9
10544.6
10542.9
10542.4
10542.3
10542.3
10542.2
1941.5
6195.43
9905.07
10978.1
11037.5
11037.9
11038
11037.9
11037.8
11037.6
11037.1
11036.4
11035.2
11033.1
11029.1
11021.7
11007.3
10979.1
10924.9
10832.1
10715.5
10623.5
10574
10553.2
10545.6
10543.2
10542.5
10542.3
10542.3
10542.2
1831.51
6030.44
9822.08
10969.1
11037.4
11037.9
11038
11038
11037.8
11037.6
11037.2
11036.5
11035.3
11033.2
11029.4
11022.2
11008.3
10980.8
10928
10836.6
10719.9
10626.2
10575.2
10553.6
10545.8
10543.2
10542.5
10542.3
10542.3
10542.2
1755.12
5912.1
9760.49
10962.1
11037.4
11037.9
11038
11038
11037.9
11037.6
11037.2
11036.5
11035.4
11033.4
11029.6
11022.7
11009.1
10982.5
10930.9
10841.1
10724.4
10629
10576.5
10554.1
10545.9
10543.3
10542.5
10542.3
10542.3
10542.2
1976.62
6245.97
9929.36
10980.2
11037.2
11037.7
11037.8
11037.7
11037.6
11037.3
11036.8
11035.9
11034.4
11031.9
11027.1
11018.3
11001.2
10968.1
10906.1
10806
10692.2
10610.1
10568.3
10551.1
10545
10543
10542.4
10542.3
10542.3
10542.2
2450.18
6870.69
10202.7
11000.8
11034.7
11035.6
11035.8
11035.7
11035.3
11034.6
11033.3
11031.3
11027.8
11021.9
11011.7
10993.4
10960.6
10904.1
10817
10714.1
10630.1
10580.4
10556.9
10547.4
10543.9
10542.7
10542.4
10542.3
10542.3
10542.2
2182.73
6525.41
10055.8
10989.8
11035.6
11036.3
11036.5
11036.5
11036.2
11035.7
11034.8
11033.3
11030.7
11026.4
11018.9
11005.3
10980.6
10936.2
10861.9
10759.9
10661.7
10596.7
10563.8
10549.9
10544.8
10543
10542.5
10542.3
10542.3
10542.2
2098.83
6410.02
10003
10985
11035.6
11036.4
11036.6
11036.5
11036.3
11035.8
11034.9
11033.4
11031
11026.8
11019.5
11006.3
10982.3
10938.9
10865.9
10764.3
10665
10598.4
10564.6
10550.2
10544.8
10543
10542.5
10542.3
10542.3
10542.2
2086.98
6393.92
9995.69
10984.4
11035.7
11036.5
11036.7
11036.6
11036.4
11035.9
11035
11033.6
11031.2
11027.2
11020.1
11007.3
10984
10941.8
10870.1
10769
10668.6
10600.4
10565.4
10550.5
10545
10543.1
10542.5
10542.3
10542.3
10542.2
1980.28
6241.6
9923.03
10977.2
11035.7
11036.5
11036.7
11036.7
11036.4
11035.9
11035.1
11033.7
11031.4
11027.5
11020.6
11008.2
10985.5
10944.4
10874.2
10773.9
10672.4
10602.5
10566.4
10550.9
10545.1
10543.1
10542.5
10542.3
10542.3
10542.2
2175.9
6514.95
10050.4
10988.8
11035.3
11036.1
11036.3
11036.2
11035.9
11035.4
11034.4
11032.7
11030
11025.3
11017.1
11002.4
10975.8
10928.6
10851
10748.2
10653.4
10592.3
10562
10549.3
10544.5
10542.9
10542.4
10542.3
10542.3
10542.2
2904.59
7354.78
10364
10997.8
11025
11027.7
11028.6
11028.4
11027.4
11025.4
11022.1
11016.8
11008.2
10994.5
10972.1
10936.1
10880.6
10803.4
10715.9
10640.6
10590.7
10563.5
10550.8
10545.4
10543.3
10542.6
10542.3
10542.3
10542.3
10542.2
2636.29
7059.15
10259.9
10994.6
11027.7
11030
11030.7
11030.7
11029.9
11028.4
11025.9
11021.8
11015.2
11004.5
10987
10958.2
10911.9
10842.8
10755.1
10669.8
10607.7
10571.9
10554.4
10546.8
10543.8
10542.8
10542.4
10542.3
10542.3
10542.2
2557.27
6964.9
10223.1
10992.2
11027.9
11030.1
11030.9
11030.9
11030.1
11028.7
11026.2
11022.2
11015.8
11005.4
10988.3
10960.2
10914.7
10846.5
10759
10672.9
10609.6
10572.8
10554.8
10547
10543.9
10542.8
10542.4
10542.3
10542.3
10542.2
2487.66
6880.04
10189.1
10989.8
11028.1
11030.3
11031.1
11031
11030.3
11028.9
11026.5
11022.7
11016.4
11006.3
10989.7
10962.2
10917.8
10850.6
10763.5
10676.6
10611.8
10573.9
10555.3
10547.2
10544
10542.8
10542.4
10542.3
10542.3
10542.2
2675.45
7098.36
10271.6
10993.4
11026.4
11028.9
11029.7
11029.7
11028.9
11027.2
11024.4
11019.8
11012.5
11000.7
10981.4
10950
10900.4
10828.2
10740.4
10658.7
10601.2
10568.7
10553
10546.3
10543.7
10542.7
10542.4
10542.3
10542.3
10542.2
4054.02
8177.06
10492.7
10934.7
10976.9
10989.1
10993.9
10994.4
10991.8
10985.9
10976
10960.9
10938.5
10906.4
10861.8
10804.2
10737.9
10673.1
10620.4
10584.4
10563.1
10551.7
10546.3
10543.9
10542.8
10542.5
10542.3
10542.3
10542.3
10542.2
3661.06
7906.7
10449
10950.5
10989.6
10999.5
11003.3
11003.8
11001.8
10997.1
10989.2
10977
10958.7
10931.7
10893.1
10840.4
10775
10705.3
10643.6
10598.7
10570.8
10555.5
10548
10544.6
10543.1
10542.6
10542.4
10542.3
10542.3
10542.2
3594.99
7851.82
10435.2
10951.3
10990.7
11000.4
11004.2
11004.7
11002.7
10998.1
10990.4
10978.5
10960.6
10934.1
10896.1
10843.9
10778.7
10708.6
10646.1
10600.2
10571.6
10555.9
10548.2
10544.6
10543.2
10542.6
10542.4
10542.3
10542.3
10542.2
3539.18
7804.26
10422.8
10951.7
10991.6
11001.2
11004.9
11005.4
11003.5
10999
10991.5
10979.8
10962.3
10936.3
10898.9
10847.3
10782.5
10712
10648.7
10601.9
10572.5
10556.4
10548.4
10544.7
10543.2
10542.6
10542.4
10542.3
10542.3
10542.2
3838.48
8013.37
10457.4
10939.1
10981.6
10993.1
10997.7
10998.4
10996.1
10990.8
10981.9
10968.3
10948
10918.5
10876.9
10821.7
10755.9
10688.6
10631.7
10591.4
10566.8
10553.6
10547.1
10544.2
10543
10542.5
10542.3
10542.3
10542.3
10542.2
7515.64
9203.44
10176.8
10578.4
10734.2
10802.6
10834.9
10848.5
10849.8
10841.8
10825.3
10800.7
10768.6
10730.5
10689.3
10649.2
10614.4
10587.5
10568.6
10556.7
10549.7
10545.8
10543.9
10543
10542.5
10542.4
10542.3
10542.3
10542.3
10542.2
6703.52
8957.17
10213.4
10651.9
10792.5
10849.1
10875
10885.4
10885.7
10877.9
10862.6
10839.6
10808.6
10770.2
10726.3
10680.8
10638.9
10604.5
10579.5
10563
10553.1
10547.6
10544.7
10543.3
10542.7
10542.4
10542.3
10542.3
10542.3
10542.2
6626.85
8932.08
10216.2
10658.2
10797.2
10852.8
10878.2
10888.3
10888.5
10880.7
10865.5
10842.6
10811.7
10773.3
10729.2
10683.3
10640.8
10605.9
10580.3
10563.5
10553.4
10547.7
10544.8
10543.4
10542.7
10542.4
10542.3
10542.3
10542.3
10542.2
6569.26
8915.91
10220.8
10664.1
10801.5
10856.1
10881
10890.9
10890.9
10883.2
10868.1
10845.3
10814.5
10776.1
10731.9
10685.7
10642.7
10607.2
10581.2
10564
10553.6
10547.8
10544.9
10543.4
10542.7
10542.4
10542.3
10542.3
10542.3
10542.2
6490.08
8889.27
10223.4
10670.3
10806.1
10859.8
10884.2
10893.8
10893.8
10886.1
10871.2
10848.6
10818
10779.7
10735.4
10688.9
10645.2
10609.1
10582.4
10564.7
10554
10548.1
10544.9
10543.4
10542.7
10542.4
10542.3
10542.3
10542.3
10542.2
6953.19
9023
10191.8
10624.4
10772.5
10833.8
10862.1
10873.7
10874.5
10866.8
10851.3
10827.9
10796.7
10758.3
10715.2
10671.4
10631.5
10599.4
10576.3
10561.1
10552.1
10547.1
10544.5
10543.2
10542.7
10542.4
10542.3
10542.3
10542.3
10542.2
9475.95
9851.65
10178.5
10402.8
10542.9
10627.2
10676.4
10702.8
10713.4
10712.4
10702.4
10685.6
10664
10640.1
10616.4
10595.2
10577.8
10564.8
10555.8
10549.9
10546.4
10544.4
10543.3
10542.7
10542.5
10542.3
10542.3
10542.3
10542.3
10542.2
9128.12
9690.19
10131.1
10407.3
10566.2
10656.2
10706.7
10733.1
10743.4
10742
10731.4
10713.3
10689.8
10663
10635.5
10610.1
10588.6
10572.1
10560.4
10552.7
10547.9
10545.2
10543.7
10542.9
10542.5
10542.4
10542.3
10542.3
10542.3
10542.2
9086.78
9672.13
10126.6
10408.4
10569.1
10659.6
10710
10736.3
10746.5
10745
10734.3
10716.1
10692.4
10665.3
10637.4
10611.6
10589.7
10572.8
10560.8
10552.9
10548.1
10545.2
10543.7
10542.9
10542.6
10542.4
10542.3
10542.3
10542.3
10542.2
8971.58
9587.09
10071.8
10375.1
10548.5
10646.1
10700.8
10729.7
10741.8
10741.5
10731.8
10714.4
10691.3
10664.7
10637.2
10611.5
10589.8
10572.9
10560.9
10553
10548.1
10545.3
10543.7
10542.9
10542.6
10542.4
10542.3
10542.3
10542.3
10542.2
9330.01
9811.73
10194.2
10437.7
10580.4
10662.4
10708.6
10732.5
10741.2
10738.6
10727.1
10708.5
10684.8
10658.1
10631.2
10606.5
10586
10570.2
10559.2
10551.9
10547.5
10545
10543.6
10542.9
10542.5
10542.4
10542.3
10542.3
10542.3
10542.2
7753.89
7753.89
7753.89
7753.89
7753.89
7753.89
7753.89
7753.89
7753.89
7753.89
7753.89
7753.89
7753.89
7753.89
7753.89
7753.89
7753.89
7753.89
7753.89
7753.89
7753.89
7753.89
7753.89
7753.89
7753.89
7753.89
7753.89
7753.89
7753.89
7753.89
7753.89
7753.89
7753.89
7753.89
7753.89
7753.89
7753.89
7753.89
7753.89
7753.89
7753.89
7753.89
7753.89
7753.89
7753.89
7753.89
7753.89
7753.89
7753.89
7753.89
7753.89
7753.89
7753.89
7753.89
7753.89
7753.89
7753.89
7753.89
7753.89
7753.89
7753.89
7753.89
7753.89
7753.89
7753.89
7753.89
7753.89
7753.89
7753.89
7753.89
7753.89
7753.89
7753.89
7753.89
7753.89
7753.89
7753.89
7753.89
7753.89
7753.89
7753.89
7753.89
7753.89
7753.89
7753.89
7753.89
7753.89
7753.89
7753.89
7753.89
7753.89
7753.89
7753.89
7753.89
7753.89
7753.89
7753.89
7753.89
7753.89
7753.89
7753.89
7753.89
7753.89
7753.89
7753.89
7753.89
7753.89
7753.89
7753.89
7753.89
7753.89
7753.89
7753.89
7753.89
7753.89
7753.89
7753.89
7753.89
7753.89
7753.89
7753.89
7753.89
7753.89
7753.89
7753.89
7753.89
7753.89
7753.89
7753.89
7753.89
7753.89
7753.89
7753.89
7753.89
7753.89
7753.89
7753.89
7753.89
7753.89
7753.89
7753.89
7753.89
7753.89
7753.89
7753.89
7753.89
7753.89
7753.89
7753.89
7753.89
7753.89
7753.89
7753.89
7753.89
7753.89
7753.89
7753.89
7753.89
7753.89
7753.89
7753.89
7753.89
7753.89
7753.89
7753.89
7753.89
7753.89
7753.89
7753.89
7753.89
7753.89
7753.89
7753.89
7753.89
7753.89
7753.89
7753.89
7753.89
7753.89
7753.89
7753.89
7753.89
7753.89
7753.89
7753.89
7753.89
7753.89
7753.89
7753.89
7753.89
7753.89
7753.89
7753.89
7753.89
7753.89
7753.89
7753.89
7753.89
7753.89
7753.89
7753.89
7753.89
7753.89
7753.89
7753.89
7753.89
7753.89
7753.89
7753.89
7753.89
7753.89
7753.89
7753.89
7753.89
7753.89
7753.89
7753.89
7753.89
7753.89
7753.89
7753.89
7753.89
7753.89
7753.89
7753.89
7753.89
7753.89
7753.89
7753.89
7753.89
7753.89
7753.89
7753.89
7753.89
7753.89
7753.89
7753.89
7753.89
7753.89
7753.89
7753.89
7753.89
7753.89
7753.89
7753.89
7753.89
7753.89
7753.89
7753.89
7753.89
7753.89
7753.89
7753.89
7753.89
7753.89
7753.89
7753.89
7753.89
7753.89
7753.89
7753.89
7753.89
7753.89
7753.89
7753.89
7753.89
7753.89
7753.89
7753.89
7753.89
7753.89
7753.89
7753.89
7753.89
7753.89
7753.89
7753.89
7753.89
7753.89
7753.89
7753.89
7753.89
7753.89
7753.89
7753.89
7753.89
7753.89
7753.89
7753.89
7753.89
7753.23
7753.3
7753.37
7753.45
7753.52
7753.59
7753.65
7753.72
7753.79
7753.86
7752.54
7752.68
7752.83
7752.97
7753.11
7753.25
7753.38
7753.52
7753.65
7753.79
7752.46
7752.6
7752.74
7752.89
7753.03
7753.16
7753.3
7753.44
7753.57
7753.7
7752.38
7752.52
7752.66
7752.8
7752.94
7753.08
7753.22
7753.35
7753.49
7753.62
7752.29
7752.43
7752.57
7752.72
7752.86
7753
7753.13
7753.27
7753.41
7753.54
7752.13
7752.29
7752.44
7752.59
7752.73
7752.88
7753.03
7753.17
7753.31
7753.45
7752.03
7752.18
7752.34
7752.49
7752.64
7752.79
7752.94
7753.08
7753.23
7753.37
7751.94
7752.1
7752.25
7752.41
7752.56
7752.71
7752.85
7753
7753.15
7753.29
7751.86
7752.02
7752.17
7752.32
7752.47
7752.62
7752.77
7752.92
7753.06
7753.21
7751.76
7751.92
7752.07
7752.23
7752.38
7752.53
7752.68
7752.83
7752.97
7753.12
7751.49
7751.66
7751.84
7752.01
7752.18
7752.35
7752.51
7752.68
7752.84
7753
7751.25
7751.44
7751.63
7751.81
7752
7752.18
7752.36
7752.54
7752.71
7752.89
7751.12
7751.31
7751.5
7751.69
7751.88
7752.06
7752.24
7752.42
7752.6
7752.78
7751.01
7751.2
7751.39
7751.58
7751.76
7751.95
7752.13
7752.31
7752.49
7752.67
7750.9
7751.09
7751.28
7751.47
7751.65
7751.84
7752.02
7752.2
7752.38
7752.56
7750.69
7750.89
7751.09
7751.28
7751.48
7751.67
7751.86
7752.05
7752.23
7752.42
7750.18
7750.42
7750.65
7750.89
7751.12
7751.35
7751.58
7751.81
7752.03
7752.25
7749.95
7750.2
7750.45
7750.69
7750.93
7751.17
7751.41
7751.64
7751.87
7752.1
7749.8
7750.05
7750.29
7750.54
7750.78
7751.02
7751.26
7751.49
7751.73
7751.96
7749.65
7749.9
7750.15
7750.39
7750.63
7750.87
7751.11
7751.35
7751.58
7751.81
7749.49
7749.74
7749.98
7750.23
7750.47
7750.71
7750.95
7751.19
7751.42
7751.65
7749.01
7749.3
7749.57
7749.85
7750.12
7750.4
7750.66
7750.93
7751.19
7751.45
7748.55
7748.86
7749.17
7749.47
7749.78
7750.08
7750.38
7750.67
7750.96
7751.25
7748.31
7748.63
7748.94
7749.25
7749.56
7749.87
7750.17
7750.47
7750.77
7751.07
7748.12
7748.44
7748.75
7749.07
7749.38
7749.68
7749.99
7750.29
7750.59
7750.88
7747.94
7748.25
7748.57
7748.88
7749.19
7749.5
7749.8
7750.1
7750.4
7750.69
7747.3
7747.61
7747.92
7748.23
7748.53
7748.84
7749.14
7749.43
7749.73
7750.02
7741.43
7742.29
7743.15
7744
7744.84
7745.67
7746.49
7747.31
7748.12
7748.92
7739.73
7740.69
7741.64
7742.58
7743.51
7744.43
7745.34
7746.25
7747.14
7748.03
7738.83
7739.79
7740.74
7741.69
7742.62
7743.55
7744.47
7745.38
7746.29
7747.18
7738.01
7738.97
7739.92
7740.86
7741.8
7742.72
7743.64
7744.55
7745.45
7746.34
7737.81
7738.7
7739.59
7740.47
7741.33
7742.2
7743.05
7743.89
7744.73
7745.56
7736.56
7737.51
7738.46
7739.4
7740.33
7741.25
7742.16
7743.07
7743.96
7744.85
7735.12
7736.16
7737.18
7738.2
7739.21
7740.21
7741.21
7742.19
7743.16
7744.13
7733.97
7735.06
7736.13
7737.2
7738.26
7739.31
7740.35
7741.39
7742.41
7743.42
7733.28
7734.37
7735.45
7736.52
7737.58
7738.63
7739.67
7740.7
7741.72
7742.74
7732.61
7733.7
7734.77
7735.84
7736.9
7737.95
7738.99
7740.02
7741.04
7742.06
7732.18
7733.24
7734.28
7735.32
7736.34
7737.36
7738.37
7739.37
7740.36
7741.34
7731.56
7732.6
7733.63
7734.65
7735.67
7736.67
7737.66
7738.65
7739.63
7740.6
7730.15
7731.26
7732.37
7733.46
7734.54
7735.62
7736.68
7737.73
7738.78
7739.82
7728.6
7729.8
7730.99
7732.17
7733.34
7734.49
7735.64
7736.78
7737.91
7739.03
7727.85
7729.05
7730.24
7731.42
7732.59
7733.74
7734.89
7736.03
7737.16
7738.28
7727.12
7728.32
7729.51
7730.68
7731.85
7733
7734.15
7735.28
7736.41
7737.52
7727.23
7728.33
7729.42
7730.5
7731.57
7732.63
7733.68
7734.72
7735.76
7736.78
7725.7
7726.88
7728.05
7729.21
7730.36
7731.5
7732.63
7733.75
7734.86
7735.96
7724.22
7725.47
7726.72
7727.95
7729.17
7730.39
7731.59
7732.78
7733.96
7735.13
7723.2
7724.48
7725.75
7727.01
7728.25
7729.49
7730.72
7731.93
7733.14
7734.33
7722.44
7723.72
7724.99
7726.24
7727.49
7728.72
7729.94
7731.15
7732.35
7733.55
7722.35
7723.55
7724.74
7725.92
7727.08
7728.24
7729.38
7730.52
7731.65
7732.76
7721.35
7722.56
7723.77
7724.97
7726.15
7727.33
7728.49
7729.65
7730.79
7731.93
7720.09
7721.36
7722.61
7723.85
7725.08
7726.3
7727.51
7728.71
7729.9
7731.08
7718.53
7719.87
7721.21
7722.53
7723.83
7725.13
7726.42
7727.69
7728.96
7730.21
7717.66
7719.01
7720.34
7721.67
7722.98
7724.28
7725.57
7726.85
7728.12
7729.38
7716.85
7718.19
7719.53
7720.85
7722.16
7723.46
7724.74
7726.02
7727.29
7728.54
7716.28
7717.6
7718.9
7720.19
7721.47
7722.74
7724
7725.24
7726.48
7727.71
7716.18
7717.41
7718.63
7719.84
7721.04
7722.23
7723.41
7724.58
7725.74
7726.89
7715.03
7716.3
7717.55
7718.79
7720.03
7721.25
7722.46
7723.66
7724.85
7726.02
7713.04
7714.43
7715.81
7717.17
7718.52
7719.87
7721.19
7722.51
7723.82
7725.11
7712.15
7713.54
7714.92
7716.29
7717.65
7718.99
7720.33
7721.65
7722.96
7724.26
7711.34
7712.73
7714.1
7715.47
7716.82
7718.16
7719.49
7720.8
7722.11
7723.41
7711.44
7712.72
7714
7715.26
7716.51
7717.75
7718.98
7720.19
7721.4
7722.6
7710.6
7711.88
7713.15
7714.41
7715.66
7716.9
7718.13
7719.34
7720.55
7721.75
7709.09
7710.44
7711.78
7713.11
7714.43
7715.74
7717.03
7718.32
7719.59
7720.86
7707.78
7709.18
7710.57
7711.95
7713.32
7714.67
7716.01
7717.35
7718.67
7719.98
7706.95
7708.35
7709.74
7711.11
7712.48
7713.83
7715.17
7716.5
7717.82
7719.12
7706.76
7708.09
7709.41
7710.71
7712.01
7713.29
7714.56
7715.82
7717.07
7718.31
7706.56
7707.82
7709.07
7710.3
7711.53
7712.74
7713.94
7715.14
7716.32
7717.49
7705.52
7706.8
7708.07
7709.32
7710.57
7711.8
7713.03
7714.24
7715.44
7716.63
7703.6
7704.99
7706.38
7707.75
7709.11
7710.45
7711.79
7713.11
7714.43
7715.73
7702.7
7704.1
7705.49
7706.87
7708.23
7709.58
7710.92
7712.25
7713.57
7714.88
7701.88
7703.28
7704.67
7706.04
7707.4
7708.76
7710.1
7711.42
7712.74
7714.05
7701.15
7702.54
7703.92
7705.28
7706.64
7707.98
7709.31
7710.62
7711.93
7713.23
7701.41
7702.68
7703.94
7705.19
7706.43
7707.65
7708.87
7710.08
7711.27
7712.46
7700.7
7701.96
7703.21
7704.45
7705.67
7706.88
7708.09
7709.28
7710.46
7711.64
7699.1
7700.45
7701.78
7703.1
7704.4
7705.7
7706.98
7708.26
7709.52
7710.77
7698.03
7699.4
7700.76
7702.11
7703.44
7704.76
7706.07
7707.37
7708.66
7709.94
7697.29
7698.65
7700.01
7701.35
7702.68
7703.99
7705.3
7706.6
7707.88
7709.15
7697.22
7698.51
7699.78
7701.05
7702.3
7703.54
7704.77
7705.99
7707.2
7708.4
7696.94
7698.17
7699.39
7700.6
7701.8
7702.99
7704.16
7705.33
7706.49
7707.64
7695.92
7697.17
7698.42
7699.65
7700.88
7702.09
7703.29
7704.48
7705.66
7706.83
7694.57
7695.89
7697.19
7698.49
7699.77
7701.04
7702.3
7703.55
7704.79
7706.01
7693.82
7695.14
7696.44
7697.74
7699.02
7700.29
7701.55
7702.8
7704.04
7705.27
7693.5
7694.77
7696.03
7697.28
7698.52
7699.75
7700.96
7702.17
7703.37
7704.55
7693.64
7694.82
7695.98
7697.14
7698.28
7699.42
7700.54
7701.66
7702.77
7703.86
7693.37
7694.5
7695.61
7696.72
7697.81
7698.9
7699.98
7701.04
7702.1
7703.15
7691.53
7692.78
7694.01
7695.24
7696.45
7697.65
7698.84
7700.02
7701.2
7702.36
7690.8
7692.05
7693.28
7694.51
7695.72
7696.93
7698.12
7699.3
7700.47
7701.64
7690.14
7691.38
7692.62
7693.84
7695.06
7696.26
7697.45
7698.63
7699.81
7700.97
7689.51
7690.75
7691.98
7693.2
7694.41
7695.61
7696.8
7697.97
7699.14
7700.3
7689.65
7690.81
7691.95
7693.08
7694.2
7695.32
7696.42
7697.51
7698.6
7699.67
7689.58
7690.67
7691.75
7692.82
7693.88
7694.93
7695.97
7697
7698.02
7699.03
7688.62
7689.74
7690.85
7691.95
7693.04
7694.12
7695.19
7696.25
7697.3
7698.35
7687.73
7688.88
7690.01
7691.14
7692.26
7693.37
7694.47
7695.56
7696.64
7697.71
7687.14
7688.29
7689.42
7690.55
7691.67
7692.77
7693.87
7694.96
7696.04
7697.11
7686.98
7688.08
7689.17
7690.25
7691.32
7692.38
7693.43
7694.47
7695.5
7696.52
7686.91
7687.95
7688.98
7690
7691.02
7692.02
7693.01
7694
7694.98
7695.94
7686.67
7687.67
7688.66
7689.65
7690.62
7691.58
7692.54
7693.49
7694.43
7695.36
7685.65
7686.7
7687.74
7688.77
7689.79
7690.8
7691.8
7692.79
7693.77
7694.75
7685.11
7686.16
7687.2
7688.23
7689.25
7690.26
7691.26
7692.25
7693.24
7694.22
7684.78
7685.81
7686.83
7687.83
7688.83
7689.82
7690.8
7691.78
7692.74
7693.69
7684.85
7685.81
7686.76
7687.71
7688.64
7689.57
7690.49
7691.4
7692.3
7693.19
7685.28
7686.14
7686.98
7687.82
7688.66
7689.48
7690.3
7691.11
7691.91
7692.71
7684.03
7684.97
7685.89
7686.81
7687.72
7688.62
7689.51
7690.4
7691.27
7692.14
7683.48
7684.42
7685.35
7686.27
7687.19
7688.09
7688.99
7689.88
7690.76
7691.63
7682.98
7683.92
7684.85
7685.77
7686.69
7687.59
7688.49
7689.38
7690.26
7691.13
7682.5
7683.44
7684.36
7685.28
7686.19
7687.1
7687.99
7688.88
7689.76
7690.63
7682.53
7683.4
7684.28
7685.14
7685.99
7686.84
7687.68
7688.51
7689.34
7690.15
7682.52
7683.34
7684.16
7684.97
7685.77
7686.57
7687.36
7688.14
7688.91
7689.68
7681.93
7682.76
7683.59
7684.41
7685.22
7686.03
7686.82
7687.61
7688.39
7689.17
7681.2
7682.06
7682.91
7683.76
7684.59
7685.42
7686.24
7687.05
7687.86
7688.66
7680.79
7681.64
7682.48
7683.32
7684.14
7684.96
7685.77
7686.57
7687.37
7688.16
7683.9
7684.38
7684.86
7685.33
7685.8
7686.26
7686.72
7687.18
7687.63
7688.08
7688.3
7688.3
7688.3
7688.3
7688.3
7688.3
7688.3
7688.3
7688.3
7688.3
)
;

boundaryField
{
    fuelBottom
    {
        type            empty;
    }
    fuelTop_1
    {
        type            empty;
    }
    fuelOuter
    {
        type            zeroGradient;
    }
    fuelTop
    {
        type            empty;
    }
    fuelInner
    {
        type            zeroGradient;
    }
    cladBottom
    {
        type            empty;
    }
    cladInner
    {
        type            zeroGradient;
    }
    cladOuter
    {
        type            zeroGradient;
    }
    cladTop
    {
        type            empty;
    }
    front
    {
        type            wedge;
    }
    back
    {
        type            wedge;
    }
}


// ************************************************************************* //
