/*--------------------------------*- C++ -*----------------------------------*\
| =========                 |                                                 |
| \\      /  F ield         | OpenFOAM: The Open Source CFD Toolbox           |
|  \\    /   O peration     | Version:  2412                                  |
|   \\  /    A nd           | Website:  www.openfoam.com                      |
|    \\/     M anipulation  |                                                 |
\*---------------------------------------------------------------------------*/
FoamFile
{
    version     2.0;
    format      ascii;
    arch        "LSB;label=32;scalar=64";
    class       volScalarField;
    location    "51801860.86068268/fuelBehaviourRegion";
    object      SCIANTIX::Helium_produced;
}
// * * * * * * * * * * * * * * * * * * * * * * * * * * * * * * * * * * * * * //

dimensions      [0 0 0 0 0 0 0];

internalField   nonuniform List<scalar> 
4720
(
1.29417e+23
1.29417e+23
1.29417e+23
1.29417e+23
1.29417e+23
1.29417e+23
1.29417e+23
1.29417e+23
1.29417e+23
1.29417e+23
1.29417e+23
1.29417e+23
1.29417e+23
1.29417e+23
1.29417e+23
1.29417e+23
1.29417e+23
1.29417e+23
1.29417e+23
1.29417e+23
1.29417e+23
1.29417e+23
1.29417e+23
1.29417e+23
1.29417e+23
1.29417e+23
1.29417e+23
1.29417e+23
1.29417e+23
1.29417e+23
1.29417e+23
1.29417e+23
1.29417e+23
1.29417e+23
1.29417e+23
1.29417e+23
1.29417e+23
1.29417e+23
1.29417e+23
1.29417e+23
1.29417e+23
1.29417e+23
1.29417e+23
1.29417e+23
1.29417e+23
1.29417e+23
1.29417e+23
1.29417e+23
1.29417e+23
1.29417e+23
1.29417e+23
1.29417e+23
1.29417e+23
1.29417e+23
1.29417e+23
1.29417e+23
1.29417e+23
1.29417e+23
1.29417e+23
1.29417e+23
1.29417e+23
1.29417e+23
1.29417e+23
1.29417e+23
1.29417e+23
1.29417e+23
1.29417e+23
1.29417e+23
1.29417e+23
1.29417e+23
1.29417e+23
1.29417e+23
1.29417e+23
1.29417e+23
1.29417e+23
1.29417e+23
1.29417e+23
1.29417e+23
1.29417e+23
1.29417e+23
1.29417e+23
1.29417e+23
1.29417e+23
1.29417e+23
1.29417e+23
1.29417e+23
1.29417e+23
1.29417e+23
1.29417e+23
1.29417e+23
1.29417e+23
1.29417e+23
1.29417e+23
1.29417e+23
1.29417e+23
1.29417e+23
1.29417e+23
1.29417e+23
1.29417e+23
1.29417e+23
1.29417e+23
1.29417e+23
1.29417e+23
1.29417e+23
1.29417e+23
1.29417e+23
1.29417e+23
1.29417e+23
1.29417e+23
1.29417e+23
1.29417e+23
1.29417e+23
1.29417e+23
1.29417e+23
1.29417e+23
1.29417e+23
1.29417e+23
1.29417e+23
1.29417e+23
1.29417e+23
1.29417e+23
1.29417e+23
1.29417e+23
1.29417e+23
1.29417e+23
1.29417e+23
1.29417e+23
1.29417e+23
1.29417e+23
1.29417e+23
1.29417e+23
1.29417e+23
1.29417e+23
1.29417e+23
1.29417e+23
1.29417e+23
1.29417e+23
1.29417e+23
1.29417e+23
1.29417e+23
1.29417e+23
1.29417e+23
1.29417e+23
1.29417e+23
1.29417e+23
1.29417e+23
1.29417e+23
1.29417e+23
1.29417e+23
1.29417e+23
1.29417e+23
1.29417e+23
1.29417e+23
1.29417e+23
1.29417e+23
1.29417e+23
1.29417e+23
1.29417e+23
1.29417e+23
1.29417e+23
1.29417e+23
1.29417e+23
1.29417e+23
1.29417e+23
1.29417e+23
1.29417e+23
1.29417e+23
1.29417e+23
1.29417e+23
1.29417e+23
1.29417e+23
1.29417e+23
1.29417e+23
1.29417e+23
1.29417e+23
1.29417e+23
1.29417e+23
1.29417e+23
1.29417e+23
1.29417e+23
1.43053e+23
1.43053e+23
1.43053e+23
1.43053e+23
1.43053e+23
1.43053e+23
1.43053e+23
1.43053e+23
1.43053e+23
1.43053e+23
1.43053e+23
1.43053e+23
1.43053e+23
1.43053e+23
1.43053e+23
1.43053e+23
1.43053e+23
1.43053e+23
1.43053e+23
1.43053e+23
1.43053e+23
1.43053e+23
1.43053e+23
1.43053e+23
1.43053e+23
1.43053e+23
1.43053e+23
1.43053e+23
1.43053e+23
1.43053e+23
1.43053e+23
1.43053e+23
1.43053e+23
1.43053e+23
1.43053e+23
1.43053e+23
1.43053e+23
1.43053e+23
1.43053e+23
1.43053e+23
1.43053e+23
1.43053e+23
1.43053e+23
1.43053e+23
1.43053e+23
1.43053e+23
1.43053e+23
1.43053e+23
1.43053e+23
1.43053e+23
1.43053e+23
1.43053e+23
1.43053e+23
1.43053e+23
1.43053e+23
1.43053e+23
1.43053e+23
1.43053e+23
1.43053e+23
1.43053e+23
1.43053e+23
1.43053e+23
1.43053e+23
1.43053e+23
1.43053e+23
1.43053e+23
1.43053e+23
1.43053e+23
1.43053e+23
1.43053e+23
1.43053e+23
1.43053e+23
1.43053e+23
1.43053e+23
1.43053e+23
1.43053e+23
1.43053e+23
1.43053e+23
1.43053e+23
1.43053e+23
1.43053e+23
1.43053e+23
1.43053e+23
1.43053e+23
1.43053e+23
1.43053e+23
1.43053e+23
1.43053e+23
1.43053e+23
1.43053e+23
1.43053e+23
1.43053e+23
1.43053e+23
1.43053e+23
1.43053e+23
1.43053e+23
1.43053e+23
1.43053e+23
1.43053e+23
1.43053e+23
1.43053e+23
1.43053e+23
1.43053e+23
1.43053e+23
1.43053e+23
1.43053e+23
1.43053e+23
1.43053e+23
1.43053e+23
1.43053e+23
1.43053e+23
1.43053e+23
1.43053e+23
1.43053e+23
1.43053e+23
1.43053e+23
1.43053e+23
1.43053e+23
1.43053e+23
1.43053e+23
1.43053e+23
1.43053e+23
1.43053e+23
1.43053e+23
1.43053e+23
1.43053e+23
1.43053e+23
1.43053e+23
1.43053e+23
1.43053e+23
1.43053e+23
1.43053e+23
1.43053e+23
1.43053e+23
1.43053e+23
1.43053e+23
1.43053e+23
1.43053e+23
1.43053e+23
1.43053e+23
1.43053e+23
1.43053e+23
1.43053e+23
1.43053e+23
1.43053e+23
1.43053e+23
1.43053e+23
1.43053e+23
1.43053e+23
1.43053e+23
1.43053e+23
1.43053e+23
1.43053e+23
1.43053e+23
1.43053e+23
1.43053e+23
1.43053e+23
1.43053e+23
1.43053e+23
1.43053e+23
1.43053e+23
1.43053e+23
1.43053e+23
1.43053e+23
1.43053e+23
1.43053e+23
1.43053e+23
1.43053e+23
1.43053e+23
1.43053e+23
1.43053e+23
1.43053e+23
1.43053e+23
1.43053e+23
1.43053e+23
1.43053e+23
1.43053e+23
1.43053e+23
1.43053e+23
1.43053e+23
1.78626e+23
1.78626e+23
1.78626e+23
1.78626e+23
1.78626e+23
1.78626e+23
1.78626e+23
1.78626e+23
1.78626e+23
1.78626e+23
1.78626e+23
1.78626e+23
1.78626e+23
1.78626e+23
1.78626e+23
1.78626e+23
1.78626e+23
1.78626e+23
1.78626e+23
1.78626e+23
1.78626e+23
1.78626e+23
1.78626e+23
1.78626e+23
1.78626e+23
1.78626e+23
1.78626e+23
1.78626e+23
1.78626e+23
1.78626e+23
1.78626e+23
1.78626e+23
1.78626e+23
1.78626e+23
1.78626e+23
1.78626e+23
1.78626e+23
1.78626e+23
1.78626e+23
1.78626e+23
1.78626e+23
1.78626e+23
1.78626e+23
1.78626e+23
1.78626e+23
1.78626e+23
1.78626e+23
1.78626e+23
1.78626e+23
1.78626e+23
1.78626e+23
1.78626e+23
1.78626e+23
1.78626e+23
1.78626e+23
1.78626e+23
1.78626e+23
1.78626e+23
1.78626e+23
1.78626e+23
1.78626e+23
1.78626e+23
1.78626e+23
1.78626e+23
1.78626e+23
1.78626e+23
1.78626e+23
1.78626e+23
1.78626e+23
1.78626e+23
1.78626e+23
1.78626e+23
1.78626e+23
1.78626e+23
1.78626e+23
1.78626e+23
1.78626e+23
1.78626e+23
1.78626e+23
1.78626e+23
1.78626e+23
1.78626e+23
1.78626e+23
1.78626e+23
1.78626e+23
1.78626e+23
1.78626e+23
1.78626e+23
1.78626e+23
1.78626e+23
1.78626e+23
1.78626e+23
1.78626e+23
1.78626e+23
1.78626e+23
1.78626e+23
1.78626e+23
1.78626e+23
1.78626e+23
1.78626e+23
1.78626e+23
1.78626e+23
1.78626e+23
1.78626e+23
1.78626e+23
1.78626e+23
1.78626e+23
1.78626e+23
1.78626e+23
1.78626e+23
1.78626e+23
1.78626e+23
1.78626e+23
1.78626e+23
1.78626e+23
1.78626e+23
1.78626e+23
1.78626e+23
1.78626e+23
1.78626e+23
1.78626e+23
1.78626e+23
1.78626e+23
1.78626e+23
1.78626e+23
1.78626e+23
1.78626e+23
1.78626e+23
1.78626e+23
1.78626e+23
1.78626e+23
1.78626e+23
1.78626e+23
1.78626e+23
1.78626e+23
1.78626e+23
1.78626e+23
1.78626e+23
1.78626e+23
1.78626e+23
1.78626e+23
1.78626e+23
1.78626e+23
1.78626e+23
1.78626e+23
1.78626e+23
1.78626e+23
1.78626e+23
1.78626e+23
1.78626e+23
1.78626e+23
1.78626e+23
1.78626e+23
1.78626e+23
1.78626e+23
1.78626e+23
1.78626e+23
1.78626e+23
1.78626e+23
1.78626e+23
1.78626e+23
1.78626e+23
1.78626e+23
1.78626e+23
1.78626e+23
1.78626e+23
1.78626e+23
1.78626e+23
1.78626e+23
1.78626e+23
1.78626e+23
1.78626e+23
1.78626e+23
1.78626e+23
1.78626e+23
1.78626e+23
1.78626e+23
1.78626e+23
1.78626e+23
1.78626e+23
2.37938e+23
2.37938e+23
2.37938e+23
2.37938e+23
2.37938e+23
2.37938e+23
2.37938e+23
2.37938e+23
2.37938e+23
2.37938e+23
2.37938e+23
2.37938e+23
2.37938e+23
2.37938e+23
2.37938e+23
2.37938e+23
2.37938e+23
2.37938e+23
2.37938e+23
2.37938e+23
2.37938e+23
2.37938e+23
2.37938e+23
2.37938e+23
2.37938e+23
2.37938e+23
2.37938e+23
2.37938e+23
2.37938e+23
2.37938e+23
2.37938e+23
2.37938e+23
2.37938e+23
2.37938e+23
2.37938e+23
2.37938e+23
2.37938e+23
2.37938e+23
2.37938e+23
2.37938e+23
2.37938e+23
2.37938e+23
2.37938e+23
2.37938e+23
2.37938e+23
2.37938e+23
2.37938e+23
2.37938e+23
2.37938e+23
2.37938e+23
2.37938e+23
2.37938e+23
2.37938e+23
2.37938e+23
2.37938e+23
2.37938e+23
2.37938e+23
2.37938e+23
2.37938e+23
2.37938e+23
2.37938e+23
2.37938e+23
2.37938e+23
2.37938e+23
2.37938e+23
2.37938e+23
2.37938e+23
2.37938e+23
2.37938e+23
2.37938e+23
2.37938e+23
2.37938e+23
2.37938e+23
2.37938e+23
2.37938e+23
2.37938e+23
2.37938e+23
2.37938e+23
2.37938e+23
2.37938e+23
2.37938e+23
2.37938e+23
2.37938e+23
2.37938e+23
2.37938e+23
2.37938e+23
2.37938e+23
2.37938e+23
2.37938e+23
2.37938e+23
2.37938e+23
2.37938e+23
2.37938e+23
2.37938e+23
2.37938e+23
2.37938e+23
2.37938e+23
2.37938e+23
2.37938e+23
2.37938e+23
2.37938e+23
2.37938e+23
2.37938e+23
2.37938e+23
2.37938e+23
2.37938e+23
2.37938e+23
2.37938e+23
2.37938e+23
2.37938e+23
2.37938e+23
2.37938e+23
2.37938e+23
2.37938e+23
2.37938e+23
2.37938e+23
2.37938e+23
2.37938e+23
2.37938e+23
2.37938e+23
2.37938e+23
2.37938e+23
2.37938e+23
2.37938e+23
2.37938e+23
2.37938e+23
2.37938e+23
2.37938e+23
2.37938e+23
2.37938e+23
2.37938e+23
2.37938e+23
2.37938e+23
2.37938e+23
2.37938e+23
2.37938e+23
2.37938e+23
2.37938e+23
2.37938e+23
2.37938e+23
2.37938e+23
2.37938e+23
2.37938e+23
2.37938e+23
2.37938e+23
2.37938e+23
2.37938e+23
2.37938e+23
2.37938e+23
2.37938e+23
2.37938e+23
2.37938e+23
2.37938e+23
2.37938e+23
2.37938e+23
2.37938e+23
2.37938e+23
2.37938e+23
2.37938e+23
2.37938e+23
2.37938e+23
2.37938e+23
2.37938e+23
2.37938e+23
2.37938e+23
2.37938e+23
2.37938e+23
2.37938e+23
2.37938e+23
2.37938e+23
2.37938e+23
2.37938e+23
2.37938e+23
2.37938e+23
2.37938e+23
2.37938e+23
2.37938e+23
2.37938e+23
2.37938e+23
2.37938e+23
3.19931e+23
3.19931e+23
3.19931e+23
3.19931e+23
3.19931e+23
3.19931e+23
3.19931e+23
3.19931e+23
3.19931e+23
3.19931e+23
3.19931e+23
3.19931e+23
3.19931e+23
3.19931e+23
3.19931e+23
3.19931e+23
3.19931e+23
3.19931e+23
3.19931e+23
3.19931e+23
3.19931e+23
3.19931e+23
3.19931e+23
3.19931e+23
3.19931e+23
3.19931e+23
3.19931e+23
3.19931e+23
3.19931e+23
3.19931e+23
3.19931e+23
3.19931e+23
3.19931e+23
3.19931e+23
3.19931e+23
3.19931e+23
3.19931e+23
3.19931e+23
3.19931e+23
3.19931e+23
3.19931e+23
3.19931e+23
3.19931e+23
3.19931e+23
3.19931e+23
3.19931e+23
3.19931e+23
3.19931e+23
3.19931e+23
3.19931e+23
3.19931e+23
3.19931e+23
3.19931e+23
3.19931e+23
3.19931e+23
3.19931e+23
3.19931e+23
3.19931e+23
3.19931e+23
3.19931e+23
3.19931e+23
3.19931e+23
3.19931e+23
3.19931e+23
3.19931e+23
3.19931e+23
3.19931e+23
3.19931e+23
3.19931e+23
3.19931e+23
3.19931e+23
3.19931e+23
3.19931e+23
3.19931e+23
3.19931e+23
3.19931e+23
3.19931e+23
3.19931e+23
3.19931e+23
3.19931e+23
3.19931e+23
3.19931e+23
3.19931e+23
3.19931e+23
3.19931e+23
3.19931e+23
3.19931e+23
3.19931e+23
3.19931e+23
3.19931e+23
3.19931e+23
3.19931e+23
3.19931e+23
3.19931e+23
3.19931e+23
3.19931e+23
3.19931e+23
3.19931e+23
3.19931e+23
3.19931e+23
3.19931e+23
3.19931e+23
3.19931e+23
3.19931e+23
3.19931e+23
3.19931e+23
3.19931e+23
3.19931e+23
3.19931e+23
3.19931e+23
3.19931e+23
3.19931e+23
3.19931e+23
3.19931e+23
3.19931e+23
3.19931e+23
3.19931e+23
3.19931e+23
3.19931e+23
3.19931e+23
3.19931e+23
3.19931e+23
3.19931e+23
3.19931e+23
3.19931e+23
3.19931e+23
3.19931e+23
3.19931e+23
3.19931e+23
3.19931e+23
3.19931e+23
3.19931e+23
3.19931e+23
3.19931e+23
3.19931e+23
3.19931e+23
3.19931e+23
3.19931e+23
3.19931e+23
3.19931e+23
3.19931e+23
3.19931e+23
3.19931e+23
3.19931e+23
3.19931e+23
3.19931e+23
3.19931e+23
3.19931e+23
3.19931e+23
3.19931e+23
3.19931e+23
3.19931e+23
3.19931e+23
3.19931e+23
3.19931e+23
3.19931e+23
3.19931e+23
3.19931e+23
3.19931e+23
3.19931e+23
3.19957e+23
3.19955e+23
3.19951e+23
3.19947e+23
3.19942e+23
3.19938e+23
3.19935e+23
3.19933e+23
3.19932e+23
3.19932e+23
3.19931e+23
3.19931e+23
3.19931e+23
3.19931e+23
3.19931e+23
3.19931e+23
3.19931e+23
3.19931e+23
3.19931e+23
3.19931e+23
1.57608e+24
1.57749e+24
1.57979e+24
1.58227e+24
1.58456e+24
1.58644e+24
1.58782e+24
1.58871e+24
1.58916e+24
1.58925e+24
1.58907e+24
1.58872e+24
1.5883e+24
1.58786e+24
1.58746e+24
1.58713e+24
1.58688e+24
1.5867e+24
1.58658e+24
1.5865e+24
1.58645e+24
1.58642e+24
1.58641e+24
1.5864e+24
1.5864e+24
1.5864e+24
1.5864e+24
1.5864e+24
1.5864e+24
1.58639e+24
1.57457e+24
1.57627e+24
1.57899e+24
1.58191e+24
1.58457e+24
1.5867e+24
1.58824e+24
1.58918e+24
1.5896e+24
1.58961e+24
1.58933e+24
1.58888e+24
1.58837e+24
1.58787e+24
1.58744e+24
1.58709e+24
1.58684e+24
1.58666e+24
1.58655e+24
1.58648e+24
1.58644e+24
1.58642e+24
1.58641e+24
1.5864e+24
1.5864e+24
1.5864e+24
1.5864e+24
1.5864e+24
1.58639e+24
1.58639e+24
1.5751e+24
1.57672e+24
1.57932e+24
1.58213e+24
1.58469e+24
1.58675e+24
1.58822e+24
1.58912e+24
1.58952e+24
1.58952e+24
1.58925e+24
1.58881e+24
1.58831e+24
1.58782e+24
1.5874e+24
1.58707e+24
1.58682e+24
1.58665e+24
1.58654e+24
1.58648e+24
1.58644e+24
1.58642e+24
1.5864e+24
1.5864e+24
1.5864e+24
1.5864e+24
1.5864e+24
1.5864e+24
1.58639e+24
1.58639e+24
1.5744e+24
1.57614e+24
1.57893e+24
1.58191e+24
1.58461e+24
1.58678e+24
1.58833e+24
1.58927e+24
1.5897e+24
1.5897e+24
1.58941e+24
1.58895e+24
1.58843e+24
1.58791e+24
1.58747e+24
1.58711e+24
1.58685e+24
1.58667e+24
1.58655e+24
1.58648e+24
1.58644e+24
1.58642e+24
1.58641e+24
1.5864e+24
1.5864e+24
1.5864e+24
1.5864e+24
1.5864e+24
1.5864e+24
1.58639e+24
1.57811e+24
1.57924e+24
1.58113e+24
1.58322e+24
1.58515e+24
1.58672e+24
1.58785e+24
1.58853e+24
1.58882e+24
1.5888e+24
1.58856e+24
1.58821e+24
1.58781e+24
1.58744e+24
1.58712e+24
1.58688e+24
1.5867e+24
1.58658e+24
1.5865e+24
1.58645e+24
1.58642e+24
1.58641e+24
1.5864e+24
1.5864e+24
1.5864e+24
1.5864e+24
1.5864e+24
1.5864e+24
1.58639e+24
1.58639e+24
1.71553e+24
1.75052e+24
1.78271e+24
1.80589e+24
1.82109e+24
1.83057e+24
1.83612e+24
1.83891e+24
1.83967e+24
1.83891e+24
1.83702e+24
1.8344e+24
1.83145e+24
1.82854e+24
1.82598e+24
1.82395e+24
1.82249e+24
1.82151e+24
1.82092e+24
1.82058e+24
1.82039e+24
1.8203e+24
1.82026e+24
1.82024e+24
1.82023e+24
1.82023e+24
1.82023e+24
1.82023e+24
1.82023e+24
1.82023e+24
1.68784e+24
1.73656e+24
1.77781e+24
1.80562e+24
1.82289e+24
1.83326e+24
1.8392e+24
1.84212e+24
1.84288e+24
1.84202e+24
1.83993e+24
1.837e+24
1.83363e+24
1.83025e+24
1.82723e+24
1.8248e+24
1.82302e+24
1.82183e+24
1.82109e+24
1.82066e+24
1.82044e+24
1.82032e+24
1.82027e+24
1.82024e+24
1.82023e+24
1.82023e+24
1.82023e+24
1.82023e+24
1.82023e+24
1.82023e+24
1.68618e+24
1.73583e+24
1.77765e+24
1.80571e+24
1.82308e+24
1.83349e+24
1.83943e+24
1.84236e+24
1.84311e+24
1.84223e+24
1.84012e+24
1.83717e+24
1.83377e+24
1.83037e+24
1.82731e+24
1.82485e+24
1.82305e+24
1.82185e+24
1.8211e+24
1.82067e+24
1.82044e+24
1.82032e+24
1.82027e+24
1.82024e+24
1.82023e+24
1.82023e+24
1.82023e+24
1.82023e+24
1.82023e+24
1.82023e+24
1.68095e+24
1.73342e+24
1.77695e+24
1.80579e+24
1.82346e+24
1.83398e+24
1.83996e+24
1.84289e+24
1.84365e+24
1.84275e+24
1.84062e+24
1.83762e+24
1.83417e+24
1.83068e+24
1.82755e+24
1.82502e+24
1.82316e+24
1.82191e+24
1.82113e+24
1.82069e+24
1.82045e+24
1.82033e+24
1.82027e+24
1.82024e+24
1.82023e+24
1.82023e+24
1.82023e+24
1.82023e+24
1.82023e+24
1.82023e+24
1.6762e+24
1.73135e+24
1.77643e+24
1.80594e+24
1.82385e+24
1.83445e+24
1.84045e+24
1.84339e+24
1.84414e+24
1.84324e+24
1.84109e+24
1.83805e+24
1.83454e+24
1.83099e+24
1.82779e+24
1.82518e+24
1.82326e+24
1.82197e+24
1.82117e+24
1.82071e+24
1.82046e+24
1.82033e+24
1.82027e+24
1.82025e+24
1.82023e+24
1.82023e+24
1.82023e+24
1.82023e+24
1.82023e+24
1.82023e+24
1.71086e+24
1.74828e+24
1.78209e+24
1.80616e+24
1.82179e+24
1.83146e+24
1.83707e+24
1.83985e+24
1.84054e+24
1.83968e+24
1.83767e+24
1.83491e+24
1.83181e+24
1.82877e+24
1.82612e+24
1.82402e+24
1.82252e+24
1.82153e+24
1.82092e+24
1.82058e+24
1.82039e+24
1.8203e+24
1.82026e+24
1.82024e+24
1.82023e+24
1.82023e+24
1.82023e+24
1.82023e+24
1.82023e+24
1.82023e+24
1.34383e+24
1.77264e+24
1.99459e+24
2.05964e+24
2.0793e+24
2.08775e+24
2.09165e+24
2.09295e+24
2.0924e+24
2.09025e+24
2.08653e+24
2.08119e+24
2.07423e+24
2.06592e+24
2.05698e+24
2.0485e+24
2.04155e+24
2.0366e+24
2.03349e+24
2.03174e+24
2.03084e+24
2.03041e+24
2.03022e+24
2.03015e+24
2.03012e+24
2.03011e+24
2.0301e+24
2.0301e+24
2.0301e+24
2.0301e+24
1.25759e+24
1.7464e+24
1.99931e+24
2.06673e+24
2.08483e+24
2.09239e+24
2.09584e+24
2.09696e+24
2.0964e+24
2.09436e+24
2.09083e+24
2.0857e+24
2.07887e+24
2.07047e+24
2.06106e+24
2.05177e+24
2.04384e+24
2.03801e+24
2.03427e+24
2.03213e+24
2.03102e+24
2.03049e+24
2.03026e+24
2.03016e+24
2.03012e+24
2.03011e+24
2.0301e+24
2.0301e+24
2.0301e+24
2.0301e+24
1.24736e+24
1.74417e+24
2.00058e+24
2.06788e+24
2.08564e+24
2.09305e+24
2.09643e+24
2.09751e+24
2.09695e+24
2.09493e+24
2.09143e+24
2.08633e+24
2.07954e+24
2.07114e+24
2.06168e+24
2.05228e+24
2.0442e+24
2.03824e+24
2.0344e+24
2.03219e+24
2.03105e+24
2.0305e+24
2.03026e+24
2.03016e+24
2.03012e+24
2.03011e+24
2.0301e+24
2.0301e+24
2.0301e+24
2.0301e+24
1.23732e+24
1.74186e+24
2.00178e+24
2.06897e+24
2.08642e+24
2.09368e+24
2.09699e+24
2.09805e+24
2.09748e+24
2.09549e+24
2.09203e+24
2.08699e+24
2.08025e+24
2.07187e+24
2.06238e+24
2.05286e+24
2.04463e+24
2.03851e+24
2.03455e+24
2.03228e+24
2.03109e+24
2.03052e+24
2.03027e+24
2.03016e+24
2.03012e+24
2.03011e+24
2.0301e+24
2.0301e+24
2.0301e+24
2.0301e+24
1.30892e+24
1.76612e+24
1.99908e+24
2.06384e+24
2.08245e+24
2.09034e+24
2.09394e+24
2.09508e+24
2.09445e+24
2.09227e+24
2.08855e+24
2.08319e+24
2.07616e+24
2.06768e+24
2.05843e+24
2.04957e+24
2.04224e+24
2.03699e+24
2.03369e+24
2.03183e+24
2.03088e+24
2.03043e+24
2.03023e+24
2.03015e+24
2.03012e+24
2.03011e+24
2.0301e+24
2.0301e+24
2.0301e+24
2.0301e+24
8.8821e+23
1.71923e+24
2.18918e+24
2.27818e+24
2.2867e+24
2.28941e+24
2.29052e+24
2.29071e+24
2.29017e+24
2.2889e+24
2.28675e+24
2.28341e+24
2.27843e+24
2.27121e+24
2.26113e+24
2.24809e+24
2.23336e+24
2.21973e+24
2.20964e+24
2.2035e+24
2.20029e+24
2.1988e+24
2.19817e+24
2.19793e+24
2.19784e+24
2.19781e+24
2.1978e+24
2.1978e+24
2.1978e+24
2.1978e+24
8.15335e+23
1.67234e+24
2.18209e+24
2.28141e+24
2.28934e+24
2.29158e+24
2.29251e+24
2.29267e+24
2.29223e+24
2.29119e+24
2.28941e+24
2.28662e+24
2.28241e+24
2.27617e+24
2.26716e+24
2.2549e+24
2.24e+24
2.22497e+24
2.21297e+24
2.20527e+24
2.20112e+24
2.19915e+24
2.19831e+24
2.19798e+24
2.19786e+24
2.19782e+24
2.19781e+24
2.1978e+24
2.1978e+24
2.1978e+24
8.10042e+23
1.67014e+24
2.1824e+24
2.28196e+24
2.28971e+24
2.29189e+24
2.29278e+24
2.29293e+24
2.29251e+24
2.29149e+24
2.28976e+24
2.28705e+24
2.28295e+24
2.27684e+24
2.26799e+24
2.25586e+24
2.24097e+24
2.22577e+24
2.2135e+24
2.20556e+24
2.20125e+24
2.1992e+24
2.19833e+24
2.19798e+24
2.19786e+24
2.19782e+24
2.19781e+24
2.1978e+24
2.1978e+24
2.1978e+24
8.08459e+23
1.67067e+24
2.1833e+24
2.28241e+24
2.29e+24
2.29212e+24
2.29299e+24
2.29314e+24
2.29272e+24
2.29174e+24
2.29005e+24
2.28741e+24
2.28341e+24
2.27744e+24
2.26876e+24
2.2568e+24
2.24196e+24
2.22661e+24
2.21406e+24
2.20587e+24
2.2014e+24
2.19927e+24
2.19835e+24
2.19799e+24
2.19786e+24
2.19782e+24
2.19781e+24
2.1978e+24
2.1978e+24
2.1978e+24
8.77461e+23
1.71936e+24
2.19249e+24
2.2801e+24
2.28795e+24
2.29039e+24
2.29139e+24
2.29153e+24
2.291e+24
2.28979e+24
2.28773e+24
2.28453e+24
2.27974e+24
2.27272e+24
2.26282e+24
2.24981e+24
2.23486e+24
2.22079e+24
2.21025e+24
2.20379e+24
2.20042e+24
2.19885e+24
2.19819e+24
2.19793e+24
2.19784e+24
2.19781e+24
2.1978e+24
2.1978e+24
2.1978e+24
2.1978e+24
6.81493e+23
1.64882e+24
2.29779e+24
2.43519e+24
2.44186e+24
2.4428e+24
2.44317e+24
2.44321e+24
2.44299e+24
2.44248e+24
2.44161e+24
2.44019e+24
2.43794e+24
2.43434e+24
2.42858e+24
2.41942e+24
2.40558e+24
2.38707e+24
2.36759e+24
2.35257e+24
2.34377e+24
2.33955e+24
2.33778e+24
2.33712e+24
2.3369e+24
2.33683e+24
2.33681e+24
2.3368e+24
2.3368e+24
2.3368e+24
6.18464e+23
1.5853e+24
2.27686e+24
2.43519e+24
2.44288e+24
2.44365e+24
2.44396e+24
2.444e+24
2.44384e+24
2.44345e+24
2.44278e+24
2.4417e+24
2.43996e+24
2.43716e+24
2.43259e+24
2.42514e+24
2.41334e+24
2.39619e+24
2.37574e+24
2.35788e+24
2.34646e+24
2.3407e+24
2.33822e+24
2.33727e+24
2.33694e+24
2.33684e+24
2.33681e+24
2.3368e+24
2.3368e+24
2.3368e+24
6.22769e+23
1.59144e+24
2.27961e+24
2.43556e+24
2.44299e+24
2.44374e+24
2.44404e+24
2.44408e+24
2.44393e+24
2.44355e+24
2.4429e+24
2.44185e+24
2.44015e+24
2.43742e+24
2.43297e+24
2.42569e+24
2.41409e+24
2.3971e+24
2.3766e+24
2.35846e+24
2.34676e+24
2.34082e+24
2.33827e+24
2.33729e+24
2.33695e+24
2.33684e+24
2.33681e+24
2.3368e+24
2.3368e+24
2.3368e+24
6.17395e+23
1.58587e+24
2.27772e+24
2.43556e+24
2.44309e+24
2.44382e+24
2.44411e+24
2.44416e+24
2.444e+24
2.44364e+24
2.44301e+24
2.44199e+24
2.44035e+24
2.4377e+24
2.43337e+24
2.42628e+24
2.41494e+24
2.39818e+24
2.37765e+24
2.3592e+24
2.34715e+24
2.34099e+24
2.33833e+24
2.33731e+24
2.33696e+24
2.33684e+24
2.33681e+24
2.3368e+24
2.3368e+24
2.3368e+24
6.20592e+23
1.59049e+24
2.27981e+24
2.43585e+24
2.44319e+24
2.4439e+24
2.44418e+24
2.44423e+24
2.44408e+24
2.44373e+24
2.44312e+24
2.44213e+24
2.44054e+24
2.43798e+24
2.43378e+24
2.42689e+24
2.41582e+24
2.39933e+24
2.37881e+24
2.36002e+24
2.3476e+24
2.34119e+24
2.33841e+24
2.33734e+24
2.33696e+24
2.33685e+24
2.33681e+24
2.3368e+24
2.3368e+24
2.3368e+24
6.67481e+23
1.63994e+24
2.29685e+24
2.43625e+24
2.44264e+24
2.44344e+24
2.44375e+24
2.44379e+24
2.4436e+24
2.44317e+24
2.44243e+24
2.44124e+24
2.43932e+24
2.43624e+24
2.43123e+24
2.42312e+24
2.41045e+24
2.39257e+24
2.37227e+24
2.35549e+24
2.3452e+24
2.34014e+24
2.338e+24
2.3372e+24
2.33692e+24
2.33683e+24
2.33681e+24
2.3368e+24
2.3368e+24
2.3368e+24
5.69215e+23
1.57645e+24
2.34706e+24
2.53736e+24
2.54639e+24
2.54682e+24
2.54699e+24
2.54702e+24
2.54693e+24
2.54672e+24
2.54636e+24
2.54575e+24
2.54476e+24
2.54312e+24
2.54034e+24
2.53552e+24
2.52713e+24
2.51301e+24
2.49197e+24
2.46828e+24
2.4503e+24
2.44051e+24
2.43626e+24
2.43466e+24
2.43413e+24
2.43397e+24
2.43392e+24
2.43391e+24
2.43391e+24
2.43391e+24
5.18874e+23
1.51324e+24
2.32034e+24
2.53554e+24
2.54674e+24
2.54712e+24
2.54727e+24
2.5473e+24
2.54724e+24
2.54707e+24
2.54679e+24
2.54631e+24
2.54553e+24
2.54424e+24
2.54204e+24
2.53819e+24
2.53138e+24
2.51949e+24
2.50045e+24
2.47616e+24
2.45519e+24
2.44278e+24
2.43713e+24
2.43496e+24
2.43422e+24
2.43399e+24
2.43393e+24
2.43391e+24
2.43391e+24
2.43391e+24
5.22148e+23
1.51822e+24
2.3228e+24
2.53584e+24
2.54679e+24
2.54716e+24
2.54731e+24
2.54733e+24
2.54727e+24
2.54712e+24
2.54684e+24
2.54638e+24
2.54562e+24
2.54437e+24
2.54224e+24
2.5385e+24
2.53187e+24
2.52026e+24
2.5015e+24
2.47719e+24
2.45586e+24
2.44309e+24
2.43725e+24
2.435e+24
2.43423e+24
2.43399e+24
2.43393e+24
2.43391e+24
2.43391e+24
2.43391e+24
5.30087e+23
1.52949e+24
2.32808e+24
2.53639e+24
2.54684e+24
2.5472e+24
2.54734e+24
2.54737e+24
2.54731e+24
2.54716e+24
2.54689e+24
2.54644e+24
2.54571e+24
2.5445e+24
2.54244e+24
2.53883e+24
2.53241e+24
2.52112e+24
2.50271e+24
2.47844e+24
2.45669e+24
2.4435e+24
2.43741e+24
2.43505e+24
2.43425e+24
2.434e+24
2.43393e+24
2.43391e+24
2.43391e+24
2.43391e+24
5.72239e+23
1.58246e+24
2.35036e+24
2.53796e+24
2.54661e+24
2.547e+24
2.54715e+24
2.54718e+24
2.5471e+24
2.54692e+24
2.54659e+24
2.54606e+24
2.54518e+24
2.54372e+24
2.54124e+24
2.53691e+24
2.52929e+24
2.51622e+24
2.49599e+24
2.4718e+24
2.45236e+24
2.44143e+24
2.4366e+24
2.43477e+24
2.43416e+24
2.43397e+24
2.43392e+24
2.43391e+24
2.43391e+24
2.43391e+24
5.20267e+23
1.53688e+24
2.36714e+24
2.58949e+24
2.60089e+24
2.60119e+24
2.6013e+24
2.60132e+24
2.60127e+24
2.60115e+24
2.60093e+24
2.60057e+24
2.59997e+24
2.59897e+24
2.59725e+24
2.59417e+24
2.58854e+24
2.57828e+24
2.56062e+24
2.53544e+24
2.51122e+24
2.49607e+24
2.48909e+24
2.48644e+24
2.48556e+24
2.48529e+24
2.48522e+24
2.4852e+24
2.4852e+24
2.4852e+24
4.72669e+23
1.47139e+24
2.33664e+24
2.58677e+24
2.60109e+24
2.60137e+24
2.60146e+24
2.60149e+24
2.60145e+24
2.60136e+24
2.60119e+24
2.60091e+24
2.60044e+24
2.59966e+24
2.59832e+24
2.59591e+24
2.59148e+24
2.58322e+24
2.56833e+24
2.54484e+24
2.51847e+24
2.49981e+24
2.49059e+24
2.48695e+24
2.48571e+24
2.48533e+24
2.48523e+24
2.4852e+24
2.4852e+24
2.4852e+24
4.69271e+23
1.46668e+24
2.33441e+24
2.58658e+24
2.60112e+24
2.60139e+24
2.60149e+24
2.60151e+24
2.60148e+24
2.60139e+24
2.60122e+24
2.60095e+24
2.6005e+24
2.59975e+24
2.59844e+24
2.59612e+24
2.59183e+24
2.58383e+24
2.56931e+24
2.54611e+24
2.51953e+24
2.50037e+24
2.49081e+24
2.48703e+24
2.48573e+24
2.48534e+24
2.48523e+24
2.4852e+24
2.4852e+24
2.4852e+24
4.74885e+23
1.47527e+24
2.33878e+24
2.58708e+24
2.60115e+24
2.60141e+24
2.6015e+24
2.60153e+24
2.60149e+24
2.60141e+24
2.60125e+24
2.60098e+24
2.60055e+24
2.59982e+24
2.59856e+24
2.5963e+24
2.59215e+24
2.58439e+24
2.57023e+24
2.54736e+24
2.52061e+24
2.50097e+24
2.49106e+24
2.48711e+24
2.48576e+24
2.48535e+24
2.48523e+24
2.4852e+24
2.4852e+24
2.4852e+24
5.23598e+23
1.54246e+24
2.37006e+24
2.58991e+24
2.60099e+24
2.60126e+24
2.60137e+24
2.60139e+24
2.60135e+24
2.60124e+24
2.60104e+24
2.60071e+24
2.60016e+24
2.59925e+24
2.59767e+24
2.59485e+24
2.58969e+24
2.58018e+24
2.56349e+24
2.53874e+24
2.5136e+24
2.49723e+24
2.48954e+24
2.48659e+24
2.4856e+24
2.4853e+24
2.48522e+24
2.4852e+24
2.4852e+24
2.4852e+24
5.07256e+23
1.52373e+24
2.36699e+24
2.59714e+24
2.60916e+24
2.60942e+24
2.60951e+24
2.60954e+24
2.6095e+24
2.6094e+24
2.60922e+24
2.60893e+24
2.60845e+24
2.60764e+24
2.60623e+24
2.60371e+24
2.59905e+24
2.59036e+24
2.57472e+24
2.55046e+24
2.52421e+24
2.50634e+24
2.49776e+24
2.49445e+24
2.49334e+24
2.493e+24
2.49291e+24
2.49289e+24
2.49289e+24
2.49289e+24
4.5194e+23
1.44536e+24
2.32938e+24
2.59353e+24
2.60935e+24
2.60959e+24
2.60967e+24
2.60969e+24
2.60967e+24
2.6096e+24
2.60947e+24
2.60925e+24
2.60889e+24
2.60829e+24
2.60725e+24
2.60538e+24
2.60192e+24
2.59533e+24
2.58297e+24
2.56178e+24
2.53424e+24
2.51196e+24
2.50009e+24
2.49525e+24
2.49358e+24
2.49307e+24
2.49293e+24
2.4929e+24
2.49289e+24
2.49289e+24
4.47946e+23
1.43952e+24
2.32647e+24
2.59324e+24
2.60937e+24
2.60961e+24
2.60969e+24
2.60971e+24
2.60969e+24
2.60962e+24
2.60949e+24
2.60928e+24
2.60893e+24
2.60835e+24
2.60734e+24
2.60554e+24
2.60218e+24
2.59579e+24
2.58375e+24
2.56291e+24
2.53534e+24
2.51261e+24
2.50037e+24
2.49535e+24
2.49361e+24
2.49308e+24
2.49293e+24
2.4929e+24
2.49289e+24
2.49289e+24
4.45235e+23
1.43562e+24
2.32455e+24
2.59306e+24
2.60938e+24
2.60962e+24
2.6097e+24
2.60973e+24
2.6097e+24
2.60964e+24
2.60951e+24
2.60931e+24
2.60897e+24
2.60841e+24
2.60743e+24
2.60569e+24
2.60244e+24
2.59625e+24
2.58454e+24
2.5641e+24
2.53654e+24
2.51334e+24
2.50068e+24
2.49546e+24
2.49365e+24
2.49309e+24
2.49294e+24
2.4929e+24
2.49289e+24
2.49289e+24
4.35407e+23
1.42057e+24
2.31675e+24
2.59218e+24
2.60939e+24
2.60964e+24
2.60971e+24
2.60974e+24
2.60972e+24
2.60965e+24
2.60953e+24
2.60933e+24
2.60901e+24
2.60846e+24
2.60752e+24
2.60583e+24
2.60268e+24
2.59669e+24
2.58532e+24
2.56531e+24
2.53782e+24
2.51415e+24
2.50104e+24
2.49559e+24
2.49369e+24
2.4931e+24
2.49294e+24
2.4929e+24
2.49289e+24
2.49289e+24
4.76735e+23
1.48154e+24
2.34726e+24
2.59537e+24
2.60929e+24
2.60954e+24
2.60962e+24
2.60964e+24
2.60962e+24
2.60954e+24
2.60939e+24
2.60915e+24
2.60876e+24
2.6081e+24
2.60695e+24
2.6049e+24
2.6011e+24
2.59392e+24
2.58059e+24
2.55835e+24
2.53097e+24
2.51002e+24
2.49926e+24
2.49496e+24
2.49349e+24
2.49305e+24
2.49292e+24
2.49289e+24
2.49289e+24
2.49289e+24
5.02265e+23
1.50461e+24
2.33378e+24
2.55925e+24
2.57098e+24
2.57124e+24
2.57134e+24
2.57136e+24
2.57133e+24
2.57123e+24
2.57106e+24
2.57077e+24
2.5703e+24
2.56952e+24
2.56818e+24
2.56579e+24
2.56141e+24
2.55329e+24
2.53872e+24
2.51574e+24
2.48978e+24
2.4712e+24
2.46193e+24
2.45824e+24
2.45697e+24
2.45658e+24
2.45647e+24
2.45645e+24
2.45644e+24
2.45644e+24
4.51778e+23
1.4334e+24
2.29981e+24
2.55602e+24
2.57114e+24
2.57139e+24
2.57147e+24
2.5715e+24
2.57148e+24
2.5714e+24
2.57127e+24
2.57105e+24
2.57069e+24
2.57008e+24
2.56905e+24
2.5672e+24
2.56382e+24
2.55746e+24
2.54562e+24
2.52539e+24
2.4987e+24
2.47641e+24
2.46416e+24
2.45903e+24
2.45722e+24
2.45665e+24
2.45649e+24
2.45645e+24
2.45644e+24
2.45644e+24
4.34005e+23
1.40638e+24
2.28593e+24
2.55447e+24
2.57114e+24
2.5714e+24
2.57149e+24
2.57151e+24
2.57149e+24
2.57142e+24
2.57129e+24
2.57107e+24
2.57072e+24
2.57013e+24
2.56913e+24
2.56734e+24
2.56404e+24
2.55785e+24
2.54628e+24
2.52638e+24
2.4997e+24
2.47703e+24
2.46443e+24
2.45913e+24
2.45725e+24
2.45666e+24
2.45649e+24
2.45645e+24
2.45644e+24
2.45644e+24
4.22697e+23
1.38885e+24
2.27674e+24
2.55341e+24
2.57115e+24
2.57141e+24
2.5715e+24
2.57152e+24
2.5715e+24
2.57143e+24
2.57131e+24
2.5711e+24
2.57076e+24
2.57018e+24
2.56921e+24
2.56747e+24
2.56428e+24
2.55827e+24
2.54702e+24
2.52751e+24
2.5009e+24
2.4778e+24
2.46478e+24
2.45926e+24
2.45729e+24
2.45667e+24
2.4565e+24
2.45645e+24
2.45644e+24
2.45644e+24
4.6493e+23
1.45172e+24
2.30855e+24
2.5568e+24
2.57104e+24
2.5713e+24
2.5714e+24
2.57142e+24
2.57139e+24
2.57131e+24
2.57116e+24
2.57091e+24
2.57049e+24
2.5698e+24
2.56862e+24
2.56653e+24
2.56269e+24
2.55553e+24
2.54242e+24
2.52085e+24
2.49434e+24
2.47379e+24
2.46302e+24
2.45863e+24
2.45709e+24
2.45662e+24
2.45648e+24
2.45645e+24
2.45644e+24
2.45644e+24
5.23149e+23
1.50208e+24
2.27791e+24
2.4779e+24
2.48772e+24
2.48807e+24
2.4882e+24
2.48823e+24
2.48818e+24
2.48805e+24
2.48781e+24
2.48742e+24
2.48678e+24
2.48572e+24
2.48394e+24
2.48085e+24
2.47536e+24
2.46568e+24
2.44949e+24
2.42668e+24
2.40406e+24
2.38911e+24
2.3818e+24
2.37886e+24
2.37782e+24
2.37749e+24
2.3774e+24
2.37737e+24
2.37736e+24
2.37736e+24
4.71821e+23
1.43358e+24
2.24709e+24
2.47535e+24
2.48796e+24
2.48827e+24
2.48839e+24
2.48842e+24
2.48839e+24
2.48829e+24
2.4881e+24
2.48779e+24
2.48729e+24
2.48647e+24
2.48508e+24
2.48267e+24
2.47836e+24
2.47059e+24
2.457e+24
2.43592e+24
2.41161e+24
2.39329e+24
2.38359e+24
2.37951e+24
2.37803e+24
2.37755e+24
2.37741e+24
2.37737e+24
2.37736e+24
2.37736e+24
4.49952e+23
1.40178e+24
2.23153e+24
2.47374e+24
2.48796e+24
2.48829e+24
2.48841e+24
2.48844e+24
2.48841e+24
2.48831e+24
2.48813e+24
2.48783e+24
2.48734e+24
2.48654e+24
2.48519e+24
2.48284e+24
2.47865e+24
2.47107e+24
2.45777e+24
2.43694e+24
2.41251e+24
2.39381e+24
2.38382e+24
2.37959e+24
2.37806e+24
2.37756e+24
2.37741e+24
2.37737e+24
2.37737e+24
2.37736e+24
4.35063e+23
1.37948e+24
2.22024e+24
2.47251e+24
2.48797e+24
2.4883e+24
2.48842e+24
2.48845e+24
2.48842e+24
2.48833e+24
2.48815e+24
2.48786e+24
2.48738e+24
2.4866e+24
2.48528e+24
2.48299e+24
2.4789e+24
2.47151e+24
2.45849e+24
2.43792e+24
2.41343e+24
2.39436e+24
2.38407e+24
2.37969e+24
2.37809e+24
2.37757e+24
2.37742e+24
2.37738e+24
2.37737e+24
2.37736e+24
4.84976e+23
1.44994e+24
2.25409e+24
2.47572e+24
2.48775e+24
2.4881e+24
2.48824e+24
2.48827e+24
2.48823e+24
2.48811e+24
2.48788e+24
2.48752e+24
2.48692e+24
2.48595e+24
2.4843e+24
2.48145e+24
2.4764e+24
2.46744e+24
2.45224e+24
2.43003e+24
2.40673e+24
2.39056e+24
2.38242e+24
2.37908e+24
2.37789e+24
2.37751e+24
2.3774e+24
2.37737e+24
2.37736e+24
2.37736e+24
5.72152e+23
1.50792e+24
2.19083e+24
2.35029e+24
2.3578e+24
2.35841e+24
2.35866e+24
2.35872e+24
2.35862e+24
2.35836e+24
2.35791e+24
2.35718e+24
2.35602e+24
2.35415e+24
2.35109e+24
2.34605e+24
2.33775e+24
2.32467e+24
2.30633e+24
2.2863e+24
2.27066e+24
2.2616e+24
2.25733e+24
2.25559e+24
2.25496e+24
2.25475e+24
2.25468e+24
2.25466e+24
2.25466e+24
2.25466e+24
5.13599e+23
1.43835e+24
2.1632e+24
2.34878e+24
2.35831e+24
2.35884e+24
2.35906e+24
2.35912e+24
2.35905e+24
2.35886e+24
2.35852e+24
2.35796e+24
2.35707e+24
2.35564e+24
2.35329e+24
2.34938e+24
2.34282e+24
2.33204e+24
2.31564e+24
2.29509e+24
2.27653e+24
2.26457e+24
2.25859e+24
2.25606e+24
2.25512e+24
2.2548e+24
2.2547e+24
2.25467e+24
2.25466e+24
2.25466e+24
4.97367e+23
1.41716e+24
2.1539e+24
2.34801e+24
2.35836e+24
2.35889e+24
2.3591e+24
2.35916e+24
2.3591e+24
2.35891e+24
2.35858e+24
2.35804e+24
2.35717e+24
2.35577e+24
2.35349e+24
2.34968e+24
2.34328e+24
2.33271e+24
2.31653e+24
2.29599e+24
2.27716e+24
2.26491e+24
2.25873e+24
2.25612e+24
2.25514e+24
2.2548e+24
2.2547e+24
2.25467e+24
2.25466e+24
2.25466e+24
4.94107e+23
1.41326e+24
2.15231e+24
2.34794e+24
2.35841e+24
2.35893e+24
2.35914e+24
2.3592e+24
2.35914e+24
2.35896e+24
2.35863e+24
2.35811e+24
2.35726e+24
2.35591e+24
2.35368e+24
2.34997e+24
2.34373e+24
2.33338e+24
2.31743e+24
2.29692e+24
2.27783e+24
2.26526e+24
2.25889e+24
2.25617e+24
2.25516e+24
2.25481e+24
2.2547e+24
2.25467e+24
2.25466e+24
2.25466e+24
4.74207e+23
1.38597e+24
2.13974e+24
2.34676e+24
2.35842e+24
2.35895e+24
2.35916e+24
2.35922e+24
2.35916e+24
2.35899e+24
2.35867e+24
2.35816e+24
2.35733e+24
2.35601e+24
2.35384e+24
2.35022e+24
2.34412e+24
2.334e+24
2.31829e+24
2.29786e+24
2.27853e+24
2.26564e+24
2.25906e+24
2.25624e+24
2.25518e+24
2.25481e+24
2.2547e+24
2.25467e+24
2.25466e+24
2.25466e+24
5.17012e+23
1.44053e+24
2.16337e+24
2.34845e+24
2.35808e+24
2.35866e+24
2.3589e+24
2.35896e+24
2.35889e+24
2.35868e+24
2.3583e+24
2.3577e+24
2.35673e+24
2.35517e+24
2.35263e+24
2.34842e+24
2.34142e+24
2.33005e+24
2.31315e+24
2.29269e+24
2.27489e+24
2.26374e+24
2.25824e+24
2.25593e+24
2.25507e+24
2.25478e+24
2.25469e+24
2.25467e+24
2.25466e+24
2.25466e+24
6.60831e+23
1.51087e+24
2.06314e+24
2.17831e+24
2.18523e+24
2.18666e+24
2.18727e+24
2.18742e+24
2.18722e+24
2.18667e+24
2.1857e+24
2.18417e+24
2.18181e+24
2.17821e+24
2.17275e+24
2.16462e+24
2.15309e+24
2.13838e+24
2.12287e+24
2.11014e+24
2.10189e+24
2.09744e+24
2.09536e+24
2.09448e+24
2.09413e+24
2.09401e+24
2.09397e+24
2.09396e+24
2.09396e+24
2.09396e+24
6.02293e+23
1.45534e+24
2.04617e+24
2.17874e+24
2.18635e+24
2.1876e+24
2.18814e+24
2.18829e+24
2.18814e+24
2.18771e+24
2.18694e+24
2.18571e+24
2.18381e+24
2.18089e+24
2.17641e+24
2.16958e+24
2.15951e+24
2.14577e+24
2.12974e+24
2.11506e+24
2.10471e+24
2.09882e+24
2.09595e+24
2.09471e+24
2.09422e+24
2.09404e+24
2.09398e+24
2.09396e+24
2.09396e+24
2.09396e+24
5.87362e+23
1.43918e+24
2.04034e+24
2.17847e+24
2.18646e+24
2.1877e+24
2.18823e+24
2.18838e+24
2.18824e+24
2.18782e+24
2.18707e+24
2.18587e+24
2.18401e+24
2.18116e+24
2.17677e+24
2.17007e+24
2.16015e+24
2.14652e+24
2.13046e+24
2.1156e+24
2.10502e+24
2.09897e+24
2.09601e+24
2.09473e+24
2.09423e+24
2.09404e+24
2.09398e+24
2.09396e+24
2.09396e+24
2.09396e+24
5.74303e+23
1.42461e+24
2.0349e+24
2.17818e+24
2.18654e+24
2.18777e+24
2.1883e+24
2.18845e+24
2.18832e+24
2.18791e+24
2.18718e+24
2.18601e+24
2.1842e+24
2.18141e+24
2.17712e+24
2.17056e+24
2.16081e+24
2.14733e+24
2.13127e+24
2.11622e+24
2.1054e+24
2.09916e+24
2.0961e+24
2.09477e+24
2.09424e+24
2.09405e+24
2.09398e+24
2.09396e+24
2.09396e+24
2.09396e+24
6.17637e+23
1.46657e+24
2.04833e+24
2.17789e+24
2.18565e+24
2.18704e+24
2.18764e+24
2.1878e+24
2.18764e+24
2.18717e+24
2.18632e+24
2.18497e+24
2.18288e+24
2.17969e+24
2.17483e+24
2.16752e+24
2.15691e+24
2.14281e+24
2.12699e+24
2.11309e+24
2.10358e+24
2.09827e+24
2.09572e+24
2.09462e+24
2.09419e+24
2.09403e+24
2.09398e+24
2.09396e+24
2.09396e+24
2.09396e+24
9.05694e+23
1.53887e+24
1.88886e+24
1.96437e+24
1.97657e+24
1.98111e+24
1.98318e+24
1.98389e+24
1.98361e+24
1.98247e+24
1.98039e+24
1.97722e+24
1.97269e+24
1.9665e+24
1.95845e+24
1.94874e+24
1.93824e+24
1.92848e+24
1.92081e+24
1.91567e+24
1.91264e+24
1.91104e+24
1.91027e+24
1.90992e+24
1.90978e+24
1.90972e+24
1.9097e+24
1.9097e+24
1.90969e+24
1.90969e+24
8.25293e+23
1.49488e+24
1.8849e+24
1.96871e+24
1.97998e+24
1.98392e+24
1.98572e+24
1.98635e+24
1.98615e+24
1.9852e+24
1.98346e+24
1.98076e+24
1.97685e+24
1.97138e+24
1.96405e+24
1.95475e+24
1.94403e+24
1.93327e+24
1.92417e+24
1.9177e+24
1.91373e+24
1.91157e+24
1.91051e+24
1.91002e+24
1.90982e+24
1.90974e+24
1.90971e+24
1.9097e+24
1.90969e+24
1.90969e+24
8.12181e+23
1.48623e+24
1.88329e+24
1.96911e+24
1.98036e+24
1.98424e+24
1.98601e+24
1.98663e+24
1.98643e+24
1.98551e+24
1.9838e+24
1.98115e+24
1.9773e+24
1.97191e+24
1.96465e+24
1.9554e+24
1.94466e+24
1.9338e+24
1.92455e+24
1.91793e+24
1.91385e+24
1.91163e+24
1.91053e+24
1.91003e+24
1.90982e+24
1.90974e+24
1.90971e+24
1.9097e+24
1.90969e+24
1.90969e+24
8.02188e+23
1.47915e+24
1.88178e+24
1.96934e+24
1.98061e+24
1.98445e+24
1.98621e+24
1.98682e+24
1.98664e+24
1.98573e+24
1.98405e+24
1.98144e+24
1.97765e+24
1.97234e+24
1.96516e+24
1.95597e+24
1.94524e+24
1.93431e+24
1.92492e+24
1.91816e+24
1.91398e+24
1.9117e+24
1.91056e+24
1.91005e+24
1.90983e+24
1.90974e+24
1.90971e+24
1.9097e+24
1.90969e+24
1.90969e+24
8.7266e+23
1.51608e+24
1.8842e+24
1.96498e+24
1.97728e+24
1.98176e+24
1.98381e+24
1.98454e+24
1.98433e+24
1.9833e+24
1.98139e+24
1.97844e+24
1.9742e+24
1.96837e+24
1.96069e+24
1.95123e+24
1.94069e+24
1.93054e+24
1.92228e+24
1.91657e+24
1.91313e+24
1.91128e+24
1.91038e+24
1.90997e+24
1.9098e+24
1.90973e+24
1.9097e+24
1.9097e+24
1.90969e+24
1.90969e+24
1.36797e+24
1.54475e+24
1.65406e+24
1.70568e+24
1.72919e+24
1.74088e+24
1.74696e+24
1.74984e+24
1.75061e+24
1.74975e+24
1.74754e+24
1.74414e+24
1.73974e+24
1.73465e+24
1.72931e+24
1.72426e+24
1.71998e+24
1.71671e+24
1.71445e+24
1.71302e+24
1.71218e+24
1.71173e+24
1.7115e+24
1.71138e+24
1.71133e+24
1.71131e+24
1.7113e+24
1.7113e+24
1.7113e+24
1.7113e+24
1.27096e+24
1.51231e+24
1.65454e+24
1.71286e+24
1.73607e+24
1.74694e+24
1.75248e+24
1.75508e+24
1.75573e+24
1.7549e+24
1.75277e+24
1.74945e+24
1.74503e+24
1.73972e+24
1.73388e+24
1.72806e+24
1.72286e+24
1.71869e+24
1.7157e+24
1.71375e+24
1.71258e+24
1.71193e+24
1.71159e+24
1.71143e+24
1.71135e+24
1.71132e+24
1.71131e+24
1.7113e+24
1.7113e+24
1.7113e+24
1.26047e+24
1.50866e+24
1.65453e+24
1.71357e+24
1.73675e+24
1.74754e+24
1.75302e+24
1.75559e+24
1.75623e+24
1.75539e+24
1.75326e+24
1.74994e+24
1.74552e+24
1.74019e+24
1.7343e+24
1.72841e+24
1.72312e+24
1.71887e+24
1.71581e+24
1.71381e+24
1.71261e+24
1.71195e+24
1.7116e+24
1.71143e+24
1.71135e+24
1.71132e+24
1.71131e+24
1.7113e+24
1.7113e+24
1.7113e+24
1.25279e+24
1.50626e+24
1.65479e+24
1.71425e+24
1.73733e+24
1.74804e+24
1.75347e+24
1.756e+24
1.75663e+24
1.75579e+24
1.75367e+24
1.75035e+24
1.74593e+24
1.74058e+24
1.73466e+24
1.72871e+24
1.72335e+24
1.71903e+24
1.71592e+24
1.71387e+24
1.71265e+24
1.71196e+24
1.71161e+24
1.71143e+24
1.71136e+24
1.71132e+24
1.71131e+24
1.7113e+24
1.7113e+24
1.7113e+24
1.24308e+24
1.5029e+24
1.65485e+24
1.71491e+24
1.73792e+24
1.74854e+24
1.75392e+24
1.75643e+24
1.75705e+24
1.75621e+24
1.75411e+24
1.75081e+24
1.7464e+24
1.74105e+24
1.7351e+24
1.72909e+24
1.72365e+24
1.71925e+24
1.71605e+24
1.71395e+24
1.71269e+24
1.71199e+24
1.71162e+24
1.71144e+24
1.71136e+24
1.71132e+24
1.71131e+24
1.7113e+24
1.7113e+24
1.7113e+24
1.30509e+24
1.5227e+24
1.65332e+24
1.70972e+24
1.73328e+24
1.74455e+24
1.75033e+24
1.75308e+24
1.75381e+24
1.75301e+24
1.75089e+24
1.74757e+24
1.7432e+24
1.73799e+24
1.73234e+24
1.7268e+24
1.72191e+24
1.71805e+24
1.7153e+24
1.71352e+24
1.71246e+24
1.71187e+24
1.71156e+24
1.71142e+24
1.71135e+24
1.71132e+24
1.71131e+24
1.7113e+24
1.7113e+24
1.7113e+24
1.47314e+24
1.50467e+24
1.53468e+24
1.55702e+24
1.57211e+24
1.58185e+24
1.58787e+24
1.59127e+24
1.59277e+24
1.59283e+24
1.5918e+24
1.58995e+24
1.58758e+24
1.58499e+24
1.58246e+24
1.58022e+24
1.57841e+24
1.57706e+24
1.57613e+24
1.57553e+24
1.57516e+24
1.57496e+24
1.57484e+24
1.57479e+24
1.57476e+24
1.57475e+24
1.57474e+24
1.57474e+24
1.57474e+24
1.57474e+24
1.44082e+24
1.48787e+24
1.52834e+24
1.5561e+24
1.57363e+24
1.58441e+24
1.59087e+24
1.59446e+24
1.59604e+24
1.5961e+24
1.59499e+24
1.59299e+24
1.59037e+24
1.58742e+24
1.58445e+24
1.58175e+24
1.57951e+24
1.5778e+24
1.57659e+24
1.5758e+24
1.57532e+24
1.57504e+24
1.57489e+24
1.57481e+24
1.57477e+24
1.57475e+24
1.57474e+24
1.57474e+24
1.57474e+24
1.57474e+24
1.43669e+24
1.48581e+24
1.52761e+24
1.55604e+24
1.57385e+24
1.58473e+24
1.59123e+24
1.59484e+24
1.59642e+24
1.59648e+24
1.59535e+24
1.59333e+24
1.59067e+24
1.58768e+24
1.58467e+24
1.58192e+24
1.57963e+24
1.57788e+24
1.57664e+24
1.57583e+24
1.57533e+24
1.57505e+24
1.57489e+24
1.57481e+24
1.57477e+24
1.57475e+24
1.57474e+24
1.57474e+24
1.57474e+24
1.57474e+24
1.42563e+24
1.47754e+24
1.5221e+24
1.55254e+24
1.5716e+24
1.58325e+24
1.59022e+24
1.59414e+24
1.59593e+24
1.59614e+24
1.59514e+24
1.5932e+24
1.59061e+24
1.58766e+24
1.58468e+24
1.58194e+24
1.57965e+24
1.5779e+24
1.57666e+24
1.57584e+24
1.57534e+24
1.57505e+24
1.57489e+24
1.57481e+24
1.57477e+24
1.57475e+24
1.57474e+24
1.57474e+24
1.57474e+24
1.57474e+24
1.45852e+24
1.49919e+24
1.53475e+24
1.55954e+24
1.57545e+24
1.58534e+24
1.59129e+24
1.59457e+24
1.59593e+24
1.59584e+24
1.59463e+24
1.59256e+24
1.58991e+24
1.58697e+24
1.58406e+24
1.58143e+24
1.57927e+24
1.57763e+24
1.57648e+24
1.57574e+24
1.57528e+24
1.57502e+24
1.57488e+24
1.5748e+24
1.57477e+24
1.57475e+24
1.57474e+24
1.57474e+24
1.57474e+24
1.57474e+24
0
0
0
0
0
0
0
0
0
0
0
0
0
0
0
0
0
0
0
0
0
0
0
0
0
0
0
0
0
0
0
0
0
0
0
0
0
0
0
0
0
0
0
0
0
0
0
0
0
0
0
0
0
0
0
0
0
0
0
0
0
0
0
0
0
0
0
0
0
0
0
0
0
0
0
0
0
0
0
0
0
0
0
0
0
0
0
0
0
0
0
0
0
0
0
0
0
0
0
0
0
0
0
0
0
0
0
0
0
0
0
0
0
0
0
0
0
0
0
0
0
0
0
0
0
0
0
0
0
0
0
0
0
0
0
0
0
0
0
0
0
0
0
0
0
0
0
0
0
0
0
0
0
0
0
0
0
0
0
0
0
0
0
0
0
0
0
0
0
0
0
0
0
0
0
0
0
0
0
0
0
0
0
0
0
0
0
0
0
0
0
0
0
0
0
0
0
0
0
0
0
0
0
0
0
0
0
0
0
0
0
0
0
0
0
0
0
0
0
0
0
0
0
0
0
0
0
0
0
0
0
0
0
0
0
0
0
0
0
0
0
0
0
0
0
0
0
0
0
0
0
0
0
0
0
0
0
0
0
0
0
0
0
0
0
0
0
0
0
0
0
0
0
0
0
0
0
0
0
0
0
0
0
0
0
0
0
0
0
0
0
0
0
0
0
0
0
0
0
0
0
0
0
0
0
0
0
0
0
0
0
0
0
0
0
0
0
0
0
0
0
0
0
0
0
0
0
0
0
0
0
0
0
0
0
0
0
0
0
0
0
0
0
0
0
0
0
0
0
0
0
0
0
0
0
0
0
0
0
0
0
0
0
0
0
0
0
0
0
0
0
0
0
0
0
0
0
0
0
0
0
0
0
0
0
0
0
0
0
0
0
0
0
0
0
0
0
0
0
0
0
0
0
0
0
0
0
0
0
0
0
0
0
0
0
0
0
0
0
0
0
0
0
0
0
0
0
0
0
0
0
0
0
0
0
0
0
0
0
0
0
0
0
0
0
0
0
0
0
0
0
0
0
0
0
0
0
0
0
0
0
0
0
0
0
0
0
0
0
0
0
0
0
0
0
0
0
0
0
0
0
0
0
0
0
0
0
0
0
0
0
0
0
0
0
0
0
0
0
0
0
0
0
0
0
0
0
0
0
0
0
0
0
0
0
0
0
0
0
0
0
0
0
0
0
0
0
0
0
0
0
0
0
0
0
0
0
0
0
0
0
0
0
0
0
0
0
0
0
0
0
0
0
0
0
0
0
0
0
0
0
0
0
0
0
0
0
0
0
0
0
0
0
0
0
0
0
0
0
0
0
0
0
0
0
0
0
0
0
0
0
0
0
0
0
0
0
0
0
0
0
0
0
0
0
0
0
0
0
0
0
0
0
0
0
0
0
0
0
0
0
0
0
0
0
0
0
0
0
0
0
0
0
0
0
0
0
0
0
0
0
0
0
0
0
0
0
0
0
0
0
0
0
0
0
0
0
0
0
0
0
0
0
0
0
0
0
0
0
0
0
0
0
0
0
0
0
0
0
0
0
0
0
0
0
0
0
0
0
0
0
0
0
0
0
0
0
0
0
0
0
0
0
0
0
0
0
0
0
0
0
0
0
0
0
0
0
0
0
0
0
0
0
0
0
0
0
0
0
0
0
0
0
0
0
0
0
0
0
0
0
0
0
0
0
0
0
0
0
0
0
0
0
0
0
0
0
0
0
0
0
0
0
0
0
0
0
0
0
0
0
0
0
0
0
0
0
0
0
0
0
0
0
0
0
0
0
0
0
0
0
0
0
0
0
0
0
0
0
0
0
0
0
0
0
0
0
0
0
0
0
0
0
0
0
0
0
0
0
0
0
0
0
0
0
0
0
0
0
0
0
0
0
0
0
0
0
0
0
0
0
0
0
0
0
0
0
0
0
0
0
0
0
0
0
0
0
0
0
0
0
0
0
0
0
0
0
0
0
0
0
0
0
0
0
0
0
0
0
0
0
0
0
0
0
0
0
0
0
0
0
0
0
0
0
0
0
0
0
0
0
0
0
0
0
0
0
0
0
0
0
0
0
0
0
0
0
0
0
0
0
0
0
0
0
0
0
0
0
0
0
0
0
0
0
0
0
0
0
0
0
0
0
0
0
0
0
0
0
0
0
0
0
0
0
0
0
0
0
0
0
0
0
0
0
0
0
0
0
0
0
0
0
0
0
0
0
0
0
0
0
0
0
0
0
0
0
0
0
0
0
0
0
0
0
0
0
0
0
0
0
0
0
0
0
0
0
0
0
0
0
0
0
0
0
0
0
0
0
0
0
0
0
0
0
0
0
0
0
0
0
0
0
0
0
0
0
0
0
0
0
0
0
0
0
0
0
0
0
0
0
0
0
0
0
0
0
0
0
0
0
0
0
0
0
0
0
0
0
0
0
0
0
0
0
0
0
0
0
0
0
0
0
0
0
0
0
0
0
0
0
0
0
0
0
0
0
0
0
0
0
0
0
0
0
0
0
0
0
0
0
0
0
0
0
0
0
0
0
0
0
0
0
0
0
0
0
0
0
0
0
0
0
0
0
0
0
0
0
0
0
0
0
0
0
0
0
0
0
0
0
0
0
0
0
0
0
0
0
0
0
0
0
0
0
0
0
0
0
0
0
0
0
0
0
0
0
0
0
0
0
0
0
0
0
0
0
0
0
0
0
0
0
0
0
0
0
0
0
0
0
0
0
0
0
0
0
0
0
0
0
0
0
0
0
0
0
0
0
0
0
0
0
0
0
0
0
0
0
0
0
0
0
0
0
0
0
0
0
0
0
0
0
0
0
0
0
0
0
0
0
0
0
0
0
0
0
0
0
0
0
0
0
0
0
0
0
0
0
0
0
0
0
0
0
0
0
0
0
0
0
0
0
0
0
0
0
0
0
0
0
0
0
0
0
0
0
0
0
0
0
0
0
0
0
0
0
0
0
0
0
0
0
0
0
0
0
0
0
0
0
0
0
0
0
0
0
0
0
0
0
0
0
0
0
0
0
0
0
0
0
0
0
0
0
0
0
0
0
0
0
0
0
0
0
0
0
0
0
0
0
0
0
0
0
0
0
0
0
0
0
0
0
0
0
0
0
0
0
0
0
0
0
0
0
0
0
0
0
0
0
0
0
0
0
0
0
0
0
0
0
0
0
0
0
0
0
0
0
0
0
0
0
0
0
0
0
0
0
0
)
;

boundaryField
{
    fuelBottom
    {
        type            empty;
    }
    fuelTop_1
    {
        type            empty;
    }
    fuelOuter
    {
        type            zeroGradient;
    }
    fuelTop
    {
        type            empty;
    }
    fuelInner
    {
        type            zeroGradient;
    }
    cladBottom
    {
        type            empty;
    }
    cladInner
    {
        type            zeroGradient;
    }
    cladOuter
    {
        type            zeroGradient;
    }
    cladTop
    {
        type            empty;
    }
    front
    {
        type            wedge;
    }
    back
    {
        type            wedge;
    }
}


// ************************************************************************* //
