/*--------------------------------*- C++ -*----------------------------------*\
| =========                 |                                                 |
| \\      /  F ield         | OpenFOAM: The Open Source CFD Toolbox           |
|  \\    /   O peration     | Version:  2412                                  |
|   \\  /    A nd           | Website:  www.openfoam.com                      |
|    \\/     M anipulation  |                                                 |
\*---------------------------------------------------------------------------*/
FoamFile
{
    version     2.0;
    format      ascii;
    arch        "LSB;label=32;scalar=64";
    class       volScalarField;
    location    "51801860.86068268/fuelBehaviourRegion";
    object      SCIANTIX::Gas_released;
}
// * * * * * * * * * * * * * * * * * * * * * * * * * * * * * * * * * * * * * //

dimensions      [0 0 0 0 0 0 0];

internalField   nonuniform List<scalar> 
4720
(
1.88347e+15
1.8663e+15
1.82903e+15
1.77378e+15
1.70231e+15
1.61674e+15
1.51949e+15
1.41312e+15
1.30037e+15
1.18392e+15
1.06638e+15
9.5017e+14
8.37423e+14
7.29941e+14
6.29196e+14
5.36268e+14
4.51857e+14
3.76369e+14
3.0981e+14
2.52023e+14
2.0253e+14
1.60781e+14
1.26047e+14
9.75841e+13
7.45718e+13
5.62411e+13
4.18644e+13
3.07151e+13
2.22346e+13
1.58849e+13
1.92839e+15
1.91081e+15
1.87266e+15
1.8161e+15
1.74297e+15
1.65539e+15
1.55583e+15
1.44694e+15
1.33152e+15
1.21232e+15
1.092e+15
9.73019e+14
8.5759e+14
7.47532e+14
6.44406e+14
5.49244e+14
4.62805e+14
3.85502e+14
3.17351e+14
2.58161e+14
2.07488e+14
1.64703e+14
1.29161e+14
9.99811e+13
7.64097e+13
5.76277e+13
4.28873e+13
3.14946e+13
2.27875e+13
1.62567e+13
2.06995e+15
2.05115e+15
2.01034e+15
1.94984e+15
1.87156e+15
1.77785e+15
1.6713e+15
1.55473e+15
1.43114e+15
1.30345e+15
1.17451e+15
1.04697e+15
9.23185e+14
8.05112e+14
6.94395e+14
5.92187e+14
4.9931e+14
4.16177e+14
3.42838e+14
2.79103e+14
2.2449e+14
1.78356e+14
1.39965e+14
1.0845e+14
8.2962e+13
6.26367e+13
4.66695e+13
3.42865e+13
2.48571e+13
1.77539e+13
2.13437e+15
2.11498e+15
2.07291e+15
2.01055e+15
1.9299e+15
1.83329e+15
1.72346e+15
1.60333e+15
1.47589e+15
1.34425e+15
1.21134e+15
1.07984e+15
9.52211e+14
8.3048e+14
7.16307e+14
6.10902e+14
5.15119e+14
4.29368e+14
3.53735e+14
2.88e+14
2.31654e+14
1.84067e+14
1.44446e+14
1.11926e+14
8.56314e+13
6.46546e+13
4.81659e+13
3.54031e+13
2.56555e+13
1.83476e+13
2.17244e+15
2.15272e+15
2.10991e+15
2.04645e+15
1.96438e+15
1.86606e+15
1.75431e+15
1.63202e+15
1.50236e+15
1.36838e+15
1.23311e+15
1.09932e+15
9.69406e+14
8.45515e+14
7.29293e+14
6.22023e+14
5.24512e+14
4.37227e+14
3.60236e+14
2.93311e+14
2.35949e+14
1.87503e+14
1.47161e+14
1.1407e+14
8.72621e+13
6.59044e+13
4.9113e+13
3.61073e+13
2.61825e+13
1.87207e+13
2.22067e+15
2.20022e+15
2.15589e+15
2.09016e+15
2.00518e+15
1.90349e+15
1.78794e+15
1.66167e+15
1.52789e+15
1.38984e+15
1.25066e+15
1.11315e+15
9.79887e+14
8.5303e+14
7.34271e+14
6.24878e+14
5.25682e+14
4.37067e+14
3.5914e+14
2.91573e+14
2.33844e+14
1.85226e+14
1.44888e+14
1.11885e+14
8.52817e+13
6.41303e+13
4.76051e+13
3.48338e+13
2.51371e+13
1.78853e+13
5.82991e+15
5.77446e+15
5.6543e+15
5.47634e+15
5.2465e+15
4.97183e+15
4.66026e+15
4.32045e+15
3.9613e+15
3.59174e+15
3.22023e+15
2.85456e+15
2.50154e+15
2.16688e+15
1.85507e+15
1.56934e+15
1.3117e+15
1.08304e+15
8.83163e+14
7.11165e+14
5.65329e+14
4.43589e+14
3.43462e+14
2.62363e+14
1.9767e+14
1.46848e+14
1.07514e+14
7.75931e+13
5.51664e+13
3.86241e+13
7.50027e+15
7.42904e+15
7.27463e+15
7.04596e+15
6.75062e+15
6.39762e+15
5.99719e+15
5.56039e+15
5.09875e+15
4.62363e+15
4.14597e+15
3.67573e+15
3.22169e+15
2.79116e+15
2.39001e+15
2.0223e+15
1.69068e+15
1.39626e+15
1.13889e+15
9.17329e+14
7.29441e+14
5.72539e+14
4.43451e+14
3.38854e+14
2.55389e+14
1.89827e+14
1.39047e+14
1.00392e+14
7.14092e+13
5.00225e+13
7.91448e+15
7.83921e+15
7.67611e+15
7.43456e+15
7.1226e+15
6.74975e+15
6.32683e+15
5.86554e+15
5.37803e+15
4.87635e+15
4.37203e+15
3.87559e+15
3.39634e+15
2.94199e+15
2.51867e+15
2.13074e+15
1.78094e+15
1.47045e+15
1.1991e+15
9.65543e+14
7.67554e+14
6.02246e+14
4.66299e+14
3.56184e+14
2.6835e+14
1.99341e+14
1.45971e+14
1.0533e+14
7.48742e+13
5.24193e+13
8.12186e+15
8.04463e+15
7.87727e+15
7.62941e+15
7.30929e+15
6.92672e+15
6.49277e+15
6.01941e+15
5.51916e+15
5.00438e+15
4.48686e+15
3.97744e+15
3.48565e+15
3.01939e+15
2.58497e+15
2.18687e+15
1.82789e+15
1.50924e+15
1.23075e+15
9.91037e+14
7.87852e+14
6.18187e+14
4.78649e+14
3.65632e+14
2.75467e+14
2.04643e+14
1.49834e+14
1.08146e+14
7.6854e+13
5.38233e+13
8.45916e+15
8.37863e+15
8.2041e+15
7.94557e+15
7.61175e+15
7.21277e+15
6.76026e+15
6.26676e+15
5.74526e+15
5.20868e+15
4.66932e+15
4.13851e+15
3.62615e+15
3.1405e+15
2.68811e+15
2.27363e+15
1.89997e+15
1.56839e+15
1.27865e+15
1.02936e+15
8.18087e+14
6.41725e+14
4.96727e+14
3.79339e+14
2.85707e+14
2.12179e+14
1.55333e+14
1.12053e+14
7.96424e+13
5.57263e+13
1.05531e+16
1.04499e+16
1.02265e+16
9.89592e+15
9.46938e+15
8.96023e+15
8.38369e+15
7.75603e+15
7.0942e+15
6.41488e+15
5.73391e+15
5.0657e+15
4.42288e+15
3.81579e+15
3.25254e+15
2.73868e+15
2.27754e+15
1.87036e+15
1.51646e+15
1.21363e+15
9.58538e+14
7.46989e+14
5.74188e+14
4.35278e+14
3.25311e+14
2.39653e+14
1.73954e+14
1.24366e+14
8.75659e+13
6.06823e+13
1.3967e+17
1.38207e+17
1.35039e+17
1.30358e+17
1.24334e+17
1.17167e+17
1.09082e+17
1.00322e+17
9.11349e+16
8.1765e+16
7.24402e+16
6.33652e+16
5.47145e+16
4.66284e+16
3.92105e+16
3.2528e+16
2.66138e+16
2.14703e+16
1.70736e+16
1.33796e+16
1.03288e+16
7.85236e+15
5.87679e+15
4.32818e+15
3.13561e+15
2.23372e+15
1.56391e+15
1.07572e+15
7.26555e+14
4.81655e+14
2.15983e+17
2.13709e+17
2.08786e+17
2.01515e+17
1.92159e+17
1.81029e+17
1.68477e+17
1.54882e+17
1.4063e+17
1.26102e+17
1.1165e+17
9.75946e+16
8.42052e+16
7.16988e+16
6.02353e+16
4.99175e+16
4.07952e+16
3.28703e+16
2.61042e+16
2.04268e+16
1.57446e+16
1.19497e+16
8.92735e+15
6.5624e+15
4.74468e+15
3.37268e+15
2.35602e+15
1.61666e+15
1.08917e+15
7.20074e+14
2.32966e+17
2.30509e+17
2.25191e+17
2.17336e+17
2.07229e+17
1.95207e+17
1.81651e+17
1.66969e+17
1.51581e+17
1.35895e+17
1.20296e+17
1.05127e+17
9.06803e+16
7.71899e+16
6.48277e+16
5.37045e+16
4.38734e+16
3.53358e+16
2.80496e+16
2.19383e+16
1.69007e+16
1.28199e+16
9.57158e+15
7.03134e+15
5.08016e+15
3.60843e+15
2.51865e+15
1.72678e+15
1.16227e+15
7.67702e+14
2.40423e+17
2.37888e+17
2.32402e+17
2.24297e+17
2.13869e+17
2.01465e+17
1.87478e+17
1.72329e+17
1.5645e+17
1.40264e+17
1.24168e+17
1.08514e+17
9.36052e+16
7.96826e+16
6.69239e+16
5.54434e+16
4.52959e+16
3.64832e+16
2.89617e+16
2.26528e+16
1.7452e+16
1.32388e+16
9.88482e+15
7.26186e+15
5.247e+15
3.72712e+15
2.60167e+15
1.78382e+15
1.20074e+15
7.93139e+14
2.53561e+17
2.50884e+17
2.45091e+17
2.36534e+17
2.25524e+17
2.12429e+17
1.97663e+17
1.81672e+17
1.64913e+17
1.47833e+17
1.30848e+17
1.14334e+17
9.86089e+16
8.39264e+16
7.0474e+16
5.83721e+16
4.76778e+16
3.83924e+16
3.04698e+16
2.38261e+16
1.83509e+16
1.39167e+16
1.0388e+16
7.62928e+15
5.51078e+15
3.91332e+15
2.7308e+15
1.87174e+15
1.25956e+15
8.31739e+14
3.41918e+17
3.38207e+17
3.30179e+17
3.18331e+17
3.03103e+17
2.85017e+17
2.64661e+17
2.42664e+17
2.19668e+17
1.96298e+17
1.73134e+17
1.50692e+17
1.29407e+17
1.09621e+17
9.15795e+16
7.54334e+16
6.12455e+16
4.90014e+16
3.8622e+16
2.9979e+16
2.29092e+16
1.7229e+16
1.2747e+16
9.27427e+15
6.63287e+15
4.66107e+15
3.21695e+15
2.17957e+15
1.44894e+15
9.44641e+14
9.71225e+18
9.60145e+18
9.36187e+18
9.00854e+18
8.55501e+18
8.01724e+18
7.41327e+18
6.76242e+18
6.08432e+18
5.39807e+18
4.72137e+18
4.06979e+18
3.4563e+18
2.89093e+18
2.3806e+18
1.92924e+18
1.53797e+18
1.20553e+18
9.28673e+17
7.02725e+17
5.22049e+17
3.80535e+17
2.72004e+17
1.90537e+17
1.30713e+17
8.77574e+16
5.7617e+16
3.69645e+16
2.31545e+16
1.41493e+16
1.58476e+19
1.56677e+19
1.52787e+19
1.47048e+19
1.39678e+19
1.30936e+19
1.21111e+19
1.10516e+19
9.94695e+18
8.82817e+18
7.72407e+18
6.66014e+18
5.65765e+18
4.73312e+18
3.89806e+18
3.15907e+18
2.51817e+18
1.97345e+18
1.51973e+18
1.14943e+18
8.53358e+17
6.21536e+17
4.43838e+17
3.10549e+17
2.12761e+17
1.42627e+17
9.34845e+16
5.98631e+16
3.74204e+16
2.28149e+16
1.70831e+19
1.68892e+19
1.64699e+19
1.58513e+19
1.5057e+19
1.41145e+19
1.30554e+19
1.19131e+19
1.07221e+19
9.51585e+18
8.32534e+18
7.17809e+18
6.09708e+18
5.10015e+18
4.19971e+18
3.40292e+18
2.71197e+18
2.12478e+18
1.63577e+18
1.23676e+18
9.17828e+17
6.68189e+17
4.76908e+17
3.33496e+17
2.28337e+17
1.52961e+17
1.0018e+17
6.40966e+16
4.00296e+16
2.43811e+16
1.7538e+19
1.73392e+19
1.69092e+19
1.62748e+19
1.54601e+19
1.44934e+19
1.34069e+19
1.22351e+19
1.10131e+19
9.77519e+18
8.55333e+18
7.37569e+18
6.26585e+18
5.24214e+18
4.31736e+18
3.49885e+18
2.78893e+18
2.18549e+18
1.68284e+18
1.27261e+18
9.44629e+17
6.87849e+17
4.91049e+17
3.43464e+17
2.35217e+17
1.57609e+17
1.0325e+17
6.60779e+16
4.12781e+16
2.51484e+16
1.8025e+19
1.78206e+19
1.73785e+19
1.67264e+19
1.58889e+19
1.48951e+19
1.37783e+19
1.25737e+19
1.13175e+19
1.00451e+19
8.78915e+18
7.57871e+18
6.43801e+18
5.38588e+18
4.43548e+18
3.59434e+18
2.86485e+18
2.24482e+18
1.7284e+18
1.30696e+18
9.70057e+17
7.06313e+17
5.04196e+17
3.52638e+17
2.41487e+17
1.61803e+17
1.05996e+17
6.78348e+16
4.23765e+16
2.58189e+16
2.15143e+19
2.12641e+19
2.07232e+19
1.99258e+19
1.89028e+19
1.76906e+19
1.63304e+19
1.48664e+19
1.33433e+19
1.18046e+19
1.02907e+19
8.83688e+18
7.47231e+18
6.21935e+18
5.09318e+18
4.102e+18
3.24758e+18
2.52621e+18
1.92973e+18
1.44679e+18
1.06401e+18
7.67105e+17
5.41828e+17
3.74696e+17
2.53516e+17
1.67697e+17
1.08368e+17
6.83571e+16
4.20536e+16
2.52106e+16
4.27102e+20
4.22697e+20
4.13131e+20
3.98923e+20
3.80508e+20
3.58409e+20
3.33247e+20
3.05718e+20
2.76577e+20
2.46602e+20
2.16569e+20
1.87207e+20
1.59175e+20
1.33026e+20
1.09191e+20
8.79611e+19
6.94863e+19
5.37848e+19
4.07574e+19
3.02108e+19
2.18845e+19
1.54785e+19
1.06787e+19
7.17904e+18
4.69808e+18
2.98953e+18
1.84762e+18
1.1077e+18
6.43401e+17
3.61575e+17
5.99012e+20
5.93197e+20
5.80545e+20
5.61691e+20
5.37142e+20
5.07519e+20
4.7357e+20
4.36163e+20
3.96258e+20
3.54882e+20
3.13082e+20
2.71881e+20
2.32227e+20
1.94945e+20
1.60705e+20
1.29989e+20
1.03082e+20
8.00719e+19
6.08733e+19
4.52515e+19
3.28628e+19
2.32933e+19
1.60986e+19
1.08378e+19
7.09955e+18
4.52045e+18
2.79443e+18
1.67511e+18
9.72475e+17
5.46031e+17
6.24113e+20
6.18103e+20
6.05023e+20
5.85521e+20
5.60113e+20
5.29428e+20
4.94231e+20
4.55407e+20
4.13948e+20
3.70913e+20
3.2739e+20
2.84445e+20
2.43069e+20
2.04132e+20
1.6834e+20
1.36206e+20
1.08038e+20
8.39355e+19
6.38159e+19
4.74392e+19
3.44485e+19
2.44129e+19
1.68678e+19
1.13514e+19
7.4325e+18
4.7297e+18
2.92178e+18
1.75005e+18
1.01505e+18
5.69351e+17
6.34928e+20
6.28846e+20
6.15605e+20
5.95859e+20
5.70124e+20
5.39032e+20
5.03348e+20
4.63967e+20
4.21888e+20
3.78181e+20
3.33949e+20
2.90274e+20
2.48166e+20
2.08513e+20
1.72038e+20
1.39268e+20
1.10522e+20
8.59103e+19
6.53514e+19
4.86062e+19
3.53147e+19
2.50402e+19
1.73107e+19
1.16559e+19
7.63611e+18
4.86204e+18
3.00528e+18
1.80113e+18
1.04532e+18
5.86694e+17
6.44505e+20
6.38354e+20
6.24962e+20
6.04986e+20
5.78944e+20
5.4747e+20
5.11334e+20
4.71436e+20
4.28784e+20
3.84462e+20
3.39584e+20
2.9525e+20
2.52486e+20
2.12197e+20
1.75121e+20
1.41799e+20
1.12558e+20
8.75146e+19
6.65889e+19
4.95401e+19
3.60041e+19
2.55376e+19
1.76613e+19
1.18973e+19
7.79837e+18
4.96845e+18
3.07331e+18
1.84351e+18
1.07102e+18
6.01844e+17
7.03703e+20
6.97165e+20
6.82921e+20
6.61649e+20
6.33872e+20
6.00233e+20
5.61521e+20
5.18662e+20
4.72709e+20
4.24804e+20
3.76161e+20
3.26759e+20
2.7825e+20
2.32078e+20
1.89428e+20
1.51176e+20
1.17858e+20
8.96794e+19
6.65407e+19
4.8102e+19
3.38476e+19
2.31632e+19
1.5402e+19
9.94209e+18
6.22432e+18
3.77594e+18
2.21746e+18
1.25943e+18
6.91097e+17
3.66037e+17
7.568e+25
7.58045e+25
7.60359e+25
7.63466e+25
7.67143e+25
7.71237e+25
7.75649e+25
7.80281e+25
7.85076e+25
7.89978e+25
7.94849e+25
7.99477e+25
8.03426e+25
8.05816e+25
8.05131e+25
7.98903e+25
7.83428e+25
7.53983e+25
7.05973e+25
6.37904e+25
5.55996e+25
4.73813e+25
4.02266e+25
3.42755e+25
2.88935e+25
2.28161e+25
1.30559e+25
2.69828e+20
6.2633e+19
1.20227e+19
6.8324e+25
6.84435e+25
6.86574e+25
6.89303e+25
6.92382e+25
6.95639e+25
6.98973e+25
7.02358e+25
7.0579e+25
7.09297e+25
7.12916e+25
7.16552e+25
7.19847e+25
7.21927e+25
7.20999e+25
7.14022e+25
6.96614e+25
6.63627e+25
6.11446e+25
5.42198e+25
4.65672e+25
3.93484e+25
3.31706e+25
2.78813e+25
2.24983e+25
1.41563e+25
2.98217e+20
6.97325e+19
1.34978e+19
2.13661e+18
6.96913e+25
6.98096e+25
7.00214e+25
7.02916e+25
7.05957e+25
7.09164e+25
7.12433e+25
7.15714e+25
7.19003e+25
7.22315e+25
7.25652e+25
7.28915e+25
7.3173e+25
7.33191e+25
7.31489e+25
7.23564e+25
7.04969e+25
6.70538e+25
6.16799e+25
5.46318e+25
4.69505e+25
3.97847e+25
3.36493e+25
2.83444e+25
2.28589e+25
1.41579e+25
2.89629e+20
6.73444e+19
1.29485e+19
2.03306e+18
7.06833e+25
7.0809e+25
7.10341e+25
7.13209e+25
7.16436e+25
7.1984e+25
7.23308e+25
7.26782e+25
7.30248e+25
7.3371e+25
7.37163e+25
7.40517e+25
7.43429e+25
7.45068e+25
7.4374e+25
7.3652e+25
7.19049e+25
6.86035e+25
6.33462e+25
5.6303e+25
4.84958e+25
4.11715e+25
3.49137e+25
2.95441e+25
2.4132e+25
1.60681e+25
3.47283e+20
8.22826e+19
1.61183e+19
2.5786e+18
7.02701e+25
7.03656e+25
7.05391e+25
7.07637e+25
7.10194e+25
7.12914e+25
7.15706e+25
7.18524e+25
7.21359e+25
7.24205e+25
7.27003e+25
7.29514e+25
7.31116e+25
7.30503e+25
7.25325e+25
7.11944e+25
6.85618e+25
6.41921e+25
5.8012e+25
5.06829e+25
4.33471e+25
3.67911e+25
3.11641e+25
2.59812e+25
1.96306e+25
6.61357e+24
1.53354e+20
3.32646e+19
5.94992e+18
8.65392e+17
6.35359e+25
6.49721e+25
6.64263e+25
6.75838e+25
6.84353e+25
6.90419e+25
6.9457e+25
6.97142e+25
6.98346e+25
6.98374e+25
6.97522e+25
6.96292e+25
6.95454e+25
6.95923e+25
6.98299e+25
7.01963e+25
7.03899e+25
6.97868e+25
6.74901e+25
6.26419e+25
5.51031e+25
4.6049e+25
3.74132e+25
3.0298e+25
2.39957e+25
1.49956e+25
2.48163e+20
4.68335e+19
7.01567e+18
8.20989e+17
6.04198e+25
6.24352e+25
6.4291e+25
6.56602e+25
6.66036e+25
6.72391e+25
6.76488e+25
6.78781e+25
6.79505e+25
6.78847e+25
6.77075e+25
6.74687e+25
6.72502e+25
6.71616e+25
6.73007e+25
6.76663e+25
6.80282e+25
6.78244e+25
6.61755e+25
6.21335e+25
5.52909e+25
4.65084e+25
3.77162e+25
3.0382e+25
2.41942e+25
1.63238e+25
3.05768e+20
5.94066e+19
9.1742e+18
1.10928e+18
6.06726e+25
6.27336e+25
6.46231e+25
6.6013e+25
6.69693e+25
6.76137e+25
6.80304e+25
6.82649e+25
6.83406e+25
6.82748e+25
6.80927e+25
6.78418e+25
6.76019e+25
6.74815e+25
6.75808e+25
6.79049e+25
6.82348e+25
6.80188e+25
6.63826e+25
6.23713e+25
5.55594e+25
4.67851e+25
3.79668e+25
3.05891e+25
2.43713e+25
1.6505e+25
3.08592e+20
5.98864e+19
9.23457e+18
1.11459e+18
6.07393e+25
6.29184e+25
6.48891e+25
6.63252e+25
6.73083e+25
6.79716e+25
6.84044e+25
6.86542e+25
6.87445e+25
6.86913e+25
6.85176e+25
6.82674e+25
6.80172e+25
6.78734e+25
6.79391e+25
6.82302e+25
6.85465e+25
6.8357e+25
6.67979e+25
6.28998e+25
5.61863e+25
4.74308e+25
3.85386e+25
3.10583e+25
2.47959e+25
1.71098e+25
3.2994e+20
6.44244e+19
9.99427e+18
1.21367e+18
6.10132e+25
6.33046e+25
6.53521e+25
6.68327e+25
6.78434e+25
6.85281e+25
6.89812e+25
6.92517e+25
6.93631e+25
6.93299e+25
6.91727e+25
6.89315e+25
6.86783e+25
6.85158e+25
6.85484e+25
6.88017e+25
6.90959e+25
6.89243e+25
6.74373e+25
6.36531e+25
5.70414e+25
4.83039e+25
3.93254e+25
3.17215e+25
2.53935e+25
1.78912e+25
3.59559e+20
7.08109e+19
1.10786e+19
1.3571e+18
6.22525e+25
6.38161e+25
6.53535e+25
6.65466e+25
6.73985e+25
6.79804e+25
6.83509e+25
6.85454e+25
6.85847e+25
6.84878e+25
6.82858e+25
6.80337e+25
6.78174e+25
6.77428e+25
6.78876e+25
6.82021e+25
6.83852e+25
6.78011e+25
6.55398e+25
6.07473e+25
5.3311e+25
4.44244e+25
3.59925e+25
2.90633e+25
2.2832e+25
1.30094e+25
2.03395e+20
3.73849e+19
5.44777e+18
6.19097e+17
3.13534e+25
5.08553e+25
6.12694e+25
6.45089e+25
6.55818e+25
6.60564e+25
6.62281e+25
6.61602e+25
6.58529e+25
6.52846e+25
6.44345e+25
6.33091e+25
6.19784e+25
6.06203e+25
5.9549e+25
5.91534e+25
5.96626e+25
6.07877e+25
6.15467e+25
6.05034e+25
5.63074e+25
4.86284e+25
3.91804e+25
3.07054e+25
2.40762e+25
1.66191e+25
2.96386e+20
4.97429e+19
6.356e+18
6.06446e+17
2.48798e+25
4.72526e+25
5.91247e+25
6.2454e+25
6.3427e+25
6.38318e+25
6.39506e+25
6.38367e+25
6.34843e+25
6.28673e+25
6.19607e+25
6.07659e+25
5.93465e+25
5.78769e+25
5.66774e+25
5.61698e+25
5.66502e+25
5.79111e+25
5.9029e+25
5.85928e+25
5.52083e+25
4.83008e+25
3.9214e+25
3.06959e+25
2.40852e+25
1.73977e+25
3.6948e+20
6.43391e+19
8.52795e+18
8.45103e+17
2.43687e+25
4.70992e+25
5.91442e+25
6.24747e+25
6.34391e+25
6.38455e+25
6.39719e+25
6.387e+25
6.35334e+25
6.29347e+25
6.20474e+25
6.08697e+25
5.94607e+25
5.79878e+25
5.67651e+25
5.62148e+25
5.66482e+25
5.78865e+25
5.9031e+25
5.86742e+25
5.54025e+25
4.8591e+25
3.95207e+25
3.09453e+25
2.4285e+25
1.76601e+25
3.84473e+20
6.72141e+19
8.94222e+18
8.89444e+17
2.38798e+25
4.69571e+25
5.91761e+25
6.25085e+25
6.34641e+25
6.38717e+25
6.40055e+25
6.39155e+25
6.35944e+25
6.30143e+25
6.21469e+25
6.09876e+25
5.95904e+25
5.81156e+25
5.68704e+25
5.62763e+25
5.66607e+25
5.78771e+25
5.90564e+25
5.87992e+25
5.56723e+25
4.89886e+25
3.99408e+25
3.12831e+25
2.45478e+25
1.80152e+25
4.10089e+20
7.2356e+19
9.71728e+18
9.76241e+17
2.77959e+25
4.86592e+25
5.95716e+25
6.27683e+25
6.3762e+25
6.41779e+25
6.42978e+25
6.4178e+25
6.3815e+25
6.31854e+25
6.22682e+25
6.10719e+25
5.96719e+25
5.82574e+25
5.71603e+25
5.67895e+25
5.73808e+25
5.86278e+25
5.95241e+25
5.86353e+25
5.4633e+25
4.71914e+25
3.79944e+25
2.97461e+25
2.33229e+25
1.59484e+25
2.80266e+20
4.67066e+19
5.91759e+18
5.5898e+17
3.39832e+24
3.45536e+25
5.69817e+25
6.12533e+25
6.16476e+25
6.16843e+25
6.15247e+25
6.11517e+25
6.05167e+25
5.95568e+25
5.82097e+25
5.64353e+25
5.42562e+25
5.18211e+25
4.9489e+25
4.78743e+25
4.76833e+25
4.91536e+25
5.14699e+25
5.30025e+25
5.205e+25
4.74345e+25
3.95548e+25
3.10319e+25
2.42547e+25
1.79605e+25
3.81119e+20
5.91715e+19
6.68862e+18
5.3945e+17
2.54565e+24
2.9692e+25
5.40762e+25
5.88209e+25
5.91721e+25
5.9172e+25
5.89867e+25
5.85931e+25
5.79402e+25
5.69639e+25
5.56008e+25
5.38088e+25
5.16062e+25
4.91325e+25
4.67302e+25
4.49981e+25
4.46644e+25
4.60787e+25
4.85831e+25
5.0635e+25
5.05496e+25
4.70358e+25
4.00204e+25
3.16591e+25
2.4701e+25
1.89303e+25
4.68312e+24
8.92347e+19
1.07121e+19
9.19042e+17
2.448e+24
2.89588e+25
5.33984e+25
5.81384e+25
5.84786e+25
5.8473e+25
5.82848e+25
5.78903e+25
5.72386e+25
5.62666e+25
5.49119e+25
5.31343e+25
5.09535e+25
4.85095e+25
4.61429e+25
4.44453e+25
4.41367e+25
4.55687e+25
4.81035e+25
5.02199e+25
5.02454e+25
4.68826e+25
4.00041e+25
3.16911e+25
2.47164e+25
1.89958e+25
5.39874e+24
9.35613e+19
1.13061e+19
9.76426e+17
2.45709e+24
2.863e+25
5.30144e+25
5.77242e+25
5.80596e+25
5.80575e+25
5.78774e+25
5.74952e+25
5.68606e+25
5.59111e+25
5.45849e+25
5.28419e+25
5.07006e+25
4.82978e+25
4.59663e+25
4.42866e+25
4.39718e+25
4.53902e+25
4.7943e+25
5.01347e+25
5.02931e+25
4.7097e+25
4.03429e+25
3.20285e+25
2.4976e+25
1.92718e+25
6.70946e+24
1.01772e+20
1.24448e+19
1.08807e+18
2.88864e+24
3.16352e+25
5.39369e+25
5.80461e+25
5.8356e+25
5.83195e+25
5.8081e+25
5.76201e+25
5.68891e+25
5.58305e+25
5.43928e+25
5.25548e+25
5.03676e+25
4.80175e+25
4.58987e+25
4.46308e+25
4.48555e+25
4.66793e+25
4.9202e+25
5.08411e+25
5.00103e+25
4.56231e+25
3.80773e+25
2.98866e+25
2.33781e+25
1.72894e+25
3.68146e+20
5.70341e+19
6.42153e+18
5.15077e+17
6.96809e+23
1.88444e+25
5.07943e+25
5.72336e+25
5.73763e+25
5.71192e+25
5.66565e+25
5.59391e+25
5.48989e+25
5.34604e+25
5.15539e+25
4.91422e+25
4.62649e+25
4.31078e+25
4.00874e+25
3.78947e+25
3.73527e+25
3.89081e+25
4.19992e+25
4.51124e+25
4.65271e+25
4.48212e+25
3.93808e+25
3.1669e+25
2.47276e+25
1.92188e+25
5.52127e+24
8.43419e+19
8.8958e+18
6.44217e+17
5.52213e+23
1.25606e+25
4.8073e+25
5.55539e+25
5.56827e+25
5.53265e+25
5.47411e+25
5.38729e+25
5.26515e+25
5.1001e+25
4.88559e+25
4.61894e+25
4.30613e+25
3.96879e+25
3.65209e+25
3.42676e+25
3.3716e+25
3.52711e+25
3.84524e+25
4.19174e+25
4.40583e+25
4.34775e+25
3.93036e+25
3.22834e+25
2.5216e+25
1.98372e+25
1.12054e+25
1.3635e+20
1.55822e+19
1.22517e+18
5.53762e+23
1.34035e+25
4.87472e+25
5.6141e+25
5.62457e+25
5.58685e+25
5.5255e+25
5.43489e+25
5.30772e+25
5.13611e+25
4.91328e+25
4.63647e+25
4.3118e+25
3.96168e+25
3.63297e+25
3.39888e+25
3.3396e+25
3.4943e+25
3.8135e+25
4.1636e+25
4.38458e+25
4.33659e+25
3.93042e+25
3.23482e+25
2.52683e+25
1.98846e+25
1.1505e+25
1.40919e+20
1.61757e+19
1.27724e+18
5.54669e+23
1.32675e+25
4.89932e+25
5.65114e+25
5.66166e+25
5.62294e+25
5.5601e+25
5.46726e+25
5.33683e+25
5.16059e+25
4.93136e+25
4.64602e+25
4.31054e+25
3.94769e+25
3.60591e+25
3.36145e+25
3.29755e+25
3.45321e+25
3.77625e+25
4.13234e+25
4.3625e+25
4.32759e+25
3.93629e+25
3.2494e+25
2.53939e+25
1.99929e+25
1.20209e+25
1.50109e+20
1.74058e+19
1.38841e+18
5.59622e+23
1.35624e+25
4.92339e+25
5.66822e+25
5.67744e+25
5.63796e+25
5.57401e+25
5.47951e+25
5.34656e+25
5.16662e+25
4.9322e+25
4.63987e+25
4.29557e+25
3.92257e+25
3.57075e+25
3.31919e+25
3.25394e+25
3.41321e+25
3.74149e+25
4.10414e+25
4.34408e+25
4.32316e+25
3.94793e+25
3.27043e+25
2.55765e+25
2.01434e+25
1.26063e+25
1.62482e+20
1.90864e+19
1.54262e+18
5.6478e+23
1.74986e+25
5.11121e+25
5.76997e+25
5.77381e+25
5.73376e+25
5.66865e+25
5.57235e+25
5.43694e+25
5.25393e+25
5.01609e+25
4.72076e+25
4.37543e+25
4.00596e+25
3.66562e+25
3.4362e+25
3.40178e+25
3.58901e+25
3.92529e+25
4.265e+25
4.44937e+25
4.34345e+25
3.8737e+25
3.14767e+25
2.45747e+25
1.92665e+25
8.32728e+24
1.04197e+20
1.13566e+19
8.49729e+17
5.04687e+23
1.36964e+25
5.71914e+25
6.70357e+25
6.73886e+25
6.71777e+25
6.67614e+25
6.6052e+25
6.49289e+25
6.32406e+25
6.08111e+25
5.74621e+25
5.30666e+25
4.76581e+25
4.16128e+25
3.58798e+25
3.20662e+25
3.172e+25
3.45813e+25
3.85938e+25
4.16664e+25
4.22484e+25
3.92625e+25
3.29162e+25
2.58153e+25
2.04181e+25
1.26236e+25
1.40957e+20
1.4876e+19
1.04852e+18
4.81913e+23
1.27467e+25
5.71774e+25
6.86418e+25
6.91894e+25
6.90748e+25
6.87874e+25
6.82409e+25
6.7313e+25
6.58447e+25
6.36398e+25
6.04786e+25
5.61594e+25
5.05964e+25
4.40068e+25
3.71889e+25
3.17699e+25
2.98776e+25
3.20782e+25
3.62031e+25
3.97812e+25
4.11596e+25
3.91999e+25
3.3678e+25
2.66304e+25
2.10102e+25
1.50899e+25
2.13354e+20
2.42757e+19
1.84615e+18
4.79938e+23
1.26761e+25
5.75877e+25
6.89518e+25
6.9501e+25
6.94072e+25
6.91487e+25
6.86403e+25
6.77605e+25
6.63502e+25
6.42112e+25
6.11171e+25
5.68523e+25
5.13062e+25
4.46602e+25
3.76727e+25
3.19489e+25
2.97276e+25
3.17735e+25
3.59221e+25
3.95854e+25
4.10713e+25
3.92325e+25
3.38041e+25
2.67621e+25
2.1104e+25
1.53172e+25
2.22925e+20
2.55279e+19
1.95303e+18
4.82085e+23
1.38988e+25
5.79134e+25
6.90308e+25
6.95636e+25
6.94842e+25
6.92463e+25
6.87648e+25
6.79191e+25
6.65499e+25
6.44576e+25
6.14112e+25
5.71851e+25
5.16513e+25
4.49651e+25
3.78511e+25
3.19001e+25
2.94468e+25
3.13844e+25
3.55705e+25
3.93259e+25
4.09345e+25
3.92473e+25
3.39483e+25
2.69217e+25
2.12078e+25
1.55999e+25
2.3914e+20
2.77514e+19
2.15168e+18
4.95822e+23
1.71327e+25
5.92354e+25
6.90931e+25
6.95053e+25
6.93965e+25
6.91168e+25
6.85794e+25
6.7662e+25
6.62049e+25
6.40104e+25
6.08559e+25
5.6536e+25
5.09645e+25
4.4369e+25
3.75809e+25
3.22882e+25
3.06736e+25
3.31623e+25
3.73754e+25
4.07904e+25
4.17719e+25
3.92302e+25
3.3203e+25
2.61089e+25
2.06584e+25
1.37708e+25
1.65049e+20
1.78385e+19
1.28635e+18
4.60408e+23
1.34648e+25
5.95195e+25
7.15162e+25
7.21719e+25
7.21883e+25
7.20807e+25
7.17675e+25
7.11309e+25
7.00113e+25
6.82005e+25
6.54415e+25
6.14494e+25
5.59862e+25
4.90394e+25
4.11279e+25
3.37964e+25
2.97814e+25
3.0788e+25
3.48933e+25
3.88578e+25
4.06761e+25
3.91131e+25
3.38253e+25
2.68063e+25
2.12128e+25
1.52207e+25
1.93295e+20
2.0597e+19
1.44162e+18
4.36731e+23
1.07751e+25
5.78766e+25
7.16252e+25
7.24864e+25
7.25629e+25
7.25401e+25
7.23415e+25
7.18558e+25
7.093e+25
6.9359e+25
6.68812e+25
6.31869e+25
5.7973e+25
5.10868e+25
4.27882e+25
3.44219e+25
2.88192e+25
2.85486e+25
3.24041e+25
3.67918e+25
3.93661e+25
3.88326e+25
3.45493e+25
2.7813e+25
2.18958e+25
1.69126e+25
2.99974e+20
3.47548e+19
2.64357e+18
4.30359e+23
8.47412e+24
5.7864e+25
7.17316e+25
7.26172e+25
7.27121e+25
7.27154e+25
7.25529e+25
7.21155e+25
7.12533e+25
6.97646e+25
6.73889e+25
6.38131e+25
5.87194e+25
5.19165e+25
4.35981e+25
3.50216e+25
2.89873e+25
2.83117e+25
3.20533e+25
3.65228e+25
3.92243e+25
3.88306e+25
3.46715e+25
2.79695e+25
2.20044e+25
1.70922e+25
3.16069e+20
3.69601e+19
2.83564e+18
4.33306e+23
9.11501e+24
5.79752e+25
7.16252e+25
7.24898e+25
7.25916e+25
7.26051e+25
7.24562e+25
7.20366e+25
7.11972e+25
6.97366e+25
6.73939e+25
6.38535e+25
5.87909e+25
5.19898e+25
4.36207e+25
3.49315e+25
2.87461e+25
2.79815e+25
3.17254e+25
3.62728e+25
3.90821e+25
3.88267e+25
3.48088e+25
2.81577e+25
2.2137e+25
1.72893e+25
3.38701e+20
4.01353e+19
3.11945e+18
4.4978e+23
1.438e+25
5.98918e+25
7.17452e+25
7.24208e+25
7.24924e+25
7.24631e+25
7.22562e+25
7.17604e+25
7.08233e+25
6.92421e+25
6.67577e+25
6.30657e+25
5.78731e+25
5.10466e+25
4.28995e+25
3.48421e+25
2.97128e+25
2.98926e+25
3.39343e+25
3.81825e+25
4.0354e+25
3.91704e+25
3.41865e+25
2.72022e+25
2.14913e+25
1.5929e+25
2.22922e+20
2.43157e+19
1.74048e+18
4.473e+23
1.16874e+25
5.86483e+25
7.11208e+25
7.18546e+25
7.19355e+25
7.19204e+25
7.17328e+25
7.12629e+25
7.03592e+25
6.88195e+25
6.63839e+25
6.27434e+25
5.75915e+25
5.0762e+25
4.25155e+25
3.42116e+25
2.87199e+25
2.86222e+25
3.26101e+25
3.70127e+25
3.94646e+25
3.86564e+25
3.40436e+25
2.7241e+25
2.15805e+25
1.63271e+25
2.39643e+20
2.62122e+19
1.87304e+18
4.20389e+23
8.76622e+24
5.63416e+25
7.09986e+25
7.1983e+25
7.21201e+25
7.21845e+25
7.2106e+25
7.17809e+25
7.1066e+25
6.97663e+25
6.76241e+25
6.43179e+25
5.94941e+25
5.28409e+25
4.43897e+25
3.5181e+25
2.79461e+25
2.61887e+25
2.95882e+25
3.4396e+25
3.77037e+25
3.80954e+25
3.47612e+25
2.84775e+25
2.24234e+25
1.78534e+25
4.0956e+20
4.99035e+19
3.96494e+18
4.12024e+23
7.09267e+24
5.6224e+25
7.10119e+25
7.20232e+25
7.21766e+25
7.22646e+25
7.22192e+25
7.19395e+25
7.12861e+25
7.00686e+25
6.80335e+25
6.48609e+25
6.01902e+25
5.36837e+25
4.53153e+25
3.60176e+25
2.84042e+25
2.61352e+25
2.92967e+25
3.41414e+25
3.75638e+25
3.80839e+25
3.48689e+25
2.86322e+25
2.2534e+25
1.79834e+25
3.08775e+23
5.2391e+19
4.19158e+18
4.08263e+23
8.25765e+24
5.60508e+25
7.09321e+25
7.19603e+25
7.21233e+25
7.22252e+25
7.21995e+25
7.19467e+25
7.13298e+25
7.01609e+25
6.81886e+25
6.50937e+25
6.05109e+25
5.40799e+25
4.57417e+25
3.63676e+25
2.85089e+25
2.59331e+25
2.8963e+25
3.38584e+25
3.73922e+25
3.80483e+25
3.49739e+25
2.88048e+25
2.26615e+25
1.81257e+25
1.6421e+24
5.61304e+19
4.54007e+18
4.0592e+23
6.05157e+24
5.54586e+25
7.07577e+25
7.18367e+25
7.20033e+25
7.21104e+25
7.2092e+25
7.18496e+25
7.12466e+25
7.00962e+25
6.81474e+25
6.50807e+25
6.0526e+25
5.41048e+25
4.57461e+25
3.6292e+25
2.82824e+25
2.55712e+25
2.85715e+25
3.35318e+25
3.71737e+25
3.79723e+25
3.50604e+25
2.89831e+25
2.27985e+25
1.82724e+25
3.22849e+24
6.12343e+19
5.0279e+18
4.23625e+23
1.05375e+25
5.71491e+25
7.06534e+25
7.1525e+25
7.16608e+25
7.17248e+25
7.16479e+25
7.13285e+25
7.06266e+25
6.9351e+25
6.72503e+25
6.40099e+25
5.92825e+25
5.27576e+25
4.44846e+25
3.54997e+25
2.85041e+25
2.69424e+25
3.04818e+25
3.5304e+25
3.84772e+25
3.85681e+25
3.48241e+25
2.82916e+25
2.23011e+25
1.75953e+25
3.51074e+20
4.12924e+19
3.16769e+18
4.60557e+23
1.02356e+25
5.54088e+25
6.7476e+25
6.81713e+25
6.82337e+25
6.81972e+25
6.79876e+25
6.74977e+25
6.65809e+25
6.50428e+25
6.26356e+25
5.9068e+25
5.40523e+25
4.73948e+25
3.9395e+25
3.13895e+25
2.62047e+25
2.63804e+25
3.05542e+25
3.5276e+25
3.81848e+25
3.80001e+25
3.40644e+25
2.75807e+25
2.18156e+25
1.71951e+25
3.4254e+20
4.11091e+19
3.24857e+18
4.34392e+23
5.10769e+24
5.29208e+25
6.68988e+25
6.78083e+25
6.79135e+25
6.79383e+25
6.78137e+25
6.7438e+25
6.66725e+25
6.53292e+25
6.31641e+25
5.98789e+25
5.51467e+25
4.86777e+25
4.05876e+25
3.19337e+25
2.53752e+25
2.42114e+25
2.78952e+25
3.29349e+25
3.65646e+25
3.74002e+25
3.46025e+25
2.8685e+25
2.26008e+25
1.82e+25
5.48112e+24
7.21531e+19
6.27358e+18
4.2415e+23
4.1526e+24
5.21213e+25
6.68073e+25
6.78058e+25
6.79205e+25
6.79584e+25
6.78523e+25
6.75023e+25
6.67716e+25
6.54747e+25
6.33694e+25
6.0158e+25
5.5506e+25
4.91118e+25
4.10588e+25
3.23397e+25
2.55437e+25
2.4078e+25
2.76259e+25
3.26972e+25
3.64237e+25
3.73804e+25
3.47056e+25
2.88509e+25
2.27331e+25
1.83276e+25
6.39091e+24
7.60221e+19
6.66052e+18
4.20086e+23
5.6332e+24
5.13534e+25
6.65133e+25
6.75707e+25
6.76876e+25
6.77287e+25
6.76275e+25
6.72848e+25
6.65645e+25
6.52824e+25
6.31971e+25
6.00115e+25
5.53877e+25
4.90217e+25
4.09812e+25
3.22327e+25
2.53398e+25
2.37669e+25
2.72757e+25
3.23881e+25
3.62052e+25
3.72901e+25
3.47673e+25
2.90072e+25
2.28555e+25
1.84378e+25
7.56925e+24
8.23721e+19
7.32357e+18
4.39273e+23
7.65274e+24
5.32908e+25
6.66328e+25
6.74759e+25
6.75632e+25
6.75629e+25
6.7405e+25
6.69876e+25
6.61705e+25
6.47664e+25
6.25343e+25
5.91849e+25
5.44129e+25
4.79802e+25
4.00733e+25
3.18417e+25
2.59662e+25
2.54036e+25
2.93146e+25
3.42582e+25
3.76216e+25
3.80373e+25
3.47111e+25
2.84521e+25
2.24304e+25
1.7954e+25
1.50189e+24
5.72882e+19
4.78077e+18
5.20128e+23
8.83651e+24
5.05563e+25
6.08327e+25
6.13026e+25
6.12137e+25
6.0973e+25
6.05015e+25
5.96872e+25
5.83836e+25
5.64073e+25
5.35473e+25
4.95974e+25
4.43982e+25
3.80147e+25
3.11235e+25
2.53963e+25
2.34133e+25
2.57979e+25
3.06068e+25
3.51967e+25
3.78451e+25
3.74453e+25
3.34452e+25
2.7098e+25
2.14815e+25
1.70759e+25
4.12295e+20
5.43008e+19
4.80755e+18
4.98613e+23
4.03518e+24
4.8374e+25
6.03778e+25
6.10238e+25
6.09721e+25
6.07835e+25
6.0382e+25
5.96588e+25
5.84691e+25
5.66295e+25
5.39228e+25
5.0121e+25
4.50083e+25
3.85822e+25
3.13812e+25
2.49065e+25
2.1914e+25
2.35384e+25
2.81442e+25
3.30612e+25
3.63938e+25
3.69888e+25
3.40792e+25
2.824e+25
2.22816e+25
1.79884e+25
8.06338e+24
9.37591e+19
9.11413e+18
4.84777e+23
4.34492e+24
4.75095e+25
6.03073e+25
6.10457e+25
6.10058e+25
6.08332e+25
6.04538e+25
5.97605e+25
5.86102e+25
5.68211e+25
5.41761e+25
5.0445e+25
4.54041e+25
3.90271e+25
3.18072e+25
2.51776e+25
2.18833e+25
2.32875e+25
2.78291e+25
3.28038e+25
3.62384e+25
3.69557e+25
3.41688e+25
2.83925e+25
2.24053e+25
1.8105e+25
8.78974e+24
9.91227e+19
9.71722e+18
4.8136e+23
2.61938e+24
4.6696e+25
6.00799e+25
6.08831e+25
6.08427e+25
6.06687e+25
6.02873e+25
5.95912e+25
5.84374e+25
5.66438e+25
5.39929e+25
5.025e+25
4.51808e+25
3.87675e+25
3.15061e+25
2.48437e+25
2.15803e+25
2.30047e+25
2.75617e+25
3.25793e+25
3.6088e+25
3.69175e+25
3.42654e+25
2.85706e+25
2.25506e+25
1.82281e+25
9.58664e+24
1.06595e+20
1.05847e+19
5.03666e+23
4.27609e+24
4.80198e+25
5.9397e+25
5.9975e+25
5.9885e+25
5.96446e+25
5.91776e+25
5.83754e+25
5.70964e+25
5.5165e+25
5.23801e+25
4.85471e+25
4.3523e+25
3.73751e+25
3.0722e+25
2.51342e+25
2.31396e+25
2.53753e+25
3.01448e+25
3.49003e+25
3.78816e+25
3.79256e+25
3.43381e+25
2.80801e+25
2.22074e+25
1.7826e+25
4.18594e+24
7.16666e+19
6.62741e+18
6.4783e+23
6.97187e+24
4.10479e+25
4.84465e+25
4.85329e+25
4.8126e+25
4.74686e+25
4.64889e+25
4.50946e+25
4.31826e+25
4.06575e+25
3.74652e+25
3.36406e+25
2.93222e+25
2.50137e+25
2.19261e+25
2.21217e+25
2.37971e+25
2.75833e+25
3.22973e+25
3.60958e+25
3.78173e+25
3.65264e+25
3.19636e+25
2.57032e+25
2.04743e+25
1.62186e+25
4.30209e+20
6.2759e+19
6.36937e+18
6.36846e+23
4.13656e+24
3.90542e+25
4.78819e+25
4.80897e+25
4.77065e+25
4.70805e+25
4.61377e+25
4.47821e+25
4.29045e+25
4.0399e+25
3.71951e+25
3.3246e+25
2.86751e+25
2.39736e+25
2.04708e+25
2.12175e+25
2.26891e+25
2.50854e+25
2.9975e+25
3.42984e+25
3.68867e+25
3.67533e+25
3.3294e+25
2.73739e+25
2.16844e+25
1.75538e+25
9.20725e+24
1.19711e+20
1.34352e+19
6.23498e+23
3.89471e+24
3.87352e+25
4.80296e+25
4.82913e+25
4.79264e+25
4.73234e+25
4.64091e+25
4.5087e+25
4.32467e+25
4.07788e+25
3.76052e+25
3.36731e+25
2.90954e+25
2.43331e+25
2.06121e+25
2.10231e+25
2.24753e+25
2.47707e+25
2.96517e+25
3.40251e+25
3.66972e+25
3.66728e+25
3.33249e+25
2.74571e+25
2.17397e+25
1.76086e+25
9.62999e+24
1.24757e+20
1.40934e+19
6.18288e+23
3.94614e+24
3.86965e+25
4.80865e+25
4.83643e+25
4.80121e+25
4.74261e+25
4.65328e+25
4.52356e+25
4.34228e+25
4.09828e+25
3.78325e+25
3.39109e+25
2.93206e+25
2.45073e+25
2.06584e+25
2.09393e+25
2.23735e+25
2.45297e+25
2.94109e+25
3.38359e+25
3.65916e+25
3.66769e+25
3.34397e+25
2.76192e+25
2.18618e+25
1.77144e+25
1.01558e+25
1.31935e+20
1.50341e+19
6.11127e+23
2.82738e+24
3.78395e+25
4.78385e+25
4.81762e+25
4.78263e+25
4.72429e+25
4.63533e+25
4.50611e+25
4.32549e+25
4.08228e+25
3.76808e+25
3.37615e+25
2.91632e+25
2.43282e+25
2.04627e+25
2.0854e+25
2.22803e+25
2.43274e+25
2.91685e+25
3.36468e+25
3.64894e+25
3.6694e+25
3.35838e+25
2.78238e+25
2.20255e+25
1.78543e+25
1.07875e+25
1.42477e+20
1.64488e+19
6.43756e+23
4.47909e+24
3.84048e+25
4.70778e+25
4.72797e+25
4.68913e+25
4.62585e+25
4.53108e+25
4.39567e+25
4.20937e+25
3.96262e+25
3.64929e+25
3.26696e+25
2.83185e+25
2.3943e+25
2.09141e+25
2.19315e+25
2.3445e+25
2.61232e+25
3.09911e+25
3.52227e+25
3.7649e+25
3.72669e+25
3.35122e+25
2.74091e+25
2.17267e+25
1.75502e+25
8.29115e+24
1.09257e+20
1.20667e+19
1.22691e+24
5.14228e+24
2.47686e+25
2.89912e+25
2.8918e+25
2.84787e+25
2.78303e+25
2.69715e+25
2.59031e+25
2.46458e+25
2.32525e+25
2.18068e+25
2.11654e+25
2.17798e+25
2.25764e+25
2.36075e+25
2.50188e+25
2.72472e+25
3.13343e+25
3.52462e+25
3.79907e+25
3.85863e+25
3.62546e+25
3.11169e+25
2.49833e+25
2.00785e+25
1.59552e+25
2.46222e+24
8.55707e+19
1.04693e+19
1.08225e+24
4.69126e+24
2.27355e+25
2.76878e+25
2.76496e+25
2.7209e+25
2.65616e+25
2.57028e+25
2.46301e+25
2.33595e+25
2.19263e+25
2.04083e+25
2.00355e+25
2.07044e+25
2.15299e+25
2.25391e+25
2.38353e+25
2.56412e+25
2.91561e+25
3.33314e+25
3.66234e+25
3.80553e+25
3.67579e+25
3.24475e+25
2.64068e+25
2.10613e+25
1.70925e+25
9.80412e+24
1.53548e+20
2.05686e+19
1.00102e+24
4.49506e+24
2.26362e+25
2.78316e+25
2.78102e+25
2.73686e+25
2.67178e+25
2.58525e+25
2.47686e+25
2.34804e+25
2.20218e+25
2.04612e+25
1.99154e+25
2.05883e+25
2.14107e+25
2.24096e+25
2.36871e+25
2.54606e+25
2.88794e+25
3.30747e+25
3.64179e+25
3.7931e+25
3.67363e+25
3.25187e+25
2.65074e+25
2.11313e+25
1.71646e+25
1.01337e+25
1.59356e+20
2.14492e+19
9.58741e+23
4.36733e+24
2.2248e+25
2.76602e+25
2.76594e+25
2.72235e+25
2.65788e+25
2.57192e+25
2.46399e+25
2.33538e+25
2.1891e+25
2.03174e+25
1.9814e+25
2.04842e+25
2.12996e+25
2.22884e+25
2.35515e+25
2.52997e+25
2.86221e+25
3.28369e+25
3.62323e+25
3.78327e+25
3.67538e+25
3.26424e+25
2.66596e+25
2.12335e+25
1.72585e+25
1.06192e+25
1.70393e+20
2.32036e+19
1.18977e+24
4.77351e+24
2.37368e+25
2.86231e+25
2.867e+25
2.83391e+25
2.78228e+25
2.71156e+25
2.62116e+25
2.51198e+25
2.38796e+25
2.25626e+25
2.14626e+25
2.20321e+25
2.27724e+25
2.37257e+25
2.50097e+25
2.69e+25
3.06737e+25
3.47241e+25
3.78627e+25
3.90654e+25
3.74409e+25
3.27845e+25
2.65462e+25
2.11718e+25
1.70957e+25
8.70185e+24
1.33673e+20
1.75308e+19
5.4228e+24
1.0021e+25
2.07669e+25
2.3283e+25
2.36842e+25
2.37917e+25
2.37712e+25
2.36614e+25
2.34885e+25
2.33027e+25
2.32333e+25
2.3487e+25
2.39932e+25
2.47882e+25
2.58979e+25
2.73806e+25
2.96277e+25
3.29898e+25
3.64516e+25
3.92326e+25
4.04625e+25
3.93397e+25
3.5486e+25
2.96898e+25
2.39107e+25
1.95381e+25
1.5561e+25
4.78501e+24
1.14306e+20
1.72587e+19
4.44552e+24
9.06044e+24
2.00656e+25
2.29246e+25
2.33471e+25
2.34963e+25
2.35368e+25
2.34999e+25
2.34566e+25
2.34298e+25
2.34564e+25
2.3598e+25
2.39292e+25
2.45197e+25
2.54226e+25
2.66998e+25
2.85085e+25
3.14925e+25
3.49931e+25
3.81679e+25
4.01299e+25
3.99953e+25
3.71347e+25
3.18245e+25
2.5752e+25
2.08209e+25
1.69933e+25
1.05559e+25
1.98684e+20
3.24338e+19
4.29432e+24
8.82718e+24
1.98123e+25
2.27368e+25
2.31574e+25
2.33027e+25
2.33399e+25
2.32982e+25
2.32365e+25
2.32069e+25
2.32436e+25
2.34003e+25
2.37443e+25
2.4339e+25
2.52244e+25
2.64723e+25
2.8253e+25
3.11873e+25
3.46895e+25
3.78916e+25
3.99096e+25
3.98568e+25
3.70892e+25
3.18462e+25
2.5783e+25
2.08287e+25
1.7016e+25
1.0765e+25
2.05173e+20
3.36327e+19
4.24e+24
8.82237e+24
1.94662e+25
2.2432e+25
2.28524e+25
2.29977e+25
2.30367e+25
2.3001e+25
2.2966e+25
2.29709e+25
2.30531e+25
2.32659e+25
2.3674e+25
2.43255e+25
2.5241e+25
2.64837e+25
2.8219e+25
3.10787e+25
3.45915e+25
3.78196e+25
3.98916e+25
3.99228e+25
3.7253e+25
3.20766e+25
2.60073e+25
2.10005e+25
1.71805e+25
1.11765e+25
2.17679e+20
3.59787e+19
5.38352e+24
1.03568e+25
2.09599e+25
2.37068e+25
2.41849e+25
2.43823e+25
2.4495e+25
2.45738e+25
2.46443e+25
2.47325e+25
2.48741e+25
2.51207e+25
2.55343e+25
2.61881e+25
2.71439e+25
2.84859e+25
3.04468e+25
3.35523e+25
3.69968e+25
3.99904e+25
4.16399e+25
4.10599e+25
3.76818e+25
3.19896e+25
2.58532e+25
2.10237e+25
1.70694e+25
9.45523e+24
1.682e+20
2.67157e+19
1.55157e+25
2.07649e+25
2.42963e+25
2.60799e+25
2.69758e+25
2.74897e+25
2.78199e+25
2.80513e+25
2.82341e+25
2.84138e+25
2.86465e+25
2.90089e+25
2.9603e+25
3.0552e+25
3.19755e+25
3.39323e+25
3.63323e+25
3.88601e+25
4.09736e+25
4.19896e+25
4.12138e+25
3.81803e+25
3.31299e+25
2.73109e+25
2.22453e+25
1.84276e+25
1.46041e+25
4.37641e+24
1.29617e+20
2.39297e+19
1.29866e+25
1.88016e+25
2.32929e+25
2.53042e+25
2.6221e+25
2.67467e+25
2.71023e+25
2.7369e+25
2.75903e+25
2.78038e+25
2.80559e+25
2.84109e+25
2.89585e+25
2.98133e+25
3.11014e+25
3.29205e+25
3.52607e+25
3.79097e+25
4.04091e+25
4.2106e+25
4.22682e+25
4.02566e+25
3.59202e+25
3.01305e+25
2.45484e+25
2.02728e+25
1.67381e+25
1.10831e+25
2.55383e+20
5.12093e+19
1.26895e+25
1.85938e+25
2.32064e+25
2.52492e+25
2.61719e+25
2.67013e+25
2.70606e+25
2.73301e+25
2.75519e+25
2.77619e+25
2.80045e+25
2.83426e+25
2.88644e+25
2.96843e+25
3.09298e+25
3.27017e+25
3.50005e+25
3.76296e+25
4.0141e+25
4.18819e+25
4.21125e+25
4.01826e+25
3.59182e+25
3.01609e+25
2.45638e+25
2.02623e+25
1.67362e+25
1.11836e+25
2.59833e+20
5.21747e+19
1.25303e+25
1.84066e+25
2.30929e+25
2.51514e+25
2.60764e+25
2.661e+25
2.69759e+25
2.72537e+25
2.74847e+25
2.77037e+25
2.79535e+25
2.82955e+25
2.8816e+25
2.9628e+25
3.08583e+25
3.26092e+25
3.48853e+25
3.75001e+25
4.00183e+25
4.17933e+25
4.20833e+25
4.02278e+25
3.60284e+25
3.02948e+25
2.46748e+25
2.03399e+25
1.68178e+25
1.13972e+25
2.68659e+20
5.41636e+19
1.24683e+25
1.8134e+25
2.28986e+25
2.49694e+25
2.58904e+25
2.64216e+25
2.67877e+25
2.7068e+25
2.73037e+25
2.75295e+25
2.77881e+25
2.81404e+25
2.86721e+25
2.94953e+25
3.07362e+25
3.24974e+25
3.47841e+25
3.74128e+25
3.99562e+25
4.17761e+25
4.21344e+25
4.03626e+25
3.62335e+25
3.05175e+25
2.48609e+25
2.04832e+25
1.69672e+25
1.17604e+25
2.86369e+20
5.8245e+19
1.41636e+25
2.04027e+25
2.46538e+25
2.66409e+25
2.75806e+25
2.81203e+25
2.84784e+25
2.87376e+25
2.8942e+25
2.91291e+25
2.93453e+25
2.96567e+25
3.0156e+25
3.09626e+25
3.22067e+25
3.3984e+25
3.62758e+25
3.88554e+25
4.12468e+25
4.27785e+25
4.27068e+25
4.04104e+25
3.58142e+25
2.98975e+25
2.43391e+25
2.01182e+25
1.65161e+25
1.03183e+25
2.27517e+20
4.50033e+19
2.50136e+25
2.59563e+25
2.69486e+25
2.7791e+25
2.84775e+25
2.90544e+25
2.95694e+25
3.00624e+25
3.05694e+25
3.11289e+25
3.17867e+25
3.25985e+25
3.36274e+25
3.49327e+25
3.65429e+25
3.84143e+25
4.0383e+25
4.21344e+25
4.32115e+25
4.3067e+25
4.11909e+25
3.73947e+25
3.21938e+25
2.67752e+25
2.22343e+25
1.87523e+25
1.52763e+25
7.94416e+24
1.90681e+20
4.15157e+19
2.3864e+25
2.52696e+25
2.6591e+25
2.76089e+25
2.8369e+25
2.89631e+25
2.94622e+25
2.9915e+25
3.03593e+25
3.08326e+25
3.13791e+25
3.20547e+25
3.29276e+25
3.40708e+25
3.5541e+25
3.73397e+25
3.93598e+25
4.13406e+25
4.28571e+25
4.336e+25
4.22719e+25
3.92041e+25
3.43518e+25
2.87395e+25
2.37017e+25
1.98709e+25
1.66153e+25
1.17653e+25
3.24203e+20
7.53974e+19
2.35081e+25
2.49656e+25
2.63223e+25
2.73584e+25
2.81268e+25
2.8725e+25
2.92267e+25
2.96816e+25
3.01279e+25
3.0603e+25
3.11509e+25
3.18272e+25
3.26997e+25
3.38413e+25
3.53099e+25
3.7109e+25
3.9135e+25
4.11315e+25
4.26774e+25
4.32256e+25
4.21966e+25
3.91924e+25
3.43879e+25
2.87913e+25
2.37404e+25
1.98938e+25
1.66503e+25
1.18877e+25
3.31574e+20
7.72361e+19
2.2609e+25
2.41211e+25
2.55408e+25
2.66271e+25
2.74298e+25
2.80516e+25
2.85715e+25
2.90429e+25
2.95065e+25
3.00017e+25
3.0574e+25
3.128e+25
3.21879e+25
3.33703e+25
3.48831e+25
3.67264e+25
3.87929e+25
4.08237e+25
4.23987e+25
4.2976e+25
4.19824e+25
3.90213e+25
3.42574e+25
2.86847e+25
2.36393e+25
1.97966e+25
1.65758e+25
1.18969e+25
3.38543e+20
7.92539e+19
2.44173e+25
2.56558e+25
2.68379e+25
2.77633e+25
2.84656e+25
2.90211e+25
2.94912e+25
2.992e+25
3.03437e+25
3.07996e+25
3.13322e+25
3.19983e+25
3.28666e+25
3.4009e+25
3.54784e+25
3.72686e+25
3.92609e+25
4.1182e+25
4.25985e+25
4.2961e+25
4.1707e+25
3.8492e+25
3.35828e+25
2.80406e+25
2.31327e+25
1.93922e+25
1.61083e+25
1.07398e+25
2.75365e+20
6.27709e+19
0
0
0
0
0
0
0
0
0
0
0
0
0
0
0
0
0
0
0
0
0
0
0
0
0
0
0
0
0
0
0
0
0
0
0
0
0
0
0
0
0
0
0
0
0
0
0
0
0
0
0
0
0
0
0
0
0
0
0
0
0
0
0
0
0
0
0
0
0
0
0
0
0
0
0
0
0
0
0
0
0
0
0
0
0
0
0
0
0
0
0
0
0
0
0
0
0
0
0
0
0
0
0
0
0
0
0
0
0
0
0
0
0
0
0
0
0
0
0
0
0
0
0
0
0
0
0
0
0
0
0
0
0
0
0
0
0
0
0
0
0
0
0
0
0
0
0
0
0
0
0
0
0
0
0
0
0
0
0
0
0
0
0
0
0
0
0
0
0
0
0
0
0
0
0
0
0
0
0
0
0
0
0
0
0
0
0
0
0
0
0
0
0
0
0
0
0
0
0
0
0
0
0
0
0
0
0
0
0
0
0
0
0
0
0
0
0
0
0
0
0
0
0
0
0
0
0
0
0
0
0
0
0
0
0
0
0
0
0
0
0
0
0
0
0
0
0
0
0
0
0
0
0
0
0
0
0
0
0
0
0
0
0
0
0
0
0
0
0
0
0
0
0
0
0
0
0
0
0
0
0
0
0
0
0
0
0
0
0
0
0
0
0
0
0
0
0
0
0
0
0
0
0
0
0
0
0
0
0
0
0
0
0
0
0
0
0
0
0
0
0
0
0
0
0
0
0
0
0
0
0
0
0
0
0
0
0
0
0
0
0
0
0
0
0
0
0
0
0
0
0
0
0
0
0
0
0
0
0
0
0
0
0
0
0
0
0
0
0
0
0
0
0
0
0
0
0
0
0
0
0
0
0
0
0
0
0
0
0
0
0
0
0
0
0
0
0
0
0
0
0
0
0
0
0
0
0
0
0
0
0
0
0
0
0
0
0
0
0
0
0
0
0
0
0
0
0
0
0
0
0
0
0
0
0
0
0
0
0
0
0
0
0
0
0
0
0
0
0
0
0
0
0
0
0
0
0
0
0
0
0
0
0
0
0
0
0
0
0
0
0
0
0
0
0
0
0
0
0
0
0
0
0
0
0
0
0
0
0
0
0
0
0
0
0
0
0
0
0
0
0
0
0
0
0
0
0
0
0
0
0
0
0
0
0
0
0
0
0
0
0
0
0
0
0
0
0
0
0
0
0
0
0
0
0
0
0
0
0
0
0
0
0
0
0
0
0
0
0
0
0
0
0
0
0
0
0
0
0
0
0
0
0
0
0
0
0
0
0
0
0
0
0
0
0
0
0
0
0
0
0
0
0
0
0
0
0
0
0
0
0
0
0
0
0
0
0
0
0
0
0
0
0
0
0
0
0
0
0
0
0
0
0
0
0
0
0
0
0
0
0
0
0
0
0
0
0
0
0
0
0
0
0
0
0
0
0
0
0
0
0
0
0
0
0
0
0
0
0
0
0
0
0
0
0
0
0
0
0
0
0
0
0
0
0
0
0
0
0
0
0
0
0
0
0
0
0
0
0
0
0
0
0
0
0
0
0
0
0
0
0
0
0
0
0
0
0
0
0
0
0
0
0
0
0
0
0
0
0
0
0
0
0
0
0
0
0
0
0
0
0
0
0
0
0
0
0
0
0
0
0
0
0
0
0
0
0
0
0
0
0
0
0
0
0
0
0
0
0
0
0
0
0
0
0
0
0
0
0
0
0
0
0
0
0
0
0
0
0
0
0
0
0
0
0
0
0
0
0
0
0
0
0
0
0
0
0
0
0
0
0
0
0
0
0
0
0
0
0
0
0
0
0
0
0
0
0
0
0
0
0
0
0
0
0
0
0
0
0
0
0
0
0
0
0
0
0
0
0
0
0
0
0
0
0
0
0
0
0
0
0
0
0
0
0
0
0
0
0
0
0
0
0
0
0
0
0
0
0
0
0
0
0
0
0
0
0
0
0
0
0
0
0
0
0
0
0
0
0
0
0
0
0
0
0
0
0
0
0
0
0
0
0
0
0
0
0
0
0
0
0
0
0
0
0
0
0
0
0
0
0
0
0
0
0
0
0
0
0
0
0
0
0
0
0
0
0
0
0
0
0
0
0
0
0
0
0
0
0
0
0
0
0
0
0
0
0
0
0
0
0
0
0
0
0
0
0
0
0
0
0
0
0
0
0
0
0
0
0
0
0
0
0
0
0
0
0
0
0
0
0
0
0
0
0
0
0
0
0
0
0
0
0
0
0
0
0
0
0
0
0
0
0
0
0
0
0
0
0
0
0
0
0
0
0
0
0
0
0
0
0
0
0
0
0
0
0
0
0
0
0
0
0
0
0
0
0
0
0
0
0
0
0
0
0
0
0
0
0
0
0
0
0
0
0
0
0
0
0
0
0
0
0
0
0
0
0
0
0
0
0
0
0
0
0
0
0
0
0
0
0
0
0
0
0
0
0
0
0
0
0
0
0
0
0
0
0
0
0
0
0
0
0
0
0
0
0
0
0
0
0
0
0
0
0
0
0
0
0
0
0
0
0
0
0
0
0
0
0
0
0
0
0
0
0
0
0
0
0
0
0
0
0
0
0
0
0
0
0
0
0
0
0
0
0
0
0
0
0
0
0
0
0
0
0
0
0
0
0
0
0
0
0
0
0
0
0
0
0
0
0
0
0
0
0
0
0
0
0
0
0
0
0
0
0
0
0
0
0
0
0
0
0
0
0
0
0
0
0
0
0
0
0
0
0
0
0
0
0
0
0
0
0
0
0
0
0
0
0
0
0
0
0
0
0
0
0
0
0
0
0
0
0
0
0
0
0
0
0
0
0
0
0
0
0
0
0
0
0
0
0
0
0
0
0
0
0
0
0
0
0
0
0
0
0
0
0
0
0
0
0
0
0
0
0
0
0
0
0
0
0
0
0
0
0
0
0
0
0
0
0
0
0
0
0
0
0
0
0
0
0
0
0
0
0
0
0
0
0
0
0
0
0
0
0
0
0
0
0
0
0
0
0
0
0
0
0
0
0
0
0
0
0
0
0
0
0
0
0
0
0
0
0
0
0
0
0
0
0
0
0
0
0
0
0
0
0
0
0
0
0
0
0
0
0
0
0
0
0
0
0
0
0
0
0
0
0
0
0
0
0
0
0
0
0
0
0
0
0
0
0
0
0
0
0
0
0
0
0
0
0
0
0
0
0
0
0
0
0
0
)
;

boundaryField
{
    fuelBottom
    {
        type            empty;
    }
    fuelTop_1
    {
        type            empty;
    }
    fuelOuter
    {
        type            zeroGradient;
    }
    fuelTop
    {
        type            empty;
    }
    fuelInner
    {
        type            zeroGradient;
    }
    cladBottom
    {
        type            empty;
    }
    cladInner
    {
        type            zeroGradient;
    }
    cladOuter
    {
        type            zeroGradient;
    }
    cladTop
    {
        type            empty;
    }
    front
    {
        type            wedge;
    }
    back
    {
        type            wedge;
    }
}


// ************************************************************************* //
