/*--------------------------------*- C++ -*----------------------------------*\
| =========                 |                                                 |
| \\      /  F ield         | OpenFOAM: The Open Source CFD Toolbox           |
|  \\    /   O peration     | Version:  2412                                  |
|   \\  /    A nd           | Website:  www.openfoam.com                      |
|    \\/     M anipulation  |                                                 |
\*---------------------------------------------------------------------------*/
FoamFile
{
    version     2.0;
    format      ascii;
    arch        "LSB;label=32;scalar=64";
    note        "nPoints:3766  nCells:5831  nFaces:18526  nInternalFaces:10629";
    class       labelList;
    location    "constant/fluidRegion/polyMesh";
    object      neighbour;
}
// * * * * * * * * * * * * * * * * * * * * * * * * * * * * * * * * * * * * * //


10629
(
1
2
4
2538
3
5
3
13
2541
14
5
7
2544
6
8
9
8
10
2547
9
11
12
11
13
2550
12
14
14
2553
16
24
30
2559
17
25
31
26
32
19
27
30
2556
20
28
31
29
32
22
24
27
2565
23
25
28
26
29
25
2568
26
28
2571
29
31
2562
32
34
39
42
2589
35
40
43
41
44
37
39
45
2574
38
40
46
41
47
40
2577
41
43
48
2583
44
49
50
46
48
2586
47
49
50
49
2580
50
52
53
58
2604
54
59
54
63
2592
64
56
58
61
2595
57
59
62
60
59
2607
60
62
63
2598
64
64
2601
66
69
73
2610
70
74
68
69
75
2622
70
76
70
2616
72
73
75
2619
74
76
74
2613
76
2625
78
83
87
2628
84
88
80
81
85
2640
82
86
82
83
2631
84
84
2634
86
87
2637
88
88
2643
90
92
97
2646
91
93
98
99
93
100
2649
101
95
100
102
2652
96
101
103
104
98
102
2655
99
103
104
101
2658
103
2661
104
106
111
114
2676
107
112
115
113
116
109
111
120
2667
110
112
121
113
122
112
2670
113
115
117
2673
116
118
119
118
120
2679
119
121
122
121
2664
122
124
132
135
2682
125
133
136
134
137
127
135
138
2685
128
136
139
137
140
130
132
138
2688
131
133
139
134
140
133
2691
134
136
2694
137
139
2697
140
142
143
145
2700
144
146
144
148
2703
149
146
150
2706
147
151
152
149
153
2712
154
151
153
2715
152
154
154
2709
156
161
163
2727
162
164
158
159
163
2718
160
164
160
165
2724
166
162
165
2721
166
164
2733
166
2730
168
169
175
2736
170
176
170
171
2751
172
172
173
2745
174
174
177
2748
178
176
177
2742
178
178
2739
180
182
188
2754
181
183
189
184
183
190
2757
184
191
192
186
190
193
2766
187
191
194
192
189
193
2760
194
191
2763
192
194
2769
196
201
207
2778
197
202
208
203
209
199
201
204
2775
200
202
205
203
206
202
2772
203
205
210
2784
206
211
212
208
210
2781
209
211
212
211
2787
212
214
216
225
2799
215
217
226
218
227
217
222
2802
218
223
224
220
225
228
2790
221
226
229
227
230
223
228
2805
224
229
230
226
2796
227
229
2793
230
232
234
237
2808
233
235
238
236
239
235
240
2811
236
241
242
238
243
2814
239
244
245
241
246
2817
242
247
248
244
246
2820
245
247
248
247
2823
248
250
251
257
2826
252
258
252
255
2829
256
254
257
259
2832
258
260
256
259
2835
260
258
2838
260
2841
262
263
269
2844
264
270
264
265
2847
266
266
271
2850
272
268
269
271
2853
270
272
270
2856
272
2859
274
275
277
2862
276
278
276
281
2868
282
278
279
2874
280
280
283
2871
284
282
283
2865
284
284
2877
286
294
297
2880
287
295
298
296
299
289
291
294
2883
290
292
295
293
296
292
300
2886
293
301
302
295
2889
296
298
300
2892
299
301
302
301
2895
302
304
309
312
2898
305
310
313
311
314
307
309
318
2901
308
310
319
311
320
310
2904
311
313
315
2907
314
316
317
316
318
2910
317
319
320
319
2913
320
322
323
325
2916
324
326
324
330
2919
331
326
327
2922
328
328
332
2925
329
333
334
331
332
2928
333
333
2931
334
336
339
341
2937
340
342
338
343
345
2940
344
346
340
345
2934
346
342
343
2943
344
344
2949
346
2946
348
351
357
2967
352
358
350
351
353
2958
352
354
352
2961
354
355
2952
356
356
357
2955
358
358
2964
360
362
367
2970
361
363
368
364
369
363
365
2973
364
366
366
373
2976
374
368
370
2979
369
371
372
371
373
2982
372
374
374
2985
376
378
381
2994
377
379
382
380
383
379
387
2988
380
388
389
382
384
3003
383
385
386
385
390
2997
386
391
392
388
390
2991
389
391
392
391
3000
392
394
396
402
3015
395
397
403
398
404
397
399
3012
398
400
401
400
408
3009
401
409
410
403
405
3021
404
406
407
406
408
3006
407
409
410
409
3018
410
412
414
417
3036
413
415
418
416
419
415
423
3030
416
424
425
418
426
3039
419
427
428
421
423
426
3024
422
424
427
425
428
424
3027
425
427
3033
428
430
431
433
3042
432
434
432
435
3045
436
434
437
3048
438
436
439
3051
440
438
439
3054
440
440
3057
442
449
451
3060
450
452
444
447
449
3063
448
450
446
447
451
3066
448
452
448
3069
450
3072
452
3075
454
459
461
3084
460
462
456
457
459
3081
458
460
458
463
3090
464
460
3078
462
463
3087
464
464
3093
466
471
477
3096
467
472
478
473
479
469
471
474
3099
470
472
475
473
476
472
3105
473
475
480
3102
476
481
482
478
480
3111
479
481
482
481
3108
482
484
486
489
3114
485
487
490
488
491
487
495
3117
488
496
497
490
492
3120
491
493
494
493
498
3123
494
499
500
496
498
3126
497
499
500
499
3129
500
502
504
510
3138
503
505
511
506
512
505
507
3147
506
508
509
508
516
3144
509
517
518
511
513
3132
512
514
515
514
516
3135
515
517
518
517
3141
518
520
523
527
3156
524
528
522
523
525
3165
524
526
524
3162
526
529
3159
530
528
529
3153
530
530
3150
532
539
541
3168
540
542
534
535
539
3171
536
540
536
537
3174
538
538
541
3177
542
540
3180
542
3183
544
545
549
3186
546
550
546
547
3189
548
548
551
3192
552
550
553
3195
554
552
553
3198
554
554
3201
556
558
570
3204
557
559
571
560
572
559
564
3207
560
565
566
562
564
567
3210
563
565
568
566
569
565
3213
566
568
570
3216
569
571
572
571
3219
572
574
576
582
3234
575
577
583
578
584
577
585
3237
578
586
587
580
582
588
3222
581
583
589
584
590
583
3228
584
586
588
3231
587
589
590
589
3225
590
592
596
599
3240
593
597
600
598
595
596
603
3243
597
604
597
3246
598
600
601
3249
602
602
603
3252
604
604
3255
606
609
613
3258
610
614
608
611
613
3261
612
614
610
615
3264
616
612
615
3267
616
614
3270
616
3273
618
621
623
3276
622
624
620
621
627
3279
622
628
622
3282
624
625
3285
626
626
627
3288
628
628
3291
630
635
638
3294
631
636
639
637
633
635
640
3297
634
636
641
637
642
636
3306
637
639
643
3300
644
641
643
3303
642
644
644
3309
646
651
657
3324
647
652
658
653
659
649
654
660
3327
650
655
661
656
662
652
654
3312
653
655
656
655
3315
656
658
660
3318
659
661
662
661
3321
662
664
669
672
3330
665
670
673
671
674
667
669
678
3333
668
670
679
671
680
670
3336
671
673
675
3339
674
676
677
676
678
3342
677
679
680
679
3345
680
682
690
696
3348
683
691
697
692
698
685
690
693
3357
686
691
694
692
695
688
693
696
3351
689
694
697
695
698
691
3354
692
694
3363
695
697
3360
698
700
705
707
3366
706
708
702
703
709
3369
704
710
704
707
3372
708
706
709
3375
710
708
3378
710
3381
712
713
715
3384
714
716
714
717
3387
718
716
719
3390
720
718
721
3393
722
720
721
3396
722
722
3399
724
725
729
3402
726
730
726
731
3405
732
728
729
733
3408
730
734
730
3411
732
733
3414
734
734
3417
736
738
747
3420
737
739
748
740
749
739
750
3426
740
751
752
742
744
750
3423
743
745
751
746
752
745
747
3429
746
748
749
748
3432
749
751
3435
752
754
756
762
3438
755
757
763
758
764
757
759
3441
758
760
761
760
768
3444
761
769
770
763
765
3447
764
766
767
766
768
3450
767
769
770
769
3453
770
772
774
777
3456
773
775
778
776
779
775
783
3459
776
784
785
778
780
3462
779
781
782
781
786
3465
782
787
788
784
786
3468
785
787
788
787
3471
788
790
791
793
3474
792
794
792
797
3477
798
794
799
3480
800
796
797
799
3483
798
800
798
3486
800
3489
802
803
807
3492
804
808
804
809
3495
810
806
809
811
3498
810
812
808
811
3501
812
810
3504
812
3507
814
815
819
3519
816
820
816
817
3513
818
818
821
3525
822
820
823
3516
824
822
823
3522
824
824
3510
826
828
834
3528
827
829
835
830
836
829
837
3537
830
838
839
832
834
840
3534
833
835
841
836
842
835
3531
836
838
840
3543
839
841
842
841
3540
842
844
852
855
3546
845
853
856
854
857
847
849
852
3549
848
850
853
851
854
850
858
3552
851
859
860
853
3555
854
856
858
3558
857
859
860
859
3561
860
862
864
867
3564
863
865
868
866
869
865
870
3570
866
871
872
868
873
3567
869
874
875
871
876
3573
872
877
878
874
876
3576
875
877
878
877
3579
878
880
881
883
3582
882
884
882
887
3585
888
884
885
3588
886
886
889
3591
890
888
889
3594
890
890
3597
892
893
897
3600
894
898
894
899
3603
900
896
897
901
3609
898
902
898
3606
900
901
3612
902
902
3615
904
905
907
3618
906
908
906
913
3624
914
908
909
3621
910
910
911
3627
912
912
913
3633
914
914
3630
916
918
921
3636
917
919
922
920
923
919
927
3639
920
928
929
922
930
3642
923
931
932
925
927
930
3645
926
928
931
929
932
928
3648
929
931
3651
932
934
936
942
3654
935
937
943
938
944
937
939
3660
938
940
941
940
945
3663
941
946
947
943
948
3666
944
949
950
946
948
3657
947
949
950
949
3669
950
952
953
958
3672
954
959
954
960
3675
955
961
957
958
962
3678
959
963
959
3681
961
962
3684
963
963
3687
965
966
968
3690
967
969
967
972
3693
973
969
970
3696
971
971
974
3699
975
973
974
3702
975
975
3705
977
978
980
3720
979
981
979
984
3723
985
981
982
3714
983
983
986
3708
987
985
986
3717
987
987
3711
989
991
994
3726
990
992
995
993
996
992
997
3729
993
998
999
995
1003
3732
996
1004
1005
998
1000
3735
999
1001
1002
1001
1003
3738
1002
1004
1005
1004
3741
1005
1007
1009
1012
3747
1008
1010
1013
1011
1014
1010
1015
3744
1011
1016
1017
1013
1018
3756
1014
1019
1020
1016
1021
3753
1017
1022
1023
1019
1021
3759
1020
1022
1023
1022
3750
1023
1025
1027
1039
3774
1026
1028
1040
1029
1041
1028
1030
3771
1029
1031
1032
1031
1033
3765
1032
1034
1035
1034
1036
3762
1035
1037
1038
1037
1039
3768
1038
1040
1041
1040
3777
1041
1043
1045
1048
3786
1044
1046
1049
1047
1050
1046
1054
3780
1047
1055
1056
1049
1051
3789
1050
1052
1053
1052
1057
3783
1053
1058
1059
1055
1057
3795
1056
1058
1059
1058
3792
1059
1061
1064
1070
3807
1065
1071
1063
1068
1070
3801
1069
1071
1065
1066
3810
1067
1067
1068
3804
1069
1069
3798
1071
3813
1073
1074
1078
3816
1075
1079
1075
1076
3831
1077
1077
1080
3819
1081
1079
1082
3822
1083
1081
1082
3825
1083
1083
3828
1085
1086
1088
3834
1087
1089
1087
1090
3837
1091
1089
1092
3840
1093
1091
1094
3843
1095
1093
1094
3846
1095
1095
3849
1097
1099
1105
3861
1098
1100
1106
1101
1107
1100
1102
3852
1101
1103
1104
1103
1108
3855
1104
1109
1110
1106
1111
3858
1107
1112
1113
1109
1111
3867
1110
1112
1113
1112
3864
1113
1115
1117
1129
3882
1116
1118
1130
1119
1131
1118
1126
3879
1119
1127
1128
1121
1123
1129
3870
1122
1124
1130
1125
1131
1124
1126
3873
1125
1127
1128
1127
3876
1128
1130
3885
1131
1133
1135
1141
3891
1134
1136
1142
1137
1143
1136
1138
3897
1137
1139
1140
1139
1144
3903
1140
1145
1146
1142
1147
3888
1143
1148
1149
1145
1147
3900
1146
1148
1149
1148
3894
1149
1151
1154
1160
3921
1155
1161
1153
1158
1160
3906
1159
1161
1155
1156
3918
1157
1157
1158
3915
1159
1159
3909
1161
3912
1163
1164
1170
3924
1165
1171
1165
1172
3933
1173
1167
1168
1170
3930
1169
1171
1169
1172
3939
1173
1171
3927
1173
3936
1175
1176
1178
3942
1177
1179
1177
1180
3945
1181
1179
1184
3948
1185
1181
1182
3951
1183
1183
1184
3954
1185
1185
3957
1187
1192
1198
3960
1188
1193
1199
1194
1200
1190
1195
1201
3963
1191
1196
1202
1197
1203
1193
1201
3966
1194
1202
1203
1196
1198
3969
1197
1199
1200
1199
3972
1200
1202
3975
1203
1205
1207
1213
3990
1206
1208
1214
1209
1215
1208
1210
3978
1209
1211
1212
1211
1216
3984
1212
1217
1218
1214
1219
3993
1215
1220
1221
1217
1219
3981
1218
1220
1221
1220
3987
1221
1223
1225
1228
4008
1224
1226
1229
1227
1230
1226
1231
3999
1227
1232
1233
1229
1234
4011
1230
1235
1236
1232
1237
3996
1233
1238
1239
1235
1237
4005
1236
1238
1239
1238
4002
1239
1241
1242
1244
4020
1243
1245
1243
1248
4014
1249
1245
1246
4023
1247
1247
1250
4029
1251
1249
1250
4017
1251
1251
4026
1253
1254
1256
4032
1255
1257
1255
1258
4035
1259
1257
1260
4038
1261
1259
1262
4041
1263
1261
1262
4044
1263
1263
4047
1265
1266
1268
4050
1267
1269
1267
1274
4053
1275
1269
1270
4056
1271
1271
1272
4059
1273
1273
1274
4062
1275
1275
4065
1277
1285
1291
4068
1278
1286
1292
1287
1293
1280
1282
1288
4071
1281
1283
1289
1284
1290
1283
1285
4074
1284
1286
1287
1286
4077
1287
1289
1291
4080
1290
1292
1293
1292
4083
1293
1295
1297
1303
4089
1296
1298
1304
1299
1305
1298
1306
4098
1299
1307
1308
1301
1303
1309
4086
1302
1304
1310
1305
1311
1304
4092
1305
1307
1309
4095
1308
1310
1311
1310
4101
1311
1313
1315
1318
4104
1314
1316
1319
1317
1320
1316
1321
4107
1317
1322
1323
1319
1324
4110
1320
1325
1326
1322
1327
4113
1323
1328
1329
1325
1327
4116
1326
1328
1329
1328
4119
1329
1331
1336
1338
4122
1337
1339
1333
1338
1340
4125
1339
1341
1335
1336
1340
4128
1337
1341
1337
4131
1339
4134
1341
4137
1343
1344
1348
4152
1345
1349
1345
1346
4140
1347
1347
1352
4143
1353
1349
1350
4146
1351
1351
1352
4149
1353
1353
4155
1355
1356
1360
4158
1357
1361
1357
1358
4161
1359
1359
1364
4164
1365
1361
1362
4167
1363
1363
1364
4170
1365
1365
4173
1367
1369
1372
4176
1368
1370
1373
1371
1374
1370
1378
4179
1371
1379
1380
1373
1381
4182
1374
1382
1383
1376
1378
1381
4185
1377
1379
1382
1380
1383
1379
4188
1380
1382
4191
1383
1385
1387
1390
4200
1386
1388
1391
1389
1392
1388
1393
4206
1389
1394
1395
1391
1399
4203
1392
1400
1401
1394
1396
4197
1395
1397
1398
1397
1399
4194
1398
1400
1401
1400
4209
1401
1403
1408
1410
4212
1409
1411
1405
1406
1408
4215
1407
1409
1407
1412
4221
1413
1409
4218
1411
1412
4224
1413
1413
4227
1415
1418
1420
4230
1419
1421
1417
1422
1424
4233
1423
1425
1419
1422
4239
1423
1421
1424
4242
1425
1423
4245
1425
4236
1427
1428
1432
4251
1429
1433
1429
1430
4248
1431
1431
1436
4257
1437
1433
1434
4254
1435
1435
1436
4260
1437
1437
4263
1439
1441
1447
4266
1440
1442
1448
1443
1449
1442
1444
4269
1443
1445
1446
1445
1453
4272
1446
1454
1455
1448
1450
4275
1449
1451
1452
1451
1453
4278
1452
1454
1455
1454
4281
1455
1457
1459
1465
4284
1458
1460
1466
1461
1467
1460
1462
4287
1461
1463
1464
1463
1468
4290
1464
1469
1470
1466
1471
4293
1467
1472
1473
1469
1471
4296
1470
1472
1473
1472
4299
1473
1475
1477
1480
4305
1476
1478
1481
1479
1482
1478
1486
4302
1479
1487
1488
1481
1483
4308
1482
1484
1485
1484
1489
4314
1485
1490
1491
1487
1489
4311
1488
1490
1491
1490
4317
1491
1493
1495
1504
4320
1494
1496
1505
1497
1506
1496
1498
4329
1497
1499
1500
1499
1507
4335
1500
1508
1509
1502
1504
1507
4326
1503
1505
1508
1506
1509
1505
4323
1506
1508
4332
1509
1511
1512
1514
4353
1513
1515
1513
1518
4350
1519
1515
1516
4347
1517
1517
1520
4341
1521
1519
1520
4344
1521
1521
4338
1523
1524
1526
4356
1525
1527
1525
1528
4365
1529
1527
1530
4359
1531
1529
1532
4371
1533
1531
1532
4362
1533
1533
4368
1535
1536
1540
4380
1537
1541
1537
1538
4377
1539
1539
1542
4374
1543
1541
1544
4386
1545
1543
1544
4383
1545
1545
4389
1547
1549
1552
4404
1548
1550
1553
1551
1554
1550
1561
4401
1551
1562
1563
1553
1558
4395
1554
1559
1560
1556
1558
1561
4398
1557
1559
1562
1560
1563
1559
4392
1560
1562
4407
1563
1565
1567
1570
4416
1566
1568
1571
1569
1572
1568
1579
4410
1569
1580
1581
1571
1573
4425
1572
1574
1575
1574
1576
4419
1575
1577
1578
1577
1579
4413
1578
1580
1581
1580
4422
1581
1583
1585
1588
4443
1584
1586
1589
1587
1590
1586
1591
4440
1587
1592
1593
1589
1594
4434
1590
1595
1596
1592
1597
4437
1593
1598
1599
1595
1597
4428
1596
1598
1599
1598
4431
1599
1601
1602
1606
4446
1603
1607
1603
1604
4449
1605
1605
1610
4452
1611
1607
1608
4455
1609
1609
1610
4458
1611
1611
4461
1613
1616
1620
4476
1617
1621
1615
1620
1622
4467
1621
1623
1617
1618
4470
1619
1619
1622
4473
1623
1621
4479
1623
4464
1625
1626
1628
4482
1627
1629
1627
1630
4485
1631
1629
1632
4488
1633
1631
1634
4491
1635
1633
1634
4494
1635
1635
4497
1637
1642
1648
4500
1638
1643
1649
1644
1650
1640
1642
1651
4503
1641
1643
1652
1644
1653
1643
4506
1644
1646
1648
1651
4509
1647
1649
1652
1650
1653
1649
4512
1650
1652
4515
1653
1655
1657
1666
4518
1656
1658
1667
1659
1668
1658
1660
4521
1659
1661
1662
1661
1669
4524
1662
1670
1671
1664
1666
1669
4527
1665
1667
1670
1668
1671
1667
4530
1668
1670
4533
1671
1673
1678
1681
4536
1674
1679
1682
1680
1683
1676
1681
1684
4542
1677
1682
1685
1683
1686
1679
1687
4545
1680
1688
1689
1682
4539
1683
1685
1687
4548
1686
1688
1689
1688
4551
1689
1691
1692
1694
4554
1693
1695
1693
1698
4557
1699
1695
1696
4560
1697
1697
1700
4563
1701
1699
1700
4566
1701
1701
4569
1703
1704
1706
4572
1705
1707
1705
1708
4584
1709
1707
1710
4587
1711
1709
1712
4575
1713
1711
1712
4578
1713
1713
4581
1715
1716
1720
4593
1717
1721
1717
1718
4590
1719
1719
1724
4596
1725
1721
1722
4599
1723
1723
1724
4605
1725
1725
4602
1727
1729
1732
4608
1728
1730
1733
1731
1734
1730
1735
4611
1731
1736
1737
1733
1738
4614
1734
1739
1740
1736
1741
4617
1737
1742
1743
1739
1741
4620
1740
1742
1743
1742
4623
1743
1745
1747
1750
4626
1746
1748
1751
1749
1752
1748
1753
4629
1749
1754
1755
1751
1756
4635
1752
1757
1758
1754
1759
4641
1755
1760
1761
1757
1759
4632
1758
1760
1761
1760
4638
1761
1763
1765
1771
4644
1764
1766
1772
1767
1773
1766
1768
4647
1767
1769
1770
1769
1774
4650
1770
1775
1776
1772
1777
4653
1773
1778
1779
1775
1777
4656
1776
1778
1779
1778
4659
1779
1781
1782
1788
4662
1783
1789
1783
1784
4665
1785
1785
1790
4668
1791
1787
1788
1790
4671
1789
1791
1789
4674
1791
4677
1793
1794
1796
4680
1795
1797
1795
1798
4686
1799
1797
1800
4683
1801
1799
1802
4692
1803
1801
1802
4689
1803
1803
4695
1805
1806
1808
4710
1807
1809
1807
1814
4707
1815
1809
1810
4713
1811
1811
1812
4704
1813
1813
1814
4698
1815
1815
4701
1817
1819
1825
4716
1818
1820
1826
1821
1827
1820
1831
4719
1821
1832
1833
1823
1825
1828
4722
1824
1826
1829
1827
1830
1826
4725
1827
1829
1831
4728
1830
1832
1833
1832
4731
1833
1835
1843
1846
4734
1836
1844
1847
1845
1848
1838
1840
1843
4737
1839
1841
1844
1842
1845
1841
1849
4740
1842
1850
1851
1844
4743
1845
1847
1849
4746
1848
1850
1851
1850
4749
1851
1853
1858
1861
4752
1854
1859
1862
1860
1863
1856
1858
1867
4755
1857
1859
1868
1860
1869
1859
4758
1860
1862
1864
4761
1863
1865
1866
1865
1867
4767
1866
1868
1869
1868
4764
1869
1871
1872
1876
4770
1873
1877
1873
1878
4773
1879
1875
1878
1880
4776
1879
1881
1877
1880
4779
1881
1879
4782
1881
4785
1883
1884
1888
4788
1885
1889
1885
1886
4791
1887
1887
1890
4794
1891
1889
1892
4797
1893
1891
1892
4800
1893
1893
4803
1895
1896
1898
4815
1897
1899
1897
1900
4818
1901
1899
1902
4821
1903
1901
1904
4809
1905
1903
1904
4812
1905
1905
4806
1907
1915
1918
4824
1908
1916
1919
1917
1920
1910
1918
1921
4827
1911
1919
1922
1920
1923
1913
1915
1921
4830
1914
1916
1922
1917
1923
1916
4833
1917
1919
4836
1920
1922
4839
1923
1925
1933
1936
4842
1926
1934
1937
1935
1938
1928
1933
1939
4845
1929
1934
1940
1935
1941
1931
1936
1939
4848
1932
1937
1940
1938
1941
1934
4851
1935
1937
4854
1938
1940
4857
1941
1943
1944
1946
4860
1945
1947
1945
1948
4863
1949
1947
1952
4866
1953
1949
1950
4869
1951
1951
1952
4872
1953
1953
4875
1955
1958
1964
4878
1959
1965
1957
1960
1962
4893
1961
1963
1959
1962
4884
1963
1961
1964
4887
1965
1963
4890
1965
4881
1967
1970
1976
4896
1971
1977
1969
1970
1974
4902
1971
1975
1971
4905
1973
1974
1976
4899
1975
1977
1975
4908
1977
4911
1979
1987
1990
4929
1980
1988
1991
1989
1992
1982
1984
1990
4914
1983
1985
1991
1986
1992
1985
1993
4917
1986
1994
1995
1988
1993
4920
1989
1994
1995
1991
4923
1992
1994
4926
1995
1997
1999
2002
4938
1998
2000
2003
2001
2004
2000
2008
4941
2001
2009
2010
2003
2011
4947
2004
2012
2013
2006
2008
2011
4932
2007
2009
2012
2010
2013
2009
4944
2010
2012
4935
2013
2015
2017
2020
4959
2016
2018
2021
2019
2022
2018
2029
4965
2019
2030
2031
2021
2026
4953
2022
2027
2028
2024
2026
2029
4950
2025
2027
2030
2028
2031
2027
4956
2028
2030
4962
2031
2033
2035
2041
4968
2034
2036
2042
2037
2043
2036
2038
4971
2037
2039
2040
2039
2047
4974
2040
2048
2049
2042
2044
4977
2043
2045
2046
2045
2047
4980
2046
2048
2049
2048
4983
2049
2051
2054
2060
4998
2055
2061
2053
2054
2056
4986
2055
2057
2055
5001
2057
2058
4989
2059
2059
2060
4995
2061
2061
4992
2063
2064
2068
5016
2065
2069
2065
2066
5019
2067
2067
2070
5013
2071
2069
2072
5010
2073
2071
2072
5004
2073
2073
5007
2075
2076
2080
5022
2077
2081
2077
2078
5025
2079
2079
2082
5028
2083
2081
2084
5031
2085
2083
2084
5034
2085
2085
5037
2087
2089
2092
5055
2088
2090
2093
2091
2094
2090
2095
5040
2091
2096
2097
2093
2098
5052
2094
2099
2100
2096
2101
5043
2097
2102
2103
2099
2101
5046
2100
2102
2103
2102
5049
2103
2105
2107
2110
5058
2106
2108
2111
2109
2112
2108
2116
5061
2109
2117
2118
2111
2113
5064
2112
2114
2115
2114
2119
5067
2115
2120
2121
2117
2119
5070
2118
2120
2121
2120
5073
2121
2123
2125
2131
5079
2124
2126
2132
2127
2133
2126
2134
5085
2127
2135
2136
2129
2134
2137
5076
2130
2135
2138
2136
2139
2132
2137
5082
2133
2138
2139
2135
5088
2136
2138
5091
2139
2141
2142
2146
5100
2143
2147
2143
2144
5094
2145
2145
2148
5097
2149
2147
2150
5109
2151
2149
2150
5103
2151
2151
5106
2153
2154
2156
5124
2155
2157
2155
2158
5127
2159
2157
2160
5118
2161
2159
2162
5121
2163
2161
2162
5112
2163
2163
5115
2165
2166
2168
5133
2167
2169
2167
2170
5145
2171
2169
2172
5142
2173
2171
2174
5139
2175
2173
2174
5136
2175
2175
5130
2177
2179
2188
5148
2178
2180
2189
2181
2190
2180
2185
5151
2181
2186
2187
2183
2188
2191
5157
2184
2189
2192
2190
2193
2186
2191
5154
2187
2192
2193
2189
5160
2190
2192
5163
2193
2195
2197
2200
5172
2196
2198
2201
2199
2202
2198
2203
5169
2199
2204
2205
2201
2206
5175
2202
2207
2208
2204
2209
5166
2205
2210
2211
2207
2209
5178
2208
2210
2211
2210
5181
2211
2213
2215
2221
5184
2214
2216
2222
2217
2223
2216
2224
5187
2217
2225
2226
2219
2224
2227
5190
2220
2225
2228
2226
2229
2222
2227
5193
2223
2228
2229
2225
5196
2226
2228
5199
2229
2231
2232
2236
5202
2233
2237
2233
2234
5205
2235
2235
2240
5208
2241
2237
2238
5211
2239
2239
2240
5214
2241
2241
5217
2243
2244
2248
5220
2245
2249
2245
2246
5223
2247
2247
2250
5226
2251
2249
2252
5229
2253
2251
2252
5232
2253
2253
5235
2255
2256
2260
5253
2257
2261
2257
2262
5247
2263
2259
2262
2264
5238
2263
2265
2261
2264
5250
2265
2263
5244
2265
5241
2267
2269
2275
5256
2268
2270
2276
2271
2277
2270
2278
5259
2271
2279
2280
2273
2275
2281
5262
2274
2276
2282
2277
2283
2276
5265
2277
2279
2281
5268
2280
2282
2283
2282
5271
2283
2285
2287
2293
5274
2286
2288
2294
2289
2295
2288
2296
5277
2289
2297
2298
2291
2296
2299
5280
2292
2297
2300
2298
2301
2294
2299
5283
2295
2300
2301
2297
5286
2298
2300
5289
2301
2303
2305
2311
5292
2304
2306
2312
2307
2313
2306
2308
5295
2307
2309
2310
2309
2317
5298
2310
2318
2319
2312
2314
5301
2313
2315
2316
2315
2317
5304
2316
2318
2319
2318
5307
2319
2321
2326
2328
5310
2327
2329
2323
2328
2330
5313
2329
2331
2325
2326
2330
5316
2327
2331
2327
5319
2329
5322
2331
5325
2333
2338
2340
5328
2339
2341
2335
2340
2342
5331
2341
2343
2337
2338
2342
5334
2339
2343
2339
5337
2341
5340
2343
5343
2345
2346
2348
5349
2347
2349
2347
2352
5346
2353
2349
2350
5352
2351
2351
2354
5355
2355
2353
2354
5358
2355
2355
5361
2357
2359
2362
5370
2358
2360
2363
2361
2364
2360
2368
5373
2361
2369
2370
2363
2365
5367
2364
2366
2367
2366
2371
5364
2367
2372
2373
2369
2371
5379
2370
2372
2373
2372
5376
2373
2375
2377
2389
5382
2376
2378
2390
2379
2391
2378
2386
5385
2379
2387
2388
2381
2383
2389
5388
2382
2384
2390
2385
2391
2384
2386
5391
2385
2387
2388
2387
5394
2388
2390
5397
2391
2393
2395
2401
5412
2394
2396
2402
2397
2403
2396
2398
5406
2397
2399
2400
2399
2407
5403
2400
2408
2409
2402
2404
5409
2403
2405
2406
2405
2407
5400
2406
2408
2409
2408
5415
2409
2411
2412
2414
5433
2413
2415
2413
2418
5421
2419
2415
2420
5430
2421
2417
2418
2420
5418
2419
2421
2419
5424
2421
5427
2423
2424
2426
5436
2425
2427
2425
2430
5442
2431
2427
2432
5439
2433
2429
2430
2432
5445
2431
2433
2431
5448
2433
5451
2435
2436
2440
5454
2437
2441
2437
2438
5457
2439
2439
2442
5460
2443
2441
2444
5463
2445
2443
2444
5466
2445
2445
5469
2447
2449
2452
5475
2448
2450
2453
2451
2454
2450
2455
5484
2451
2456
2457
2453
2458
5481
2454
2459
2460
2456
2461
5487
2457
2462
2463
2459
2461
5478
2460
2462
2463
2462
5472
2463
2465
2467
2473
5499
2466
2468
2474
2469
2475
2468
2479
5493
2469
2480
2481
2471
2476
2479
5490
2472
2477
2480
2478
2481
2474
2476
5505
2475
2477
2478
2477
5502
2478
2480
5496
2481
2483
2485
2491
5514
2484
2486
2492
2487
2493
2486
2488
5511
2487
2489
2490
2489
2497
5508
2490
2498
2499
2492
2494
5523
2493
2495
2496
2495
2497
5517
2496
2498
2499
2498
5520
2499
2501
2502
2506
5526
2503
2507
2503
2504
5529
2505
2505
2508
5532
2509
2507
2510
5535
2511
2509
2510
5538
2511
2511
5541
2513
2514
2518
5547
2515
2519
2515
2516
5544
2517
2517
2520
5550
2521
2519
2522
5553
2523
2521
2522
5556
2523
2523
5559
2525
2530
2534
5565
2531
2535
2527
2528
2532
5562
2529
2533
2529
2530
5568
2531
2531
5577
2533
2534
5571
2535
2535
5574
2537
2539
2542
2538
2540
2543
2541
2544
2540
2551
2541
2552
2553
2543
2545
2544
2546
2547
2546
2548
2547
2549
2550
2549
2551
2550
2552
2553
2552
2553
2555
2560
2569
2556
2561
2570
2562
2571
2558
2560
2566
2559
2561
2567
2562
2568
2561
2562
2564
2566
2569
2565
2567
2570
2568
2571
2567
2568
2570
2571
2573
2575
2584
2574
2576
2585
2577
2586
2576
2587
2577
2588
2589
2579
2581
2584
2580
2582
2585
2583
2586
2582
2587
2583
2588
2589
2585
2586
2588
2589
2591
2599
2602
2592
2600
2603
2601
2604
2594
2596
2605
2595
2597
2606
2598
2607
2597
2599
2598
2600
2601
2600
2601
2603
2605
2604
2606
2607
2606
2607
2609
2611
2614
2610
2612
2615
2613
2616
2612
2617
2613
2618
2619
2615
2620
2616
2621
2622
2618
2623
2619
2624
2625
2621
2623
2622
2624
2625
2624
2625
2627
2632
2641
2628
2633
2642
2634
2643
2630
2632
2638
2631
2633
2639
2634
2640
2633
2634
2636
2638
2641
2637
2639
2642
2640
2643
2639
2640
2642
2643
2645
2647
2653
2646
2648
2654
2649
2655
2648
2656
2649
2657
2658
2651
2656
2659
2652
2657
2660
2658
2661
2654
2659
2655
2660
2661
2657
2658
2660
2661
2663
2665
2677
2664
2666
2678
2667
2679
2666
2668
2667
2669
2670
2669
2674
2670
2675
2676
2672
2674
2677
2673
2675
2678
2676
2679
2675
2676
2678
2679
2681
2689
2692
2682
2690
2693
2691
2694
2684
2692
2695
2685
2693
2696
2694
2697
2687
2689
2695
2688
2690
2696
2691
2697
2690
2691
2693
2694
2696
2697
2699
2701
2704
2700
2702
2705
2703
2706
2702
2710
2703
2711
2712
2705
2713
2706
2714
2715
2708
2710
2713
2709
2711
2714
2712
2715
2711
2712
2714
2715
2717
2722
2731
2718
2723
2732
2724
2733
2720
2725
2728
2721
2726
2729
2727
2730
2723
2728
2724
2729
2730
2726
2731
2727
2732
2733
2729
2730
2732
2733
2735
2740
2749
2736
2741
2750
2742
2751
2738
2740
2746
2739
2741
2747
2742
2748
2741
2742
2744
2746
2749
2745
2747
2750
2748
2751
2747
2748
2750
2751
2753
2755
2758
2754
2756
2759
2757
2760
2756
2761
2757
2762
2763
2759
2767
2760
2768
2769
2762
2764
2763
2765
2766
2765
2767
2766
2768
2769
2768
2769
2771
2773
2776
2772
2774
2777
2775
2778
2774
2782
2775
2783
2784
2777
2779
2778
2780
2781
2780
2785
2781
2786
2787
2783
2785
2784
2786
2787
2786
2787
2789
2791
2794
2790
2792
2795
2793
2796
2792
2803
2793
2804
2805
2795
2797
2796
2798
2799
2798
2800
2799
2801
2802
2801
2803
2802
2804
2805
2804
2805
2807
2809
2812
2808
2810
2813
2811
2814
2810
2815
2811
2816
2817
2813
2818
2814
2819
2820
2816
2821
2817
2822
2823
2819
2821
2820
2822
2823
2822
2823
2825
2827
2836
2826
2828
2837
2829
2838
2828
2833
2829
2834
2835
2831
2836
2839
2832
2837
2840
2838
2841
2834
2839
2835
2840
2841
2837
2838
2840
2841
2843
2845
2854
2844
2846
2855
2847
2856
2846
2848
2847
2849
2850
2849
2857
2850
2858
2859
2852
2854
2857
2853
2855
2858
2856
2859
2855
2856
2858
2859
2861
2866
2872
2862
2867
2873
2868
2874
2864
2866
2875
2865
2867
2876
2868
2877
2867
2868
2870
2872
2875
2871
2873
2876
2874
2877
2873
2874
2876
2877
2879
2887
2890
2880
2888
2891
2889
2892
2882
2884
2887
2883
2885
2888
2886
2889
2885
2893
2886
2894
2895
2888
2889
2891
2893
2892
2894
2895
2894
2895
2897
2902
2905
2898
2903
2906
2904
2907
2900
2902
2911
2901
2903
2912
2904
2913
2903
2904
2906
2908
2907
2909
2910
2909
2911
2910
2912
2913
2912
2913
2915
2917
2920
2916
2918
2921
2919
2922
2918
2926
2919
2927
2928
2921
2923
2922
2924
2925
2924
2929
2925
2930
2931
2927
2929
2928
2930
2931
2930
2931
2933
2935
2944
2934
2936
2945
2937
2946
2936
2941
2937
2942
2943
2939
2944
2947
5578
2940
2945
2948
2946
2949
2942
2947
2943
2948
2949
2945
2946
2948
5579
2949
2951
2953
2956
2952
2954
2957
2955
2958
2954
2962
2955
2963
2964
2957
2959
5580
2958
2960
2961
2960
2965
5581
2961
2966
2967
2963
2965
2964
2966
2967
2966
2967
2969
2971
2977
2970
2972
2978
2973
2979
2972
2974
2973
2975
2976
2975
2983
2976
2984
2985
2978
2980
2979
2981
2982
2981
2983
2982
2984
2985
2984
2985
2987
2989
2992
2988
2990
2993
2991
2994
2990
2998
2991
2999
3000
2993
3001
2994
3002
3003
2996
2998
3001
2997
2999
3002
3000
3003
2999
3000
3002
3003
3005
3016
3019
3006
3017
3020
3018
3021
3008
3010
3016
3009
3011
3017
3012
3018
3011
3013
3012
3014
3015
3014
3019
3015
3020
3021
3017
3018
3020
3021
3023
3025
3031
3024
3026
3032
3027
3033
3026
3028
3027
3029
3030
3029
3034
3030
3035
3036
3032
3037
3033
3038
3039
3035
3037
3036
3038
3039
3038
3039
3041
3043
3046
3042
3044
3047
3045
3048
3044
3049
3045
3050
3051
3047
3052
3048
3053
3054
3050
3055
3051
3056
3057
3053
3055
3054
3056
3057
3056
3057
3059
3070
3073
3060
3071
3074
3072
3075
3062
3067
3070
3063
3068
3071
3069
3072
3065
3067
3073
5582
3066
3068
3074
3069
3075
3068
5583
3069
3071
3072
3074
3075
3077
3079
3082
3078
3080
3083
3081
3084
3080
3088
3081
3089
3090
3083
3085
3084
3086
3087
3086
3091
3087
3092
3093
3089
3091
3090
3092
3093
3092
3093
3095
3103
3109
3096
3104
3110
3105
3111
3098
3100
3103
3099
3101
3104
3102
3105
3101
3106
3102
3107
3108
3104
3105
3107
3109
3108
3110
3111
3110
3111
3113
3115
3118
3114
3116
3119
3117
3120
3116
3124
3117
3125
3126
3119
3121
3120
3122
3123
3122
3127
3123
3128
3129
3125
3127
3126
3128
3129
3128
3129
3131
3133
3136
3132
3134
3137
3135
3138
3134
3139
3135
3140
3141
3137
3145
3138
3146
3147
3140
3142
3141
3143
3144
3143
3145
3144
3146
3147
3146
3147
3149
3151
3157
3150
3152
3158
3153
3159
3152
3154
3153
3155
3156
3155
3160
3156
3161
3162
3158
3163
3159
3164
3165
3161
3163
3162
3164
3165
3164
3165
3167
3178
3181
5584
3168
3179
3182
3180
3183
3170
3172
3178
3171
3173
3179
3174
3180
3173
3175
3174
3176
3177
3176
3181
3177
3182
3183
3179
3180
3182
5585
3183
3185
3187
3193
3186
3188
3194
3189
3195
3188
3190
3189
3191
3192
3191
3196
3192
3197
3198
3194
3199
3195
3200
3201
3197
3199
3198
3200
3201
3200
3201
3203
3205
3217
3204
3206
3218
3207
3219
3206
3211
3207
3212
3213
3209
3211
3214
3210
3212
3215
3213
3216
3212
3213
3215
3217
3216
3218
3219
3218
3219
3221
3223
3226
3222
3224
3227
3225
3228
3224
3229
3225
3230
3231
3227
3232
3228
3233
3234
3230
3235
3231
3236
3237
3233
3235
3234
3236
3237
3236
3237
3239
3244
3247
3240
3245
3248
3246
3249
3242
3244
3253
3243
3245
3254
3246
3255
3245
3246
3248
3250
3249
3251
3252
3251
3253
3252
3254
3255
3254
3255
3257
3262
3268
5586
3258
3263
3269
3264
3270
3260
3265
3268
5587
3261
3266
3269
3267
3270
3263
3271
5588
3264
3272
3273
3266
3271
5589
3267
3272
3273
3269
5590
3270
3272
5591
3273
3275
3280
3283
5592
3276
3281
3284
3282
3285
3278
3280
3289
5593
3279
3281
3290
3282
3291
3281
5594
3282
3284
3286
5595
3285
3287
3288
3287
3289
5596
3288
3290
3291
3290
5597
3291
3293
3298
3304
3294
3299
3305
3300
3306
3296
3301
3304
3297
3302
3305
3303
3306
3299
3307
3300
3308
3309
3302
3307
3303
3308
3309
3305
3306
3308
3309
3311
3313
3322
3312
3314
3323
3315
3324
3314
3325
3315
3326
3327
3317
3319
3322
3318
3320
3323
3321
3324
3320
3325
3321
3326
3327
3323
3324
3326
3327
3329
3334
3337
3330
3335
3338
3336
3339
3332
3334
3343
3333
3335
3344
3336
3345
3335
3336
3338
3340
3339
3341
3342
3341
3343
3342
3344
3345
3344
3345
3347
3352
3358
3348
3353
3359
3354
3360
3350
3358
3361
3351
3359
3362
3360
3363
3353
3355
3354
3356
3357
3356
3361
3357
3362
3363
3359
3360
3362
3363
3365
3373
3376
3366
3374
3377
3375
3378
3368
3370
3379
5599
3369
3371
3380
3372
3381
3371
3376
5600
3372
3377
3378
3374
3379
3375
3380
3381
3377
5601
3378
3380
5598
3381
3383
3385
3388
5602
3384
3386
3389
3387
3390
3386
3391
5603
3387
3392
3393
3389
3394
5604
3390
3395
3396
3392
3397
5605
3393
3398
3399
3395
3397
5606
3396
3398
3399
3398
5607
3399
3401
3403
3409
3402
3404
3410
3405
3411
3404
3412
3405
3413
3414
3407
3409
3415
3408
3410
3416
3411
3417
3410
3411
3413
3415
3414
3416
3417
3416
3417
3419
3424
3430
3420
3425
3431
3426
3432
3422
3427
3433
3423
3428
3434
3429
3435
3425
3433
3426
3434
3435
3428
3430
3429
3431
3432
3431
3432
3434
3435
3437
3439
3445
3438
3440
3446
3441
3447
3440
3442
3441
3443
3444
3443
3451
3444
3452
3453
3446
3448
3447
3449
3450
3449
3451
3450
3452
3453
3452
3453
3455
3457
3460
3456
3458
3461
3459
3462
3458
3466
3459
3467
3468
3461
3463
3462
3464
3465
3464
3469
3465
3470
3471
3467
3469
3468
3470
3471
3470
3471
3473
3475
3478
3474
3476
3479
3477
3480
3476
3484
3477
3485
3486
3479
3487
3480
3488
3489
3482
3484
3487
3483
3485
3488
3486
3489
3485
3486
3488
3489
3491
3493
3499
5608
3492
3494
3500
3495
3501
3494
3502
5609
3495
3503
3504
3497
3502
3505
5610
3498
3503
3506
3504
3507
3500
3505
5611
3501
3506
3507
3503
5612
3504
3506
5613
3507
3509
3514
3520
3510
3515
3521
3516
3522
3512
3517
3523
3513
3518
3524
3519
3525
3515
3517
3516
3518
3519
3518
3519
3521
3523
3522
3524
3525
3524
3525
3527
3529
3535
3528
3530
3536
3531
3537
3530
3532
3531
3533
3534
3533
3538
3534
3539
3540
3536
3541
3537
3542
3543
3539
3541
3540
3542
3543
3542
3543
3545
3553
3556
3546
3554
3557
3555
3558
3548
3550
3553
3549
3551
3554
3552
3555
3551
3559
3552
3560
3561
3554
3555
3557
3559
3558
3560
3561
3560
3561
3563
3565
3568
3564
3566
3569
3567
3570
3566
3574
3567
3575
3576
3569
3571
3570
3572
3573
3572
3577
3573
3578
3579
3575
3577
3576
3578
3579
3578
3579
3581
3583
3586
3582
3584
3587
3585
3588
3584
3592
3585
3593
3594
3587
3589
3588
3590
3591
3590
3595
3591
3596
3597
3593
3595
3594
3596
3597
3596
3597
3599
3601
3604
5614
3600
3602
3605
3603
3606
3602
3610
5615
3603
3611
3612
3605
3607
5616
3606
3608
3609
3608
3613
5617
3609
3614
3615
3611
3613
5618
3612
3614
3615
3614
5619
3615
3617
3619
3622
3618
3620
3623
3621
3624
3620
3625
3621
3626
3627
3623
3628
5620
3624
3629
3630
3626
3631
3627
3632
3633
3629
3631
3630
3632
3633
3632
3633
3635
3637
3640
3636
3638
3641
3639
3642
3638
3646
3639
3647
3648
3641
3649
3642
3650
3651
3644
3646
3649
3645
3647
3650
3648
3651
3647
3648
3650
3651
3653
3658
3664
3654
3659
3665
3660
3666
3656
3661
3667
3657
3662
3668
3663
3669
3659
3661
3660
3662
3663
3662
3663
3665
3667
3666
3668
3669
3668
3669
3671
3673
3679
3672
3674
3680
3675
3681
3674
3682
3675
3683
3684
3677
3679
3685
3678
3680
3686
3681
3687
3680
3681
3683
3685
3684
3686
3687
3686
3687
3689
3691
3694
5621
3690
3692
3695
3693
3696
3692
3700
5622
3693
3701
3702
3695
3697
5623
3696
3698
3699
3698
3703
5624
3699
3704
3705
3701
3703
5625
3702
3704
3705
3704
5626
3705
3707
3709
3712
5632
3708
3710
3713
3711
3714
3710
3715
5630
3711
3716
3717
3713
3718
5631
3714
3719
3720
3716
3721
5628
3717
3722
3723
3719
3721
5629
3720
3722
3723
3722
5627
3723
3725
3727
3730
3726
3728
3731
3729
3732
3728
3733
3729
3734
3735
3731
3739
3732
3740
3741
3734
3736
3735
3737
3738
3737
3739
3738
3740
3741
3740
3741
3743
3745
3751
3744
3746
3752
3747
3753
3746
3754
3747
3755
3756
3749
3751
3757
3750
3752
3758
3753
3759
3752
3753
3755
3757
3756
3758
3759
3758
3759
3761
3763
3766
3762
3764
3767
3765
3768
3764
3769
3765
3770
3771
3767
3775
3768
3776
3777
3770
3772
3771
3773
3774
3773
3775
3774
3776
3777
3776
3777
3779
3784
3793
3780
3785
3794
3786
3795
3782
3787
3790
3783
3788
3791
3789
3792
3785
3787
3786
3788
3789
3788
3789
3791
3793
3792
3794
3795
3794
3795
3797
3799
3802
5637
3798
3800
3803
3801
3804
3800
3811
5634
3801
3812
3813
3803
3808
5636
3804
3809
3810
3806
3808
3811
5633
3807
3809
3812
3810
3813
3809
5635
3810
3812
5638
3813
3815
3820
3829
5639
3816
3821
3830
3822
3831
3818
3823
3829
5640
3819
3824
3830
3825
3831
3821
3826
5641
3822
3827
3828
3824
3826
5642
3825
3827
3828
3827
5643
3828
3830
5644
3831
3833
3835
3838
3834
3836
3839
3837
3840
3836
3841
3837
3842
3843
3839
3844
3840
3845
3846
3842
3847
3843
3848
3849
3845
3847
3846
3848
3849
3848
3849
3851
3853
3859
3852
3854
3860
3855
3861
3854
3865
3855
3866
3867
3857
3859
3862
3858
3860
3863
3861
3864
3860
3861
3863
3865
3864
3866
3867
3866
3867
3869
3871
3883
3870
3872
3884
3873
3885
3872
3874
3873
3875
3876
3875
3877
3876
3878
3879
3878
3880
3879
3881
3882
3881
3883
3882
3884
3885
3884
3885
3887
3889
3892
3888
3890
3893
3891
3894
3890
3895
3891
3896
3897
3893
3898
3894
3899
3900
3896
3901
3897
3902
3903
3899
3901
3900
3902
3903
3902
3903
3905
3907
3910
5645
3906
3908
3911
3909
3912
3908
3913
5646
3909
3914
3915
3911
3919
5647
3912
3920
3921
3914
3916
5648
3915
3917
3918
3917
3919
3918
3920
3921
3920
3921
3923
3925
3931
5649
3924
3926
3932
3927
3933
3926
3928
5650
3927
3929
3930
3929
3937
5651
3930
3938
3939
3932
3934
5652
3933
3935
3936
3935
3937
5653
3936
3938
3939
3938
5654
3939
3941
3943
3946
3942
3944
3947
3945
3948
3944
3949
3945
3950
3951
3947
3955
3948
3956
3957
3950
3952
3951
3953
3954
3953
3955
3954
3956
3957
3956
3957
3959
3964
3970
3960
3965
3971
3966
3972
3962
3967
3973
3963
3968
3974
3969
3975
3965
3973
3966
3974
3975
3968
3970
3969
3971
3972
3971
3972
3974
3975
3977
3982
3988
3978
3983
3989
3984
3990
3980
3982
3985
3981
3983
3986
3984
3987
3983
3984
3986
3991
3987
3992
3993
3989
3991
3990
3992
3993
3992
3993
3995
3997
4000
3996
3998
4001
3999
4002
3998
4006
3999
4007
4008
4001
4003
4002
4004
4005
4004
4009
4005
4010
4011
4007
4009
4008
4010
4011
4010
4011
4013
4015
4018
4014
4016
4019
4017
4020
4016
4024
4017
4025
4026
4019
4021
4020
4022
4023
4022
4027
4023
4028
4029
4025
4027
4026
4028
4029
4028
4029
4031
4033
4036
5655
4032
4034
4037
4035
4038
4034
4039
5656
4035
4040
4041
4037
4042
5659
4038
4043
4044
4040
4045
5657
4041
4046
4047
4043
4045
5660
4044
4046
4047
4046
5658
4047
4049
4051
4054
4050
4052
4055
4053
4056
4052
4063
4053
4064
4065
4055
4057
4056
4058
4059
4058
4060
4059
4061
4062
4061
4063
4062
4064
4065
4064
4065
4067
4075
4081
4068
4076
4082
4077
4083
4070
4072
4078
4071
4073
4079
4074
4080
4073
4075
4074
4076
4077
4076
4077
4079
4081
4080
4082
4083
4082
4083
4085
4090
4099
4086
4091
4100
4092
4101
4088
4090
4096
4089
4091
4097
4092
4098
4091
4092
4094
4096
4099
4095
4097
4100
4098
4101
4097
4098
4100
4101
4103
4105
4108
4104
4106
4109
4107
4110
4106
4111
4107
4112
4113
4109
4114
4110
4115
4116
4112
4117
4113
4118
4119
4115
4117
4116
4118
4119
4118
4119
4121
4129
4132
4122
4130
4133
4131
4134
4124
4132
4135
4125
4133
4136
4134
4137
4127
4129
4135
4128
4130
4136
4131
4137
4130
4131
4133
4134
4136
4137
4139
4141
4150
5664
4140
4142
4151
4143
4152
4142
4153
5666
4143
4154
4155
4145
4147
4150
5662
4146
4148
4151
4149
4152
4148
4153
5665
4149
4154
4155
4151
5661
4152
4154
5663
4155
4157
4159
4165
5670
4158
4160
4166
4161
4167
4160
4162
5669
4161
4163
4164
4163
4171
5667
4164
4172
4173
4166
4168
5672
4167
4169
4170
4169
4171
5671
4170
4172
4173
4172
5668
4173
4175
4177
4180
4176
4178
4181
4179
4182
4178
4186
4179
4187
4188
4181
4189
4182
4190
4191
4184
4186
4189
4185
4187
4190
4188
4191
4187
4188
4190
4191
4193
4195
4207
4194
4196
4208
4197
4209
4196
4204
4197
4205
4206
4199
4201
4204
4200
4202
4205
4203
4206
4202
4207
4203
4208
4209
4205
4206
4208
4209
4211
4216
4222
4212
4217
4223
4218
4224
4214
4216
4219
4215
4217
4220
4218
4221
4217
4218
4220
4225
4221
4226
4227
4223
4225
4224
4226
4227
4226
4227
4229
4237
4240
5673
4230
4238
4241
4239
4242
4232
4234
4243
5674
4233
4235
4244
4236
4245
4235
4240
5678
4236
4241
4242
4238
4243
5675
4239
4244
4245
4241
5676
4242
4244
5677
4245
4247
4249
4255
5679
4248
4250
4256
4251
4257
4250
4252
5680
4251
4253
4254
4253
4258
5681
4254
4259
4260
4256
4261
5682
4257
4262
4263
4259
4261
5683
4260
4262
4263
4262
5684
4263
4265
4267
4273
4266
4268
4274
4269
4275
4268
4270
4269
4271
4272
4271
4279
4272
4280
4281
4274
4276
4275
4277
4278
4277
4279
4278
4280
4281
4280
4281
4283
4285
4291
4284
4286
4292
4287
4293
4286
4288
4287
4289
4290
4289
4294
4290
4295
4296
4292
4297
4293
4298
4299
4295
4297
4296
4298
4299
4298
4299
4301
4303
4309
4302
4304
4310
4305
4311
4304
4306
4305
4307
4308
4307
4312
4308
4313
4314
4310
4315
4311
4316
4317
4313
4315
4314
4316
4317
4316
4317
4319
4321
4327
4320
4322
4328
4323
4329
4322
4324
4323
4325
4326
4325
4330
4326
4331
4332
4328
4333
4329
4334
4335
4331
4333
4332
4334
4335
4334
4335
4337
4339
4342
5685
4338
4340
4343
4341
4344
4340
4345
5686
4341
4346
4347
4343
4348
5687
4344
4349
4350
4346
4351
5688
4347
4352
4353
4349
4351
5689
4350
4352
4353
4352
5690
4353
4355
4357
4363
5691
4356
4358
4364
4359
4365
4358
4360
5693
4359
4361
4362
4361
4366
5695
4362
4367
4368
4364
4369
5692
4365
4370
4371
4367
4369
5696
4368
4370
4371
4370
5694
4371
4373
4375
4381
4374
4376
4382
4377
4383
4376
4378
4377
4379
4380
4379
4384
4380
4385
4386
4382
4387
4383
4388
4389
4385
4387
4386
4388
4389
4388
4389
4391
4393
4396
4392
4394
4397
4395
4398
4394
4402
4395
4403
4404
4397
4405
4398
4406
4407
4400
4402
4405
4401
4403
4406
4404
4407
4403
4404
4406
4407
4409
4414
4420
4410
4415
4421
4416
4422
4412
4417
4420
4413
4418
4421
4419
4422
4415
4423
4416
4424
4425
4418
4423
4419
4424
4425
4421
4422
4424
4425
4427
4429
4432
4428
4430
4433
4431
4434
4430
4435
4431
4436
4437
4433
4441
4434
4442
4443
4436
4438
4437
4439
4440
4439
4441
4440
4442
4443
4442
4443
4445
4447
4453
5697
4446
4448
4454
4449
4455
4448
4450
5698
4449
4451
4452
4451
4459
5699
4452
4460
4461
4454
4456
5700
4455
4457
4458
4457
4459
5701
4458
4460
4461
4460
5702
4461
4463
4465
4471
5704
4464
4466
4472
4467
4473
4466
4477
5703
4467
4478
4479
4469
4471
4474
5708
4470
4472
4475
4473
4476
4472
5705
4473
4475
4477
5706
4476
4478
4479
4478
5707
4479
4481
4483
4486
4482
4484
4487
4485
4488
4484
4489
4485
4490
4491
4487
4492
4488
4493
4494
4490
4495
4491
4496
4497
4493
4495
4494
4496
4497
4496
4497
4499
4504
4510
4500
4505
4511
4506
4512
4502
4504
4513
4503
4505
4514
4506
4515
4505
4506
4508
4510
4513
4509
4511
4514
4512
4515
4511
4512
4514
4515
4517
4519
4528
4518
4520
4529
4521
4530
4520
4522
4521
4523
4524
4523
4531
4524
4532
4533
4526
4528
4531
4527
4529
4532
4530
4533
4529
4530
4532
4533
4535
4537
4543
4536
4538
4544
4539
4545
4538
4540
4539
4541
4542
4541
4546
4542
4547
4548
4544
4549
4545
4550
4551
4547
4549
4548
4550
4551
4550
4551
4553
4555
4558
5709
4554
4556
4559
4557
4560
4556
4564
5711
4557
4565
4566
4559
4561
5710
4560
4562
4563
4562
4567
4563
4568
4569
4565
4567
5712
4566
4568
4569
4568
4569
4571
4582
4585
5713
4572
4583
4586
4584
4587
4574
4579
4582
5714
4575
4580
4583
4581
4584
4577
4579
4585
5715
4578
4580
4586
4581
4587
4580
5716
4581
4583
5717
4584
4586
5718
4587
4589
4591
4594
4590
4592
4595
4593
4596
4592
4597
4593
4598
4599
4595
4600
4596
4601
4602
4598
4603
4599
4604
4605
4601
4603
4602
4604
4605
4604
4605
4607
4609
4612
4608
4610
4613
4611
4614
4610
4615
4611
4616
4617
4613
4618
4614
4619
4620
4616
4621
4617
4622
4623
4619
4621
4620
4622
4623
4622
4623
4625
4627
4633
4626
4628
4634
4629
4635
4628
4639
4629
4640
4641
4631
4633
4636
4632
4634
4637
4635
4638
4634
4635
4637
4639
4638
4640
4641
4640
4641
4643
4645
4651
4644
4646
4652
4647
4653
4646
4648
4647
4649
4650
4649
4654
4650
4655
4656
4652
4657
4653
4658
4659
4655
4657
4656
4658
4659
4658
4659
4661
4663
4672
4662
4664
4673
4665
4674
4664
4666
4665
4667
4668
4667
4675
4668
4676
4677
4670
4672
4675
4671
4673
4676
4674
4677
4673
4674
4676
4677
4679
4681
4684
5722
4680
4682
4685
4683
4686
4682
4687
5723
4683
4688
4689
4685
4690
5720
4686
4691
4692
4688
4693
5721
4689
4694
4695
4691
4693
5724
4692
4694
4695
4694
5719
4695
4697
4699
4702
5729
4698
4700
4703
4701
4704
4700
4705
5730
4701
4706
4707
4703
4711
5728
4704
4712
4713
4706
4708
5726
4707
4709
4710
4709
4711
5725
4710
4712
4713
4712
5727
4713
4715
4717
4723
4716
4718
4724
4719
4725
4718
4729
4719
4730
4731
4721
4723
4726
4722
4724
4727
4725
4728
4724
4725
4727
4729
4728
4730
4731
4730
4731
4733
4741
4744
4734
4742
4745
4743
4746
4736
4738
4741
4737
4739
4742
4740
4743
4739
4747
4740
4748
4749
4742
4743
4745
4747
4746
4748
4749
4748
4749
4751
4756
4759
4752
4757
4760
4758
4761
4754
4756
4762
4755
4757
4763
4758
4764
4757
4758
4760
4765
4761
4766
4767
4763
4765
4764
4766
4767
4766
4767
4769
4771
4777
4770
4772
4778
4773
4779
4772
4780
4773
4781
4782
4775
4780
4783
4776
4781
4784
4782
4785
4778
4783
4779
4784
4785
4781
4782
4784
4785
4787
4789
4795
5731
4788
4790
4796
4791
4797
4790
4792
5732
4791
4793
4794
4793
4798
5733
4794
4799
4800
4796
4801
5734
4797
4802
4803
4799
4801
5735
4800
4802
4803
4802
5736
4803
4805
4807
4810
5738
4806
4808
4811
4809
4812
4808
4816
5742
4809
4817
4818
4811
4819
5741
4812
4820
4821
4814
4816
4819
5737
4815
4817
4820
4818
4821
4817
5739
4818
4820
5740
4821
4823
4831
4834
4824
4832
4835
4833
4836
4826
4834
4837
4827
4835
4838
4836
4839
4829
4831
4837
4830
4832
4838
4833
4839
4832
4833
4835
4836
4838
4839
4841
4849
4852
4842
4850
4853
4851
4854
4844
4849
4855
4845
4850
4856
4851
4857
4847
4852
4855
4848
4853
4856
4854
4857
4850
4851
4853
4854
4856
4857
4859
4861
4864
4860
4862
4865
4863
4866
4862
4867
4863
4868
4869
4865
4873
4866
4874
4875
4868
4870
4869
4871
4872
4871
4873
4872
4874
4875
4874
4875
4877
4879
4882
5743
4878
4880
4883
4881
4884
4880
4885
5744
4881
4886
4887
4883
4888
5745
4884
4889
4890
4886
4891
5746
4887
4892
4893
4889
4891
5747
4890
4892
4893
4892
5748
4893
4895
4903
4909
5750
4896
4904
4910
4905
4911
4898
4906
4909
5753
4899
4907
4910
4908
4911
4901
4903
4906
5751
4902
4904
4907
4905
4908
4904
5749
4905
4907
5752
4908
4910
5754
4911
4913
4915
4921
4914
4916
4922
4917
4923
4916
4924
4917
4925
4926
4919
4924
4927
4920
4925
4928
4926
4929
4922
4927
4923
4928
4929
4925
4926
4928
4929
4931
4933
4942
4932
4934
4943
4935
4944
4934
4945
4935
4946
4947
4937
4939
4945
4938
4940
4946
4941
4947
4940
4942
4941
4943
4944
4943
4944
4946
4947
4949
4954
4960
4950
4955
4961
4956
4962
4952
4954
4957
4953
4955
4958
4956
4959
4955
4956
4958
4963
4959
4964
4965
4961
4963
4962
4964
4965
4964
4965
4967
4969
4975
4968
4970
4976
4971
4977
4970
4972
4971
4973
4974
4973
4981
4974
4982
4983
4976
4978
4977
4979
4980
4979
4981
4980
4982
4983
4982
4983
4985
4987
4999
5755
4986
4988
5000
4989
5001
4988
4993
5756
4989
4994
4995
4991
4993
4996
5757
4992
4994
4997
4995
4998
4994
5758
4995
4997
4999
5759
4998
5000
5001
5000
5760
5001
5003
5005
5011
5762
5004
5006
5012
5007
5013
5006
5008
5761
5007
5009
5010
5009
5014
5764
5010
5015
5016
5012
5017
5763
5013
5018
5019
5015
5017
5766
5016
5018
5019
5018
5765
5019
5021
5023
5029
5022
5024
5030
5025
5031
5024
5026
5025
5027
5028
5027
5032
5028
5033
5034
5030
5035
5031
5036
5037
5033
5035
5034
5036
5037
5036
5037
5039
5041
5053
5040
5042
5054
5043
5055
5042
5047
5043
5048
5049
5045
5047
5050
5046
5048
5051
5049
5052
5048
5049
5051
5053
5052
5054
5055
5054
5055
5057
5059
5062
5058
5060
5063
5061
5064
5060
5068
5061
5069
5070
5063
5065
5064
5066
5067
5066
5071
5067
5072
5073
5069
5071
5070
5072
5073
5072
5073
5075
5086
5089
5076
5087
5090
5088
5091
5078
5080
5083
5079
5081
5084
5082
5085
5081
5089
5082
5090
5091
5084
5086
5085
5087
5088
5087
5088
5090
5091
5093
5095
5098
5767
5094
5096
5099
5097
5100
5096
5101
5769
5097
5102
5103
5099
5107
5768
5100
5108
5109
5102
5104
5771
5103
5105
5106
5105
5107
5772
5106
5108
5109
5108
5770
5109
5111
5113
5116
5774
5112
5114
5117
5115
5118
5114
5119
5773
5115
5120
5121
5117
5122
5776
5118
5123
5124
5120
5125
5775
5121
5126
5127
5123
5125
5778
5124
5126
5127
5126
5777
5127
5129
5134
5137
5130
5135
5138
5136
5139
5132
5140
5143
5133
5141
5144
5142
5145
5135
5140
5136
5141
5142
5138
5143
5139
5144
5145
5141
5142
5144
5145
5147
5149
5158
5148
5150
5159
5151
5160
5150
5152
5151
5153
5154
5153
5161
5154
5162
5163
5156
5158
5161
5157
5159
5162
5160
5163
5159
5160
5162
5163
5165
5167
5179
5166
5168
5180
5169
5181
5168
5170
5169
5171
5172
5171
5173
5172
5174
5175
5174
5176
5175
5177
5178
5177
5179
5178
5180
5181
5180
5181
5183
5185
5191
5184
5186
5192
5187
5193
5186
5194
5187
5195
5196
5189
5194
5197
5190
5195
5198
5196
5199
5192
5197
5193
5198
5199
5195
5196
5198
5199
5201
5203
5209
5779
5202
5204
5210
5205
5211
5204
5206
5780
5205
5207
5208
5207
5215
5781
5208
5216
5217
5210
5212
5782
5211
5213
5214
5213
5215
5783
5214
5216
5217
5216
5784
5217
5219
5221
5227
5785
5220
5222
5228
5223
5229
5222
5224
5786
5223
5225
5226
5225
5230
5787
5226
5231
5232
5228
5233
5788
5229
5234
5235
5231
5233
5789
5232
5234
5235
5234
5790
5235
5237
5239
5242
5238
5240
5243
5241
5244
5240
5248
5241
5249
5250
5243
5245
5244
5246
5247
5246
5251
5247
5252
5253
5249
5251
5250
5252
5253
5252
5253
5255
5257
5263
5256
5258
5264
5259
5265
5258
5266
5259
5267
5268
5261
5263
5269
5262
5264
5270
5265
5271
5264
5265
5267
5269
5268
5270
5271
5270
5271
5273
5275
5281
5274
5276
5282
5277
5283
5276
5284
5277
5285
5286
5279
5284
5287
5280
5285
5288
5286
5289
5282
5287
5283
5288
5289
5285
5286
5288
5289
5291
5293
5299
5292
5294
5300
5295
5301
5294
5296
5295
5297
5298
5297
5305
5298
5306
5307
5300
5302
5301
5303
5304
5303
5305
5304
5306
5307
5306
5307
5309
5317
5320
5791
5310
5318
5321
5319
5322
5312
5320
5323
5792
5313
5321
5324
5322
5325
5315
5317
5323
5316
5318
5324
5319
5325
5318
5793
5319
5321
5794
5322
5324
5325
5327
5335
5338
5795
5328
5336
5339
5337
5340
5330
5338
5341
5796
5331
5339
5342
5340
5343
5333
5335
5341
5797
5334
5336
5342
5337
5343
5336
5798
5337
5339
5799
5340
5342
5800
5343
5345
5347
5356
5802
5346
5348
5357
5349
5358
5348
5350
5801
5349
5351
5352
5351
5353
5803
5352
5354
5355
5354
5359
5804
5355
5360
5361
5357
5359
5805
5358
5360
5361
5360
5806
5361
5363
5365
5374
5364
5366
5375
5367
5376
5366
5368
5367
5369
5370
5369
5371
5370
5372
5373
5372
5377
5373
5378
5379
5375
5377
5376
5378
5379
5378
5379
5381
5383
5395
5382
5384
5396
5385
5397
5384
5392
5385
5393
5394
5387
5389
5395
5388
5390
5396
5391
5397
5390
5392
5391
5393
5394
5393
5394
5396
5397
5399
5407
5413
5400
5408
5414
5409
5415
5402
5404
5413
5403
5405
5414
5406
5415
5405
5410
5406
5411
5412
5408
5410
5409
5411
5412
5411
5412
5414
5415
5417
5422
5425
5418
5423
5426
5424
5427
5420
5422
5431
5421
5423
5432
5424
5433
5423
5424
5426
5428
5427
5429
5430
5429
5431
5430
5432
5433
5432
5433
5435
5437
5440
5807
5436
5438
5441
5439
5442
5438
5449
5809
5439
5450
5451
5441
5446
5808
5442
5447
5448
5444
5446
5449
5810
5445
5447
5450
5448
5451
5447
5811
5448
5450
5812
5451
5453
5455
5461
5814
5454
5456
5462
5457
5463
5456
5458
5815
5457
5459
5460
5459
5464
5813
5460
5465
5466
5462
5467
5816
5463
5468
5469
5465
5467
5817
5466
5468
5469
5468
5818
5469
5471
5476
5485
5472
5477
5486
5478
5487
5474
5479
5482
5475
5480
5483
5481
5484
5477
5479
5478
5480
5481
5480
5481
5483
5485
5484
5486
5487
5486
5487
5489
5494
5500
5490
5495
5501
5496
5502
5492
5494
5497
5493
5495
5498
5496
5499
5495
5496
5498
5503
5499
5504
5505
5501
5503
5502
5504
5505
5504
5505
5507
5509
5518
5508
5510
5519
5511
5520
5510
5512
5511
5513
5514
5513
5521
5514
5522
5523
5516
5518
5521
5517
5519
5522
5520
5523
5519
5520
5522
5523
5525
5527
5533
5526
5528
5534
5529
5535
5528
5530
5529
5531
5532
5531
5536
5532
5537
5538
5534
5539
5535
5540
5541
5537
5539
5538
5540
5541
5540
5541
5543
5545
5548
5820
5544
5546
5549
5547
5550
5546
5551
5819
5547
5552
5553
5549
5554
5821
5550
5555
5556
5552
5557
5822
5553
5558
5559
5555
5557
5823
5556
5558
5559
5558
5824
5559
5561
5566
5569
5825
5562
5567
5570
5568
5571
5564
5572
5575
5826
5565
5573
5576
5574
5577
5567
5575
5827
5568
5576
5577
5570
5572
5828
5571
5573
5574
5573
5829
5574
5576
5830
5577
5579
5581
5583
5585
5588
5590
5589
5590
5591
5591
5594
5595
5594
5597
5596
5597
5599
5600
5601
5603
5604
5605
5606
5607
5607
5609
5611
5612
5612
5613
5613
5615
5616
5618
5617
5619
5619
5622
5623
5625
5624
5626
5626
5628
5629
5630
5631
5632
5632
5635
5638
5637
5638
5636
5637
5641
5644
5642
5644
5643
5643
5646
5647
5648
5650
5652
5651
5654
5653
5654
5656
5659
5657
5658
5660
5660
5662
5664
5665
5665
5666
5666
5668
5669
5671
5670
5672
5672
5675
5676
5677
5678
5677
5678
5680
5682
5681
5683
5684
5684
5686
5687
5688
5689
5690
5690
5692
5693
5694
5695
5696
5696
5698
5700
5699
5702
5701
5702
5704
5707
5705
5708
5707
5708
5710
5711
5712
5717
5718
5716
5717
5716
5718
5721
5724
5722
5724
5723
5723
5726
5727
5730
5728
5729
5730
5732
5734
5733
5735
5736
5736
5739
5740
5741
5742
5742
5741
5744
5745
5746
5747
5748
5748
5750
5751
5754
5752
5753
5754
5756
5760
5758
5758
5759
5760
5762
5764
5763
5765
5766
5766
5768
5769
5770
5771
5772
5772
5774
5775
5776
5777
5778
5778
5780
5782
5781
5784
5783
5784
5786
5788
5787
5789
5790
5790
5793
5794
5794
5798
5799
5799
5800
5798
5800
5802
5803
5805
5804
5806
5806
5808
5809
5811
5812
5811
5812
5815
5817
5815
5816
5818
5818
5820
5822
5821
5823
5824
5824
5827
5828
5829
5830
5830
5829
)


// ************************************************************************* //
