/*--------------------------------*- C++ -*----------------------------------*\
| =========                 |                                                 |
| \\      /  F ield         | OpenFOAM: The Open Source CFD Toolbox           |
|  \\    /   O peration     | Version:  v1812                                 |
|   \\  /    A nd           | Web:      www.OpenFOAM.com                      |
|    \\/     M anipulation  |                                                 |
\*---------------------------------------------------------------------------*/
FoamFile
{
    version     2.0;
    format      ascii;
    class       labelList;
    note        "nPoints: 3690 nCells: 5891 nFaces: 15556 nInternalFaces: 13899";
    location    "constant/thermoMechanicalRegion/polyMesh";
    object      neighbour;
}
// * * * * * * * * * * * * * * * * * * * * * * * * * * * * * * * * * * * * * //


13899
(
1
6
15
745
2
7
16
8
17
4
6
30
744
5
7
31
8
32
7
60
743
8
61
62
10
12
15
63
746
11
13
16
64
14
17
65
13
36
748
14
37
38
16
747
17
19
24
33
102
749
20
25
34
103
26
35
104
22
27
33
133
751
23
28
34
134
29
35
135
25
30
753
26
31
32
28
30
54
752
29
31
55
32
56
31
754
32
34
69
750
35
70
71
37
39
758
38
40
41
40
42
57
756
41
43
58
44
59
43
45
121
757
44
46
122
47
123
46
96
755
47
97
98
49
51
54
130
763
50
52
55
131
53
56
132
52
57
112
760
53
58
113
59
114
55
60
764
56
61
62
58
63
761
59
64
65
61
63
762
62
64
65
64
759
65
67
69
78
105
767
68
70
79
106
71
80
107
70
75
765
71
76
77
73
78
81
145
766
74
79
82
146
80
83
147
76
81
136
768
77
82
137
83
138
79
188
769
80
189
190
82
227
770
83
228
229
85
87
93
191
773
86
88
94
192
89
95
193
88
96
124
771
89
97
125
98
126
91
93
99
245
776
92
94
100
246
95
101
247
94
163
774
95
164
165
97
99
772
98
100
101
100
775
101
103
105
777
104
106
107
106
108
778
107
187
779
110
115
118
221
780
111
116
119
222
117
120
223
113
115
121
784
114
116
122
117
123
116
139
783
117
140
141
119
124
194
781
120
125
195
126
196
122
124
785
123
125
126
125
782
126
128
139
142
215
787
129
140
143
216
141
144
217
131
133
139
786
132
134
140
135
141
134
136
788
135
137
138
137
142
790
138
143
144
140
789
141
143
230
791
144
231
232
146
148
151
792
147
149
152
150
153
149
154
181
793
150
155
182
156
183
152
160
233
794
153
161
234
162
235
155
157
290
795
156
158
291
159
292
158
160
251
796
159
161
252
162
253
161
353
797
162
354
355
164
169
172
802
165
170
173
171
174
167
169
178
305
800
168
170
179
306
171
180
307
170
197
803
171
198
199
173
175
248
801
174
176
249
177
250
176
178
377
798
177
179
378
180
379
179
281
799
180
282
283
182
184
188
804
183
185
189
186
190
185
287
805
186
288
289
188
806
189
807
190
192
194
197
808
193
195
198
196
199
195
200
809
196
201
202
198
203
810
199
204
205
201
206
212
811
202
207
213
208
214
204
206
299
812
205
207
300
208
301
207
329
813
208
330
331
210
212
218
332
814
211
213
219
333
214
220
334
213
221
815
214
222
223
216
221
224
816
217
222
225
223
226
219
224
347
817
220
225
348
226
349
222
818
223
225
239
819
226
240
241
228
230
233
820
229
231
234
232
235
231
239
821
232
240
241
234
236
823
235
237
238
237
242
362
822
238
243
363
244
364
240
242
824
241
243
244
243
338
825
244
339
340
246
248
826
247
249
250
249
827
250
252
254
257
828
253
255
258
256
259
255
263
356
829
256
264
357
265
358
258
260
293
830
259
261
294
262
295
261
266
419
831
262
267
420
268
421
264
266
512
832
265
267
513
268
514
267
380
833
268
381
382
270
272
275
536
836
271
273
276
537
274
277
538
273
281
374
834
274
282
375
283
376
276
278
413
838
277
279
414
280
415
279
284
437
839
280
285
438
286
439
282
284
835
283
285
286
285
311
837
286
312
313
288
290
840
289
291
292
291
293
845
292
294
295
294
296
841
295
297
298
297
425
844
298
426
427
300
305
314
846
301
306
315
307
316
303
308
314
461
849
304
309
315
462
310
316
463
306
311
847
307
312
313
309
311
434
850
310
312
435
313
436
312
851
313
315
326
848
316
327
328
318
323
326
467
852
319
324
327
468
325
328
469
321
323
332
344
853
322
324
333
345
325
334
346
324
479
854
325
480
481
327
329
855
328
330
331
330
332
856
331
333
334
333
857
334
336
338
341
368
858
337
339
342
369
340
343
370
339
347
860
340
348
349
342
350
488
859
343
351
489
352
490
345
347
350
863
346
348
351
349
352
348
862
349
351
473
861
352
474
475
354
356
362
865
355
357
363
358
364
357
365
864
358
366
367
360
365
368
491
867
361
366
369
492
367
370
493
363
368
868
364
369
370
366
509
866
367
510
511
369
869
370
372
374
527
870
373
375
528
376
529
375
377
871
376
378
379
378
872
379
381
389
392
873
382
390
393
391
394
384
386
395
545
874
385
387
396
546
388
397
547
387
392
710
875
388
393
711
394
712
390
395
416
876
391
396
417
397
418
393
518
877
394
519
520
396
587
878
397
588
589
399
401
407
734
880
400
402
408
735
403
409
736
402
404
572
879
403
405
573
406
574
405
410
605
882
406
411
606
412
607
408
413
533
881
409
414
534
415
535
411
413
443
883
412
414
444
415
445
414
884
415
417
419
422
890
418
420
423
421
424
420
425
888
421
426
427
423
428
584
889
424
429
585
430
586
426
431
887
427
432
433
429
431
620
886
430
432
621
433
622
432
885
433
435
437
440
892
436
438
441
439
442
438
443
891
439
444
445
441
446
458
893
442
447
459
448
460
444
449
894
445
450
451
447
449
638
896
448
450
639
451
640
450
596
895
451
597
598
453
458
464
635
898
454
459
465
636
460
466
637
456
464
467
476
897
457
465
468
477
466
469
478
459
461
901
460
462
463
462
467
902
463
468
469
465
641
899
466
642
643
468
900
469
471
482
485
668
903
472
483
486
669
484
487
670
474
479
482
906
475
480
483
481
484
477
479
485
907
478
480
486
481
487
480
908
481
483
494
904
484
495
496
486
644
905
487
645
646
489
491
494
912
490
492
495
493
496
492
497
910
493
498
499
495
500
913
496
501
502
498
503
506
914
499
504
507
505
508
501
503
665
911
502
504
666
505
667
504
686
909
505
687
688
507
509
515
915
508
510
516
511
517
510
512
916
511
513
514
513
518
917
514
519
520
516
521
692
918
517
522
693
523
694
519
521
919
520
522
523
522
707
920
523
708
709
525
527
530
926
526
528
531
529
532
528
536
923
529
537
538
531
539
701
925
532
540
702
541
703
534
536
539
921
535
537
540
538
541
537
922
538
540
737
924
541
738
739
543
548
557
927
544
549
558
550
559
546
551
554
932
547
552
555
553
556
549
554
929
550
555
556
552
557
581
930
553
558
582
559
583
555
713
931
556
714
715
558
928
559
561
566
575
933
562
567
576
568
577
564
566
572
611
935
565
567
573
612
568
574
613
567
936
568
570
572
575
725
934
571
573
576
726
574
577
727
573
937
574
576
938
577
579
581
593
939
580
582
594
583
595
582
587
940
583
588
589
585
587
590
941
586
588
591
589
592
588
942
589
591
593
617
943
592
594
618
595
619
594
944
595
597
599
605
945
598
600
606
601
607
600
602
632
946
601
603
633
604
634
603
608
947
604
609
610
606
611
948
607
612
613
609
611
949
610
612
613
612
950
613
615
617
951
616
618
619
618
620
952
619
621
622
621
953
622
624
626
629
954
625
627
630
628
631
627
632
956
628
633
634
630
635
647
955
631
636
648
637
649
633
638
958
634
639
640
636
638
957
637
639
640
639
959
640
642
644
647
961
643
645
648
646
649
645
656
962
646
657
658
648
650
960
649
651
652
651
653
963
652
654
655
654
656
965
655
657
658
657
659
964
658
660
661
660
668
671
966
661
669
672
670
673
663
671
674
967
664
672
675
673
676
666
668
674
968
667
669
675
670
676
669
969
670
672
970
673
675
689
971
676
690
691
678
680
683
973
679
681
684
682
685
681
692
716
974
682
693
717
694
718
684
689
972
685
690
691
687
689
692
975
688
690
693
691
694
690
976
691
693
977
694
696
698
704
980
697
699
705
700
706
699
701
728
979
700
702
729
703
730
702
978
703
705
981
706
708
710
716
982
709
711
717
712
718
711
713
983
712
714
715
714
719
984
715
720
721
717
722
985
718
723
724
720
722
986
721
723
724
723
987
724
726
731
734
989
727
732
735
733
736
729
737
740
988
730
738
741
739
742
732
740
990
733
741
742
735
737
992
736
738
739
738
993
739
741
991
742
744
745
762
1003
754
1013
747
1023
747
748
759
1033
1053
758
1043
750
753
777
1063
751
765
1103
752
788
1073
754
764
1083
754
1093
1113
757
772
1153
757
758
761
1133
785
1143
1123
761
762
1163
761
763
784
1183
1173
764
1203
764
786
1213
1193
767
768
1223
769
770
792
1233
769
778
1243
770
790
1253
807
1273
820
1263
772
773
782
1313
775
1323
774
808
1293
776
802
1303
776
1333
826
1283
778
1343
779
1353
806
1363
781
783
818
1393
782
809
1403
785
1383
784
789
1423
785
1373
1413
788
789
1443
789
791
816
1433
790
1453
1473
791
1463
821
1483
793
794
1503
795
804
1523
797
823
1533
796
845
1543
797
828
1513
865
1493
799
801
872
1593
800
835
1603
803
847
1563
802
827
1583
803
1553
810
1573
805
807
1621
840
1631
807
1641
1659
809
810
1669
811
1679
812
1689
813
815
1699
813
846
1709
856
1719
815
817
857
1729
818
1739
818
819
1749
819
862
1759
1769
824
1779
821
823
1789
824
1799
823
825
868
1809
1819
825
1829
860
1839
827
1847
1855
829
830
1865
832
864
1875
831
841
1885
833
888
1895
833
917
1905
873
1915
835
836
871
1935
837
1965
838
922
1925
839
851
1975
839
884
1945
891
1955
842
845
1985
844
845
1995
843
2005
844
2015
887
2025
2035
847
848
2045
851
2075
849
855
2055
850
902
2065
851
892
2085
2095
854
855
900
2155
854
857
863
2125
908
2135
856
2115
857
2105
2145
859
860
869
2165
861
912
2175
862
2185
863
906
2195
863
2205
2215
865
866
2255
868
2225
867
916
2265
869
910
2275
869
2235
2245
871
923
2285
872
2295
2305
876
877
2315
875
878
932
2325
877
983
2365
878
890
2335
919
2345
942
2355
880
882
937
2375
881
992
2385
884
921
2395
883
948
2405
884
894
2415
2425
886
887
2435
889
953
2445
888
2455
890
2465
890
941
2475
2485
892
894
2505
893
2495
896
901
2515
895
2525
896
945
2545
959
2535
899
900
907
2574
899
901
957
2564
961
2604
902
2614
902
2584
2594
904
905
969
2624
906
913
2634
907
962
2644
908
2654
908
2664
2674
911
914
975
2734
912
914
2694
913
968
2724
913
2684
2704
915
2714
916
918
2744
917
2754
919
2764
920
977
2774
920
2784
982
2794
922
924
2804
923
2814
926
2834
925
993
2824
926
978
2844
2854
928
929
2864
930
2914
931
2884
932
940
2894
932
984
2904
2874
936
938
2924
937
938
989
2954
936
937
950
2934
2944
2964
2974
940
944
2994
942
3014
942
943
3034
3024
944
952
2984
3004
946
948
3094
947
958
3084
949
3064
950
3074
950
3054
3044
952
3107
953
3117
3130
955
956
3193
957
960
3173
958
3183
959
3153
959
3163
3143
961
963
3203
962
3213
964
3223
965
3233
965
966
3243
3253
969
970
3263
970
971
3273
969
971
3283
3293
3303
976
3313
973
976
3333
974
3323
977
985
3343
976
977
3353
3363
3373
979
3383
980
988
3393
981
3403
3413
983
985
3423
984
3433
986
3443
987
3453
987
3463
3473
991
993
3483
990
992
3493
991
3503
3513
993
3523
3533
995
1004
1014
1194
3539
996
1005
1015
1195
997
1006
1016
1196
998
1007
1017
1197
999
1008
1018
1198
1000
1009
1019
1199
1001
1010
1020
1200
1002
1011
1021
1201
1003
1012
1022
1202
1013
1023
1203
1005
1104
3536
1006
1105
1007
1106
1008
1107
1009
1108
1010
1109
1011
1110
1012
1111
1013
1112
1113
1015
1044
3542
1016
1045
1017
1046
1018
1047
1019
1048
1020
1049
1021
1050
1022
1051
1023
1052
1053
1025
1034
1044
1154
3545
1026
1035
1045
1155
1027
1036
1046
1156
1028
1037
1047
1157
1029
1038
1048
1158
1030
1039
1049
1159
1031
1040
1050
1160
1032
1041
1051
1161
1033
1042
1052
1162
1043
1053
1163
1035
1114
3548
1036
1115
1037
1116
1038
1117
1039
1118
1040
1119
1041
1120
1042
1121
1043
1122
1123
1045
3551
1046
1047
1048
1049
1050
1051
1052
1053
1055
1084
1094
1334
3563
1056
1085
1095
1335
1057
1086
1096
1336
1058
1087
1097
1337
1059
1088
1098
1338
1060
1089
1099
1339
1061
1090
1100
1340
1062
1091
1101
1341
1063
1092
1102
1342
1093
1103
1343
1065
1074
1094
1444
3554
1066
1075
1095
1445
1067
1076
1096
1446
1068
1077
1097
1447
1069
1078
1098
1448
1070
1079
1099
1449
1071
1080
1100
1450
1072
1081
1101
1451
1073
1082
1102
1452
1083
1103
1453
1075
1104
1184
3560
1076
1105
1185
1077
1106
1186
1078
1107
1187
1079
1108
1188
1080
1109
1189
1081
1110
1190
1082
1111
1191
1083
1112
1192
1113
1193
1085
1104
3557
1086
1105
1087
1106
1088
1107
1089
1108
1090
1109
1091
1110
1092
1111
1093
1112
1113
1095
1214
3569
1096
1215
1097
1216
1098
1217
1099
1218
1100
1219
1101
1220
1102
1221
1103
1222
1223
1105
3566
1106
1107
1108
1109
1110
1111
1112
1113
1115
1124
3581
1116
1125
1117
1126
1118
1127
1119
1128
1120
1129
1121
1130
1122
1131
1123
1132
1133
1125
1134
1164
3575
1126
1135
1165
1127
1136
1166
1128
1137
1167
1129
1138
1168
1130
1139
1169
1131
1140
1170
1132
1141
1171
1133
1142
1172
1143
1173
1135
1144
1404
3578
1136
1145
1405
1137
1146
1406
1138
1147
1407
1139
1148
1408
1140
1149
1409
1141
1150
1410
1142
1151
1411
1143
1152
1412
1153
1413
1145
1314
3572
1146
1315
1147
1316
1148
1317
1149
1318
1150
1319
1151
1320
1152
1321
1153
1322
1323
1155
1164
1194
3584
1156
1165
1195
1157
1166
1196
1158
1167
1197
1159
1168
1198
1160
1169
1199
1161
1170
1200
1162
1171
1201
1163
1172
1202
1173
1203
1165
1174
3587
1166
1175
1167
1176
1168
1177
1169
1178
1170
1179
1171
1180
1172
1181
1173
1182
1183
1175
1204
1364
3590
1176
1205
1365
1177
1206
1366
1178
1207
1367
1179
1208
1368
1180
1209
1369
1181
1210
1370
1182
1211
1371
1183
1212
1372
1213
1373
1185
1194
1204
3593
1186
1195
1205
1187
1196
1206
1188
1197
1207
1189
1198
1208
1190
1199
1209
1191
1200
1210
1192
1201
1211
1193
1202
1212
1203
1213
1195
3596
1196
1197
1198
1199
1200
1201
1202
1203
1205
1434
3599
1206
1435
1207
1436
1208
1437
1209
1438
1210
1439
1211
1440
1212
1441
1213
1442
1443
1215
1234
1244
3605
1216
1235
1245
1217
1236
1246
1218
1237
1247
1219
1238
1248
1220
1239
1249
1221
1240
1250
1222
1241
1251
1223
1242
1252
1243
1253
1225
1254
1264
1494
3608
1226
1255
1265
1495
1227
1256
1266
1496
1228
1257
1267
1497
1229
1258
1268
1498
1230
1259
1269
1499
1231
1260
1270
1500
1232
1261
1271
1501
1233
1262
1272
1502
1263
1273
1503
1235
1264
1344
3602
1236
1265
1345
1237
1266
1346
1238
1267
1347
1239
1268
1348
1240
1269
1349
1241
1270
1350
1242
1271
1351
1243
1272
1352
1273
1353
1245
1254
1454
3611
1246
1255
1455
1247
1256
1456
1248
1257
1457
1249
1258
1458
1250
1259
1459
1251
1260
1460
1252
1261
1461
1253
1262
1462
1263
1463
1255
1780
3617
1256
1781
1257
1782
1258
1783
1259
1784
1260
1785
1261
1786
1262
1787
1263
1788
1789
1265
1650
3614
1266
1651
1267
1652
1268
1653
1269
1654
1270
1655
1271
1656
1272
1657
1273
1658
1659
1275
1294
1324
3635
1276
1295
1325
1277
1296
1326
1840
1278
1297
1327
1841
1279
1298
1328
1842
1280
1299
1329
1843
1281
1300
1330
1844
1282
1301
1331
1845
1283
1302
1332
1846
1303
1333
1847
1285
1294
1304
1660
3626
1286
1295
1305
1661
1287
1296
1306
1662
1288
1297
1307
1663
1289
1298
1308
1664
1290
1299
1309
1665
1291
1300
1310
1666
1292
1301
1311
1667
1293
1302
1312
1668
1303
1313
1669
1295
1544
3629
1296
1545
1297
1546
1298
1547
1299
1548
1300
1549
1301
1550
1302
1551
1303
1552
1553
1305
1314
1374
3620
1306
1315
1375
1307
1316
1376
1308
1317
1377
1309
1318
1378
1310
1319
1379
1311
1320
1380
1312
1321
1381
1313
1322
1382
1323
1383
1315
1324
3623
1316
1325
1317
1326
1318
1327
1319
1328
1320
1329
1321
1330
1322
1331
1323
1332
1333
1325
3632
1326
1327
1328
1329
1330
1331
1332
1333
1335
1344
3638
1336
1345
1337
1346
1338
1347
1339
1348
1340
1349
1341
1350
1342
1351
1343
1352
1353
1345
1354
3641
1346
1355
1347
1356
1348
1357
1349
1358
1350
1359
1351
1360
1352
1361
1353
1362
1363
1355
1632
3644
1356
1633
1357
1634
1358
1635
1359
1636
1360
1637
1361
1638
1362
1639
1363
1640
1641
1365
1404
1414
3647
1366
1405
1415
1367
1406
1416
1368
1407
1417
1369
1408
1418
1370
1409
1419
1371
1410
1420
1372
1411
1421
1373
1412
1422
1413
1423
1375
1394
1404
3650
1376
1395
1405
1377
1396
1406
1378
1397
1407
1379
1398
1408
1380
1399
1409
1381
1400
1410
1382
1401
1411
1383
1402
1412
1403
1413
1385
1394
1414
1760
3653
1386
1395
1415
1761
1387
1396
1416
1762
1388
1397
1417
1763
1389
1398
1418
1764
1390
1399
1419
1765
1391
1400
1420
1766
1392
1401
1421
1767
1393
1402
1422
1768
1403
1423
1769
1395
1670
3656
1396
1671
1397
1672
1398
1673
1399
1674
1400
1675
1401
1676
1402
1677
1403
1678
1679
1405
3659
1406
1407
1408
1409
1410
1411
1412
1413
1415
1464
3662
1416
1465
1417
1466
1418
1467
1419
1468
1420
1469
1421
1470
1422
1471
1423
1472
1473
1425
1464
1474
1740
3665
1426
1465
1475
1741
1427
1466
1476
1742
1428
1467
1477
1743
1429
1468
1478
1744
1430
1469
1479
1745
1431
1470
1480
1746
1432
1471
1481
1747
1433
1472
1482
1748
1473
1483
1749
1435
1444
1464
3668
1436
1445
1465
1437
1446
1466
1438
1447
1467
1439
1448
1468
1440
1449
1469
1441
1450
1470
1442
1451
1471
1443
1452
1472
1453
1473
1445
1454
3671
1446
1455
1447
1456
1448
1457
1449
1458
1450
1459
1451
1460
1452
1461
1453
1462
1463
1455
1474
3674
1456
1475
1457
1476
1458
1477
1459
1478
1460
1479
1461
1480
1462
1481
1463
1482
1483
1465
3677
1466
1467
1468
1469
1470
1471
1472
1473
1475
1790
3680
1476
1791
1477
1792
1478
1793
1479
1794
1480
1795
1481
1796
1482
1797
1483
1798
1799
1485
1504
1524
2216
3683
1486
1505
1525
2217
1487
1506
1526
2218
1488
1507
1527
2219
1489
1508
1528
2220
1490
1509
1529
2221
1491
1510
1530
2222
1492
1511
1531
2223
1493
1512
1532
2224
1513
1533
2225
1495
1514
1524
3686
1496
1515
1525
1497
1516
1526
1498
1517
1527
1499
1518
1528
1500
1519
1529
1501
1520
1530
1502
1521
1531
1503
1522
1532
1523
1533
1505
1534
1856
3689
1506
1535
1857
1507
1536
1858
1508
1537
1859
1509
1538
1860
1510
1539
1861
1511
1540
1862
1512
1541
1863
1513
1542
1864
1543
1865
1515
1534
1612
3692
1516
1535
1613
1517
1536
1614
1518
1537
1615
1519
1538
1616
1520
1539
1617
1521
1540
1618
1522
1541
1619
1523
1542
1620
1543
1621
1525
1810
3695
1526
1811
1527
1812
1528
1813
1529
1814
1530
1815
1531
1816
1532
1817
1533
1818
1819
1535
2026
3698
1536
2027
1537
2028
1538
2029
1539
2030
1540
2031
1541
2032
1542
2033
1543
2034
2035
1545
1564
1574
3701
1546
1565
1575
1547
1566
1576
1548
1567
1577
1549
1568
1578
1550
1569
1579
1551
1570
1580
1552
1571
1581
1553
1572
1582
1573
1583
1555
1564
1594
2066
3704
1556
1565
1595
2067
1557
1566
1596
2068
1558
1567
1597
2069
1559
1568
1598
2070
1560
1569
1599
2071
1561
1570
1600
2072
1562
1571
1601
2073
1563
1572
1602
2074
1573
1603
2075
1565
1680
3707
1566
1681
1567
1682
1568
1683
1569
1684
1570
1685
1571
1686
1572
1687
1573
1688
1689
1575
1584
3710
1576
1585
1577
1586
1848
1578
1587
1849
1579
1588
1850
1580
1589
1851
1581
1590
1852
1582
1591
1853
1583
1592
1854
1593
1855
1585
1594
2296
3713
1586
1595
2297
1587
1596
2298
1588
1597
2299
1589
1598
2300
1590
1599
2301
1591
1600
2302
1592
1601
2303
1593
1602
2304
1603
2305
1595
1956
3716
1596
1957
1597
1958
1598
1959
1599
1960
1600
1961
1601
1962
1602
1963
1603
1964
1965
1605
1632
1642
3719
1606
1633
1643
1607
1634
1644
1608
1635
1645
1609
1636
1646
1610
1637
1647
1611
1638
1648
1639
1649
1613
1622
1650
3722
1614
1623
1651
1615
1624
1652
1616
1625
1653
1617
1626
1654
1618
1627
1655
1619
1628
1656
1620
1629
1657
1621
1630
1658
1631
1659
1623
1642
1976
3725
1624
1643
1977
1625
1644
1978
1626
1645
1979
1627
1646
1980
1628
1647
1981
1629
1648
1982
1630
1649
1983
1631
1984
1985
1633
1650
3728
1634
1651
1635
1652
1636
1653
1637
1654
1638
1655
1639
1656
1640
1657
1641
1658
1659
1643
3731
1644
1645
1646
1647
1648
1649
1651
3734
1652
1653
1654
1655
1656
1657
1658
1659
1661
1670
1680
3737
1662
1671
1681
1663
1672
1682
1664
1673
1683
1665
1674
1684
1666
1675
1685
1667
1676
1686
1668
1677
1687
1669
1678
1688
1679
1689
1671
1690
3740
1672
1691
1673
1692
1674
1693
1675
1694
1676
1695
1677
1696
1678
1697
1679
1698
1699
1681
1700
3743
1682
1701
1683
1702
1684
1703
1685
1704
1686
1705
1687
1706
1688
1707
1689
1708
1709
1691
1710
1730
3746
1692
1711
1731
1693
1712
1732
1694
1713
1733
1695
1714
1734
1696
1715
1735
1697
1716
1736
1698
1717
1737
1699
1718
1738
1719
1739
1701
1710
2036
3749
1702
1711
2037
1703
1712
2038
1704
1713
2039
1705
1714
2040
1706
1715
2041
1707
1716
2042
1708
1717
2043
1709
1718
2044
1719
2045
1711
2096
3752
1712
2097
1713
2098
1714
2099
1715
2100
1716
2101
1717
2102
1718
2103
1719
2104
2105
1721
1730
1750
2136
3755
1722
1731
1751
2137
1723
1732
1752
2138
1724
1733
1753
2139
1725
1734
1754
2140
1726
1735
1755
2141
1727
1736
1756
2142
1728
1737
1757
2143
1729
1738
1758
2144
1739
1759
2145
1731
1760
3758
1732
1761
1733
1762
1734
1763
1735
1764
1736
1765
1737
1766
1738
1767
1739
1768
1769
1741
1760
1770
3761
1742
1761
1771
1743
1762
1772
1744
1763
1773
1745
1764
1774
1746
1765
1775
1747
1766
1776
1748
1767
1777
1749
1768
1778
1769
1779
1751
1770
2196
3764
1752
1771
2197
1753
1772
2198
1754
1773
2199
1755
1774
2200
1756
1775
2201
1757
1776
2202
1758
1777
2203
1759
1778
2204
1779
2205
1761
3767
1762
1763
1764
1765
1766
1767
1768
1769
1771
1820
3770
1772
1821
1773
1822
1774
1823
1775
1824
1776
1825
1777
1826
1778
1827
1779
1828
1829
1781
1790
1810
3773
1782
1791
1811
1783
1792
1812
1784
1793
1813
1785
1794
1814
1786
1795
1815
1787
1796
1816
1788
1797
1817
1789
1798
1818
1799
1819
1791
1820
3776
1792
1821
1793
1822
1794
1823
1795
1824
1796
1825
1797
1826
1798
1827
1799
1828
1829
1801
1810
1830
2226
3782
1802
1811
1831
2227
1803
1812
1832
2228
1804
1813
1833
2229
1805
1814
1834
2230
1806
1815
1835
2231
1807
1816
1836
2232
1808
1817
1837
2233
1809
1818
1838
2234
1819
1839
2235
1811
3779
1812
1813
1814
1815
1816
1817
1818
1819
1821
1830
3785
1822
1831
1823
1832
1824
1833
1825
1834
1826
1835
1827
1836
1828
1837
1829
1838
1839
1831
2176
3788
1832
2177
1833
2178
1834
2179
1835
2180
1836
2181
1837
2182
1838
2183
1839
2184
2185
1841
1848
1842
1849
1843
1850
1844
1851
1845
1852
1846
1853
1847
1854
1855
1849
1850
1851
1852
1853
1854
1855
1857
1866
1876
3791
1858
1867
1877
1859
1868
1878
1860
1869
1879
1861
1870
1880
1862
1871
1881
1863
1872
1882
1864
1873
1883
1865
1874
1884
1875
1885
1867
1896
2246
3794
1868
1897
2247
1869
1898
2248
1870
1899
2249
1871
1900
2250
1872
1901
2251
1873
1902
2252
1874
1903
2253
1875
1904
2254
1905
2255
1877
1886
1986
3797
1878
1887
1987
1879
1888
1988
1880
1889
1989
1881
1890
1990
1882
1891
1991
1883
1892
1992
1884
1893
1993
1885
1894
1994
1895
1995
1887
1906
2456
3800
1888
1907
2457
1889
1908
2458
1890
1909
2459
1891
1910
2460
1892
1911
2461
1893
1912
2462
1894
1913
2463
1895
1914
2464
1915
2465
1897
1906
2755
3803
1898
1907
2756
1899
1908
2757
1900
1909
2758
1901
1910
2759
1902
1911
2760
1903
1912
2761
1904
1913
2762
1905
1914
2763
1915
2764
1907
2306
3806
1908
2307
1909
2308
1910
2309
1911
2310
1912
2311
1913
2312
1914
2313
1915
2314
2315
1917
1926
1936
2805
3821
1918
1927
1937
2806
1919
1928
1938
2807
1920
1929
1939
2808
1921
1930
1940
2809
1922
1931
1941
2810
1923
1932
1942
2811
1924
1933
1943
2812
1925
1934
1944
2813
1935
1945
2814
1927
1956
2286
3824
1928
1957
2287
1929
1958
2288
1930
1959
2289
1931
1960
2290
1932
1961
2291
1933
1962
2292
1934
1963
2293
1935
1964
2294
1965
2295
1937
1946
2416
3815
1938
1947
2417
1939
1948
2418
1940
1949
2419
1941
1950
2420
1942
1951
2421
1943
1952
2422
1944
1953
2423
1945
1954
2424
1955
2425
1947
1966
2496
3809
1948
1967
2497
1949
1968
2498
1950
1969
2499
1951
1970
2500
1952
1971
2501
1953
1972
2502
1954
1973
2503
1955
1974
2504
1975
2505
1957
1966
3818
1958
1967
1959
1968
1960
1969
1961
1970
1962
1971
1963
1972
1964
1973
1965
1974
1975
1967
2086
3812
1968
2087
1969
2088
1970
2089
1971
2090
1972
2091
1973
2092
1974
2093
1975
2094
2095
1977
1996
2026
3836
1978
1997
2027
1979
1998
2028
1980
1999
2029
1981
2000
2030
1982
2001
2031
1983
2002
2032
1984
2003
2033
1985
2004
2034
2005
2035
1987
2016
2026
3830
1988
2017
2027
1989
2018
2028
1990
2019
2029
1991
2020
2030
1992
2021
2031
1993
2022
2032
1994
2023
2033
1995
2024
2034
2025
2035
1997
2006
3839
1998
2007
1999
2008
2000
2009
2001
2010
2002
2011
2003
2012
2004
2013
2005
2014
2015
2007
2016
2552
3833
2008
2017
2553
2009
2018
2554
2010
2019
2011
2020
2012
2021
2013
2022
2014
2023
2015
2024
2025
2017
2446
3827
2018
2447
2019
2448
2020
2449
2021
2450
2022
2451
2023
2452
2024
2453
2025
2454
2455
2027
3842
2028
2029
2030
2031
2032
2033
2034
2035
2037
2046
2066
3845
2038
2047
2067
2039
2048
2068
2040
2049
2069
2041
2050
2070
2042
2051
2071
2043
2052
2072
2044
2053
2073
2045
2054
2074
2055
2075
2047
2056
2106
3860
2048
2057
2107
2049
2058
2108
2050
2059
2109
2051
2060
2110
2052
2061
2111
2053
2062
2112
2054
2063
2113
2055
2064
2114
2065
2115
2057
2076
2585
3848
2058
2077
2586
2059
2078
2587
2060
2079
2588
2061
2080
2589
2062
2081
2590
2063
2082
2591
2064
2083
2592
2065
2084
2593
2085
2594
2067
2086
3851
2068
2087
2069
2088
2070
2089
2071
2090
2072
2091
2073
2092
2074
2093
2075
2094
2095
2077
2086
2486
3854
2078
2087
2487
2079
2088
2488
2080
2089
2489
2081
2090
2490
2082
2091
2491
2083
2092
2492
2084
2093
2493
2085
2094
2494
2095
2495
2087
3857
2088
2089
2090
2091
2092
2093
2094
2095
2097
2106
2136
3871
2098
2107
2137
2099
2108
2138
2100
2109
2139
2101
2110
2140
2102
2111
2141
2103
2112
2142
2104
2113
2143
2105
2114
2144
2115
2145
2107
2146
3880
2108
2147
2109
2148
2110
2149
2111
2150
2112
2151
2113
2152
2114
2153
2115
2154
2155
2117
2126
2136
2206
3877
2118
2127
2137
2207
2119
2128
2138
2208
2120
2129
2139
2209
2121
2130
2140
2210
2122
2131
2141
2211
2123
2132
2142
2212
2124
2133
2143
2213
2125
2134
2144
2214
2135
2145
2215
2127
2146
2665
3886
2128
2147
2666
2129
2148
2667
2130
2149
2668
2131
2150
2669
2132
2151
2670
2133
2152
2671
2134
2153
2672
2135
2154
2673
2155
2674
2137
3874
2138
2139
2140
2141
2142
2143
2144
2145
2147
2605
3883
2148
2606
2149
2607
2150
2608
2151
2609
2152
2610
2153
2611
2154
2612
2155
2613
2614
2157
2166
2176
2236
3889
2158
2167
2177
2237
2159
2168
2178
2238
2160
2169
2179
2239
2161
2170
2180
2240
2162
2171
2181
2241
2163
2172
2182
2242
2164
2173
2183
2243
2165
2174
2184
2244
2175
2185
2245
2167
2186
2675
3892
2168
2187
2676
2169
2188
2677
2170
2189
2678
2171
2190
2679
2172
2191
2680
2173
2192
2681
2174
2193
2682
2175
2194
2683
2195
2684
2177
2196
3895
2178
2197
2179
2198
2180
2199
2181
2200
2182
2201
2183
2202
2184
2203
2185
2204
2205
2187
2206
2645
3898
2188
2207
2646
2189
2208
2647
2190
2209
2648
2191
2210
2649
2192
2211
2650
2193
2212
2651
2194
2213
2652
2195
2214
2653
2215
2654
2197
2206
3901
2198
2207
2199
2208
2200
2209
2201
2210
2202
2211
2203
2212
2204
2213
2205
2214
2215
2207
3904
2208
2209
2210
2211
2212
2213
2214
2215
2217
2226
2246
3919
2218
2227
2247
2219
2228
2248
2220
2229
2249
2221
2230
2250
2222
2231
2251
2223
2232
2252
2224
2233
2253
2225
2234
2254
2235
2255
2227
2236
3907
2228
2237
2229
2238
2230
2239
2231
2240
2232
2241
2233
2242
2234
2243
2235
2244
2245
2237
2266
3910
2238
2267
2239
2268
2240
2269
2241
2270
2242
2271
2243
2272
2244
2273
2245
2274
2275
2247
2256
3913
2248
2257
2249
2258
2250
2259
2251
2260
2252
2261
2253
2262
2254
2263
2255
2264
2265
2257
2266
2745
3916
2258
2267
2746
2259
2268
2747
2260
2269
2748
2261
2270
2749
2262
2271
2750
2263
2272
2751
2264
2273
2752
2265
2274
2753
2275
2754
2267
2685
3922
2268
2686
2269
2687
2270
2688
2271
2689
2272
2690
2273
2691
2274
2692
2275
2693
2694
2277
2286
2825
3925
2278
2287
2826
2279
2288
2827
2280
2289
2828
2281
2290
2829
2282
2291
2830
2283
2292
2831
2284
2293
2832
2285
2294
2833
2295
2834
2287
2296
3928
2288
2297
2289
2298
2290
2299
2291
2300
2292
2301
2293
2302
2294
2303
2295
2304
2305
2297
3931
2298
2299
2300
2301
2302
2303
2304
2305
2307
2326
2336
3934
2308
2327
2337
2309
2328
2338
2310
2329
2339
2311
2330
2340
2312
2331
2341
2313
2332
2342
2314
2333
2343
2315
2334
2344
2335
2345
2317
2346
2356
2865
3937
2318
2347
2357
2866
2319
2348
2358
2867
2320
2349
2359
2868
2321
2350
2360
2869
2322
2351
2361
2870
2323
2352
2362
2871
2324
2353
2363
2872
2325
2354
2364
2873
2355
2365
2874
2327
2346
2476
3943
2328
2347
2477
2329
2348
2478
2330
2349
2479
2331
2350
2480
2332
2351
2481
2333
2352
2482
2334
2353
2483
2335
2354
2484
2355
2485
2337
2356
2775
3946
2338
2357
2776
2339
2358
2777
2340
2359
2778
2341
2360
2779
2342
2361
2780
2343
2362
2781
2344
2363
2782
2345
2364
2783
2365
2784
2347
3015
3949
2348
3016
2349
3017
2350
3018
2351
3019
2352
3020
2353
3021
2354
3022
2355
3023
3024
2357
3424
3940
2358
3425
2359
3426
2360
3427
2361
3428
2362
3429
2363
3430
2364
3431
2365
3432
3433
2367
2376
2396
2955
3955
2368
2377
2397
2956
2369
2378
2398
2957
2370
2379
2399
2958
2371
2380
2400
2959
2372
2381
2401
2960
2373
2382
2402
2961
2374
2383
2403
2962
2375
2384
2404
2963
2385
2405
2964
2377
2386
3514
3952
2378
2387
3515
2379
2388
3516
2380
2389
3517
2381
2390
3518
2382
2391
3519
2383
2392
3520
2384
2393
3521
2385
2394
3522
2395
3523
2387
2416
2795
3961
2388
2417
2796
2389
2418
2797
2390
2419
2798
2391
2420
2799
2392
2421
2800
2393
2422
2801
2394
2423
2802
2395
2424
2803
2425
2804
2397
2406
3065
3958
2398
2407
3066
2399
2408
3067
2400
2409
3068
2401
2410
3069
2402
2411
3070
2403
2412
3071
2404
2413
3072
2405
2414
3073
2415
3074
2407
2416
2516
3964
2408
2417
2517
2409
2418
2518
2410
2419
2519
2411
2420
2520
2412
2421
2521
2413
2422
2522
2414
2423
2523
2415
2424
2524
2425
2525
2417
3967
2418
2419
2420
2421
2422
2423
2424
2425
2427
2436
2446
2546
3985
2428
2437
2447
2547
2429
2438
2448
2548
2430
2439
2449
2431
2440
2450
2432
2441
2451
2433
2442
2452
2434
2443
2453
2435
2444
2454
2445
2455
2437
2466
3121
3982
2438
2467
3122
2439
2468
3123
2440
2469
3124
2441
2470
3125
2442
2471
3126
2443
2472
3127
2444
2473
3128
2445
2474
3129
2475
3130
2447
2456
3979
2448
2457
2449
2458
2450
2459
2451
2460
2452
2461
2453
2462
2454
2463
2455
2464
2465
2457
2476
3973
2458
2477
2459
2478
2460
2479
2461
2480
2462
2481
2463
2482
2464
2483
2465
2484
2485
2467
2476
3025
3976
2468
2477
3026
2469
2478
3027
2470
2479
3028
2471
2480
3029
2472
2481
3030
2473
2482
3031
2474
2483
3032
2475
2484
3033
2485
3034
2477
3970
2478
2479
2480
2481
2482
2483
2484
2485
2487
2496
2506
3988
2488
2497
2507
2489
2498
2508
2490
2499
2509
2491
2500
2510
2492
2501
2511
2493
2502
2512
2494
2503
2513
2495
2504
2514
2505
2515
2497
2516
3997
2498
2517
2499
2518
2500
2519
2501
2520
2502
2521
2503
2522
2504
2523
2505
2524
2525
2507
2526
2575
3991
2508
2527
2576
2509
2528
2577
2510
2529
2578
2511
2530
2579
2512
2531
2580
2513
2532
2581
2514
2533
2582
2515
2534
2583
2535
2584
2517
2536
4003
2518
2537
2519
2538
2520
2539
2521
2540
2522
2541
2523
2542
2524
2543
2525
2544
2545
2527
2536
3134
3994
2528
2537
3135
2529
2538
3136
2530
2539
3137
2531
2540
3138
2532
2541
3139
2533
2542
3140
2534
2543
3141
2535
2544
3142
2545
3143
2537
3085
4000
2538
3086
2539
3087
2540
3088
2541
3089
2542
3090
2543
3091
2544
3092
2545
3093
3094
2547
2549
2552
4006
2548
2550
2553
2551
2554
2550
3131
4009
2551
3132
3133
2553
4014
2554
2556
2575
2595
3144
4033
2557
2576
2596
3145
2558
2577
2597
3146
2559
2578
2598
3147
2560
2579
2599
3148
2561
2580
2600
3149
2562
2581
2601
3150
2563
2582
2602
3151
2564
2583
2603
3152
2584
2604
3153
2566
2595
2605
2655
4024
2567
2596
2606
2656
2568
2597
2607
2657
2569
2598
2608
2658
2570
2599
2609
2659
2571
2600
2610
2660
2572
2601
2611
2661
2573
2602
2612
2662
2574
2603
2613
2663
2604
2614
2664
2576
2585
4027
2577
2586
2578
2587
2579
2588
2580
2589
2581
2590
2582
2591
2583
2592
2584
2593
2594
2586
2605
4030
2587
2606
2588
2607
2589
2608
2590
2609
2591
2610
2592
2611
2593
2612
2594
2613
2614
2596
3204
4036
2597
3205
2598
3206
2599
3207
2600
3208
2601
3209
2602
3210
2603
3211
2604
3212
3213
2606
4021
2607
2608
2609
2610
2611
2612
2613
2614
2616
2625
2635
3284
4039
2617
2626
2636
3285
2618
2627
2637
3286
2619
2628
2638
3287
2620
2629
2639
3288
2621
2630
2640
3289
2622
2631
2641
3290
2623
2632
2642
3291
2624
2633
2643
3292
2634
2644
3293
2626
2645
2695
4051
2627
2646
2696
2628
2647
2697
2629
2648
2698
2630
2649
2699
2631
2650
2700
2632
2651
2701
2633
2652
2702
2634
2653
2703
2654
2704
2636
2655
3214
4054
2637
2656
3215
2638
2657
3216
2639
2658
3217
2640
2659
3218
2641
2660
3219
2642
2661
3220
2643
2662
3221
2644
2663
3222
2664
3223
2646
2665
4042
2647
2666
2648
2667
2649
2668
2650
2669
2651
2670
2652
2671
2653
2672
2654
2673
2674
2656
2665
4045
2657
2666
2658
2667
2659
2668
2660
2669
2661
2670
2662
2671
2663
2672
2664
2673
2674
2666
4048
2667
2668
2669
2670
2671
2672
2673
2674
2676
2685
2695
4057
2677
2686
2696
2678
2687
2697
2679
2688
2698
2680
2689
2699
2681
2690
2700
2682
2691
2701
2683
2692
2702
2684
2693
2703
2694
2704
2686
2705
4063
2687
2706
2688
2707
2689
2708
2690
2709
2691
2710
2692
2711
2693
2712
2694
2713
2714
2696
2715
4060
2697
2716
2698
2717
2699
2718
2700
2719
2701
2720
2702
2721
2703
2722
2704
2723
2724
2706
2725
2735
4069
2707
2726
2736
2708
2727
2737
2709
2728
2738
2710
2729
2739
2711
2730
2740
2712
2731
2741
2713
2732
2742
2714
2733
2743
2734
2744
2716
2725
3274
4066
2717
2726
3275
2718
2727
3276
2719
2728
3277
2720
2729
3278
2721
2730
3279
2722
2731
3280
2723
2732
3281
2724
2733
3282
2734
3283
2726
3344
4072
2727
3345
2728
3346
2729
3347
2730
3348
2731
3349
2732
3350
2733
3351
2734
3352
3353
2736
2745
2765
4075
2737
2746
2766
2738
2747
2767
2739
2748
2768
2740
2749
2769
2741
2750
2770
2742
2751
2771
2743
2752
2772
2744
2753
2773
2754
2774
2746
2755
4078
2747
2756
2748
2757
2749
2758
2750
2759
2751
2760
2752
2761
2753
2762
2754
2763
2764
2756
2775
4081
2757
2776
2758
2777
2759
2778
2760
2779
2761
2780
2762
2781
2763
2782
2764
2783
2784
2766
2785
3364
4084
2767
2786
3365
2768
2787
3366
2769
2788
3367
2770
2789
3368
2771
2790
3369
2772
2791
3370
2773
2792
3371
2774
2793
3372
2794
3373
2776
2785
4087
2777
2786
2778
2787
2779
2788
2780
2789
2781
2790
2782
2791
2783
2792
2784
2793
2794
2786
3414
4090
2787
3415
2788
3416
2789
3417
2790
3418
2791
3419
2792
3420
2793
3421
2794
3422
3423
2796
2805
2815
4102
2797
2806
2816
2798
2807
2817
2799
2808
2818
2800
2809
2819
2801
2810
2820
2802
2811
2821
2803
2812
2822
2804
2813
2823
2814
2824
2806
2825
4105
2807
2826
2808
2827
2809
2828
2810
2829
2811
2830
2812
2831
2813
2832
2814
2833
2834
2816
2835
3524
4108
2817
2836
3525
2818
2837
3526
2819
2838
3527
2820
2839
3528
2821
2840
3529
2822
2841
3530
2823
2842
3531
2824
2843
3532
2844
3533
2826
2845
4096
2827
2846
2828
2847
2829
2848
2830
2849
2831
2850
2832
2851
2833
2852
2834
2853
2854
2836
2845
3374
4099
2837
2846
3375
2838
2847
3376
2839
2848
3377
2840
2849
3378
2841
2850
3379
2842
2851
3380
2843
2852
3381
2844
2853
3382
2854
3383
2846
4093
2847
2848
2849
2850
2851
2852
2853
2854
2856
2875
2905
4111
2857
2876
2906
2858
2877
2907
2859
2878
2908
2860
2879
2909
2861
2880
2910
2862
2881
2911
2863
2882
2912
2864
2883
2913
2884
2914
2866
2885
2895
4126
2867
2886
2896
2868
2887
2897
2869
2888
2898
2870
2889
2899
2871
2890
2900
2872
2891
2901
2873
2892
2902
2874
2893
2903
2894
2904
2876
2895
4117
2877
2896
2878
2897
2879
2898
2880
2899
2881
2900
2882
2901
2883
2902
2884
2903
2904
2886
2905
3005
4120
2887
2906
3006
2888
2907
3007
2889
2908
3008
2890
2909
3009
2891
2910
3010
2892
2911
3011
2893
2912
3012
2894
2913
3013
2914
3014
2896
3434
4123
2897
3435
2898
3436
2899
3437
2900
3438
2901
3439
2902
3440
2903
3441
2904
3442
3443
2906
4114
2907
2908
2909
2910
2911
2912
2913
2914
2916
2935
2965
4129
2917
2936
2966
2918
2937
2967
2919
2938
2968
2920
2939
2969
2921
2940
2970
2922
2941
2971
2923
2942
2972
2924
2943
2973
2944
2974
2926
2935
2955
3035
4135
2927
2936
2956
3036
2928
2937
2957
3037
2929
2938
2958
3038
2930
2939
2959
3039
2931
2940
2960
3040
2932
2941
2961
3041
2933
2942
2962
3042
2934
2943
2963
3043
2944
2964
3044
2936
4138
2937
2938
2939
2940
2941
2942
2943
2944
2946
2955
2965
3484
4132
2947
2956
2966
3485
2948
2957
2967
3486
2949
2958
2968
3487
2950
2959
2969
3488
2951
2960
2970
3489
2952
2961
2971
3490
2953
2962
2972
3491
2954
2963
2973
3492
2964
2974
3493
2956
4141
2957
2958
2959
2960
2961
2962
2963
2964
2966
4144
2967
2968
2969
2970
2971
2972
2973
2974
2976
2995
3025
3108
4159
2977
2996
3026
3109
2978
2997
3027
3110
2979
2998
3028
3111
2980
2999
3029
3112
2981
3000
3030
3113
2982
3001
3031
3114
2983
3002
3032
3115
2984
3003
3033
3116
3004
3034
3117
2986
2995
3005
4147
2987
2996
3006
2988
2997
3007
2989
2998
3008
2990
2999
3009
2991
3000
3010
2992
3001
3011
2993
3002
3012
2994
3003
3013
3004
3014
2996
4162
2997
2998
2999
3000
3001
3002
3003
3004
3006
3015
4150
3007
3016
3008
3017
3009
3018
3010
3019
3011
3020
3012
3021
3013
3022
3014
3023
3024
3016
3025
4156
3017
3026
3018
3027
3019
3028
3020
3029
3021
3030
3022
3031
3023
3032
3024
3033
3034
3026
4153
3027
3028
3029
3030
3031
3032
3033
3034
3036
3045
3065
4177
3037
3046
3066
3038
3047
3067
3039
3048
3068
3040
3049
3069
3041
3050
3070
3042
3051
3071
3043
3052
3072
3044
3053
3073
3054
3074
3046
3055
4180
3047
3056
3048
3057
3049
3058
3050
3059
3051
3060
3052
3061
3053
3062
3054
3063
3064
3056
3075
4174
3057
3076
3058
3077
3059
3078
3060
3079
3061
3080
3062
3081
3063
3082
3064
3083
3084
3066
3085
4171
3067
3086
3068
3087
3069
3088
3070
3089
3071
3090
3072
3091
3073
3092
3074
3093
3094
3076
3085
3154
4165
3077
3086
3155
3078
3087
3156
3079
3088
3157
3080
3089
3158
3081
3090
3159
3082
3091
3160
3083
3092
3161
3084
3093
3162
3094
3163
3086
4168
3087
3088
3089
3090
3091
3092
3093
3094
3096
3098
3118
4189
3097
3099
3119
3100
3120
3099
3108
4183
3100
3109
3101
3110
3102
3111
3103
3112
3104
3113
3105
3114
3106
3115
3107
3116
3117
3109
3121
4186
3110
3122
3111
3123
3112
3124
3113
3125
3114
3126
3115
3127
3116
3128
3117
3129
3130
3119
3131
4198
3120
3132
3133
3122
3131
4192
3123
3132
3124
3133
3125
3126
3127
3128
3129
3130
3132
4195
3133
3135
3144
3154
4213
3136
3145
3155
3137
3146
3156
3138
3147
3157
3139
3148
3158
3140
3149
3159
3141
3150
3160
3142
3151
3161
3143
3152
3162
3153
3163
3145
3164
4216
3146
3165
3147
3166
3148
3167
3149
3168
3150
3169
3151
3170
3152
3171
3153
3172
3173
3155
3174
4207
3156
3175
3157
3176
3158
3177
3159
3178
3160
3179
3161
3180
3162
3181
3163
3182
3183
3165
3184
3194
4210
3166
3185
3195
3167
3186
3196
3168
3187
3197
3169
3188
3198
3170
3189
3199
3171
3190
3200
3172
3191
3201
3173
3192
3202
3193
3203
3175
3184
4201
3176
3185
3177
3186
3178
3187
3179
3188
3180
3189
3181
3190
3182
3191
3183
3192
3193
3185
4204
3186
3187
3188
3189
3190
3191
3192
3193
3195
3204
3224
4219
3196
3205
3225
3197
3206
3226
3198
3207
3227
3199
3208
3228
3200
3209
3229
3201
3210
3230
3202
3211
3231
3203
3212
3232
3213
3233
3205
3214
4222
3206
3215
3207
3216
3208
3217
3209
3218
3210
3219
3211
3220
3212
3221
3213
3222
3223
3215
3234
4225
3216
3235
3217
3236
3218
3237
3219
3238
3220
3239
3221
3240
3222
3241
3223
3242
3243
3225
3244
4228
3226
3245
3227
3246
3228
3247
3229
3248
3230
3249
3231
3250
3232
3251
3233
3252
3253
3235
3244
3254
4231
3236
3245
3255
3237
3246
3256
3238
3247
3257
3239
3248
3258
3240
3249
3259
3241
3250
3260
3242
3251
3261
3243
3252
3262
3253
3263
3245
4234
3246
3247
3248
3249
3250
3251
3252
3253
3255
3284
3294
4237
3256
3285
3295
3257
3286
3296
3258
3287
3297
3259
3288
3298
3260
3289
3299
3261
3290
3300
3262
3291
3301
3263
3292
3302
3293
3303
3265
3294
3304
4240
3266
3295
3305
3267
3296
3306
3268
3297
3307
3269
3298
3308
3270
3299
3309
3271
3300
3310
3272
3301
3311
3273
3302
3312
3303
3313
3275
3284
3304
4243
3276
3285
3305
3277
3286
3306
3278
3287
3307
3279
3288
3308
3280
3289
3309
3281
3290
3310
3282
3291
3311
3283
3292
3312
3293
3313
3285
4246
3286
3287
3288
3289
3290
3291
3292
3293
3295
4249
3296
3297
3298
3299
3300
3301
3302
3303
3305
3354
4252
3306
3355
3307
3356
3308
3357
3309
3358
3310
3359
3311
3360
3312
3361
3313
3362
3363
3315
3324
3334
4255
3316
3325
3335
3317
3326
3336
3318
3327
3337
3319
3328
3338
3320
3329
3339
3321
3330
3340
3322
3331
3341
3323
3332
3342
3333
3343
3325
3354
4261
3326
3355
3327
3356
3328
3357
3329
3358
3330
3359
3331
3360
3332
3361
3333
3362
3363
3335
3364
3444
4258
3336
3365
3445
3337
3366
3446
3338
3367
3447
3339
3368
3448
3340
3369
3449
3341
3370
3450
3342
3371
3451
3343
3372
3452
3373
3453
3345
3354
3364
4264
3346
3355
3365
3347
3356
3366
3348
3357
3367
3349
3358
3368
3350
3359
3369
3351
3360
3370
3352
3361
3371
3353
3362
3372
3363
3373
3355
4267
3356
3357
3358
3359
3360
3361
3362
3363
3365
4270
3366
3367
3368
3369
3370
3371
3372
3373
3375
3384
4273
3376
3385
3377
3386
3378
3387
3379
3388
3380
3389
3381
3390
3382
3391
3383
3392
3393
3385
3394
3474
4276
3386
3395
3475
3387
3396
3476
3388
3397
3477
3389
3398
3478
3390
3399
3479
3391
3400
3480
3392
3401
3481
3393
3402
3482
3403
3483
3395
3404
4279
3396
3405
3397
3406
3398
3407
3399
3408
3400
3409
3401
3410
3402
3411
3403
3412
3413
3405
4282
3406
3407
3408
3409
3410
3411
3412
3413
3415
3424
3444
4288
3416
3425
3445
3417
3426
3446
3418
3427
3447
3419
3428
3448
3420
3429
3449
3421
3430
3450
3422
3431
3451
3423
3432
3452
3433
3453
3425
3434
4285
3426
3435
3427
3436
3428
3437
3429
3438
3430
3439
3431
3440
3432
3441
3433
3442
3443
3435
3454
4291
3436
3455
3437
3456
3438
3457
3439
3458
3440
3459
3441
3460
3442
3461
3443
3462
3463
3445
3464
4294
3446
3465
3447
3466
3448
3467
3449
3468
3450
3469
3451
3470
3452
3471
3453
3472
3473
3455
3464
4297
3456
3465
3457
3466
3458
3467
3459
3468
3460
3469
3461
3470
3462
3471
3463
3472
3473
3465
4300
3466
3467
3468
3469
3470
3471
3472
3473
3475
3504
3524
4306
3476
3505
3525
3477
3506
3526
3478
3507
3527
3479
3508
3528
3480
3509
3529
3481
3510
3530
3482
3511
3531
3483
3512
3532
3513
3533
3485
3494
3514
4303
3486
3495
3515
3487
3496
3516
3488
3497
3517
3489
3498
3518
3490
3499
3519
3491
3500
3520
3492
3501
3521
3493
3502
3522
3503
3523
3495
3504
4309
3496
3505
3497
3506
3498
3507
3499
3508
3500
3509
3501
3510
3502
3511
3503
3512
3513
3505
4318
3506
3507
3508
3509
3510
3511
3512
3513
3515
3524
4312
3516
3525
3517
3526
3518
3527
3519
3528
3520
3529
3521
3530
3522
3531
3523
3532
3533
3525
4315
3526
3527
3528
3529
3530
3531
3532
3533
3535
3537
3564
4324
3536
3538
3565
3539
3566
3538
3540
3594
4327
3539
3541
3595
3542
3596
3541
3549
4321
3542
3550
3551
3544
3546
3549
3582
4330
3545
3547
3550
3583
3548
3551
3584
3547
3579
4333
3548
3580
3581
3550
4336
3551
3553
3558
3567
3669
4342
3554
3559
3568
3670
3560
3569
3671
3556
3561
3564
4345
3557
3562
3565
3563
3566
3559
3564
3591
4348
3560
3565
3592
3566
3593
3562
3567
3636
4339
3563
3568
3637
3569
3638
3565
4351
3566
3568
3603
4354
3569
3604
3605
3571
3576
3621
4366
3572
3577
3622
3578
3623
3574
3576
3579
3585
4363
3575
3577
3580
3586
3578
3581
3587
3577
3657
4360
3578
3658
3659
3580
4357
3581
3583
3585
3594
4369
3584
3586
3595
3587
3596
3586
3588
4372
3587
3589
3590
3589
3597
3645
4375
3590
3598
3646
3599
3647
3592
3594
3597
4378
3593
3595
3598
3596
3599
3595
4381
3596
3598
3666
4384
3599
3667
3668
3601
3603
3612
3639
4396
3602
3604
3613
3640
3605
3614
3641
3604
3609
4387
3605
3610
3611
3607
3612
3615
3684
4390
3608
3613
3616
3685
3614
3617
3686
3610
3615
3672
4399
3611
3616
3673
3617
3674
3613
3732
4402
3614
3733
3734
3616
3771
4393
3617
3772
3773
3619
3621
3624
3648
4414
3620
3622
3625
3649
3623
3626
3650
3622
3630
4417
3623
3631
3632
3625
3627
3735
4408
3626
3628
3736
3629
3737
3628
3633
3699
4411
3629
3634
3700
3635
3701
3631
3633
4420
3632
3634
3635
3634
4405
3635
3637
3639
4423
3638
3640
3641
3640
3642
4426
3641
3643
3644
3643
3726
4429
3644
3727
3728
3646
3657
3660
4444
3647
3658
3661
3659
3662
3649
3654
3657
4438
3650
3655
3658
3656
3659
3652
3654
3660
3765
4432
3653
3655
3661
3766
3656
3662
3767
3655
3738
4435
3656
3739
3740
3658
4447
3659
3661
3675
4441
3662
3676
3677
3664
3675
3678
3759
4450
3665
3676
3679
3760
3677
3680
3761
3667
3669
3675
4453
3668
3670
3676
3671
3677
3670
3672
4456
3671
3673
3674
3673
3678
4459
3674
3679
3680
3676
4462
3677
3679
3774
4465
3680
3775
3776
3682
3687
3693
3917
4468
3683
3688
3694
3918
3689
3695
3919
3685
3690
3693
4471
3686
3691
3694
3692
3695
3688
3696
3789
4474
3689
3697
3790
3698
3791
3691
3696
3720
4477
3692
3697
3721
3698
3722
3694
3777
4480
3695
3778
3779
3697
3840
4483
3698
3841
3842
3700
3705
3708
4486
3701
3706
3709
3707
3710
3703
3705
3714
3849
4489
3704
3706
3715
3850
3707
3716
3851
3706
3741
4492
3707
3742
3743
3709
3711
4495
3710
3712
3713
3712
3714
3929
4498
3713
3715
3930
3716
3931
3715
3816
4501
3716
3817
3818
3718
3726
3729
4516
3719
3727
3730
3728
3731
3721
3723
3732
4507
3722
3724
3733
3725
3734
3724
3729
3834
4513
3725
3730
3835
3731
3836
3727
3732
4510
3728
3733
3734
3730
3866
4519
3731
3867
3868
3733
4504
3734
3736
3738
3741
4522
3737
3739
3742
3740
3743
3739
3744
4525
3740
3745
3746
3742
3747
4528
3743
3748
3749
3745
3750
3756
4531
3746
3751
3757
3752
3758
3748
3750
3843
4534
3749
3751
3844
3752
3845
3751
3869
4537
3752
3870
3871
3754
3756
3762
3872
4540
3755
3757
3763
3873
3758
3764
3874
3757
3765
4543
3758
3766
3767
3760
3765
3768
4546
3761
3766
3769
3767
3770
3763
3768
3899
4549
3764
3769
3900
3770
3901
3766
4552
3767
3769
3783
4555
3770
3784
3785
3772
3774
3777
4558
3773
3775
3778
3776
3779
3775
3783
4561
3776
3784
3785
3778
3780
4564
3779
3781
3782
3781
3786
3905
4567
3782
3787
3906
3788
3907
3784
3786
4570
3785
3787
3788
3787
3893
4573
3788
3894
3895
3790
3792
3795
4576
3791
3793
3796
3794
3797
3793
3801
3911
4579
3794
3802
3912
3803
3913
3796
3798
3828
4582
3797
3799
3829
3800
3830
3799
3804
3971
4585
3800
3805
3972
3806
3973
3802
3804
4079
4588
3803
3805
4080
3806
4081
3805
3932
4591
3806
3933
3934
3808
3810
3813
3995
4609
3809
3811
3814
3996
3812
3815
3997
3811
3816
3855
4603
3812
3817
3856
3818
3857
3814
3819
3965
4606
3815
3820
3966
3821
3967
3817
3822
4597
3818
3823
3824
3820
3822
4103
4600
3821
3823
4104
3824
4105
3823
3926
4594
3824
3927
3928
3826
3828
3831
3977
4624
3827
3829
3832
3978
3830
3833
3979
3829
3840
4615
3830
3841
3842
3832
3837
4012
4621
3833
3838
4013
3839
4014
3835
3837
3840
4612
3836
3838
3841
3839
3842
3838
3863
4618
3839
3864
3865
3841
4627
3842
3844
3849
3858
4630
3845
3850
3859
3851
3860
3847
3852
3858
4028
4633
3848
3853
3859
4029
3854
3860
4030
3850
3855
4636
3851
3856
3857
3853
3855
3986
4639
3854
3856
3987
3857
3988
3856
4642
3857
3859
3878
4645
3860
3879
3880
3862
3863
4015
4648
3864
4016
3864
3866
4651
3865
3867
3868
3867
4654
3868
3870
3872
3878
4657
3871
3873
3879
3874
3880
3873
3875
4660
3874
3876
3877
3876
3884
3902
4663
3877
3885
3903
3886
3904
3879
3881
4666
3880
3882
3883
3882
3884
4019
4669
3883
3885
4020
3886
4021
3885
4046
4672
3886
4047
4048
3888
3890
3893
3908
4675
3889
3891
3894
3909
3892
3895
3910
3891
3896
4055
4678
3892
3897
4056
3898
4057
3894
3899
4687
3895
3900
3901
3897
3902
4040
4681
3898
3903
4041
3904
4042
3900
3902
4690
3901
3903
3904
3903
4684
3904
3906
3908
3917
4702
3907
3909
3918
3910
3919
3909
3920
4708
3910
3921
3922
3912
3914
3917
4696
3913
3915
3918
3916
3919
3915
3920
4076
4705
3916
3921
4077
3922
4078
3918
4693
3919
3921
4061
4699
3922
4062
4063
3924
3926
4094
4717
3925
3927
4095
3928
4096
3927
3929
4714
3928
3930
3931
3930
4711
3931
3933
3941
3944
4720
3934
3942
3945
3943
3946
3936
3938
3947
4124
4723
3937
3939
3948
4125
3940
3949
4126
3939
3944
4283
4735
3940
3945
4284
3946
4285
3942
3947
3968
4726
3943
3948
3969
3949
3970
3945
4085
4729
3946
4086
4087
3948
4154
4732
3949
4155
4156
3951
3953
3959
4310
4738
3952
3954
3960
4311
3955
3961
4312
3954
3956
4139
4741
3955
3957
4140
3958
4141
3957
3962
4169
4744
3958
3963
4170
3964
4171
3960
3965
4100
4747
3961
3966
4101
3967
4102
3963
3965
4001
4750
3964
3966
4002
3967
4003
3966
4753
3967
3969
3971
3974
4756
3970
3972
3975
3973
3976
3972
3977
4759
3973
3978
3979
3975
3980
4151
4762
3976
3981
4152
3982
4153
3978
3983
4765
3979
3984
3985
3981
3983
4190
4768
3982
3984
4191
3985
4192
3984
4004
4771
3985
4005
4006
3987
3989
3995
4774
3988
3990
3996
3991
3997
3990
3992
4025
4780
3991
3993
4026
3994
4027
3993
3998
4211
4786
3994
3999
4212
4000
4213
3996
4001
4777
3997
4002
4003
3999
4001
4166
4789
4000
4002
4167
4003
4168
4002
4783
4003
4005
4007
4012
4792
4006
4008
4013
4009
4014
4008
4010
4193
4795
4009
4011
4194
4195
4011
4017
4798
4018
4013
4015
4801
4014
4016
4016
4017
4804
4018
4018
4807
4020
4022
4028
4813
4021
4023
4029
4024
4030
4023
4034
4043
4810
4024
4035
4044
4036
4045
4026
4028
4031
4825
4027
4029
4032
4030
4033
4029
4816
4030
4032
4034
4214
4819
4033
4035
4215
4036
4216
4035
4220
4822
4036
4221
4222
4038
4049
4052
4244
4828
4039
4050
4053
4245
4051
4054
4246
4041
4046
4049
4831
4042
4047
4050
4048
4051
4044
4046
4052
4834
4045
4047
4053
4048
4054
4047
4837
4048
4050
4058
4840
4051
4059
4060
4053
4223
4843
4054
4224
4225
4056
4058
4061
4855
4057
4059
4062
4060
4063
4059
4064
4858
4060
4065
4066
4062
4067
4849
4063
4068
4069
4065
4070
4241
4852
4066
4071
4242
4072
4243
4068
4070
4073
4861
4069
4071
4074
4072
4075
4071
4262
4846
4072
4263
4264
4074
4076
4082
4864
4075
4077
4083
4078
4084
4077
4079
4867
4078
4080
4081
4080
4085
4870
4081
4086
4087
4083
4088
4268
4873
4084
4089
4269
4090
4270
4086
4088
4876
4087
4089
4090
4089
4286
4879
4090
4287
4288
4092
4094
4097
4885
4093
4095
4098
4096
4099
4095
4103
4897
4096
4104
4105
4098
4106
4271
4894
4099
4107
4272
4108
4273
4101
4103
4106
4882
4102
4104
4107
4105
4108
4104
4888
4105
4107
4313
4891
4108
4314
4315
4110
4112
4115
4900
4111
4113
4116
4114
4117
4113
4118
4903
4114
4119
4120
4116
4121
4906
4117
4122
4123
4119
4124
4148
4909
4120
4125
4149
4126
4150
4122
4124
4289
4912
4123
4125
4290
4126
4291
4125
4915
4126
4128
4136
4142
4921
4129
4137
4143
4138
4144
4131
4139
4142
4301
4930
4132
4140
4143
4302
4141
4144
4303
4134
4136
4139
4175
4924
4135
4137
4140
4176
4138
4141
4177
4137
4918
4138
4140
4927
4141
4143
4933
4144
4146
4148
4160
4936
4147
4149
4161
4150
4162
4149
4154
4939
4150
4155
4156
4152
4154
4157
4942
4153
4155
4158
4156
4159
4155
4945
4156
4158
4160
4184
4948
4159
4161
4185
4162
4186
4161
4951
4162
4164
4166
4172
4205
4957
4165
4167
4173
4206
4168
4174
4207
4167
4169
4954
4168
4170
4171
4170
4175
4963
4171
4176
4177
4173
4178
4960
4174
4179
4180
4176
4178
4969
4177
4179
4180
4179
4966
4180
4182
4184
4187
4972
4183
4185
4188
4186
4189
4185
4190
4978
4186
4191
4192
4188
4196
4975
4189
4197
4198
4191
4193
4984
4192
4194
4195
4194
4196
4987
4195
4197
4198
4197
4981
4198
4200
4202
4205
4993
4201
4203
4206
4204
4207
4203
4208
4990
4204
4209
4210
4206
4211
4999
4207
4212
4213
4209
4214
4217
4996
4210
4215
4218
4216
4219
4212
4214
5005
4213
4215
4216
4215
5002
4216
4218
4220
4226
5008
4219
4221
4227
4222
4228
4221
4223
5011
4222
4224
4225
4224
4229
5014
4225
4230
4231
4227
4232
5017
4228
4233
4234
4230
4232
4235
5020
4231
4233
4236
4234
4237
4233
5023
4234
4236
4244
4247
5026
4237
4245
4248
4246
4249
4239
4247
4250
5029
4240
4248
4251
4249
4252
4242
4244
4250
5032
4243
4245
4251
4246
4252
4245
5035
4246
4248
5038
4249
4251
4265
5041
4252
4266
4267
4254
4256
4259
5044
4255
4257
4260
4258
4261
4257
4268
4292
5050
4258
4269
4293
4270
4294
4260
4265
5047
4261
4266
4267
4263
4265
4268
5053
4264
4266
4269
4267
4270
4266
5056
4267
4269
5059
4270
4272
4274
5065
4273
4275
4276
4275
4277
4304
5068
4276
4278
4305
4279
4306
4278
4280
5062
4279
4281
4282
4281
5071
4282
4284
4286
4289
5077
4285
4287
4290
4288
4291
4287
4292
5074
4288
4293
4294
4290
4295
5080
4291
4296
4297
4293
4298
5083
4294
4299
4300
4296
4298
5086
4297
4299
4300
4299
5089
4300
4302
4307
4310
5092
4303
4308
4311
4309
4312
4305
4313
4316
5095
4306
4314
4317
4315
4318
4308
4316
5098
4309
4317
4318
4311
4313
5101
4312
4314
4315
4314
5104
4315
4317
5107
4318
4320
4325
4334
5116
4321
4326
4335
4327
4336
4323
4325
4349
5110
4324
4326
4350
4327
4351
4326
4379
5113
4327
4380
4381
4329
4331
4334
4367
5119
4330
4332
4335
4368
4333
4336
4369
4332
4355
5122
4333
4356
4357
4335
5125
4336
4338
4343
4352
4421
5128
4339
4344
4353
4422
4345
4354
4423
4341
4346
4352
4454
5131
4342
4347
4353
4455
4348
4354
4456
4344
4349
5137
4345
4350
4351
4347
4349
4376
5134
4348
4350
4377
4351
4378
4350
5143
4351
4353
4385
5140
4354
4386
4387
4356
4361
5146
4357
4362
4363
4359
4361
4364
4445
5152
4360
4362
4365
4446
4363
4366
4447
4362
4370
5149
4363
4371
4372
4365
4415
5155
4366
4416
4417
4368
4370
4379
5158
4369
4371
4380
4372
4381
4371
4373
5164
4372
4374
4375
4374
4382
4442
5170
4375
4383
4443
4384
4444
4377
4379
4382
5167
4378
4380
4383
4381
4384
4380
5161
4381
4383
4451
5173
4384
4452
4453
4386
4394
4397
5179
4387
4395
4398
4396
4399
4389
4391
4400
4469
5182
4390
4392
4401
4470
4393
4402
4471
4392
4397
4556
5191
4393
4398
4557
4399
4558
4395
4400
4424
5176
4396
4401
4425
4402
4426
4398
4457
5185
4399
4458
4459
4401
4502
5188
4402
4503
4504
4404
4409
4418
4405
4410
4419
4411
4420
4407
4409
4412
4520
5194
4408
4410
4413
4521
4411
4414
4522
4410
4484
5203
4411
4485
4486
4413
4415
4436
5200
4414
4416
4437
4417
4438
4416
4418
5197
4417
4419
4420
4419
4420
4422
4424
5206
4423
4425
4426
4425
4427
5209
4426
4428
4429
4428
4508
5212
4429
4509
4510
4431
4433
4439
4550
5215
4432
4434
4440
4551
4435
4441
4552
4434
4436
4523
5218
4435
4437
4524
4438
4525
4437
4445
5221
4438
4446
4447
4440
4442
4460
5224
4441
4443
4461
4444
4462
4443
4445
5227
4444
4446
4447
4446
5230
4447
4449
4460
4463
4544
5236
4450
4461
4464
4545
4462
4465
4546
4452
4454
4460
5239
4453
4455
4461
4456
4462
4455
4457
5242
4456
4458
4459
4458
4463
5245
4459
4464
4465
4461
5233
4462
4464
4559
5248
4465
4560
4561
4467
4472
4478
4691
5251
4468
4473
4479
4692
4474
4480
4693
4470
4475
4478
5254
4471
4476
4479
4477
4480
4473
4481
4574
5257
4474
4482
4575
4483
4576
4476
4481
4505
5260
4477
4482
4506
4483
4507
4479
4562
5263
4480
4563
4564
4482
4625
5266
4483
4626
4627
4485
4490
4493
5269
4486
4491
4494
4492
4495
4488
4490
4499
4634
5272
4489
4491
4500
4635
4492
4501
4636
4491
4526
5275
4492
4527
4528
4494
4496
5278
4495
4497
4498
4497
4499
4709
5281
4498
4500
4710
4501
4711
4500
4595
5284
4501
4596
4597
4503
4505
4508
5287
4504
4506
4509
4507
4510
4506
4511
5290
4507
4512
4513
4509
4514
5293
4510
4515
4516
4512
4517
4610
5296
4513
4518
4611
4519
4612
4515
4517
5299
4516
4518
4519
4518
4652
5302
4519
4653
4654
4521
4523
4526
5305
4522
4524
4527
4525
4528
4524
4529
5308
4525
4530
4531
4527
4532
5311
4528
4533
4534
4530
4535
4541
5314
4531
4536
4542
4537
4543
4533
4535
4628
5317
4534
4536
4629
4537
4630
4536
4655
5320
4537
4656
4657
4539
4541
4547
4658
5323
4540
4542
4548
4659
4543
4549
4660
4542
4550
5326
4543
4551
4552
4545
4550
4553
5329
4546
4551
4554
4552
4555
4548
4553
4688
5332
4549
4554
4689
4555
4690
4551
5335
4552
4554
4568
5338
4555
4569
4570
4557
4559
4562
5341
4558
4560
4563
4561
4564
4560
4568
5344
4561
4569
4570
4563
4565
5347
4564
4566
4567
4566
4571
4700
5350
4567
4572
4701
4573
4702
4569
4571
5353
4570
4572
4573
4572
4685
5356
4573
4686
4687
4575
4577
4580
5359
4576
4578
4581
4579
4582
4578
4586
4694
5362
4579
4587
4695
4588
4696
4581
4583
4613
5365
4582
4584
4614
4585
4615
4584
4589
4757
5368
4585
4590
4758
4591
4759
4587
4589
4868
5371
4588
4590
4869
4591
4870
4590
4718
5374
4591
4719
4720
4593
4595
4598
4712
5377
4594
4596
4599
4713
4597
4600
4714
4596
4601
5380
4597
4602
4603
4599
4604
4886
5383
4600
4605
4887
4606
4888
4602
4607
4640
5386
4603
4608
4641
4609
4642
4605
4607
4751
5389
4606
4608
4752
4609
4753
4608
4775
5392
4609
4776
4777
4611
4616
4625
5395
4612
4617
4626
4618
4627
4614
4622
4625
5398
4615
4623
4626
4624
4627
4617
4619
4649
5401
4618
4620
4650
4621
4651
4620
4622
4799
5404
4621
4623
4800
4624
4801
4623
4763
5407
4624
4764
4765
4626
5410
4627
4629
4634
4643
5413
4630
4635
4644
4636
4645
4632
4637
4643
4814
5419
4633
4638
4644
4815
4639
4645
4816
4635
4640
5422
4636
4641
4642
4638
4640
4772
5425
4639
4641
4773
4642
4774
4641
5428
4642
4644
4664
5416
4645
4665
4666
4647
4649
4802
5431
4648
4650
4803
4651
4804
4650
4652
5437
4651
4653
4654
4653
5434
4654
4656
4658
4664
5440
4657
4659
4665
4660
4666
4659
4661
5443
4660
4662
4663
4662
4670
4682
5446
4663
4671
4683
4672
4684
4665
4667
5449
4666
4668
4669
4668
4670
4811
5452
4669
4671
4812
4672
4813
4671
4835
5455
4672
4836
4837
4674
4676
4685
4706
5458
4675
4677
4686
4707
4678
4687
4708
4677
4679
4853
5461
4678
4680
4854
4681
4855
4680
4682
4829
5467
4681
4683
4830
4684
4831
4683
4688
5473
4684
4689
4690
4686
4688
5464
4687
4689
4690
4689
5470
4690
4692
4694
4700
5476
4693
4695
4701
4696
4702
4695
4703
5479
4696
4704
4705
4698
4703
4706
4847
5482
4699
4704
4707
4848
4705
4708
4849
4701
4706
5485
4702
4707
4708
4704
4865
5488
4705
4866
4867
4707
5491
4708
4710
4712
5494
4711
4713
4714
4713
4715
5500
4714
4716
4717
4716
4895
5497
4717
4896
4897
4719
4724
4727
5503
4720
4725
4728
4726
4729
4722
4730
4733
4913
5506
4723
4731
4734
4914
4732
4735
4915
4725
4730
4754
5512
4726
4731
4755
4732
4756
4728
4733
4874
5515
4729
4734
4875
4735
4876
4731
4943
5518
4732
4944
4945
4734
5075
5509
4735
5076
5077
4737
4739
4745
5099
5524
4738
4740
4746
5100
4741
4747
5101
4740
4742
4925
5521
4741
4743
4926
4744
4927
4743
4748
4961
5530
4744
4749
4962
4750
4963
4746
4751
4880
5527
4747
4752
4881
4753
4882
4749
4751
4781
5533
4750
4752
4782
4753
4783
4752
5536
4753
4755
4757
4760
5554
4756
4758
4761
4759
4762
4758
4763
5548
4759
4764
4765
4761
4766
4940
5551
4762
4767
4941
4768
4942
4764
4769
5545
4765
4770
4771
4767
4769
4982
5542
4768
4770
4983
4771
4984
4770
4790
5539
4771
4791
4792
4773
4775
4778
5557
4774
4776
4779
4777
4780
4776
4781
5560
4777
4782
4783
4779
4784
4823
5563
4780
4785
4824
4786
4825
4782
4787
5566
4783
4788
4789
4785
4787
5003
5572
4786
4788
5004
4789
5005
4788
4952
5569
4789
4953
4954
4791
4793
4799
5587
4792
4794
4800
4795
4801
4794
4796
4985
5590
4795
4797
4986
4798
4987
4797
4805
5584
4798
4806
4807
4800
4802
5578
4801
4803
4804
4803
4805
5575
4804
4806
4807
4806
5581
4807
4809
4811
4820
4832
5593
4810
4812
4821
4833
4813
4822
4834
4812
4814
5602
4813
4815
4816
4815
4823
5608
4816
4824
4825
4818
4820
4823
5000
5596
4819
4821
4824
5001
4822
4825
5002
4821
5009
5599
4822
5010
5011
4824
5605
4825
4827
4838
4841
5033
5611
4828
4839
4842
5034
4840
4843
5035
4830
4835
4838
5614
4831
4836
4839
4837
4840
4833
4835
4841
5617
4834
4836
4842
4837
4843
4836
5620
4837
4839
4856
5623
4840
4857
4858
4842
5012
5626
4843
5013
5014
4845
4850
4859
5051
5629
4846
4851
4860
5052
4852
4861
5053
4848
4853
4859
5632
4849
4854
4860
4855
4861
4851
4856
5030
5635
4852
4857
5031
4858
5032
4854
4856
5638
4855
4857
4858
4857
5641
4858
4860
4862
5644
4861
4863
4864
4863
4865
4871
5647
4864
4866
4872
4867
4873
4866
4868
5650
4867
4869
4870
4869
4874
5653
4870
4875
4876
4872
4877
5057
5656
4873
4878
5058
4879
5059
4875
4877
5659
4876
4878
4879
4878
5072
5662
4879
5073
5074
4881
4886
4889
5665
4882
4887
4890
4888
4891
4884
4892
4895
5680
4885
4893
4896
4894
4897
4887
4895
5668
4888
4896
4897
4890
4892
5102
5671
4891
4893
5103
4894
5104
4893
5063
5677
4894
5064
5065
4896
5674
4897
4899
4901
4904
5683
4900
4902
4905
4903
4906
4902
4907
5686
4903
4908
4909
4905
4910
5689
4906
4911
4912
4908
4913
4937
5692
4909
4914
4938
4915
4939
4911
4913
5078
5695
4912
4914
5079
4915
5080
4914
5698
4915
4917
4919
4922
5710
4918
4920
4923
4921
4924
4920
4931
5701
4921
4932
4933
4923
4925
4967
5707
4924
4926
4968
4927
4969
4926
4928
5713
4927
4929
4930
4929
4931
5090
5704
4930
4932
5091
4933
5092
4932
5716
4933
4935
4937
4949
5722
4936
4938
4950
4939
4951
4938
4943
5728
4939
4944
4945
4941
4943
4946
5734
4942
4944
4947
4945
4948
4944
5731
4945
4947
4949
4976
5719
4948
4950
4977
4951
4978
4950
5725
4951
4953
4955
4961
5737
4954
4956
4962
4957
4963
4956
4958
4997
5740
4957
4959
4998
4960
4999
4959
4964
5743
4960
4965
4966
4962
4967
5746
4963
4968
4969
4965
4967
5749
4966
4968
4969
4968
5752
4969
4971
4973
4976
5755
4972
4974
4977
4975
4978
4974
4979
5761
4975
4980
4981
4977
4982
5758
4978
4983
4984
4980
4985
5770
4981
4986
4987
4983
4985
5764
4984
4986
4987
4986
5767
4987
4989
4991
4994
5779
4990
4992
4995
4993
4996
4992
4997
5773
4993
4998
4999
4995
5000
5006
5788
4996
5001
5007
5002
5008
4998
5003
5776
4999
5004
5005
5001
5003
5785
5002
5004
5005
5004
5782
5005
5007
5009
5015
5791
5008
5010
5016
5011
5017
5010
5012
5794
5011
5013
5014
5013
5018
5797
5014
5019
5020
5016
5021
5800
5017
5022
5023
5019
5021
5024
5803
5020
5022
5025
5023
5026
5022
5806
5023
5025
5033
5036
5809
5026
5034
5037
5035
5038
5028
5036
5039
5815
5029
5037
5040
5038
5041
5031
5033
5039
5818
5032
5034
5040
5035
5041
5034
5821
5035
5037
5812
5038
5040
5054
5824
5041
5055
5056
5043
5045
5048
5827
5044
5046
5049
5047
5050
5046
5054
5833
5047
5055
5056
5049
5057
5081
5830
5050
5058
5082
5059
5083
5052
5054
5057
5836
5053
5055
5058
5056
5059
5055
5839
5056
5058
5842
5059
5061
5066
5069
5845
5062
5067
5070
5068
5071
5064
5066
5848
5065
5067
5068
5067
5093
5851
5068
5094
5095
5070
5854
5071
5073
5075
5081
5857
5074
5076
5082
5077
5083
5076
5078
5860
5077
5079
5080
5079
5084
5863
5080
5085
5086
5082
5087
5866
5083
5088
5089
5085
5087
5869
5086
5088
5089
5088
5872
5089
5091
5096
5099
5878
5092
5097
5100
5098
5101
5094
5102
5105
5875
5095
5103
5106
5104
5107
5097
5105
5890
5098
5106
5107
5100
5102
5881
5101
5103
5104
5103
5884
5104
5106
5887
5107
5109
5111
5141
5110
5112
5142
5113
5143
5112
5114
5159
5113
5115
5160
5116
5161
5115
5123
5116
5124
5125
5118
5120
5123
5156
5119
5121
5124
5157
5122
5125
5158
5121
5144
5122
5145
5146
5124
5125
5127
5135
5138
5204
5128
5136
5139
5205
5137
5140
5206
5130
5132
5138
5240
5131
5133
5139
5241
5134
5140
5242
5133
5141
5165
5134
5142
5166
5143
5167
5136
5141
5137
5142
5143
5139
5177
5140
5178
5179
5142
5143
5145
5147
5146
5148
5149
5148
5150
5162
5149
5151
5163
5152
5164
5151
5153
5228
5152
5154
5229
5155
5230
5154
5195
5155
5196
5197
5157
5159
5162
5158
5160
5163
5161
5164
5160
5165
5161
5166
5167
5163
5168
5164
5169
5170
5166
5171
5167
5172
5173
5169
5171
5225
5170
5172
5226
5173
5227
5172
5237
5173
5238
5239
5175
5177
5186
5207
5176
5178
5187
5208
5179
5188
5209
5178
5183
5179
5184
5185
5181
5186
5189
5252
5182
5187
5190
5253
5188
5191
5254
5184
5189
5243
5185
5190
5244
5191
5245
5187
5285
5188
5286
5287
5190
5339
5191
5340
5341
5193
5198
5201
5303
5194
5199
5202
5304
5200
5203
5305
5196
5198
5197
5199
5200
5199
5219
5200
5220
5221
5202
5267
5203
5268
5269
5205
5207
5206
5208
5209
5208
5210
5209
5211
5212
5211
5291
5212
5292
5293
5214
5216
5222
5333
5215
5217
5223
5334
5218
5224
5335
5217
5219
5306
5218
5220
5307
5221
5308
5220
5228
5221
5229
5230
5223
5225
5231
5224
5226
5232
5227
5233
5226
5228
5227
5229
5230
5229
5230
5232
5234
5237
5233
5235
5238
5236
5239
5235
5246
5327
5236
5247
5328
5248
5329
5238
5240
5239
5241
5242
5241
5243
5242
5244
5245
5244
5246
5245
5247
5248
5247
5342
5248
5343
5344
5250
5255
5261
5474
5251
5256
5262
5475
5257
5263
5476
5253
5258
5261
5254
5259
5262
5260
5263
5256
5264
5357
5257
5265
5358
5266
5359
5259
5264
5288
5260
5265
5289
5266
5290
5262
5345
5263
5346
5347
5265
5408
5266
5409
5410
5268
5273
5276
5269
5274
5277
5275
5278
5271
5273
5282
5420
5272
5274
5283
5421
5275
5284
5422
5274
5309
5275
5310
5311
5277
5279
5278
5280
5281
5280
5282
5492
5281
5283
5493
5284
5494
5283
5378
5284
5379
5380
5286
5288
5291
5287
5289
5292
5290
5293
5289
5294
5290
5295
5296
5292
5297
5293
5298
5299
5295
5300
5393
5296
5301
5394
5302
5395
5298
5300
5299
5301
5302
5301
5432
5302
5433
5434
5304
5306
5309
5305
5307
5310
5308
5311
5307
5312
5308
5313
5314
5310
5315
5311
5316
5317
5313
5318
5324
5314
5319
5325
5320
5326
5316
5318
5411
5317
5319
5412
5320
5413
5319
5438
5320
5439
5440
5322
5324
5330
5441
5323
5325
5331
5442
5326
5332
5443
5325
5333
5326
5334
5335
5328
5333
5336
5329
5334
5337
5335
5338
5331
5336
5468
5332
5337
5469
5338
5470
5334
5335
5337
5351
5338
5352
5353
5340
5342
5345
5341
5343
5346
5344
5347
5343
5351
5344
5352
5353
5346
5348
5347
5349
5350
5349
5354
5483
5350
5355
5484
5356
5485
5352
5354
5353
5355
5356
5355
5462
5356
5463
5464
5358
5360
5363
5359
5361
5364
5362
5365
5361
5369
5477
5362
5370
5478
5371
5479
5364
5366
5396
5365
5367
5397
5368
5398
5367
5372
5546
5368
5373
5547
5374
5548
5370
5372
5651
5371
5373
5652
5374
5653
5373
5501
5374
5502
5503
5376
5378
5381
5498
5377
5379
5382
5499
5380
5383
5500
5379
5384
5380
5385
5386
5382
5387
5666
5383
5388
5667
5389
5668
5385
5390
5426
5386
5391
5427
5392
5428
5388
5390
5534
5389
5391
5535
5392
5536
5391
5558
5392
5559
5560
5394
5399
5408
5395
5400
5409
5401
5410
5397
5405
5408
5398
5406
5409
5407
5410
5400
5402
5435
5401
5403
5436
5404
5437
5403
5405
5576
5404
5406
5577
5407
5578
5406
5543
5407
5544
5545
5409
5410
5412
5414
5420
5413
5415
5421
5416
5422
5415
5417
5447
5416
5418
5448
5419
5449
5418
5423
5606
5419
5424
5607
5425
5608
5421
5426
5422
5427
5428
5424
5426
5555
5425
5427
5556
5428
5557
5427
5428
5430
5435
5573
5431
5436
5574
5437
5575
5433
5435
5434
5436
5437
5436
5437
5439
5441
5447
5440
5442
5448
5443
5449
5442
5444
5443
5445
5446
5445
5453
5471
5446
5454
5472
5455
5473
5448
5450
5449
5451
5452
5451
5453
5600
5452
5454
5601
5455
5602
5454
5618
5455
5619
5620
5457
5459
5462
5489
5458
5460
5463
5490
5461
5464
5491
5460
5465
5636
5461
5466
5637
5467
5638
5463
5468
5464
5469
5470
5466
5471
5612
5467
5472
5613
5473
5614
5469
5471
5470
5472
5473
5472
5473
5475
5477
5483
5476
5478
5484
5479
5485
5478
5486
5479
5487
5488
5481
5486
5489
5630
5482
5487
5490
5631
5488
5491
5632
5484
5489
5485
5490
5491
5487
5648
5488
5649
5650
5490
5491
5493
5498
5494
5499
5500
5496
5498
5672
5497
5499
5673
5500
5674
5499
5500
5502
5510
5513
5503
5511
5514
5512
5515
5505
5507
5516
5696
5506
5508
5517
5697
5509
5518
5698
5508
5513
5858
5509
5514
5859
5515
5860
5511
5516
5552
5512
5517
5553
5518
5554
5514
5657
5515
5658
5659
5517
5729
5518
5730
5731
5520
5522
5528
5711
5521
5523
5529
5712
5524
5530
5713
5523
5525
5879
5524
5526
5880
5527
5881
5526
5534
5663
5527
5535
5664
5536
5665
5529
5531
5744
5530
5532
5745
5533
5746
5532
5534
5564
5533
5535
5565
5536
5566
5535
5536
5538
5540
5543
5585
5539
5541
5544
5586
5542
5545
5587
5541
5549
5762
5542
5550
5763
5551
5764
5544
5546
5545
5547
5548
5547
5552
5548
5553
5554
5550
5552
5732
5551
5553
5733
5554
5734
5553
5554
5556
5558
5561
5557
5559
5562
5560
5563
5559
5564
5560
5565
5566
5562
5570
5603
5563
5571
5604
5572
5605
5565
5567
5566
5568
5569
5568
5570
5735
5569
5571
5736
5572
5737
5571
5780
5572
5781
5782
5574
5576
5579
5575
5577
5580
5578
5581
5577
5585
5578
5586
5587
5580
5582
5581
5583
5584
5583
5588
5584
5589
5590
5586
5588
5587
5589
5590
5589
5765
5590
5766
5767
5592
5597
5600
5615
5593
5598
5601
5616
5599
5602
5617
5595
5597
5603
5783
5596
5598
5604
5784
5599
5605
5785
5598
5792
5599
5793
5794
5601
5606
5602
5607
5608
5604
5606
5605
5607
5608
5607
5608
5610
5621
5624
5819
5611
5622
5625
5820
5623
5626
5821
5613
5618
5621
5614
5619
5622
5620
5623
5616
5618
5624
5617
5619
5625
5620
5626
5619
5620
5622
5639
5623
5640
5641
5625
5795
5626
5796
5797
5628
5633
5642
5834
5629
5634
5643
5835
5635
5644
5836
5631
5636
5642
5632
5637
5643
5638
5644
5634
5639
5816
5635
5640
5817
5641
5818
5637
5639
5638
5640
5641
5640
5641
5643
5645
5644
5646
5647
5646
5648
5654
5647
5649
5655
5650
5656
5649
5651
5650
5652
5653
5652
5657
5653
5658
5659
5655
5660
5840
5656
5661
5841
5662
5842
5658
5660
5659
5661
5662
5661
5855
5662
5856
5857
5664
5666
5669
5665
5667
5670
5668
5671
5667
5672
5668
5673
5674
5670
5675
5882
5671
5676
5883
5677
5884
5673
5678
5674
5679
5680
5676
5678
5846
5677
5679
5847
5680
5848
5679
5680
5682
5684
5687
5683
5685
5688
5686
5689
5685
5690
5686
5691
5692
5688
5693
5689
5694
5695
5691
5696
5726
5692
5697
5727
5698
5728
5694
5696
5861
5695
5697
5862
5698
5863
5697
5698
5700
5708
5714
5701
5709
5715
5710
5716
5703
5711
5714
5876
5704
5712
5715
5877
5713
5716
5878
5706
5708
5711
5750
5707
5709
5712
5751
5710
5713
5752
5709
5710
5712
5713
5715
5716
5718
5723
5732
5756
5719
5724
5733
5757
5725
5734
5758
5721
5723
5726
5722
5724
5727
5725
5728
5724
5725
5727
5729
5728
5730
5731
5730
5732
5731
5733
5734
5733
5734
5736
5738
5744
5737
5739
5745
5740
5746
5739
5741
5774
5740
5742
5775
5743
5776
5742
5747
5743
5748
5749
5745
5750
5746
5751
5752
5748
5750
5749
5751
5752
5751
5752
5754
5756
5759
5755
5757
5760
5758
5761
5757
5762
5758
5763
5764
5760
5768
5761
5769
5770
5763
5765
5764
5766
5767
5766
5768
5767
5769
5770
5769
5770
5772
5774
5777
5773
5775
5778
5776
5779
5775
5780
5776
5781
5782
5778
5786
5779
5787
5788
5781
5783
5782
5784
5785
5784
5786
5785
5787
5788
5787
5789
5788
5790
5791
5790
5792
5798
5791
5793
5799
5794
5800
5793
5795
5794
5796
5797
5796
5801
5797
5802
5803
5799
5804
5800
5805
5806
5802
5804
5807
5803
5805
5808
5806
5809
5805
5806
5808
5810
5819
5809
5811
5820
5812
5821
5811
5813
5812
5814
5815
5814
5822
5815
5823
5824
5817
5819
5822
5818
5820
5823
5821
5824
5820
5821
5823
5837
5824
5838
5839
5826
5828
5831
5827
5829
5832
5830
5833
5829
5840
5864
5830
5841
5865
5842
5866
5832
5837
5833
5838
5839
5835
5837
5840
5836
5838
5841
5839
5842
5838
5839
5841
5842
5844
5849
5852
5845
5850
5853
5851
5854
5847
5849
5848
5850
5851
5850
5873
5851
5874
5875
5853
5854
5856
5858
5864
5857
5859
5865
5860
5866
5859
5861
5860
5862
5863
5862
5867
5863
5868
5869
5865
5870
5866
5871
5872
5868
5870
5869
5871
5872
5871
5872
5874
5882
5885
5875
5883
5886
5884
5887
5877
5879
5888
5878
5880
5889
5881
5890
5880
5882
5881
5883
5884
5883
5884
5886
5888
5887
5889
5890
5889
5890
)


// ************************************************************************* //
