/*--------------------------------*- C++ -*----------------------------------*\
| =========                 |                                                 |
| \\      /  F ield         | OpenFOAM: The Open Source CFD Toolbox           |
|  \\    /   O peration     | Version:  v1906                                 |
|   \\  /    A nd           | Web:      www.OpenFOAM.com                      |
|    \\/     M anipulation  |                                                 |
\*---------------------------------------------------------------------------*/
FoamFile
{
    version     2.0;
    format      ascii;
    class       volScalarField;
    location    "0.598751/fluidRegion";
    object      p_rgh;
}
// * * * * * * * * * * * * * * * * * * * * * * * * * * * * * * * * * * * * * //

dimensions      [1 -1 -2 0 0 0 0];


internalField   nonuniform List<scalar> 
1200
(
104644
104636
104628
104619
104611
104603
104594
104586
104578
104569
104561
104553
104544
104536
104528
104519
104511
104503
104494
104486
104478
104469
104461
104453
104444
104436
104428
104419
104411
104404
104644
104636
104628
104619
104611
104603
104594
104586
104578
104569
104561
104553
104544
104536
104528
104519
104511
104503
104494
104486
104478
104469
104461
104453
104444
104436
104428
104419
104411
104403
104644
104636
104628
104619
104611
104603
104594
104586
104578
104569
104561
104553
104544
104536
104528
104519
104511
104503
104494
104486
104478
104469
104461
104453
104444
104436
104428
104419
104411
104403
104644
104636
104628
104619
104611
104603
104594
104586
104578
104569
104561
104553
104544
104536
104528
104519
104511
104503
104494
104486
104478
104469
104461
104453
104444
104436
104428
104419
104411
104402
104644
104636
104628
104619
104611
104603
104594
104586
104578
104569
104561
104553
104544
104536
104528
104519
104511
104503
104494
104486
104478
104469
104461
104453
104444
104436
104428
104419
104411
104402
104644
104636
104628
104619
104611
104603
104594
104586
104578
104569
104561
104553
104544
104536
104528
104519
104511
104503
104494
104486
104478
104469
104461
104453
104444
104436
104428
104419
104411
104402
104644
104636
104628
104619
104611
104603
104594
104586
104578
104569
104561
104553
104544
104536
104528
104519
104511
104503
104494
104486
104478
104469
104461
104453
104444
104436
104428
104419
104411
104402
104644
104636
104628
104619
104611
104603
104594
104586
104578
104569
104561
104553
104544
104536
104528
104519
104511
104503
104494
104486
104478
104469
104461
104453
104444
104436
104428
104419
104411
104403
104644
104636
104628
104619
104611
104603
104594
104586
104578
104569
104561
104553
104544
104536
104528
104519
104511
104503
104494
104486
104478
104469
104461
104453
104444
104436
104428
104419
104411
104403
104644
104636
104628
104619
104611
104603
104594
104586
104578
104569
104561
104553
104544
104536
104528
104519
104511
104503
104494
104486
104478
104469
104461
104453
104444
104436
104428
104419
104411
104404
101761
101747
101696
101637
101576
101514
101452
101391
101329
101267
101205
101143
101082
101020
100958
100896
100834
100773
100711
100649
100587
100525
100464
100402
100340
100278
100216
100155
100093
100031
101765
101747
101696
101637
101576
101514
101452
101391
101329
101267
101205
101143
101082
101020
100958
100896
100834
100773
100711
100649
100587
100525
100464
100402
100340
100278
100216
100155
100093
100031
101768
101748
101696
101637
101576
101514
101452
101391
101329
101267
101205
101143
101082
101020
100958
100896
100834
100773
100711
100649
100587
100525
100464
100402
100340
100278
100216
100155
100093
100031
101770
101749
101697
101637
101576
101514
101452
101391
101329
101267
101205
101143
101082
101020
100958
100896
100834
100773
100711
100649
100587
100525
100464
100402
100340
100278
100216
100155
100093
100031
101771
101750
101697
101637
101576
101514
101452
101391
101329
101267
101205
101143
101082
101020
100958
100896
100834
100773
100711
100649
100587
100525
100464
100402
100340
100278
100216
100155
100093
100031
101771
101750
101697
101637
101576
101514
101452
101391
101329
101267
101205
101143
101082
101020
100958
100896
100834
100773
100711
100649
100587
100525
100464
100402
100340
100278
100216
100155
100093
100031
101770
101749
101697
101637
101576
101514
101452
101391
101329
101267
101205
101143
101082
101020
100958
100896
100834
100773
100711
100649
100587
100525
100464
100402
100340
100278
100216
100155
100093
100031
101768
101748
101696
101637
101576
101514
101452
101391
101329
101267
101205
101143
101082
101020
100958
100896
100834
100773
100711
100649
100587
100525
100464
100402
100340
100278
100216
100155
100093
100031
101765
101747
101696
101637
101576
101514
101452
101391
101329
101267
101205
101143
101082
101020
100958
100896
100834
100773
100711
100649
100587
100525
100464
100402
100340
100278
100216
100155
100093
100031
101761
101747
101696
101637
101576
101514
101452
101391
101329
101267
101205
101143
101082
101020
100958
100896
100834
100773
100711
100649
100587
100525
100464
100402
100340
100278
100216
100155
100093
100031
104384
104354
104337
104323
104309
104295
104280
104265
104250
104234
104217
104200
104182
104163
104144
104124
104102
104080
104058
104034
104009
103983
103957
103929
103901
103873
103844
103814
103783
103751
103718
103683
103646
103608
103568
103526
103482
103437
103389
103338
103286
103231
103173
103112
103049
102982
102914
102843
102771
102696
102620
102541
102461
102377
102291
102203
102111
102016
101918
101815
104382
104353
104337
104323
104309
104295
104280
104265
104250
104234
104217
104200
104182
104163
104144
104124
104102
104080
104058
104034
104009
103983
103957
103929
103901
103873
103844
103814
103783
103751
103718
103683
103646
103608
103568
103526
103482
103437
103389
103338
103286
103231
103173
103112
103049
102982
102914
102843
102771
102696
102620
102541
102461
102377
102291
102203
102111
102016
101918
101816
104381
104353
104337
104323
104309
104295
104280
104265
104250
104234
104217
104200
104182
104163
104144
104124
104102
104080
104058
104034
104009
103983
103957
103929
103901
103873
103844
103814
103783
103751
103718
103683
103646
103608
103568
103526
103482
103437
103389
103338
103286
103231
103173
103112
103049
102982
102914
102843
102771
102696
102620
102541
102461
102377
102291
102203
102111
102016
101918
101816
104380
104352
104337
104323
104309
104295
104280
104265
104250
104234
104217
104200
104182
104163
104144
104124
104102
104080
104058
104034
104009
103983
103957
103929
103901
103873
103844
103814
103783
103751
103718
103683
103646
103608
103568
103526
103482
103437
103389
103338
103286
103231
103173
103112
103049
102982
102914
102843
102771
102696
102620
102541
102461
102377
102291
102203
102111
102016
101918
101816
104380
104352
104337
104323
104309
104295
104280
104265
104250
104234
104217
104200
104182
104163
104144
104124
104102
104080
104058
104034
104009
103983
103957
103929
103901
103873
103844
103814
103783
103751
103718
103683
103646
103608
103568
103526
103482
103437
103389
103338
103286
103231
103173
103112
103049
102982
102914
102843
102771
102696
102620
102541
102461
102377
102291
102203
102111
102016
101918
101817
104380
104352
104337
104323
104309
104295
104280
104265
104250
104234
104217
104200
104182
104163
104144
104124
104102
104080
104058
104034
104009
103983
103957
103929
103901
103873
103844
103814
103783
103751
103718
103683
103646
103608
103568
103526
103482
103437
103389
103338
103286
103231
103173
103112
103049
102982
102914
102843
102771
102696
102620
102541
102461
102377
102291
102203
102111
102016
101918
101817
104380
104352
104337
104323
104309
104295
104280
104265
104250
104234
104217
104200
104182
104163
104144
104124
104102
104080
104058
104034
104009
103983
103957
103929
103901
103873
103844
103814
103783
103751
103718
103683
103646
103608
103568
103526
103482
103437
103389
103338
103286
103231
103173
103112
103049
102982
102914
102843
102771
102696
102620
102541
102461
102377
102291
102203
102111
102016
101918
101816
104381
104353
104337
104323
104309
104295
104280
104265
104250
104234
104217
104200
104182
104163
104144
104124
104102
104080
104058
104034
104009
103983
103957
103929
103901
103873
103844
103814
103783
103751
103718
103683
103646
103608
103568
103526
103482
103437
103389
103338
103286
103231
103173
103112
103049
102982
102914
102843
102771
102696
102620
102541
102461
102377
102291
102203
102111
102016
101918
101816
104382
104353
104337
104323
104309
104295
104280
104265
104250
104234
104217
104200
104182
104163
104144
104124
104102
104080
104058
104034
104009
103983
103957
103929
103901
103873
103844
103814
103783
103751
103718
103683
103646
103608
103568
103526
103482
103437
103389
103338
103286
103231
103173
103112
103049
102982
102914
102843
102771
102696
102620
102541
102461
102377
102291
102203
102111
102016
101918
101816
104384
104354
104337
104323
104309
104295
104280
104265
104250
104234
104217
104200
104182
104163
104144
104124
104102
104080
104058
104034
104009
103983
103957
103929
103901
103873
103844
103814
103783
103751
103718
103683
103646
103608
103568
103526
103482
103437
103389
103338
103286
103231
103173
103112
103049
102982
102914
102843
102771
102696
102620
102541
102461
102377
102291
102203
102111
102016
101918
101815
)
;

boundaryField
{
    inlet
    {
        type            fixedFluxPressure;
        gradient        nonuniform List<scalar> 10(500 500 500 500 500 500 500 500 500 500);
        value           nonuniform List<scalar> 10(104649 104649 104649 104649 104649 104649 104649 104649 104649 104649);
    }
    outlet
    {
        type            fixedValue;
        value           uniform 100000;
    }
    fixedWalls
    {
        type            fixedFluxPressure;
        gradient        nonuniform List<scalar> 
240
(
-4.57261e-09
-2.49858e-05
-1.55245e-05
-1.80055e-05
-1.8234e-05
-1.79443e-05
-1.70295e-05
-1.6255e-05
-1.57287e-05
-1.54635e-05
-1.54084e-05
-1.56822e-05
-1.65999e-05
-1.917e-05
-2.57868e-05
-4.2508e-05
-8.40323e-05
-0.000186585
-0.000438787
-0.00105818
-0.00257816
-0.00630845
-0.0154687
-0.0379959
-0.0935604
-0.231409
-0.577274
-1.46427
-3.83666
-10.6976
465.877
113.047
63.9555
61.6467
60.6384
61.5935
62.7461
63.954
65.2551
66.7315
68.2643
69.8471
71.4763
73.1522
74.8719
76.6232
78.3721
80.0366
81.4388
82.2292
81.8189
79.4671
75.2266
68.7632
61.1851
54.5274
50.4772
48.6982
48.6917
49.7697
51.3822
53.2314
55.2014
57.26
59.4047
61.6445
63.9883
66.4472
69.028
71.7384
74.5877
77.5824
80.7318
84.0399
87.5093
90.8386
93.9354
97.3434
100.907
104.67
108.639
112.837
117.28
122.001
127.02
132.369
138.079
144.261
151.576
165.196
-1229.43
-122.989
-8.40476
-0.853987
0.650882
0.343397
0.349551
0.304025
0.289532
0.271105
0.25642
0.24191
0.228578
0.216415
0.204778
0.193401
0.182999
0.173079
0.163288
0.154027
0.14571
0.137918
0.130222
0.123051
0.116958
0.11194
0.108008
0.104361
0.0984513
0.0864603
-3.13424e-09
-1.39244e-05
-2.20683e-05
-2.27908e-05
-2.48311e-05
-2.61922e-05
-2.67298e-05
-2.66701e-05
-2.64044e-05
-2.61528e-05
-2.60408e-05
-2.62843e-05
-2.72475e-05
-2.99313e-05
-3.6715e-05
-5.36214e-05
-9.5332e-05
-0.000198044
-0.000450374
-0.00106983
-0.00258983
-0.00632006
-0.0154801
-0.0380072
-0.0935714
-0.23142
-0.577284
-1.46428
-3.83667
-10.6976
465.877
113.047
63.9555
61.6467
60.6384
61.5935
62.7461
63.954
65.2551
66.7315
68.2643
69.8471
71.4763
73.1522
74.8718
76.6231
78.372
80.0364
81.4387
82.2293
81.8192
79.4676
75.2269
68.7632
61.1847
54.527
50.477
48.6984
48.692
49.7699
51.3822
53.2311
55.2012
57.26
59.4049
61.6447
63.9885
66.4473
69.028
71.7384
74.5876
77.5824
80.7318
84.0399
87.5092
90.8388
93.9356
97.3431
100.906
104.669
108.639
112.837
117.281
122.001
127.02
132.369
138.08
144.261
151.576
165.196
-1229.43
-122.989
-8.40476
-0.854052
0.651178
0.343462
0.349397
0.304005
0.289623
0.271019
0.256422
0.241946
0.228582
0.216385
0.20469
0.193394
0.182928
0.173053
0.163285
0.154014
0.14569
0.137903
0.13022
0.123058
0.116963
0.111943
0.108015
0.104365
0.0984526
0.0864739
)
;
        value           nonuniform List<scalar> 
240
(
104644
104636
104628
104619
104611
104603
104594
104586
104578
104569
104561
104553
104544
104536
104528
104519
104511
104503
104494
104486
104478
104469
104461
104453
104444
104436
104428
104419
104411
104403
104386
104355
104338
104323
104309
104295
104280
104265
104250
104234
104218
104200
104182
104164
104144
104124
104103
104081
104058
104034
104009
103984
103957
103929
103901
103873
103844
103814
103783
103751
103718
103683
103646
103608
103568
103526
103482
103437
103389
103339
103286
103231
103173
103113
103049
102983
102914
102843
102771
102697
102620
102542
102461
102378
102292
102203
102111
102016
101918
101815
101758
101746
101696
101637
101576
101514
101452
101391
101329
101267
101205
101143
101082
101020
100958
100896
100834
100773
100711
100649
100587
100525
100464
100402
100340
100278
100216
100155
100093
100031
104644
104636
104628
104619
104611
104603
104594
104586
104578
104569
104561
104553
104544
104536
104528
104519
104511
104503
104494
104486
104478
104469
104461
104453
104444
104436
104428
104419
104411
104403
104386
104355
104338
104323
104309
104295
104280
104265
104250
104234
104218
104200
104182
104164
104144
104124
104103
104081
104058
104034
104009
103984
103957
103929
103901
103873
103844
103814
103783
103751
103718
103683
103646
103608
103568
103526
103482
103437
103389
103339
103286
103231
103173
103113
103049
102983
102914
102843
102771
102697
102620
102542
102461
102378
102292
102203
102111
102016
101918
101815
101758
101746
101696
101637
101576
101514
101452
101391
101329
101267
101205
101143
101082
101020
100958
100896
100834
100773
100711
100649
100587
100525
100464
100402
100340
100278
100216
100155
100093
100031
)
;
    }
    frontAndBack
    {
        type            empty;
    }
}


// ************************************************************************* //
