/*--------------------------------*- C++ -*----------------------------------*\
| =========                 |                                                 |
| \\      /  F ield         | OpenFOAM: The Open Source CFD Toolbox           |
|  \\    /   O peration     | Version:  v1812                                 |
|   \\  /    A nd           | Web:      www.OpenFOAM.com                      |
|    \\/     M anipulation  |                                                 |
\*---------------------------------------------------------------------------*/
FoamFile
{
    version     2.0;
    format      ascii;
    class       labelList;
    location    "constant/neutroRegion/polyMesh";
    object      pointProcAddressing;
}
// * * * * * * * * * * * * * * * * * * * * * * * * * * * * * * * * * * * * * //


3638
(
12
16
20
21
22
23
24
25
27
30
56
57
58
59
60
61
62
63
65
66
69
70
98
99
100
101
116
117
118
119
120
121
122
123
125
126
129
130
160
161
162
163
164
165
166
167
184
185
200
201
202
203
204
205
206
207
208
209
210
213
214
244
245
246
247
248
249
250
251
268
270
272
273
274
275
292
293
308
309
310
311
312
313
314
315
316
317
318
319
320
321
322
352
353
354
355
356
357
358
359
376
377
378
379
380
381
382
383
404
405
406
407
424
425
440
441
442
443
444
445
446
447
448
449
450
451
452
453
454
455
484
485
486
487
488
489
490
491
508
509
510
511
512
513
514
515
532
534
536
537
538
539
560
561
562
563
580
581
582
583
596
597
598
599
600
601
602
603
604
605
606
607
608
609
610
611
640
641
642
643
644
645
646
647
664
665
666
667
668
669
670
671
688
689
690
691
692
693
694
695
716
717
718
719
740
741
742
743
745
747
760
761
762
763
774
778
779
780
782
796
797
798
799
801
802
817
818
826
827
828
829
831
832
848
849
850
851
860
868
869
870
871
872
873
874
890
891
892
893
902
904
905
914
922
923
924
925
926
927
928
929
944
945
946
947
956
957
958
959
970
971
980
988
989
990
991
992
993
994
995
1010
1011
1012
1013
1022
1023
1024
1025
1034
1036
1037
1048
1049
1058
1059
1066
1067
1068
1069
1070
1071
1072
1073
1088
1089
1090
1091
1100
1101
1102
1103
1112
1113
1114
1115
1126
1127
1138
1139
1141
1148
1149
1158
1162
1163
1164
1166
1180
1181
1182
1183
1185
1186
1201
1202
1210
1211
1212
1213
1214
1215
1216
1232
1233
1234
1235
1244
1252
1253
1254
1255
1256
1257
1258
1259
1274
1275
1276
1277
1288
1289
1298
1306
1307
1308
1309
1310
1311
1312
1313
1328
1329
1330
1331
1342
1343
1354
1355
1364
1365
1372
1373
1374
1375
1376
1377
1378
1379
1394
1395
1396
1397
1406
1407
1408
1409
1420
1421
1432
1433
1442
1443
1450
1451
1452
1453
1454
1455
1456
1457
1472
1473
1474
1475
1484
1485
1486
1487
1496
1497
1498
1499
1510
1511
1522
1523
1525
1532
1533
1546
1547
1548
1550
1564
1565
1566
1567
1569
1570
1586
1594
1595
1596
1597
1598
1599
1600
1616
1618
1619
1628
1636
1637
1638
1639
1640
1641
1642
1643
1658
1659
1660
1661
1672
1673
1682
1690
1691
1692
1693
1694
1695
1696
1697
1712
1713
1714
1715
1726
1727
1738
1739
1748
1749
1756
1757
1758
1759
1760
1761
1762
1763
1778
1779
1780
1781
1790
1792
1793
1804
1805
1816
1817
1826
1827
1834
1835
1836
1837
1838
1839
1840
1841
1856
1857
1858
1859
1868
1869
1870
1871
1882
1883
1894
1895
1906
1907
1909
1916
1917
1930
1931
1932
1934
1948
1949
1950
1951
1953
1954
1970
1978
1979
1980
1981
1982
1983
1984
2000
2002
2003
2012
2020
2021
2022
2023
2024
2025
2026
2027
2042
2043
2044
2045
2056
2057
2066
2074
2075
2076
2077
2078
2079
2080
2081
2096
2097
2098
2099
2110
2111
2122
2123
2132
2133
2140
2141
2142
2143
2144
2145
2146
2147
2162
2163
2164
2165
2174
2176
2177
2188
2189
2200
2201
2203
2210
2211
2218
2219
2220
2221
2222
2223
2224
2225
2240
2241
2242
2243
2252
2253
2254
2255
2266
2267
2278
2279
2290
2291
2293
2300
2301
2314
2315
2316
2318
2332
2333
2334
2335
2337
2338
2354
2362
2363
2364
2365
2366
2367
2368
2384
2386
2387
2396
2404
2405
2406
2407
2408
2409
2410
2411
2426
2427
2428
2429
2440
2441
2450
2458
2459
2460
2461
2462
2463
2464
2465
2480
2481
2482
2483
2494
2495
2506
2507
2516
2517
2524
2525
2526
2527
2528
2529
2530
2531
2546
2547
2548
2549
2558
2560
2561
2572
2573
2584
2585
2587
2594
2595
2602
2603
2604
2605
2606
2607
2608
2609
2624
2625
2626
2627
2636
2637
2638
2639
2650
2651
2662
2663
2674
2675
2677
2684
2685
2700
2701
2708
2709
2710
2711
2712
2713
2716
2717
2744
2745
2746
2747
2748
2749
2750
2751
2754
2755
2756
2757
2786
2787
2788
2789
2804
2805
2806
2807
2808
2809
2810
2811
2814
2815
2816
2817
2848
2849
2850
2851
2852
2853
2854
2855
2872
2873
2888
2889
2890
2891
2892
2893
2894
2895
2896
2898
2899
2900
2901
2932
2933
2934
2935
2936
2937
2938
2939
2956
2957
2960
2961
2962
2963
2980
2981
2996
2997
2998
2999
3000
3001
3002
3003
3004
3005
3006
3007
3008
3009
3010
3040
3041
3042
3043
3044
3045
3046
3047
3064
3065
3066
3067
3068
3069
3070
3071
3092
3093
3094
3095
3112
3113
3128
3129
3130
3131
3132
3133
3134
3135
3136
3137
3138
3139
3140
3141
3142
3143
3172
3173
3174
3175
3176
3177
3178
3179
3196
3197
3198
3199
3200
3201
3202
3203
3220
3221
3224
3225
3226
3227
3248
3249
3250
3251
3268
3269
3270
3271
3284
3285
3286
3287
3288
3289
3290
3291
3292
3293
3294
3295
3296
3297
3298
3299
3328
3329
3330
3331
3332
3333
3334
3335
3352
3353
3354
3355
3356
3357
3358
3359
3376
3377
3378
3379
3380
3381
3382
3383
3404
3405
3406
3407
3428
3429
3430
3431
3434
3435
3448
3449
3450
3451
3510
3511
3512
3513
3514
3515
3516
3517
3518
3546
3547
3548
3549
3550
3551
3552
3553
3554
3555
3556
3557
3558
3559
3560
3561
3562
3563
3564
3565
3566
3567
3568
3569
3570
3571
3572
3582
3583
3584
3585
3586
3587
3588
3589
3590
3708
3709
3710
3711
3712
3713
3714
3715
3716
3717
3718
3719
3720
3721
3722
3723
3724
3725
3726
3727
3728
3729
3730
3731
3732
3733
3734
3735
3736
3737
3738
3739
3740
3741
3742
3743
3753
3754
3755
3756
3757
3758
3759
3760
3761
3762
3763
3764
3765
3766
3767
3768
3769
3770
3897
3898
3899
3900
3901
3902
3903
3904
3905
3906
3907
3908
3909
3910
3911
3912
3913
3914
3978
3979
3980
3981
3982
3983
3984
3985
3986
3987
3988
3989
3990
3991
3992
3993
3994
3995
3996
3997
3998
3999
4000
4001
4002
4003
4004
4005
4006
4007
4008
4009
4010
4011
4012
4013
4014
4015
4016
4017
4018
4019
4020
4021
4023
4024
4025
4026
4027
4028
4029
4030
4031
4032
4033
4034
4035
4036
4037
4038
4039
4040
4176
4177
4178
4179
4180
4181
4182
4183
4184
4185
4186
4187
4188
4189
4190
4191
4192
4193
4194
4195
4196
4197
4198
4199
4200
4201
4202
4203
4204
4205
4206
4207
4208
4209
4210
4211
4284
4285
4286
4287
4288
4289
4290
4291
4292
4356
4357
4358
4359
4360
4361
4362
4363
4364
4365
4366
4367
4368
4369
4370
4371
4372
4373
4374
4375
4376
4377
4378
4379
4380
4381
4382
4383
4384
4385
4386
4387
4388
4389
4390
4391
4392
4393
4394
4395
4396
4397
4398
4399
4400
4401
4402
4403
4404
4405
4406
4407
4408
4409
4410
4411
4412
4413
4414
4415
4416
4417
4418
4419
4420
4421
4422
4423
4424
4554
4555
4556
4557
4558
4559
4560
4561
4562
4563
4564
4565
4566
4567
4568
4569
4570
4571
4572
4573
4574
4575
4576
4577
4578
4579
4580
4581
4582
4583
4584
4585
4586
4587
4588
4589
4663
4664
4665
4666
4667
4668
4669
4670
4680
4681
4682
4683
4684
4685
4686
4687
4688
4689
4690
4691
4692
4693
4694
4695
4696
4697
4770
4771
4772
4773
4774
4775
4776
4777
4778
4842
4843
4844
4845
4846
4847
4848
4849
4850
4851
4852
4853
4854
4855
4856
4857
4858
4859
4860
4861
4862
4863
4864
4865
4866
4867
4868
4869
4870
4871
4872
4873
4874
4875
4876
4877
4878
4879
4880
4881
4882
4883
4884
4885
4886
4887
4888
4889
4890
4891
4892
4893
4894
4895
4896
4897
4898
4899
4900
4901
4902
4903
4904
4905
4906
4907
4908
4909
4910
4911
4912
4913
5040
5041
5042
5043
5044
5045
5046
5047
5048
5049
5050
5051
5052
5053
5054
5055
5056
5057
5058
5059
5060
5061
5062
5063
5064
5065
5066
5067
5068
5069
5070
5071
5072
5073
5074
5075
5148
5149
5150
5151
5152
5153
5154
5155
5156
5158
5159
5160
5161
5162
5163
5164
5165
5166
5167
5168
5169
5170
5171
5172
5173
5174
5175
5176
5177
5178
5179
5180
5181
5182
5183
5274
5275
5276
5277
5278
5279
5280
5281
5282
5283
5284
5285
5286
5287
5288
5289
5290
5291
5364
5365
5366
5367
5368
5369
5370
5371
5372
5373
5374
5375
5376
5377
5378
5436
5437
5438
5439
5440
5441
5442
5443
5444
5445
5446
5447
5448
5449
5450
5451
5452
5453
5454
5455
5456
5457
5458
5459
5460
5461
5462
5463
5464
5465
5466
5467
5468
5469
5470
5471
5472
5473
5474
5475
5476
5477
5478
5479
5480
5481
5482
5483
5484
5485
5486
5487
5488
5489
5490
5491
5492
5493
5494
5495
5496
5497
5498
5499
5500
5501
5502
5503
5504
5505
5506
5507
5634
5635
5636
5637
5638
5639
5640
5641
5642
5643
5644
5645
5646
5647
5648
5649
5650
5651
5652
5653
5654
5655
5656
5657
5658
5659
5660
5661
5662
5663
5664
5665
5666
5667
5668
5669
5742
5743
5744
5745
5746
5747
5748
5749
5750
5751
5752
5753
5754
5755
5756
5757
5758
5759
5760
5761
5762
5763
5764
5765
5766
5767
5768
5769
5770
5771
5772
5773
5774
5775
5776
5777
5853
5854
5855
5856
5857
5858
5868
5869
5870
5871
5872
5873
5874
5875
5876
5877
5878
5879
5880
5881
5882
5883
5884
5885
5976
5977
5978
5979
5980
5981
5982
5983
5984
5985
5986
5987
5988
5989
5990
5991
5992
5993
6066
6067
6068
6069
6070
6071
6072
6073
6074
6075
6076
6077
6078
6079
6080
6081
6082
6083
6138
6139
6140
6141
6142
6143
6144
6145
6146
6147
6148
6149
6150
6151
6152
6153
6154
6155
6156
6157
6158
6159
6160
6161
6162
6163
6164
6165
6166
6167
6168
6169
6170
6171
6172
6173
6174
6175
6176
6177
6178
6179
6180
6181
6182
6183
6184
6185
6186
6187
6188
6189
6190
6191
6192
6193
6194
6195
6196
6197
6198
6199
6200
6201
6202
6203
6204
6205
6206
6207
6208
6209
6336
6337
6338
6339
6340
6341
6342
6343
6344
6345
6346
6347
6348
6349
6350
6351
6352
6353
6354
6355
6356
6357
6358
6359
6360
6361
6362
6363
6364
6365
6366
6367
6368
6369
6370
6371
6444
6445
6446
6447
6448
6449
6450
6451
6452
6453
6454
6455
6456
6457
6458
6459
6460
6461
6462
6463
6464
6465
6466
6467
6468
6469
6470
6471
6472
6473
6474
6475
6476
6477
6478
6479
6552
6553
6554
6555
6556
6557
6558
6559
6560
6561
6562
6563
6564
6565
6566
6567
6568
6569
6570
6571
6572
6573
6574
6575
6576
6577
6578
6579
6580
6581
6582
6583
6584
6585
6586
6587
6678
6679
6680
6681
6682
6683
6684
6685
6686
6687
6688
6689
6690
6691
6692
6693
6694
6695
6786
6787
6788
6789
6790
6791
6792
6793
6794
6795
6796
6797
6798
6799
6800
6801
6802
6803
6813
6814
6815
6816
6817
6818
6819
6820
6821
6876
6877
6878
6879
6880
6881
6882
6883
6884
6885
6886
6887
6888
6889
6890
6891
6892
6893
6932
6933
6934
6935
6936
6937
6940
6941
6968
6969
6970
6971
6972
6973
6974
6975
6978
6979
6980
6981
7012
7013
7028
7029
7030
7031
7032
7033
7034
7035
7036
7037
7038
7039
7040
7041
7072
7073
7076
7077
7078
7079
7096
7097
7112
7113
7114
7115
7116
7117
7118
7119
7120
7121
7122
7123
7124
7125
7126
7127
7156
7157
7158
7159
7160
7161
7162
7163
7184
7185
7186
7187
7204
7205
7220
7221
7222
7223
7224
7225
7226
7227
7228
7229
7230
7231
7232
7233
7234
7235
7264
7265
7266
7267
7268
7269
7270
7271
7292
7293
7294
7295
7316
7317
7318
7319
7336
7337
7338
7339
7352
7353
7354
7355
7356
7357
7358
7359
7360
7361
7362
7363
7364
7365
7366
7367
7396
7397
7398
7399
7400
7401
7402
7403
7420
7421
7423
7424
7425
7426
7427
7448
7449
7450
7451
7472
7473
7474
7475
7492
7493
7494
7495
7508
7509
7510
7511
7512
7513
7514
7515
7516
7517
7518
7519
7520
7521
7522
7523
7552
7553
7554
7555
7556
7557
7558
7559
7576
7577
7578
7579
7580
7581
7582
7583
7601
7603
7604
7605
7606
7607
7628
7629
7630
7631
7652
7653
7654
7655
7658
7659
7672
7673
7674
7675
7700
7701
7702
7703
7704
7705
7708
7709
7736
7737
7738
7739
7740
7741
7742
7743
7746
7747
7748
7749
7780
7781
7796
7797
7798
7799
7800
7801
7802
7803
7804
7805
7806
7807
7808
7809
7840
7841
7844
7845
7846
7847
7864
7865
7880
7881
7882
7883
7884
7885
7886
7887
7888
7889
7890
7891
7892
7893
7894
7895
7924
7925
7926
7927
7928
7929
7930
7931
7952
7953
7954
7955
7972
7973
7988
7989
7990
7991
7992
7993
7994
7995
7996
7997
7998
7999
8000
8001
8002
8003
8032
8033
8034
8035
8036
8037
8038
8039
8060
8061
8062
8063
8084
8085
8086
8087
8104
8105
8106
8107
8120
8121
8122
8123
8124
8125
8126
8127
8128
8129
8130
8131
8132
8133
8134
8135
8164
8165
8166
8167
8168
8169
8170
8171
8188
8189
8192
8193
8194
8195
8216
8217
8218
8219
8240
8241
8242
8243
8246
8260
8261
8262
8263
8276
8277
8278
8279
8280
8281
8282
8283
8284
8285
8286
8287
8288
8289
8290
8291
8320
8321
8322
8323
8324
8325
8326
8327
8344
8345
8346
8347
8348
8349
8350
8351
8372
8373
8374
8375
8396
8397
8398
8399
8420
8421
8422
8423
8426
8427
8440
8441
8442
8443
8468
8469
8470
8471
8472
8473
8476
8477
8504
8505
8506
8507
8508
8509
8510
8511
8514
8515
8516
8517
8548
8549
8564
8565
8566
8567
8568
8569
8570
8571
8572
8573
8574
8575
8576
8577
8608
8609
8612
8613
8614
8615
8632
8633
8648
8649
8650
8651
8652
8653
8654
8655
8656
8657
8658
8659
8660
8661
8662
8663
8692
8693
8694
8695
8696
8697
8698
8699
8720
8721
8722
8723
8740
8741
8756
8757
8758
8759
8760
8761
8762
8763
8764
8765
8766
8767
8768
8769
8770
8771
8800
8801
8802
8803
8804
8805
8806
8807
8828
8829
8830
8831
8852
8853
8854
8855
8872
8873
8874
8875
8888
8889
8890
8891
8892
8893
8894
8895
8896
8897
8898
8899
8900
8901
8902
8903
8932
8933
8934
8935
8936
8937
8938
8939
8956
8957
8960
8961
8962
8963
8984
8985
8986
8987
9008
9009
9010
9011
9014
9015
9028
9029
9030
9031
9044
9045
9046
9047
9048
9049
9050
9051
9052
9053
9054
9055
9056
9057
9058
9059
9088
9089
9090
9091
9092
9093
9094
9095
9112
9113
9114
9115
9116
9117
9118
9119
9140
9141
9142
9143
9164
9165
9166
9167
9188
9189
9190
9191
9194
9195
9208
9209
9210
9211
9220
9221
9232
9233
9244
9245
9246
9247
9256
9257
9268
9269
9270
9271
9282
9283
9292
9293
9294
9295
9304
9305
9306
9307
9316
9317
9318
9319
9330
9331
9340
9341
9342
9343
9352
9353
9354
9355
9364
9365
9366
9367
9378
9379
9390
9391
9400
9401
9402
9403
9412
9413
9414
9415
9424
9425
9426
9427
9436
9437
9438
9439
9450
9451
9462
9463
9464
9465
9472
9473
9474
9475
9484
9485
9486
9487
9496
9497
9498
9499
9508
9509
9510
9511
9522
9523
9534
9535
9546
9547
9548
9549
9556
9562
9568
9569
9574
9580
9581
9587
9592
9593
9598
9599
9604
9605
9611
9616
9617
9622
9623
9628
9629
9635
9641
9646
9647
9652
9653
9658
9659
9664
9665
9671
9677
9678
9682
9683
9688
9689
9694
9695
9700
9701
9707
9713
9719
9720
9725
9731
9737
9738
9743
9744
9749
9750
9756
9761
9762
9767
9768
9774
9780
9785
9786
9791
9792
9797
9798
9804
9810
9811
9815
9816
9821
9822
9827
9828
9834
9840
9846
9847
9851
9852
9857
9858
9863
9864
9869
9870
9876
9882
9888
9889
9894
9900
9907
9912
9913
9918
9919
9925
9930
9931
9936
9937
9943
9949
9954
9955
9960
9961
9967
9973
9979
9980
9984
9985
9990
9991
9996
9997
10003
10009
10015
10016
10020
10021
10026
10027
10032
10033
10039
10045
10051
10057
10058
10063
10069
10076
10081
10082
10087
10088
10094
10099
10100
10105
10106
10112
10118
10123
10124
10129
10130
10136
10142
10148
10149
10153
10154
10159
10160
10165
10166
10172
10178
10184
10185
10189
10190
10195
10196
10201
10202
10208
10214
10220
10226
10227
10232
10238
10245
10250
10251
10256
10257
10263
10268
10269
10274
10275
10281
10287
10292
10293
10298
10299
10305
10311
10317
10318
10322
10323
10328
10329
10334
10335
10341
10347
10353
10354
10358
10359
10364
10365
10370
10371
10377
10383
10389
10395
10396
10403
10404
10415
10416
10427
10428
10429
10430
10439
10440
10451
10452
10453
10454
10465
10466
10475
10476
10477
10478
10487
10488
10489
10490
10499
10500
10501
10502
10513
10514
10523
10524
10525
10526
10535
10536
10537
10538
10547
10548
10549
10550
10561
10562
10573
10574
10583
10584
10585
10586
10595
10596
10597
10598
10607
10608
10609
10610
10619
10620
10621
10622
10633
10634
10645
10646
10647
10648
10655
10656
10657
10658
10667
10668
10669
10670
10679
10680
10681
10682
10691
10692
10693
10694
10705
10706
10717
10718
10729
10730
10731
10732
10755
10756
10757
10758
10759
10760
10761
10762
10763
10809
10810
10811
10812
10813
10814
10815
10816
10817
10863
10864
10865
10866
10867
10868
10869
10870
10871
10872
10873
10874
10875
10876
10877
10878
10879
10880
10917
10918
10919
10920
10921
10922
10923
10924
10925
10926
10927
10928
10929
10930
10931
10932
10933
10934
10971
10972
10973
10974
10975
10976
10977
10978
10979
10980
10981
10982
10983
10984
10985
10986
10987
10988
11034
11035
11036
11037
11038
11039
11040
11041
11042
11079
11080
11081
11082
11083
11084
11085
11086
11087
11088
11089
11090
11091
11092
11093
11094
11095
11096
11133
11134
11135
11136
11137
11138
11139
11140
11141
11142
11143
11144
11145
11146
11147
11148
11149
11150
11188
11189
11190
11191
11192
11193
11194
11195
11196
11197
11198
11199
11200
11201
11202
11203
11204
11250
11251
11252
11253
11254
11255
11256
11257
11258
11295
11296
11297
11298
11299
11300
11301
11302
11303
11304
11305
11306
11307
11308
11309
11310
11311
11312
11349
11350
11351
11352
11353
11354
11355
11356
11357
11358
11359
11360
11361
11362
11363
11364
11365
11366
11403
11404
11405
11406
11407
11408
11409
11410
11411
11412
11413
11414
11415
11416
11417
11418
11419
11420
11466
11467
11468
11469
11470
11471
11472
11473
11474
11520
11521
11522
11523
11524
11525
11526
11527
11528
11529
11530
11531
11532
11533
11534
11565
11566
11567
11568
11569
11570
11571
11572
11573
11574
11575
11576
11577
11578
11579
11580
11581
11582
11619
11620
11621
11622
11623
11624
11625
11626
11627
11628
11629
11630
11631
11632
11633
11634
11635
11636
11673
11674
11675
11676
11677
11678
11679
11680
11681
11682
11683
11684
11685
11686
11687
11688
11689
11690
11730
11731
11732
11733
11734
11735
11736
11737
11738
11739
11740
11741
11742
11743
11744
11790
11791
11792
11793
11794
11795
11796
11797
11798
11844
11845
11846
11847
11848
11849
11850
11851
11852
11853
11854
11855
11856
11857
11858
11859
11860
11861
11889
11890
11891
11892
11893
11894
11895
11896
11897
11898
11899
11900
11901
11902
11903
11904
11905
11906
11943
11944
11945
11946
11947
11948
11949
11950
11951
11952
11953
11954
11955
11956
11957
11958
11959
11960
11997
11998
11999
12000
12001
12002
12003
12004
12005
12006
12007
12008
12009
12010
12011
12012
12013
12014
12051
12052
12053
12054
12055
12056
12057
12058
12059
12060
12061
12062
12063
12064
12065
12066
12067
12068
12114
12115
12116
12117
12118
12119
12120
12121
12122
12168
12169
12170
12171
12172
12173
12174
12175
12176
12222
12223
12224
12225
12226
12227
12228
12229
12230
12231
12232
12233
12234
12235
12236
12237
12238
12239
12262
12263
12274
12275
12288
12289
12298
12299
12300
12301
12310
12311
12312
12313
12324
12325
12334
12335
12336
12337
12346
12347
12348
12349
12360
12361
12372
12373
12382
12383
12384
12385
12394
12395
12396
12397
12406
12407
12408
12409
12420
12421
12432
12433
12434
12435
12442
12443
12444
12445
12454
12455
12456
12457
12466
12467
12468
12469
12480
12481
12492
12493
12504
12505
12506
12507
12514
12515
12516
12517
12526
12527
12528
12529
12538
12539
12540
12541
12551
12552
12553
12564
12565
12576
12577
12588
12589
12590
12591
12600
12601
12612
12613
12626
12627
12636
12637
12638
12639
12648
12649
12650
12651
12662
12663
12672
12673
12674
12675
12684
12685
12686
12687
12698
12699
12710
12711
12720
12721
12722
12723
12732
12733
12734
12735
12746
12747
12758
12759
12770
12771
12772
12773
12780
12781
12782
12783
12792
12793
12794
12795
12804
12805
12806
12807
12818
12819
12830
12831
12842
12843
12844
12845
12852
12853
12854
12855
12864
12865
12866
12867
12876
12877
12878
12879
12890
12891
12902
12903
12914
12915
12926
12927
12928
12929
12938
12939
12950
12951
12964
12965
12974
12975
12976
12977
12986
12987
12988
12989
13000
13001
13010
13011
13012
13013
13022
13023
13024
13025
13036
13037
13048
13049
13058
13059
13060
13061
13070
13071
13072
13073
13084
13085
13096
13097
13108
13109
13110
13111
13118
13119
13120
13121
13130
13131
13132
13133
13142
13143
13144
13145
13156
13157
13168
13169
13180
13181
13182
13183
13190
13191
13192
13193
13202
13203
13204
13205
13214
13215
13216
13217
13228
13229
13240
13241
13252
13253
13264
13265
13266
13267
)


// ************************************************************************* //
