/*--------------------------------*- C++ -*----------------------------------*\
| =========                 |                                                 |
| \\      /  F ield         | OpenFOAM: The Open Source CFD Toolbox           |
|  \\    /   O peration     | Version:  v1812                                 |
|   \\  /    A nd           | Web:      www.OpenFOAM.com                      |
|    \\/     M anipulation  |                                                 |
\*---------------------------------------------------------------------------*/
FoamFile
{
    version     2.0;
    format      ascii;
    class       cellSet;
    location    "constant/thermoMechanicalRegion/polyMesh/sets";
    object      follower;
}
// * * * * * * * * * * * * * * * * * * * * * * * * * * * * * * * * * * * * * //


336
(
1536
1537
1538
1539
1540
1541
1542
1543
1544
1545
4138
2602
4139
2603
4140
2604
4141
2605
4142
2606
4143
2607
4144
2608
4145
2609
4146
2610
4147
2611
4148
2612
4149
2613
4150
2614
4151
2615
4152
2616
4153
2617
4154
2618
4155
2619
2620
2621
2622
2623
2624
2625
2626
2627
2628
2629
2630
2631
2632
2633
2634
2635
2636
2637
2638
2639
2640
2641
2642
2643
2644
2645
2646
2647
2648
2649
2650
2651
2652
2653
2654
2655
2656
2657
2658
2659
2660
2661
3699
3700
3701
3702
3703
3704
3705
3706
3707
3708
3709
3710
3711
3712
3713
3714
3715
3716
3717
3718
3719
3720
3721
3722
3723
3724
3725
4789
4790
4791
4792
4793
4794
4795
4796
4797
4798
4799
4800
4801
4802
4803
4804
4805
4806
4888
4889
4890
4891
4892
4893
4894
4895
4896
4897
4898
4899
4900
4901
4902
4903
4904
4905
4447
4448
4449
4450
4451
4452
4453
4454
4455
4456
4457
4458
4459
4460
4461
4462
4463
4464
4465
4466
4467
4468
4469
4470
4471
4472
4473
2963
2964
2965
2966
2967
2968
2969
2970
2971
2972
2973
2974
2975
2976
2977
2978
2979
2980
2981
2982
2983
2984
2985
2986
2987
2988
2989
2990
2991
2992
1456
2993
1457
2994
1458
2995
1459
2996
1460
2997
1461
2998
1462
2999
1463
3000
1464
3001
1465
3002
1466
3003
1467
3004
1468
3005
1469
3006
1470
3007
1471
3008
1472
3009
1473
3010
1474
3011
1475
3012
1476
3013
1477
3014
1478
4039
3015
1479
4040
3016
1480
4041
3017
1481
4042
3018
1482
4043
3019
1483
4044
3020
1484
4045
3021
1485
4046
3022
1486
4047
1487
4048
1488
4049
1489
4050
1490
4051
1491
4052
1492
4053
1493
4054
1494
4055
1495
4056
1496
1497
1498
1499
1500
1501
1502
1503
1504
1505
1506
1507
1508
1509
1510
1511
1512
1513
1514
1515
1516
1517
1518
1519
1520
1521
1522
1523
1524
1525
1526
1527
1528
1529
1530
1531
1532
1533
1534
1535
)


// ************************************************************************* //
