/*--------------------------------*- C++ -*----------------------------------*\
| =========                 |                                                 |
| \\      /  F ield         | OpenFOAM: The Open Source CFD Toolbox           |
|  \\    /   O peration     | Version:  2206                                  |
|   \\  /    A nd           | Website:  www.openfoam.com                      |
|    \\/     M anipulation  |                                                 |
\*---------------------------------------------------------------------------*/
FoamFile
{
    version     2.0;
    format      ascii;
    arch        "LSB;label=32;scalar=64";
    class       volScalarField;
    location    "200/fluidRegion";
    object      alphat;
}
// * * * * * * * * * * * * * * * * * * * * * * * * * * * * * * * * * * * * * //

dimensions      [1 -1 -1 0 0 0 0];

internalField   nonuniform List<scalar> 
640
(
5.40382
5.39416
5.38452
5.37492
5.36534
5.3558
5.34628
5.3368
5.32734
5.31791
5.30851
5.29914
5.2898
5.28049
5.27121
5.26196
5.25274
5.24355
5.23439
5.22526
5.21616
5.2071
5.19806
5.18906
5.1801
5.17117
5.16227
5.15341
5.14459
5.1358
5.12706
5.11835
5.10969
5.10107
5.09249
5.08396
5.07548
5.06705
5.05867
5.05035
5.04208
5.03387
5.02572
5.01764
5.00963
5.00168
4.99381
4.98601
4.9783
4.97067
4.96313
4.95568
4.94833
4.94108
4.93393
4.9269
4.91998
4.91318
4.90652
4.89998
4.89358
4.88733
4.88124
4.8753
4.86952
4.86393
4.85851
4.85328
4.84825
4.84342
4.83881
4.83443
4.83027
4.82636
4.8227
4.8193
4.81617
4.81333
4.81077
4.80853
4.8066
4.80499
4.80372
4.8028
4.80225
4.80206
4.80226
4.80286
4.80385
4.80526
4.80709
4.80933
4.81198
4.815
4.81835
4.82191
4.82549
4.82877
4.83113
4.83154
4.82815
4.81771
4.79434
4.74727
4.65573
4.47631
4.10108
4.18815
4.47283
4.73045
4.96568
5.18197
5.38198
5.56768
5.74078
5.90264
6.05441
6.19705
6.33138
6.45812
6.57788
6.69121
6.79859
6.90045
6.99717
7.08911
7.17657
7.25984
7.33918
7.41481
7.48697
7.55584
7.62162
7.68447
7.74455
7.80201
7.85698
7.9096
7.95997
8.00821
8.05443
8.09873
8.14118
8.18189
8.22094
8.25839
8.29433
8.32881
8.36192
8.3937
8.42421
8.45352
8.48167
8.50871
8.53469
8.55966
8.58366
8.60672
8.62889
8.65021
8.6707
8.69041
8.70936
8.72759
8.74512
8.76199
8.77821
8.79382
8.80884
8.82329
8.8372
8.85058
8.86346
8.87585
8.88778
8.89927
8.91032
8.92097
8.93121
8.94108
8.95057
8.95972
8.96852
8.977
8.98516
8.99302
9.00059
9.00788
9.0149
9.02166
9.02817
9.03444
9.04048
9.0463
9.05191
9.0573
9.0625
9.06751
9.07233
9.07698
9.08146
9.08577
9.08992
9.09392
9.09778
9.10149
9.10507
9.10852
9.11184
9.11504
9.11812
9.12109
9.12395
9.1267
9.12936
9.13192
9.13438
9.13676
9.13904
9.14125
9.14337
9.14542
9.14739
9.14929
9.15112
9.15288
9.15458
9.15622
9.1578
9.15932
9.16078
9.16219
9.16355
9.16486
9.16612
9.16734
9.16851
9.16964
9.17072
9.17177
9.17278
9.17375
9.17469
9.17559
9.17646
9.1773
9.17811
9.17889
9.17964
9.18036
9.18106
9.18173
9.18237
9.183
9.1836
9.18418
9.18475
9.18534
9.18601
9.187
9.18901
9.19427
9.20971
9.25674
9.39976
9.81708
10.9078
11.7797
11.732
11.6847
11.6377
11.591
11.5446
11.4984
11.4526
11.4071
11.3618
11.3168
11.2721
11.2277
11.1836
11.1398
11.0962
11.0529
11.0098
10.967
10.9245
10.8823
10.8403
10.7986
10.7571
10.7159
10.6749
10.6342
10.5937
10.5534
10.5135
10.4737
10.4342
10.3949
10.3559
10.3171
10.2785
10.2402
10.2021
10.1642
10.1265
10.0891
10.0518
10.0148
9.97806
9.9415
9.90515
9.86901
9.83309
9.79737
9.76187
9.72657
9.69148
9.65659
9.62191
9.58743
9.55315
9.51907
9.48518
9.4515
9.41801
9.38472
9.35162
9.31871
9.286
9.25347
9.22114
9.189
9.15704
9.12528
9.0937
9.0623
9.0311
9.00008
8.96924
8.9386
8.90813
8.87785
8.84776
8.81785
8.78812
8.75858
8.72923
8.70006
8.67108
8.64229
8.61368
8.58526
8.55703
8.529
8.50115
8.4735
8.44604
8.41878
8.39172
8.36486
8.3382
8.31175
8.2855
8.25947
8.23365
8.20804
8.18266
8.1575
8.13257
8.10787
8.0834
8.05918
8.0352
8.01147
7.98799
7.96478
7.94183
7.91916
7.89677
7.87466
7.85284
7.83133
7.81012
7.78923
7.76866
7.74842
7.72852
7.70896
7.68977
7.67094
7.65249
7.63443
7.61676
7.59949
7.58264
7.56622
7.55024
7.53471
7.51963
7.50502
7.4909
7.47726
7.46413
7.45152
7.43943
7.42787
7.41687
7.40641
7.39653
7.38723
7.37851
7.37039
7.36288
7.35598
7.3497
7.34406
7.33906
7.3347
7.331
7.32795
7.32556
7.32384
7.3228
7.32242
7.32272
7.3237
7.32535
7.32768
7.33069
7.33437
7.33871
7.34373
7.3494
7.35574
7.36272
7.37034
7.3786
7.38748
7.39698
7.40708
7.41778
7.42905
7.4409
7.4533
7.46624
7.47971
7.49369
7.50817
7.52312
7.53853
7.55439
7.57067
7.58736
7.60442
7.62184
7.63959
7.65764
7.67595
7.69447
7.71316
7.73194
7.75072
7.76936
7.78771
7.8055
7.82242
7.83797
7.85149
7.86197
7.86801
7.86752
7.85744
7.83319
7.78782
7.71047
7.58351
7.37666
7.0326
6.99454
6.94784
6.90207
6.85725
6.81333
6.77033
6.72818
6.6869
6.64647
6.60688
6.56811
6.53016
6.49301
6.45664
6.42105
6.38622
6.35213
6.31879
6.28617
6.25426
6.22306
6.19254
6.1627
6.13353
6.10501
6.07713
6.04988
6.02325
5.99723
5.9718
5.94697
5.9227
5.899
5.87586
5.85325
5.83118
5.80963
5.7886
5.76806
5.74802
5.72846
5.70937
5.69074
5.67257
5.65484
5.63754
5.62067
5.60422
5.58817
5.57253
5.55727
5.5424
5.5279
5.51376
5.49999
5.48656
5.47348
5.46072
5.4483
5.43619
5.4244
5.41291
5.40172
5.39082
5.3802
5.36986
5.35979
5.34999
5.34044
5.33115
5.3221
5.3133
5.30472
5.29638
5.28826
5.28035
5.27266
5.26518
5.25789
5.25081
5.24391
5.2372
5.23068
5.22433
5.21816
5.21215
5.20631
5.20063
5.19511
5.18974
5.18451
5.17943
5.17449
5.16969
5.16503
5.16049
5.15609
5.15182
5.14771
5.14384
5.14042
5.1381
5.13876
5.14787
5.18106
5.28139
5.55623
5.961
5.94965
5.93832
5.92704
5.91578
5.90456
5.89337
5.88221
5.87108
5.85999
5.84893
5.8379
5.82691
5.81595
5.80502
5.79412
5.78325
5.77242
5.76162
5.75085
5.74012
5.72942
5.71875
5.70811
5.6975
5.68693
5.67639
5.66588
5.65541
5.64496
5.63455
5.62418
5.61383
5.60351
5.59323
5.58298
5.57276
5.56258
5.55242
5.5423
5.53221
5.52215
5.51212
5.50212
5.49215
5.48222
5.47231
5.46244
5.45259
5.44278
5.43299
5.42324
5.41352
)
;

boundaryField
{
    top
    {
        type            cyclic;
    }
    bottom
    {
        type            cyclic;
    }
    walls
    {
        type            zeroGradient;
    }
    defaultFaces
    {
        type            empty;
    }
}


// ************************************************************************* //
