/*--------------------------------*- C++ -*----------------------------------*\
| =========                 |                                                 |
| \\      /  F ield         | OpenFOAM: The Open Source CFD Toolbox           |
|  \\    /   O peration     | Version:  v2006                                 |
|   \\  /    A nd           | Website:  www.openfoam.com                      |
|    \\/     M anipulation  |                                                 |
\*---------------------------------------------------------------------------*/
FoamFile
{
    version     2.0;
    format      ascii;
    class       labelList;
    location    "constant/thermoMechanicalRegion/polyMesh";
    object      faceProcAddressing;
}
// * * * * * * * * * * * * * * * * * * * * * * * * * * * * * * * * * * * * * //


15894
(
9961
9962
9963
9964
9965
9966
9967
9968
9969
9971
9973
10001
10002
10003
10004
10005
10006
10007
10010
10031
10032
10033
10034
10036
10037
10061
10062
10063
10064
10066
10067
10091
10092
10093
10094
10096
10097
10121
10122
10123
10125
10141
10142
10143
10144
10145
10147
10148
10149
10181
10182
10183
10184
10185
10187
10188
10189
10221
10222
10223
10224
10226
10227
10251
10252
10253
10255
10271
10272
10273
10275
10291
10292
10293
10295
10311
10312
10313
10314
10315
10317
10318
10319
10351
10352
10353
10354
10355
10356
10357
10360
10381
10382
10391
10392
10393
10394
10395
10396
10397
10399
10400
10421
10422
10423
10424
10425
10426
10427
10429
10430
10451
10452
10453
10454
10455
10457
10471
10472
10473
10474
10475
10476
10477
10479
10480
10501
10502
10503
10504
10505
10506
10507
10509
10510
10531
10532
10533
10534
10535
10536
10537
10538
10539
10541
10542
10543
10571
10572
10573
10581
10582
10583
10584
10585
10586
10587
10589
10590
10611
10612
10613
10614
10615
10617
10631
10632
10633
10634
10635
10636
10637
10638
10639
10641
10642
10643
10671
10672
10673
10674
10675
10676
10677
10679
10680
10701
10702
10703
10711
10712
10713
10714
10715
10716
10717
10718
10719
10721
10722
10723
10751
10752
10753
10754
10755
10757
10771
10772
10773
10774
10775
10791
10792
10793
10794
10795
10797
10798
10799
10831
10832
10833
10834
10835
10837
10838
10839
10871
10872
10873
10874
10876
10877
10901
10902
10903
10905
10921
10922
10923
10925
10941
10942
10951
10952
10953
10954
10956
10957
10981
10982
10983
10985
11001
11002
11003
11004
11005
11007
11008
11009
11041
11042
11043
11045
11061
11062
11063
11065
11081
11082
11083
11085
11101
11102
11103
11104
11105
11107
11108
11109
11141
11142
11143
11144
11145
11147
11148
11149
11181
11182
11183
11185
11201
11202
11203
11205
11221
11222
11223
11224
11226
11227
11251
11252
11253
11255
11271
11272
11273
11274
11275
11276
11277
11278
11279
11281
11282
11283
11311
11312
11313
11314
11315
11316
11317
11318
11319
11321
11322
11351
11352
11353
11354
11355
11356
11357
11358
11359
11361
11362
11363
11391
11392
11393
11394
11395
11397
11411
11412
11413
11414
11415
11431
11432
11433
11441
11442
11443
11444
11445
11446
11447
11449
11450
11471
11472
11473
11474
11475
11476
11477
11479
11480
11501
11502
11503
11504
11505
11506
11507
11509
11510
11531
11532
11533
11534
11535
11536
11537
11539
11540
11561
11562
11563
11564
11565
11566
11567
11569
11570
11591
11592
11593
11594
11595
11597
11611
11612
11613
11614
11615
11616
11617
11618
11619
11621
11622
11623
11651
11652
11653
11654
11655
11656
11657
11658
11659
11661
11662
11663
11691
11692
11693
11694
11695
11696
11697
11699
11700
11721
11722
11723
11724
11725
11726
11727
11729
11730
11751
11752
11753
11754
11755
11757
11771
11772
11773
11781
11782
11783
11784
11785
11787
11788
11789
11821
11822
11823
11825
11841
11842
11843
11844
11846
11847
11871
11872
11873
11874
11876
11877
11901
11902
11903
11904
11906
11907
11931
11932
11933
11935
11951
11952
11953
11954
11956
11957
11981
11982
11983
11984
11986
11987
12011
12012
12013
12014
12015
12017
12018
12019
12051
12052
12053
12054
12056
12057
12081
12082
12083
12085
12101
12102
12103
12105
12121
12122
12123
12124
12126
12127
12151
12152
12153
12154
12156
12157
12181
12182
12191
12192
12193
12195
12211
12212
12213
12214
12216
12217
12241
12242
12243
12245
12261
12262
12263
12264
12266
12267
12291
12292
12293
12294
12296
12297
12321
12322
12323
12324
12326
12327
12351
12352
12353
12354
12356
12357
12381
12382
12391
12392
12401
12402
12403
12404
12405
12406
12407
12409
12410
12431
12432
12433
12434
12435
12437
12451
12452
12453
12454
12455
12457
12471
12472
12473
12474
12475
12477
12491
12492
12493
12494
12495
12496
12497
12499
12500
12521
12522
12523
12524
12525
12527
12541
12542
12543
12544
12545
12546
12547
12549
12550
12571
12572
12573
12574
12575
12576
12577
12579
12580
12601
12602
12603
12604
12605
12606
12607
12609
12610
12631
12632
12633
12634
12635
12636
12637
12639
12640
12661
12662
12663
12671
12672
12673
12681
12682
12683
12684
12685
12686
12687
12689
12690
12711
12712
12713
12714
12715
12717
12731
12732
12733
12734
12735
12736
12737
12739
12740
12761
12762
12763
12764
12765
12766
12767
12769
12770
12791
12792
12793
12801
12802
12803
12804
12805
12807
12821
12822
12823
12824
12826
12827
12851
12852
12853
12855
12871
12872
12873
12875
12891
12892
12893
12894
12896
12897
12921
12922
12923
12925
12941
12942
12943
12945
12961
12962
12963
12964
12966
12967
12991
12992
12993
12994
12995
12997
12998
12999
13031
13032
13033
13034
13036
13037
13061
13062
13063
13065
13081
13082
13083
13084
13086
13087
13111
13112
13113
13115
13131
13132
13133
13134
13135
13136
13137
13138
13139
13141
13142
13143
13171
13172
13173
13174
13175
13176
13177
13178
13179
13181
13182
13183
13211
13212
13213
13214
13215
13217
13231
13232
13233
13234
13235
13237
13251
13252
13253
13254
13255
13256
13257
13259
13260
13281
13282
13283
13284
13285
13287
13301
13302
13303
13304
13305
13306
13307
13308
13309
13311
13312
13313
13341
13342
13343
13344
13345
13346
13347
13349
13350
13371
13372
13373
13374
13375
13376
13377
13379
13380
13401
13402
13403
13404
13405
13406
13407
13409
13410
13431
13432
13433
13434
13435
13437
13451
13452
13453
13454
13455
13457
13471
13472
13473
13474
13475
13476
13477
13479
13480
13501
13502
13503
13504
13505
13506
13507
13508
13509
13511
13512
13513
13541
13542
13543
13544
13545
13546
13547
13549
13550
13571
13572
13573
13574
13575
13576
13577
13579
13580
13601
13602
13603
13604
13605
13607
13621
13622
13623
13624
13625
13627
13641
13642
13643
13644
13645
13647
13648
13649
13681
13682
13683
13684
13685
13687
13688
13689
13721
13722
13723
13725
13741
13742
13743
13744
13746
13747
13771
13772
13773
13775
13791
13792
13793
13795
13811
13812
13813
13814
13815
13817
13818
13819
13851
13852
13853
13854
13856
13857
13881
13882
13883
13884
13886
13887
13911
13912
13913
13914
13916
13917
13941
13942
13943
13945
13961
13962
13963
13965
13981
13982
13983
13984
13986
13987
14011
14012
14013
14015
14031
14032
14033
14035
14051
14052
14053
14054
14056
14057
14081
14082
14083
14084
14086
14087
14111
14112
14113
14115
14131
14132
14133
14134
14135
14137
14138
14139
14171
14172
14173
14174
14176
14177
14201
14202
14203
14204
14205
14221
14222
14223
14224
14226
14227
14251
14252
14253
14255
14271
14272
14281
14282
14283
14284
14285
14286
14287
14288
14289
14291
14292
14293
14321
14322
14323
14324
14325
14327
14341
14342
14343
14344
14345
14346
14347
14349
14350
14371
14372
14373
14374
14375
14376
14377
14379
14380
14401
14402
14403
14411
14412
14413
14414
14415
14417
14431
14432
14433
14434
14435
14436
14437
14439
14440
14461
14462
14463
14464
14465
14466
14467
14469
14470
14491
14492
14493
14494
14495
14497
14511
14512
14513
14514
14515
14516
14517
14519
14520
14541
14542
14543
14544
14545
14547
14561
14562
14563
14564
14565
14567
14581
14582
14583
14584
14585
14586
14587
14590
14611
14612
14613
14614
14616
14617
14641
14642
14643
14644
14645
14646
14647
14648
14649
14651
14652
14653
14681
14682
14683
14684
14685
14701
14702
14711
14712
14713
14714
14715
14717
14731
14732
14733
14734
14735
14737
14738
14739
14771
14772
14773
14774
14776
14777
14801
14802
14803
14805
14821
14822
14823
14825
14841
14842
14843
14844
14846
14847
14871
14872
14881
14882
14883
14884
14885
14887
14888
14889
14921
14922
14923
14924
14926
14927
14951
14952
14961
14962
14963
14965
14981
14982
14983
14984
14986
14987
15011
15012
15021
15022
15023
15024
15026
15027
15051
15052
15053
15054
15056
15057
15081
15082
15083
15085
15101
15102
15103
15105
15121
15122
15123
15124
15126
15127
15151
15152
15161
15162
15163
15164
15165
15166
15167
15168
15169
15171
15172
15173
15201
15202
15203
15204
15205
15207
15221
15222
15223
15224
15225
15227
15241
15242
15243
15244
15245
15246
15247
15249
15250
15271
15272
15273
15274
15275
15277
15291
15292
15293
15301
15302
15303
15304
15305
15306
15307
15308
15309
15311
15312
15313
15341
15342
15343
15344
15345
15346
15347
15349
15350
15371
15372
15373
15374
15375
15377
15391
15392
15393
15394
15395
15397
15411
15412
15413
15414
15415
15417
15431
15432
15433
15441
15442
15443
15444
15445
15446
15447
15448
15449
15451
15452
15453
15481
15482
15483
15484
15485
15486
15487
15489
15490
15511
15512
15513
15514
15515
15517
15531
15532
15533
15534
15535
15537
15551
15552
15553
15561
15562
15563
15564
15565
15567
15581
15582
15583
15584
15586
15587
15611
15612
15613
15615
15631
15632
15633
15635
15651
15652
15653
15655
15671
15672
15673
15674
15676
15677
15701
15702
15703
15705
15721
15722
15723
15724
15725
15727
15728
15729
15761
15762
15763
15764
15766
15767
15791
15792
15793
15794
15796
15797
15821
15822
15823
15825
15841
15842
15843
15844
15846
15847
15871
15872
15873
15875
15891
15892
15893
15894
15895
15896
15897
15898
15899
15901
15902
15903
15931
15932
15933
15934
15935
15936
15937
15939
15940
15961
15962
15963
15964
15965
15966
15967
15968
15969
15971
15972
15973
16001
16002
16003
16004
16005
16007
16021
16022
16023
16024
16025
16027
16041
16042
16043
16044
16045
16047
16061
16062
16063
16064
16065
16066
16067
16068
16069
16071
16072
16073
16101
16102
16103
16104
16105
16106
16107
16109
16110
16131
16132
16133
16134
16135
16137
16151
16152
16153
16154
16155
16156
16157
16159
16160
16181
16182
16183
16184
16185
16186
16187
16189
16190
16211
16212
16213
16214
16215
16217
16231
16232
16233
16234
16235
16236
16237
16238
16239
16241
16242
16243
16271
16272
16273
16274
16275
16276
16277
16279
16280
16301
16302
16303
16304
16305
16306
16307
16309
16310
16331
16332
16333
16334
16335
16336
16337
16339
16340
16361
16362
16363
16364
16365
16367
16381
16382
16383
16384
16385
16387
16401
16402
16403
16404
16406
16407
16431
16432
16433
16434
16435
16437
16438
16439
16471
16472
16473
16475
16491
16492
16493
16494
16496
16497
16521
16522
16523
16524
16526
16527
16551
16552
16553
16555
16571
16572
16573
16574
16575
16577
16578
16579
16611
16612
16613
16614
16615
16617
16618
16619
16651
16652
16653
16655
16671
16672
16673
16674
16676
16677
16701
16702
16703
16705
16721
16722
16723
16725
16741
16742
16743
16744
16746
16747
16771
16772
16773
16774
16775
16777
16778
16779
16811
16812
16813
16814
16816
16817
16841
16842
16843
16845
16861
16862
16863
16865
16881
16882
16891
16892
16893
16894
16895
16897
16898
16899
16931
16932
16933
16934
16935
16936
16937
16938
16939
16942
16943
16971
16972
16973
16975
16991
16992
16993
16995
17011
17012
17013
17014
17015
17017
17031
17032
17033
17041
17042
17043
17044
17045
17046
17047
17048
17049
17051
17052
17053
17081
17082
17083
17084
17085
17086
17087
17089
17090
17111
17112
17113
17114
17115
17116
17117
17118
17119
17121
17122
17123
17151
17152
17153
17161
17162
17163
17171
17172
17173
17174
17175
17177
17191
17192
17193
17194
17195
17196
17197
17198
17199
17201
17202
17203
17231
17232
17233
17234
17235
17236
17237
17239
17240
17261
17262
17263
17264
17265
17266
17267
17269
17270
17291
17292
17293
17294
17295
17297
17311
17312
17313
17314
17315
17317
17331
17332
17333
17341
17342
17343
17344
17346
17347
17371
17372
17373
17375
17391
17392
17393
17395
17411
17412
17413
17414
17415
17416
17417
17419
17420
17441
17442
17443
17444
17446
17447
17471
17472
17473
17474
17475
17477
17491
17492
17493
17494
17496
17497
17521
17522
17523
17525
17541
17542
17543
17544
17545
17547
17548
17549
17581
17582
17591
17592
17593
17594
17596
17597
17621
17622
17623
17625
17641
17642
17643
17644
17645
17647
17648
17649
17681
17682
17683
17685
17701
17702
17703
17704
17706
17707
17731
17732
17733
17734
17736
17737
17761
17762
17763
17765
17781
17782
17791
17792
17793
17794
17795
17797
17798
17799
17831
17832
17833
17834
17836
17837
17861
17862
17863
17865
17881
17882
17883
17884
17886
17887
17911
17912
17913
17915
17931
17932
17941
17942
17943
17944
17945
17946
17947
17949
17950
17971
17972
17973
17974
17975
17976
17977
17979
17980
18001
18002
18003
18004
18005
18007
18021
18022
18023
18024
18025
18027
18041
18042
18043
18044
18045
18046
18047
18049
18050
18071
18072
18073
18074
18075
18077
18091
18092
18093
18094
18095
18096
18097
18099
18100
18121
18122
18123
18124
18125
18126
18127
18129
18130
18151
18152
18153
18154
18155
18157
18171
18172
18173
18174
18175
18176
18177
18178
18179
18181
18182
18183
18211
18212
18213
18214
18215
18217
18231
18232
18233
18241
18242
18243
18244
18245
18246
18247
18248
18249
18251
18252
18253
18281
18282
18283
18284
18285
18287
18301
18302
18303
18304
18305
18306
18307
18309
18310
18331
18332
18333
18334
18335
18336
18337
18339
18340
18361
18362
18363
18371
18372
18373
18374
18375
18377
18391
18392
18393
18394
18395
18397
18398
18399
18431
18432
18433
18434
18436
18437
18461
18462
18463
18465
18481
18482
18483
18484
18486
18487
18511
18512
18513
18515
18531
18532
18541
18542
18543
18544
18545
18547
18548
18549
18581
18582
18583
18584
18586
18587
18611
18612
18613
18614
18616
18617
18641
18642
18651
18652
18653
18655
18671
18672
18681
18682
18683
18684
18685
18687
18688
18689
18721
18722
18723
18724
18726
18727
18751
18752
18753
18755
18771
18772
18781
18782
18783
18784
18786
18787
18811
18812
18821
18822
18823
18824
18825
18826
18827
18829
18830
18851
18852
18853
18854
18855
18857
18871
18872
18873
18874
18875
18877
18891
18892
18893
18894
18895
18897
18911
18912
18913
18914
18915
18916
18917
18919
18920
18941
18942
18943
18944
18945
18947
18961
18962
18963
18964
18965
18966
18967
18969
18970
18991
18992
18993
18994
18995
18997
19011
19012
19013
19014
19015
19017
19031
19032
19033
19034
19035
19037
19051
19052
19053
19054
19055
19056
19057
19059
19060
19081
19082
19083
19084
19085
19087
19101
19102
19103
19104
19105
19106
19107
19109
19110
19131
19132
19133
19134
19135
19137
19151
19152
19153
19154
19155
19156
19157
19158
19159
19161
19162
19163
19191
19192
19193
19201
19202
19203
19204
19205
19207
19221
19222
19223
19224
19225
19227
19241
19242
19243
19244
19246
19247
19271
19272
19273
19275
19291
19292
19293
19295
19311
19312
19313
19315
19331
19332
19333
19334
19336
19337
19361
19362
19363
19365
19381
19382
19383
19384
19385
19387
19388
19389
19421
19422
19423
19424
19426
19427
19451
19452
19453
19454
19456
19457
19481
19482
19483
19484
19485
19487
19488
19489
19521
19522
19523
19525
19541
19542
19551
19552
19553
19554
19555
19556
19557
19558
19559
19561
19562
19563
19591
19592
19593
19594
19595
19596
19597
19599
19600
19621
19622
19623
19624
19625
19626
19627
19629
19630
19651
19652
19653
19654
19655
19656
19657
19659
19660
19681
19682
19683
19684
19685
19687
19701
19702
19703
19704
19705
19707
19721
19722
19723
19724
19725
19726
19727
19728
19729
19731
19732
19733
19761
19762
19763
19764
19765
19766
19767
19769
19770
19791
19792
19793
19794
19795
19796
19797
19798
19799
19801
19802
19803
19831
19832
19833
19834
19835
19837
19851
19852
19853
19854
19855
19857
19871
19872
19873
19874
19875
19877
19891
19892
19893
19894
19895
19896
19897
19899
19900
19921
19922
19923
19924
19925
19926
19927
19929
19930
19951
19952
19953
19954
19955
19956
19957
19959
19960
19981
19982
19983
19984
19985
19986
19987
19989
19990
20011
20012
20013
20014
20015
20016
20017
20019
20020
20041
20042
20043
20044
20045
20047
20061
20062
20063
20064
20065
20067
20068
20069
20101
20102
20103
20104
20106
20107
20131
20132
20133
20134
20136
20137
20161
20162
20163
20164
20166
20167
20191
20192
20193
20195
20211
20212
20213
20215
20231
20232
20233
20234
20235
20237
20238
20239
20271
20272
20273
20275
20291
20292
20293
20294
20296
20297
20321
20322
20323
20324
20326
20327
20351
20352
20353
20354
20356
20357
20381
20382
20383
20385
20401
20402
20403
20404
20406
20407
20431
20432
20433
20434
20436
20437
20461
20462
20463
20465
20481
20482
20483
20484
20486
20487
20511
20512
20513
20515
20531
20532
20533
20535
20551
20552
20553
20554
20555
20556
20557
20559
20581
20582
20583
20584
20585
20587
20601
20602
20603
20604
20605
20607
20621
20622
20623
20624
20625
20626
20627
20630
20651
20652
20653
20654
20656
20657
20681
20682
20683
20685
20701
20702
20703
20704
20705
20706
20707
20709
20710
20731
20732
20733
20734
20735
20737
20751
20752
20753
20754
20755
20756
20757
20759
20760
20781
20782
20783
20784
20785
20786
20787
20789
20790
20811
20812
20813
20814
20815
20817
20831
20832
20833
20834
20835
20837
20851
20852
20853
20854
20855
20856
20857
20859
20860
20881
20882
20883
20884
20885
20886
20887
20889
20890
20911
20912
20913
20914
20915
20916
20917
20919
20920
20941
20942
20943
20944
20945
20946
20947
20949
20950
20971
20972
20973
20974
20975
20977
20991
20992
20993
21001
21002
21003
21004
21006
21007
21031
21032
21033
21034
21036
21037
21061
21062
21063
21064
21066
21067
21091
21092
21093
21095
21111
21112
21113
21114
21116
21117
21141
21142
21151
21152
21153
21154
21156
21157
21181
21182
21183
21184
21186
21187
21211
21212
21213
21215
21231
21232
21233
21234
21236
21237
21261
21262
21263
21265
21281
21282
21283
21285
21301
21302
21303
21304
21305
21307
21308
21309
21341
21342
21343
21344
21346
21347
21371
21372
21373
21374
21376
21377
21401
21402
21403
21405
21421
21422
21423
21425
21441
21442
21451
21452
21453
21454
21455
21457
21458
21459
21491
21492
21493
21494
21496
21497
21521
21522
21523
21524
21526
21527
21551
21552
21553
21555
21571
21572
21581
21582
21583
21585
21601
21602
21603
21604
21605
21606
21607
21608
21609
21611
21612
21613
21641
21642
21643
21644
21645
21646
21647
21649
21650
21671
21672
21673
21674
21675
21677
21691
21692
21693
21694
21695
21696
21697
21699
21700
21721
21722
21723
21724
21725
21727
21741
21742
21743
21751
21752
21753
21754
21755
21756
21757
21758
21759
21761
21762
21763
21791
21792
21793
21794
21795
21796
21797
21798
21799
21801
21802
21803
21831
21832
21833
21834
21835
21837
21851
21852
21853
21854
21855
21857
21871
21872
21873
21881
21882
21883
21884
21885
21887
21901
21902
21903
21904
21905
21906
21907
21909
21910
21931
21932
21933
21934
21935
21937
21951
21952
21953
21954
21955
21956
21957
21958
21959
21961
21962
21963
21991
21992
21993
21994
21995
21996
21997
21999
22000
22021
22022
22023
22031
22032
22033
22034
22035
22037
22051
22052
22053
22054
22055
22057
22058
22059
22091
22092
22093
22095
22111
22112
22113
22114
22116
22117
22141
22142
22143
22145
22161
22162
22163
22165
22181
22182
22183
22185
22201
22202
22203
22204
22205
22207
22208
22209
22241
22242
22243
22244
22246
22247
22271
22272
22273
22275
22291
22292
22293
22294
22296
22297
22321
22322
22323
22325
22341
22342
22351
22352
22353
22354
22356
22357
22381
22382
22383
22384
22386
22387
22411
22412
22413
22414
22416
22417
22441
22442
22443
22445
22461
22462
22463
22464
22466
22467
22491
22492
22501
22502
22503
22504
22505
22506
22507
22509
22510
22531
22532
22533
22534
22535
22536
22537
22539
22540
22561
22562
22563
22564
22565
22567
22581
22582
22583
22584
22585
22586
22587
22589
22590
22611
22612
22613
22614
22615
22617
22631
22632
22633
22634
22635
22637
22651
22652
22653
22654
22655
22656
22657
22659
22660
22681
22682
22683
22684
22685
22687
22701
22702
22703
22704
22705
22707
22721
22722
22723
22724
22725
22726
22727
22729
22730
22751
22752
22753
22754
22755
22756
22757
22759
22760
22781
22782
22783
22784
22785
22787
22801
22802
22803
22804
22805
22806
22807
22808
22809
22811
22812
22813
22841
22842
22843
22844
22845
22846
22847
22849
22850
22871
22872
22873
22874
22875
22877
22891
22892
22893
22894
22895
22896
22897
22899
22900
22921
22922
22923
22924
22925
22927
22941
22942
22943
22951
22952
22953
22954
22956
22957
22981
22982
22983
22985
23001
23002
23003
23004
23006
23007
23031
23032
23033
23034
23036
23037
23061
23062
23063
23064
23066
23067
23091
23092
23101
23102
23103
23104
23105
23107
23108
23109
23141
23142
23143
23144
23146
23147
23171
23172
23173
23175
23191
23192
23193
23195
23211
23212
23213
23215
23231
23232
23241
23242
23243
23244
23245
23247
23248
23249
23281
23282
23283
23285
23301
23302
23303
23304
23306
23307
23331
23332
23333
23335
23351
23352
23353
23355
23371
23372
23381
23382
23383
23384
23385
23386
23387
23389
23390
23411
23412
23413
23414
23415
23416
23417
23419
23420
23441
23442
23443
23444
23445
23447
23461
23462
23463
23464
23465
23466
23467
23469
23470
23491
23492
23493
23494
23495
23497
23511
23512
23513
23521
23522
23523
23524
23525
23526
23527
23528
23529
23531
23532
23533
23561
23562
23563
23564
23565
23566
23567
23569
23570
23591
23592
23593
23594
23595
23596
23597
23599
23600
23621
23622
23623
23624
23625
23627
23641
23642
23643
23651
23652
23653
23661
23662
23663
23664
23665
23666
23667
23669
23670
23691
23692
23693
23694
23695
23697
23711
23712
23713
23714
23715
23717
23731
23732
23733
23734
23735
23737
23751
23752
23753
23754
23755
23756
23757
23759
23760
23781
23782
23783
23784
23785
23787
23801
23802
23803
23804
23805
23807
23808
23809
23841
23842
23843
23845
23861
23862
23863
23865
23881
23882
23883
23884
23886
23887
23911
23912
23913
23915
23931
23932
23941
23942
23943
23944
23945
23947
23948
23949
23981
23982
23983
23984
23986
23987
24011
24012
24013
24014
24016
24017
24041
24042
24043
24044
24045
24047
24048
24049
24081
24082
24083
24085
24101
24102
24111
24112
24113
24114
24115
24116
24117
24118
24119
24121
24122
24123
24151
24152
24153
24154
24155
24156
24157
24159
24160
24181
24182
24183
24184
24185
24186
24187
24189
24190
24211
24212
24213
24214
24215
24216
24217
24219
24220
24241
24242
24243
24244
24245
24246
24247
24249
24250
24271
24272
24273
24281
24282
24283
24284
24285
24286
24287
24288
24289
24291
24292
24293
24321
24322
24323
24324
24325
24326
24327
24328
24329
24331
24332
24333
24361
24362
24363
24364
24365
24366
24367
24369
24370
24391
24392
24393
24394
24395
24397
24411
24412
24413
24414
24415
24416
24417
24419
24420
24441
24442
24443
24451
24452
24453
24454
24455
24456
24457
24459
24460
24481
24482
24483
24484
24485
24486
24487
24488
24489
24491
24492
24493
24521
24522
24523
24524
24525
24526
24527
24529
24530
24551
24552
24553
24554
24555
24556
24557
24559
24560
24581
24582
24583
24584
24585
24587
24601
24602
24603
24604
24605
24607
24621
24622
24623
24624
24625
24627
24628
24629
24661
24662
24663
24664
24666
24667
24691
24692
24693
24694
24696
24697
24721
24722
24723
24724
24726
24727
24751
24752
24753
24754
24756
24757
24781
24782
24791
24792
24793
24794
24795
24797
24798
24799
24831
24832
24833
24834
24836
24837
24861
24862
24863
24864
24866
24867
24891
24892
24893
24894
24896
24897
24921
24922
24923
24925
24941
24942
24943
24945
24961
24962
24963
24964
24965
24967
24968
24969
25001
25002
25003
25005
25021
25022
25023
25025
25041
25042
25043
25044
25046
25047
25071
25072
25073
25075
25091
25092
25093
25095
25111
25112
25113
25114
25115
25116
25117
25119
25120
25141
25142
25143
25144
25145
25147
25161
25162
25163
25164
25165
25167
25181
25182
25183
25184
25185
25186
25187
25189
25190
25211
25212
25213
25214
25215
25216
25217
25219
25241
25242
25243
25244
25245
25247
25261
25262
25263
25264
25265
25266
25267
25268
25269
25271
25272
25273
25301
25302
25303
25304
25305
25306
25307
25309
25310
25331
25332
25333
25334
25335
25337
25351
25352
25353
25354
25355
25356
25357
25359
25360
25381
25382
25383
25384
25385
25387
25401
25402
25403
25411
25412
25413
25414
25415
25416
25417
25418
25419
25421
25422
25423
25451
25452
25453
25454
25455
25456
25457
25459
25460
25481
25482
25483
25484
25485
25487
25501
25502
25503
25504
25505
25507
25521
25522
25523
25524
25525
25526
25527
25529
25530
25551
25552
25553
25561
25562
25563
25564
25566
25567
25591
25592
25593
25595
25611
25612
25613
25614
25616
25617
25641
25642
25643
25645
25661
25662
25663
25664
25666
25667
25691
25692
25693
25695
25711
25712
25713
25714
25716
25717
25741
25742
25743
25744
25746
25747
25771
25772
25773
25774
25776
25777
25801
25802
25803
25805
25821
25822
25823
25824
25826
25827
25851
25852
25861
25862
25863
25864
25866
25867
25891
25892
25893
25895
25911
25912
25913
25915
25931
25932
25933
25934
25935
25937
25938
25939
25971
25972
25973
25975
25991
25992
25993
25995
26011
26012
26013
26014
26015
26017
26018
26019
26051
26052
26053
26054
26056
26057
26081
26082
26083
26084
26086
26087
26111
26112
26113
26115
26131
26132
26133
26135
26151
26152
26161
26162
26163
26164
26165
26166
26167
26169
26170
26191
26192
26193
26194
26195
26197
26211
26212
26213
26214
26215
26217
26231
26232
26233
26234
26235
26236
26237
26239
26240
26261
26262
26263
26264
26265
26266
26267
26269
26270
26291
26292
26293
26294
26295
26297
26311
26312
26313
26314
26315
26316
26317
26319
26320
26341
26342
26343
26344
26345
26346
26347
26349
26350
26371
26372
26373
26374
26375
26376
26377
26379
26380
26401
26402
26403
26404
26405
26407
26421
26422
26423
26424
26425
26427
26441
26442
26443
26444
26445
26447
26461
26462
26463
26464
26465
26466
26467
26468
26469
26472
26473
26501
26502
26503
26504
26505
26506
26507
26508
26509
26511
26512
26513
26541
26542
26543
26545
26561
26562
26563
26564
26565
26567
26581
26582
26583
26584
26585
26587
26601
26602
26603
26611
26612
26613
26614
26616
26617
26641
26642
26643
26645
26661
26662
26663
26665
26681
26682
26683
26684
26686
26687
26711
26712
26713
26714
26716
26717
26741
26742
26743
26745
26761
26762
26763
26764
26765
26767
26768
26769
26801
26802
26803
26804
26805
26807
26808
26809
26841
26842
26843
26845
26861
26862
26863
26864
26866
26867
26891
26892
26901
26902
26911
26912
26913
26914
26915
26917
26918
26919
26951
26952
26953
26954
26956
26957
26981
26982
26983
26985
27001
27002
27003
27004
27006
27007
27031
27032
27033
27035
27051
27052
27061
27062
27063
27064
27065
27066
27067
27069
27070
27091
27092
27093
27094
27095
27096
27097
27099
27100
27121
27122
27123
27124
27125
27126
27127
27129
27130
27151
27152
27153
27161
27162
27163
27164
27165
27166
27167
27169
27170
27191
27192
27193
27194
27195
27197
27211
27212
27213
27214
27215
27216
27217
27218
27219
27221
27222
27223
27251
27252
27253
27254
27255
27257
27271
27272
27273
27274
27275
27276
27277
27279
27280
27301
27302
27303
27304
27305
27306
27307
27309
27310
27331
27332
27333
27334
27335
27337
27351
27352
27353
27361
27362
27363
27364
27365
27366
27367
27368
27369
27371
27372
27373
27401
27402
27403
27404
27405
27406
27407
27409
27410
27431
27432
27433
27434
27435
27436
27437
27439
27440
27461
27462
27463
27464
27465
27467
27481
27482
27483
27484
27485
27487
27501
27502
27503
27511
27512
27513
27514
27515
27517
27518
27519
27551
27552
27553
27554
27556
27557
27581
27582
27583
27584
27586
27587
27611
27612
27613
27615
27631
27632
27633
27635
27651
27652
27661
27662
27663
27664
27665
27667
27668
27669
27701
27702
27703
27705
27721
27722
27723
27724
27726
27727
27751
27752
27753
27755
27771
27772
27773
27774
27776
27777
27801
27802
27811
27812
27813
27814
27816
27817
27841
27842
27843
27845
27861
27862
27863
27865
27881
27882
27883
27884
27886
27887
27911
27912
27913
27914
27916
27917
27941
27942
27943
27945
27961
27962
27963
27964
27965
27966
27967
27968
27969
27971
27972
27973
28001
28002
28003
28004
28005
28006
28007
28009
28010
28031
28032
28033
28034
28035
28037
28051
28052
28053
28054
28055
28056
28057
28059
28060
28081
28082
28083
28084
28085
28087
28101
28102
28103
28111
28112
28113
28114
28115
28116
28117
28119
28120
28141
28142
28143
28144
28145
28147
28161
28162
28163
28164
28165
28166
28167
28169
28170
28191
28192
28193
28194
28195
28196
28197
28198
28199
28201
28202
28203
28231
28232
28233
28241
28242
28243
28244
28245
28247
28261
28262
28263
28264
28265
28266
28267
28269
28270
28291
28292
28293
28294
28295
28297
28311
28312
28313
28314
28315
28317
28331
28332
28333
28334
28335
28336
28337
28339
28340
28361
28362
28363
28364
28365
28366
28367
28369
28370
28391
28392
28393
28394
28395
28397
28411
28412
28413
28414
28415
28417
28418
28419
28451
28452
28453
28454
28456
28457
28481
28482
28483
28484
28486
28487
28511
28512
28513
28515
28531
28532
28533
28535
28551
28552
28561
28562
28563
28564
28565
28567
28568
28569
28601
28602
28603
28604
28606
28607
28631
28632
28633
28634
28636
28637
28661
28662
28671
28672
28673
28675
28691
28692
28701
28702
28703
28704
28706
28707
28731
28732
28733
28734
28736
28737
28761
28762
28763
28765
28781
28782
28791
28792
28793
28794
28796
28797
28821
28822
28823
28825
28841
28842
28843
28844
28845
28846
28847
28849
28850
28871
28872
28873
28874
28875
28876
28877
28879
28880
28901
28902
28903
28911
28912
28913
28914
28915
28917
28931
28932
28933
28934
28935
28936
28937
28939
28940
28961
28962
28963
28964
28965
28967
28981
28982
28983
28984
28985
28986
28987
28989
28990
29011
29012
29013
29014
29015
29016
29017
29019
29020
29041
29042
29043
29044
29045
29046
29047
29049
29050
29071
29072
29073
29074
29075
29077
29091
29092
29093
29094
29095
29097
29111
29112
29113
29121
29122
29123
29124
29125
29126
29127
29129
29130
29151
29152
29153
29154
29155
29157
29171
29172
29173
29174
29175
29177
29191
29192
29193
29194
29195
29196
29197
29199
29200
29221
29222
29223
29224
29225
29227
29241
29242
29243
29244
29245
29247
29261
29262
29263
29264
29266
29267
29291
29292
29293
29295
29311
29312
29313
29314
29316
29317
29341
29342
29343
29345
29361
29362
29363
29364
29366
29367
29391
29392
29401
29402
29403
29404
29405
29407
29408
29409
29441
29442
29443
29444
29445
29447
29448
29449
29481
29482
29483
29484
29486
29487
29511
29512
29521
29522
29531
29532
29541
29542
29543
29544
29545
29546
29547
29548
29549
29551
29552
29553
29581
29582
29583
29584
29585
29586
29587
29589
29590
29611
29612
29613
29614
29615
29616
29617
29618
29619
29621
29622
29623
29651
29652
29653
29661
29662
29663
29671
29672
29673
29681
29682
29683
29684
29685
29686
29687
29689
29690
29711
29712
29713
29714
29715
29716
29717
29719
29720
29741
29742
29743
29744
29745
29747
29761
29762
29763
29764
29765
29767
29781
29782
29783
29784
29785
29786
29787
29789
29790
29811
29812
29813
29821
29822
29823
29824
29825
29826
29827
29829
29830
29851
29852
29853
29854
29855
29856
29857
29859
29860
29881
29882
29883
29884
29885
29887
29901
29902
29903
29904
29905
29906
29907
29909
29910
29931
29932
29933
29934
29935
29937
29951
29952
29953
29961
29962
29963
29964
29966
29967
29991
29992
29993
29994
29995
29997
29998
29999
30031
30032
30041
30042
30043
30044
30045
30047
30048
30049
30081
30082
30091
30092
30101
30102
30103
30104
30106
30107
30131
30132
30133
30134
30135
30137
30138
30139
30171
30172
30173
30175
30191
30192
30193
30195
30211
30212
30221
30222
30223
30225
30241
30242
30243
30244
30246
30247
30271
30272
30273
30275
30291
30292
30293
30295
30311
30312
30313
30314
30315
30317
30318
30319
30351
30352
30361
30362
30371
30372
30373
30374
30375
30376
30377
30379
30380
30401
30402
30403
30404
30405
30407
30421
30422
30423
30424
30425
30427
30441
30442
30443
30444
30445
30446
30447
30449
30450
30471
30472
30473
30474
30475
30477
30491
30492
30493
30501
30502
30503
30504
30505
30506
30507
30509
30510
30531
30532
30533
30534
30535
30536
30537
30539
30540
30561
30562
30563
30564
30565
30567
30581
30582
30583
30584
30585
30587
30601
30602
30603
30604
30605
30607
30621
30622
30623
30631
30632
30633
30634
30635
30636
30637
30638
30639
30641
30642
30643
30671
30672
30673
30674
30675
30676
30677
30679
30680
30701
30702
30703
30711
30712
30713
30714
30715
30717
30731
30732
30733
30734
30735
30737
30751
30752
30753
30761
30762
30763
30764
30766
30767
30791
30792
30793
30795
30811
30812
30813
30815
30831
30832
30833
30835
30851
30852
30853
30854
30856
30857
30881
30882
30891
30892
30893
30894
30896
30897
30921
30922
30923
30925
30941
30942
30943
30945
30961
30962
30963
30965
30981
30982
30983
30984
30986
30987
31011
31012
31021
31022
31023
31024
31026
31027
31051
31052
31053
31054
31056
31057
31081
31082
31083
31085
31101
31102
31103
31105
31121
31122
31123
31125
31141
31142
31151
31152
31153
31154
31156
31157
31181
31182
31183
31184
31186
31187
31211
31212
31213
31215
31231
31232
31233
31234
31235
31237
31251
31252
31253
31255
31271
31272
31273
31281
31282
31283
31284
31285
31286
31287
31289
31290
31311
31312
31313
31314
31315
31317
31331
31332
31333
31334
31335
31336
31337
31338
31339
31341
31342
31343
31371
31372
31373
31374
31375
31377
31391
31392
31393
31401
31402
31403
31411
31412
31413
31414
31415
31416
31417
31419
31420
31441
31442
31443
31444
31445
31447
31461
31462
31463
31464
31465
31467
31481
31482
31483
31484
31485
31486
31487
31489
31490
31511
31512
31513
31514
31515
31517
31531
31532
31533
31541
31542
31543
31544
31546
31547
31571
31572
31573
31574
31575
31577
31591
31592
31593
31595
31611
31612
31613
31614
31615
31616
31617
31619
31620
31641
31642
31643
31645
31661
31662
31663
31671
31672
31673
31674
31675
31677
31678
31679
31711
31712
31713
31715
31731
31732
31733
31735
31751
31752
31753
31755
31771
31772
31773
31775
31791
31792
31801
31802
31803
31804
31806
31807
31831
31832
31833
31834
31836
31837
31861
31862
31863
31864
31866
31867
31891
31892
31893
31895
31911
31912
31921
31922
31931
31932
31933
31934
31936
31937
31961
31962
31963
31964
31966
31967
31991
31992
31993
31995
32011
32012
32013
32015
32031
32032
32033
32035
32051
32052
32061
32062
32063
32064
32065
32066
32067
32069
32070
32091
32092
32093
32094
32095
32097
32111
32112
32113
32114
32115
32116
32117
32118
32119
32121
32122
32123
32151
32152
32153
32154
32155
32157
32171
32172
32173
32181
32182
32183
32191
32192
32193
32194
32195
32196
32197
32199
32200
32221
32222
32223
32224
32225
32227
32241
32242
32243
32244
32245
32247
32261
32262
32263
32264
32265
32267
32281
32282
32283
32284
32285
32287
32301
32302
32303
32304
32305
32307
32321
32322
32323
32324
32325
32326
32327
32329
32330
32351
32352
32353
32354
32355
32357
32371
32372
32373
32374
32375
32377
32391
32392
32393
32394
32395
32397
32411
32412
32413
32414
32415
32416
32417
32419
32420
32441
32442
32443
32451
32452
32453
32454
32456
32457
32481
32482
32483
32485
32501
32502
32503
32504
32505
32507
32508
32509
32541
32542
32543
32545
32561
32562
32571
32572
32581
32582
32583
32584
32586
32587
32611
32612
32613
32614
32616
32617
32641
32642
32643
32644
32646
32647
32671
32672
32681
32682
32683
32685
32701
32702
32711
32712
32713
32714
32716
32717
32741
32742
32743
32744
32746
32747
32771
32772
32773
32774
32776
32777
32801
32802
32803
32805
32821
32822
32831
32832
32841
32842
32843
32844
32845
32846
32847
32849
32850
32871
32872
32873
32874
32875
32877
32891
32892
32893
32894
32895
32896
32897
32899
32900
32921
32922
32923
32924
32925
32927
32941
32942
32943
32944
32945
32947
32961
32962
32963
32971
32972
32973
32974
32975
32976
32977
32979
32980
33001
33002
33003
33004
33005
33006
33007
33009
33010
33031
33032
33033
33034
33035
33036
33037
33039
33040
33061
33062
33063
33071
33072
33073
33081
33082
33083
33084
33085
33087
33101
33102
33103
33104
33105
33106
33107
33109
33110
33131
33132
33133
33134
33135
33136
33137
33139
33140
33161
33162
33163
33164
33165
33166
33167
33169
33170
33191
33192
33193
33201
33202
33203
33211
33212
33213
33214
33215
33217
33231
33232
33233
33234
33236
33237
33261
33262
33263
33265
33281
33282
33283
33285
33301
33302
33303
33304
33306
33307
33331
33332
33333
33335
33351
33352
33361
33362
33363
33364
33366
33367
33391
33392
33393
33395
33411
33412
33413
33415
33431
33432
33433
33434
33436
33437
33461
33462
33463
33465
33481
33482
33491
33492
33493
33494
33495
33497
33498
33499
33531
33532
33533
33535
33551
33552
33553
33554
33556
33557
33581
33582
33583
33585
33601
33602
33611
33612
33621
33622
33623
33624
33625
33626
33627
33629
33630
33651
33652
33653
33654
33655
33657
33671
33672
33673
33674
33675
33677
33691
33692
33693
33694
33695
33697
33711
33712
33713
33714
33715
33717
33731
33732
33733
33734
33735
33737
33751
33752
33753
33754
33755
33756
33757
33759
33760
33781
33782
33783
33784
33785
33787
33801
33802
33803
33804
33805
33807
33821
33822
33823
33824
33825
33826
33827
33828
33829
33831
33832
33833
33861
33862
33863
33871
33872
33873
33881
33882
33883
33884
33885
33886
33887
33889
33890
33911
33912
33913
33914
33915
33917
33931
33932
33933
33934
33935
33936
33937
33939
33940
33961
33962
33963
33964
33965
33966
33967
33969
33970
33991
33992
33993
34001
34002
34003
34011
34012
34013
34014
34016
34017
34041
34042
34043
34044
34046
34047
34071
34072
34073
34075
34091
34092
34093
34095
34111
34112
34113
34115
34131
34132
34141
34142
34143
34144
34146
34147
34171
34172
34173
34175
34191
34192
34193
34195
34211
34212
34213
34215
34231
34232
34233
34235
34251
34252
34261
34262
34263
34264
34266
34267
34291
34292
34293
34295
34311
34312
34313
34314
34316
34317
34341
34342
34343
34345
34361
34362
34371
34372
34381
34382
34383
34384
34385
34386
34387
34389
34390
34411
34412
34413
34414
34415
34417
34431
34432
34433
34434
34435
34437
34451
34452
34453
34454
34455
34457
34471
34472
34473
34474
34475
34477
34491
34492
34493
34501
34502
34503
34504
34505
34506
34507
34509
34510
34531
34532
34533
34534
34535
34537
34551
34552
34553
34554
34555
34557
34571
34572
34573
34574
34575
34577
34591
34592
34593
34594
34595
34597
34611
34612
34613
34621
34622
34623
34624
34625
34626
34627
34629
34630
34651
34652
34653
34654
34655
34657
34671
34672
34673
34674
34675
34677
34691
34692
34693
34694
34695
34697
34711
34712
34713
34714
34715
34717
34731
34732
34733
34741
34742
34743
34744
34746
34747
34771
34772
34773
34774
34776
34777
34801
34802
34803
34805
34821
34822
34831
34832
34833
34835
34851
34852
34861
34862
34863
34864
34866
34867
34868
34869
34870
34871
34872
34873
34874
34875
34877
34878
34879
34880
34881
34882
34883
34884
34886
34887
34888
34889
34890
34891
34892
34893
34895
34896
34897
34898
34899
34900
34901
34902
34904
34905
34906
34907
34908
34909
34910
34912
34913
34914
34915
34916
34917
34918
34920
34921
34922
34923
34924
34925
34926
34927
34928
34929
34930
34932
34933
34934
34935
34936
34937
34938
34939
34940
34942
34943
34944
34945
34946
34947
34949
34950
34951
34952
34953
34954
34955
34957
34958
34959
34960
34961
34963
34964
34965
34966
34967
34968
34970
34971
34972
34973
34974
34975
34976
34978
34979
34980
34981
34982
34983
34984
34986
34987
34988
34989
34990
34991
34992
34993
34994
34995
34997
34998
34999
35000
35001
35002
35003
35005
35006
35007
35008
35009
35011
35012
35013
35014
35015
35016
35017
35019
35020
35021
35022
35023
35024
35025
35026
35027
35028
35029
35031
35032
35033
35034
35035
35036
35037
35038
35039
35040
35042
35043
35044
35045
35046
35047
35048
35050
35051
35052
35053
35054
35056
35057
35058
35059
35061
35062
35063
35064
35065
35067
35068
35069
35070
35071
35072
35073
35074
35075
35076
35078
35079
35080
35081
35082
35083
35084
35086
35087
35088
35089
35090
35091
35093
35094
35095
35096
35097
35098
35099
35101
35102
35103
35104
35105
35107
35108
35109
35110
35111
35112
35113
35115
35116
35117
35118
35119
35120
35121
35122
35123
35124
35125
35127
35128
35129
35130
35131
35132
35133
35134
35135
35137
35138
35139
35140
35141
35142
35144
35145
35146
35147
35148
35149
35150
35152
35153
35154
35155
35157
35158
35159
35160
35162
35163
35164
35165
35166
35167
35168
35170
35171
35172
35173
35174
35175
35176
35178
35179
35180
35181
35182
35183
35184
35185
35186
35188
35189
35190
35191
35192
35194
35195
35196
35197
35198
35200
35201
35202
35203
35204
35205
35206
35208
35209
35210
35211
35212
35213
35214
35215
35216
35217
35219
35220
35221
35222
35223
35224
35225
35226
35228
35229
35230
35231
35232
35233
35234
35235
35237
35238
35239
35240
35241
35242
35243
35245
35246
35247
35248
35249
35251
35252
35253
35254
35255
35256
35257
35259
35260
35261
35262
35263
35264
35265
35266
35267
35268
35269
35271
35272
35273
35274
35275
35276
35277
35278
35279
35280
35281
35283
35284
35285
35286
35287
35288
35289
35290
35291
35293
35294
35295
35296
35297
35299
35300
35301
35302
35304
35305
35306
35307
35309
35310
35311
35312
35313
35314
35315
35316
35318
35319
35320
35321
35322
35323
35324
35325
35327
35328
35329
35330
35331
35332
35333
35334
35335
35337
35338
35339
35340
35341
35342
35343
35344
35345
35347
35348
35349
35350
35351
35353
35354
35355
35356
35357
35358
35359
35361
35362
35363
35364
35365
35366
35367
35368
35369
35370
35371
35373
35374
35375
35376
35377
35378
35379
35380
35381
35382
35384
35385
35386
35387
35388
35389
35390
35391
35393
35394
35395
35396
35397
35398
35400
35401
35402
35404
35405
35406
35407
35408
35409
35410
35412
35413
35414
35415
35416
35417
35418
35419
35420
35421
35422
35424
35425
35426
35427
35428
35429
35430
35431
35432
35434
35435
35436
35437
35438
35439
35440
35442
35443
35444
35445
35446
35447
35448
35449
35450
35452
35453
35454
35455
35457
35458
35459
35460
35462
35463
35464
35465
35466
35467
35468
35469
35471
35472
35473
35474
35475
35476
35477
35478
35480
35481
35482
35483
35484
35485
35486
35487
35489
35490
35491
35492
35493
35494
35495
35496
35498
35499
35500
35501
35502
35503
35504
35506
35507
35508
35509
35510
35511
35513
35514
35515
35516
35517
35518
35519
35521
35522
35523
35524
35525
35527
35528
35529
35530
35531
35532
35534
35535
35536
35537
35538
35539
35540
35542
35543
35544
35545
35546
35548
35549
35550
35551
35552
35553
35555
35556
35557
35558
35559
35560
35561
35563
35564
35565
35566
35567
35569
35570
35571
35572
35573
35575
35576
35577
35578
35579
35580
35582
35583
35584
35585
35586
35587
35588
35590
35591
35592
35593
35594
35595
35597
35598
35599
35600
35601
35602
35603
35605
35606
35607
35608
35609
35611
35612
35613
35614
35615
35617
35618
35619
35620
35621
35622
35624
35625
35626
35627
35628
35629
35630
35632
35633
35634
35635
35636
35637
35639
35640
35641
35642
35643
35644
35645
35646
35648
35649
35650
35651
35652
35653
35654
35655
35657
35658
35659
35660
35661
35662
35663
35664
35666
35667
35668
35669
35670
35671
35673
35674
35676
35677
35678
35679
35681
35682
35683
35684
35685
35686
35687
35689
35690
35691
35692
35693
35694
35696
35697
35698
35699
35700
35701
35702
35703
35705
35706
35707
35708
35709
35710
35712
35713
35714
35716
35717
35718
35719
35720
35721
35723
35724
35725
35726
35727
35728
35729
35730
35732
35733
35734
35735
35736
35737
35739
35740
35741
35742
35743
35745
35746
35747
35748
35749
35750
35751
35752
35754
35755
35756
35758
35759
35760
35761
35762
35763
35765
35766
35767
35768
35769
35770
35771
35772
35773
35775
35776
35777
35778
35779
35780
35781
35782
35783
35784
35786
35787
35788
35789
35790
35791
35792
35794
35795
35796
35797
35798
35799
35801
35802
35803
35804
35805
35806
35807
35809
35810
35811
35812
35813
35814
35815
35817
35818
35819
35820
35821
35822
35823
35824
35825
35826
35827
35829
35830
35831
35832
35833
35834
35835
35836
35837
35839
35840
35841
35842
35843
35845
35846
35847
35848
35849
35850
35852
35853
35854
35855
35856
35857
35858
35860
35861
35862
35863
35864
35865
35866
35868
35869
35870
35871
35872
35873
35874
35875
35876
35877
35879
35880
35881
35882
35883
35884
35885
35886
35888
35889
35890
35891
35892
35893
35894
35895
35897
35898
35899
35900
35901
35902
35903
35905
35906
35907
35908
35909
35911
35912
35913
35914
35915
35916
35917
35919
35920
35921
35922
35923
35924
35925
35926
35927
35929
35930
35931
35932
35933
35934
35935
35937
35938
35939
35940
35941
35942
35943
35944
35945
35946
35948
35949
35950
35951
35952
35953
35954
35956
35957
35958
35959
35960
35962
35963
35964
35965
35966
35967
35968
35970
35971
35972
35973
35974
35975
35976
35977
35978
35980
35981
35982
35983
35984
35985
35987
35988
35989
35990
35991
35992
35993
35994
35996
35997
35998
35999
36000
36001
36002
36003
36005
36006
36007
36008
36009
36010
36011
36013
36014
36015
36016
36017
36018
36019
36020
36021
36022
36023
36024
36025
36026
36027
36028
36029
36030
36031
36032
36033
36034
36035
36036
36037
36038
36039
36040
36041
36042
36043
36044
36045
36046
36047
36048
36049
36050
36051
36052
36053
36054
36055
36056
36058
36059
36060
36061
36062
36063
36064
36065
36066
36067
36068
36069
36071
36072
36073
36074
36075
36076
36077
36078
36079
36080
36081
36082
36083
36084
36085
36086
36088
36089
36090
36091
36092
36093
36094
36096
36097
36098
36099
36100
36101
36102
36103
36104
36105
36106
36107
36108
36109
36111
36112
36113
36114
36116
36117
36118
36119
36120
36121
36122
36123
36125
36126
36127
36128
36129
36130
36131
36132
36134
36135
36136
36137
36138
36139
36140
36141
36143
36144
36145
36146
36147
36148
36150
36151
36152
36154
36155
36156
36157
36158
36159
36161
36162
36163
36164
36165
36166
36167
36169
36170
36171
36172
36173
36175
36176
36177
36178
36179
36180
36182
36183
36184
36185
36186
36187
36188
36189
36191
36192
36193
36194
36195
36196
36197
36199
36200
36201
36202
36203
36204
36206
36207
36208
36209
36210
36211
36212
36213
36215
36216
36217
36218
36219
36220
36221
36223
36224
36225
36226
36227
36228
36230
36231
36232
36233
36234
36235
36236
36238
36239
36240
36241
36242
36244
36245
36246
36247
36248
36249
36251
36252
36253
36254
36255
36256
36257
36258
36260
36261
36262
36263
36264
36265
36266
36267
36268
36270
36271
36272
36273
36274
36275
36276
36277
36278
36280
36281
36282
36283
36285
36286
36287
36289
36290
36291
36292
36293
36294
36295
36297
36298
36299
36300
36301
36302
36303
36304
36305
36307
36308
36309
36310
36311
36312
36314
36315
36316
36317
36318
36319
36320
36321
36323
36324
36325
36326
36327
36328
36329
36331
36332
36333
36334
36336
36337
36338
36339
36340
36341
36342
36343
36344
36345
36346
36347
36348
36349
36350
36351
36353
36354
36355
36356
36357
36358
36359
36361
36362
36363
36364
36366
36367
36368
36369
36370
36371
36372
36373
36374
36375
36376
36377
36378
36379
36380
36381
36383
36384
36385
36386
36387
36388
36389
36390
36392
36393
36394
36395
36396
36397
36398
36400
36401
36402
36403
36404
36406
36407
36408
36409
36410
36411
36413
36414
36415
36416
36417
36418
36420
36421
36422
36423
36424
36426
36427
36428
36429
36430
36431
36432
36433
36434
36436
36437
36438
36439
36440
36441
36443
36444
36445
36446
36447
36448
36449
36451
36452
36453
36454
36455
36457
36458
36459
36460
36462
36463
36464
36465
36467
36468
36469
36470
36471
36472
36473
36475
36476
36477
36478
36479
36480
36482
36483
36484
36485
36486
36487
36488
36490
36491
36492
36493
36494
36495
36497
36498
36499
36500
36501
36502
36504
36505
36506
36507
36508
36510
36511
36512
36513
36514
36515
36516
36517
36518
36519
36521
36522
36523
36524
36525
36526
36527
36529
36530
36531
36532
36533
36535
36536
36537
36538
36540
36541
36542
36544
36545
36546
36547
36548
36549
36551
36552
36553
36554
36555
36556
36557
36559
36560
36561
36562
36563
36565
36566
36567
36568
36569
36571
36572
36573
36574
36575
36576
36578
36579
36580
36581
36582
36583
36584
36586
36587
36588
36589
36590
36591
36592
36593
36594
36595
36596
36597
36598
36599
36600
36601
36602
36603
36604
36605
36606
36607
36608
36609
36610
36611
36612
36614
36615
36616
36617
36618
36619
36620
36622
36623
36624
36625
36626
36627
36628
36629
36630
36631
36632
36633
36634
36635
36636
36637
36638
36639
36640
36641
36642
36643
36645
36646
36647
36648
36649
36650
36651
36652
36653
36654
36656
36657
36658
36659
36660
36661
36662
36663
36665
36666
36667
36668
36669
36670
36671
36673
36674
36675
36676
36677
36678
36680
36681
36682
36683
36684
36685
36686
36688
36689
36690
36691
36692
36693
36694
36696
36697
36698
36699
36700
36701
36702
36703
36704
36705
36707
36708
36709
36710
36711
36712
36713
36715
36716
36717
36718
36719
36720
36722
36723
36724
36725
36726
36727
36728
36729
36731
36732
36733
36734
36735
36736
36737
36739
36740
36741
36742
36743
36744
36745
36747
36748
36749
36750
36751
36752
36753
36754
36755
36756
36758
36759
36760
36761
36762
36763
36764
36765
36767
36768
36769
36770
36771
36772
36773
36774
36776
36777
36778
36779
36780
36781
36782
36784
36785
36786
36787
36788
36790
36791
36792
36793
36794
36795
36797
36798
36799
36800
36801
36802
36803
36804
36805
36807
36808
36809
36810
36811
36812
36813
36814
36815
36817
36818
36819
36820
36821
36822
36824
36825
36826
36827
36828
36829
36830
36831
36833
36834
36835
36836
36837
36838
36839
36841
36842
36843
36844
36845
36846
36847
36848
36849
36850
36851
36852
36853
36854
36855
36856
36857
36858
36859
36860
36861
36862
36863
36864
36865
36866
36867
36868
36869
36870
36871
36872
36873
36874
36875
36876
36877
36878
36879
36880
36881
36882
36883
36884
36885
36886
36887
36888
36889
36890
36891
36892
36893
36894
36895
36896
36897
36898
36899
36900
36901
36902
36903
36904
36905
36906
36907
36908
36909
36910
36911
36912
36913
36914
36915
36916
36917
36918
36919
36920
36921
36922
36923
36924
36925
36926
36927
36928
36929
36930
36931
36932
36933
36934
36935
36936
36937
36938
36939
36940
36941
36942
36943
36945
36946
36947
36948
36949
36950
36951
36952
36953
36954
36955
36957
36958
36959
36960
36961
36962
36963
36964
36965
36967
36968
36969
36970
36971
36973
36974
36975
36976
36977
36979
36980
36981
36982
36984
36985
36986
36987
36988
36990
36991
36992
36993
36994
36995
36996
36997
36998
36999
37000
37002
37003
37004
37005
37006
37007
37008
37009
37010
37012
37013
37014
37015
37016
37018
37019
37020
37021
37022
37024
37025
37026
37027
37029
37030
37031
37032
37033
37035
37036
37037
37038
37039
37040
37041
37042
37043
37044
37046
37047
37048
37049
37050
37051
37052
37053
37055
37056
37057
37058
37059
37060
37061
37063
37064
37065
37066
37067
37069
37070
37071
37072
37074
37075
37076
37077
37079
37080
37081
37082
37083
37084
37085
37087
37088
37089
37090
37091
37093
37094
37095
37096
37097
37098
37100
37101
37102
37103
37104
37105
37106
37107
37109
37110
37111
37112
37113
37114
37115
37117
37118
37119
37120
37121
37122
37123
37124
37125
37126
37127
37128
37129
37130
37131
37132
37133
37134
37135
37136
37137
37138
37139
37140
37141
37142
37143
37144
37145
37146
37147
37148
37149
37150
37151
37152
37153
37154
37155
37156
37157
37158
37159
37160
37161
37162
37163
37164
37165
37166
37167
37168
37169
37170
37171
37172
37173
37174
37175
37176
37177
37178
37179
37180
37181
37182
37183
37184
37185
37186
37187
37188
37189
37190
37191
37192
37193
37194
37195
37196
37197
37198
37199
37200
37201
37202
37203
37204
37205
37206
37207
37208
37209
37210
37211
37212
37213
37215
37216
37217
37218
37219
37220
37221
37222
37223
37224
37226
37227
37228
37229
37230
37231
37232
37234
37235
37236
37237
37238
37239
37241
37242
37243
37244
37245
37246
37247
37249
37250
37251
37252
37254
37255
37256
37257
37259
37260
37261
37262
37263
37264
37265
37266
37268
37269
37270
37271
37272
37273
37274
37276
37277
37278
37279
37280
37282
37283
37284
37285
37286
37287
37289
37290
37291
37292
37293
37294
37295
37297
37298
37299
37300
37301
37302
37304
37305
37306
37307
37308
37309
37310
37311
37313
37314
37315
37316
37317
37318
37319
37321
37322
37323
37324
37325
37326
37327
37329
37330
37331
37332
37333
37334
37335
37336
37337
37339
37340
37341
37342
37344
37345
37346
37347
37348
37350
37351
37352
37353
37354
37355
37356
37357
37358
37360
37361
37362
37363
37364
37365
37367
37368
37369
37370
37371
37372
37373
37374
37376
37377
37378
37379
37380
37381
37383
37384
37385
37387
37388
37389
37390
37391
37392
37394
37395
37396
37397
37398
37399
37400
37401
37402
37403
37404
37405
37406
37407
37408
37409
37410
37411
37412
37413
37415
37416
37417
37418
37419
37420
37421
37423
37424
37425
37426
37427
37429
37430
37431
37432
37433
37434
37435
37436
37437
37438
37439
37440
37441
37442
37443
37444
37445
37446
37447
37448
37449
37450
37451
37452
37453
37454
37455
37456
37457
37458
37459
37460
37461
37462
37463
37464
37465
37466
37467
37468
37469
37470
37471
37472
37473
37474
37475
37476
37477
37478
37479
37480
37482
37483
37484
37485
37486
37487
37488
37489
37490
37491
37493
37494
37495
37496
37497
37498
37499
37501
37502
37503
37504
37506
37507
37508
37509
37511
37512
37513
37514
37515
37516
37518
37519
37520
37521
37523
37524
37525
37526
37527
37528
37529
37531
37532
37533
37534
37535
37537
37538
37539
37540
37541
37543
37544
37545
37546
37547
37548
37550
37551
37552
37553
37554
37555
37556
37558
37559
37560
37561
37562
37563
37565
37566
37567
37568
37569
37570
37571
37573
37574
37575
37576
37577
37579
37580
37581
37582
37583
37585
37586
37587
37588
37589
37590
37592
37593
37594
37595
37596
37597
37598
37600
37601
37602
37603
37604
37605
37607
37608
37609
37610
37611
37612
37613
37615
37616
37617
37618
37619
37621
37622
37623
37624
37625
37626
37628
37629
37630
37631
37632
37633
37634
37636
37637
37638
37639
37640
37642
37643
37644
37645
37646
37647
37649
37650
37651
37652
37653
37654
37655
37657
37658
37659
37660
37661
37663
37664
37665
37666
37667
37669
37670
37671
37672
37673
37674
37676
37677
37678
37679
37680
37681
37682
37684
37685
37686
37687
37688
37689
37690
37691
37692
37693
37694
37695
37696
37697
37698
37699
37700
37701
37702
37703
37704
37705
37706
37707
37708
37709
37710
37711
37712
37713
37714
37715
37716
37717
37718
37719
37720
37721
37722
37723
37724
37725
37726
37727
37728
37729
37730
37731
37732
37733
37734
37735
37736
37737
37738
37739
37740
37741
37743
37744
37745
37746
37747
37748
37749
37750
37751
37752
37754
37755
37756
37757
37758
37759
37760
37761
37763
37764
37765
37766
37767
37768
37769
37771
37772
37773
37774
37775
37776
37778
37779
37780
37781
37782
37783
37784
37786
37787
37788
37789
37790
37791
37792
37794
37795
37796
37797
37798
37799
37800
37801
37802
37803
37805
37806
37807
37808
37809
37810
37811
37812
37813
37815
37816
37817
37818
37819
37820
37821
37822
37823
37825
37826
37827
37828
37829
37831
37832
37833
37834
37835
37837
37838
37839
37840
37841
37842
37844
37845
37846
37847
37848
37849
37850
37851
37853
37854
37855
37856
37857
37858
37859
37860
37862
37863
37864
37865
37866
37867
37868
37869
37871
37872
37873
37874
37875
37876
37877
37878
37880
37881
37882
37883
37884
37885
37886
37888
37889
37890
37891
37892
37893
37894
37896
37897
37898
37899
37900
37901
37902
37903
37904
37905
37907
37908
37909
37910
37911
37912
37913
37914
37916
37917
37918
37919
37920
37921
37922
37924
37925
37926
37927
37928
37929
37931
37932
37933
37934
37935
37936
37937
37939
37940
37941
37942
37943
37944
37945
37946
37947
37948
37949
37950
37951
37952
37953
37954
37955
37956
37957
37958
37959
37960
37961
37962
37963
37964
37965
37966
37967
37968
37969
37970
37971
37972
37973
37974
37975
37976
37977
37978
37979
37980
37981
37982
37983
37984
37985
37986
37987
37988
37989
37990
37991
37992
37993
37994
37995
37996
37997
37998
37999
38000
38001
38002
38003
38004
38005
38006
38007
38008
38009
38010
38011
38012
38013
38014
38015
38016
38017
38018
38019
38020
38021
38022
38023
38024
38025
38026
38027
38028
38029
38030
38031
38032
38033
38034
38035
38036
38037
38038
38039
38040
38041
38043
38044
38045
38046
38047
38048
38049
38050
38051
38053
38054
38055
38056
38057
38058
38060
38061
38062
38063
38064
38065
38066
38068
38069
38070
38071
38072
38074
38075
38076
38077
38078
38080
38081
38082
38083
38084
38085
38087
38088
38089
38090
38091
38092
38093
38094
38095
38097
38098
38099
38100
38101
38102
38103
38104
38105
38107
38108
38109
38110
38111
38113
38114
38115
38116
38117
38118
38120
38121
38122
38123
38124
38125
38127
38128
38129
38130
38131
38133
38134
38135
38136
38137
38138
38139
38140
38141
38143
38144
38145
38146
38147
38148
38150
38151
38152
38153
38154
38155
38156
38157
38159
38160
38161
38162
38163
38164
38165
38167
38168
38169
38170
38172
38173
38174
38175
38177
38178
38179
38180
38181
38182
38183
38184
38185
38187
38188
38189
38190
38191
38192
38193
38194
38195
38197
38198
38199
38200
38201
38202
38204
38205
38206
38207
38208
38209
38211
38212
38213
38215
38216
38217
38218
38219
38220
38221
38222
38223
38224
38225
38226
38227
38228
38229
38230
38231
38232
38233
38234
38235
38236
38237
38238
38239
38240
38241
38242
38243
38244
38245
38246
38247
38248
38249
38250
38251
38252
38253
38254
38255
38256
38257
38258
38259
38260
38261
38262
38263
38264
38265
38266
38267
38268
38269
38270
38271
38272
38273
38274
38275
38276
38277
38278
38279
38280
38281
38282
38283
38284
38285
38286
38287
38288
38289
38290
38291
38292
38293
38294
38295
38296
38297
38298
38299
38300
38301
38302
38303
38304
38305
38306
38307
38308
38309
38310
38312
38313
38314
38315
38316
38317
38318
38320
38321
38322
38323
38324
38326
38327
38328
38329
38330
38331
38333
38334
38335
38336
38337
38338
38339
38340
38342
38343
38344
38345
38346
38347
38348
38350
38351
38352
38353
38354
38355
38356
38358
38359
38360
38361
38362
38363
38364
38365
38366
38367
38369
38370
38371
38372
38373
38374
38375
38377
38378
38379
38380
38381
38382
38384
38385
38386
38387
38388
38389
38390
38392
38393
38394
38395
38397
38398
38399
38400
38401
38403
38404
38405
38406
38407
38408
38409
38410
38411
38413
38414
38415
38416
38417
38418
38420
38421
38422
38423
38424
38425
38426
38428
38429
38430
38431
38432
38434
38435
38436
38437
38438
38440
38441
38442
38443
38444
38445
38447
38448
38449
38450
38451
38452
38453
38455
38456
38457
38458
38459
38460
38462
38463
38464
38465
38466
38467
38468
38470
38471
38472
38473
38474
38475
38477
38478
38479
38480
38481
38482
38483
38485
38486
38487
38488
38489
38490
38491
38492
38493
38494
38495
38496
38497
38498
38499
38500
38501
38502
38503
38504
38505
38506
38507
38508
38509
38510
38511
38512
38513
38514
38515
38516
38517
38518
38519
38520
38521
38522
38523
38524
38525
38526
38527
38528
38529
38530
38531
38532
38533
38534
38535
38536
38537
38538
38539
38540
38541
38542
38543
38544
38545
38546
38547
38548
38549
38550
38551
38552
38553
38554
38555
38556
38557
38558
38559
38560
38561
38562
38563
38564
38565
38566
38567
38568
38569
38570
38571
38572
38573
38574
38575
38576
38577
38578
38579
38580
38581
38583
38584
38585
38586
38587
38588
38589
38590
38591
38592
38593
38595
38596
38597
38598
38599
38600
38601
38602
38603
38605
38606
38607
38608
38609
38611
38612
38613
38614
38615
38617
38618
38619
38620
38622
38623
38624
38625
38626
38628
38629
38630
38631
38632
38633
38634
38635
38636
38637
38639
38640
38641
38642
38643
38644
38645
38646
38648
38649
38650
38651
38652
38653
38654
38656
38657
38658
38659
38660
38662
38663
38664
38665
38667
38668
38669
38670
38672
38673
38674
38675
38676
38677
38678
38679
38681
38682
38683
38684
38685
38686
38687
38689
38690
38691
38692
38693
38695
38696
38697
38698
38699
38700
38702
38703
38704
38705
38706
38707
38708
38710
38711
38712
38713
38714
38715
38716
38718
38719
38720
38721
38722
38723
38724
38725
38726
38727
38729
38730
38731
38732
38733
38734
38735
38737
38738
38739
38740
38741
38742
38744
38745
38746
38747
38748
38749
38750
38752
38753
38754
38755
38757
38758
38759
38760
38761
38762
38763
38764
38765
38766
38767
38768
38769
38770
38771
38772
38773
38774
38775
38776
38777
38778
38779
38780
38781
38782
38783
38784
38785
38786
38787
38788
38789
38790
38791
38792
38793
38795
38796
38797
38798
38799
38800
38802
38803
38804
38805
38806
38807
38808
38809
38810
38811
38812
38813
38814
38815
38816
38817
38818
38819
38820
38821
38822
38823
38824
38825
38826
38827
38828
38829
38830
38831
38832
38833
38834
38835
38836
38837
38838
38839
38840
38841
38842
38843
38844
38845
38846
38847
38848
38849
38850
38851
38852
38853
38854
38855
38856
38857
38859
38860
38861
38862
38863
38864
38865
38866
38867
38868
38869
38870
38871
38872
38873
38874
38876
38877
38878
38879
38880
38881
38883
38884
38885
38886
38887
38888
38889
38891
38892
38893
38894
38895
38896
38897
38898
38900
38901
38902
38903
38904
38905
38906
38908
38909
38910
38911
38912
38913
38915
38916
38917
38918
38919
38920
38921
38923
38924
38925
38926
38928
38929
38930
38931
38932
38934
38935
38936
38937
38938
38939
38940
38941
38942
38943
38945
38946
38947
38948
38949
38950
38951
38952
38954
38955
38956
38957
38958
38959
38960
38962
38963
38964
38965
38967
38968
38970
38971
38972
38973
38975
38976
38977
38978
38979
38980
38981
38983
38984
38985
38986
38987
38988
38990
38991
38992
38993
38994
38995
38996
38997
38999
39000
39001
39002
39003
39004
39006
39007
39008
39010
39011
39012
39013
39014
39015
39016
39018
39019
39020
39021
39022
39023
39024
39025
39026
39028
39029
39030
39031
39032
39034
39035
39036
39037
39038
39039
39041
39042
39043
39044
39045
39046
39047
39049
39050
39051
39052
39054
39055
39056
39057
39058
39059
39060
39061
39062
39063
39064
39065
39066
39067
39068
39069
39070
39071
39072
39073
39074
39075
39076
39077
39078
39079
39080
39081
39082
39083
39084
39085
39086
39087
39088
39089
39090
39091
39092
39093
39094
39095
39096
39097
39098
39099
39100
39101
39102
39103
39104
39105
39106
39107
39108
39109
39111
39112
39113
39114
39115
39116
39117
39118
39119
39120
39122
39123
39124
39125
39126
39127
39128
39129
39130
39132
39133
39134
39135
39136
39137
39138
39139
39140
39141
39143
39144
39145
39146
39147
39148
39149
39151
39152
39153
39154
39156
39157
39158
39159
39160
39162
39163
39164
39165
39166
39167
39168
39169
39170
39171
39172
39174
39175
39176
39177
39178
39179
39180
39181
39182
39184
39185
39186
39187
39188
39189
39191
39192
39193
39194
39195
39196
39197
39198
39200
39201
39202
39203
39204
39205
39207
39208
39209
39210
39212
39213
39214
39215
39216
39217
39218
39219
39220
39222
39223
39224
39225
39226
39227
39228
39229
39230
39231
39233
39234
39235
39236
39237
39238
39239
39240
39242
39243
39244
39245
39246
39247
39248
39250
39251
39252
39253
39254
39256
39257
39258
39259
39260
39261
39262
39264
39265
39266
39267
39268
39269
39270
39271
39272
39273
39275
39276
39277
39278
39279
39280
39281
39282
39284
39285
39286
39287
39288
39289
39290
39291
39293
39294
39295
39296
39297
39298
39299
39300
39302
39303
39304
39305
39306
39307
39309
39310
39311
39312
39313
39314
39315
39316
39317
39318
39319
39320
39321
39322
39323
39324
39325
39326
39327
39328
39329
39330
39331
39332
39333
39334
39335
39336
39337
39338
39339
39340
39341
39342
39343
39344
39345
39346
39347
39348
39349
39350
39351
39352
39353
39354
39355
39356
39357
39358
39359
39360
39361
39362
39363
39364
39365
39366
39367
39368
39369
39370
39371
39372
39373
39374
39375
39376
39377
39378
39379
39380
39381
39382
39383
39384
39385
39386
39387
39388
39389
39390
39391
39392
39393
39394
39395
39396
39397
39398
39399
39400
39401
39402
39403
39404
39405
39406
39407
39408
39410
39411
39412
39413
39414
39415
39416
39418
39419
39420
39421
39422
39424
39425
39426
39427
39428
39429
39431
39432
39433
39434
39435
39436
39437
39438
39440
39441
39442
39443
39444
39445
39446
39448
39449
39450
39451
39452
39453
39454
39456
39457
39458
39459
39460
39461
39462
39463
39464
39465
39467
39468
39469
39470
39471
39472
39473
39475
39476
39477
39478
39479
39480
39482
39483
39484
39485
39486
39487
39488
39490
39491
39492
39493
39495
39496
39497
39498
39500
39501
39502
39503
39504
39505
39506
39508
39509
39510
39511
39512
39513
39515
39516
39517
39518
39519
39520
39521
39523
39524
39525
39526
39527
39528
39530
39531
39532
39533
39534
39535
39536
39538
39539
39540
39541
39542
39543
39545
39546
39547
39548
39549
39550
39551
39552
39554
39555
39556
39557
39558
39559
39560
39561
39563
39564
39565
39566
39567
39568
39569
39571
39572
39573
39574
39575
39576
39578
39579
39580
39581
39582
39583
39585
39586
39587
39588
39589
39590
39591
39592
39593
39594
39595
39596
39597
39598
39599
39600
39601
39602
39603
39604
39605
39606
39607
39608
39609
39610
39611
39612
39613
39614
39615
39616
39617
39618
39619
39620
39621
39622
39623
39624
39625
39626
39627
39628
39629
39630
39631
39632
39633
39634
39635
39636
39637
39638
39639
39640
39641
39642
39643
39644
39645
39646
39647
39648
39649
39650
39651
39652
39653
39654
39655
39656
39657
39658
39659
39660
39661
39662
39663
39664
39665
39666
39667
39668
39669
39670
39671
39672
39673
39674
39675
39676
39677
39678
39679
39681
39682
39683
39684
39685
39686
39687
39688
39689
39690
39692
39693
39694
39695
39696
39697
39698
39699
39701
39702
39703
39704
39705
39706
39707
39709
39710
39711
39712
39714
39715
39716
39718
39719
39720
39721
39722
39723
39724
39726
39727
39728
39729
39730
39731
39732
39733
39734
39735
39737
39738
39739
39740
39741
39742
39743
39745
39746
39747
39748
39749
39750
39752
39753
39754
39755
39756
39757
39758
39760
39761
39762
39763
39765
39766
39767
39768
39770
39771
39772
39773
39774
39775
39776
39777
39779
39780
39781
39782
39783
39784
39785
39786
39788
39789
39790
39791
39792
39793
39794
39796
39797
39798
39799
39800
39802
39803
39804
39805
39806
39808
39809
39810
39811
39812
39813
39815
39816
39817
39818
39819
39820
39821
39822
39824
39825
39826
39827
39828
39829
39830
39831
39833
39834
39835
39836
39837
39838
39840
39841
39842
39843
39845
39846
39847
39848
39849
39850
39851
39853
39854
39855
39856
39857
39858
39859
39860
39861
39862
39863
39864
39865
39866
39867
39868
39869
39870
39871
39872
39873
39874
39875
39876
39877
39878
39879
39880
39881
39882
39883
39884
39885
39886
39887
39888
39889
39890
39891
39892
39893
39894
39895
39896
39897
39898
39899
39900
39901
39902
39903
39904
39905
39906
39907
39908
39909
39910
39911
39912
39913
39914
39915
39916
39917
39918
39919
39920
39921
39922
39923
39924
39925
39926
39927
39928
39929
39930
39931
39932
39933
39934
39935
39936
39937
39938
39939
39940
39941
39942
39943
39944
39945
39946
39947
39948
39949
39951
39952
39953
39954
39955
39956
39957
39958
39959
39960
39962
39963
39964
39965
39966
39967
39968
39970
39971
39972
39973
39974
39975
39977
39978
39979
39980
39981
39982
39983
39985
39986
39987
39988
39990
39991
39992
39993
39995
39996
39997
39998
39999
40000
40001
40003
40004
40005
40006
40007
40009
40010
40011
40012
40013
40014
40016
40017
40018
40019
40020
40021
40022
40023
40025
40026
40027
40028
40029
40030
40031
40033
40034
40035
40036
40037
40038
40039
40041
40042
40043
40044
40045
40046
40047
40048
40049
40051
40052
40053
40054
40055
40056
40058
40059
40060
40061
40062
40063
40064
40065
40067
40068
40069
40070
40071
40072
40073
40075
40076
40077
40078
40080
40081
40082
40083
40084
40086
40087
40088
40089
40090
40091
40092
40093
40094
40095
40097
40098
40099
40100
40101
40102
40103
40104
40106
40107
40108
40109
40110
40111
40113
40114
40115
40117
40118
40119
40120
40121
40123
40124
40125
40126
40127
40128
40129
40130
40131
40132
40133
40134
40135
40136
40137
40138
40139
40140
40141
40142
40143
40144
40145
40146
40147
40148
40149
40150
40151
40152
40153
40154
40155
40156
40157
40158
40159
40160
40161
40162
40163
40164
40165
40166
40167
40168
40169
40170
40171
40172
40173
40174
40175
40176
40177
40178
40179
40180
40181
40182
40183
40184
40185
40186
40187
40188
40189
40190
40191
40192
40193
40194
40195
40196
40197
40198
40199
40200
40201
40202
40203
40204
40205
40206
40207
40208
40209
40210
40211
40212
40213
40214
40215
40216
40217
40218
40220
40221
40222
40223
40224
40225
40226
40228
40229
40230
40231
40232
40233
40234
40236
40237
40238
40239
40240
40241
40242
40243
40245
40246
40247
40248
40250
40251
40252
40253
40254
40255
40256
40257
40258
40259
40260
40261
40262
40263
40264
40266
40267
40268
40269
40270
40271
40272
40273
40274
40275
40277
40278
40279
40280
40281
40282
40283
40285
40286
40287
40288
40289
40290
40292
40293
40294
40295
40296
40297
40298
40300
40301
40302
40303
40305
40306
40307
40308
40310
40311
40312
40313
40314
40315
40316
40318
40319
40320
40321
40322
40323
40325
40326
40327
40328
40329
40330
40331
40332
40333
40335
40336
40337
40338
40339
40340
40341
40342
40344
40345
40346
40348
40349
40350
40351
40352
40353
40355
40356
40357
40358
40359
40360
40361
40363
40364
40365
40366
40367
40369
40370
40371
40372
40373
40374
40376
40377
40378
40379
40380
40381
40382
40383
40385
40386
40387
40388
40389
40390
40391
40393
40394
40395
40396
40397
40398
40399
40400
40401
40402
40403
40404
40405
40406
40407
40408
40409
40410
40411
40412
40413
40414
40415
40416
40417
40418
40419
40420
40421
40422
40423
40424
40425
40426
40427
40428
40429
40430
40431
40432
40433
40434
40435
40436
40437
40438
40439
40440
40441
40442
40443
40444
40445
40446
40447
40448
40449
40450
40451
40452
40453
40454
40455
40456
40457
40458
40459
40460
40461
40462
40463
40464
40465
40466
40467
40468
40469
40470
40471
40472
40473
40474
40475
40476
40477
40478
40479
40480
40481
40482
40483
40484
40485
40486
40487
40488
40489
40490
40491
40492
40493
40494
40495
40496
40497
40498
40499
40500
40501
40502
40503
40504
40505
40506
40507
40508
40509
40510
40511
40512
40513
40514
40515
40516
40517
40518
40519
40520
40521
40522
40523
40524
40525
40526
40527
40529
40530
40531
40532
40533
40534
40535
40536
40538
40539
40540
40541
40542
40543
40545
40546
40547
40549
40550
40551
40552
40553
40554
40556
40557
40558
40559
40560
40561
40562
40564
40565
40566
40567
40568
40569
40571
40572
40573
40574
40575
40576
40577
40578
40580
40581
40582
40583
40584
40585
40586
40587
40589
40590
40591
40592
40593
40594
40595
40597
40598
40599
40600
40601
40603
40604
40605
40606
40608
40609
40610
40611
40613
40614
40615
40616
40617
40618
40619
40621
40622
40623
40624
40625
40627
40628
40629
40630
40631
40632
40634
40635
40636
40637
40638
40639
40640
40642
40643
40644
40645
40646
40648
40649
40650
40651
40652
40653
40655
40656
40657
40658
40659
40660
40661
40663
40664
40665
40666
40667
40668
40670
40671
40672
40673
40674
40675
40676
40677
40679
40680
40681
40682
40683
40684
40686
40687
40688
40690
40691
40692
40693
40694
40695
40696
40697
40698
40699
40700
40701
40702
40703
40704
40705
40706
40707
40708
40709
40710
40711
40712
40713
40714
40715
40716
40717
40718
40719
40720
40721
40722
40723
40724
40725
40726
40727
40728
40729
40730
40731
40732
40733
40734
40735
40736
40737
40738
40740
40741
40742
40743
40744
40745
40746
40747
40748
40749
40751
40752
40753
40754
40755
40756
40757
40758
40759
40761
40762
40763
40764
40765
40766
40767
40768
40770
40771
40773
40774
40776
40777
40778
40779
40781
40782
40783
40784
40785
40786
40787
40788
40790
40791
40792
40793
40794
40795
40796
40798
40799
40800
40801
40802
40804
40805
40806
40807
40808
40809
40811
40812
40813
40814
40815
40816
40818
40819
40820
40821
40823
40824
40825
40826
40827
40828
40829
40831
40832
40833
40834
40835
40837
40838
40839
40840
40841
40842
40844
40845
40846
40847
40848
40849
40850
40851
40853
40854
40855
40856
40857
40858
40860
40861
40862
40863
40865
40866
40867
40868
40869
40870
40871
40872
40873
40875
40876
40877
40878
40879
40880
40881
40882
40883
40884
40885
40887
40888
40889
40890
40891
40892
40893
40894
40896
40897
40899
40900
40902
40903
40904
40905
40906
40907
40908
40909
40910
40911
40912
40913
40914
40915
40916
40917
40918
40919
40920
40921
40922
40923
40924
40925
40926
40927
40928
40929
40930
40931
40932
40933
40934
40935
40936
40937
40938
40939
40940
40941
40942
40943
40944
40945
40946
40947
40948
40949
40950
40951
40952
40953
40954
40955
40956
40957
40958
40959
40960
40961
40962
40963
40964
40965
40966
40967
40968
40969
40970
40971
40972
40973
40974
40975
40976
40977
40978
40979
40980
40981
40982
40983
40984
40985
40986
40988
40989
40990
40991
40992
40993
40994
40995
40997
40998
40999
41000
41001
41002
41003
41005
41006
41007
41008
41009
41011
41012
41013
41014
41015
41017
41018
41019
41020
41022
41023
41024
41025
41027
41028
41029
41030
41031
41032
41033
41034
41036
41037
41038
41039
41040
41041
41042
41044
41045
41046
41047
41048
41050
41051
41052
41053
41054
41056
41057
41058
41059
41061
41062
41063
41064
41066
41067
41068
41069
41070
41071
41072
41074
41075
41076
41077
41078
41079
41081
41082
41083
41084
41085
41086
41088
41089
41090
41091
41093
41094
41095
41096
41097
41098
41100
41101
41102
41103
41104
41106
41107
41108
41109
41110
41111
41112
41113
41114
41116
41117
41118
41119
41120
41122
41123
41124
41125
41126
41128
41129
41130
41131
41132
41134
41135
41136
41137
41139
41140
41141
41142
41143
41144
41145
41146
41147
41148
41149
41150
41151
41152
41153
41154
41155
41156
41157
41158
41159
41160
41161
41162
41163
41164
41165
41166
41167
41168
41169
41170
41171
41172
41173
41174
41175
41176
41177
41178
41179
41180
41181
41182
41183
41184
41185
41186
41187
41188
41189
41190
41191
41192
41193
41194
41195
41196
41197
41198
41199
41200
41201
41202
41203
41204
41205
41206
41207
41208
41209
41210
41211
41212
41213
41214
41215
41216
41217
41218
41219
41220
41222
41223
41224
41225
41226
41227
41228
41229
41231
41232
41233
41234
41235
41236
41237
41239
41240
41241
41242
41243
41245
41246
41247
41248
41249
41251
41252
41253
41254
41256
41257
41258
41259
41260
41262
41263
41264
41265
41266
41267
41268
41269
41270
41271
41273
41274
41275
41276
41277
41278
41279
41281
41282
41283
41284
41285
41287
41288
41289
41290
41292
41293
41295
41296
41297
41298
41300
41301
41302
41303
41304
41305
41306
41308
41309
41310
41311
41312
41314
41315
41316
41317
41318
41320
41321
41322
41323
41324
41326
41327
41328
41329
41330
41332
41333
41334
41335
41336
41337
41339
41340
41341
41342
41343
41344
41345
41347
41348
41349
41350
41351
41353
41354
41355
41356
41357
41358
41360
41361
41362
41363
41364
41365
41366
41368
41369
41370
41371
41373
41374
41375
41376
41377
41378
41379
41380
41381
41382
41383
41384
41385
41386
41387
41388
41389
41390
41391
41392
41393
41394
41395
41396
41397
41398
41399
41400
41401
41402
41403
41404
41405
41406
41407
41408
41409
41410
41411
41412
41413
41414
41415
41416
41417
41418
41419
41420
41421
41422
41423
41424
41425
41426
41427
41428
41429
41430
41431
41432
41433
41434
41435
41436
41437
41438
41439
41440
41441
41442
41443
41444
41445
41446
41447
41448
41449
41450
41451
41452
41453
41454
41456
41457
41458
41459
41460
41461
41462
41463
41465
41466
41467
41468
41469
41470
41471
41473
41474
41475
41476
41477
41479
41480
41481
41482
41483
41485
41486
41487
41488
41490
41491
41492
41493
41495
41496
41497
41498
41499
41500
41501
41503
41504
41505
41506
41507
41508
41509
41511
41512
41513
41514
41515
41516
41517
41518
41519
41521
41522
41523
41524
41526
41527
41529
41530
41531
41532
41534
41535
41536
41537
41538
41539
41540
41542
41543
41544
41545
41546
41548
41549
41550
41551
41552
41554
41555
41556
41557
41558
41560
41561
41562
41563
41564
41566
41567
41568
41569
41570
41571
41573
41574
41575
41576
41577
41578
41579
41581
41582
41583
41584
41585
41587
41588
41589
41590
41591
41593
41594
41595
41596
41597
41598
41600
41601
41602
41603
41604
41605
41607
41608
41609
41610
41611
41612
41613
41614
41615
41616
41617
41618
41619
41620
41621
41622
41623
41624
41625
41626
41627
41628
41629
41630
41631
41632
41633
41634
41635
41636
41637
41638
41639
41640
41641
41642
41643
41644
41645
41646
41647
41648
41649
41650
41651
41652
41653
41654
41655
41656
41657
41658
41659
41660
41661
41662
41663
41664
41665
41666
41667
41668
41669
41670
41671
41672
41673
41674
41675
41676
41677
41678
41679
41680
41681
41682
41683
41684
41685
41686
41687
41688
41690
41691
41692
41693
41694
41695
41696
41697
41699
41700
41701
41702
41703
41704
41705
41706
41708
41709
41710
41711
41712
41713
41714
41716
41717
41718
41719
41721
41722
41724
41725
41726
41727
41729
41730
41731
41732
41733
41734
41735
41737
41738
41739
41740
41741
41742
41744
41745
41746
41747
41748
41749
41750
41752
41753
41754
41755
41756
41758
41759
41760
41761
41763
41764
41765
41766
41768
41769
41770
41771
41772
41773
41774
41775
41777
41778
41779
41780
41781
41782
41783
41784
41786
41787
41788
41789
41790
41791
41793
41794
41796
41797
41798
41800
41801
41802
41803
41804
41805
41807
41808
41809
41810
41811
41812
41813
41814
41816
41817
41818
41819
41820
41821
41822
41823
41825
41826
41827
41828
41829
41830
41832
41833
41835
41836
41837
41839
41840
41841
41842
41843
41844
41845
41846
41847
41848
41849
41850
41851
41852
41853
41854
41855
41856
41857
41858
41859
41860
41861
41862
41863
41864
41865
41866
41867
41868
41869
41870
41871
41872
41873
41874
41875
41876
41877
41878
41879
41880
41881
41882
41883
41884
41885
41886
41887
41888
41889
41890
41891
41892
41893
41894
41895
41896
41897
41898
41899
41900
41901
41902
41903
41904
41905
41906
41907
41908
41909
41910
41911
41912
41913
41914
41915
41916
41917
41918
41919
41920
41921
41922
41923
41924
41925
41926
41927
41928
41929
41930
41931
41932
41933
41934
41935
41936
41937
41938
41939
41940
41941
41942
41943
41944
41945
41946
41947
41948
41949
41950
41951
41952
41953
41954
41955
41956
41957
41958
41959
41960
41961
41963
41964
41965
41966
41967
41968
41969
41970
41972
41973
41974
41975
41976
41977
41978
41980
41981
41982
41983
41984
41986
41987
41988
41989
41991
41992
41993
41995
41996
41997
41998
41999
42000
42001
42003
42004
42005
42006
42007
42008
42009
42010
42011
42012
42014
42015
42016
42017
42018
42019
42021
42022
42023
42025
42026
42027
42028
42029
42031
42032
42033
42034
42036
42037
42038
42039
42041
42042
42043
42044
42045
42046
42047
42048
42050
42051
42052
42053
42054
42055
42056
42058
42059
42060
42061
42062
42063
42065
42066
42067
42068
42069
42070
42072
42073
42075
42076
42077
42078
42079
42080
42081
42082
42083
42084
42085
42086
42087
42088
42089
42090
42091
42092
42093
42094
42095
42096
42097
42098
42099
42100
42101
42102
42103
42104
42105
42106
42107
42108
42109
42110
42111
42112
42113
42114
42115
42116
42117
42118
42119
42120
42121
42122
42123
42124
42125
42126
42127
42128
42129
42130
42131
42132
42133
42134
42135
42136
42137
42138
42139
42140
42141
42142
42143
42144
42145
42146
42147
42148
42149
42150
42151
42152
42153
42154
42155
42156
42157
42158
42159
42160
42161
42162
42163
42164
42165
42166
42167
42168
42169
42170
42171
42172
42173
42174
42175
42176
42177
42178
42179
42180
42181
42182
42183
42184
42185
42186
42187
42188
42189
42191
42192
42193
42194
42195
42196
42197
42199
42200
42201
42202
42203
42205
42206
42207
42208
42209
42210
42212
42213
42214
42215
42216
42217
42219
42220
42222
42223
42224
42225
42227
42228
42229
42230
42231
42232
42233
42235
42236
42237
42238
42239
42241
42242
42243
42244
42245
42247
42248
42249
42250
42251
42253
42254
42255
42256
42258
42259
42260
42261
42263
42264
42265
42266
42267
42268
42269
42271
42272
42273
42274
42275
42277
42278
42279
42280
42281
42283
42284
42285
42286
42287
42289
42290
42291
42292
42294
42295
42296
42297
42299
42300
42301
42302
42303
42304
42305
42306
42307
42308
42309
42310
42311
42312
42313
42314
42315
42316
42317
42318
42319
42320
42322
42323
42324
42325
42327
42328
42329
42330
43495
43496
43497
43505
43506
43514
43515
43524
43574
43575
43581
43817
43818
43842
43848
44068
44069
44070
44079
44102
44103
44109
44323
44324
44325
44333
44334
44342
44343
44351
44352
44360
44361
44372
44373
44379
44385
44393
44394
44402
44403
44409
44597
44598
44604
44614
44615
44616
44627
44628
44634
44642
44643
44653
44654
44655
44661
44672
44673
44679
44879
44880
44914
44915
44916
44922
44928
44936
44937
44943
45166
45167
45168
45178
45179
45180
45190
45191
45192
45198
45204
45421
45422
45423
45431
45432
45438
45448
45449
45450
45456
45462
45470
45471
45479
45480
45490
45491
45492
45498
45504
45697
45698
45699
45707
45708
45714
45720
45726
45732
45742
45743
45744
45752
45753
45761
45762
45768
45774
45965
45966
45972
45980
45981
45987
45995
45996
46002
46012
46013
46014
46022
46023
46029
46037
46038
46044
46235
46236
46250
46251
46260
46282
46283
46284
46292
46293
46301
46302
46308
46340
46341
46347
46534
46535
46536
46544
46545
46553
46554
46564
46565
46566
46572
46789
46790
46791
46799
46800
46808
46809
46817
46818
46824
46830
46838
46839
46845
46853
46854
46860
46868
46869
46875
47063
47064
47072
47073
47081
47082
47088
47096
47097
47108
47109
47115
47121
47131
47132
47133
47139
47145
47333
47334
47340
47348
47349
47355
47363
47364
47370
47380
47381
47382
47392
47393
47394
47400
47408
47409
47603
47604
47610
47618
47619
47625
47633
47634
47640
47650
47651
47652
47658
47666
47667
47673
47681
47682
47715
47875
47876
47877
47885
47886
47894
47901
47907
47918
47919
47925
47935
47936
47937
47943
47949
47960
47961
47969
47970
47976
47987
47988
47994
48172
48173
48174
48184
48185
48186
48194
48195
48382
48383
48384
48390
48398
48399
48405
48411
48422
48423
48429
48435
48445
48446
48447
48617
48618
48624
48630
48636
48642
48648
48658
48659
48660
48666
48674
48675
48684
48851
48852
48862
48863
48864
48870
48876
48890
48891
48899
48900
48906
48914
48915
49085
49086
49092
49102
49103
49104
49110
49124
49125
49133
49134
49143
49149
49155
49319
49320
49326
49332
49340
49341
49347
49358
49359
49365
49371
49381
49382
49383
49399
49400
49401
49409
49410
49419
49425
49553
49554
49562
49563
49569
49575
49581
49592
49593
49601
49602
49608
49617
49628
49629
49637
49638
49647
49653
49782
49788
58681
58682
58691
58692
58701
58702
58711
58712
58713
58721
58722
58723
58731
58732
58733
58741
58742
58743
58751
58752
58753
58761
58762
58763
58771
58772
58773
58781
58782
58783
58791
58792
58793
58801
58802
58811
58812
58821
58822
58831
58832
58841
58842
58851
58852
58861
58862
58871
58872
58881
58882
58883
58891
58892
58893
58901
58902
58903
58911
58912
58913
58921
58922
58923
58931
58932
58933
58941
58942
58951
58952
58961
58962
58971
58972
58981
58982
58991
58992
59001
59002
59011
59012
59021
59022
59023
59031
59032
59033
59041
59042
59043
59051
59052
59053
59061
59062
59071
59072
59073
59081
59082
59091
59092
59101
59102
59111
59112
59121
59122
59131
59132
59141
59142
59143
59151
59152
59153
59161
59162
59163
59171
59172
59173
59181
59182
59183
59191
59192
59193
59201
59202
59211
59212
59221
59222
59231
59232
59241
59242
59251
59252
59261
59262
59263
59271
59272
59273
59281
59282
59283
59291
59292
59293
59301
59302
59303
59311
59312
59313
59321
59322
59331
59332
59341
59342
59351
59352
59361
59362
59371
59372
59381
59382
59383
59391
59392
59393
59401
59402
59403
59411
59412
59413
59421
59422
59423
59431
59432
59433
59441
59442
59451
59452
59461
59462
59471
59472
59481
59482
59491
59492
59501
59502
59503
59511
59512
59513
59521
59522
59523
59531
59532
59533
59541
59542
59543
59551
59552
59553
59561
59562
59571
59572
59581
59582
59583
59584
59585
59586
59587
59588
59589
59590
59591
59592
59593
59594
59595
59596
59597
59598
59599
59600
59601
59602
59603
59604
59605
59606
59607
59608
59609
59610
59611
59612
59613
59614
59615
59616
59617
59618
59619
59620
59621
59622
59623
59624
59625
59626
59627
59628
59629
59630
59631
59632
59633
59634
59635
59636
59637
59638
59639
59640
59641
59642
59643
59644
59645
59646
59647
59648
59649
59650
59651
59652
59653
59654
59655
59656
59657
59658
59659
59660
59661
59662
59663
59664
59665
59666
59667
59668
59669
59670
59671
59672
59673
59674
59675
59676
59677
59678
59679
59680
59681
59682
59683
59684
59685
59686
59687
59688
59689
59690
59691
59692
59693
59694
59695
59696
59697
59698
59699
59700
59701
59702
59703
59704
59705
59706
59707
59708
59709
59710
59711
59712
59713
59714
59715
59716
59717
59718
59719
59720
59721
59722
59723
59724
59725
59726
59727
59728
59729
59730
59731
59732
59733
59734
59735
59736
59737
59738
59739
59740
59741
59742
59743
59744
59745
59746
59747
59748
59749
59750
59751
59752
59753
59754
59755
59756
59757
59758
59759
59760
59761
59762
59763
59764
59765
59766
59767
59768
59769
59770
59771
59772
59773
59774
59775
59776
59777
59778
59779
59780
59781
59782
59783
59784
59785
59786
59787
59788
59789
59790
59791
59792
59793
59794
59795
59796
59797
59798
59799
59800
59801
59802
59803
59804
59805
59806
59807
59808
59809
59810
59811
59812
59813
59814
59815
59816
59817
59818
59819
59820
59821
59822
59823
59824
59825
59826
59827
59828
59829
59830
59831
59832
59833
59834
59835
59836
59837
59838
59839
59840
59841
59842
59843
59844
59845
59846
59847
59848
59849
59850
59853
59856
59859
59898
59901
59904
59907
59910
59937
59940
59943
59946
59973
59976
59979
59982
60009
60012
60015
60018
60045
60048
60051
60054
60057
60060
60081
60084
60087
60090
60093
60096
60117
60120
34865
34876
34885
34894
34903
34911
34919
34931
34941
34948
34956
34962
34969
34977
34985
34996
35004
35010
35018
35030
35041
35049
35055
35060
35066
35077
35085
35092
35100
35106
35114
35126
35136
35143
35151
35156
35161
35169
35177
35187
35193
35199
35207
35218
35227
35236
35244
35250
35258
35270
35282
35292
35298
35303
35308
35317
35326
35336
35346
35352
35360
35372
35383
35392
35399
35403
35411
35423
35433
35441
35451
35456
35461
35470
35479
35488
35497
35505
35512
35520
35526
35533
35541
35547
35554
35562
35568
35574
35581
35589
35596
35604
35610
35616
35623
35631
35638
35647
35656
35665
35672
35675
35680
35688
35695
35704
35711
35715
35722
35731
35738
35744
35753
35757
35764
35774
35785
35793
35800
35808
35816
35828
35838
35844
35851
35859
35867
35878
35887
35896
35904
35910
35918
35928
35936
35947
35955
35961
35969
35979
35986
35995
36004
36012
36057
36070
36087
36095
36110
36115
36124
36133
36142
36149
36153
36160
36168
36174
36181
36190
36198
36205
36214
36222
36229
36237
36243
36250
36259
36269
36279
36284
36288
36296
36306
36313
36322
36330
36335
36352
36360
36365
36382
36391
36399
36405
36412
36419
36425
36435
36442
36450
36456
36461
36466
36474
36481
36489
36496
36503
36509
36520
36528
36534
36539
36543
36550
36558
36564
36570
36577
36585
36613
36621
36644
36655
36664
36672
36679
36687
36695
36706
36714
36721
36730
36738
36746
36757
36766
36775
36783
36789
36796
36806
36816
36823
36832
36840
36944
36956
36966
36972
36978
36983
36989
37001
37011
37017
37023
37028
37034
37045
37054
37062
37068
37073
37078
37086
37092
37099
37108
37116
37214
37225
37233
37240
37248
37253
37258
37267
37275
37281
37288
37296
37303
37312
37320
37328
37338
37343
37349
37359
37366
37375
37382
37386
37393
37414
37422
37428
37481
37492
37500
37505
37510
37517
37522
37530
37536
37542
37549
37557
37564
37572
37578
37584
37591
37599
37606
37614
37620
37627
37635
37641
37648
37656
37662
37668
37675
37683
37742
37753
37762
37770
37777
37785
37793
37804
37814
37824
37830
37836
37843
37852
37861
37870
37879
37887
37895
37906
37915
37923
37930
37938
38042
38052
38059
38067
38073
38079
38086
38096
38106
38112
38119
38126
38132
38142
38149
38158
38166
38171
38176
38186
38196
38203
38210
38214
38311
38319
38325
38332
38341
38349
38357
38368
38376
38383
38391
38396
38402
38412
38419
38427
38433
38439
38446
38454
38461
38469
38476
38484
38582
38594
38604
38610
38616
38621
38627
38638
38647
38655
38661
38666
38671
38680
38688
38694
38701
38709
38717
38728
38736
38743
38751
38756
38794
38801
38858
38875
38882
38890
38899
38907
38914
38922
38927
38933
38944
38953
38961
38966
38969
38974
38982
38989
38998
39005
39009
39017
39027
39033
39040
39048
39053
39110
39121
39131
39142
39150
39155
39161
39173
39183
39190
39199
39206
39211
39221
39232
39241
39249
39255
39263
39274
39283
39292
39301
39308
39409
39417
39423
39430
39439
39447
39455
39466
39474
39481
39489
39494
39499
39507
39514
39522
39529
39537
39544
39553
39562
39570
39577
39584
39680
39691
39700
39708
39713
39717
39725
39736
39744
39751
39759
39764
39769
39778
39787
39795
39801
39807
39814
39823
39832
39839
39844
39852
39950
39961
39969
39976
39984
39989
39994
40002
40008
40015
40024
40032
40040
40050
40057
40066
40074
40079
40085
40096
40105
40112
40116
40122
40219
40227
40235
40244
40249
40265
40276
40284
40291
40299
40304
40309
40317
40324
40334
40343
40347
40354
40362
40368
40375
40384
40392
40528
40537
40544
40548
40555
40563
40570
40579
40588
40596
40602
40607
40612
40620
40626
40633
40641
40647
40654
40662
40669
40678
40685
40689
40739
40750
40760
40769
40772
40775
40780
40789
40797
40803
40810
40817
40822
40830
40836
40843
40852
40859
40864
40874
40886
40895
40898
40901
40987
40996
41004
41010
41016
41021
41026
41035
41043
41049
41055
41060
41065
41073
41080
41087
41092
41099
41105
41115
41121
41127
41133
41138
41221
41230
41238
41244
41250
41255
41261
41272
41280
41286
41291
41294
41299
41307
41313
41319
41325
41331
41338
41346
41352
41359
41367
41372
41455
41464
41472
41478
41484
41489
41494
41502
41510
41520
41525
41528
41533
41541
41547
41553
41559
41565
41572
41580
41586
41592
41599
41606
41689
41698
41707
41715
41720
41723
41728
41736
41743
41751
41757
41762
41767
41776
41785
41792
41795
41799
41806
41815
41824
41831
41834
41838
41962
41971
41979
41985
41990
41994
42002
42013
42020
42024
42030
42035
42040
42049
42057
42064
42071
42074
42190
42198
42204
42211
42218
42221
42226
42234
42240
42246
42252
42257
42262
42270
42276
42282
42288
42293
42298
42321
42326
-43281
-43491
-43502
-43511
-43520
43523
-43530
-43534
43536
-43547
-43557
-43571
-43579
-43803
-43812
43816
-43833
-43840
-43846
-44064
-44075
44078
-44088
-44099
-44107
-44319
-44330
-44339
-44348
-44357
-44364
-44369
-44377
-44383
-44390
-44399
-44407
-44594
-44602
-44610
-44619
-44624
-44632
-44639
-44649
-44659
-44664
-44669
-44677
-44874
44878
-44895
-44901
-44904
-44910
-44920
-44926
-44933
-44941
-44946
-45162
-45174
-45186
-45196
-45202
-45207
-45417
-45428
-45436
-45444
-45454
-45460
-45467
-45476
-45486
-45496
-45502
-45507
-45693
-45704
-45712
-45718
-45724
-45730
-45738
-45749
-45758
-45766
-45772
-45777
-45962
-45970
-45977
-45985
-45992
-46000
-46008
-46019
-46027
-46034
-46042
-46047
-46232
-46240
46242
-46247
-46256
46259
-46278
-46289
-46298
-46306
-46311
-46314
-46325
-46337
-46345
-46353
-46356
-46512
-46530
-46541
-46550
-46560
-46570
-46575
-46785
-46796
-46805
-46814
-46822
-46828
-46835
-46843
-46850
-46858
-46865
-46873
-47060
-47069
-47078
-47086
-47093
-47100
-47105
-47113
-47119
-47127
-47137
-47143
-47330
-47338
-47345
-47353
-47360
-47368
-47376
-47388
-47398
-47405
-47412
-47415
-47600
-47608
-47615
-47623
-47630
-47638
-47646
-47656
-47663
-47671
-47678
-47685
-47700
-47711
47714
-47730
-47871
-47882
-47891
47895
-47899
-47905
-47910
-47915
-47923
-47931
-47941
-47947
-47952
-47957
-47966
-47974
-47979
-47984
-47992
-48159
-48168
-48180
-48191
-48198
-48201
-48204
-48378
-48388
-48395
-48403
-48409
-48414
-48419
-48427
-48433
-48441
-48450
-48453
-48614
-48622
-48628
-48634
-48640
-48646
-48654
-48664
-48671
-48678
-48682
-48687
-48848
-48858
-48868
-48874
-48879
-48882
-48887
-48896
-48904
-48911
-48918
-48921
-49082
-49090
-49098
-49108
-49113
-49116
-49121
-49130
-49137
-49141
-49147
-49153
-49191
-49316
-49324
-49330
-49337
-49345
-49350
-49355
-49363
-49369
-49377
-49386
-49389
-49395
-49406
-49413
-49417
-49423
-49428
-49550
-49559
-49567
-49573
-49579
-49584
-49589
-49598
-49606
-49611
-49615
-49620
-49625
-49634
-49641
-49645
-49651
-49656
-49772
-49778
49781
-49786
-49800
9970
9972
10008
10009
10035
-10040
10065
10095
10124
10146
10186
10225
10254
10274
10294
10316
-10322
10358
10359
10383
10398
10428
10456
10478
10508
10540
10574
10588
10616
10640
10678
10704
10720
10756
10776
10777
10796
-10803
10836
10875
10904
10924
10943
10955
10984
11006
11044
11064
11084
11106
11146
11184
11204
11225
11254
11280
11320
11323
11360
11396
11416
11417
11434
11448
11478
11508
11538
11568
11596
11620
11660
11698
11728
11756
11774
11786
11824
11845
-11850
11875
11905
11934
11955
11985
12016
12055
12084
12104
12125
12155
12183
12194
12215
12244
12265
12295
12325
12355
12383
12393
12408
12436
12456
12476
12498
12526
12548
12578
12608
12638
12664
12674
12688
12716
12738
12768
12794
12806
12825
12854
12874
12895
12924
12944
12965
12996
13035
13064
13085
13114
13140
13180
13216
13236
13258
13286
13310
13348
13378
13408
13436
13456
13478
13510
13548
13578
13606
13626
13646
13686
13724
13745
13774
13794
13816
13855
13885
13915
13944
13964
13985
14014
14034
14055
14085
14114
14136
14175
-14179
14206
14207
14225
14254
14273
14290
14326
14348
14378
14404
14416
14438
14468
14496
14518
14546
14566
14588
14589
14615
-14619
14650
14686
14687
14703
14716
14736
14775
14804
14824
14845
14873
14886
14925
14953
14964
14985
15013
15025
15055
15084
15104
15125
15153
15170
15206
15226
15248
15276
15294
15310
15348
15376
15396
15416
15434
15450
15488
15516
15536
15554
15566
15585
15614
15634
15654
15675
15704
15726
15765
15795
15824
15845
15874
15900
15938
15970
16006
16026
16046
16070
16108
16136
16158
16188
16216
16240
16278
16308
16338
16366
16386
16405
16436
16474
16495
16525
16554
16576
16616
16654
16675
16704
16724
16745
16776
16815
16844
16864
16883
16896
16940
16941
16974
16994
-16997
17016
17034
17050
17088
17120
17154
17164
17176
17200
17238
17268
17296
17316
17334
17345
17374
-17377
17394
17418
17445
-17449
17476
17495
17524
17546
17583
17595
17624
17646
17684
17705
17735
17764
17783
17796
17835
17864
17885
17914
17933
17948
17978
18006
18026
18048
18076
18098
18128
18156
18180
18216
18234
18250
18286
18308
18338
18364
18376
18396
18435
18464
18485
18514
18533
18546
18585
18615
18643
18654
18673
18686
18725
18754
18773
18785
18813
18828
18856
18876
18896
18918
18946
18968
18996
19016
19036
19058
19086
19108
19136
19160
19194
19206
19226
19245
19274
19294
19314
19335
19364
19386
19425
19455
19486
19524
19543
19560
19598
19628
19658
19686
19706
19730
19768
19800
19836
19856
19876
19898
19928
19958
19988
20018
20046
20066
20105
20135
20165
20194
20214
20236
20274
20295
20325
20355
20384
20405
20435
20464
20485
20514
20534
20558
20560
20586
20606
20628
20629
20655
20684
20708
20736
20758
20788
20816
20836
20858
20888
20918
20948
20976
20994
21005
21035
-21040
21065
-21070
21094
21115
21143
21155
21185
21214
21235
21264
21284
21306
21345
21375
21404
21424
21443
21456
21495
21525
21554
21573
21584
21610
21648
21676
21698
21726
21744
21760
21800
21836
21856
21874
21886
21908
21936
21960
21998
22024
22036
22056
22094
22115
22144
22164
22184
22206
22245
22274
22295
22324
22343
22355
22385
22415
22444
22465
22493
22508
22538
22566
22588
22616
22636
22658
22686
22706
22728
22758
22786
22810
22848
22876
22898
22926
22944
22955
22984
23005
23035
23065
23093
23106
23145
23174
23194
23214
23233
23246
23284
23305
23334
23354
23373
23388
23418
23446
23468
23496
23514
23530
23568
23598
23626
23644
23654
23668
23696
23716
23736
23758
23786
23806
23844
23864
23885
23914
23933
23946
23985
24015
24046
24084
24103
24120
24158
24188
24218
24248
24274
24290
24330
24368
24396
24418
24444
24458
24490
24528
24558
24586
24606
24626
24665
24695
24725
24755
24783
24796
24835
24865
24895
24924
24944
24966
25004
25024
25045
25074
25094
25118
25146
25166
25188
25218
25220
25246
25270
25308
25336
25358
25386
25404
25420
25458
25486
25506
25528
25554
25565
25594
25615
25644
25665
25694
25715
25745
25775
25804
25825
25853
25865
25894
25914
25936
25974
25994
26016
26055
26085
26114
26134
26153
26168
26196
26216
26238
26268
26296
26318
26348
26378
26406
26426
26446
26470
26471
26510
26544
-26547
26566
26586
26604
26615
26644
26664
26685
26715
26744
26766
26806
26844
26865
26893
26903
26916
26955
26984
27005
27034
27053
27068
27098
27128
27154
27168
27196
27220
27256
27278
27308
27336
27354
27370
27408
27438
27466
27486
27504
27516
27555
27585
27614
27634
27653
27666
27704
27725
27754
27775
27803
27815
27844
27864
27885
27915
27944
27970
28008
28036
28058
28086
28104
28118
28146
28168
28200
28234
28246
28268
28296
28316
28338
28368
28396
28416
28455
28485
28514
28534
28553
28566
28605
28635
28663
28674
28693
28705
28735
28764
28783
28795
28824
28848
28878
28904
28916
28938
28966
28988
29018
29048
29076
29096
29114
29128
29156
29176
29198
29226
29246
29265
29294
29315
29344
29365
29393
29406
29446
29485
29513
29523
29533
29550
29588
29620
29654
29664
29674
29688
29718
29746
29766
29788
29814
29828
29858
29886
29908
29936
29954
29965
29996
30033
30046
30083
30093
30105
30136
30174
30194
30213
30224
30245
30274
30294
30316
30353
30363
30378
30406
30426
30448
30476
30494
30508
30538
30566
30586
30606
30624
30640
30678
30704
30716
30736
30754
30765
30794
30814
30834
30855
30883
30895
30924
30944
30964
30985
31013
31025
31055
31084
31104
31124
31143
31155
31185
31214
-31217
31236
31254
-31257
31274
31288
31316
31340
31376
31394
31404
31418
31446
31466
31488
31516
31534
31545
-31549
31576
31594
31618
31644
-31647
31664
31676
31714
31734
31754
31774
31793
31805
31835
31865
31894
31913
31923
31935
31965
31994
32014
32034
32053
32068
32096
32120
32156
32174
32184
32198
32226
32246
32266
32286
32306
32328
32356
32376
32396
32418
32444
32455
32484
32506
32544
32563
32573
32585
32615
32645
32673
32684
32703
32715
32745
32775
32804
32823
32833
32848
32876
32898
32926
32946
32964
32978
33008
33038
33064
33074
33086
33108
33138
33168
33194
33204
33216
33235
33264
33284
33305
33334
33353
33365
33394
33414
33435
33464
33483
33496
33534
33555
33584
33603
33613
33628
33656
33676
33696
33716
33736
33758
33786
33806
33830
33864
33874
33888
33916
33938
33968
33994
34004
34015
34045
34074
34094
34114
34133
34145
34174
34194
34214
34234
34253
34265
34294
34315
34344
34363
34373
34388
34416
34436
34456
34476
34494
34508
34536
34556
34576
34596
34614
34628
34656
34676
34696
34716
34734
34745
34775
34804
34823
34834
34853
)


// ************************************************************************* //
