/*--------------------------------*- C++ -*----------------------------------*\
| =========                 |                                                 |
| \\      /  F ield         | OpenFOAM: The Open Source CFD Toolbox           |
|  \\    /   O peration     | Version:  v2006                                 |
|   \\  /    A nd           | Website:  www.openfoam.com                      |
|    \\/     M anipulation  |                                                 |
\*---------------------------------------------------------------------------*/
FoamFile
{
    version     2.0;
    format      ascii;
    class       labelList;
    note        "nPoints:3770  nCells:5835  nFaces:15894  nInternalFaces:13281";
    location    "constant/thermoMechanicalRegion/polyMesh";
    object      neighbour;
}
// * * * * * * * * * * * * * * * * * * * * * * * * * * * * * * * * * * * * * //


13281
(
1
3
6
42
2528
2
4
7
43
5
44
4
12
63
2531
5
13
64
65
7
8
28
2534
9
29
9
10
18
2537
11
19
11
12
90
2540
13
91
13
86
2543
87
15
20
24
208
2549
21
25
209
17
22
24
194
2546
23
25
195
19
20
22
2555
21
23
21
31
2558
32
23
96
2561
97
25
108
2552
109
27
31
33
212
2579
32
34
213
29
31
36
2564
30
32
37
38
32
2567
34
39
129
2573
35
40
130
41
131
37
39
51
2576
38
40
52
41
53
40
216
2570
41
217
218
43
45
51
2594
44
46
52
47
53
46
57
66
2582
47
58
67
59
68
49
51
54
219
2585
50
52
55
220
53
56
221
52
2597
53
55
57
132
2588
56
58
133
59
134
58
246
2591
59
247
248
61
66
72
240
2600
62
67
73
241
68
74
242
64
66
75
2612
65
67
76
68
77
67
2606
68
70
72
75
264
2609
71
73
76
265
74
77
266
73
165
2603
74
166
167
76
88
2615
77
89
79
84
88
252
2618
85
89
253
81
82
86
92
2630
83
87
93
83
84
270
2621
85
271
85
170
2624
171
87
88
2627
89
89
2633
91
92
96
2636
93
97
93
98
2639
99
95
98
100
180
2642
99
101
181
97
100
2645
101
99
272
2648
273
101
196
2651
197
103
106
108
214
2666
107
109
215
105
106
112
282
2657
107
113
283
107
477
2660
478
109
110
2663
111
111
112
198
2669
113
199
113
372
2654
373
115
123
126
303
2672
116
124
127
304
125
128
305
118
126
129
204
2675
119
127
130
205
128
131
121
123
129
222
2678
122
124
130
223
125
131
224
124
500
2681
125
501
502
127
395
2684
128
396
130
2687
131
133
135
138
2690
134
136
139
137
140
136
141
234
2693
137
142
235
143
236
139
144
225
2696
140
145
226
146
227
142
147
512
2702
143
148
513
149
514
145
147
409
2705
146
148
410
149
411
148
324
2699
149
325
326
151
159
162
421
2717
152
160
163
422
161
164
423
154
156
162
527
2708
155
157
163
528
158
164
529
157
165
261
2714
158
166
262
167
263
160
165
249
2711
161
166
250
167
251
163
330
2723
164
331
332
166
2720
167
169
170
176
274
2726
171
177
275
171
172
2741
173
173
174
255
2735
175
256
175
178
444
2738
179
445
177
178
541
2732
179
542
179
356
2729
357
181
182
186
2744
183
187
183
188
192
2747
189
193
185
188
190
368
2756
189
191
369
187
190
278
2750
191
279
189
467
2753
468
191
453
2759
454
193
196
200
2768
197
201
195
196
198
2765
197
199
197
2762
199
202
2774
203
201
202
463
2771
203
464
203
376
2777
377
205
206
212
2789
207
213
207
210
393
2792
211
394
209
212
214
2780
213
215
211
214
479
2795
215
480
213
2786
215
2783
217
219
222
2798
218
220
223
221
224
220
225
2801
221
226
227
223
228
2804
224
229
230
226
231
2807
227
232
233
229
231
491
2810
230
232
492
233
493
232
400
2813
233
401
402
235
237
246
2816
236
238
247
239
248
238
243
518
2819
239
244
519
245
520
241
246
249
2822
242
247
250
248
251
244
249
415
2825
245
250
416
251
417
247
2828
248
250
2831
251
253
255
264
2834
254
256
265
257
266
256
258
2837
257
259
260
259
267
433
2840
260
268
434
269
435
262
264
267
2843
263
265
268
266
269
265
2846
266
268
524
2849
269
525
526
271
272
274
2852
273
275
273
278
2858
279
275
276
2864
277
277
280
539
2861
281
540
279
280
2855
281
281
451
2867
452
283
288
290
2870
289
291
285
286
288
836
2873
287
289
837
287
292
555
2876
293
556
289
473
2879
474
291
292
374
2882
293
375
293
649
2885
650
295
300
303
388
2888
296
301
304
389
302
305
390
298
300
309
575
2891
299
301
310
576
302
311
577
301
662
2894
302
663
664
304
306
2897
305
307
308
307
309
497
2900
308
310
498
311
499
310
844
2903
311
845
846
313
315
318
862
2906
314
316
319
863
317
320
864
316
324
506
2909
317
325
507
326
508
319
321
584
2912
320
322
585
323
586
322
327
671
2915
323
328
672
329
673
325
327
2918
326
328
329
328
406
2921
329
407
408
331
336
339
2927
332
337
340
338
341
334
342
345
602
2930
335
343
346
603
344
347
604
337
345
427
2924
338
346
428
347
429
340
342
530
2933
341
343
531
344
532
343
880
2939
344
881
882
346
701
2936
347
702
703
349
352
358
898
2957
353
359
899
351
352
354
704
2948
353
355
705
353
617
2951
618
355
356
436
2942
357
437
357
358
2945
359
359
543
2954
544
361
362
366
824
2960
363
367
825
363
364
637
2963
365
638
365
370
718
2966
371
719
367
368
471
2969
369
472
369
370
2972
371
371
459
2975
460
373
374
376
2984
375
377
375
380
2978
381
377
378
2993
379
379
382
465
2987
383
466
381
382
641
2981
383
642
383
740
2990
741
385
386
391
752
3005
387
392
753
387
388
660
3002
389
661
389
395
2999
390
396
392
393
483
3011
394
484
394
395
2996
396
396
3008
398
400
403
488
3026
399
401
404
489
402
405
490
401
409
3020
402
410
411
404
412
760
3029
405
413
761
414
762
407
409
412
3014
408
410
413
411
414
410
3017
411
413
677
3023
414
678
679
416
418
421
3032
417
419
422
420
423
419
424
515
3035
420
425
516
426
517
422
427
3038
423
428
429
425
430
778
3041
426
431
779
432
780
428
430
3044
429
431
432
431
695
3047
432
696
697
434
444
446
3050
435
445
447
448
437
441
444
3053
442
445
439
441
446
802
3056
440
442
447
803
443
448
804
442
706
3059
443
707
445
3062
447
533
3065
448
534
535
450
455
457
816
3074
456
458
817
452
453
455
3071
454
456
454
459
3080
460
456
545
3068
546
458
459
720
3077
460
721
460
3083
462
465
469
734
3086
466
470
735
464
465
467
3089
466
468
466
3095
468
471
3092
472
470
471
830
3101
472
831
472
3098
474
475
477
3104
476
478
476
481
834
3107
482
835
478
479
3110
480
480
483
3113
484
482
483
750
3116
484
751
484
3119
486
488
494
763
3128
487
489
495
764
490
496
765
489
491
3137
490
492
493
492
500
3134
493
501
502
495
497
847
3122
496
498
848
499
849
498
500
3125
499
501
502
501
3131
502
504
509
515
772
3146
505
510
516
773
511
517
774
507
509
512
3155
508
510
513
511
514
510
868
3152
511
869
870
513
518
3149
514
519
520
516
518
3143
517
519
520
519
3140
520
522
533
536
796
3158
523
534
537
797
535
538
798
525
527
533
3161
526
528
534
529
535
528
530
3164
529
531
532
531
536
3167
532
537
538
534
3170
535
537
883
3173
538
884
885
540
541
545
3176
542
546
542
543
3179
544
544
547
3182
548
546
549
3185
550
548
549
902
3188
550
903
550
818
3191
819
552
553
561
920
3194
554
562
921
554
557
1290
3197
558
1291
556
557
559
3200
558
560
558
842
3203
843
560
561
651
3206
562
652
562
1004
3209
1005
564
566
572
1298
3224
565
567
573
1299
568
574
1300
567
575
850
3227
568
576
851
577
852
570
572
578
1015
3212
571
573
579
1016
574
580
1017
573
934
3218
574
935
936
576
578
3221
577
579
580
579
665
3215
580
666
667
582
587
590
1031
3230
583
588
591
1032
589
592
1033
585
587
596
3233
586
588
597
589
598
588
680
3236
589
681
682
591
593
952
3239
592
594
953
595
954
594
596
1313
3242
595
597
1314
598
1315
597
865
3245
598
866
867
600
605
611
1328
3248
601
606
612
1329
607
613
1330
603
608
611
3251
604
609
612
610
613
606
614
958
3254
607
615
959
616
960
609
614
689
3257
610
615
690
616
691
612
889
3260
613
890
891
615
1061
3263
616
1062
1063
618
621
623
3266
622
624
620
621
627
1070
3269
622
628
1071
622
708
3272
709
624
625
900
3275
626
901
626
627
1356
3278
628
1357
628
984
3281
985
630
633
635
990
3284
634
636
991
632
633
637
826
3287
634
638
827
634
1276
3296
1277
636
639
1080
3290
640
1081
638
639
3293
640
640
724
3299
725
642
645
649
3314
646
650
644
647
651
1008
3317
648
652
1009
646
647
732
3302
648
733
648
1098
3305
1099
650
651
3308
652
652
3311
654
658
660
746
3320
659
661
747
656
658
665
1012
3323
657
659
666
1013
667
1014
659
1106
3326
1107
661
662
3329
663
663
665
3332
664
666
667
666
3335
667
669
677
683
754
3338
670
678
684
755
679
685
756
672
677
680
3347
673
678
681
679
682
675
680
683
1040
3341
676
681
684
1041
682
685
1042
678
3344
679
681
3353
682
684
1124
3350
685
1125
1126
687
695
698
787
3356
688
696
699
788
697
700
789
690
692
701
3359
691
693
702
694
703
693
698
1046
3362
694
699
1047
700
1048
696
701
3365
697
702
703
699
1139
3368
700
1140
1141
702
3371
703
705
706
708
3374
707
709
707
710
3377
711
709
713
3380
714
711
715
793
3383
712
716
794
717
795
714
715
1064
3386
716
1065
716
1148
3389
717
1149
1150
719
720
724
3392
721
725
721
726
3395
727
723
724
728
1076
3398
725
729
1077
725
3401
727
728
812
3404
729
813
729
1172
3407
1173
731
732
738
1094
3410
733
739
1095
733
740
3416
741
735
736
740
3413
737
741
737
738
828
3419
739
829
739
1188
3422
1189
741
3425
743
744
748
1196
3428
745
749
1197
745
746
1108
3431
747
1109
747
752
3434
753
749
750
838
3437
751
839
751
752
3440
753
753
3443
755
757
760
3446
756
758
761
759
762
758
766
1127
3449
759
767
1128
768
1129
761
763
3452
762
764
765
764
769
3455
765
770
771
767
769
1208
3458
768
770
1209
771
1210
770
853
3461
771
854
855
773
775
778
3464
774
776
779
777
780
776
784
871
3467
777
785
872
786
873
779
787
3470
780
788
789
782
784
787
1136
3473
783
785
788
1137
786
789
1138
785
1220
3476
786
1221
1222
788
3479
789
791
793
799
1160
3482
792
794
800
1161
795
801
1162
794
802
3485
795
803
804
797
802
805
3488
798
803
806
804
807
800
805
1250
3491
801
806
1251
807
1252
803
3494
804
806
892
3497
807
893
894
809
810
814
1258
3509
811
815
1259
811
812
1168
3503
813
1169
813
816
3515
817
815
818
904
3506
819
905
817
818
3512
819
819
3500
821
822
826
1270
3518
823
827
1271
823
828
1180
3527
829
1181
825
826
830
3524
827
831
827
3521
829
830
3533
831
831
3530
833
838
840
1190
3536
839
841
1191
835
836
838
3539
837
839
837
842
3542
843
839
3545
841
842
1288
3548
843
1289
843
3551
845
847
850
3554
846
848
851
849
852
848
853
3560
849
854
855
851
856
3557
852
857
858
854
859
3563
855
860
861
857
859
1304
3566
858
860
1305
861
1306
860
1214
3569
861
1215
1216
863
865
868
3572
864
866
869
867
870
866
874
3575
867
875
876
869
871
3578
870
872
873
872
877
3581
873
878
879
875
877
1325
3584
876
878
1326
879
1327
878
1226
3587
879
1227
1228
881
883
889
3590
882
884
890
885
891
884
892
3593
885
893
894
887
889
895
1331
3599
888
890
896
1332
891
897
1333
890
3596
891
893
895
3602
894
896
897
896
1244
3605
897
1245
1246
899
900
902
3608
901
903
901
908
3614
909
903
904
3611
905
905
906
3617
907
907
908
1266
3623
909
1267
909
1350
3620
1351
911
912
914
1825
3626
913
915
1826
913
918
1368
3629
919
1369
915
920
1284
3632
921
1285
917
918
920
1000
3635
919
921
1001
919
1452
3638
1453
921
3641
923
925
931
1385
3644
924
926
932
1386
927
933
1387
926
928
1460
3650
927
929
1461
930
1462
929
934
1018
3653
930
935
1019
936
1020
932
937
1837
3656
933
938
1838
939
1839
935
937
3647
936
938
939
938
1292
3659
939
1293
1294
941
943
949
1493
3662
942
944
950
1494
945
951
1495
944
952
1028
3665
945
953
1029
954
1030
947
949
955
1864
3668
948
950
956
1865
951
957
1866
950
1403
3671
951
1404
1405
953
955
3674
954
956
957
956
1322
3677
957
1323
1324
959
961
964
3680
960
962
965
963
966
962
970
1337
3683
963
971
1338
972
1339
965
967
1049
3686
966
968
1050
969
1051
968
973
1505
3689
969
974
1506
975
1507
971
973
1873
3692
972
974
1874
975
1875
974
1406
3695
975
1407
1408
977
978
980
1887
3710
979
981
1888
979
984
1354
3713
985
1355
981
982
1434
3704
983
1435
983
986
1516
3698
987
1517
985
986
3707
987
987
1074
3701
1075
989
990
992
1084
3716
991
993
1085
991
994
3719
995
993
998
1532
3722
999
1533
995
996
1278
3725
997
1279
997
998
1811
3728
999
1812
999
1444
3731
1445
1001
1002
1004
3737
1003
1005
1003
1006
1450
3734
1007
1451
1005
1008
3746
1009
1007
1010
1538
3743
1011
1539
1009
1010
3749
1011
1011
1096
3740
1097
1013
1015
1026
3764
1014
1016
1027
1017
1016
1018
3761
1017
1019
1020
1019
1021
3755
1020
1022
1023
1022
1024
1463
3752
1023
1025
1464
1465
1025
1026
1558
3758
1027
1559
1027
1104
3767
1105
1029
1031
1034
3776
1030
1032
1035
1033
1036
1032
1040
3770
1033
1041
1042
1035
1037
1484
3779
1036
1038
1485
1039
1486
1038
1043
1562
3773
1039
1044
1563
1045
1564
1041
1043
3785
1042
1044
1045
1044
1118
3782
1045
1119
1120
1047
1052
1061
3797
1048
1053
1062
1054
1063
1050
1058
1061
3791
1051
1059
1062
1060
1063
1053
1055
1142
3800
1054
1056
1143
1057
1144
1056
1058
1589
3794
1057
1059
1590
1060
1591
1059
1502
3788
1060
1503
1504
1062
3803
1063
1065
1066
1070
3806
1067
1071
1067
1068
1151
3821
1069
1152
1069
1072
1606
3809
1073
1607
1071
1074
3812
1075
1073
1074
1514
3815
1075
1515
1075
3818
1077
1078
1080
3824
1079
1081
1079
1082
1174
3827
1083
1175
1081
1084
3830
1085
1083
1086
1615
3833
1087
1616
1085
1086
3836
1087
1087
1536
3839
1537
1089
1090
1094
1182
3851
1091
1095
1183
1091
1092
1633
3842
1093
1634
1093
1096
1540
3845
1097
1541
1095
1098
3848
1099
1097
1098
3857
1099
1099
3854
1101
1102
1110
1649
3872
1103
1111
1650
1103
1108
1200
3869
1109
1201
1105
1106
1110
3860
1107
1111
1107
1108
3863
1109
1109
3866
1111
1560
3875
1561
1113
1115
1121
1660
3881
1114
1116
1122
1661
1117
1123
1662
1116
1118
1565
3887
1117
1119
1566
1120
1567
1119
1124
3893
1120
1125
1126
1122
1127
1202
3878
1123
1128
1203
1129
1204
1125
1127
3890
1126
1128
1129
1128
3884
1129
1131
1136
1145
1223
3911
1132
1137
1146
1224
1138
1147
1225
1134
1142
1145
1592
3896
1135
1143
1146
1593
1144
1147
1594
1137
1139
3908
1138
1140
1141
1140
1142
3905
1141
1143
1144
1143
3899
1144
1146
1681
3902
1147
1682
1683
1149
1151
1160
3914
1150
1152
1161
1153
1162
1152
1163
3923
1153
1164
1165
1155
1157
1160
1253
3920
1156
1158
1161
1254
1159
1162
1255
1158
1163
1702
3929
1159
1164
1703
1165
1704
1161
3917
1162
1164
1612
3926
1165
1613
1614
1167
1168
1170
1256
3932
1169
1171
1257
1169
1172
3935
1173
1171
1176
1713
3938
1177
1714
1173
1174
3941
1175
1175
1176
3944
1177
1177
1617
3947
1618
1179
1182
1186
1635
3950
1183
1187
1636
1181
1184
1188
3953
1185
1189
1183
1188
3956
1189
1185
1186
1272
3959
1187
1273
1187
1723
3962
1724
1189
3965
1191
1192
1196
3980
1193
1197
1193
1194
1282
3968
1195
1283
1195
1198
1729
3974
1199
1730
1197
1200
3983
1201
1199
1200
1643
3971
1201
1644
1201
3977
1203
1205
1208
3998
1204
1206
1209
1207
1210
1206
1211
1651
3989
1207
1212
1652
1213
1653
1209
1214
4001
1210
1215
1216
1212
1217
1753
3986
1213
1218
1754
1219
1755
1215
1217
3995
1216
1218
1219
1218
1307
3992
1219
1308
1309
1221
1223
1226
4010
1222
1224
1227
1225
1228
1224
1232
4004
1225
1233
1234
1227
1229
4013
1228
1230
1231
1230
1235
1316
4019
1231
1236
1317
1237
1318
1233
1235
1684
4007
1234
1236
1685
1237
1686
1236
1759
4016
1237
1760
1761
1239
1241
1244
1334
4022
1240
1242
1245
1335
1243
1246
1336
1242
1247
1777
4025
1243
1248
1778
1249
1779
1245
1250
4028
1246
1251
1252
1248
1253
1696
4031
1249
1254
1697
1255
1698
1251
1253
4034
1252
1254
1255
1254
4037
1255
1257
1258
1260
4040
1259
1261
1259
1266
4043
1267
1261
1262
1715
4046
1263
1716
1263
1264
1803
4049
1265
1804
1265
1266
1348
4052
1267
1349
1267
4055
1269
1274
1278
1815
4058
1275
1279
1816
1271
1272
1276
4061
1273
1277
1273
1274
4064
1275
1275
1719
4067
1720
1277
1278
4070
1279
1279
4073
1281
1282
1286
1731
4079
1283
1287
1732
1283
1288
4088
1289
1285
1286
1290
4076
1287
1291
1287
1821
4082
1822
1289
1290
4085
1291
1291
4091
1293
1295
1298
4094
1294
1296
1299
1297
1300
1296
1301
1831
4097
1297
1302
1832
1303
1833
1299
1304
4100
1300
1305
1306
1302
1307
1756
4103
1303
1308
1757
1309
1758
1305
1307
4106
1306
1308
1309
1308
4109
1309
1311
1319
1322
1858
4112
1312
1320
1323
1859
1321
1324
1860
1314
1322
1325
4115
1315
1323
1326
1324
1327
1317
1319
1325
4118
1318
1320
1326
1321
1327
1320
1771
4121
1321
1772
1773
1323
4124
1324
1326
4127
1327
1329
1331
1337
4142
1330
1332
1338
1333
1339
1332
1334
4130
1333
1335
1336
1335
1343
4133
1336
1344
1345
1338
1340
4136
1339
1341
1342
1341
1343
1870
4139
1342
1344
1871
1345
1872
1344
1780
4145
1345
1781
1782
1347
1348
1352
1801
4148
1349
1353
1802
1349
1350
4151
1351
1351
1356
4154
1357
1353
1354
1891
4157
1355
1892
1355
1356
4160
1357
1357
4163
1359
1360
1362
2454
4166
1361
1363
2455
1361
1366
1905
4169
1367
1906
1363
1368
1819
4172
1369
1820
1365
1366
1368
1456
4175
1367
1369
1457
1367
1991
4178
1992
1369
4181
1371
1373
1376
2466
4190
1372
1374
1377
2467
1375
1378
2468
1374
1379
1921
4196
1375
1380
1922
1381
1923
1377
1385
1834
4193
1378
1386
1835
1387
1836
1380
1382
1999
4187
1381
1383
2000
1384
2001
1383
1385
1466
4184
1384
1386
1467
1387
1468
1386
4199
1387
1389
1397
1400
2026
4202
1390
1398
1401
2027
1399
1402
2028
1392
1394
1397
2481
4205
1393
1395
1398
2482
1396
1399
2483
1395
1403
1855
4211
1396
1404
1856
1405
1857
1398
1936
4208
1399
1937
1938
1401
1403
1487
4214
1402
1404
1488
1405
1489
1404
4217
1405
1407
1412
1415
4220
1408
1413
1416
1414
1417
1410
1418
1421
1948
4223
1411
1419
1422
1949
1420
1423
1950
1413
1418
1511
4229
1414
1419
1512
1420
1513
1416
1421
1879
4232
1417
1422
1880
1423
1881
1419
2047
4235
1420
2048
2049
1422
2499
4226
1423
2500
2501
1425
1426
1430
1971
4241
1427
1431
1972
1427
1428
2522
4238
1429
2523
1429
1434
1885
4247
1435
1886
1431
1432
2059
4244
1433
2060
1433
1434
1520
4250
1435
1521
1435
4253
1437
1438
1442
2071
4256
1439
1443
2072
1439
1440
1979
4259
1441
1980
1441
1446
2444
4262
1447
2445
1443
1444
1526
4265
1445
1527
1445
1446
4268
1447
1447
1813
4271
1814
1449
1450
1454
1542
4274
1451
1455
1543
1451
1452
4277
1453
1453
1456
4280
1457
1455
1458
2087
4283
1459
2088
1457
1458
4286
1459
1459
1997
4289
1998
1461
1463
1466
4295
1462
1464
1467
1465
1468
1464
1472
4292
1465
1473
1474
1467
1469
4298
1468
1470
1471
1470
1475
2005
4304
1471
1476
2006
1477
2007
1473
1475
1556
4301
1474
1476
1557
1477
1476
2100
4307
1477
2101
2102
1479
1481
1490
2106
4310
1480
1482
1491
2107
1483
1492
2108
1482
1484
1568
4319
1483
1485
1569
1486
1570
1485
1493
4325
1486
1494
1495
1488
1490
1493
4316
1489
1491
1494
1492
1495
1491
2017
4313
1492
2018
2019
1494
4322
1495
1497
1499
1502
1580
4343
1498
1500
1503
1581
1501
1504
1582
1500
1508
2133
4340
1501
1509
2134
1510
2135
1503
1505
4337
1504
1506
1507
1506
1511
4331
1507
1512
1513
1509
1511
2050
4334
1510
1512
2051
1513
2052
1512
4328
1513
1515
1516
1518
4346
1517
1519
1517
1520
4355
1521
1519
1522
1604
4349
1523
1605
1521
1524
4361
1525
1523
1524
2139
4352
1525
2140
1525
2063
4358
2064
1527
1528
1532
4370
1529
1533
1529
1530
2075
4367
1531
2076
1531
1534
2160
4364
1535
2161
1533
1536
4376
1537
1535
1536
1619
4373
1537
1620
1537
4379
1539
1540
1542
4394
1541
1543
1541
1548
4391
1549
1543
1546
4385
1547
1545
1546
1548
2176
4388
1547
1549
2177
1547
2083
4382
2084
1549
1637
4397
1638
1551
1552
1554
2188
4406
1553
1555
2189
1553
1560
1645
4400
1561
1646
1555
1556
2098
4415
1557
2099
1557
1558
4409
1559
1559
1560
4403
1561
1561
4412
1563
1565
1568
4433
1564
1566
1569
1567
1570
1566
1571
4430
1567
1572
1573
1569
1574
4424
1570
1575
1576
1572
1577
1654
4427
1573
1578
1655
1579
1656
1575
1577
2115
4418
1576
1578
2116
1579
2117
1578
2199
4421
1579
2200
2201
1581
1583
1589
4436
1582
1584
1590
1585
1591
1584
1586
2136
4439
1585
1587
2137
1588
2138
1587
1595
2211
4442
1588
1596
2212
1597
2213
1590
1592
4445
1591
1593
1594
1593
1595
4448
1594
1596
1597
1596
1672
4451
1597
1673
1674
1599
1604
1609
2141
4466
1600
1605
1610
2142
1611
2143
1602
1609
1612
1699
4457
1603
1610
1613
1700
1611
1614
1701
1605
1606
4460
1607
1607
1612
4463
1608
1613
1614
1610
2229
4469
1611
2230
2231
1613
4454
1614
1616
1617
1619
4472
1618
1620
1618
1621
4475
1622
1620
1623
4478
1624
1622
1625
1711
4481
1626
1712
1624
1625
2156
4484
1626
2157
1626
2250
4487
2251
1628
1631
1635
1727
4490
1632
1636
1728
1630
1631
1637
2172
4493
1632
1638
2173
1632
2262
4496
2263
1634
1635
1637
4499
1636
1638
1636
4502
1638
4505
1640
1641
1647
2272
4508
1642
1648
2273
1642
1643
1733
4511
1644
1734
1644
1649
4514
1650
1646
1647
1649
4517
1648
1650
1648
2184
4520
2185
1650
4523
1652
1657
1660
4526
1653
1658
1661
1659
1662
1655
1660
1663
4532
1656
1661
1664
1662
1665
1658
1666
1747
4535
1659
1667
1748
1668
1749
1661
4529
1662
1664
1666
2205
4538
1665
1667
2206
1668
2207
1667
2280
4541
1668
2281
2282
1670
1672
1675
2214
4544
1671
1673
1676
2215
1674
1677
2216
1673
1681
4547
1674
1682
1683
1676
1678
2307
4550
1677
1679
2308
1680
2309
1679
1684
1762
4553
1680
1685
1763
1686
1764
1682
1684
4556
1683
1685
1686
1685
4559
1686
1688
1690
1693
2325
4562
1689
1691
1694
2326
1692
1695
2327
1691
1696
1783
4574
1692
1697
1784
1698
1785
1694
1699
2232
4577
1695
1700
2233
1701
2234
1697
1702
4565
1698
1703
1704
1700
1702
4568
1701
1703
1704
1703
4571
1704
1706
1707
1711
2254
4583
1708
1712
2255
1708
1709
2334
4580
1710
2335
1710
1715
1805
4586
1716
1806
1712
1713
4589
1714
1714
1715
4595
1716
1716
4592
1718
1719
1721
1817
4598
1720
1722
1818
1720
1723
4601
1724
1722
1725
2354
4604
1726
2355
1724
1727
4607
1728
1726
1727
2256
4610
1728
2257
1728
4613
1730
1731
1733
4616
1732
1734
1732
1735
4619
1736
1734
1737
4625
1738
1736
1739
1823
4631
1740
1824
1738
1739
2276
4622
1740
2277
1740
2362
4628
2363
1742
1744
1750
2379
4634
1743
1745
1751
2380
1746
1752
2381
1745
1747
2283
4637
1746
1748
2284
1749
2285
1748
1753
4640
1749
1754
1755
1751
1756
1840
4643
1752
1757
1841
1758
1842
1754
1756
4646
1755
1757
1758
1757
4649
1758
1760
1762
1771
4652
1761
1763
1772
1764
1773
1763
1765
4655
1764
1766
1767
1766
1774
2304
4658
1767
1775
2305
1776
2306
1769
1771
1774
1849
4661
1770
1772
1775
1850
1773
1776
1851
1772
4664
1773
1775
2394
4667
1776
2395
2396
1778
1780
1783
4670
1779
1781
1784
1782
1785
1781
1786
4676
1782
1787
1788
1784
1789
4673
1785
1790
1791
1787
1792
1867
4682
1788
1793
1868
1794
1869
1790
1792
2322
4679
1791
1793
2323
1794
2324
1793
2415
4685
1794
2416
2417
1796
1797
1799
2430
4700
1798
1800
2431
1798
1805
2338
4697
1806
2339
1800
1801
1895
4703
1802
1896
1802
1803
4694
1804
1804
1805
4688
1806
1806
4691
1808
1809
1813
2446
4706
1810
1814
2447
1810
1817
2356
4709
1818
2357
1812
1813
1815
4712
1814
1816
1814
4715
1816
1817
4718
1818
1818
4721
1820
1825
1827
4724
1826
1828
1822
1823
1825
4727
1824
1826
1824
1829
4730
1830
1826
4733
1828
1829
2456
4736
1830
2457
1830
2368
4739
2369
1832
1837
1840
4742
1833
1838
1841
1839
1842
1835
1837
1846
4745
1836
1838
1847
1839
1848
1838
4748
1839
1841
1843
4751
1842
1844
1845
1844
1846
2382
4757
1845
1847
2383
1848
2384
1847
2475
4754
1848
2476
2477
1850
1852
1858
4760
1851
1853
1859
1854
1860
1853
1861
2403
4763
1854
1862
2404
1863
2405
1856
1861
1864
4766
1857
1862
1865
1863
1866
1859
1864
4769
1860
1865
1866
1862
2478
4772
1863
2479
2480
1865
4775
1866
1868
1870
1876
4778
1869
1871
1877
1872
1878
1871
1873
4781
1872
1874
1875
1874
1879
4784
1875
1880
1881
1877
1882
2421
4787
1878
1883
2422
1884
2423
1880
1882
4790
1881
1883
1884
1883
2496
4793
1884
2497
2498
1886
1887
1889
4805
1888
1890
1888
1891
4808
1892
1890
1893
2524
4811
1894
2525
1892
1895
4799
1896
1894
1895
2424
4802
1896
2425
1896
4796
1898
1903
1905
2448
4814
1904
1906
2449
1900
1905
1907
1987
4817
1906
1908
1988
1902
1903
1907
4820
1904
1908
1904
4823
1906
4826
1908
4829
1910
1918
1921
2002
4832
1911
1919
1922
2003
1920
1923
2004
1913
1918
1924
4835
1914
1919
1925
1920
1926
1916
1921
1924
2463
4838
1917
1922
1925
2464
1923
1926
2465
1919
4841
1920
1922
4844
1923
1925
4847
1926
1928
1930
1933
4850
1929
1931
1934
1932
1935
1931
1936
2484
4853
1932
1937
2485
1938
2486
1934
1942
4856
1935
1943
1944
1937
1939
4859
1938
1940
1941
1940
1942
2029
4862
1941
1943
2030
1944
2031
1943
4865
1944
1946
1951
1960
4868
1947
1952
1961
1953
1962
1949
1954
1957
4883
1950
1955
1958
1956
1959
1952
1957
4874
1953
1958
1959
1955
1960
2044
4877
1956
1961
2045
1962
2046
1958
2502
4880
1959
2503
2504
1961
4871
1962
1964
1967
1973
4886
1968
1974
1966
1967
1971
2053
4892
1968
1972
2054
1968
4895
1970
1971
1973
2516
4889
1972
1974
2517
1972
4898
1974
4901
1976
1981
1983
4919
1982
1984
1978
1979
1983
2065
4904
1980
1984
2066
1980
1985
4907
1986
1982
1985
4910
1986
1984
4913
1986
2440
4916
2441
1988
1989
1991
4928
1990
1992
1990
1995
4931
1996
1992
1997
4937
1998
1994
1995
1997
2085
4922
1996
1998
2086
1996
4934
1998
4925
2000
2002
2005
4949
2001
2003
2006
2004
2007
2003
2014
4955
2004
2015
2016
2006
2011
4943
2007
2012
2013
2009
2011
2014
4940
2010
2012
2015
2013
2016
2012
2095
4946
2013
2096
2097
2015
4952
2016
2018
2020
2026
4958
2019
2021
2027
2022
2028
2021
2023
2103
4961
2022
2024
2104
2025
2105
2024
2032
4964
2025
2033
2034
2027
2029
4967
2028
2030
2031
2030
2032
4970
2031
2033
2034
2033
4973
2034
2036
2041
2050
2127
4988
2037
2042
2051
2128
2043
2052
2129
2039
2041
2044
4976
2040
2042
2045
2043
2046
2042
4991
2043
2045
2047
4979
2046
2048
2049
2048
2050
4985
2049
2051
2052
2051
4982
2052
2054
2055
2059
5006
2056
2060
2056
2057
5009
2058
2058
2061
5003
2062
2060
2063
5000
2064
2062
2063
2144
4994
2064
2145
2064
4997
2066
2067
2071
5012
2068
2072
2068
2069
5015
2070
2070
2073
5018
2074
2072
2075
5021
2076
2074
2075
2164
5024
2076
2165
2076
5027
2078
2079
2081
5045
2080
2082
2080
2083
2170
5030
2084
2171
2082
2085
5042
2086
2084
2087
5033
2088
2086
2087
5036
2088
2088
5039
2090
2091
2093
5048
2092
2094
2092
2098
2186
5051
2099
2187
2094
2095
5054
2096
2096
2100
5057
2097
2101
2102
2099
2100
5060
2101
2101
5063
2102
2104
2106
2112
5069
2105
2107
2113
2108
2114
2107
2115
5075
2108
2116
2117
2110
2115
2118
2190
5066
2111
2116
2119
2191
2117
2120
2192
2113
2118
5072
2114
2119
2120
2116
5078
2117
2119
5081
2120
2122
2124
2130
5090
2123
2125
2131
2126
2132
2125
2127
5084
2126
2128
2129
2128
2133
5087
2129
2134
2135
2131
2136
2208
5099
2132
2137
2209
2138
2210
2134
2136
5093
2135
2137
2138
2137
5096
2138
2140
2141
2144
5114
2142
2145
2142
2146
5117
2143
2147
2148
2145
2149
5108
2150
2147
2151
2226
5111
2148
2152
2227
2153
2228
2150
2151
5102
2152
2152
5105
2153
2155
2156
2158
2244
5123
2157
2159
2245
2157
2160
5135
2161
2159
2162
5132
2163
2161
2164
5129
2165
2163
2164
5126
2165
2165
5120
2167
2168
2174
5138
2169
2175
2169
2172
2260
5141
2173
2261
2171
2174
2176
5147
2175
2177
2173
2176
5144
2177
2175
5150
2177
5153
2179
2180
2182
5162
2181
2183
2181
2184
2278
5159
2185
2279
2183
2186
5165
2187
2185
2188
5156
2189
2187
2188
5168
2189
2189
5171
2191
2193
2199
5174
2192
2194
2200
2195
2201
2194
2202
5177
2195
2203
2204
2197
2202
2205
2289
5180
2198
2203
2206
2290
2204
2207
2291
2200
2205
5183
2201
2206
2207
2203
5186
2204
2206
5189
2207
2209
2211
2217
5192
2210
2212
2218
2213
2219
2212
2214
5195
2213
2215
2216
2215
2223
5198
2216
2224
2225
2218
2220
5201
2219
2221
2222
2221
2223
5204
2222
2224
2225
2224
2298
5207
2225
2299
2300
2227
2229
2235
5210
2228
2230
2236
2231
2237
2230
2232
5213
2231
2233
2234
2233
2238
5216
2234
2239
2240
2236
2241
5219
2237
2242
2243
2239
2241
2316
5222
2240
2242
2317
2243
2318
2242
5225
2243
2245
2246
2250
5243
2247
2251
2247
2252
5237
2253
2249
2252
2254
2336
5228
2253
2255
2337
2251
2254
5240
2255
2253
5234
2255
5231
2257
2258
2262
5246
2259
2263
2259
2264
2348
5249
2265
2349
2261
2262
2266
5252
2263
2267
2263
5255
2265
2266
5258
2267
2267
5261
2269
2270
2274
5264
2271
2275
2271
2276
2364
5267
2277
2365
2273
2276
2278
5270
2277
2279
2275
2278
5273
2279
2277
5276
2279
5279
2281
2283
2289
5282
2282
2284
2290
2285
2291
2284
2286
5285
2285
2287
2288
2287
2295
2370
5288
2288
2296
2371
2297
2372
2290
2292
5291
2291
2293
2294
2293
2295
5294
2294
2296
2297
2296
5297
2297
2299
2307
2310
5300
2300
2308
2311
2309
2312
2302
2310
2313
5303
2303
2311
2314
2312
2315
2305
2307
2313
5306
2306
2308
2314
2309
2315
2308
5309
2309
2311
5312
2312
2314
2388
5315
2315
2389
2390
2317
2325
2328
5318
2318
2326
2329
2327
2330
2320
2328
2331
5321
2321
2329
2332
2330
2333
2323
2325
2331
5324
2324
2326
2332
2327
2333
2326
5327
2327
2329
5330
2330
2332
2418
5333
2333
2419
2420
2335
2336
2338
5339
2337
2339
2337
2342
5336
2343
2339
2340
5342
2341
2341
2344
2434
5345
2345
2435
2343
2344
5348
2345
2345
5351
2347
2348
2350
5360
2349
2351
2349
2354
5363
2355
2351
2352
5357
2353
2353
2356
2442
5354
2357
2443
2355
2356
5369
2357
2357
5366
2359
2360
2368
2452
5372
2361
2369
2453
2361
2366
5375
2367
2363
2364
2368
5378
2365
2369
2365
2366
5381
2367
2367
5384
2369
5387
2371
2373
2379
5402
2372
2374
2380
2375
2381
2374
2376
5396
2375
2377
2378
2377
2385
5393
2378
2386
2387
2380
2382
5399
2381
2383
2384
2383
2385
5390
2384
2386
2387
2386
2472
5405
2387
2473
2474
2389
2391
2394
5423
2390
2392
2395
2393
2396
2392
2400
5411
2393
2401
2402
2395
2403
5420
2396
2404
2405
2398
2400
2403
2487
5408
2399
2401
2404
2488
2402
2405
2489
2401
5414
2402
2404
5417
2405
2407
2409
2412
5426
2408
2410
2413
2411
2414
2410
2418
5432
2411
2419
2420
2413
2421
2505
5429
2414
2422
2506
2423
2507
2416
2418
2421
5435
2417
2419
2422
2420
2423
2419
5438
2420
2422
5441
2423
2425
2426
2430
5444
2427
2431
2427
2428
2514
5447
2429
2515
2429
2432
5450
2433
2431
2434
5453
2435
2433
2434
5456
2435
2435
5459
2437
2438
2440
5465
2439
2441
2439
2442
5474
2443
2441
2444
5471
2445
2443
2446
5477
2447
2445
2446
5468
2447
2447
5462
2449
2450
2454
5489
2451
2455
2451
2458
5483
2459
2453
2456
2458
5480
2457
2459
2455
2456
5495
2457
2457
5492
2459
5486
2461
2463
2469
5504
2462
2464
2470
2465
2471
2464
2466
5501
2465
2467
2468
2467
2475
5498
2468
2476
2477
2470
2472
5513
2471
2473
2474
2473
2475
5507
2474
2476
2477
2476
5510
2477
2479
2481
2487
5516
2480
2482
2488
2483
2489
2482
2484
5519
2483
2485
2486
2485
2490
5522
2486
2491
2492
2488
2493
5525
2489
2494
2495
2491
2493
5528
2492
2494
2495
2494
5531
2495
2497
2499
2505
5537
2498
2500
2506
2501
2507
2500
2502
5534
2501
2503
2504
2503
2508
5540
2504
2509
2510
2506
2511
5543
2507
2512
2513
2509
2511
5546
2510
2512
2513
2512
5549
2513
2515
2520
2524
5555
2521
2525
2517
2518
2522
5552
2519
2523
2519
2520
5558
2521
2521
5567
2523
2524
5561
2525
2525
5564
2527
2529
2532
2592
2528
2530
2533
2593
2531
2534
2594
2530
2541
2610
2531
2542
2611
2543
2612
2533
2535
2562
2534
2536
2563
2537
2564
2536
2538
2553
2537
2539
2554
2540
2555
2539
2541
2634
2540
2542
2635
2543
2636
2542
2625
2543
2626
2627
2545
2550
2559
2763
2546
2551
2560
2764
2552
2561
2765
2548
2550
2556
2778
2549
2551
2557
2779
2552
2558
2780
2551
2661
2552
2662
2663
2554
2556
2559
2555
2557
2560
2558
2561
2557
2565
2558
2566
2567
2560
2643
2561
2644
2645
2563
2565
2574
2564
2566
2575
2567
2576
2566
2577
2567
2578
2579
2569
2571
2574
2796
2570
2572
2575
2797
2573
2576
2798
2572
2577
2685
2573
2578
2686
2579
2687
2575
2595
2576
2596
2597
2578
2784
2579
2785
2786
2581
2589
2592
2604
2582
2590
2593
2605
2591
2594
2606
2584
2586
2595
2799
2585
2587
2596
2800
2588
2597
2801
2587
2589
2688
2588
2590
2689
2591
2690
2590
2826
2591
2827
2828
2593
2595
2594
2596
2597
2596
2597
2599
2601
2604
2820
2600
2602
2605
2821
2603
2606
2822
2602
2607
2718
2603
2608
2719
2609
2720
2605
2610
2606
2611
2612
2608
2613
2844
2609
2614
2845
2615
2846
2611
2613
2612
2614
2615
2614
2631
2615
2632
2633
2617
2622
2631
2832
2618
2623
2632
2833
2624
2633
2834
2620
2622
2628
2850
2621
2623
2629
2851
2624
2630
2852
2623
2739
2624
2740
2741
2626
2628
2631
2627
2629
2632
2630
2633
2629
2637
2630
2638
2639
2632
2633
2635
2637
2643
2636
2638
2644
2639
2645
2638
2646
2639
2647
2648
2641
2646
2649
2742
2642
2647
2650
2743
2648
2651
2744
2644
2649
2645
2650
2651
2647
2856
2648
2857
2858
2650
2760
2651
2761
2762
2653
2655
2667
2982
2654
2656
2668
2983
2657
2669
2984
2656
2658
2868
2657
2659
2869
2660
2870
2659
2664
3108
2660
2665
3109
2666
3110
2662
2664
2667
2663
2665
2668
2666
2669
2665
2781
2666
2782
2783
2668
2772
2669
2773
2774
2671
2679
2682
2895
2672
2680
2683
2896
2681
2684
2897
2674
2682
2685
2787
2675
2683
2686
2788
2684
2687
2789
2677
2679
2685
2802
2678
2680
2686
2803
2681
2687
2804
2680
3129
2681
3130
3131
2683
3006
2684
3007
3008
2686
2687
2689
2691
2694
2690
2692
2695
2693
2696
2692
2700
2814
2693
2701
2815
2702
2816
2695
2703
2805
2696
2704
2806
2705
2807
2698
2700
2703
2916
2699
2701
2704
2917
2702
2705
2918
2701
3147
2702
3148
3149
2704
3015
2705
3016
3017
2707
2712
2721
3162
2708
2713
2722
3163
2714
2723
3164
2710
2715
2718
2829
2711
2716
2719
2830
2717
2720
2831
2713
2718
2841
2714
2719
2842
2720
2843
2716
2721
3036
2717
2722
3037
2723
3038
2719
2720
2722
2925
2723
2926
2927
2725
2730
2739
2862
2726
2731
2740
2863
2732
2741
2864
2728
2730
2736
2943
2729
2731
2737
2944
2732
2738
2945
2731
3177
2732
3178
3179
2734
2736
2739
2835
2735
2737
2740
2836
2738
2741
2837
2737
3060
2738
3061
3062
2740
2741
2743
2745
2748
2744
2746
2749
2747
2750
2746
2751
2766
2747
2752
2767
2753
2768
2749
2757
2853
2750
2758
2854
2759
2855
2752
2754
3090
2753
2755
3091
2756
3092
2755
2757
2970
2756
2758
2971
2759
2972
2758
3078
2759
3079
3080
2761
2763
2766
2762
2764
2767
2765
2768
2764
2772
2765
2773
2774
2767
2769
2768
2770
2771
2770
2775
3087
2771
2776
3088
2777
3089
2773
2775
2774
2776
2777
2776
2991
2777
2992
2993
2779
2781
2784
2780
2782
2785
2783
2786
2782
2793
2783
2794
2795
2785
2787
2786
2788
2789
2788
2790
2789
2791
2792
2791
2793
2994
2792
2794
2995
2795
2996
2794
3111
2795
3112
3113
2797
2799
2802
2798
2800
2803
2801
2804
2800
2805
2801
2806
2807
2803
2808
2804
2809
2810
2806
2811
2807
2812
2813
2809
2811
3132
2810
2812
3133
2813
3134
2812
3018
2813
3019
3020
2815
2817
2826
2816
2818
2827
2819
2828
2818
2823
3138
2819
2824
3139
2825
3140
2821
2826
2829
2822
2827
2830
2828
2831
2824
2829
3030
2825
2830
3031
2831
3032
2827
2828
2830
2831
2833
2835
2844
2834
2836
2845
2837
2846
2836
2838
2837
2839
2840
2839
2847
3048
2840
2848
3049
2849
3050
2842
2844
2847
2843
2845
2848
2846
2849
2845
2846
2848
3159
2849
3160
3161
2851
2856
2862
2852
2857
2863
2858
2864
2854
2856
2865
2855
2857
2866
2858
2867
2857
2858
2860
2862
2865
3174
2861
2863
2866
3175
2864
2867
3176
2863
2864
2866
3069
2867
3070
3071
2869
2877
2880
2870
2878
2881
2879
2882
2872
2874
2877
3540
2873
2875
2878
3541
2876
2879
3542
2875
2883
3198
2876
2884
3199
2885
3200
2878
3102
2879
3103
3104
2881
2883
2976
2882
2884
2977
2885
2978
2884
3306
2885
3307
3308
2887
2892
2895
2997
2888
2893
2896
2998
2894
2897
2999
2890
2892
2901
3219
2891
2893
2902
3220
2894
2903
3221
2893
3330
2894
3331
3332
2896
2898
2897
2899
2900
2899
2901
3123
2900
2902
3124
2903
3125
2902
3552
2903
3553
3554
2905
2907
2910
3570
2906
2908
2911
3571
2909
2912
3572
2908
2916
3153
2909
2917
3154
2918
3155
2911
2913
3231
2912
2914
3232
2915
3233
2914
2919
3345
2915
2920
3346
2921
3347
2917
2919
2918
2920
2921
2920
3012
2921
3013
3014
2923
2925
2934
3042
2924
2926
2935
3043
2927
2936
3044
2926
2931
2927
2932
2933
2929
2934
2937
3249
2930
2935
2938
3250
2936
2939
3251
2932
2937
3165
2933
2938
3166
2939
3167
2935
3369
2936
3370
3371
2938
3588
2939
3589
3590
2941
2943
2946
3051
2942
2944
2947
3052
2945
2948
3053
2944
2952
2945
2953
2954
2947
2949
3372
2948
2950
3373
2951
3374
2950
2955
3264
2951
2956
3265
2957
3266
2953
2955
3180
2954
2956
3181
2957
3182
2956
3606
2957
3607
3608
2959
2961
2967
3522
5568
2960
2962
2968
3523
2963
2969
3524
2962
2964
3291
5569
2963
2965
3292
2966
3293
2965
2973
3390
5570
2966
2974
3391
2975
3392
2968
2970
3096
5571
2969
2971
3097
2972
3098
2971
2973
2972
2974
2975
2974
3081
5572
2975
3082
3083
2977
2979
2982
2978
2980
2983
2981
2984
2980
2988
3312
5573
2981
2989
3313
2990
3314
2983
2991
2984
2992
2993
2986
2988
2991
3093
2987
2989
2992
3094
2990
2993
3095
2989
3423
5574
2990
3424
3425
2992
2993
2995
3006
3009
2996
3007
3010
3008
3011
2998
3000
3006
2999
3001
3007
3002
3008
3001
3003
3327
3002
3004
3328
3005
3329
3004
3009
3441
3005
3010
3442
3011
3443
3007
3008
3010
3117
3011
3118
3119
3013
3015
3021
3014
3016
3022
3017
3023
3016
3018
3017
3019
3020
3019
3024
3020
3025
3026
3022
3027
3342
3023
3028
3343
3029
3344
3025
3027
3135
3026
3028
3136
3029
3137
3028
3450
3029
3451
3452
3031
3033
3036
3032
3034
3037
3035
3038
3034
3039
3141
3035
3040
3142
3041
3143
3037
3042
3038
3043
3044
3040
3045
3468
3041
3046
3469
3047
3470
3043
3045
3044
3046
3047
3046
3363
3047
3364
3365
3049
3060
3063
3050
3061
3064
3062
3065
3052
3057
3060
3053
3058
3061
3059
3062
3055
3057
3063
3492
3056
3058
3064
3493
3059
3065
3494
3058
3375
3059
3376
3377
3061
3062
3064
3168
3065
3169
3170
3067
3069
3072
3183
3068
3070
3073
3184
3071
3074
3185
3070
3078
3071
3079
3080
3073
3075
3510
3074
3076
3511
3077
3512
3076
3081
3393
3077
3082
3394
3083
3395
3079
3081
3080
3082
3083
3082
3083
3085
3093
3099
3411
5575
3086
3094
3100
3412
3095
3101
3413
3088
3090
3093
3089
3091
3094
3092
3095
3091
3096
3092
3097
3098
3094
3095
3097
3099
5576
3098
3100
3101
3100
3528
5577
3101
3529
3530
3103
3105
3108
3104
3106
3109
3107
3110
3106
3114
3537
3107
3115
3538
3116
3539
3109
3111
3110
3112
3113
3112
3117
3113
3118
3119
3115
3117
3438
3116
3118
3439
3119
3440
3118
3119
3121
3123
3126
3558
3122
3124
3127
3559
3125
3128
3560
3124
3129
3125
3130
3131
3127
3135
3453
3128
3136
3454
3137
3455
3130
3132
3131
3133
3134
3133
3135
3134
3136
3137
3136
3137
3139
3141
3147
3140
3142
3148
3143
3149
3142
3144
3143
3145
3146
3145
3150
3462
3146
3151
3463
3152
3464
3148
3153
3149
3154
3155
3151
3153
3576
3152
3154
3577
3155
3578
3154
3155
3157
3168
3171
3486
3158
3169
3172
3487
3170
3173
3488
3160
3162
3168
3161
3163
3169
3164
3170
3163
3165
3164
3166
3167
3166
3171
3167
3172
3173
3169
3170
3172
3591
3173
3592
3593
3175
3177
3183
3176
3178
3184
3179
3185
3178
3180
3179
3181
3182
3181
3186
3182
3187
3188
3184
3189
3185
3190
3191
3187
3189
3609
3188
3190
3610
3191
3611
3190
3498
3191
3499
3500
3193
3195
3207
3639
5578
3194
3196
3208
3640
3197
3209
3641
3196
3201
4089
5579
3197
3202
4090
3203
4091
3199
3201
3204
3200
3202
3205
3203
3206
3202
3549
3203
3550
3551
3205
3207
3309
5580
3206
3208
3310
3209
3311
3208
3744
5581
3209
3745
3746
3211
3213
3216
3759
3212
3214
3217
3760
3215
3218
3761
3214
3219
3333
3215
3220
3334
3221
3335
3217
3222
3645
3218
3223
3646
3224
3647
3220
3225
3221
3226
3227
3223
3225
4098
3224
3226
4099
3227
4100
3226
3555
3227
3556
3557
3229
3234
3237
3768
3230
3235
3238
3769
3236
3239
3770
3232
3234
3243
3233
3235
3244
3236
3245
3235
3351
3236
3352
3353
3238
3240
3672
3239
3241
3673
3242
3674
3241
3243
4113
3242
3244
4114
3245
4115
3244
3573
3245
3574
3575
3247
3252
3258
4140
3248
3253
3259
4141
3254
3260
4142
3250
3255
3258
3251
3256
3259
3257
3260
3253
3261
3678
3254
3262
3679
3263
3680
3256
3261
3357
3257
3262
3358
3263
3359
3259
3594
3260
3595
3596
3262
3801
3263
3802
3803
3265
3270
3273
3266
3271
3274
3272
3275
3268
3270
3279
3810
3269
3271
3280
3811
3272
3281
3812
3271
3378
3272
3379
3380
3274
3276
3612
3275
3277
3613
3278
3614
3277
3279
4161
3278
3280
4162
3281
4163
3280
3705
3281
3706
3707
3283
3288
3294
3717
5582
3284
3289
3295
3718
3290
3296
3719
3286
3291
3294
3519
5584
3287
3292
3295
3520
3293
3296
3521
3289
3297
3828
5585
3290
3298
3829
3299
3830
3292
3297
5587
3293
3298
3299
3295
4068
5583
3296
4069
4070
3298
3399
5586
3299
3400
3401
3301
3303
3312
3414
5592
3302
3304
3313
3415
3305
3314
3416
3304
3315
3852
5593
3305
3316
3853
3317
3854
3307
3309
3312
5588
3308
3310
3313
3311
3314
3310
3315
5589
3311
3316
3317
3313
5590
3314
3316
3747
5591
3317
3748
3749
3319
3324
3327
3432
3320
3325
3328
3433
3326
3329
3434
3322
3324
3333
3762
3323
3325
3334
3763
3326
3335
3764
3325
3861
3326
3862
3863
3328
3330
3329
3331
3332
3331
3333
3332
3334
3335
3334
3335
3337
3342
3348
3444
3338
3343
3349
3445
3344
3350
3446
3340
3348
3351
3783
3341
3349
3352
3784
3350
3353
3785
3343
3345
3344
3346
3347
3346
3351
3347
3352
3353
3349
3888
3350
3889
3890
3352
3353
3355
3363
3366
3477
3356
3364
3367
3478
3365
3368
3479
3358
3360
3369
3359
3361
3370
3362
3371
3361
3366
3795
3362
3367
3796
3368
3797
3364
3369
3365
3370
3371
3367
3903
3368
3904
3905
3370
3371
3373
3375
3378
3374
3376
3379
3377
3380
3376
3381
3377
3382
3383
3379
3384
3380
3385
3386
3382
3387
3483
3383
3388
3484
3389
3485
3385
3387
3804
3386
3388
3805
3389
3806
3388
3912
3389
3913
3914
3391
3393
3399
5594
3392
3394
3400
3395
3401
3394
3402
5595
3395
3403
3404
3397
3399
3405
3822
5596
3398
3400
3406
3823
3401
3407
3824
3400
5597
3401
3403
3405
3513
5598
3404
3406
3514
3407
3515
3406
3939
5599
3407
3940
3941
3409
3414
3420
3846
5601
3410
3415
3421
3847
3416
3422
3848
3412
3417
3423
5600
3413
3418
3424
3419
3425
3415
3423
5603
3416
3424
3425
3418
3420
3531
5604
3419
3421
3532
3422
3533
3421
3963
5605
3422
3964
3965
3424
5602
3425
3427
3429
3435
3981
3428
3430
3436
3982
3431
3437
3983
3430
3432
3864
3431
3433
3865
3434
3866
3433
3441
3434
3442
3443
3436
3438
3543
3437
3439
3544
3440
3545
3439
3441
3440
3442
3443
3442
3443
3445
3447
3450
3446
3448
3451
3449
3452
3448
3456
3882
3449
3457
3883
3458
3884
3451
3453
3452
3454
3455
3454
3459
3455
3460
3461
3457
3459
3999
3458
3460
4000
3461
4001
3460
3561
3461
3562
3563
3463
3465
3468
3464
3466
3469
3467
3470
3466
3474
3579
3467
3475
3580
3476
3581
3469
3477
3470
3478
3479
3472
3474
3477
3906
3473
3475
3478
3907
3476
3479
3908
3475
4008
3476
4009
4010
3478
3479
3481
3483
3489
3915
3482
3484
3490
3916
3485
3491
3917
3484
3492
3485
3493
3494
3487
3492
3495
3488
3493
3496
3494
3497
3490
3495
4032
3491
3496
4033
3497
4034
3493
3494
3496
3600
3497
3601
3602
3499
3504
3510
3500
3505
3511
3506
3512
3502
3507
3513
3933
5606
3503
3508
3514
3934
3509
3515
3935
3505
3507
3615
3506
3508
3616
3509
3617
3508
4041
3509
4042
4043
3511
3513
3512
3514
3515
3514
5607
3515
3517
3519
3525
4059
5608
3518
3520
3526
4060
3521
3527
4061
3520
3522
5609
3521
3523
3524
3523
3528
5610
3524
3529
3530
3526
3531
3951
5611
3527
3532
3952
3533
3953
3529
3531
5612
3530
3532
3533
3532
5613
3533
3535
3543
3546
3978
3536
3544
3547
3979
3545
3548
3980
3538
3540
3543
3539
3541
3544
3542
3545
3541
3549
3542
3550
3551
3544
3545
3547
3549
4083
3548
3550
4084
3551
4085
3550
3551
3553
3555
3558
3554
3556
3559
3557
3560
3556
3564
3557
3565
3566
3559
3561
3560
3562
3563
3562
3567
3563
3568
3569
3565
3567
4104
3566
3568
4105
3569
4106
3568
3993
3569
3994
3995
3571
3573
3576
3572
3574
3577
3575
3578
3574
3582
3575
3583
3584
3577
3579
3578
3580
3581
3580
3585
3581
3586
3587
3583
3585
4125
3584
3586
4126
3587
4127
3586
4011
3587
4012
4013
3589
3591
3594
3590
3592
3595
3593
3596
3592
3600
3593
3601
3602
3595
3597
3596
3598
3599
3598
3603
4128
3599
3604
4129
3605
4130
3601
3603
3602
3604
3605
3604
4026
3605
4027
4028
3607
3609
3612
3608
3610
3613
3611
3614
3610
3615
3611
3616
3617
3613
3618
3614
3619
3620
3616
3621
3617
3622
3623
3619
3621
4152
3620
3622
4153
3623
4154
3622
4053
3623
4054
4055
3625
3627
3630
4731
5617
3626
3628
3631
4732
3629
3632
4733
3628
3636
4179
5614
3629
3637
4180
3638
4181
3631
3639
4074
5615
3632
3640
4075
3641
4076
3634
3636
3639
3735
5616
3635
3637
3640
3736
3638
3641
3737
3637
4278
5618
3638
4279
4280
3640
5619
3641
3643
3648
3654
4197
3644
3649
3655
4198
3650
3656
4199
3646
3651
3657
3647
3652
3658
3653
3659
3649
3651
4293
3650
3652
4294
3653
4295
3652
3753
3653
3754
3755
3655
3657
4746
3656
3658
4747
3659
4748
3658
4092
3659
4093
4094
3661
3663
3669
4320
3662
3664
3670
4321
3665
3671
4322
3664
3672
3774
3665
3673
3775
3674
3776
3667
3669
3675
4773
3668
3670
3676
4774
3671
3677
4775
3670
4215
3671
4216
4217
3673
3675
3674
3676
3677
3676
4122
3677
4123
4124
3679
3681
3684
3680
3682
3685
3683
3686
3682
3690
4134
3683
3691
4135
3692
4136
3685
3687
3789
3686
3688
3790
3689
3791
3688
3693
4329
3689
3694
4330
3695
4331
3691
3693
4782
3692
3694
4783
3695
4784
3694
4218
3695
4219
4220
3697
3699
3702
4353
3698
3700
3703
4354
3701
3704
4355
3700
3705
3816
3701
3706
3817
3707
3818
3703
3708
4251
3704
3709
4252
3710
4253
3706
3711
3707
3712
3713
3709
3711
4806
3710
3712
4807
3713
4808
3712
4158
3713
4159
4160
3715
3717
3720
3834
5621
3716
3718
3721
3835
3719
3722
3836
3718
3723
5622
3719
3724
3725
3721
3729
4374
5620
3722
3730
4375
3731
4376
3724
3726
4071
5625
3725
3727
4072
3728
4073
3727
3729
4710
5623
3728
3730
4711
3731
4712
3730
4266
5624
3731
4267
4268
3733
3735
3741
4275
5627
3734
3736
3742
4276
3737
3743
4277
3736
3744
5626
3737
3745
3746
3739
3741
3747
3855
5628
3740
3742
3748
3856
3743
3749
3857
3742
4392
5629
3743
4393
4394
3745
3747
5630
3746
3748
3749
3748
5631
3749
3751
3753
3756
4290
3752
3754
3757
4291
3755
3758
4292
3754
3759
3755
3760
3761
3757
3765
4401
3758
3766
4402
3767
4403
3760
3762
3761
3763
3764
3763
3765
3764
3766
3767
3766
3858
3767
3859
3860
3769
3774
3783
3770
3775
3784
3776
3785
3772
3777
3780
4431
3773
3778
3781
4432
3779
3782
4433
3775
3777
3776
3778
3779
3778
4323
3779
4324
4325
3781
3783
3891
3782
3784
3892
3785
3893
3784
3785
3787
3789
3792
4335
3788
3790
3793
4336
3791
3794
4337
3790
3801
3791
3802
3803
3793
3798
4443
3794
3799
4444
3800
4445
3796
3798
3801
3797
3799
3802
3800
3803
3799
3897
3800
3898
3899
3802
3803
3805
3810
3819
3806
3811
3820
3812
3821
3808
3813
3819
4461
3809
3814
3820
4462
3815
3821
4463
3811
3816
3812
3817
3818
3814
3816
4344
3815
3817
4345
3818
4346
3817
3818
3820
3921
3821
3922
3923
3823
3825
3828
5636
3824
3826
3829
3827
3830
3826
3831
3942
5637
3827
3832
3943
3833
3944
3829
3834
5635
3830
3835
3836
3832
3837
4470
5632
3833
3838
4471
3839
4472
3835
3837
5633
3836
3838
3839
3838
4377
5634
3839
4378
4379
3841
3843
3849
4497
5639
3842
3844
3850
4498
3845
3851
4499
3844
3855
4389
5640
3845
3856
4390
3857
4391
3847
3849
3852
5641
3848
3850
3853
3851
3854
3850
3954
5638
3851
3955
3956
3853
3855
5643
3854
3856
3857
3856
5642
3857
3859
3861
3873
3860
3862
3874
3863
3875
3862
3864
3863
3865
3866
3865
3867
3866
3868
3869
3868
3870
3975
3869
3871
3976
3872
3977
3871
3873
4521
3872
3874
4522
3875
4523
3874
4410
3875
4411
4412
3877
3879
3882
3996
3878
3880
3883
3997
3881
3884
3998
3880
3885
4527
3881
3886
4528
3887
4529
3883
3888
3884
3889
3890
3886
3891
4428
3887
3892
4429
3893
4430
3889
3891
3890
3892
3893
3892
3893
3895
3897
3900
4446
3896
3898
3901
4447
3899
3902
4448
3898
3903
3899
3904
3905
3901
3909
4554
3902
3910
4555
3911
4556
3904
3906
3905
3907
3908
3907
3909
3908
3910
3911
3910
4002
3911
4003
4004
3913
3915
3921
3914
3916
3922
3917
3923
3916
3918
3917
3919
3920
3919
3927
4035
3920
3928
4036
3929
4037
3922
3924
3923
3925
3926
3925
3927
4452
3926
3928
4453
3929
4454
3928
4569
3929
4570
4571
3931
3933
3936
4038
5646
3932
3934
3937
4039
3935
3938
4040
3934
3939
5645
3935
3940
3941
3937
3945
4593
5648
3938
3946
4594
3947
4595
3940
3942
5644
3941
3943
3944
3943
3945
5647
3944
3946
3947
3946
4473
5649
3947
4474
4475
3949
3954
3960
4500
5650
3950
3955
3961
4501
3956
3962
4502
3952
3957
3963
5651
3953
3958
3964
3959
3965
3955
3963
5652
3956
3964
3965
3958
3960
4062
5653
3959
3961
4063
3962
4064
3961
4605
5654
3962
4606
4607
3964
5655
3965
3967
3972
3978
4086
3968
3973
3979
4087
3974
3980
4088
3970
3972
3975
4512
3971
3973
3976
4513
3974
3977
4514
3973
4614
3974
4615
4616
3976
3981
3977
3982
3983
3979
3981
3980
3982
3983
3982
3983
3985
3987
3990
4644
3986
3988
3991
4645
3989
3992
4646
3988
3996
4524
3989
3997
4525
3998
4526
3991
3993
4107
3992
3994
4108
3995
4109
3994
3999
3995
4000
4001
3997
3999
3998
4000
4001
4000
4001
4003
4005
4008
4004
4006
4009
4007
4010
4006
4014
4557
4007
4015
4558
4016
4559
4009
4011
4010
4012
4013
4012
4017
4013
4018
4019
4015
4017
4650
4016
4018
4651
4019
4652
4018
4116
4019
4117
4118
4021
4023
4026
4131
4022
4024
4027
4132
4025
4028
4133
4024
4029
4668
4025
4030
4669
4031
4670
4027
4032
4028
4033
4034
4030
4035
4563
4031
4036
4564
4037
4565
4033
4035
4034
4036
4037
4036
4037
4039
4041
4044
5656
4040
4042
4045
4043
4046
4042
4053
5657
4043
4054
4055
4045
4047
4590
5658
4046
4048
4591
4049
4592
4048
4050
4686
5659
4049
4051
4687
4052
4688
4051
4053
4149
4052
4054
4150
4055
4151
4054
4055
4057
4065
4071
4716
5660
4058
4066
4072
4717
4067
4073
4718
4060
4062
4068
5662
4061
4063
4069
4064
4070
4063
4065
5665
4064
4066
4067
4066
4599
5661
4067
4600
4601
4069
4071
5664
4070
4072
4073
4072
5663
4073
4075
4080
4089
5666
4076
4081
4090
4082
4091
4078
4080
4086
4617
4079
4081
4087
4618
4082
4088
4619
4081
4725
5667
4082
4726
4727
4084
4086
4089
4085
4087
4090
4088
4091
4087
4088
4090
5668
4091
4093
4095
4098
4094
4096
4099
4097
4100
4096
4101
4740
4097
4102
4741
4103
4742
4099
4104
4100
4105
4106
4102
4107
4647
4103
4108
4648
4109
4649
4105
4107
4106
4108
4109
4108
4109
4111
4119
4122
4767
4112
4120
4123
4768
4121
4124
4769
4114
4122
4125
4115
4123
4126
4124
4127
4117
4119
4125
4118
4120
4126
4121
4127
4120
4662
4121
4663
4664
4123
4124
4126
4127
4129
4131
4140
4130
4132
4141
4133
4142
4132
4143
4133
4144
4145
4135
4137
4140
4136
4138
4141
4139
4142
4138
4143
4779
4139
4144
4780
4145
4781
4141
4142
4144
4674
4145
4675
4676
4147
4149
4155
4692
4148
4150
4156
4693
4151
4157
4694
4150
4152
4151
4153
4154
4153
4161
4154
4162
4163
4156
4158
4797
4157
4159
4798
4160
4799
4159
4161
4160
4162
4163
4162
4163
4165
4167
4170
5493
5669
4166
4168
4171
5494
4169
4172
5495
4168
4176
4824
5670
4169
4177
4825
4178
4826
4171
4179
4722
5671
4172
4180
4723
4181
4724
4174
4176
4179
4284
5672
4175
4177
4180
4285
4178
4181
4286
4177
4935
5673
4178
4936
4937
4180
5674
4181
4183
4185
4197
4296
4184
4186
4198
4297
4187
4199
4298
4186
4194
4947
4187
4195
4948
4196
4949
4189
4191
4194
5496
4190
4192
4195
5497
4193
4196
5498
4192
4197
4743
4193
4198
4744
4199
4745
4195
4842
4196
4843
4844
4198
4199
4201
4206
4212
4965
4202
4207
4213
4966
4208
4214
4967
4204
4206
4209
5517
4205
4207
4210
5518
4208
4211
5519
4207
4857
4208
4858
4859
4210
4215
4764
4211
4216
4765
4217
4766
4213
4215
4314
4214
4216
4315
4217
4316
4216
4217
4219
4227
4230
4220
4228
4231
4229
4232
4222
4224
4233
4881
4223
4225
4234
4882
4226
4235
4883
4225
4230
5532
4226
4231
5533
4232
5534
4228
4233
4326
4229
4234
4327
4235
4328
4231
4788
4232
4789
4790
4234
4983
4235
4984
4985
4237
4239
4245
5559
4238
4240
4246
5560
4241
4247
5561
4240
4242
4896
4241
4243
4897
4244
4898
4243
4248
4998
4244
4249
4999
4250
5000
4246
4251
4803
4247
4252
4804
4253
4805
4249
4251
4359
4250
4252
4360
4253
4361
4252
4253
4255
4257
4263
5019
5675
4256
4258
4264
5020
4259
4265
5021
4258
4260
4905
5676
4259
4261
4906
4262
4907
4261
4269
5466
5677
4262
4270
5467
4271
5468
4264
4266
4368
5678
4265
4267
4369
4268
4370
4267
4269
5679
4268
4270
4271
4270
4713
5680
4271
4714
4715
4273
4275
4281
4383
5683
4274
4276
4282
4384
4277
4283
4385
4276
4278
5681
4277
4279
4280
4279
4284
5682
4280
4285
4286
4282
4287
5037
5685
4283
4288
5038
4289
5039
4285
4287
5684
4286
4288
4289
4288
4923
5686
4289
4924
4925
4291
4293
4299
4292
4294
4300
4295
4301
4294
4296
4295
4297
4298
4297
4302
4298
4303
4304
4300
4305
4407
4301
4306
4408
4307
4409
4303
4305
4941
4304
4306
4942
4307
4943
4306
5061
4307
5062
5063
4309
4311
4317
5073
4310
4312
4318
5074
4313
4319
5075
4312
4314
4956
4313
4315
4957
4316
4958
4315
4320
4316
4321
4322
4318
4323
4422
4319
4324
4423
4325
4424
4321
4323
4322
4324
4325
4324
4325
4327
4329
4332
4328
4330
4333
4331
4334
4330
4335
4331
4336
4337
4333
4338
4980
4334
4339
4981
4340
4982
4336
4341
4337
4342
4343
4339
4341
5091
4340
4342
5092
4343
5093
4342
4434
4343
4435
4436
4345
4347
4353
4346
4348
4354
4349
4355
4348
4350
4458
4349
4351
4459
4352
4460
4351
4356
5112
4352
4357
5113
4358
5114
4354
4359
4355
4360
4361
4357
4359
4995
4358
4360
4996
4361
4997
4360
4361
4363
4365
4371
5127
5689
4364
4366
4372
5128
4367
4373
5129
4366
4368
5025
5688
4367
4369
5026
4370
5027
4369
4374
5687
4370
4375
4376
4372
4377
4476
5691
4373
4378
4477
4379
4478
4375
4377
5690
4376
4378
4379
4378
5692
4379
4381
4383
4386
5031
5697
4382
4384
4387
5032
4385
4388
5033
4384
4392
5695
4385
4393
4394
4387
4395
5151
5696
4388
4396
5152
4397
5153
4390
4392
4395
5694
4391
4393
4396
4394
4397
4393
5693
4394
4396
4503
5698
4397
4504
4505
4399
4404
4410
4515
4400
4405
4411
4516
4406
4412
4517
4402
4407
4410
4403
4408
4411
4409
4412
4405
4413
5169
4406
4414
5170
4415
5171
4408
4413
4409
4414
4415
4411
4412
4414
5058
4415
5059
5060
4417
4419
4422
5076
4418
4420
4423
5077
4421
4424
5078
4420
4425
5181
4421
4426
5182
4427
5183
4423
4431
4424
4432
4433
4426
4428
4530
4427
4429
4531
4430
4532
4429
4431
4430
4432
4433
4432
4433
4435
4437
4443
4436
4438
4444
4439
4445
4438
4440
5094
4439
4441
5095
4442
5096
4441
4449
5193
4442
4450
5194
4451
5195
4444
4446
4445
4447
4448
4447
4449
4448
4450
4451
4450
4545
4451
4546
4547
4453
4455
4461
4454
4456
4462
4457
4463
4456
4467
4566
4457
4468
4567
4469
4568
4459
4461
4464
4460
4462
4465
4463
4466
4462
4463
4465
4467
5115
4466
4468
5116
4469
5117
4468
5211
4469
5212
5213
4471
4473
4476
5700
4472
4474
4477
4475
4478
4474
4479
5699
4475
4480
4481
4477
4482
5702
4478
4483
4484
4480
4485
4587
5701
4481
4486
4588
4487
4589
4483
4485
5133
5703
4484
4486
5134
4487
5135
4486
5238
5704
4487
5239
5240
4489
4494
4500
4611
5705
4490
4495
4501
4612
4496
4502
4613
4492
4494
4503
5142
5706
4493
4495
4504
5143
4496
4505
5144
4495
5253
5707
4496
5254
5255
4498
4500
4503
5708
4499
4501
4504
4502
4505
4501
5709
4502
4504
5710
4505
4507
4509
4518
5268
4508
4510
4519
5269
4511
4520
5270
4510
4512
4623
4511
4513
4624
4514
4625
4513
4521
4514
4522
4523
4516
4518
4521
4517
4519
4522
4520
4523
4519
5154
4520
5155
5156
4522
4523
4525
4527
4533
4526
4528
4534
4529
4535
4528
4530
4529
4531
4532
4531
4536
4532
4537
4538
4534
4539
4638
4535
4540
4639
4541
4640
4537
4539
5187
4538
4540
5188
4541
5189
4540
5280
4541
5281
5282
4543
4545
4548
5196
4544
4546
4549
5197
4547
4550
5198
4546
4554
4547
4555
4556
4549
4551
5307
4550
4552
5308
4553
5309
4552
4557
4653
4553
4558
4654
4559
4655
4555
4557
4556
4558
4559
4558
4559
4561
4572
4575
5325
4562
4573
4576
5326
4574
4577
5327
4564
4569
4572
4565
4570
4573
4571
4574
4567
4569
4575
4568
4570
4576
4571
4577
4570
4571
4573
4671
4574
4672
4673
4576
5214
4577
5215
5216
4579
4581
4584
5337
5716
4580
4582
4585
5338
4583
4586
5339
4582
4587
5229
5715
4583
4588
5230
4589
5231
4585
4590
4689
5713
4586
4591
4690
4592
4691
4588
4593
5714
4589
4594
4595
4591
4593
5711
4592
4594
4595
4594
5712
4595
4597
4599
4602
4719
5717
4598
4600
4603
4720
4601
4604
4721
4600
4605
5718
4601
4606
4607
4603
4608
5367
5719
4604
4609
5368
4610
5369
4606
4611
5720
4607
4612
4613
4609
4611
5244
5721
4610
4612
5245
4613
5246
4612
5722
4613
4615
4617
4623
4616
4618
4624
4619
4625
4618
4629
4619
4630
4631
4621
4623
4626
5274
4622
4624
4627
5275
4625
4628
5276
4624
4625
4627
4629
5376
4628
4630
5377
4631
5378
4630
4728
5723
4631
4729
4730
4633
4635
4641
5397
4634
4636
4642
5398
4637
4643
5399
4636
4638
5283
4637
4639
5284
4640
5285
4639
4644
4640
4645
4646
4642
4647
4749
4643
4648
4750
4649
4751
4645
4647
4646
4648
4649
4648
4649
4651
4653
4662
4652
4654
4663
4655
4664
4654
4656
4655
4657
4658
4657
4665
5304
4658
4666
5305
4667
5306
4660
4662
4665
4758
4661
4663
4666
4759
4664
4667
4760
4663
4664
4666
5418
4667
5419
5420
4669
4671
4674
4670
4672
4675
4673
4676
4672
4677
4673
4678
4679
4675
4680
4676
4681
4682
4678
4683
5322
4679
4684
5323
4685
5324
4681
4683
4776
4682
4684
4777
4685
4778
4684
5433
4685
5434
5435
4687
4689
4692
5728
4688
4690
4693
4691
4694
4690
4695
5729
4691
4696
4697
4693
4701
5727
4694
4702
4703
4696
4698
5340
5725
4697
4699
5341
4700
5342
4699
4701
5451
5724
4700
4702
5452
4703
5453
4702
4794
5726
4703
4795
4796
4705
4707
4713
5460
5732
4706
4708
4714
5461
4709
4715
5462
4708
4719
5364
5734
4709
4720
5365
4721
5366
4711
4713
4716
5733
4712
4714
4717
4715
4718
4714
5735
4715
4717
4719
5731
4718
4720
4721
4720
5730
4721
4723
4731
4734
5736
4724
4732
4735
4733
4736
4726
4728
4731
5737
4727
4729
4732
4730
4733
4729
4737
5738
4730
4738
4739
4732
5739
4733
4735
4737
5490
5740
4736
4738
5491
4739
5492
4738
5385
5741
4739
5386
5387
4741
4746
4749
4742
4747
4750
4748
4751
4744
4746
4752
4745
4747
4753
4748
4754
4747
4748
4750
4755
4751
4756
4757
4753
4755
5508
4754
4756
5509
4757
5510
4756
5388
4757
5389
5390
4759
4761
4767
4760
4762
4768
4763
4769
4762
4770
5415
4763
4771
5416
4772
5417
4765
4770
4773
4766
4771
4774
4772
4775
4768
4773
4769
4774
4775
4771
5514
4772
5515
5516
4774
4775
4777
4779
4785
4778
4780
4786
4781
4787
4780
4782
4781
4783
4784
4783
4788
4784
4789
4790
4786
4791
5439
4787
4792
5440
4793
5441
4789
4791
4790
4792
4793
4792
5535
4793
5536
5537
4795
4797
4800
4796
4798
4801
4799
4802
4798
4806
4799
4807
4808
4801
4809
5442
4802
4810
5443
4811
5444
4804
4806
4809
4805
4807
4810
4808
4811
4807
4808
4810
5562
4811
5563
5564
4813
4821
4824
5487
5742
4814
4822
4825
5488
4823
4826
5489
4816
4824
4827
4926
5743
4817
4825
4828
4927
4826
4829
4928
4819
4821
4827
5744
4820
4822
4828
4823
4829
4822
5745
4823
4825
5746
4826
4828
5747
4829
4831
4839
4842
4953
4832
4840
4843
4954
4841
4844
4955
4834
4839
4845
4835
4840
4846
4841
4847
4837
4842
4845
5499
4838
4843
4846
5500
4844
4847
5501
4840
4841
4843
4844
4846
4847
4849
4851
4854
4850
4852
4855
4853
4856
4852
4857
5520
4853
4858
5521
4859
5522
4855
4863
4856
4864
4865
4858
4860
4859
4861
4862
4861
4863
4968
4862
4864
4969
4865
4970
4864
4865
4867
4869
4872
4868
4870
4873
4871
4874
4870
4875
4871
4876
4877
4873
4878
4874
4879
4880
4876
4881
4977
4877
4882
4978
4883
4979
4879
4881
5538
4880
4882
5539
4883
5540
4882
4883
4885
4893
4899
4886
4894
4900
4895
4901
4888
4896
4899
5550
4889
4897
4900
5551
4898
4901
5552
4891
4893
4896
5004
4892
4894
4897
5005
4895
4898
5006
4894
4895
4897
4898
4900
4901
4903
4905
4911
5010
5748
4904
4906
4912
5011
4907
4913
5012
4906
4914
5749
4907
4915
4916
4909
4914
4917
5750
4910
4915
4918
4916
4919
4912
4917
5751
4913
4918
4919
4915
5469
5752
4916
5470
5471
4918
5753
4919
4921
4923
4932
5034
5757
4922
4924
4933
5035
4925
4934
5036
4924
4935
5759
4925
4936
4937
4927
4929
4935
5754
4928
4930
4936
4931
4937
4930
4932
5755
4931
4933
4934
4933
5758
4934
4936
5756
4937
4939
4944
4950
4940
4945
4951
4946
4952
4942
4944
4947
4943
4945
4948
4946
4949
4945
5055
4946
5056
5057
4948
4953
4949
4954
4955
4951
4953
4952
4954
4955
4954
4955
4957
4959
4965
4958
4960
4966
4961
4967
4960
4962
5067
4961
4963
5068
4964
5069
4963
4971
4964
4972
4973
4966
4968
4967
4969
4970
4969
4971
4970
4972
4973
4972
4973
4975
4977
4989
4976
4978
4990
4979
4991
4978
4983
4979
4984
4985
4981
4983
4986
4982
4984
4987
4985
4988
4984
4985
4987
4989
5085
4988
4990
5086
4991
5087
4990
4991
4993
4995
5001
5106
4994
4996
5002
5107
4997
5003
5108
4996
4998
4997
4999
5000
4999
5004
5000
5005
5006
5002
5007
5003
5008
5009
5005
5007
5006
5008
5009
5008
5009
5011
5013
5019
5760
5012
5014
5020
5015
5021
5014
5016
5762
5015
5017
5018
5017
5022
5763
5018
5023
5024
5020
5025
5761
5021
5026
5027
5023
5025
5118
5765
5024
5026
5119
5027
5120
5026
5764
5027
5029
5031
5043
5145
5766
5030
5032
5044
5146
5033
5045
5147
5032
5037
5767
5033
5038
5039
5035
5037
5040
5768
5036
5038
5041
5039
5042
5038
5769
5039
5041
5043
5770
5042
5044
5045
5044
5771
5045
5047
5049
5052
5048
5050
5053
5051
5054
5050
5058
5166
5051
5059
5167
5060
5168
5053
5055
5054
5056
5057
5056
5061
5057
5062
5063
5059
5061
5060
5062
5063
5062
5063
5065
5076
5079
5172
5066
5077
5080
5173
5078
5081
5174
5068
5070
5073
5069
5071
5074
5072
5075
5071
5079
5072
5080
5081
5074
5076
5075
5077
5078
5077
5078
5080
5081
5083
5085
5088
5084
5086
5089
5087
5090
5086
5091
5087
5092
5093
5089
5097
5090
5098
5099
5092
5094
5093
5095
5096
5095
5097
5096
5098
5099
5098
5190
5099
5191
5192
5101
5103
5106
5102
5104
5107
5105
5108
5104
5109
5105
5110
5111
5107
5112
5108
5113
5114
5110
5115
5208
5111
5116
5209
5117
5210
5113
5115
5114
5116
5117
5116
5117
5119
5124
5127
5772
5120
5125
5128
5126
5129
5122
5130
5133
5241
5773
5123
5131
5134
5242
5132
5135
5243
5125
5130
5774
5126
5131
5132
5128
5133
5775
5129
5134
5135
5131
5776
5132
5134
5777
5135
5137
5139
5148
5778
5138
5140
5149
5141
5150
5140
5142
5250
5779
5141
5143
5251
5144
5252
5143
5151
5780
5144
5152
5153
5146
5148
5151
5781
5147
5149
5152
5150
5153
5149
5782
5150
5152
5783
5153
5155
5157
5169
5156
5158
5170
5159
5171
5158
5160
5277
5159
5161
5278
5162
5279
5161
5163
5162
5164
5165
5164
5166
5165
5167
5168
5167
5169
5168
5170
5171
5170
5171
5173
5175
5181
5174
5176
5182
5177
5183
5176
5184
5177
5185
5186
5179
5184
5187
5289
5180
5185
5188
5290
5186
5189
5291
5182
5187
5183
5188
5189
5185
5186
5188
5189
5191
5193
5199
5192
5194
5200
5195
5201
5194
5196
5195
5197
5198
5197
5205
5198
5206
5207
5200
5202
5201
5203
5204
5203
5205
5204
5206
5207
5206
5298
5207
5299
5300
5209
5211
5217
5210
5212
5218
5213
5219
5212
5214
5213
5215
5216
5215
5220
5216
5221
5222
5218
5223
5219
5224
5225
5221
5223
5316
5222
5224
5317
5225
5318
5224
5225
5227
5229
5232
5334
5786
5228
5230
5233
5335
5231
5234
5336
5230
5238
5789
5231
5239
5240
5233
5235
5788
5234
5236
5237
5236
5241
5785
5237
5242
5243
5239
5241
5787
5240
5242
5243
5242
5784
5243
5245
5247
5253
5791
5246
5248
5254
5249
5255
5248
5256
5361
5795
5249
5257
5362
5258
5363
5251
5253
5259
5790
5252
5254
5260
5255
5261
5254
5792
5255
5257
5259
5794
5258
5260
5261
5260
5793
5261
5263
5265
5271
5264
5266
5272
5267
5273
5266
5274
5379
5267
5275
5380
5276
5381
5269
5274
5277
5270
5275
5278
5276
5279
5272
5277
5273
5278
5279
5275
5276
5278
5279
5281
5283
5289
5282
5284
5290
5285
5291
5284
5286
5285
5287
5288
5287
5295
5400
5288
5296
5401
5297
5402
5290
5292
5291
5293
5294
5293
5295
5294
5296
5297
5296
5297
5299
5307
5310
5300
5308
5311
5309
5312
5302
5310
5313
5303
5311
5314
5312
5315
5305
5307
5313
5306
5308
5314
5309
5315
5308
5309
5311
5312
5314
5421
5315
5422
5423
5317
5325
5328
5318
5326
5329
5327
5330
5320
5328
5331
5321
5329
5332
5330
5333
5323
5325
5331
5324
5326
5332
5327
5333
5326
5327
5329
5330
5332
5436
5333
5437
5438
5335
5337
5346
5797
5336
5338
5347
5339
5348
5338
5340
5796
5339
5341
5342
5341
5343
5798
5342
5344
5345
5344
5349
5457
5799
5345
5350
5458
5351
5459
5347
5349
5800
5348
5350
5351
5350
5801
5351
5353
5355
5364
5475
5805
5354
5356
5365
5476
5357
5366
5477
5356
5358
5806
5357
5359
5360
5359
5361
5803
5360
5362
5363
5362
5367
5802
5363
5368
5369
5365
5367
5807
5366
5368
5369
5368
5804
5369
5371
5373
5385
5478
5808
5372
5374
5386
5479
5375
5387
5480
5374
5382
5810
5375
5383
5384
5377
5379
5385
5813
5378
5380
5386
5381
5387
5380
5382
5811
5381
5383
5384
5383
5809
5384
5386
5812
5387
5389
5397
5403
5390
5398
5404
5399
5405
5392
5394
5403
5393
5395
5404
5396
5405
5395
5400
5396
5401
5402
5398
5400
5399
5401
5402
5401
5402
5404
5505
5405
5506
5507
5407
5412
5415
5523
5408
5413
5416
5524
5414
5417
5525
5410
5412
5421
5411
5413
5422
5414
5423
5413
5414
5416
5418
5417
5419
5420
5419
5421
5420
5422
5423
5422
5423
5425
5427
5430
5426
5428
5431
5429
5432
5428
5439
5541
5429
5440
5542
5441
5543
5431
5436
5432
5437
5438
5434
5436
5439
5435
5437
5440
5438
5441
5437
5438
5440
5441
5443
5445
5451
5815
5444
5446
5452
5447
5453
5446
5448
5553
5816
5447
5449
5554
5450
5555
5449
5454
5814
5450
5455
5456
5452
5457
5817
5453
5458
5459
5455
5457
5818
5456
5458
5459
5458
5819
5459
5461
5466
5475
5820
5462
5467
5476
5468
5477
5464
5469
5472
5821
5465
5470
5473
5471
5474
5467
5469
5822
5468
5470
5471
5470
5823
5471
5473
5475
5824
5474
5476
5477
5476
5825
5477
5479
5484
5490
5826
5480
5485
5491
5486
5492
5482
5484
5487
5827
5483
5485
5488
5486
5489
5485
5828
5486
5488
5493
5829
5489
5494
5495
5491
5493
5830
5492
5494
5495
5494
5831
5495
5497
5499
5508
5498
5500
5509
5501
5510
5500
5502
5501
5503
5504
5503
5511
5504
5512
5513
5506
5508
5511
5507
5509
5512
5510
5513
5509
5510
5512
5513
5515
5517
5523
5516
5518
5524
5519
5525
5518
5520
5519
5521
5522
5521
5526
5522
5527
5528
5524
5529
5525
5530
5531
5527
5529
5528
5530
5531
5530
5531
5533
5535
5538
5534
5536
5539
5537
5540
5536
5541
5537
5542
5543
5539
5544
5540
5545
5546
5542
5547
5543
5548
5549
5545
5547
5546
5548
5549
5548
5549
5551
5556
5559
5552
5557
5560
5558
5561
5554
5562
5565
5832
5555
5563
5566
5564
5567
5557
5565
5833
5558
5566
5567
5560
5562
5561
5563
5564
5563
5564
5566
5834
5567
5569
5571
5610
5570
5587
5572
5594
5576
5574
5590
5602
5577
5600
5577
5612
5579
5581
5619
5668
5581
5589
5630
5583
5585
5622
5584
5664
5587
5609
5586
5635
5587
5597
5589
5590
5591
5592
5593
5631
5593
5603
5643
5595
5597
5598
5597
5599
5636
5599
5607
5644
5602
5604
5603
5605
5641
5603
5605
5613
5655
5607
5645
5609
5611
5662
5610
5612
5613
5651
5613
5617
5618
5674
5617
5619
5666
5618
5619
5626
5739
5682
5621
5624
5690
5622
5633
5625
5624
5625
5733
5679
5663
5627
5630
5629
5681
5629
5631
5642
5693
5631
5634
5637
5700
5634
5635
5692
5636
5637
5647
5639
5641
5652
5640
5708
5642
5694
5643
5643
5645
5647
5646
5648
5656
5649
5649
5712
5699
5652
5654
5709
5653
5655
5655
5654
5665
5720
5657
5658
5659
5711
5728
5661
5663
5731
5665
5718
5664
5665
5664
5667
5668
5737
5670
5671
5831
5673
5746
5674
5736
5673
5674
5684
5756
5676
5678
5761
5677
5749
5680
5822
5679
5687
5680
5735
5682
5683
5684
5685
5695
5686
5686
5769
5759
5688
5690
5689
5764
5691
5775
5692
5692
5702
5694
5695
5698
5697
5697
5698
5783
5767
5710
5700
5701
5702
5704
5714
5703
5704
5777
5787
5707
5709
5722
5707
5710
5780
5792
5709
5710
5712
5713
5714
5716
5729
5715
5716
5789
5796
5718
5719
5730
5720
5721
5804
5722
5722
5791
5738
5725
5726
5817
5729
5798
5727
5728
5729
5731
5734
5733
5734
5735
5820
5735
5807
5739
5740
5738
5739
5741
5741
5830
5812
5745
5746
5829
5746
5747
5754
5745
5747
5749
5751
5760
5752
5752
5753
5753
5823
5755
5756
5758
5759
5758
5759
5768
5761
5762
5764
5763
5765
5765
5772
5767
5771
5781
5769
5769
5770
5771
5774
5775
5776
5777
5784
5776
5777
5779
5782
5780
5790
5783
5782
5783
5785
5787
5788
5788
5789
5797
5789
5792
5793
5792
5795
5794
5795
5802
5797
5798
5800
5799
5801
5819
5801
5803
5804
5806
5807
5806
5807
5825
5810
5812
5826
5810
5811
5813
5813
5816
5818
5816
5817
5832
5819
5819
5822
5825
5823
5824
5823
5825
5828
5830
5828
5829
5831
5831
5834
5834
)


// ************************************************************************* //
