/*--------------------------------*- C++ -*----------------------------------*\
| =========                 |                                                 |
| \\      /  F ield         | OpenFOAM: The Open Source CFD Toolbox           |
|  \\    /   O peration     | Version:  2412                                  |
|   \\  /    A nd           | Website:  www.openfoam.com                      |
|    \\/     M anipulation  |                                                 |
\*---------------------------------------------------------------------------*/
FoamFile
{
    version     2.0;
    format      ascii;
    arch        "LSB;label=32;scalar=64";
    note        "nPoints:3740  nCells:5830  nFaces:18513  nInternalFaces:10637";
    class       labelList;
    location    "constant/fluidRegion/polyMesh";
    object      neighbour;
}
// * * * * * * * * * * * * * * * * * * * * * * * * * * * * * * * * * * * * * //


10637
(
1
3
6
3042
2
4
7
5
8
4
15
3043
5
16
17
7
9
3044
8
10
11
10
12
3045
11
13
14
13
15
3046
14
16
17
16
3047
17
19
21
33
3050
20
22
34
23
35
22
24
3051
23
25
26
25
30
3048
26
31
32
28
30
33
3049
29
31
34
32
35
31
3053
32
34
3052
35
37
39
42
3054
38
40
43
41
44
40
45
3058
41
46
47
43
51
3055
44
52
53
46
48
3056
47
49
50
49
51
3057
50
52
53
52
3059
53
55
57
63
3064
56
58
64
59
65
58
60
3065
59
61
62
61
66
3062
62
67
68
64
69
3063
65
70
71
67
69
3060
68
70
71
70
3061
71
73
78
81
3068
74
79
82
80
83
76
81
87
3071
77
82
88
83
89
79
84
3066
80
85
86
82
3067
83
85
87
3070
86
88
89
88
3069
89
91
93
99
3073
92
94
100
95
101
94
102
3077
95
103
104
97
102
105
3072
98
103
106
104
107
100
105
3074
101
106
107
103
3075
104
106
3076
107
109
114
117
3080
110
115
118
116
119
112
114
120
3078
113
115
121
116
122
115
3079
116
118
123
3081
119
124
125
121
123
3082
122
124
125
124
3083
125
127
132
138
3084
128
133
139
134
140
130
132
135
3086
131
133
136
134
137
133
3085
134
136
141
3088
137
142
143
139
141
3089
140
142
143
142
3087
143
145
153
156
3091
146
154
157
155
158
148
153
159
3092
149
154
160
155
161
151
156
159
3090
152
157
160
158
161
154
3093
155
157
3094
158
160
3095
161
163
165
168
3101
164
166
169
167
170
166
174
3097
167
175
176
169
177
3098
170
178
179
172
174
177
3096
173
175
178
176
179
175
3099
176
178
3100
179
181
186
195
3102
182
187
196
188
197
184
189
195
3104
185
190
196
191
197
187
192
3106
188
193
194
190
192
3105
191
193
194
193
3107
194
196
3103
197
199
201
210
3108
200
202
211
203
212
202
204
3113
203
205
206
205
207
3111
206
208
209
208
213
3112
209
214
215
211
213
3109
212
214
215
214
3110
215
217
219
225
3116
218
220
226
221
227
220
228
3119
221
229
230
223
228
231
3114
224
229
232
230
233
226
231
3117
227
232
233
229
3118
230
232
3115
233
235
237
249
3120
236
238
250
239
251
238
246
3124
239
247
248
241
243
249
3121
242
244
250
245
251
244
246
3123
245
247
248
247
3125
248
250
3122
251
253
255
258
3126
254
256
259
257
260
256
261
3130
257
262
263
259
267
3127
260
268
269
262
264
3128
263
265
266
265
267
3131
266
268
269
268
3129
269
271
273
276
3137
272
274
277
275
278
274
279
3136
275
280
281
277
282
3134
278
283
284
280
285
3135
281
286
287
283
285
3133
284
286
287
286
3132
287
289
291
300
3142
290
292
301
293
302
292
297
3139
293
298
299
295
300
303
3141
296
301
304
302
305
298
303
3140
299
304
305
301
3143
302
304
3138
305
307
309
312
3148
308
310
313
311
314
310
315
3145
311
316
317
313
318
3149
314
319
320
316
321
3146
317
322
323
319
321
3147
320
322
323
322
3144
323
325
327
330
3150
326
328
331
329
332
328
336
3152
329
337
338
331
333
3154
332
334
335
334
339
3153
335
340
341
337
339
3151
338
340
341
340
3155
341
343
348
354
3156
344
349
355
350
356
346
348
351
3157
347
349
352
350
353
349
3158
350
352
357
3159
353
358
359
355
357
3160
356
358
359
358
3161
359
361
363
369
3162
362
364
370
365
371
364
366
3163
365
367
368
367
375
3164
368
376
377
370
372
3165
371
373
374
373
375
3166
374
376
377
376
3167
377
379
381
384
3168
380
382
385
383
386
382
390
3169
383
391
392
385
387
3170
386
388
389
388
393
3171
389
394
395
391
393
3172
392
394
395
394
3173
395
397
399
408
3176
398
400
409
401
410
400
405
3174
401
406
407
403
408
411
3175
404
409
412
410
413
406
411
3177
407
412
413
409
3178
410
412
3179
413
415
417
423
3182
416
418
424
419
425
418
426
3180
419
427
428
421
423
429
3185
422
424
430
425
431
424
3183
425
427
429
3181
428
430
431
430
3184
431
433
441
447
3191
434
442
448
443
449
436
441
444
3186
437
442
445
443
446
439
444
447
3189
440
445
448
446
449
442
3188
443
445
3187
446
448
3190
449
451
453
456
3192
452
454
457
455
458
454
462
3193
455
463
464
457
459
3194
458
460
461
460
465
3195
461
466
467
463
465
3196
464
466
467
466
3197
467
469
471
480
3198
470
472
481
473
482
472
477
3199
473
478
479
475
477
483
3200
476
478
484
479
485
478
3201
479
481
483
3202
482
484
485
484
3203
485
487
489
495
3207
488
490
496
491
497
490
492
3208
491
493
494
493
501
3205
494
502
503
496
498
3209
497
499
500
499
501
3206
500
502
503
502
3204
503
505
507
510
3212
506
508
511
509
512
508
519
3214
509
520
521
511
513
3210
512
514
515
514
516
3211
515
517
518
517
519
3213
518
520
521
520
3215
521
523
528
531
3216
524
529
532
530
533
526
528
534
3220
527
529
535
530
536
529
3219
530
532
537
3217
533
538
539
535
537
3221
536
538
539
538
3218
539
541
549
552
3223
542
550
553
551
554
544
546
549
3225
545
547
550
548
551
547
555
3224
548
556
557
550
3227
551
553
555
3226
554
556
557
556
3222
557
559
567
573
3229
560
568
574
569
575
562
564
567
3230
563
565
568
566
569
565
570
3232
566
571
572
568
3228
569
571
573
3233
572
574
575
574
3231
575
577
579
582
3234
578
580
583
581
584
580
588
3235
581
589
590
583
585
3236
584
586
587
586
591
3237
587
592
593
589
591
3238
590
592
593
592
3239
593
595
597
603
3242
596
598
604
599
605
598
600
3245
599
601
602
601
609
3244
602
610
611
604
606
3240
605
607
608
607
609
3241
608
610
611
610
3243
611
613
615
621
3246
614
616
622
617
623
616
618
3247
617
619
620
619
627
3248
620
628
629
622
624
3249
623
625
626
625
627
3250
626
628
629
628
3251
629
631
642
645
3253
632
643
646
644
647
634
636
642
3252
635
637
643
638
644
637
639
3254
638
640
641
640
645
3256
641
646
647
643
3255
644
646
3257
647
649
651
663
3263
650
652
664
653
665
652
660
3262
653
661
662
655
657
660
3259
656
658
661
659
662
658
663
3258
659
664
665
661
3260
662
664
3261
665
667
669
681
3264
668
670
682
671
683
670
675
3265
671
676
677
673
675
678
3266
674
676
679
677
680
676
3267
677
679
681
3268
680
682
683
682
3269
683
685
687
690
3273
686
688
691
689
692
688
693
3275
689
694
695
691
696
3274
692
697
698
694
699
3272
695
700
701
697
699
3271
698
700
701
700
3270
701
703
708
711
3276
704
709
712
710
713
706
708
717
3281
707
709
718
710
719
709
3277
710
712
714
3278
713
715
716
715
717
3279
716
718
719
718
3280
719
721
723
726
3282
722
724
727
725
728
724
729
3283
725
730
731
727
735
3284
728
736
737
730
732
3285
731
733
734
733
735
3286
734
736
737
736
3287
737
739
744
747
3292
740
745
748
746
749
742
744
753
3290
743
745
754
746
755
745
3293
746
748
750
3291
749
751
752
751
753
3288
752
754
755
754
3289
755
757
759
765
3294
758
760
766
761
767
760
762
3297
761
763
764
763
771
3295
764
772
773
766
768
3298
767
769
770
769
771
3299
770
772
773
772
3296
773
775
777
786
3304
776
778
787
779
788
778
789
3305
779
790
791
781
783
786
3300
782
784
787
785
788
784
789
3301
785
790
791
787
3302
788
790
3303
791
793
798
801
3307
794
799
802
800
803
796
798
807
3306
797
799
808
800
809
799
3308
800
802
804
3309
803
805
806
805
807
3311
806
808
809
808
3310
809
811
816
822
3312
812
817
823
818
824
814
822
825
3313
815
823
826
824
827
817
819
3314
818
820
821
820
825
3315
821
826
827
823
3316
824
826
3317
827
829
837
840
3318
830
838
841
839
842
832
834
843
3319
833
835
844
836
845
835
840
3320
836
841
842
838
843
3321
839
844
845
841
3322
842
844
3323
845
847
849
852
3324
848
850
853
851
854
850
855
3325
851
856
857
853
858
3326
854
859
860
856
861
3327
857
862
863
859
861
3328
860
862
863
862
3329
863
865
867
870
3332
866
868
871
869
872
868
873
3335
869
874
875
871
876
3333
872
877
878
874
879
3334
875
880
881
877
879
3330
878
880
881
880
3331
881
883
888
894
3339
884
889
895
890
896
886
891
897
3336
887
892
898
893
899
889
897
3341
890
898
899
892
894
3337
893
895
896
895
3340
896
898
3338
899
901
903
906
3343
902
904
907
905
908
904
912
3342
905
913
914
907
909
3345
908
910
911
910
915
3347
911
916
917
913
915
3344
914
916
917
916
3346
917
919
927
930
3352
920
928
931
929
932
922
924
930
3348
923
925
931
926
932
925
933
3350
926
934
935
928
933
3353
929
934
935
931
3349
932
934
3351
935
937
939
942
3354
938
940
943
941
944
940
948
3355
941
949
950
943
951
3356
944
952
953
946
948
951
3357
947
949
952
950
953
949
3358
950
952
3359
953
955
957
963
3360
956
958
964
959
965
958
966
3361
959
967
968
961
966
969
3362
962
967
970
968
971
964
969
3363
965
970
971
967
3364
968
970
3365
971
973
975
984
3370
974
976
985
977
986
976
981
3366
977
982
983
979
981
987
3369
980
982
988
983
989
982
3368
983
985
987
3371
986
988
989
988
3367
989
991
993
999
3373
992
994
1000
995
1001
994
1002
3374
995
1003
1004
997
999
1005
3376
998
1000
1006
1001
1007
1000
3377
1001
1003
1005
3372
1004
1006
1007
1006
3375
1007
1009
1017
1020
3378
1010
1018
1021
1019
1022
1012
1014
1017
3380
1013
1015
1018
1016
1019
1015
1023
3383
1016
1024
1025
1018
3379
1019
1021
1023
3381
1022
1024
1025
1024
3382
1025
1027
1029
1032
3384
1028
1030
1033
1031
1034
1030
1035
3385
1031
1036
1037
1033
1041
3386
1034
1042
1043
1036
1038
3387
1037
1039
1040
1039
1041
3389
1040
1042
1043
1042
3388
1043
1045
1050
1056
3390
1046
1051
1057
1052
1058
1048
1050
1053
3391
1049
1051
1054
1052
1055
1051
3392
1052
1054
1059
3393
1055
1060
1061
1057
1059
3394
1058
1060
1061
1060
3395
1061
1063
1065
1068
3396
1064
1066
1069
1067
1070
1066
1074
3397
1067
1075
1076
1069
1071
3399
1070
1072
1073
1072
1077
3398
1073
1078
1079
1075
1077
3400
1076
1078
1079
1078
3401
1079
1081
1083
1086
3402
1082
1084
1087
1085
1088
1084
1089
3404
1085
1090
1091
1087
1092
3403
1088
1093
1094
1090
1095
3405
1091
1096
1097
1093
1095
3407
1094
1096
1097
1096
3406
1097
1099
1101
1104
3411
1100
1102
1105
1103
1106
1102
1110
3408
1103
1111
1112
1105
1113
3409
1106
1114
1115
1108
1110
1113
3410
1109
1111
1114
1112
1115
1111
3412
1112
1114
3413
1115
1117
1119
1125
3414
1118
1120
1126
1121
1127
1120
1122
3416
1121
1123
1124
1123
1128
3418
1124
1129
1130
1126
1131
3415
1127
1132
1133
1129
1131
3417
1130
1132
1133
1132
3419
1133
1135
1137
1143
3423
1136
1138
1144
1139
1145
1138
1146
3422
1139
1147
1148
1141
1143
1149
3424
1142
1144
1150
1145
1151
1144
3425
1145
1147
1149
3420
1148
1150
1151
1150
3421
1151
1153
1155
1158
3426
1154
1156
1159
1157
1160
1156
1164
3427
1157
1165
1166
1159
1161
3428
1160
1162
1163
1162
1167
3429
1163
1168
1169
1165
1167
3430
1166
1168
1169
1168
3431
1169
1171
1173
1176
3434
1172
1174
1177
1175
1178
1174
1182
3432
1175
1183
1184
1177
1179
3436
1178
1180
1181
1180
1185
3437
1181
1186
1187
1183
1185
3433
1184
1186
1187
1186
3435
1187
1189
1191
1194
3438
1190
1192
1195
1193
1196
1192
1197
3439
1193
1198
1199
1195
1203
3440
1196
1204
1205
1198
1200
3441
1199
1201
1202
1201
1203
3442
1202
1204
1205
1204
3443
1205
1207
1209
1215
3444
1208
1210
1216
1211
1217
1210
1212
3445
1211
1213
1214
1213
1221
3449
1214
1222
1223
1216
1218
3446
1217
1219
1220
1219
1221
3447
1220
1222
1223
1222
3448
1223
1225
1227
1230
3452
1226
1228
1231
1229
1232
1228
1233
3455
1229
1234
1235
1231
1239
3453
1232
1240
1241
1234
1236
3454
1235
1237
1238
1237
1239
3450
1238
1240
1241
1240
3451
1241
1243
1248
1257
3457
1244
1249
1258
1250
1259
1246
1251
1254
3459
1247
1252
1255
1253
1256
1249
1251
3456
1250
1252
1253
1252
3458
1253
1255
1257
3461
1256
1258
1259
1258
3460
1259
1261
1263
1266
3462
1262
1264
1267
1265
1268
1264
1269
3467
1265
1270
1271
1267
1275
3464
1268
1276
1277
1270
1272
3463
1271
1273
1274
1273
1275
3466
1274
1276
1277
1276
3465
1277
1279
1284
1293
3468
1280
1285
1294
1286
1295
1282
1287
1293
3471
1283
1288
1294
1289
1295
1285
1290
3469
1286
1291
1292
1288
1290
3472
1289
1291
1292
1291
3473
1292
1294
3470
1295
1297
1299
1302
3474
1298
1300
1303
1301
1304
1300
1305
3475
1301
1306
1307
1303
1308
3476
1304
1309
1310
1306
1311
3477
1307
1312
1313
1309
1311
3478
1310
1312
1313
1312
3479
1313
1315
1317
1320
3484
1316
1318
1321
1319
1322
1318
1323
3481
1319
1324
1325
1321
1326
3485
1322
1327
1328
1324
1329
3482
1325
1330
1331
1327
1329
3483
1328
1330
1331
1330
3480
1331
1333
1335
1347
3486
1334
1336
1348
1337
1349
1336
1338
3487
1337
1339
1340
1339
1341
3488
1340
1342
1343
1342
1344
3489
1343
1345
1346
1345
1347
3490
1346
1348
1349
1348
3491
1349
1351
1353
1356
3495
1352
1354
1357
1355
1358
1354
1359
3492
1355
1360
1361
1357
1362
3497
1358
1363
1364
1360
1365
3493
1361
1366
1367
1363
1365
3496
1364
1366
1367
1366
3494
1367
1369
1371
1374
3498
1370
1372
1375
1373
1376
1372
1383
3499
1373
1384
1385
1375
1377
3500
1376
1378
1379
1378
1380
3501
1379
1381
1382
1381
1383
3502
1382
1384
1385
1384
3503
1385
1387
1392
1395
3504
1388
1393
1396
1394
1397
1390
1392
1401
3505
1391
1393
1402
1394
1403
1393
3506
1394
1396
1398
3507
1397
1399
1400
1399
1401
3508
1400
1402
1403
1402
3509
1403
1405
1407
1413
3510
1406
1408
1414
1409
1415
1408
1410
3511
1409
1411
1412
1411
1416
3512
1412
1417
1418
1414
1419
3513
1415
1420
1421
1417
1419
3514
1418
1420
1421
1420
3515
1421
1423
1428
1434
3516
1424
1429
1435
1430
1436
1426
1431
1437
3517
1427
1432
1438
1433
1439
1429
1437
3518
1430
1438
1439
1432
1434
3519
1433
1435
1436
1435
3520
1436
1438
3521
1439
1441
1446
1449
3526
1442
1447
1450
1448
1451
1444
1446
1452
3523
1445
1447
1453
1448
1454
1447
3524
1448
1450
1455
3527
1451
1456
1457
1453
1455
3522
1454
1456
1457
1456
3525
1457
1459
1464
1473
3528
1460
1465
1474
1466
1475
1462
1464
1467
3529
1463
1465
1468
1466
1469
1465
3530
1466
1468
1470
3531
1469
1471
1472
1471
1473
3532
1472
1474
1475
1474
3533
1475
1477
1479
1482
3534
1478
1480
1483
1481
1484
1480
1488
3535
1481
1489
1490
1483
1485
3536
1484
1486
1487
1486
1491
3537
1487
1492
1493
1489
1491
3538
1490
1492
1493
1492
3539
1493
1495
1497
1500
3540
1496
1498
1501
1499
1502
1498
1506
3542
1499
1507
1508
1501
1509
3541
1502
1510
1511
1504
1506
1509
3545
1505
1507
1510
1508
1511
1507
3544
1508
1510
3543
1511
1513
1515
1518
3546
1514
1516
1519
1517
1520
1516
1527
3547
1517
1528
1529
1519
1521
3548
1520
1522
1523
1522
1524
3549
1523
1525
1526
1525
1527
3550
1526
1528
1529
1528
3551
1529
1531
1539
1545
3552
1532
1540
1546
1541
1547
1534
1536
1542
3554
1535
1537
1543
1538
1544
1537
1539
3557
1538
1540
1541
1540
3553
1541
1543
1545
3556
1544
1546
1547
1546
3555
1547
1549
1551
1560
3558
1550
1552
1561
1553
1562
1552
1557
3559
1553
1558
1559
1555
1560
1563
3560
1556
1561
1564
1562
1565
1558
1563
3561
1559
1564
1565
1561
3562
1562
1564
3563
1565
1567
1569
1572
3564
1568
1570
1573
1571
1574
1570
1578
3565
1571
1579
1580
1573
1575
3566
1574
1576
1577
1576
1581
3568
1577
1582
1583
1579
1581
3567
1580
1582
1583
1582
3569
1583
1585
1593
1596
3570
1586
1594
1597
1595
1598
1588
1596
1599
3571
1589
1597
1600
1598
1601
1591
1593
1599
3572
1592
1594
1600
1595
1601
1594
3573
1595
1597
3574
1598
1600
3575
1601
1603
1605
1611
3577
1604
1606
1612
1607
1613
1606
1614
3576
1607
1615
1616
1609
1614
1617
3579
1610
1615
1618
1616
1619
1612
1617
3580
1613
1618
1619
1615
3578
1616
1618
3581
1619
1621
1623
1629
3582
1622
1624
1630
1625
1631
1624
1626
3583
1625
1627
1628
1627
1635
3584
1628
1636
1637
1630
1632
3585
1631
1633
1634
1633
1635
3586
1634
1636
1637
1636
3587
1637
1639
1641
1644
3588
1640
1642
1645
1643
1646
1642
1650
3589
1643
1651
1652
1645
1653
3590
1646
1654
1655
1648
1650
1653
3591
1649
1651
1654
1652
1655
1651
3592
1652
1654
3593
1655
1657
1659
1671
3598
1658
1660
1672
1661
1673
1660
1668
3597
1661
1669
1670
1663
1665
1668
3594
1664
1666
1669
1667
1670
1666
1671
3596
1667
1672
1673
1669
3595
1670
1672
3599
1673
1675
1683
1686
3602
1676
1684
1687
1685
1688
1678
1680
1683
3601
1679
1681
1684
1682
1685
1681
1689
3603
1682
1690
1691
1684
3600
1685
1687
1689
3604
1688
1690
1691
1690
3605
1691
1693
1701
1704
3606
1694
1702
1705
1703
1706
1696
1698
1707
3607
1697
1699
1708
1700
1709
1699
1704
3608
1700
1705
1706
1702
1707
3609
1703
1708
1709
1705
3610
1706
1708
3611
1709
1711
1713
1719
3613
1712
1714
1720
1715
1721
1714
1716
3612
1715
1717
1718
1717
1722
3615
1718
1723
1724
1720
1725
3614
1721
1726
1727
1723
1725
3616
1724
1726
1727
1726
3617
1727
1729
1731
1737
3618
1730
1732
1738
1733
1739
1732
1734
3619
1733
1735
1736
1735
1743
3621
1736
1744
1745
1738
1740
3620
1739
1741
1742
1741
1743
3622
1742
1744
1745
1744
3623
1745
1747
1749
1752
3626
1748
1750
1753
1751
1754
1750
1758
3628
1751
1759
1760
1753
1761
3625
1754
1762
1763
1756
1758
1761
3627
1757
1759
1762
1760
1763
1759
3629
1760
1762
3624
1763
1765
1767
1773
3633
1766
1768
1774
1769
1775
1768
1770
3631
1769
1771
1772
1771
1776
3630
1772
1777
1778
1774
1779
3634
1775
1780
1781
1777
1779
3632
1778
1780
1781
1780
3635
1781
1783
1785
1794
3636
1784
1786
1795
1787
1796
1786
1788
3639
1787
1789
1790
1789
1797
3641
1790
1798
1799
1792
1794
1797
3638
1793
1795
1798
1796
1799
1795
3637
1796
1798
3640
1799
1801
1803
1806
3647
1802
1804
1807
1805
1808
1804
1809
3645
1805
1810
1811
1807
1812
3646
1808
1813
1814
1810
1815
3644
1811
1816
1817
1813
1815
3643
1814
1816
1817
1816
3642
1817
1819
1821
1824
3649
1820
1822
1825
1823
1826
1822
1827
3648
1823
1828
1829
1825
1830
3650
1826
1831
1832
1828
1833
3651
1829
1834
1835
1831
1833
3653
1832
1834
1835
1834
3652
1835
1837
1839
1845
3656
1838
1840
1846
1841
1847
1840
1842
3655
1841
1843
1844
1843
1848
3654
1844
1849
1850
1846
1851
3658
1847
1852
1853
1849
1851
3657
1850
1852
1853
1852
3659
1853
1855
1857
1860
3660
1856
1858
1861
1859
1862
1858
1869
3661
1859
1870
1871
1861
1866
3662
1862
1867
1868
1864
1866
1869
3663
1865
1867
1870
1868
1871
1867
3665
1868
1870
3664
1871
1873
1875
1878
3668
1874
1876
1879
1877
1880
1876
1887
3666
1877
1888
1889
1879
1881
3671
1880
1882
1883
1882
1884
3669
1883
1885
1886
1885
1887
3667
1886
1888
1889
1888
3670
1889
1891
1893
1896
3676
1892
1894
1897
1895
1898
1894
1899
3677
1895
1900
1901
1897
1905
3674
1898
1906
1907
1900
1902
3675
1901
1903
1904
1903
1905
3673
1904
1906
1907
1906
3672
1907
1909
1911
1917
3682
1910
1912
1918
1913
1919
1912
1914
3683
1913
1915
1916
1915
1923
3681
1916
1924
1925
1918
1920
3679
1919
1921
1922
1921
1923
3678
1922
1924
1925
1924
3680
1925
1927
1932
1938
3685
1928
1933
1939
1934
1940
1930
1938
1941
3684
1931
1939
1942
1940
1943
1933
1935
3688
1934
1936
1937
1936
1941
3689
1937
1942
1943
1939
3686
1940
1942
3687
1943
1945
1947
1950
3690
1946
1948
1951
1949
1952
1948
1953
3691
1949
1954
1955
1951
1956
3692
1952
1957
1958
1954
1959
3693
1955
1960
1961
1957
1959
3694
1958
1960
1961
1960
3695
1961
1963
1968
1974
3698
1964
1969
1975
1970
1976
1966
1968
1977
3696
1967
1969
1978
1970
1979
1969
3697
1970
1972
1974
1977
3700
1973
1975
1978
1976
1979
1975
3701
1976
1978
3699
1979
1981
1989
1992
3702
1982
1990
1993
1991
1994
1984
1989
1995
3703
1985
1990
1996
1991
1997
1987
1992
1995
3704
1988
1993
1996
1994
1997
1990
3706
1991
1993
3707
1994
1996
3705
1997
1999
2004
2007
3708
2000
2005
2008
2006
2009
2002
2007
2010
3709
2003
2008
2011
2009
2012
2005
2013
3710
2006
2014
2015
2008
3711
2009
2011
2013
3712
2012
2014
2015
2014
3713
2015
2017
2019
2022
3714
2018
2020
2023
2021
2024
2020
2028
3715
2021
2029
2030
2023
2025
3716
2024
2026
2027
2026
2031
3717
2027
2032
2033
2029
2031
3718
2030
2032
2033
2032
3719
2033
2035
2046
2049
3720
2036
2047
2050
2048
2051
2038
2043
2046
3723
2039
2044
2047
2045
2048
2041
2043
2049
3724
2042
2044
2050
2045
2051
2044
3725
2045
2047
3721
2048
2050
3722
2051
2053
2055
2058
3726
2054
2056
2059
2057
2060
2056
2061
3727
2057
2062
2063
2059
2064
3728
2060
2065
2066
2062
2067
3729
2063
2068
2069
2065
2067
3730
2066
2068
2069
2068
3731
2069
2071
2073
2076
3732
2072
2074
2077
2075
2078
2074
2079
3733
2075
2080
2081
2077
2082
3734
2078
2083
2084
2080
2085
3735
2081
2086
2087
2083
2085
3736
2084
2086
2087
2086
3737
2087
2089
2091
2097
3740
2090
2092
2098
2093
2099
2092
2103
3738
2093
2104
2105
2095
2097
2100
3739
2096
2098
2101
2099
2102
2098
3743
2099
2101
2103
3741
2102
2104
2105
2104
3742
2105
2107
2109
2115
3744
2108
2110
2116
2111
2117
2110
2112
3745
2111
2113
2114
2113
2118
3746
2114
2119
2120
2116
2121
3747
2117
2122
2123
2119
2121
3748
2120
2122
2123
2122
3749
2123
2125
2127
2136
3752
2126
2128
2137
2129
2138
2128
2130
3754
2129
2131
2132
2131
2139
3755
2132
2140
2141
2134
2136
2139
3750
2135
2137
2140
2138
2141
2137
3751
2138
2140
3753
2141
2143
2145
2148
3759
2144
2146
2149
2147
2150
2146
2151
3757
2147
2152
2153
2149
2154
3760
2150
2155
2156
2152
2157
3761
2153
2158
2159
2155
2157
3758
2156
2158
2159
2158
3756
2159
2161
2163
2166
3762
2162
2164
2167
2165
2168
2164
2172
3763
2165
2173
2174
2167
2175
3764
2168
2176
2177
2170
2172
2175
3766
2171
2173
2176
2174
2177
2173
3767
2174
2176
3765
2177
2179
2181
2190
3769
2180
2182
2191
2183
2192
2182
2187
3773
2183
2188
2189
2185
2190
2193
3768
2186
2191
2194
2192
2195
2188
2193
3770
2189
2194
2195
2191
3772
2192
2194
3771
2195
2197
2205
2208
3774
2198
2206
2209
2207
2210
2200
2202
2205
3775
2201
2203
2206
2204
2207
2203
2211
3776
2204
2212
2213
2206
3777
2207
2209
2211
3778
2210
2212
2213
2212
3779
2213
2215
2220
2223
3780
2216
2221
2224
2222
2225
2218
2220
2226
3781
2219
2221
2227
2222
2228
2221
3782
2222
2224
2229
3783
2225
2230
2231
2227
2229
3784
2228
2230
2231
2230
3785
2231
2233
2235
2241
3786
2234
2236
2242
2237
2243
2236
2244
3787
2237
2245
2246
2239
2244
2247
3788
2240
2245
2248
2246
2249
2242
2247
3789
2243
2248
2249
2245
3790
2246
2248
3791
2249
2251
2253
2259
3792
2252
2254
2260
2255
2261
2254
2256
3793
2255
2257
2258
2257
2262
3794
2258
2263
2264
2260
2265
3795
2261
2266
2267
2263
2265
3796
2264
2266
2267
2266
3797
2267
2269
2271
2274
3803
2270
2272
2275
2273
2276
2272
2280
3800
2273
2281
2282
2275
2283
3802
2276
2284
2285
2278
2280
2283
3798
2279
2281
2284
2282
2285
2281
3799
2282
2284
3801
2285
2287
2295
2298
3804
2288
2296
2299
2297
2300
2290
2298
2301
3805
2291
2299
2302
2300
2303
2293
2295
2301
3806
2294
2296
2302
2297
2303
2296
3807
2297
2299
3808
2300
2302
3809
2303
2305
2313
2316
3810
2306
2314
2317
2315
2318
2308
2313
2319
3811
2309
2314
2320
2315
2321
2311
2316
2319
3812
2312
2317
2320
2318
2321
2314
3813
2315
2317
3814
2318
2320
3815
2321
2323
2325
2331
3817
2324
2326
2332
2327
2333
2326
2328
3816
2327
2329
2330
2329
2337
3818
2330
2338
2339
2332
2334
3819
2333
2335
2336
2335
2337
3820
2336
2338
2339
2338
3821
2339
2341
2346
2355
3822
2342
2347
2356
2348
2357
2344
2349
2352
3827
2345
2350
2353
2351
2354
2347
2352
3824
2348
2353
2354
2350
2355
3825
2351
2356
2357
2353
3826
2354
2356
3823
2357
2359
2364
2373
3828
2360
2365
2374
2366
2375
2362
2364
2370
3830
2363
2365
2371
2366
2372
2365
3831
2366
2368
2370
2373
3829
2369
2371
2374
2372
2375
2371
3832
2372
2374
3833
2375
2377
2379
2385
3835
2378
2380
2386
2381
2387
2380
2388
3837
2381
2389
2390
2383
2388
2391
3836
2384
2389
2392
2390
2393
2386
2391
3838
2387
2392
2393
2389
3839
2390
2392
3834
2393
2395
2397
2400
3840
2396
2398
2401
2399
2402
2398
2406
3841
2399
2407
2408
2401
2409
3842
2402
2410
2411
2404
2406
2409
3843
2405
2407
2410
2408
2411
2407
3844
2408
2410
3845
2411
2413
2418
2424
3849
2414
2419
2425
2420
2426
2416
2418
2421
3850
2417
2419
2422
2420
2423
2419
3851
2420
2422
2427
3847
2423
2428
2429
2425
2427
3848
2426
2428
2429
2428
3846
2429
2431
2433
2436
3852
2432
2434
2437
2435
2438
2434
2439
3853
2435
2440
2441
2437
2442
3854
2438
2443
2444
2440
2445
3855
2441
2446
2447
2443
2445
3856
2444
2446
2447
2446
3857
2447
2449
2451
2463
3858
2450
2452
2464
2453
2465
2452
2457
3859
2453
2458
2459
2455
2457
2460
3860
2456
2458
2461
2459
2462
2458
3861
2459
2461
2463
3862
2462
2464
2465
2464
3863
2465
2467
2469
2475
3864
2468
2470
2476
2471
2477
2470
2472
3865
2471
2473
2474
2473
2478
3866
2474
2479
2480
2476
2481
3867
2477
2482
2483
2479
2481
3868
2480
2482
2483
2482
3869
2483
2485
2487
2493
3870
2486
2488
2494
2489
2495
2488
2490
3871
2489
2491
2492
2491
2496
3872
2492
2497
2498
2494
2499
3873
2495
2500
2501
2497
2499
3874
2498
2500
2501
2500
3875
2501
2503
2505
2511
3877
2504
2506
2512
2507
2513
2506
2508
3876
2507
2509
2510
2509
2514
3878
2510
2515
2516
2512
2517
3879
2513
2518
2519
2515
2517
3880
2516
2518
2519
2518
3881
2519
2521
2523
2526
3882
2522
2524
2527
2525
2528
2524
2532
3884
2525
2533
2534
2527
2529
3883
2528
2530
2531
2530
2535
3885
2531
2536
2537
2533
2535
3887
2534
2536
2537
2536
3886
2537
2539
2541
2547
3890
2540
2542
2548
2543
2549
2542
2550
3889
2543
2551
2552
2545
2547
2553
3888
2546
2548
2554
2549
2555
2548
3892
2549
2551
2553
3891
2552
2554
2555
2554
3893
2555
2557
2559
2571
3894
2558
2560
2572
2561
2573
2560
2562
3895
2561
2563
2564
2563
2565
3896
2564
2566
2567
2566
2568
3898
2567
2569
2570
2569
2571
3899
2570
2572
2573
2572
3897
2573
2575
2577
2580
3900
2576
2578
2581
2579
2582
2578
2583
3902
2579
2584
2585
2581
2586
3901
2582
2587
2588
2584
2589
3904
2585
2590
2591
2587
2589
3903
2588
2590
2591
2590
3905
2591
2593
2595
2598
3907
2594
2596
2599
2597
2600
2596
2601
3911
2597
2602
2603
2599
2604
3910
2600
2605
2606
2602
2607
3909
2603
2608
2609
2605
2607
3908
2606
2608
2609
2608
3906
2609
2611
2613
2622
3912
2612
2614
2623
2615
2624
2614
2619
3913
2615
2620
2621
2617
2622
2625
3915
2618
2623
2626
2624
2627
2620
2625
3914
2621
2626
2627
2623
3916
2624
2626
3917
2627
2629
2631
2634
3920
2630
2632
2635
2633
2636
2632
2637
3919
2633
2638
2639
2635
2640
3921
2636
2641
2642
2638
2643
3918
2639
2644
2645
2641
2643
3922
2642
2644
2645
2644
3923
2645
2647
2649
2652
3924
2648
2650
2653
2651
2654
2650
2661
3925
2651
2662
2663
2653
2655
3926
2654
2656
2657
2656
2658
3927
2657
2659
2660
2659
2661
3928
2660
2662
2663
2662
3929
2663
2665
2667
2673
3935
2666
2668
2674
2669
2675
2668
2670
3934
2669
2671
2672
2671
2679
3932
2672
2680
2681
2674
2676
3933
2675
2677
2678
2677
2679
3931
2678
2680
2681
2680
3930
2681
2683
2685
2688
3937
2684
2686
2689
2687
2690
2686
2697
3938
2687
2698
2699
2689
2691
3936
2690
2692
2693
2692
2694
3939
2693
2695
2696
2695
2697
3941
2696
2698
2699
2698
3940
2699
2701
2703
2709
3942
2702
2704
2710
2705
2711
2704
2712
3943
2705
2713
2714
2707
2712
2715
3944
2708
2713
2716
2714
2717
2710
2715
3945
2711
2716
2717
2713
3946
2714
2716
3947
2717
2719
2721
2724
3949
2720
2722
2725
2723
2726
2722
2727
3950
2723
2728
2729
2725
2730
3953
2726
2731
2732
2728
2733
3948
2729
2734
2735
2731
2733
3952
2732
2734
2735
2734
3951
2735
2737
2739
2745
3955
2738
2740
2746
2741
2747
2740
2748
3956
2741
2749
2750
2743
2748
2751
3954
2744
2749
2752
2750
2753
2746
2751
3957
2747
2752
2753
2749
3958
2750
2752
3959
2753
2755
2757
2766
3961
2756
2758
2767
2759
2768
2758
2760
3960
2759
2761
2762
2761
2763
3962
2762
2764
2765
2764
2769
3964
2765
2770
2771
2767
2769
3963
2768
2770
2771
2770
3965
2771
2773
2775
2781
3971
2774
2776
2782
2777
2783
2776
2787
3967
2777
2788
2789
2779
2784
2787
3966
2780
2785
2788
2786
2789
2782
2784
3968
2783
2785
2786
2785
3969
2786
2788
3970
2789
2791
2799
2802
3972
2792
2800
2803
2801
2804
2794
2802
2805
3973
2795
2803
2806
2804
2807
2797
2799
2805
3974
2798
2800
2806
2801
2807
2800
3975
2801
2803
3976
2804
2806
3977
2807
2809
2820
2823
3981
2810
2821
2824
2822
2825
2812
2814
2817
3979
2813
2815
2818
2816
2819
2815
2823
3978
2816
2824
2825
2818
2820
3982
2819
2821
2822
2821
3983
2822
2824
3980
2825
2827
2829
2832
3984
2828
2830
2833
2831
2834
2830
2838
3985
2831
2839
2840
2833
2841
3988
2834
2842
2843
2836
2838
2841
3986
2837
2839
2842
2840
2843
2839
3987
2840
2842
3989
2843
2845
2847
2856
3990
2846
2848
2857
2849
2858
2848
2850
3995
2849
2851
2852
2851
2853
3992
2852
2854
2855
2854
2859
3993
2855
2860
2861
2857
2859
3991
2858
2860
2861
2860
3994
2861
2863
2871
2877
4000
2864
2872
2878
2873
2879
2866
2868
2877
3998
2867
2869
2878
2870
2879
2869
2874
3997
2870
2875
2876
2872
2874
3999
2873
2875
2876
2875
3996
2876
2878
4001
2879
2881
2886
2889
4005
2882
2887
2890
2888
2891
2884
2886
2895
4003
2885
2887
2896
2888
2897
2887
4006
2888
2890
2892
4007
2891
2893
2894
2893
2895
4004
2894
2896
2897
2896
4002
2897
2899
2901
2904
4009
2900
2902
2905
2903
2906
2902
2913
4010
2903
2914
2915
2905
2910
4008
2906
2911
2912
2908
2910
2913
4011
2909
2911
2914
2912
2915
2911
4012
2912
2914
4013
2915
2917
2919
2928
4016
2918
2920
2929
2921
2930
2920
2922
4015
2921
2923
2924
2923
2925
4014
2924
2926
2927
2926
2931
4017
2927
2932
2933
2929
2931
4018
2930
2932
2933
2932
4019
2933
2935
2940
2949
4025
2936
2941
2950
2942
2951
2938
2943
2946
4020
2939
2944
2947
2945
2948
2941
2943
4023
2942
2944
2945
2944
4022
2945
2947
2949
4021
2948
2950
2951
2950
4024
2951
2953
2955
2961
4026
2954
2956
2962
2957
2963
2956
2967
4027
2957
2968
2969
2959
2964
2967
4028
2960
2965
2968
2966
2969
2962
2964
4029
2963
2965
2966
2965
4030
2966
2968
4031
2969
2971
2973
2982
4033
2972
2974
2983
2975
2984
2974
2976
4032
2975
2977
2978
2977
2985
4034
2978
2986
2987
2980
2982
2985
4035
2981
2983
2986
2984
2987
2983
4037
2984
2986
4036
2987
2989
2991
2997
4038
2990
2992
2998
2993
2999
2992
2994
4039
2993
2995
2996
2995
3000
4040
2996
3001
3002
2998
3003
4041
2999
3004
3005
3001
3003
4042
3002
3004
3005
3004
4043
3005
3007
3009
3015
4044
3008
3010
3016
3011
3017
3010
3012
4045
3011
3013
3014
3013
3018
4046
3014
3019
3020
3016
3021
4047
3017
3022
3023
3019
3021
4048
3020
3022
3023
3022
4049
3023
3025
3030
3033
4051
3026
3031
3034
3032
3035
3028
3036
3039
4050
3029
3037
3040
3038
3041
3031
3039
4052
3032
3040
3041
3034
3036
4054
3035
3037
3038
3037
4055
3038
3040
4053
3041
3043
3044
4057
3047
4059
3045
4061
3046
4063
3047
4065
4067
3051
3053
4069
3052
3053
4071
3051
3052
4073
4075
4077
4079
3055
3058
4083
3059
4085
3057
3058
4091
3059
4087
4089
4081
3061
3062
4095
3063
4103
3065
4093
3064
4101
3065
4097
4099
3068
3070
4105
3068
3071
4107
4109
3070
3071
4111
4113
4115
3075
3076
4119
3074
3077
4117
3076
4127
3077
4121
4125
4123
3079
3082
4129
3080
4131
3081
4137
3083
4133
3083
4135
4139
3085
3089
4151
3086
4143
3088
4145
3088
3089
4147
4141
4149
3094
3095
4157
3093
3094
4155
3093
3095
4153
4161
4163
4159
3099
3100
4175
3099
3101
4167
3100
3101
4169
4171
4173
4165
3103
3106
4177
3104
4185
3105
4179
3107
4181
3107
4183
4187
3109
3113
4189
3110
4197
3112
4199
3112
3113
4193
4195
4191
3115
3118
4205
3117
4211
3117
3119
4201
4207
3119
4209
4203
3122
3124
4213
3122
3123
4215
4217
3125
4219
3125
4221
4223
3127
3130
4225
3129
4227
3130
3131
4229
3131
4231
4233
4235
3133
3135
4247
3134
4245
3137
4241
3136
4243
3137
4239
4237
3140
3141
4259
3140
3142
4251
4255
3143
4253
3143
4249
4257
3146
3147
4261
3146
3148
4265
4263
3149
4269
3149
4271
4267
3152
3154
4273
3152
3155
4281
4275
3154
3155
4279
4277
4283
3158
3160
4289
3158
3159
4291
4285
3161
4293
3161
4286
4287
3163
3165
4297
3164
4295
3167
4299
3166
4296
3167
4303
4301
3169
3170
4305
3172
4307
3171
4309
3173
4311
3173
4313
4315
3176
3177
4317
3178
3179
4319
3178
4321
3179
4323
4327
4325
3181
3182
4335
3184
4337
3183
4331
3185
4333
3185
4339
4329
3187
3188
4341
3189
4347
3191
4343
3190
4349
3191
4351
4345
3193
3194
4353
3196
4355
3195
4357
3197
4359
3197
4361
4363
3199
3202
4367
3201
4365
3201
3203
4369
4364
3203
4373
4371
3205
3206
4375
3208
4377
3209
4379
3208
3209
4381
4383
4385
3211
3212
4387
3213
4389
3214
4391
3215
4393
3215
4395
4397
3217
3219
4403
3218
4405
3221
4401
3220
4409
3221
4399
4407
3224
3226
4421
3226
3227
4411
3225
4415
3227
4413
4419
4417
3229
3230
4427
3231
4423
3232
4425
3233
4431
3233
4429
4433
3235
3236
4435
3238
4436
3237
4438
3239
4440
3239
4441
4443
3241
3242
4451
3243
4453
3245
4445
3244
4455
3245
4449
4447
3247
3249
4459
3248
4461
3251
4457
3250
4463
3251
4467
4465
3254
3255
4471
3255
3257
4469
3256
4473
4477
3257
4475
4479
3259
3261
4491
3260
4489
3262
4485
3263
4487
3263
4483
4481
3265
3269
4492
3267
4493
3267
3268
4494
4495
3269
4496
4497
3271
3272
4499
3274
4498
3275
4502
3274
3275
4500
4501
4503
3277
3278
4505
3281
4509
3279
4511
3280
4513
3281
4515
4507
3283
3284
4519
3285
4523
3287
4525
3286
4527
3287
4521
4517
3289
3291
4537
3290
4539
3293
4531
3292
4535
3293
4529
4533
3297
3298
4541
3296
3297
4543
3299
4549
4545
3299
4547
4551
3301
3302
4558
3303
4559
3304
4553
3305
4554
3305
4556
4557
3308
3310
4561
3308
3309
4560
4562
3311
4563
3311
4565
4564
3314
3316
4567
3316
3317
4571
3315
4573
3317
4569
4577
4575
3321
3322
4579
3320
3323
4581
3322
4583
3323
4585
4587
4589
3325
3326
4591
3327
4593
3328
4595
3329
4597
3329
4599
4601
3331
3333
4603
3334
4605
3333
3335
4607
4609
3335
4611
4613
3337
3338
4619
3340
4621
3341
4625
3340
3341
4615
4623
4617
3343
3344
4626
3345
4627
3346
4629
3347
4628
3347
4630
4631
3349
3350
4633
3352
4635
3351
4637
3353
4639
3353
4641
4643
3355
3356
4645
3358
4647
3359
4649
3358
3359
4651
4653
4655
3361
3363
4657
3364
4659
3364
3365
4661
3365
4663
4665
4667
3368
3370
4679
3369
3371
4671
3369
4675
4669
3371
4677
4673
3374
3375
4689
3374
3377
4681
4683
3376
4691
3377
4685
4687
3379
3381
4692
3380
4695
3383
4693
3382
4696
3383
4697
4694
3385
3386
4699
3387
4701
3388
4702
3389
4704
3389
4705
4707
3392
3394
4715
3392
3393
4717
4719
3395
4711
3395
4713
4709
3397
3399
4721
3400
4723
3399
3401
4725
4727
3401
4729
4731
3403
3404
4733
3407
4735
3405
4737
3406
4739
3407
4741
4743
3411
3412
4745
3411
3413
4746
3412
3413
4747
4744
4748
4749
3415
3416
4750
3419
4753
3418
4751
3418
3419
4754
4752
4755
3421
3422
4765
3424
4767
3423
4759
3425
4757
3425
4761
4763
3427
3428
4769
3430
4771
3429
4773
3431
4775
3431
4777
4779
3433
3434
4783
3435
4789
3436
4781
3437
4791
3437
4785
4787
3439
3440
4793
3441
4795
3443
4797
3442
4799
3443
4801
4803
3445
3446
4804
3449
4805
3447
4806
3448
4808
3449
4809
4807
3451
3454
4810
3453
4815
3453
3455
4813
4814
3455
4811
4812
3457
3458
4817
3460
4819
3459
4821
3461
4823
3461
4825
4827
3464
3467
4829
3466
3467
4831
3465
4833
3466
4835
4837
4839
3469
3470
4841
3473
4847
3471
4843
3472
4845
3473
4849
4851
3475
3476
4853
3477
4855
3478
4857
3479
4859
3479
4861
4863
3482
3483
4865
3482
3484
4867
4866
3485
4869
3485
4870
4871
3487
3491
4874
3488
4875
3489
4876
3490
4873
3491
4872
4877
3493
3495
4879
3494
4881
3496
4883
3497
4885
3497
4887
4889
3499
3500
4893
3503
4901
3501
4899
3502
4897
3503
4895
4891
3506
3507
4913
3506
3509
4907
4909
3508
4905
3509
4903
4911
3511
3513
4921
3512
4917
3514
4915
3515
4923
3515
4919
4925
3518
3520
4927
3519
3521
4929
3521
4931
3520
4933
4935
4937
3523
3525
4938
3524
4939
3526
4940
3527
4941
3527
4942
4943
3530
3533
4951
3530
3531
4953
4955
3532
4949
3533
4945
4947
3535
3536
4959
3538
4965
3537
4957
3539
4961
3539
4967
4963
3541
3542
4969
3543
4971
3544
4973
3545
4975
3545
4977
4979
3547
3548
4981
3551
4983
3549
4985
3550
4987
3551
4989
4991
3553
3555
4993
3557
4999
3556
3557
4995
3556
5003
5001
4997
3559
3562
5006
3561
5007
3562
3563
5008
3563
5004
5009
5005
3565
3566
5010
3567
5011
3568
5012
3569
5013
3569
5014
5015
3573
3574
5017
3574
3575
5019
3573
3575
5021
5023
5025
5027
3577
3578
5035
3580
5029
3579
5037
3581
5039
3581
5031
5033
3583
3585
5041
3584
5043
3587
5045
3586
5047
3587
5049
5051
3589
3590
5052
3592
5053
3593
5054
3592
3593
5055
5056
5057
3595
3596
5058
3597
5059
3599
5060
3598
5061
3599
5062
5063
3601
3602
5071
3603
5067
3604
5065
3605
5069
3605
5073
5075
3609
3610
5077
3608
3611
5079
3610
5087
3611
5081
5083
5085
3613
3615
5089
3614
5091
3617
5093
3616
5095
3617
5097
5099
3619
3620
5101
3621
5103
3622
5107
3623
5105
3623
5109
5111
3625
3627
5112
3626
5113
3628
5114
3629
5115
3629
5116
5117
3631
3632
5120
3633
5118
3635
5121
3634
5119
3635
5122
5123
3637
3639
5125
3638
5133
3640
5131
3641
5127
3641
5135
5129
3643
3644
5137
3646
5139
3645
5141
3647
5143
3647
5145
5147
3649
3651
5151
3650
5149
3653
5153
3652
5155
3653
5159
5157
3655
3657
5161
3656
5163
3658
5165
3659
5167
3659
5169
5171
3661
3662
5176
3664
5174
3665
5175
3664
3665
5173
5172
5177
3668
3670
5179
3669
3670
5182
3671
5178
3671
5181
5183
5180
3673
3674
5185
3675
5187
3676
5189
3677
5191
3677
5193
5195
3679
3680
5205
3682
5203
3681
5207
3683
5201
3683
5197
5199
3686
3687
5211
3686
3688
5209
5217
3689
5219
3689
5213
5215
3691
3692
5221
3693
5223
3694
5225
3695
5227
3695
5229
5231
3697
3699
5234
3698
5235
3701
5233
3700
5239
3701
5236
5238
3706
3707
5240
3705
3706
5242
3705
3707
5243
5245
5241
5244
3710
3711
5247
3711
3712
5249
3713
5251
5253
3713
5255
5257
3715
3716
5259
3718
5261
3717
5263
3719
5265
3719
5267
5269
3721
3722
5271
3723
5273
3724
5275
3725
5277
3725
5279
5281
3727
3728
5285
3729
5283
3730
5287
3731
5289
3731
5293
5291
3733
3734
5295
3735
5297
3736
5299
3737
5301
3737
5303
5305
3740
3742
5307
3741
3743
5310
3743
5306
3742
5311
5309
5308
3745
3747
5312
3746
5313
3748
5314
3749
5315
3749
5316
5317
3751
3753
5325
3752
5327
3754
5319
3755
5329
3755
5321
5323
3758
3761
5341
3759
3761
5333
3760
5339
3760
5331
5335
5337
3763
3764
5343
3767
5345
3765
5347
3766
5349
3767
5351
5353
3771
3772
5355
3772
3773
5365
3771
3773
5359
5361
5357
5363
3777
3778
5366
3776
3777
5367
3779
5368
5369
3779
5370
5371
3782
3783
5372
3782
3784
5373
5374
3785
5375
3785
5377
5376
3787
3789
5379
3790
5381
3790
3791
5383
3791
5385
5387
5389
3793
3795
5391
3794
5393
3796
5395
3797
5397
3797
5399
5401
3799
3801
5403
3800
5405
3803
5409
3802
5407
3803
5411
5413
3807
3808
5414
3808
3809
5415
3807
3809
5416
5417
5418
5419
3813
3814
5420
3813
3815
5421
3814
3815
5422
5423
5424
5425
3817
3818
5427
3819
5429
3821
5431
3820
5433
3821
5435
5437
3823
3824
5439
3825
5449
3826
5443
3827
5445
3827
5447
5441
3831
3833
5451
3832
3833
5457
3831
3832
5453
5455
5459
5461
3836
3838
5463
3837
3838
5465
3839
5469
3839
5467
5471
5473
3841
3842
5474
3844
5475
3845
5476
3844
3845
5477
5478
5479
3847
3848
5482
3850
5480
3849
5484
3851
5483
3851
5481
5485
3853
3854
5493
3855
5487
3856
5495
3857
5489
3857
5497
5491
3859
3863
5501
3861
5505
3861
3862
5509
5507
3863
5499
5503
3865
3867
5521
3866
5519
3868
5515
3869
5517
3869
5513
5511
3871
3873
5523
3872
5525
3874
5527
3875
5529
3875
5531
5533
3877
3878
5534
3879
5535
3880
5536
3881
5537
3881
5538
5539
3883
3884
5540
3885
5542
3887
5541
3886
5543
3887
5545
5544
3892
3893
5551
3890
3891
5547
3892
5553
3893
5549
5557
5555
3895
3897
5559
3896
5561
3898
5563
3899
5565
3899
5567
5569
3901
3902
5581
3903
5577
3904
5579
3905
5573
3905
5575
5571
3908
3909
5593
3910
3911
5583
3910
5591
3911
5589
5587
5585
3913
3916
5594
3914
5595
3917
5597
3916
3917
5596
5598
5599
3919
3923
5603
3920
5601
3921
5600
3922
5602
3923
5604
5605
3925
3926
5611
3929
5617
3927
5615
3928
5609
3929
5607
5613
3931
3932
5629
3933
5627
3934
5623
3935
5625
3935
5621
5619
3937
3939
5631
3938
5633
3940
5635
3941
5637
3941
5639
5641
3943
3945
5643
3946
5645
3946
3947
5647
3947
5649
5651
5653
3950
3951
5658
3950
3953
5655
5659
3952
5661
3953
5660
5657
3958
3959
5664
3956
3957
5662
3958
5663
3959
5665
5666
5667
3961
3962
5671
3963
5672
3964
5668
3965
5673
3965
5669
5670
3969
3970
5675
3970
3971
5677
3969
3971
5679
5681
5683
5685
3975
3976
5687
3976
3977
5689
3975
3977
5691
5693
5695
5697
3979
3980
5699
3982
5701
3981
5703
3983
5705
3983
5707
5709
3985
3988
5713
3987
5711
3987
3989
5717
5715
3989
5719
5721
3991
3995
5722
3994
5723
3993
3995
5724
3994
5725
5726
5727
3997
3999
5728
3998
5729
4001
5730
4000
5731
4001
5732
5733
4003
4004
5735
4006
5737
4007
5739
4006
4007
5741
5743
5745
4009
4012
5749
4010
5747
4013
5751
4012
4013
5753
5755
5757
4015
4017
5759
4016
5761
4018
5763
4019
5765
4019
5767
5769
4021
4022
5771
4024
5773
4023
5775
4025
5779
4025
5777
5781
4027
4029
5782
4031
5783
4030
4031
5784
4030
5785
5786
5787
4033
4034
5789
4037
5790
4036
5788
4036
4037
5792
5791
5793
4039
4041
5795
4040
5797
4042
5799
4043
5801
4043
5803
5805
4045
4047
5807
4046
5809
4048
5811
4049
5813
4049
5815
5817
4053
4055
5819
4052
4054
5821
4053
5823
5825
4055
5827
5829
4057
4058
4060
4059
4061
4059
4066
4067
4061
4062
4063
4063
4064
4065
4065
4066
4067
4067
4069
4074
4078
4075
4079
4071
4076
4078
4077
4079
4073
4074
4076
4075
4077
4075
4077
4079
4081
4084
4086
4085
4087
4083
4084
4088
4085
4089
4085
4087
4090
4091
4089
4090
4091
4091
4093
4094
4098
4095
4099
4095
4102
4103
4097
4098
4100
4099
4101
4099
4101
4102
4103
4103
4105
4108
4112
4109
4113
4107
4108
4114
4109
4115
4109
4111
4112
4114
4113
4115
4113
4115
4117
4122
4126
4123
4127
4119
4120
4124
4121
4125
4121
4122
4123
4123
4125
4126
4127
4127
4129
4130
4134
4131
4135
4131
4136
4137
4133
4136
4138
4137
4139
4135
4138
4139
4137
4139
4141
4144
4146
4145
4147
4143
4144
4150
4145
4151
4145
4147
4148
4149
4149
4150
4151
4151
4153
4158
4160
4159
4161
4155
4160
4162
4161
4163
4157
4158
4162
4159
4163
4159
4161
4163
4165
4166
4168
4167
4169
4167
4170
4171
4169
4172
4173
4171
4174
4175
4173
4174
4175
4175
4177
4182
4184
4183
4185
4179
4180
4184
4181
4185
4181
4186
4187
4183
4186
4187
4185
4187
4189
4190
4196
4191
4197
4191
4192
4193
4193
4194
4195
4195
4198
4199
4197
4198
4199
4199
4201
4202
4206
4203
4207
4203
4208
4209
4205
4208
4210
4209
4211
4207
4210
4211
4209
4211
4213
4216
4220
4217
4221
4215
4216
4218
4217
4219
4217
4219
4222
4223
4221
4222
4223
4223
4225
4226
4232
4227
4233
4227
4230
4231
4229
4232
4234
4233
4235
4231
4234
4235
4233
4235
4237
4238
4240
4239
4241
4239
4242
4243
4241
4244
4245
4243
4246
4247
4245
4246
4247
4247
4249
4250
4256
4251
4257
4251
4254
4255
4253
4256
4258
4257
4259
4255
4258
4259
4257
4259
4261
4262
4268
4263
4269
4263
4264
4265
4265
4270
4271
4267
4268
4270
4269
4271
4269
4271
4273
4274
4276
4275
4277
4275
4280
4281
4277
4278
4279
4279
4282
4283
4281
4282
4283
4283
4285
4288
4290
4289
4291
4287
4289
4293
4289
4291
4292
4293
4293
4295
4298
4297
4299
4297
4303
4299
4300
4301
4301
4302
4303
4303
4305
4306
4308
4307
4309
4307
4312
4313
4309
4310
4311
4311
4314
4315
4313
4314
4315
4315
4317
4320
4322
4321
4323
4319
4324
4326
4325
4327
4321
4326
4327
4323
4324
4325
4325
4327
4329
4332
4338
4333
4339
4331
4332
4334
4333
4335
4333
4335
4336
4337
4337
4338
4339
4339
4341
4342
4346
4343
4347
4343
4344
4345
4345
4350
4351
4347
4348
4349
4349
4350
4351
4351
4353
4354
4356
4355
4357
4355
4360
4361
4357
4358
4359
4359
4362
4363
4361
4362
4363
4363
4365
4369
4367
4367
4372
4373
4369
4370
4371
4371
4372
4373
4373
4375
4376
4378
4377
4379
4377
4382
4383
4379
4384
4385
4381
4382
4384
4383
4385
4383
4385
4387
4388
4390
4389
4391
4389
4392
4393
4391
4394
4395
4393
4396
4397
4395
4396
4397
4397
4399
4406
4408
4407
4409
4401
4404
4406
4405
4407
4403
4404
4408
4405
4409
4405
4407
4409
4411
4416
4418
4417
4419
4413
4414
4416
4415
4417
4415
4420
4421
4417
4419
4420
4421
4421
4423
4426
4430
4427
4431
4425
4426
4428
4427
4429
4427
4429
4432
4433
4431
4432
4433
4433
4435
4437
4436
4438
4441
4438
4439
4440
4440
4442
4443
4443
4443
4445
4446
4450
4447
4451
4447
4448
4449
4449
4454
4455
4451
4452
4453
4453
4454
4455
4455
4457
4460
4464
4461
4465
4459
4460
4462
4461
4463
4461
4463
4466
4467
4465
4466
4467
4467
4469
4476
4478
4477
4479
4471
4472
4476
4473
4477
4473
4474
4475
4475
4478
4479
4477
4479
4481
4482
4486
4483
4487
4483
4484
4485
4485
4488
4489
4487
4490
4491
4489
4490
4491
4491
4493
4497
4495
4495
4496
4497
4499
4501
4502
4501
4503
4503
4505
4508
4510
4509
4511
4507
4508
4514
4509
4515
4509
4511
4512
4513
4513
4514
4515
4515
4517
4520
4524
4521
4525
4519
4522
4524
4523
4525
4521
4526
4527
4523
4526
4527
4525
4527
4529
4532
4534
4533
4535
4531
4532
4538
4533
4539
4533
4535
4536
4537
4537
4538
4539
4539
4541
4544
4546
4545
4547
4543
4544
4548
4545
4549
4545
4547
4550
4551
4549
4550
4551
4551
4553
4555
4556
4558
4557
4559
4556
4557
4559
4562
4563
4562
4565
4564
4565
4567
4572
4576
4573
4577
4569
4572
4574
4573
4575
4571
4574
4576
4575
4577
4573
4575
4577
4579
4584
4586
4585
4587
4581
4582
4588
4583
4589
4583
4586
4587
4585
4588
4589
4587
4589
4591
4592
4594
4593
4595
4593
4596
4597
4595
4598
4599
4597
4600
4601
4599
4600
4601
4601
4603
4604
4608
4605
4609
4605
4610
4611
4607
4608
4612
4609
4613
4609
4611
4612
4613
4613
4615
4616
4622
4617
4623
4617
4624
4625
4619
4620
4624
4621
4625
4621
4622
4623
4623
4625
4627
4629
4628
4631
4630
4631
4633
4634
4636
4635
4637
4635
4640
4641
4637
4638
4639
4639
4642
4643
4641
4642
4643
4643
4645
4646
4648
4647
4649
4647
4652
4653
4649
4654
4655
4651
4652
4654
4653
4655
4653
4655
4657
4658
4662
4659
4663
4659
4664
4665
4661
4664
4666
4665
4667
4663
4666
4667
4665
4667
4669
4670
4674
4671
4675
4671
4672
4673
4673
4676
4677
4675
4678
4679
4677
4678
4679
4679
4681
4682
4686
4683
4687
4683
4688
4689
4685
4686
4690
4687
4691
4687
4689
4690
4691
4691
4695
4696
4694
4695
4697
4697
4699
4700
4701
4702
4701
4703
4704
4705
4704
4706
4707
4707
4707
4709
4710
4712
4711
4713
4711
4716
4717
4713
4714
4715
4715
4718
4719
4717
4718
4719
4719
4721
4722
4726
4723
4727
4723
4728
4729
4725
4726
4730
4727
4731
4727
4729
4730
4731
4731
4733
4734
4736
4735
4737
4735
4742
4743
4737
4738
4739
4739
4740
4741
4741
4742
4743
4743
4745
4746
4748
4749
4748
4749
4751
4753
4752
4754
4755
4755
4757
4758
4762
4759
4763
4759
4764
4765
4761
4762
4766
4763
4767
4763
4765
4766
4767
4767
4769
4770
4772
4771
4773
4771
4776
4777
4773
4774
4775
4775
4778
4779
4777
4778
4779
4779
4781
4782
4784
4783
4785
4783
4788
4789
4785
4786
4787
4787
4790
4791
4789
4790
4791
4791
4793
4794
4796
4795
4797
4795
4798
4799
4797
4802
4803
4799
4800
4801
4801
4802
4803
4803
4805
4806
4807
4808
4809
4809
4811
4815
4812
4813
4814
4815
4817
4818
4820
4819
4821
4819
4824
4825
4821
4822
4823
4823
4826
4827
4825
4826
4827
4827
4829
4832
4838
4833
4839
4831
4836
4838
4837
4839
4833
4834
4835
4835
4836
4837
4837
4839
4841
4842
4846
4843
4847
4843
4844
4845
4845
4848
4849
4847
4850
4851
4849
4850
4851
4851
4853
4854
4856
4855
4857
4855
4858
4859
4857
4860
4861
4859
4862
4863
4861
4862
4863
4863
4865
4868
4866
4869
4867
4870
4869
4871
4871
4873
4877
4876
4875
4877
4876
4879
4880
4884
4881
4885
4881
4882
4883
4883
4886
4887
4885
4888
4889
4887
4888
4889
4889
4891
4894
4900
4895
4901
4893
4898
4900
4899
4901
4895
4896
4897
4897
4898
4899
4899
4901
4903
4904
4910
4905
4911
4905
4912
4913
4907
4908
4910
4909
4911
4909
4912
4913
4911
4913
4915
4916
4918
4917
4919
4917
4920
4921
4919
4924
4925
4921
4922
4923
4923
4924
4925
4925
4927
4930
4934
4931
4935
4929
4932
4936
4933
4937
4931
4936
4937
4933
4934
4935
4935
4937
4939
4941
4940
4942
4943
4943
4945
4946
4948
4947
4949
4947
4950
4951
4949
4952
4953
4951
4954
4955
4953
4954
4955
4955
4957
4958
4960
4959
4961
4959
4964
4965
4961
4962
4963
4963
4966
4967
4965
4966
4967
4967
4969
4970
4972
4971
4973
4971
4974
4975
4973
4976
4977
4975
4978
4979
4977
4978
4979
4979
4981
4982
4984
4983
4985
4983
4990
4991
4985
4986
4987
4987
4988
4989
4989
4990
4991
4991
4993
4998
5002
4999
5003
4995
4996
5000
4997
5001
4997
4998
4999
4999
5001
5002
5003
5003
5005
5007
5008
5007
5009
5009
5011
5012
5013
5014
5015
5015
5017
5022
5024
5023
5025
5019
5024
5026
5025
5027
5021
5022
5026
5023
5027
5023
5025
5027
5029
5030
5034
5031
5035
5031
5032
5033
5033
5038
5039
5035
5036
5037
5037
5038
5039
5039
5041
5042
5046
5043
5047
5043
5044
5045
5045
5050
5051
5047
5048
5049
5049
5050
5051
5051
5053
5054
5056
5057
5056
5057
5059
5060
5061
5063
5062
5063
5065
5070
5072
5071
5073
5067
5068
5070
5069
5071
5069
5074
5075
5071
5073
5074
5075
5075
5077
5080
5082
5081
5083
5079
5084
5086
5085
5087
5081
5084
5085
5083
5086
5087
5085
5087
5089
5090
5094
5091
5095
5091
5092
5093
5093
5098
5099
5095
5096
5097
5097
5098
5099
5099
5101
5102
5106
5103
5107
5103
5104
5105
5105
5110
5111
5107
5108
5109
5109
5110
5111
5111
5113
5115
5114
5116
5117
5117
5119
5120
5122
5121
5123
5123
5125
5126
5132
5127
5133
5127
5128
5129
5129
5134
5135
5131
5132
5134
5133
5135
5133
5135
5137
5138
5140
5139
5141
5139
5144
5145
5141
5142
5143
5143
5146
5147
5145
5146
5147
5147
5149
5150
5152
5151
5153
5151
5154
5155
5153
5156
5157
5155
5158
5159
5157
5158
5159
5159
5161
5162
5166
5163
5167
5163
5164
5165
5165
5168
5169
5167
5170
5171
5169
5170
5171
5171
5173
5174
5177
5176
5176
5177
5179
5180
5183
5181
5182
5183
5185
5186
5188
5187
5189
5187
5190
5191
5189
5192
5193
5191
5194
5195
5193
5194
5195
5195
5197
5198
5202
5199
5203
5199
5200
5201
5201
5206
5207
5203
5204
5205
5205
5206
5207
5207
5209
5212
5216
5213
5217
5211
5216
5218
5217
5219
5213
5214
5215
5215
5218
5219
5217
5219
5221
5222
5224
5223
5225
5223
5226
5227
5225
5228
5229
5227
5230
5231
5229
5230
5231
5231
5233
5237
5235
5238
5235
5239
5238
5239
5238
5241
5244
5242
5245
5244
5245
5247
5250
5252
5251
5253
5249
5252
5254
5253
5255
5251
5256
5257
5253
5255
5256
5257
5257
5259
5260
5262
5261
5263
5261
5266
5267
5263
5264
5265
5265
5268
5269
5267
5268
5269
5269
5271
5272
5274
5273
5275
5273
5276
5277
5275
5278
5279
5277
5280
5281
5279
5280
5281
5281
5283
5284
5288
5285
5289
5285
5286
5287
5287
5292
5293
5289
5290
5291
5291
5292
5293
5293
5295
5296
5298
5297
5299
5297
5300
5301
5299
5302
5303
5301
5304
5305
5303
5304
5305
5305
5307
5308
5309
5310
5311
5311
5313
5315
5314
5316
5317
5317
5319
5320
5326
5321
5327
5321
5322
5323
5323
5328
5329
5325
5326
5328
5327
5329
5327
5329
5331
5332
5334
5333
5335
5333
5336
5337
5335
5338
5339
5337
5340
5341
5339
5340
5341
5341
5343
5344
5346
5345
5347
5345
5352
5353
5347
5348
5349
5349
5350
5351
5351
5352
5353
5353
5355
5356
5360
5357
5361
5357
5364
5365
5359
5360
5362
5361
5363
5361
5363
5364
5365
5365
5369
5370
5368
5369
5371
5371
5374
5375
5374
5377
5376
5377
5379
5380
5384
5381
5385
5381
5386
5387
5383
5386
5388
5387
5389
5385
5388
5389
5387
5389
5391
5392
5396
5393
5397
5393
5394
5395
5395
5398
5399
5397
5400
5401
5399
5400
5401
5401
5403
5404
5406
5405
5407
5405
5408
5409
5407
5410
5411
5409
5412
5413
5411
5412
5413
5413
5417
5418
5418
5419
5417
5419
5423
5424
5423
5425
5424
5425
5427
5428
5430
5429
5431
5429
5432
5433
5431
5436
5437
5433
5434
5435
5435
5436
5437
5437
5439
5442
5448
5443
5449
5441
5444
5446
5445
5447
5443
5446
5447
5445
5448
5449
5447
5449
5451
5454
5460
5455
5461
5453
5454
5458
5455
5459
5455
5457
5458
5460
5459
5461
5459
5461
5463
5468
5470
5469
5471
5465
5466
5470
5467
5471
5467
5472
5473
5469
5472
5473
5471
5473
5475
5476
5478
5479
5478
5479
5481
5482
5485
5484
5484
5485
5487
5488
5492
5489
5493
5489
5490
5491
5491
5496
5497
5493
5494
5495
5495
5496
5497
5497
5499
5502
5508
5503
5509
5501
5502
5504
5503
5505
5503
5505
5506
5507
5507
5508
5509
5509
5511
5512
5516
5513
5517
5513
5514
5515
5515
5518
5519
5517
5520
5521
5519
5520
5521
5521
5523
5524
5528
5525
5529
5525
5526
5527
5527
5530
5531
5529
5532
5533
5531
5532
5533
5533
5535
5536
5537
5538
5539
5539
5541
5542
5544
5543
5545
5545
5547
5548
5552
5549
5553
5549
5554
5555
5551
5554
5556
5555
5557
5553
5556
5557
5555
5557
5559
5560
5564
5561
5565
5561
5562
5563
5563
5566
5567
5565
5568
5569
5567
5568
5569
5569
5571
5572
5574
5573
5575
5573
5576
5577
5575
5578
5579
5577
5580
5581
5579
5580
5581
5581
5583
5584
5586
5585
5587
5585
5588
5589
5587
5590
5591
5589
5592
5593
5591
5592
5593
5593
5595
5598
5597
5598
5599
5599
5601
5602
5603
5604
5605
5605
5607
5608
5612
5609
5613
5609
5614
5615
5611
5614
5616
5615
5617
5613
5616
5617
5615
5617
5619
5620
5624
5621
5625
5621
5622
5623
5623
5628
5629
5625
5626
5627
5627
5628
5629
5629
5631
5632
5636
5633
5637
5633
5634
5635
5635
5638
5639
5637
5640
5641
5639
5640
5641
5641
5643
5644
5648
5645
5649
5645
5650
5651
5647
5650
5652
5651
5653
5649
5652
5653
5651
5653
5655
5656
5657
5659
5657
5660
5659
5661
5661
5663
5665
5666
5666
5667
5667
5669
5671
5670
5673
5672
5673
5675
5680
5682
5681
5683
5677
5682
5684
5683
5685
5679
5680
5684
5681
5685
5681
5683
5685
5687
5692
5694
5693
5695
5689
5694
5696
5695
5697
5691
5692
5696
5693
5697
5693
5695
5697
5699
5700
5702
5701
5703
5701
5706
5707
5703
5704
5705
5705
5708
5709
5707
5708
5709
5709
5711
5712
5714
5713
5715
5713
5718
5719
5715
5716
5717
5717
5720
5721
5719
5720
5721
5721
5723
5727
5726
5725
5727
5726
5729
5731
5730
5733
5732
5733
5735
5736
5738
5737
5739
5737
5742
5743
5739
5744
5745
5741
5742
5744
5743
5745
5743
5745
5747
5748
5750
5749
5751
5749
5754
5755
5751
5756
5757
5753
5754
5756
5755
5757
5755
5757
5759
5760
5764
5761
5765
5761
5762
5763
5763
5766
5767
5765
5768
5769
5767
5768
5769
5769
5771
5772
5774
5773
5775
5773
5776
5777
5775
5778
5779
5777
5780
5781
5779
5780
5781
5781
5783
5785
5787
5786
5787
5786
5789
5791
5790
5793
5792
5793
5795
5796
5800
5797
5801
5797
5798
5799
5799
5802
5803
5801
5804
5805
5803
5804
5805
5805
5807
5808
5812
5809
5813
5809
5810
5811
5811
5814
5815
5813
5816
5817
5815
5816
5817
5817
5819
5824
5828
5825
5829
5821
5822
5826
5823
5827
5823
5824
5825
5825
5827
5828
5829
5829
)


// ************************************************************************* //
