/*--------------------------------*- C++ -*----------------------------------*\
| =========                 |                                                 |
| \\      /  F ield         | OpenFOAM: The Open Source CFD Toolbox           |
|  \\    /   O peration     | Version:  v2006                                 |
|   \\  /    A nd           | Website:  www.openfoam.com                      |
|    \\/     M anipulation  |                                                 |
\*---------------------------------------------------------------------------*/
FoamFile
{
    version     2.0;
    format      ascii;
    class       labelList;
    note        "nPoints:3742  nCells:5831  nFaces:18516  nInternalFaces:10639";
    location    "constant/fluidRegion/polyMesh";
    object      neighbour;
}
// * * * * * * * * * * * * * * * * * * * * * * * * * * * * * * * * * * * * * //


10639
(
1
3
6
2791
2
4
7
5
8
4
15
2794
5
16
17
7
9
2797
8
10
11
10
12
2800
11
13
14
13
15
2803
14
16
17
16
2806
17
19
27
33
2809
20
28
34
29
35
22
30
33
2812
23
31
34
32
35
25
27
30
2815
26
28
31
29
32
28
2818
29
31
2821
32
34
2824
35
37
39
45
2827
38
40
46
41
47
40
48
2830
41
49
50
43
45
51
2833
44
46
52
47
53
46
2839
47
49
51
2842
50
52
53
52
2836
53
55
57
69
2845
56
58
70
59
71
58
66
2848
59
67
68
61
63
69
2851
62
64
70
65
71
64
66
2854
65
67
68
67
2857
68
70
2860
71
73
75
84
2863
74
76
85
77
86
76
81
2866
77
82
83
79
81
87
2875
80
82
88
83
89
82
2878
83
85
87
2869
86
88
89
88
2872
89
91
99
105
2881
92
100
106
101
107
94
96
102
2893
95
97
103
98
104
97
99
2884
98
100
101
100
2887
101
103
105
2890
104
106
107
106
2896
107
109
111
117
2899
110
112
118
113
119
112
120
2902
113
121
122
115
120
123
2908
116
121
124
122
125
118
123
2911
119
124
125
121
2905
122
124
2914
125
127
129
135
2917
128
130
136
131
137
130
132
2920
131
133
134
133
138
2923
134
139
140
136
141
2926
137
142
143
139
141
2929
140
142
143
142
2932
143
145
153
156
2941
146
154
157
155
158
148
156
159
2938
149
157
160
158
161
151
153
159
2935
152
154
160
155
161
154
2950
155
157
2944
158
160
2947
161
163
165
168
2953
164
166
169
167
170
166
171
2956
167
172
173
169
174
2959
170
175
176
172
177
2965
173
178
179
175
177
2968
176
178
179
178
2962
179
181
186
195
2971
182
187
196
188
197
184
189
195
2974
185
190
196
191
197
187
192
2980
188
193
194
190
192
2977
191
193
194
193
2986
194
196
2983
197
199
201
210
2989
200
202
211
203
212
202
207
2992
203
208
209
205
207
213
2998
206
208
214
209
215
208
2995
209
211
213
3001
212
214
215
214
3004
215
217
219
225
3007
218
220
226
221
227
220
228
3010
221
229
230
223
228
231
3019
224
229
232
230
233
226
231
3013
227
232
233
229
3016
230
232
3022
233
235
237
249
3025
236
238
250
239
251
238
246
3028
239
247
248
241
243
249
3031
242
244
250
245
251
244
246
3034
245
247
248
247
3037
248
250
3040
251
253
255
267
3043
254
256
268
257
269
256
258
3046
257
259
260
259
261
3049
260
262
263
262
264
3052
263
265
266
265
267
3055
266
268
269
268
3058
269
271
273
276
3061
272
274
277
275
278
274
279
3064
275
280
281
277
282
3067
278
283
284
280
285
3070
281
286
287
283
285
3073
284
286
287
286
3076
287
289
294
297
3079
290
295
298
296
299
292
294
300
3082
293
295
301
296
302
295
3085
296
298
303
3088
299
304
305
301
303
3091
302
304
305
304
3094
305
307
309
318
3097
308
310
319
311
320
310
312
3103
311
313
314
313
321
3109
314
322
323
316
318
321
3106
317
319
322
320
323
319
3100
320
322
3112
323
325
330
336
3115
326
331
337
332
338
328
330
339
3118
329
331
340
332
341
331
3121
332
334
336
339
3124
335
337
340
338
341
337
3127
338
340
3130
341
343
351
354
3133
344
352
355
353
356
346
348
351
3136
347
349
352
350
353
349
357
3139
350
358
359
352
3142
353
355
357
3145
356
358
359
358
3148
359
361
363
372
3160
362
364
373
365
374
364
369
3163
365
370
371
367
372
375
3157
368
373
376
374
377
370
375
3166
371
376
377
373
3151
374
376
3154
377
379
381
384
3184
380
382
385
383
386
382
390
3181
383
391
392
385
387
3178
386
388
389
388
393
3175
389
394
395
391
393
3172
392
394
395
394
3169
395
397
405
408
3190
398
406
409
407
410
400
402
411
3193
401
403
412
404
413
403
408
3202
404
409
410
406
411
3187
407
412
413
409
3196
410
412
3199
413
415
420
429
3214
416
421
430
422
431
418
420
423
3205
419
421
424
422
425
421
3220
422
424
426
3211
425
427
428
427
429
3208
428
430
431
430
3217
431
433
434
438
3223
435
439
435
436
3226
437
437
443
3229
444
439
440
3232
441
441
443
3235
442
444
445
444
3238
445
447
455
461
3250
448
456
462
457
463
450
452
458
3241
451
453
459
454
460
453
455
3247
454
456
457
456
3256
457
459
461
3244
460
462
463
462
3253
463
465
467
470
3265
466
468
471
469
472
468
473
3268
469
474
475
471
476
3262
472
477
478
474
479
3274
475
480
481
477
479
3271
478
480
481
480
3259
481
483
485
488
3277
484
486
489
487
490
486
494
3280
487
495
496
489
497
3283
490
498
499
492
494
497
3286
493
495
498
496
499
495
3289
496
498
3292
499
501
503
506
3295
502
504
507
505
508
504
509
3298
505
510
511
507
512
3301
508
513
514
510
515
3304
511
516
517
513
515
3307
514
516
517
516
3310
517
519
521
527
3313
520
522
528
523
529
522
524
3316
523
525
526
525
533
3319
526
534
535
528
530
3322
529
531
532
531
533
3325
532
534
535
534
3328
535
537
545
548
3337
538
546
549
547
550
540
542
545
3334
541
543
546
544
547
543
551
3343
544
552
553
546
3331
547
549
551
3340
550
552
553
552
3346
553
555
562
568
3352
563
569
557
559
562
3355
558
560
563
561
564
560
565
3361
561
566
567
563
3349
564
566
568
3364
567
569
569
3358
571
573
576
3367
572
574
577
575
578
574
582
3370
575
583
584
577
579
3373
578
580
581
580
585
3376
581
586
587
583
585
3382
584
586
587
586
3379
587
589
591
597
3391
590
592
598
593
599
592
594
3400
593
595
596
595
603
3397
596
604
605
598
600
3385
599
601
602
601
603
3388
602
604
605
604
3394
605
607
612
618
3406
608
613
619
614
620
610
612
615
3415
611
613
616
614
617
613
3403
614
616
621
3418
617
622
623
619
621
3409
620
622
623
622
3412
623
625
636
639
3424
626
637
640
638
641
628
630
636
3427
629
631
637
632
638
631
633
3430
632
634
635
634
639
3433
635
640
641
637
3421
638
640
3436
641
643
645
648
3454
644
646
649
647
650
646
651
3451
647
652
653
649
654
3448
650
655
656
652
657
3445
653
658
659
655
657
3439
656
658
659
658
3442
659
661
662
673
3457
663
674
663
668
3460
664
669
670
666
668
671
3463
667
669
672
670
669
3466
670
672
673
3469
674
674
3472
676
678
681
3490
677
679
682
680
683
679
687
3487
680
688
689
682
690
3484
683
691
692
685
687
690
3475
686
688
691
689
692
688
3481
689
691
3478
692
694
696
702
3502
695
697
703
698
704
697
705
3499
698
706
707
700
702
708
3496
701
703
709
704
710
703
3493
704
706
708
3505
707
709
710
709
3508
710
712
717
723
3511
713
718
724
719
725
715
720
723
3514
716
721
724
722
725
718
726
3517
719
727
728
721
726
3520
722
727
728
724
3523
725
727
3526
728
730
735
738
3529
731
736
739
737
740
733
735
744
3532
734
736
745
737
746
736
3535
737
739
741
3538
740
742
743
742
744
3541
743
745
746
745
3544
746
748
749
753
3547
750
754
750
751
3550
752
752
757
3556
758
754
755
3553
756
756
757
3559
758
758
3562
760
761
763
3571
762
764
762
765
3574
766
764
767
3577
768
766
769
3580
770
768
769
3565
770
770
3568
772
774
777
3598
773
775
778
776
779
775
783
3586
776
784
785
778
786
3595
779
787
788
781
783
786
3583
782
784
787
785
788
784
3589
785
787
3592
788
790
798
801
3601
791
799
802
800
803
793
801
804
3604
794
802
805
803
806
796
798
804
3610
797
799
805
800
806
799
3607
800
802
3613
803
805
3616
806
808
810
813
3619
809
811
814
812
815
811
816
3622
812
817
818
814
819
3625
815
820
821
817
822
3628
818
823
824
820
822
3631
821
823
824
823
3634
824
826
828
831
3637
827
829
832
830
833
829
834
3640
830
835
836
832
837
3643
833
838
839
835
840
3646
836
841
842
838
840
3649
839
841
842
841
3652
842
844
845
849
3655
846
850
846
851
3658
852
848
849
853
3661
850
854
850
3664
852
853
3667
854
854
3670
856
859
863
3676
860
864
858
861
865
3673
862
866
860
861
3688
862
862
3679
864
865
3682
866
866
3685
868
870
876
3694
869
871
877
872
878
871
873
3691
872
874
875
874
882
3697
875
883
884
877
879
3703
878
880
881
880
882
3706
881
883
884
883
3700
884
886
888
891
3709
887
889
892
890
893
889
897
3712
890
898
899
892
894
3715
893
895
896
895
900
3718
896
901
902
898
900
3721
899
901
902
901
3724
902
904
906
909
3727
905
907
910
908
911
907
915
3730
908
916
917
910
918
3733
911
919
920
913
915
918
3736
914
916
919
917
920
916
3739
917
919
3742
920
922
924
930
3745
923
925
931
926
932
925
933
3748
926
934
935
928
933
936
3751
929
934
937
935
938
931
936
3754
932
937
938
934
3757
935
937
3760
938
940
944
950
3763
941
945
951
946
952
943
947
953
3766
948
954
945
947
3769
946
948
949
948
3772
949
951
953
3775
952
954
955
954
3778
955
957
958
962
3781
959
963
959
960
3790
961
961
964
3787
965
963
966
3784
967
965
966
3796
967
967
3793
969
977
980
3799
970
978
981
979
982
972
974
977
3802
973
975
978
976
979
975
983
3805
976
984
985
978
3808
979
981
983
3811
982
984
985
984
3814
985
987
989
992
3817
988
990
993
991
994
990
995
3823
991
996
997
993
998
3820
994
999
1000
996
1001
3826
997
1002
1003
999
1001
3829
1000
1002
1003
1002
3832
1003
1005
1010
1013
3847
1006
1011
1014
1012
1015
1008
1010
1019
3844
1009
1011
1020
1012
1021
1011
3850
1012
1014
1016
3838
1015
1017
1018
1017
1019
3835
1018
1020
1021
1020
3841
1021
1023
1025
1028
3853
1024
1026
1029
1027
1030
1026
1034
3856
1027
1035
1036
1029
1031
3859
1030
1032
1033
1032
1037
3862
1033
1038
1039
1035
1037
3865
1036
1038
1039
1038
3868
1039
1041
1043
1049
3886
1042
1044
1050
1045
1051
1044
1046
3880
1045
1047
1048
1047
1055
3874
1048
1056
1057
1050
1052
3883
1051
1053
1054
1053
1055
3877
1054
1056
1057
1056
3871
1057
1059
1064
1066
3892
1065
1067
1061
1064
1068
3895
1065
1069
1063
1066
1068
3898
1067
1069
1065
3889
1067
3901
1069
3904
1071
1073
1076
3907
1072
1074
1077
1075
1078
1074
1085
3916
1075
1086
1087
1077
1082
3910
1078
1083
1084
1080
1082
1085
3919
1081
1083
1086
1084
1087
1083
3913
1084
1086
3922
1087
1089
1097
1103
3934
1090
1098
1104
1099
1105
1092
1094
1097
3925
1093
1095
1098
1096
1099
1095
1100
3928
1096
1101
1102
1098
3931
1099
1101
1103
3937
1102
1104
1105
1104
3940
1105
1107
1109
1112
3943
1108
1110
1113
1111
1114
1110
1118
3946
1111
1119
1120
1113
1115
3949
1114
1116
1117
1116
1121
3952
1117
1122
1123
1119
1121
3955
1120
1122
1123
1122
3958
1123
1125
1127
1130
3961
1126
1128
1131
1129
1132
1128
1133
3964
1129
1134
1135
1131
1136
3967
1132
1137
1138
1134
1139
3970
1135
1140
1141
1137
1139
3973
1138
1140
1141
1140
3976
1141
1143
1144
1150
3985
1145
1151
1145
1146
3979
1147
1147
1152
3982
1153
1149
1150
1152
3991
1151
1153
1151
3994
1153
3988
1155
1156
1162
4000
1157
1163
1157
1160
3997
1161
1159
1160
1164
4009
1161
1165
1161
4012
1163
1164
4003
1165
1165
4006
1167
1169
1178
4024
1168
1170
1179
1171
1180
1170
1175
4030
1171
1176
1177
1173
1175
1181
4015
1174
1176
1182
1177
1183
1176
4018
1177
1179
1181
4021
1180
1182
1183
1182
4027
1183
1185
1187
1190
4036
1186
1188
1191
1189
1192
1188
1193
4033
1189
1194
1195
1191
1199
4045
1192
1200
1201
1194
1196
4039
1195
1197
1198
1197
1199
4042
1198
1200
1201
1200
4048
1201
1203
1208
1217
4051
1204
1209
1218
1210
1219
1206
1214
1217
4054
1207
1215
1218
1216
1219
1209
1211
4057
1210
1212
1213
1212
1214
4060
1213
1215
1216
1215
4063
1216
1218
4066
1219
1221
1226
1235
4069
1222
1227
1236
1228
1237
1224
1229
1235
4075
1225
1230
1236
1231
1237
1227
1232
4078
1228
1233
1234
1230
1232
4081
1231
1233
1234
1233
4084
1234
1236
4072
1237
1239
1242
1248
4087
1243
1249
1241
1242
1244
4090
1243
1245
1243
4096
1245
1246
4093
1247
1247
1248
4099
1249
1249
4102
1251
1252
1256
4105
1253
1257
1253
1254
4111
1255
1255
1258
4108
1259
1257
1260
4114
1261
1259
1260
4117
1261
1261
4120
1263
1265
1277
4123
1264
1266
1278
1267
1279
1266
1268
4126
1267
1269
1270
1269
1271
4129
1270
1272
1273
1272
1274
4132
1273
1275
1276
1275
1277
4135
1276
1278
1279
1278
4138
1279
1281
1283
1289
4141
1282
1284
1290
1285
1291
1284
1286
4144
1285
1287
1288
1287
1292
4147
1288
1293
1294
1290
1295
4150
1291
1296
1297
1293
1295
4153
1294
1296
1297
1296
4156
1297
1299
1301
1307
4162
1300
1302
1308
1303
1309
1302
1310
4171
1303
1311
1312
1305
1307
1313
4159
1306
1308
1314
1309
1315
1308
4174
1309
1311
1313
4168
1312
1314
1315
1314
4165
1315
1317
1319
1325
4177
1318
1320
1326
1321
1327
1320
1322
4180
1321
1323
1324
1323
1331
4183
1324
1332
1333
1326
1328
4186
1327
1329
1330
1329
1331
4189
1330
1332
1333
1332
4192
1333
1335
1336
1340
4195
1337
1341
1337
1338
4198
1339
1339
1342
4201
1343
1341
1344
4204
1345
1343
1344
4207
1345
1345
4210
1347
1350
1354
4213
1351
1355
1349
1352
1356
4219
1353
1357
1351
1356
4216
1357
1353
1354
4222
1355
1355
4225
1357
4228
1359
1361
1367
4243
1360
1362
1368
1363
1369
1362
1364
4231
1363
1365
1366
1365
1370
4237
1366
1371
1372
1368
1373
4246
1369
1374
1375
1371
1373
4234
1372
1374
1375
1374
4240
1375
1377
1379
1382
4249
1378
1380
1383
1381
1384
1380
1385
4252
1381
1386
1387
1383
1388
4255
1384
1389
1390
1386
1391
4258
1387
1392
1393
1389
1391
4261
1390
1392
1393
1392
4264
1393
1395
1397
1400
4270
1396
1398
1401
1399
1402
1398
1406
4279
1399
1407
1408
1401
1403
4267
1402
1404
1405
1404
1409
4273
1405
1410
1411
1407
1409
4282
1408
1410
1411
1410
4276
1411
1413
1415
1424
4285
1414
1416
1425
1417
1426
1416
1418
4288
1417
1419
1420
1419
1421
4294
1420
1422
1423
1422
1427
4300
1423
1428
1429
1425
1427
4291
1426
1428
1429
1428
4297
1429
1431
1432
1435
4303
1433
1436
1433
1442
4306
1434
1443
1444
1436
1437
4309
1438
1438
1439
4312
1440
1440
1442
4315
1441
1443
1444
1443
4318
1444
1446
1447
1451
4321
1448
1452
1448
1455
4327
1456
1450
1453
1455
4336
1454
1456
1452
1453
4324
1454
1454
4333
1456
4330
1458
1460
1465
4342
1459
1461
1466
1462
1461
1467
4354
1462
1468
1469
1464
1465
1470
4339
1466
1471
1466
4345
1468
1470
4348
1469
1471
1472
1471
4351
1472
1474
1476
1479
4372
1475
1477
1480
1478
1481
1477
1488
4366
1478
1489
1490
1480
1485
4369
1481
1486
1487
1483
1485
1488
4357
1484
1486
1489
1487
1490
1486
4360
1487
1489
4363
1490
1492
1500
1503
4375
1493
1501
1504
1502
1505
1495
1503
1506
4378
1496
1504
1507
1505
1508
1498
1500
1506
4381
1499
1501
1507
1502
1508
1501
4384
1502
1504
4387
1505
1507
4390
1508
1510
1512
1518
4393
1511
1513
1519
1514
1520
1513
1521
4396
1514
1522
1523
1516
1521
1524
4399
1517
1522
1525
1523
1526
1519
1524
4402
1520
1525
1526
1522
4405
1523
1525
4408
1526
1528
1530
1533
4414
1529
1531
1534
1532
1535
1531
1539
4420
1532
1540
1541
1534
1536
4411
1535
1537
1538
1537
1542
4417
1538
1543
1544
1540
1542
4426
1541
1543
1544
1543
4423
1544
1546
1547
1549
4429
1548
1550
1548
1553
4432
1554
1550
1555
4435
1556
1552
1553
1555
4438
1554
1556
1554
4441
1556
4444
1558
1563
1566
4450
1559
1564
1567
1565
1568
1561
1563
1572
4453
1562
1564
1573
1565
1574
1564
4447
1565
1567
1569
4456
1568
1570
1571
1570
1572
4459
1571
1573
1574
1573
4462
1574
1576
1584
1587
4465
1577
1585
1588
1586
1589
1579
1581
1584
4468
1580
1582
1585
1583
1586
1582
1590
4474
1583
1591
1592
1585
4471
1586
1588
1590
4477
1589
1591
1592
1591
4480
1592
1594
1599
1602
4483
1595
1600
1603
1601
1604
1597
1605
1608
4486
1598
1606
1609
1607
1610
1600
1605
4492
1601
1606
1607
1603
1608
4495
1604
1609
1610
1606
4498
1607
1609
4489
1610
1612
1614
1620
4504
1613
1615
1621
1616
1622
1615
1617
4501
1616
1618
1619
1618
1623
4510
1619
1624
1625
1621
1626
4507
1622
1627
1628
1624
1626
4513
1625
1627
1628
1627
4516
1628
1630
1631
1635
4519
1632
1636
1632
1633
4522
1634
1634
1639
4525
1640
1636
1637
4528
1638
1638
1639
4531
1640
1640
4534
1642
1643
1645
4537
1644
1646
1644
1647
4540
1648
1646
1649
4543
1650
1648
1651
4546
1652
1650
1651
4549
1652
1652
4552
1654
1656
1659
4561
1655
1657
1660
1658
1661
1657
1662
4558
1658
1663
1664
1660
1668
4567
1661
1669
1670
1663
1665
4555
1664
1666
1667
1666
1668
4564
1667
1669
1670
1669
4570
1670
1672
1674
1680
4573
1673
1675
1681
1676
1682
1675
1677
4576
1676
1678
1679
1678
1683
4579
1679
1684
1685
1681
1686
4582
1682
1687
1688
1684
1686
4585
1685
1687
1688
1687
4588
1688
1690
1692
1695
4606
1691
1693
1696
1694
1697
1693
1698
4600
1694
1699
1700
1696
1701
4603
1697
1702
1703
1699
1704
4597
1700
1705
1706
1702
1704
4594
1703
1705
1706
1705
4591
1706
1708
1710
1713
4609
1709
1711
1714
1712
1715
1711
1716
4612
1712
1717
1718
1714
1719
4615
1715
1720
1721
1717
1722
4618
1718
1723
1724
1720
1722
4624
1721
1723
1724
1723
4621
1724
1726
1727
1731
4633
1728
1732
1728
1729
4630
1730
1730
1733
4627
1734
1732
1735
4639
1736
1734
1735
4636
1736
1736
4642
1738
1739
1741
4657
1740
1742
1740
1747
4654
1748
1742
1745
4648
1746
1744
1745
1747
4651
1746
1748
1746
4645
1748
4660
1750
1755
1761
4666
1751
1756
1762
1757
1763
1753
1758
1761
4675
1754
1759
1762
1760
1763
1756
1764
4663
1757
1765
1766
1759
1764
4672
1760
1765
1766
1762
4678
1763
1765
4669
1766
1768
1770
1773
4681
1769
1771
1774
1772
1775
1771
1776
4684
1772
1777
1778
1774
1782
4687
1775
1783
1784
1777
1779
4690
1778
1780
1781
1780
1782
4693
1781
1783
1784
1783
4696
1784
1786
1788
1794
4711
1787
1789
1795
1790
1796
1789
1791
4714
1790
1792
1793
1792
1800
4708
1793
1801
1802
1795
1797
4702
1796
1798
1799
1798
1800
4699
1799
1801
1802
1801
4705
1802
1804
1806
1815
4717
1805
1807
1816
1808
1817
1807
1809
4726
1808
1810
1811
1810
1818
4732
1811
1819
1820
1813
1815
1818
4720
1814
1816
1819
1817
1820
1816
4723
1817
1819
4729
1820
1822
1823
1825
4735
1824
1826
1824
1827
4738
1828
1826
1831
4741
1832
1828
1829
4744
1830
1830
1831
4747
1832
1832
4750
1834
1837
1841
4753
1838
1842
1836
1837
1843
4756
1838
1844
1838
4759
1840
1841
1843
4762
1842
1844
1842
4765
1844
4768
1846
1848
1857
4771
1847
1849
1858
1850
1859
1849
1851
4774
1850
1852
1853
1852
1860
4777
1853
1861
1862
1855
1857
1860
4780
1856
1858
1861
1859
1862
1858
4783
1859
1861
4786
1862
1864
1869
1872
4789
1865
1870
1873
1871
1874
1867
1872
1875
4792
1868
1873
1876
1874
1877
1870
1878
4795
1871
1879
1880
1873
4798
1874
1876
1878
4801
1877
1879
1880
1879
4804
1880
1882
1884
1890
4807
1883
1885
1891
1886
1892
1885
1887
4810
1886
1888
1889
1888
1896
4813
1889
1897
1898
1891
1893
4816
1892
1894
1895
1894
1896
4819
1895
1897
1898
1897
4822
1898
1900
1911
1914
4825
1901
1912
1915
1913
1916
1903
1908
1911
4828
1904
1909
1912
1910
1913
1906
1908
1914
4831
1907
1909
1915
1910
1916
1909
4834
1910
1912
4837
1913
1915
4840
1916
1918
1919
1921
4855
1920
1922
1920
1923
4858
1924
1922
1927
4849
1928
1924
1925
4852
1926
1926
1927
4846
1928
1928
4843
1930
1931
1933
4861
1932
1934
1932
1935
4864
1936
1934
1937
4867
1938
1936
1939
4870
1940
1938
1939
4873
1940
1940
4876
1942
1944
1947
4891
1943
1945
1948
1946
1949
1945
1950
4882
1946
1951
1952
1948
1953
4894
1949
1954
1955
1951
1956
4885
1952
1957
1958
1954
1956
4888
1955
1957
1958
1957
4879
1958
1960
1965
1971
4909
1961
1966
1972
1967
1973
1963
1965
1968
4897
1964
1966
1969
1967
1970
1966
4900
1967
1969
1974
4903
1970
1975
1976
1972
1974
4906
1973
1975
1976
1975
4912
1976
1978
1980
1989
4921
1979
1981
1990
1982
1991
1981
1983
4927
1982
1984
1985
1984
1992
4930
1985
1993
1994
1987
1989
1992
4915
1988
1990
1993
1991
1994
1990
4918
1991
1993
4924
1994
1996
2001
2010
4933
1997
2002
2011
2003
2012
1999
2004
2010
4936
2000
2005
2011
2006
2012
2002
2007
4939
2003
2008
2009
2005
2007
4942
2006
2008
2009
2008
4945
2009
2011
4948
2012
2014
2015
2017
4951
2016
2018
2016
2025
4954
2026
2018
2020
4957
2019
2021
2022
2021
2023
4966
2022
2024
2024
2025
4960
2026
2026
4963
2028
2029
2035
4984
2030
2036
2030
2033
4981
2034
2032
2035
2037
4969
2036
2038
2034
2037
4975
2038
2036
4972
2038
4978
2040
2045
2047
4987
2046
2048
2042
2043
2045
4990
2044
2046
2044
2049
4993
2050
2046
4996
2048
2049
4999
2050
2050
5002
2052
2057
2060
5008
2053
2058
2061
2059
2062
2055
2057
2063
5011
2056
2058
2064
2059
2065
2058
5005
2059
2061
2066
5014
2062
2067
2068
2064
2066
5017
2065
2067
2068
2067
5020
2068
2070
2072
2078
5023
2071
2073
2079
2074
2080
2073
2081
5026
2074
2082
2083
2076
2081
2084
5029
2077
2082
2085
2083
2086
2079
2084
5032
2080
2085
2086
2082
5035
2083
2085
5038
2086
2088
2090
2096
5041
2089
2091
2097
2092
2098
2091
2093
5044
2092
2094
2095
2094
2099
5047
2095
2100
2101
2097
2102
5050
2098
2103
2104
2100
2102
5053
2101
2103
2104
2103
5056
2104
2106
2111
2114
5059
2107
2112
2115
2113
2116
2109
2117
2120
5074
2110
2118
2121
2119
2122
2112
2120
5062
2113
2121
2122
2115
2117
5065
2116
2118
2119
2118
5071
2119
2121
5068
2122
2124
2129
2131
5077
2130
2132
2126
2131
2133
5080
2132
2134
2128
2129
2133
5083
2130
2134
2130
5086
2132
5089
2134
5092
2136
2144
2147
5095
2137
2145
2148
2146
2149
2139
2144
2150
5098
2140
2145
2151
2146
2152
2142
2147
2150
5101
2143
2148
2151
2149
2152
2145
5104
2146
2148
5107
2149
2151
5110
2152
2154
2156
2159
5113
2155
2157
2160
2158
2161
2157
2162
5116
2158
2163
2164
2160
2168
5119
2161
2169
2170
2163
2165
5122
2164
2166
2167
2166
2168
5125
2167
2169
2170
2169
5128
2170
2172
2174
2177
5131
2173
2175
2178
2176
2179
2175
2180
5134
2176
2181
2182
2178
2183
5137
2179
2184
2185
2181
2186
5140
2182
2187
2188
2184
2186
5143
2185
2187
2188
2187
5146
2188
2190
2192
2195
5158
2191
2193
2196
2194
2197
2193
2204
5149
2194
2205
2206
2196
2198
5155
2197
2199
2200
2199
2201
5161
2200
2202
2203
2202
2204
5152
2203
2205
2206
2205
5164
2206
2208
2209
2213
5170
2210
2214
2210
2215
5176
2216
2212
2215
2217
5173
2216
2218
2214
2217
5179
2218
2216
5182
2218
5167
2220
2221
2223
5185
2222
2224
2222
2227
5188
2228
2224
2229
5191
2230
2226
2227
2229
5194
2228
2230
2228
5197
2230
5200
2232
2234
2237
5212
2233
2235
2238
2236
2239
2235
2246
5206
2236
2247
2248
2238
2243
5218
2239
2244
2245
2241
2243
2246
5203
2242
2244
2247
2245
2248
2244
5215
2245
2247
5209
2248
2250
2252
2255
5230
2251
2253
2256
2254
2257
2253
2258
5221
2254
2259
2260
2256
2261
5233
2257
2262
2263
2259
2264
5224
2260
2265
2266
2262
2264
5236
2263
2265
2266
2265
5227
2266
2268
2270
2282
5242
2269
2271
2283
2272
2284
2271
2276
5248
2272
2277
2278
2274
2276
2279
5254
2275
2277
2280
2278
2281
2277
5251
2278
2280
2282
5239
2281
2283
2284
2283
5245
2284
2286
2288
2294
5257
2287
2289
2295
2290
2296
2289
2291
5260
2290
2292
2293
2292
2297
5263
2293
2298
2299
2295
2300
5266
2296
2301
2302
2298
2300
5269
2299
2301
2302
2301
5272
2302
2304
2305
2307
5275
2306
2308
2306
2311
5278
2312
2308
2309
5281
2310
2310
2313
5284
2314
2312
2313
5287
2314
2314
5290
2316
2317
2325
5296
2318
2326
2318
2321
5302
2322
2320
2321
2323
5305
2322
2324
2322
5308
2324
2325
5299
2326
2326
5293
2328
2330
2333
5311
2329
2331
2334
2332
2335
2331
2339
5314
2332
2340
2341
2334
2336
5317
2335
2337
2338
2337
2342
5320
2338
2343
2344
2340
2342
5323
2341
2343
2344
2343
5326
2344
2346
2357
2360
5338
2347
2358
2361
2359
2362
2349
2351
2354
5329
2350
2352
2355
2353
2356
2352
2357
5332
2353
2358
2359
2355
2360
5335
2356
2361
2362
2358
5341
2359
2361
5344
2362
2364
2366
2369
5347
2365
2367
2370
2368
2371
2367
2372
5353
2368
2373
2374
2370
2375
5350
2371
2376
2377
2373
2378
5362
2374
2379
2380
2376
2378
5356
2377
2379
2380
2379
5359
2380
2382
2384
2387
5371
2383
2385
2388
2386
2389
2385
2390
5365
2386
2391
2392
2388
2393
5380
2389
2394
2395
2391
2396
5368
2392
2397
2398
2394
2396
5377
2395
2397
2398
2397
5374
2398
2400
2403
2405
5383
2404
2406
2402
2407
2409
5386
2408
2410
2404
2407
5389
2408
2406
2409
5392
2410
2408
5395
2410
5398
2412
2413
2419
5401
2414
2420
2414
2415
5404
2416
2416
2421
5410
2422
2418
2419
2421
5407
2420
2422
2420
5413
2422
5416
2424
2426
2429
5422
2425
2427
2430
2428
2431
2427
2432
5419
2428
2433
2434
2430
2435
5428
2431
2436
2437
2433
2438
5425
2434
2439
2440
2436
2438
5431
2437
2439
2440
2439
5434
2440
2442
2444
2450
5437
2443
2445
2451
2446
2452
2445
2453
5440
2446
2454
2455
2448
2453
2456
5443
2449
2454
2457
2455
2458
2451
2456
5446
2452
2457
2458
2454
5449
2455
2457
5452
2458
2460
2462
2468
5455
2461
2463
2469
2464
2470
2463
2465
5458
2464
2466
2467
2466
2474
5461
2467
2475
2476
2469
2471
5464
2470
2472
2473
2472
2474
5467
2473
2475
2476
2475
5470
2476
2478
2480
2486
5473
2479
2481
2487
2482
2488
2481
2483
5476
2482
2484
2485
2484
2489
5479
2485
2490
2491
2487
2492
5482
2488
2493
2494
2490
2492
5485
2491
2493
2494
2493
5488
2494
2496
2497
2501
5491
2498
2502
2498
2503
5494
2504
2500
2503
2505
5497
2504
2506
2502
2505
5500
2506
2504
5503
2506
5506
2508
2511
2513
5509
2512
2514
2510
2511
2517
5512
2512
2518
2512
5515
2514
2515
5518
2516
2516
2517
5521
2518
2518
5524
2520
2528
2531
5539
2521
2529
2532
2530
2533
2523
2525
2531
5527
2524
2526
2532
2527
2533
2526
2534
5536
2527
2535
2536
2529
2534
5533
2530
2535
2536
2532
5530
2533
2535
5542
2536
2538
2540
2549
5548
2539
2541
2550
2542
2551
2541
2543
5545
2542
2544
2545
2544
2546
5551
2545
2547
2548
2547
2552
5557
2548
2553
2554
2550
2552
5554
2551
2553
2554
2553
5560
2554
2556
2564
2567
5569
2557
2565
2568
2566
2569
2559
2567
2570
5566
2560
2568
2571
2569
2572
2562
2564
2570
5572
2563
2565
2571
2566
2572
2565
5575
2566
2568
5578
2569
2571
5563
2572
2574
2582
2585
5581
2575
2583
2586
2584
2587
2577
2585
2588
5587
2578
2586
2589
2587
2590
2580
2582
2588
5590
2581
2583
2589
2584
2590
2583
5593
2584
2586
5584
2587
2589
5596
2590
2592
2593
2595
5602
2594
2596
2594
2599
5599
2600
2596
2597
5605
2598
2598
2601
5608
2602
2600
2601
5611
2602
2602
5614
2604
2605
2607
5620
2606
2608
2606
2611
5617
2612
2608
2613
5629
2614
2610
2611
2613
5626
2612
2614
2612
5623
2614
5632
2616
2619
2624
5641
2620
2625
2618
2619
2621
5638
2620
2622
2620
5635
2622
2626
5647
2623
2627
2625
2626
5650
2627
2627
5644
2629
2634
2637
5653
2630
2635
2638
2636
2639
2632
2634
2640
5656
2633
2635
2641
2636
2642
2635
5659
2636
2638
2643
5662
2639
2644
2645
2641
2643
5665
2642
2644
2645
2644
5668
2645
2647
2649
2652
5686
2648
2650
2653
2651
2654
2650
2658
5677
2651
2659
2660
2653
2661
5683
2654
2662
2663
2656
2658
2661
5671
2657
2659
2662
2660
2663
2659
5674
2660
2662
5680
2663
2665
2667
2670
5689
2666
2668
2671
2669
2672
2668
2676
5695
2669
2677
2678
2671
2679
5692
2672
2680
2681
2674
2676
2679
5698
2675
2677
2680
2678
2681
2677
5701
2678
2680
5704
2681
2683
2686
2690
5707
2687
2691
2685
2686
2688
5710
2687
2689
2687
5713
2689
2692
5716
2693
2691
2692
5719
2693
2693
5722
2695
2698
2704
5740
2699
2705
2697
2700
2702
5725
2701
2703
2699
2700
5737
2701
2701
5731
2703
2704
5728
2705
2705
5734
2707
2710
2714
5743
2711
2715
2709
2710
2712
5746
2711
2713
2711
5749
2713
2716
5752
2717
2715
2716
5755
2717
2717
5758
2719
2721
2727
5767
2720
2722
2728
2723
2729
2722
2724
5764
2723
2725
2726
2725
2733
5770
2726
2734
2735
2728
2730
5773
2729
2731
2732
2731
2733
5761
2732
2734
2735
2734
5776
2735
2737
2739
2745
5779
2738
2740
2746
2741
2747
2740
2742
5782
2741
2743
2744
2743
2748
5785
2744
2749
2750
2746
2751
5788
2747
2752
2753
2749
2751
5791
2750
2752
2753
2752
5794
2753
2755
2757
2763
5797
2756
2758
2764
2759
2765
2758
2760
5800
2759
2761
2762
2761
2766
5803
2762
2767
2768
2764
2769
5806
2765
2770
2771
2767
2769
5809
2768
2770
2771
2770
5812
2771
2773
2778
2781
5818
2774
2779
2782
2780
2783
2776
2784
2787
5815
2777
2785
2788
2786
2779
2787
5830
2780
2788
2782
2784
5821
2783
2785
2786
2785
5824
2786
2788
5827
2790
2792
2795
2791
2793
2796
2794
2797
2793
2804
2794
2805
2806
2796
2798
2797
2799
2800
2799
2801
2800
2802
2803
2802
2804
2803
2805
2806
2805
2806
2808
2816
2822
2809
2817
2823
2818
2824
2811
2819
2822
2812
2820
2823
2821
2824
2814
2816
2819
2815
2817
2820
2818
2821
2817
2818
2820
2821
2823
2824
2826
2828
2837
2827
2829
2838
2830
2839
2829
2840
2830
2841
2842
2832
2834
2837
2833
2835
2838
2836
2839
2835
2840
2836
2841
2842
2838
2839
2841
2842
2844
2846
2858
2845
2847
2859
2848
2860
2847
2855
2848
2856
2857
2850
2852
2858
2851
2853
2859
2854
2860
2853
2855
2854
2856
2857
2856
2857
2859
2860
2862
2864
2867
2863
2865
2868
2866
2869
2865
2876
2866
2877
2878
2868
2870
2869
2871
2872
2871
2873
2872
2874
2875
2874
2876
2875
2877
2878
2877
2878
2880
2885
2894
2881
2886
2895
2887
2896
2883
2885
2891
2884
2886
2892
2887
2893
2886
2887
2889
2891
2894
2890
2892
2895
2893
2896
2892
2893
2895
2896
2898
2900
2909
2899
2901
2910
2902
2911
2901
2903
2902
2904
2905
2904
2906
2905
2907
2908
2907
2912
2908
2913
2914
2910
2912
2911
2913
2914
2913
2914
2916
2918
2924
2917
2919
2925
2920
2926
2919
2921
2920
2922
2923
2922
2927
2923
2928
2929
2925
2930
2926
2931
2932
2928
2930
2929
2931
2932
2931
2932
2934
2945
2948
2935
2946
2949
2947
2950
2937
2942
2945
2938
2943
2946
2944
2947
2940
2942
2948
2941
2943
2949
2944
2950
2943
2944
2946
2947
2949
2950
2952
2954
2957
2953
2955
2958
2956
2959
2955
2963
2956
2964
2965
2958
2966
2959
2967
2968
2961
2963
2966
2962
2964
2967
2965
2968
2964
2965
2967
2968
2970
2978
2981
2971
2979
2982
2980
2983
2973
2975
2981
2974
2976
2982
2977
2983
2976
2984
2977
2985
2986
2979
2984
2980
2985
2986
2982
2983
2985
2986
2988
2990
2999
2989
2991
3000
2992
3001
2991
2993
2992
2994
2995
2994
2996
2995
2997
2998
2997
3002
2998
3003
3004
3000
3002
3001
3003
3004
3003
3004
3006
3008
3011
3007
3009
3012
3010
3013
3009
3014
3010
3015
3016
3012
3020
3013
3021
3022
3015
3017
3016
3018
3019
3018
3020
3019
3021
3022
3021
3022
3024
3026
3038
3025
3027
3039
3028
3040
3027
3035
3028
3036
3037
3030
3032
3038
3031
3033
3039
3034
3040
3033
3035
3034
3036
3037
3036
3037
3039
3040
3042
3044
3056
3043
3045
3057
3046
3058
3045
3047
3046
3048
3049
3048
3050
3049
3051
3052
3051
3053
3052
3054
3055
3054
3056
3055
3057
3058
3057
3058
3060
3062
3065
3061
3063
3066
3064
3067
3063
3068
3064
3069
3070
3066
3071
3067
3072
3073
3069
3074
3070
3075
3076
3072
3074
3073
3075
3076
3075
3076
3078
3083
3086
3079
3084
3087
3085
3088
3081
3083
3089
3082
3084
3090
3085
3091
3084
3085
3087
3092
3088
3093
3094
3090
3092
3091
3093
3094
3093
3094
3096
3098
3101
3097
3099
3102
3100
3103
3099
3104
3100
3105
3106
3102
3107
3103
3108
3109
3105
3110
3106
3111
3112
3108
3110
3109
3111
3112
3111
3112
3114
3119
3125
3115
3120
3126
3121
3127
3117
3119
3128
3118
3120
3129
3121
3130
3120
3121
3123
3125
3128
3124
3126
3129
3127
3130
3126
3127
3129
3130
3132
3140
3143
3133
3141
3144
3142
3145
3135
3137
3140
3136
3138
3141
3139
3142
3138
3146
3139
3147
3148
3141
3142
3144
3146
3145
3147
3148
3147
3148
3150
3155
3158
3151
3156
3159
3157
3160
3153
3155
3164
3154
3156
3165
3157
3166
3156
3157
3159
3161
3160
3162
3163
3162
3164
3163
3165
3166
3165
3166
3168
3170
3173
3169
3171
3174
3172
3175
3171
3179
3172
3180
3181
3174
3176
3175
3177
3178
3177
3182
3178
3183
3184
3180
3182
3181
3183
3184
3183
3184
3186
3188
3197
3187
3189
3198
3190
3199
3189
3194
3190
3195
3196
3192
3197
3200
3193
3198
3201
3199
3202
3195
3200
3196
3201
3202
3198
3199
3201
3202
3204
3209
3218
3205
3210
3219
3211
3220
3207
3209
3215
3208
3210
3216
3211
3217
3210
3211
3213
3215
3218
3214
3216
3219
3217
3220
3216
3217
3219
3220
3222
3224
3230
3223
3225
3231
3226
3232
3225
3227
3226
3228
3229
3228
3236
3229
3237
3238
3231
3233
3232
3234
3235
3234
3236
3235
3237
3238
3237
3238
3240
3242
3245
3241
3243
3246
3244
3247
3243
3251
3244
3252
3253
3246
3254
3247
3255
3256
3249
3251
3254
3250
3252
3255
3253
3256
3252
3253
3255
3256
3258
3269
3272
3259
3270
3273
3271
3274
3261
3263
3269
3262
3264
3270
3265
3271
3264
3266
3265
3267
3268
3267
3272
3268
3273
3274
3270
3271
3273
3274
3276
3278
3281
3277
3279
3282
3280
3283
3279
3287
3280
3288
3289
3282
3290
3283
3291
3292
3285
3287
3290
3286
3288
3291
3289
3292
3288
3289
3291
3292
3294
3296
3299
3295
3297
3300
3298
3301
3297
3302
3298
3303
3304
3300
3305
3301
3306
3307
3303
3308
3304
3309
3310
3306
3308
3307
3309
3310
3309
3310
3312
3314
3320
3313
3315
3321
3316
3322
3315
3317
3316
3318
3319
3318
3326
3319
3327
3328
3321
3323
3322
3324
3325
3324
3326
3325
3327
3328
3327
3328
3330
3332
3335
3331
3333
3336
3334
3337
3333
3341
3334
3342
3343
3336
3338
3337
3339
3340
3339
3344
3340
3345
3346
3342
3344
3343
3345
3346
3345
3346
3348
3350
3353
3349
3351
3354
3352
3355
3351
3356
3352
3357
3358
3354
3359
3355
3360
3361
3357
3362
3358
3363
3364
3360
3362
3361
3363
3364
3363
3364
3366
3368
3371
3367
3369
3372
3370
3373
3369
3380
3370
3381
3382
3372
3374
3373
3375
3376
3375
3377
3376
3378
3379
3378
3380
3379
3381
3382
3381
3382
3384
3386
3389
3385
3387
3390
3388
3391
3387
3392
3388
3393
3394
3390
3398
3391
3399
3400
3393
3395
3394
3396
3397
3396
3398
3397
3399
3400
3399
3400
3402
3404
3413
3403
3405
3414
3406
3415
3405
3407
3406
3408
3409
3408
3410
3409
3411
3412
3411
3416
3412
3417
3418
3414
3416
3415
3417
3418
3417
3418
3420
3422
3425
3421
3423
3426
3424
3427
3423
3434
3424
3435
3436
3426
3428
3427
3429
3430
3429
3431
3430
3432
3433
3432
3434
3433
3435
3436
3435
3436
3438
3440
3446
3439
3441
3447
3442
3448
3441
3443
3442
3444
3445
3444
3449
3445
3450
3451
3447
3452
3448
3453
3454
3450
3452
3451
3453
3454
3453
3454
3456
3458
3470
3457
3459
3471
3460
3472
3459
3464
3460
3465
3466
3462
3464
3467
3463
3465
3468
3466
3469
3465
3466
3468
3470
3469
3471
3472
3471
3472
3474
3476
3479
3475
3477
3480
3478
3481
3477
3482
3478
3483
3484
3480
3485
3481
3486
3487
3483
3488
3484
3489
3490
3486
3488
3487
3489
3490
3489
3490
3492
3494
3500
3493
3495
3501
3496
3502
3495
3506
3496
3507
3508
3498
3500
3503
3499
3501
3504
3502
3505
3501
3502
3504
3506
3505
3507
3508
3507
3508
3510
3515
3521
3511
3516
3522
3517
3523
3513
3518
3521
3514
3519
3522
3520
3523
3516
3524
3517
3525
3526
3519
3524
3520
3525
3526
3522
3523
3525
3526
3528
3533
3536
3529
3534
3537
3535
3538
3531
3533
3542
3532
3534
3543
3535
3544
3534
3535
3537
3539
3538
3540
3541
3540
3542
3541
3543
3544
3543
3544
3546
3548
3551
3547
3549
3552
3550
3553
3549
3554
3550
3555
3556
3552
3557
3553
3558
3559
3555
3560
3556
3561
3562
3558
3560
3559
3561
3562
3561
3562
3564
3566
3575
3565
3567
3576
3568
3577
3567
3578
3568
3579
3580
3570
3572
3575
3571
3573
3576
3574
3577
3573
3578
3574
3579
3580
3576
3577
3579
3580
3582
3587
3590
3583
3588
3591
3589
3592
3585
3587
3596
3586
3588
3597
3589
3598
3588
3589
3591
3593
3592
3594
3595
3594
3596
3595
3597
3598
3597
3598
3600
3605
3611
3601
3606
3612
3607
3613
3603
3611
3614
3604
3612
3615
3613
3616
3606
3608
3607
3609
3610
3609
3614
3610
3615
3616
3612
3613
3615
3616
3618
3620
3623
3619
3621
3624
3622
3625
3621
3626
3622
3627
3628
3624
3629
3625
3630
3631
3627
3632
3628
3633
3634
3630
3632
3631
3633
3634
3633
3634
3636
3638
3641
3637
3639
3642
3640
3643
3639
3644
3640
3645
3646
3642
3647
3643
3648
3649
3645
3650
3646
3651
3652
3648
3650
3649
3651
3652
3651
3652
3654
3656
3662
3655
3657
3663
3658
3664
3657
3665
3658
3666
3667
3660
3662
3668
3661
3663
3669
3664
3670
3663
3664
3666
3668
3667
3669
3670
3669
3670
3672
3677
3683
3673
3678
3684
3679
3685
3675
3680
3686
3676
3681
3687
3682
3688
3678
3686
3679
3687
3688
3681
3683
3682
3684
3685
3684
3685
3687
3688
3690
3692
3695
3691
3693
3696
3694
3697
3693
3701
3694
3702
3703
3696
3698
3697
3699
3700
3699
3704
3700
3705
3706
3702
3704
3703
3705
3706
3705
3706
3708
3710
3713
3709
3711
3714
3712
3715
3711
3719
3712
3720
3721
3714
3716
3715
3717
3718
3717
3722
3718
3723
3724
3720
3722
3721
3723
3724
3723
3724
3726
3728
3731
3727
3729
3732
3730
3733
3729
3737
3730
3738
3739
3732
3740
3733
3741
3742
3735
3737
3740
3736
3738
3741
3739
3742
3738
3739
3741
3742
3744
3746
3752
3745
3747
3753
3748
3754
3747
3755
3748
3756
3757
3750
3755
3758
3751
3756
3759
3757
3760
3753
3758
3754
3759
3760
3756
3757
3759
3760
3762
3767
3773
3763
3768
3774
3769
3775
3765
3770
3776
3766
3771
3777
3772
3778
3768
3770
3769
3771
3772
3771
3772
3774
3776
3775
3777
3778
3777
3778
3780
3782
3788
3781
3783
3789
3784
3790
3783
3791
3784
3792
3793
3786
3788
3794
3787
3789
3795
3790
3796
3789
3790
3792
3794
3793
3795
3796
3795
3796
3798
3806
3809
3799
3807
3810
3808
3811
3801
3803
3806
3802
3804
3807
3805
3808
3804
3812
3805
3813
3814
3807
3808
3810
3812
3811
3813
3814
3813
3814
3816
3818
3821
3817
3819
3822
3820
3823
3819
3827
3820
3828
3829
3822
3824
3823
3825
3826
3825
3830
3826
3831
3832
3828
3830
3829
3831
3832
3831
3832
3834
3836
3839
3835
3837
3840
3838
3841
3837
3845
3838
3846
3847
3840
3842
3841
3843
3844
3843
3848
3844
3849
3850
3846
3848
3847
3849
3850
3849
3850
3852
3854
3857
3853
3855
3858
3856
3859
3855
3863
3856
3864
3865
3858
3860
3859
3861
3862
3861
3866
3862
3867
3868
3864
3866
3865
3867
3868
3867
3868
3870
3872
3875
3871
3873
3876
3874
3877
3873
3878
3874
3879
3880
3876
3881
3877
3882
3883
3879
3884
3880
3885
3886
3882
3884
3883
3885
3886
3885
3886
3888
3890
3893
3889
3891
3894
3892
3895
3891
3899
3892
3900
3901
3894
3902
3895
3903
3904
3897
3899
3902
3898
3900
3903
3901
3904
3900
3901
3903
3904
3906
3908
3914
3907
3909
3915
3910
3916
3909
3911
3910
3912
3913
3912
3917
3913
3918
3919
3915
3920
3916
3921
3922
3918
3920
3919
3921
3922
3921
3922
3924
3926
3929
3925
3927
3930
3928
3931
3927
3935
3928
3936
3937
3930
3932
3931
3933
3934
3933
3938
3934
3939
3940
3936
3938
3937
3939
3940
3939
3940
3942
3944
3947
3943
3945
3948
3946
3949
3945
3953
3946
3954
3955
3948
3950
3949
3951
3952
3951
3956
3952
3957
3958
3954
3956
3955
3957
3958
3957
3958
3960
3962
3965
3961
3963
3966
3964
3967
3963
3968
3964
3969
3970
3966
3971
3967
3972
3973
3969
3974
3970
3975
3976
3972
3974
3973
3975
3976
3975
3976
3978
3980
3983
3979
3981
3984
3982
3985
3981
3986
3982
3987
3988
3984
3992
3985
3993
3994
3987
3989
3988
3990
3991
3990
3992
3991
3993
3994
3993
3994
3996
3998
4010
3997
3999
4011
4000
4012
3999
4001
4000
4002
4003
4002
4004
4003
4005
4006
4005
4007
4006
4008
4009
4008
4010
4009
4011
4012
4011
4012
4014
4016
4025
4015
4017
4026
4018
4027
4017
4028
4018
4029
4030
4020
4022
4025
4021
4023
4026
4024
4027
4023
4028
4024
4029
4030
4026
4027
4029
4030
4032
4034
4037
4033
4035
4038
4036
4039
4035
4043
4036
4044
4045
4038
4040
4039
4041
4042
4041
4046
4042
4047
4048
4044
4046
4045
4047
4048
4047
4048
4050
4055
4064
4051
4056
4065
4057
4066
4053
4061
4064
4054
4062
4065
4063
4066
4056
4058
4057
4059
4060
4059
4061
4060
4062
4063
4062
4063
4065
4066
4068
4070
4076
4069
4071
4077
4072
4078
4071
4073
4072
4074
4075
4074
4079
4075
4080
4081
4077
4082
4078
4083
4084
4080
4082
4081
4083
4084
4083
4084
4086
4094
4100
4087
4095
4101
4096
4102
4089
4091
4094
4090
4092
4095
4093
4096
4092
4097
4093
4098
4099
4095
4096
4098
4100
4099
4101
4102
4101
4102
4104
4109
4112
4105
4110
4113
4111
4114
4107
4109
4115
4108
4110
4116
4111
4117
4110
4111
4113
4118
4114
4119
4120
4116
4118
4117
4119
4120
4119
4120
4122
4124
4136
4123
4125
4137
4126
4138
4125
4127
4126
4128
4129
4128
4130
4129
4131
4132
4131
4133
4132
4134
4135
4134
4136
4135
4137
4138
4137
4138
4140
4142
4148
4141
4143
4149
4144
4150
4143
4145
4144
4146
4147
4146
4151
4147
4152
4153
4149
4154
4150
4155
4156
4152
4154
4153
4155
4156
4155
4156
4158
4163
4172
4159
4164
4173
4165
4174
4161
4169
4172
4162
4170
4173
4171
4174
4164
4166
4165
4167
4168
4167
4169
4168
4170
4171
4170
4171
4173
4174
4176
4178
4184
4177
4179
4185
4180
4186
4179
4181
4180
4182
4183
4182
4190
4183
4191
4192
4185
4187
4186
4188
4189
4188
4190
4189
4191
4192
4191
4192
4194
4196
4202
4195
4197
4203
4198
4204
4197
4199
4198
4200
4201
4200
4205
4201
4206
4207
4203
4208
4204
4209
4210
4206
4208
4207
4209
4210
4209
4210
4212
4214
4223
4213
4215
4224
4216
4225
4215
4226
4216
4227
4228
4218
4220
4226
4219
4221
4227
4222
4228
4221
4223
4222
4224
4225
4224
4225
4227
4228
4230
4235
4241
4231
4236
4242
4237
4243
4233
4235
4238
4234
4236
4239
4237
4240
4236
4237
4239
4244
4240
4245
4246
4242
4244
4243
4245
4246
4245
4246
4248
4250
4253
4249
4251
4254
4252
4255
4251
4256
4252
4257
4258
4254
4259
4255
4260
4261
4257
4262
4258
4263
4264
4260
4262
4261
4263
4264
4263
4264
4266
4268
4271
4267
4269
4272
4270
4273
4269
4277
4270
4278
4279
4272
4274
4273
4275
4276
4275
4280
4276
4281
4282
4278
4280
4279
4281
4282
4281
4282
4284
4286
4289
4285
4287
4290
4288
4291
4287
4292
4288
4293
4294
4290
4295
4291
4296
4297
4293
4298
4294
4299
4300
4296
4298
4297
4299
4300
4299
4300
4302
4304
4307
4303
4305
4308
4306
4309
4305
4316
4306
4317
4318
4308
4310
4309
4311
4312
4311
4313
4312
4314
4315
4314
4316
4315
4317
4318
4317
4318
4320
4322
4325
4321
4323
4326
4324
4327
4323
4331
4324
4332
4333
4326
4328
4327
4329
4330
4329
4334
4330
4335
4336
4332
4334
4333
4335
4336
4335
4336
4338
4343
4349
4339
4344
4350
4345
4351
4341
4343
4352
4342
4344
4353
4345
4354
4344
4345
4347
4349
4352
4348
4350
4353
4351
4354
4350
4351
4353
4354
4356
4358
4361
4357
4359
4362
4360
4363
4359
4367
4360
4368
4369
4362
4364
4363
4365
4366
4365
4370
4366
4371
4372
4368
4370
4369
4371
4372
4371
4372
4374
4382
4385
4375
4383
4386
4384
4387
4377
4385
4388
4378
4386
4389
4387
4390
4380
4382
4388
4381
4383
4389
4384
4390
4383
4384
4386
4387
4389
4390
4392
4394
4400
4393
4395
4401
4396
4402
4395
4403
4396
4404
4405
4398
4403
4406
4399
4404
4407
4405
4408
4401
4406
4402
4407
4408
4404
4405
4407
4408
4410
4412
4415
4411
4413
4416
4414
4417
4413
4418
4414
4419
4420
4416
4421
4417
4422
4423
4419
4424
4420
4425
4426
4422
4424
4423
4425
4426
4425
4426
4428
4430
4433
4429
4431
4434
4432
4435
4431
4439
4432
4440
4441
4434
4442
4435
4443
4444
4437
4439
4442
4438
4440
4443
4441
4444
4440
4441
4443
4444
4446
4448
4451
4447
4449
4452
4450
4453
4449
4454
4450
4455
4456
4452
4460
4453
4461
4462
4455
4457
4456
4458
4459
4458
4460
4459
4461
4462
4461
4462
4464
4469
4475
4465
4470
4476
4471
4477
4467
4469
4472
4468
4470
4473
4471
4474
4470
4471
4473
4478
4474
4479
4480
4476
4478
4477
4479
4480
4479
4480
4482
4490
4493
4483
4491
4494
4492
4495
4485
4487
4496
4486
4488
4497
4489
4498
4488
4493
4489
4494
4495
4491
4496
4492
4497
4498
4494
4495
4497
4498
4500
4502
4508
4501
4503
4509
4504
4510
4503
4505
4504
4506
4507
4506
4514
4507
4515
4516
4509
4511
4510
4512
4513
4512
4514
4513
4515
4516
4515
4516
4518
4520
4526
4519
4521
4527
4522
4528
4521
4523
4522
4524
4525
4524
4532
4525
4533
4534
4527
4529
4528
4530
4531
4530
4532
4531
4533
4534
4533
4534
4536
4538
4541
4537
4539
4542
4540
4543
4539
4544
4540
4545
4546
4542
4547
4543
4548
4549
4545
4550
4546
4551
4552
4548
4550
4549
4551
4552
4551
4552
4554
4556
4562
4555
4557
4563
4558
4564
4557
4559
4558
4560
4561
4560
4565
4561
4566
4567
4563
4568
4564
4569
4570
4566
4568
4567
4569
4570
4569
4570
4572
4574
4580
4573
4575
4581
4576
4582
4575
4577
4576
4578
4579
4578
4583
4579
4584
4585
4581
4586
4582
4587
4588
4584
4586
4585
4587
4588
4587
4588
4590
4592
4595
4591
4593
4596
4594
4597
4593
4601
4594
4602
4603
4596
4598
4597
4599
4600
4599
4604
4600
4605
4606
4602
4604
4603
4605
4606
4605
4606
4608
4610
4613
4609
4611
4614
4612
4615
4611
4616
4612
4617
4618
4614
4622
4615
4623
4624
4617
4619
4618
4620
4621
4620
4622
4621
4623
4624
4623
4624
4626
4628
4634
4627
4629
4635
4630
4636
4629
4631
4630
4632
4633
4632
4637
4633
4638
4639
4635
4640
4636
4641
4642
4638
4640
4639
4641
4642
4641
4642
4644
4646
4649
4645
4647
4650
4648
4651
4647
4655
4648
4656
4657
4650
4658
4651
4659
4660
4653
4655
4658
4654
4656
4659
4657
4660
4656
4657
4659
4660
4662
4664
4667
4663
4665
4668
4666
4669
4665
4676
4666
4677
4678
4668
4670
4669
4671
4672
4671
4673
4672
4674
4675
4674
4676
4675
4677
4678
4677
4678
4680
4682
4685
4681
4683
4686
4684
4687
4683
4688
4684
4689
4690
4686
4694
4687
4695
4696
4689
4691
4690
4692
4693
4692
4694
4693
4695
4696
4695
4696
4698
4700
4703
4699
4701
4704
4702
4705
4701
4709
4702
4710
4711
4704
4706
4705
4707
4708
4707
4712
4708
4713
4714
4710
4712
4711
4713
4714
4713
4714
4716
4721
4724
4717
4722
4725
4723
4726
4719
4721
4727
4720
4722
4728
4723
4729
4722
4723
4725
4730
4726
4731
4732
4728
4730
4729
4731
4732
4731
4732
4734
4736
4739
4735
4737
4740
4738
4741
4737
4742
4738
4743
4744
4740
4748
4741
4749
4750
4743
4745
4744
4746
4747
4746
4748
4747
4749
4750
4749
4750
4752
4757
4763
4753
4758
4764
4759
4765
4755
4757
4766
4756
4758
4767
4759
4768
4758
4759
4761
4763
4766
4762
4764
4767
4765
4768
4764
4765
4767
4768
4770
4772
4781
4771
4773
4782
4774
4783
4773
4775
4774
4776
4777
4776
4784
4777
4785
4786
4779
4781
4784
4780
4782
4785
4783
4786
4782
4783
4785
4786
4788
4793
4796
4789
4794
4797
4795
4798
4791
4796
4799
4792
4797
4800
4798
4801
4794
4802
4795
4803
4804
4797
4798
4800
4802
4801
4803
4804
4803
4804
4806
4808
4814
4807
4809
4815
4810
4816
4809
4811
4810
4812
4813
4812
4820
4813
4821
4822
4815
4817
4816
4818
4819
4818
4820
4819
4821
4822
4821
4822
4824
4835
4838
4825
4836
4839
4837
4840
4827
4832
4835
4828
4833
4836
4834
4837
4830
4832
4838
4831
4833
4839
4834
4840
4833
4834
4836
4837
4839
4840
4842
4844
4847
4843
4845
4848
4846
4849
4845
4850
4846
4851
4852
4848
4853
4849
4854
4855
4851
4856
4852
4857
4858
4854
4856
4855
4857
4858
4857
4858
4860
4862
4865
4861
4863
4866
4864
4867
4863
4868
4864
4869
4870
4866
4871
4867
4872
4873
4869
4874
4870
4875
4876
4872
4874
4873
4875
4876
4875
4876
4878
4883
4886
4879
4884
4887
4885
4888
4881
4883
4889
4882
4884
4890
4885
4891
4884
4885
4887
4892
4888
4893
4894
4890
4892
4891
4893
4894
4893
4894
4896
4898
4901
4897
4899
4902
4900
4903
4899
4907
4900
4908
4909
4902
4910
4903
4911
4912
4905
4907
4910
4906
4908
4911
4909
4912
4908
4909
4911
4912
4914
4916
4922
4915
4917
4923
4918
4924
4917
4919
4918
4920
4921
4920
4925
4921
4926
4927
4923
4928
4924
4929
4930
4926
4928
4927
4929
4930
4929
4930
4932
4937
4946
4933
4938
4947
4939
4948
4935
4940
4946
4936
4941
4947
4942
4948
4938
4943
4939
4944
4945
4941
4943
4942
4944
4945
4944
4945
4947
4948
4950
4952
4955
4951
4953
4956
4954
4957
4953
4961
4954
4962
4963
4956
4964
4957
4965
4966
4959
4961
4964
4960
4962
4965
4963
4966
4962
4963
4965
4966
4968
4970
4976
4969
4971
4977
4972
4978
4971
4982
4972
4983
4984
4974
4976
4979
4975
4977
4980
4978
4981
4977
4978
4980
4982
4981
4983
4984
4983
4984
4986
4994
4997
4987
4995
4998
4996
4999
4989
4991
4994
4990
4992
4995
4993
4996
4992
5000
4993
5001
5002
4995
4996
4998
5000
4999
5001
5002
5001
5002
5004
5006
5009
5005
5007
5010
5008
5011
5007
5012
5008
5013
5014
5010
5015
5011
5016
5017
5013
5018
5014
5019
5020
5016
5018
5017
5019
5020
5019
5020
5022
5024
5030
5023
5025
5031
5026
5032
5025
5033
5026
5034
5035
5028
5033
5036
5029
5034
5037
5035
5038
5031
5036
5032
5037
5038
5034
5035
5037
5038
5040
5042
5048
5041
5043
5049
5044
5050
5043
5045
5044
5046
5047
5046
5051
5047
5052
5053
5049
5054
5050
5055
5056
5052
5054
5053
5055
5056
5055
5056
5058
5060
5063
5059
5061
5064
5062
5065
5061
5066
5062
5067
5068
5064
5069
5065
5070
5071
5067
5072
5068
5073
5074
5070
5072
5071
5073
5074
5073
5074
5076
5084
5087
5077
5085
5088
5086
5089
5079
5087
5090
5080
5088
5091
5089
5092
5082
5084
5090
5083
5085
5091
5086
5092
5085
5086
5088
5089
5091
5092
5094
5102
5105
5095
5103
5106
5104
5107
5097
5102
5108
5098
5103
5109
5104
5110
5100
5105
5108
5101
5106
5109
5107
5110
5103
5104
5106
5107
5109
5110
5112
5114
5117
5113
5115
5118
5116
5119
5115
5120
5116
5121
5122
5118
5126
5119
5127
5128
5121
5123
5122
5124
5125
5124
5126
5125
5127
5128
5127
5128
5130
5132
5135
5131
5133
5136
5134
5137
5133
5138
5134
5139
5140
5136
5141
5137
5142
5143
5139
5144
5140
5145
5146
5142
5144
5143
5145
5146
5145
5146
5148
5156
5162
5149
5157
5163
5158
5164
5151
5159
5162
5152
5160
5163
5161
5164
5154
5156
5159
5155
5157
5160
5158
5161
5157
5158
5160
5161
5163
5164
5166
5171
5177
5167
5172
5178
5173
5179
5169
5174
5177
5170
5175
5178
5176
5179
5172
5180
5173
5181
5182
5175
5180
5176
5181
5182
5178
5179
5181
5182
5184
5186
5189
5185
5187
5190
5188
5191
5187
5195
5188
5196
5197
5190
5198
5191
5199
5200
5193
5195
5198
5194
5196
5199
5197
5200
5196
5197
5199
5200
5202
5207
5213
5203
5208
5214
5209
5215
5205
5207
5210
5206
5208
5211
5209
5212
5208
5209
5211
5216
5212
5217
5218
5214
5216
5215
5217
5218
5217
5218
5220
5222
5228
5221
5223
5229
5224
5230
5223
5225
5224
5226
5227
5226
5234
5227
5235
5236
5229
5231
5230
5232
5233
5232
5234
5233
5235
5236
5235
5236
5238
5243
5252
5239
5244
5253
5245
5254
5241
5243
5246
5242
5244
5247
5245
5248
5244
5245
5247
5249
5248
5250
5251
5250
5252
5251
5253
5254
5253
5254
5256
5258
5264
5257
5259
5265
5260
5266
5259
5261
5260
5262
5263
5262
5267
5263
5268
5269
5265
5270
5266
5271
5272
5268
5270
5269
5271
5272
5271
5272
5274
5276
5279
5275
5277
5280
5278
5281
5277
5285
5278
5286
5287
5280
5282
5281
5283
5284
5283
5288
5284
5289
5290
5286
5288
5287
5289
5290
5289
5290
5292
5294
5297
5293
5295
5298
5296
5299
5295
5300
5296
5301
5302
5298
5303
5299
5304
5305
5301
5306
5302
5307
5308
5304
5306
5305
5307
5308
5307
5308
5310
5312
5315
5311
5313
5316
5314
5317
5313
5321
5314
5322
5323
5316
5318
5317
5319
5320
5319
5324
5320
5325
5326
5322
5324
5323
5325
5326
5325
5326
5328
5330
5333
5329
5331
5334
5332
5335
5331
5339
5332
5340
5341
5334
5342
5335
5343
5344
5337
5339
5342
5338
5340
5343
5341
5344
5340
5341
5343
5344
5346
5348
5351
5347
5349
5352
5350
5353
5349
5354
5350
5355
5356
5352
5360
5353
5361
5362
5355
5357
5356
5358
5359
5358
5360
5359
5361
5362
5361
5362
5364
5366
5369
5365
5367
5370
5368
5371
5367
5372
5368
5373
5374
5370
5378
5371
5379
5380
5373
5375
5374
5376
5377
5376
5378
5377
5379
5380
5379
5380
5382
5387
5390
5383
5388
5391
5389
5392
5385
5393
5396
5386
5394
5397
5395
5398
5388
5393
5389
5394
5395
5391
5396
5392
5397
5398
5394
5395
5397
5398
5400
5402
5411
5401
5403
5412
5404
5413
5403
5408
5404
5409
5410
5406
5411
5414
5407
5412
5415
5413
5416
5409
5414
5410
5415
5416
5412
5413
5415
5416
5418
5420
5423
5419
5421
5424
5422
5425
5421
5426
5422
5427
5428
5424
5432
5425
5433
5434
5427
5429
5428
5430
5431
5430
5432
5431
5433
5434
5433
5434
5436
5438
5444
5437
5439
5445
5440
5446
5439
5447
5440
5448
5449
5442
5447
5450
5443
5448
5451
5449
5452
5445
5450
5446
5451
5452
5448
5449
5451
5452
5454
5456
5462
5455
5457
5463
5458
5464
5457
5459
5458
5460
5461
5460
5468
5461
5469
5470
5463
5465
5464
5466
5467
5466
5468
5467
5469
5470
5469
5470
5472
5474
5480
5473
5475
5481
5476
5482
5475
5477
5476
5478
5479
5478
5483
5479
5484
5485
5481
5486
5482
5487
5488
5484
5486
5485
5487
5488
5487
5488
5490
5492
5498
5491
5493
5499
5494
5500
5493
5501
5494
5502
5503
5496
5501
5504
5497
5502
5505
5503
5506
5499
5504
5500
5505
5506
5502
5503
5505
5506
5508
5513
5516
5509
5514
5517
5515
5518
5511
5513
5522
5512
5514
5523
5515
5524
5514
5515
5517
5519
5518
5520
5521
5520
5522
5521
5523
5524
5523
5524
5526
5528
5534
5527
5529
5535
5530
5536
5529
5537
5530
5538
5539
5532
5537
5540
5533
5538
5541
5539
5542
5535
5540
5536
5541
5542
5538
5539
5541
5542
5544
5546
5549
5545
5547
5550
5548
5551
5547
5552
5548
5553
5554
5550
5555
5551
5556
5557
5553
5558
5554
5559
5560
5556
5558
5557
5559
5560
5559
5560
5562
5564
5570
5563
5565
5571
5566
5572
5565
5576
5566
5577
5578
5568
5573
5576
5569
5574
5577
5575
5578
5571
5573
5572
5574
5575
5574
5575
5577
5578
5580
5582
5591
5581
5583
5592
5584
5593
5583
5585
5584
5586
5587
5586
5594
5587
5595
5596
5589
5591
5594
5590
5592
5595
5593
5596
5592
5593
5595
5596
5598
5600
5609
5599
5601
5610
5602
5611
5601
5603
5602
5604
5605
5604
5606
5605
5607
5608
5607
5612
5608
5613
5614
5610
5612
5611
5613
5614
5613
5614
5616
5618
5621
5617
5619
5622
5620
5623
5619
5627
5620
5628
5629
5622
5624
5623
5625
5626
5625
5630
5626
5631
5632
5628
5630
5629
5631
5632
5631
5632
5634
5636
5639
5635
5637
5640
5638
5641
5637
5645
5638
5646
5647
5640
5648
5641
5649
5650
5643
5645
5648
5644
5646
5649
5647
5650
5646
5647
5649
5650
5652
5657
5660
5653
5658
5661
5659
5662
5655
5657
5663
5656
5658
5664
5659
5665
5658
5659
5661
5666
5662
5667
5668
5664
5666
5665
5667
5668
5667
5668
5670
5672
5678
5671
5673
5679
5674
5680
5673
5675
5674
5676
5677
5676
5684
5677
5685
5686
5679
5681
5680
5682
5683
5682
5684
5683
5685
5686
5685
5686
5688
5690
5693
5689
5691
5694
5692
5695
5691
5702
5692
5703
5704
5694
5699
5695
5700
5701
5697
5699
5702
5698
5700
5703
5701
5704
5700
5701
5703
5704
5706
5711
5717
5707
5712
5718
5713
5719
5709
5711
5714
5710
5712
5715
5713
5716
5712
5713
5715
5720
5716
5721
5722
5718
5720
5719
5721
5722
5721
5722
5724
5726
5729
5725
5727
5730
5728
5731
5727
5732
5728
5733
5734
5730
5735
5731
5736
5737
5733
5738
5734
5739
5740
5736
5738
5737
5739
5740
5739
5740
5742
5747
5753
5743
5748
5754
5749
5755
5745
5747
5750
5746
5748
5751
5749
5752
5748
5749
5751
5756
5752
5757
5758
5754
5756
5755
5757
5758
5757
5758
5760
5771
5774
5761
5772
5775
5773
5776
5763
5765
5768
5764
5766
5769
5767
5770
5766
5771
5767
5772
5773
5769
5774
5770
5775
5776
5772
5773
5775
5776
5778
5780
5786
5779
5781
5787
5782
5788
5781
5783
5782
5784
5785
5784
5789
5785
5790
5791
5787
5792
5788
5793
5794
5790
5792
5791
5793
5794
5793
5794
5796
5798
5804
5797
5799
5805
5800
5806
5799
5801
5800
5802
5803
5802
5807
5803
5808
5809
5805
5810
5806
5811
5812
5808
5810
5809
5811
5812
5811
5812
5814
5822
5825
5815
5823
5826
5824
5827
5817
5819
5828
5818
5820
5829
5821
5830
5820
5822
5821
5823
5824
5823
5824
5826
5828
5827
5829
5830
5829
5830
)


// ************************************************************************* //
