axialLocations (0.0 0.05 0.1 0.15 0.2 0.25 0.3 0.35 0.4 0.45 0.5 0.55 0.6 0.65 0.7 0.75 0.8 0.85 0.9 0.95 1);

data
(
    0.129774195 0.140414929 0.172955848 0.225450771 0.288549163 0.987315602 1.1236136   1.244797165 1.334239191 1.410673457 1.463186581 1.48580043  1.485548318 1.459707433 1.410910812 1.334161712 1.235839189 1.129099808 1.010348818 0.927612977 0.927612977
);

axialScalingFactors
(
    1.09090909090909	1.09090909090909	1.09090909090909	1.09090909090909	1.09090909090909	0.96969696969697	0.96969696969697	0.96969696969697	0.96969696969697	0.96969696969697	0.96969696969697	0.96969696969697	0.96969696969697	0.96969696969697	0.96969696969697	0.96969696969697	0.96969696969697	0.96969696969697	0.96969696969697	0.96969696969697 0.96969696969697 
);
