/*--------------------------------*- C++ -*----------------------------------*\
| =========                 |                                                 |
| \\      /  F ield         | OpenFOAM: The Open Source CFD Toolbox           |
|  \\    /   O peration     | Version:  2306                                  |
|   \\  /    A nd           | Website:  www.openfoam.com                      |
|    \\/     M anipulation  |                                                 |
\*---------------------------------------------------------------------------*/
FoamFile
{
    version     2.0;
    format      ascii;
    arch        "LSB;label=32;scalar=64";
    note        "nPoints:950  nCells:432  nFaces:1770  nInternalFaces:822";
    class       labelList;
    location    "constant/fluidRegion/polyMesh";
    object      neighbour;
}
// * * * * * * * * * * * * * * * * * * * * * * * * * * * * * * * * * * * * * //


822
(
1
18
2
19
3
20
4
21
5
22
6
23
7
24
8
25
9
26
10
27
11
28
12
29
13
30
14
31
15
32
16
33
17
34
35
19
36
20
37
21
38
22
39
23
40
24
41
25
42
26
43
27
44
28
45
29
46
30
47
31
48
32
49
33
50
34
51
35
52
53
37
54
38
55
39
56
40
57
41
58
42
59
43
60
44
61
45
62
46
63
47
64
48
65
49
66
50
67
51
68
52
69
53
70
71
55
72
56
73
57
74
58
75
59
76
60
77
61
78
62
79
63
80
64
81
65
82
66
83
67
84
68
85
69
86
70
87
71
88
89
73
90
74
91
75
92
76
93
77
94
78
95
79
96
80
97
81
98
82
99
83
100
84
101
85
102
86
103
87
104
88
105
89
106
107
91
108
92
109
93
110
94
111
95
112
96
113
97
114
98
115
99
116
100
117
101
118
102
119
103
120
104
121
105
122
106
123
107
124
125
109
126
110
127
111
128
112
129
113
130
114
131
115
132
116
133
117
134
118
135
119
136
120
137
121
138
122
139
123
140
124
141
125
142
143
127
144
128
145
129
146
130
147
131
148
132
149
133
150
134
151
135
152
136
153
137
154
138
155
139
156
140
157
141
158
142
159
143
160
161
145
162
146
163
147
164
148
165
149
166
150
167
151
168
152
169
153
170
154
171
155
172
156
173
157
174
158
175
159
176
160
177
161
178
179
163
180
164
181
165
182
166
183
167
184
168
185
169
186
170
187
171
188
172
189
173
190
174
191
175
192
176
193
177
194
178
195
179
196
197
181
198
182
199
183
200
184
201
185
202
186
203
187
204
188
205
189
206
190
207
191
208
192
209
193
210
194
211
195
212
196
213
197
214
215
199
216
200
217
201
218
202
219
203
220
204
221
205
222
206
223
207
224
208
225
209
226
210
227
211
228
212
229
213
230
214
231
215
232
233
217
234
218
235
219
236
220
237
221
238
222
239
223
240
224
241
225
242
226
243
227
244
228
245
229
246
230
247
231
248
232
249
233
250
251
235
252
236
253
237
254
238
255
239
256
240
257
241
258
242
259
243
260
244
261
245
262
246
263
247
264
248
265
249
266
250
267
251
268
269
253
270
254
271
255
272
256
273
257
274
258
275
259
276
260
277
261
278
262
279
263
280
264
281
265
282
266
283
267
284
268
285
269
286
287
271
288
272
289
273
290
274
291
275
292
276
293
277
294
278
295
279
296
280
297
281
298
282
299
283
300
284
301
285
302
286
303
287
304
305
289
306
290
307
291
308
292
309
293
310
294
311
295
312
296
313
297
314
298
315
299
316
300
317
301
318
302
319
303
320
304
321
305
322
323
307
324
308
325
309
326
310
327
311
328
312
329
313
330
314
331
315
332
316
333
317
334
318
335
319
336
320
337
321
338
322
339
323
340
341
325
342
326
343
327
344
328
345
329
346
330
347
331
348
332
349
333
350
334
351
335
352
336
353
337
354
338
355
339
356
340
357
341
358
359
343
360
344
361
345
362
346
363
347
364
348
365
349
366
350
367
351
368
352
369
353
370
354
371
355
372
356
373
357
374
358
375
359
376
377
361
378
362
379
363
380
364
381
365
382
366
383
367
384
368
385
369
386
370
387
371
388
372
389
373
390
374
391
375
392
376
393
377
394
395
379
396
380
397
381
398
382
399
383
400
384
401
385
402
386
403
387
404
388
405
389
406
390
407
391
408
392
409
393
410
394
411
395
412
413
397
414
398
415
399
416
400
417
401
418
402
419
403
420
404
421
405
422
406
423
407
424
408
425
409
426
410
427
411
428
412
429
413
430
431
415
416
417
418
419
420
421
422
423
424
425
426
427
428
429
430
431
)


// ************************************************************************* //
