time(s);keff(-);power(W);flux0;flux1;flux2;flux3;flux4;flux5(m-2s-1);TFuel_Max;Avg;Min;TCladding_Max;Avg;Min;

5.25;0.457903;2e+07;1.9746e+17;4.7079e+17;9.0411e+17;4.6497e+17;3.3622e+17;2.7774e+16;0;0;0;0;0;0;
5.5;0.606397;2e+07;1.1624e+17;4.2955e+17;9.1392e+17;5.4377e+17;3.62e+17;2.0941e+16;0;0;0;0;0;0;
5.75;0.734535;2e+07;1.017e+17;3.8698e+17;8.7122e+17;5.5349e+17;3.8493e+17;2.165e+16;0;0;0;0;0;0;
6;0.806047;2e+07;9.5307e+16;3.6639e+17;8.49e+17;5.543e+17;3.9704e+17;2.2545e+16;0;0;0;0;0;0;
6.25;0.854032;2e+07;9.1585e+16;3.5461e+17;8.3608e+17;5.5569e+17;4.0437e+17;2.3022e+16;0;0;0;0;0;0;
6.5;0.884841;2e+07;8.9396e+16;3.476e+17;8.2842e+17;5.5667e+17;4.0898e+17;2.3336e+16;0;0;0;0;0;0;
6.75;0.904499;2e+07;8.8089e+16;3.4343e+17;8.2394e+17;5.5744e+17;4.1199e+17;2.3486e+16;0;0;0;0;0;0;
7;0.917584;2e+07;8.7252e+16;3.4075e+17;8.2097e+17;5.5786e+17;4.1389e+17;2.3649e+16;0;0;0;0;0;0;
7.25;0.926516;2e+07;8.6685e+16;3.3891e+17;8.1908e+17;5.5833e+17;4.1531e+17;2.3711e+16;0;0;0;0;0;0;
7.5;0.931728;2e+07;8.6413e+16;3.3815e+17;8.1826e+17;5.5857e+17;4.1607e+17;2.3764e+16;0;0;0;0;0;0;
7.75;0.934837;2e+07;8.624e+16;3.3763e+17;8.1778e+17;5.5884e+17;4.1666e+17;2.3794e+16;0;0;0;0;0;0;
8;0.937014;2e+07;8.6165e+16;3.3731e+17;8.1757e+17;5.591e+17;4.1713e+17;2.3813e+16;0;0;0;0;0;0;
8.25;0.938242;2e+07;8.6083e+16;3.3712e+17;8.1757e+17;5.5941e+17;4.1755e+17;2.382e+16;0;0;0;0;0;0;
8.5;0.939317;2e+07;8.6066e+16;3.3705e+17;8.1768e+17;5.5971e+17;4.179e+17;2.3832e+16;0;0;0;0;0;0;
8.75;0.939926;2e+07;8.6045e+16;3.3705e+17;8.1791e+17;5.6003e+17;4.1823e+17;2.384e+16;0;0;0;0;0;0;
9;0.940424;2e+07;8.6065e+16;3.3711e+17;8.1823e+17;5.6036e+17;4.1852e+17;2.3843e+16;0;0;0;0;0;0;
9.25;0.940695;2e+07;8.608e+16;3.3721e+17;8.1859e+17;5.6069e+17;4.1879e+17;2.3846e+16;0;0;0;0;0;0;
9.5;0.940942;2e+07;8.6112e+16;3.3733e+17;8.1899e+17;5.6103e+17;4.1904e+17;2.3846e+16;0;0;0;0;0;0;
9.75;0.940994;2e+07;8.6152e+16;3.3749e+17;8.194e+17;5.6133e+17;4.1926e+17;2.3844e+16;0;0;0;0;0;0;
10;0.941046;2e+07;8.6185e+16;3.3764e+17;8.1981e+17;5.6164e+17;4.1947e+17;2.3844e+16;0;0;0;0;0;0;
10.25;0.941043;2e+07;8.6226e+16;3.378e+17;8.2021e+17;5.6193e+17;4.1967e+17;2.3843e+16;0;0;0;0;0;0;
10.5;0.941008;2e+07;8.6267e+16;3.3797e+17;8.2062e+17;5.6221e+17;4.1984e+17;2.3841e+16;0;0;0;0;0;0;
10.75;0.940935;2e+07;8.6309e+16;3.3813e+17;8.21e+17;5.6247e+17;4.2001e+17;2.3839e+16;0;0;0;0;0;0;
11;0.940857;2e+07;8.6349e+16;3.3829e+17;8.2138e+17;5.6272e+17;4.2017e+17;2.3837e+16;0;0;0;0;0;0;
11.25;0.940764;2e+07;8.6389e+16;3.3844e+17;8.2175e+17;5.6297e+17;4.2032e+17;2.3836e+16;0;0;0;0;0;0;
11.5;0.940666;2e+07;8.6428e+16;3.3859e+17;8.221e+17;5.632e+17;4.2046e+17;2.3834e+16;0;0;0;0;0;0;
11.75;0.940563;2e+07;8.6466e+16;3.3874e+17;8.2245e+17;5.6342e+17;4.2059e+17;2.3832e+16;0;0;0;0;0;0;
12;0.94046;2e+07;8.6503e+16;3.3888e+17;8.2278e+17;5.6363e+17;4.2072e+17;2.383e+16;0;0;0;0;0;0;
12.25;0.940354;2e+07;8.6539e+16;3.3902e+17;8.2309e+17;5.6384e+17;4.2084e+17;2.3828e+16;0;0;0;0;0;0;
12.5;0.940249;2e+07;8.6573e+16;3.3915e+17;8.234e+17;5.6403e+17;4.2095e+17;2.3826e+16;0;0;0;0;0;0;
12.75;0.940147;2e+07;8.6606e+16;3.3928e+17;8.2369e+17;5.6422e+17;4.2106e+17;2.3824e+16;0;0;0;0;0;0;
13;0.940047;2e+07;8.6638e+16;3.394e+17;8.2398e+17;5.644e+17;4.2117e+17;2.3822e+16;0;0;0;0;0;0;
13.25;0.939948;2e+07;8.6669e+16;3.3952e+17;8.2425e+17;5.6458e+17;4.2127e+17;2.3821e+16;0;0;0;0;0;0;
13.5;0.93985;2e+07;8.6699e+16;3.3964e+17;8.2451e+17;5.6474e+17;4.2137e+17;2.3819e+16;0;0;0;0;0;0;
13.75;0.939757;2e+07;8.6728e+16;3.3975e+17;8.2477e+17;5.649e+17;4.2146e+17;2.3817e+16;0;0;0;0;0;0;
14;0.939668;2e+07;8.6756e+16;3.3985e+17;8.2501e+17;5.6506e+17;4.2155e+17;2.3816e+16;0;0;0;0;0;0;
14.25;0.939579;2e+07;8.6782e+16;3.3996e+17;8.2525e+17;5.6521e+17;4.2164e+17;2.3814e+16;0;0;0;0;0;0;
14.5;0.939493;2e+07;8.6808e+16;3.4006e+17;8.2547e+17;5.6535e+17;4.2172e+17;2.3813e+16;0;0;0;0;0;0;
14.75;0.939412;2e+07;8.6833e+16;3.4015e+17;8.2569e+17;5.6549e+17;4.218e+17;2.3811e+16;0;0;0;0;0;0;
15;0.939333;2e+07;8.6857e+16;3.4024e+17;8.259e+17;5.6562e+17;4.2187e+17;2.381e+16;0;0;0;0;0;0;
15.25;0.93926;2e+07;8.688e+16;3.4033e+17;8.261e+17;5.6575e+17;4.2195e+17;2.3809e+16;0;0;0;0;0;0;
15.5;0.939185;2e+07;8.6902e+16;3.4042e+17;8.2629e+17;5.6587e+17;4.2202e+17;2.3808e+16;0;0;0;0;0;0;
15.75;0.939116;2e+07;8.6923e+16;3.405e+17;8.2648e+17;5.6599e+17;4.2209e+17;2.3806e+16;0;0;0;0;0;0;
16;0.939047;2e+07;8.6944e+16;3.4058e+17;8.2666e+17;5.661e+17;4.2215e+17;2.3805e+16;0;0;0;0;0;0;
16.25;0.938983;2e+07;8.6963e+16;3.4065e+17;8.2683e+17;5.6621e+17;4.2221e+17;2.3804e+16;0;0;0;0;0;0;
16.5;0.938917;2e+07;8.6983e+16;3.4073e+17;8.27e+17;5.6632e+17;4.2227e+17;2.3803e+16;0;0;0;0;0;0;
16.75;0.938859;2e+07;8.7001e+16;3.408e+17;8.2716e+17;5.6642e+17;4.2233e+17;2.3802e+16;0;0;0;0;0;0;
17;0.9388;2e+07;8.7019e+16;3.4086e+17;8.2731e+17;5.6651e+17;4.2239e+17;2.3801e+16;0;0;0;0;0;0;
17.25;0.938746;2e+07;8.7035e+16;3.4093e+17;8.2746e+17;5.6661e+17;4.2244e+17;2.38e+16;0;0;0;0;0;0;
17.5;0.938692;2e+07;8.7052e+16;3.4099e+17;8.276e+17;5.667e+17;4.225e+17;2.3799e+16;0;0;0;0;0;0;
17.75;0.938642;2e+07;8.7067e+16;3.4105e+17;8.2774e+17;5.6678e+17;4.2255e+17;2.3799e+16;0;0;0;0;0;0;
18;0.938591;2e+07;8.7082e+16;3.4111e+17;8.2787e+17;5.6687e+17;4.2259e+17;2.3798e+16;0;0;0;0;0;0;
18.25;0.938543;2e+07;8.7097e+16;3.4116e+17;8.28e+17;5.6695e+17;4.2264e+17;2.3797e+16;0;0;0;0;0;0;
18.5;0.938497;2e+07;8.7111e+16;3.4122e+17;8.2812e+17;5.6703e+17;4.2269e+17;2.3796e+16;0;0;0;0;0;0;
18.75;0.938453;2e+07;8.7124e+16;3.4127e+17;8.2824e+17;5.671e+17;4.2273e+17;2.3796e+16;0;0;0;0;0;0;
19;0.938411;2e+07;8.7137e+16;3.4132e+17;8.2835e+17;5.6717e+17;4.2277e+17;2.3795e+16;0;0;0;0;0;0;
19.25;0.938368;2e+07;8.715e+16;3.4137e+17;8.2846e+17;5.6724e+17;4.2281e+17;2.3794e+16;0;0;0;0;0;0;
19.5;0.938329;2e+07;8.7162e+16;3.4141e+17;8.2857e+17;5.6731e+17;4.2285e+17;2.3794e+16;0;0;0;0;0;0;
19.75;0.938288;2e+07;8.7174e+16;3.4146e+17;8.2867e+17;5.6737e+17;4.2289e+17;2.3793e+16;0;0;0;0;0;0;
20;0.938254;2e+07;8.7184e+16;3.415e+17;8.2876e+17;5.6743e+17;4.2292e+17;2.3792e+16;0;0;0;0;0;0;
20.25;0.93822;2e+07;8.7195e+16;3.4154e+17;8.2886e+17;5.6749e+17;4.2296e+17;2.3792e+16;0;0;0;0;0;0;
20.5;0.938185;2e+07;8.7206e+16;3.4158e+17;8.2895e+17;5.6755e+17;4.2299e+17;2.3791e+16;0;0;0;0;0;0;
20.75;0.938151;2e+07;8.7216e+16;3.4162e+17;8.2904e+17;5.676e+17;4.2302e+17;2.3791e+16;0;0;0;0;0;0;
21;0.938122;2e+07;8.7225e+16;3.4166e+17;8.2912e+17;5.6766e+17;4.2305e+17;2.379e+16;0;0;0;0;0;0;
21.25;0.938092;2e+07;8.7234e+16;3.4169e+17;8.292e+17;5.6771e+17;4.2308e+17;2.379e+16;0;0;0;0;0;0;
21.5;0.938065;2e+07;8.7243e+16;3.4172e+17;8.2928e+17;5.6776e+17;4.2311e+17;2.3789e+16;0;0;0;0;0;0;
21.75;0.938036;2e+07;8.7252e+16;3.4176e+17;8.2935e+17;5.6781e+17;4.2314e+17;2.3789e+16;0;0;0;0;0;0;
22;0.938009;2e+07;8.726e+16;3.4179e+17;8.2943e+17;5.6785e+17;4.2316e+17;2.3788e+16;0;0;0;0;0;0;
22.25;0.937983;2e+07;8.7268e+16;3.4182e+17;8.2949e+17;5.6789e+17;4.2319e+17;2.3788e+16;0;0;0;0;0;0;
22.5;0.937959;2e+07;8.7275e+16;3.4185e+17;8.2956e+17;5.6794e+17;4.2321e+17;2.3788e+16;0;0;0;0;0;0;
22.75;0.937933;2e+07;8.7283e+16;3.4188e+17;8.2963e+17;5.6798e+17;4.2324e+17;2.3787e+16;0;0;0;0;0;0;
23;0.937909;2e+07;8.729e+16;3.4191e+17;8.2969e+17;5.6802e+17;4.2326e+17;2.3787e+16;0;0;0;0;0;0;
23.25;0.937889;2e+07;8.7297e+16;3.4193e+17;8.2975e+17;5.6805e+17;4.2328e+17;2.3786e+16;0;0;0;0;0;0;
23.5;0.937868;2e+07;8.7303e+16;3.4196e+17;8.2981e+17;5.6809e+17;4.233e+17;2.3786e+16;0;0;0;0;0;0;
23.75;0.937846;2e+07;8.731e+16;3.4198e+17;8.2986e+17;5.6813e+17;4.2332e+17;2.3786e+16;0;0;0;0;0;0;
24;0.937826;2e+07;8.7316e+16;3.42e+17;8.2991e+17;5.6816e+17;4.2334e+17;2.3785e+16;0;0;0;0;0;0;
24.25;0.937806;2e+07;8.7322e+16;3.4203e+17;8.2997e+17;5.6819e+17;4.2336e+17;2.3785e+16;0;0;0;0;0;0;
24.5;0.937789;2e+07;8.7327e+16;3.4205e+17;8.3002e+17;5.6822e+17;4.2338e+17;2.3785e+16;0;0;0;0;0;0;
24.75;0.937767;2e+07;8.7333e+16;3.4207e+17;8.3007e+17;5.6825e+17;4.2339e+17;2.3784e+16;0;0;0;0;0;0;
25;0.937751;2e+07;8.7338e+16;3.4209e+17;8.3011e+17;5.6828e+17;4.2341e+17;2.3784e+16;0;0;0;0;0;0;
25.25;0.937736;2e+07;8.7343e+16;3.4211e+17;8.3015e+17;5.6831e+17;4.2343e+17;2.3784e+16;0;0;0;0;0;0;
25.5;0.937715;2e+07;8.7348e+16;3.4213e+17;8.302e+17;5.6834e+17;4.2344e+17;2.3784e+16;0;0;0;0;0;0;
25.75;0.937706;2e+07;8.7353e+16;3.4215e+17;8.3024e+17;5.6836e+17;4.2346e+17;2.3783e+16;0;0;0;0;0;0;
26;0.937681;2e+07;8.7358e+16;3.4217e+17;8.3028e+17;5.6839e+17;4.2347e+17;2.3783e+16;0;0;0;0;0;0;
26.25;0.937676;2e+07;8.7362e+16;3.4218e+17;8.3031e+17;5.6841e+17;4.2349e+17;2.3783e+16;0;0;0;0;0;0;
26.5;0.937655;2e+07;8.7366e+16;3.422e+17;8.3036e+17;5.6844e+17;4.235e+17;2.3783e+16;0;0;0;0;0;0;
26.75;0.937651;2e+07;8.737e+16;3.4221e+17;8.3039e+17;5.6846e+17;4.2351e+17;2.3783e+16;0;0;0;0;0;0;
27;0.937628;2e+07;8.7374e+16;3.4223e+17;8.3043e+17;5.6848e+17;4.2352e+17;2.3782e+16;0;0;0;0;0;0;
27.25;0.937624;2e+07;8.7377e+16;3.4224e+17;8.3045e+17;5.685e+17;4.2354e+17;2.3782e+16;0;0;0;0;0;0;
27.5;0.937602;2e+07;8.7382e+16;3.4226e+17;8.3049e+17;5.6852e+17;4.2355e+17;2.3782e+16;0;0;0;0;0;0;
27.75;0.9376;2e+07;8.7385e+16;3.4227e+17;8.3052e+17;5.6854e+17;4.2356e+17;2.3782e+16;0;0;0;0;0;0;
28;0.937583;2e+07;8.7388e+16;3.4228e+17;8.3055e+17;5.6856e+17;4.2357e+17;2.3781e+16;0;0;0;0;0;0;
28.25;0.937577;2e+07;8.7391e+16;3.4229e+17;8.3058e+17;5.6858e+17;4.2358e+17;2.3781e+16;0;0;0;0;0;0;
28.5;0.937558;2e+07;8.7395e+16;3.4231e+17;8.3061e+17;5.6859e+17;4.2359e+17;2.3781e+16;0;0;0;0;0;0;
28.75;0.93756;2e+07;8.7397e+16;3.4232e+17;8.3063e+17;5.6861e+17;4.236e+17;2.3781e+16;0;0;0;0;0;0;
29;0.937541;2e+07;8.7401e+16;3.4233e+17;8.3066e+17;5.6862e+17;4.2361e+17;2.3781e+16;0;0;0;0;0;0;
29.25;0.937528;2e+07;8.7404e+16;3.4234e+17;8.3068e+17;5.6864e+17;4.2362e+17;2.3781e+16;0;0;0;0;0;0;
29.5;0.937531;2e+07;8.7406e+16;3.4235e+17;8.307e+17;5.6866e+17;4.2363e+17;2.3781e+16;0;0;0;0;0;0;
29.75;0.937516;2e+07;8.7409e+16;3.4236e+17;8.3073e+17;5.6867e+17;4.2363e+17;2.3781e+16;0;0;0;0;0;0;
30;0.937515;2e+07;8.7411e+16;3.4237e+17;8.3074e+17;5.6868e+17;4.2364e+17;2.3781e+16;0;0;0;0;0;0;
30.25;0.937501;2e+07;8.7414e+16;3.4238e+17;8.3077e+17;5.6869e+17;4.2365e+17;2.378e+16;0;0;0;0;0;0;
30.5;0.937483;2e+07;8.7417e+16;3.4239e+17;8.3079e+17;5.687e+17;4.2366e+17;2.378e+16;0;0;0;0;0;0;
30.75;0.937493;2e+07;8.7417e+16;3.4239e+17;8.3081e+17;5.6872e+17;4.2367e+17;2.378e+16;0;0;0;0;0;0;
31;0.937477;2e+07;8.7421e+16;3.4241e+17;8.3082e+17;5.6873e+17;4.2367e+17;2.378e+16;0;0;0;0;0;0;
31.25;0.93747;2e+07;8.7423e+16;3.4241e+17;8.3085e+17;5.6875e+17;4.2368e+17;2.378e+16;0;0;0;0;0;0;
31.5;0.937456;2e+07;8.7425e+16;3.4242e+17;8.3086e+17;5.6876e+17;4.2368e+17;2.378e+16;0;0;0;0;0;0;
31.75;0.937467;2e+07;8.7426e+16;3.4243e+17;8.3088e+17;5.6877e+17;4.2369e+17;2.378e+16;0;0;0;0;0;0;
32;0.937453;2e+07;8.7428e+16;3.4243e+17;8.3089e+17;5.6878e+17;4.237e+17;2.378e+16;0;0;0;0;0;0;
32.25;0.93745;2e+07;8.743e+16;3.4244e+17;8.3091e+17;5.6879e+17;4.237e+17;2.3779e+16;0;0;0;0;0;0;
32.5;0.937437;2e+07;8.7432e+16;3.4245e+17;8.3092e+17;5.688e+17;4.2371e+17;2.3779e+16;0;0;0;0;0;0;
32.75;0.937427;2e+07;8.7434e+16;3.4246e+17;8.3095e+17;5.6881e+17;4.2371e+17;2.3779e+16;0;0;0;0;0;0;
33;0.937416;2e+07;8.7436e+16;3.4247e+17;8.3096e+17;5.6881e+17;4.2371e+17;2.3779e+16;0;0;0;0;0;0;
33.25;0.937434;2e+07;8.7436e+16;3.4246e+17;8.3096e+17;5.6882e+17;4.2372e+17;2.3779e+16;0;0;0;0;0;0;
33.5;0.937423;2e+07;8.7438e+16;3.4247e+17;8.3098e+17;5.6883e+17;4.2373e+17;2.3779e+16;0;0;0;0;0;0;
33.75;0.937412;2e+07;8.7439e+16;3.4248e+17;8.3098e+17;5.6884e+17;4.2373e+17;2.3779e+16;0;0;0;0;0;0;
34;0.937413;2e+07;8.744e+16;3.4248e+17;8.3101e+17;5.6885e+17;4.2373e+17;2.3779e+16;0;0;0;0;0;0;
34.25;0.937401;2e+07;8.7443e+16;3.4249e+17;8.3102e+17;5.6886e+17;4.2374e+17;2.3779e+16;0;0;0;0;0;0;
34.5;0.937403;2e+07;8.7442e+16;3.4249e+17;8.3103e+17;5.6886e+17;4.2374e+17;2.3779e+16;0;0;0;0;0;0;
34.75;0.937395;2e+07;8.7445e+16;3.425e+17;8.3104e+17;5.6887e+17;4.2375e+17;2.3779e+16;0;0;0;0;0;0;
35;0.937384;2e+07;8.7446e+16;3.425e+17;8.3105e+17;5.6887e+17;4.2375e+17;2.3779e+16;0;0;0;0;0;0;
35.25;0.937398;2e+07;8.7446e+16;3.425e+17;8.3105e+17;5.6888e+17;4.2376e+17;2.3779e+16;0;0;0;0;0;0;
35.5;0.93739;2e+07;8.7447e+16;3.4251e+17;8.3106e+17;5.6889e+17;4.2376e+17;2.3779e+16;0;0;0;0;0;0;
35.75;0.937381;2e+07;8.7449e+16;3.4251e+17;8.3107e+17;5.6889e+17;4.2376e+17;2.3779e+16;0;0;0;0;0;0;
36;0.937377;2e+07;8.745e+16;3.4252e+17;8.3109e+17;5.6889e+17;4.2377e+17;2.3779e+16;0;0;0;0;0;0;
36.25;0.937369;2e+07;8.7451e+16;3.4252e+17;8.3109e+17;5.689e+17;4.2377e+17;2.3778e+16;0;0;0;0;0;0;
36.5;0.937363;2e+07;8.7452e+16;3.4253e+17;8.311e+17;5.689e+17;4.2377e+17;2.3779e+16;0;0;0;0;0;0;
36.75;0.937361;2e+07;8.7453e+16;3.4253e+17;8.3111e+17;5.6891e+17;4.2377e+17;2.3778e+16;0;0;0;0;0;0;
37;0.937356;2e+07;8.7454e+16;3.4253e+17;8.3112e+17;5.6892e+17;4.2378e+17;2.3778e+16;0;0;0;0;0;0;
37.25;0.937351;2e+07;8.7455e+16;3.4254e+17;8.3113e+17;5.6892e+17;4.2378e+17;2.3778e+16;0;0;0;0;0;0;
37.5;0.937347;2e+07;8.7456e+16;3.4254e+17;8.3114e+17;5.6893e+17;4.2378e+17;2.3778e+16;0;0;0;0;0;0;
37.75;0.937352;2e+07;8.7456e+16;3.4254e+17;8.3114e+17;5.6893e+17;4.2379e+17;2.3778e+16;0;0;0;0;0;0;
38;0.937348;2e+07;8.7457e+16;3.4255e+17;8.3114e+17;5.6893e+17;4.2379e+17;2.3778e+16;0;0;0;0;0;0;
38.25;0.937346;2e+07;8.7458e+16;3.4255e+17;8.3115e+17;5.6894e+17;4.2379e+17;2.3778e+16;0;0;0;0;0;0;
38.5;0.937341;2e+07;8.7459e+16;3.4255e+17;8.3116e+17;5.6894e+17;4.2379e+17;2.3778e+16;0;0;0;0;0;0;
38.75;0.937336;2e+07;8.746e+16;3.4256e+17;8.3116e+17;5.6895e+17;4.2379e+17;2.3778e+16;0;0;0;0;0;0;
39;0.937347;2e+07;8.7459e+16;3.4255e+17;8.3116e+17;5.6895e+17;4.238e+17;2.3778e+16;0;0;0;0;0;0;
39.25;0.937344;2e+07;8.746e+16;3.4256e+17;8.3117e+17;5.6895e+17;4.238e+17;2.3778e+16;0;0;0;0;0;0;
39.5;0.937339;2e+07;8.7461e+16;3.4256e+17;8.3117e+17;5.6896e+17;4.238e+17;2.3778e+16;0;0;0;0;0;0;
39.75;0.937335;2e+07;8.7461e+16;3.4256e+17;8.3118e+17;5.6896e+17;4.238e+17;2.3778e+16;0;0;0;0;0;0;
40;0.937334;2e+07;8.7462e+16;3.4257e+17;8.3119e+17;5.6896e+17;4.238e+17;2.3778e+16;0;0;0;0;0;0;
40.25;0.93733;2e+07;8.7463e+16;3.4257e+17;8.312e+17;5.6896e+17;4.2381e+17;2.3778e+16;0;0;0;0;0;0;
40.5;0.937325;2e+07;8.7463e+16;3.4257e+17;8.312e+17;5.6896e+17;4.2381e+17;2.3778e+16;0;0;0;0;0;0;
40.75;0.937343;2e+07;8.7463e+16;3.4257e+17;8.312e+17;5.6897e+17;4.2381e+17;2.3778e+16;0;0;0;0;0;0;
41;0.937339;2e+07;8.7463e+16;3.4257e+17;8.312e+17;5.6898e+17;4.2381e+17;2.3778e+16;0;0;0;0;0;0;
41.25;0.937336;2e+07;8.7463e+16;3.4257e+17;8.3121e+17;5.6898e+17;4.2381e+17;2.3778e+16;0;0;0;0;0;0;
41.5;0.937333;2e+07;8.7465e+16;3.4257e+17;8.3121e+17;5.6898e+17;4.2381e+17;2.3778e+16;0;0;0;0;0;0;
41.75;0.937329;2e+07;8.7465e+16;3.4258e+17;8.3121e+17;5.6898e+17;4.2382e+17;2.3778e+16;0;0;0;0;0;0;
42;0.937326;2e+07;8.7466e+16;3.4258e+17;8.3121e+17;5.6898e+17;4.2382e+17;2.3778e+16;0;0;0;0;0;0;
42.25;0.937323;2e+07;8.7466e+16;3.4258e+17;8.3122e+17;5.6898e+17;4.2382e+17;2.3778e+16;0;0;0;0;0;0;
42.5;0.93732;2e+07;8.7467e+16;3.4258e+17;8.3122e+17;5.6899e+17;4.2382e+17;2.3778e+16;0;0;0;0;0;0;
42.75;0.937321;2e+07;8.7467e+16;3.4258e+17;8.3124e+17;5.6899e+17;4.2382e+17;2.3778e+16;0;0;0;0;0;0;
43;0.937319;2e+07;8.7467e+16;3.4258e+17;8.3124e+17;5.6899e+17;4.2382e+17;2.3778e+16;0;0;0;0;0;0;
43.25;0.937316;2e+07;8.7468e+16;3.4259e+17;8.3124e+17;5.6899e+17;4.2382e+17;2.3778e+16;0;0;0;0;0;0;
43.5;0.937314;2e+07;8.7468e+16;3.4259e+17;8.3124e+17;5.6899e+17;4.2382e+17;2.3778e+16;0;0;0;0;0;0;
43.75;0.937311;2e+07;8.7469e+16;3.4259e+17;8.3124e+17;5.6899e+17;4.2382e+17;2.3778e+16;0;0;0;0;0;0;
44;0.937309;2e+07;8.7469e+16;3.4259e+17;8.3125e+17;5.6899e+17;4.2383e+17;2.3778e+16;0;0;0;0;0;0;
44.25;0.937306;2e+07;8.7469e+16;3.4259e+17;8.3125e+17;5.69e+17;4.2383e+17;2.3778e+16;0;0;0;0;0;0;
44.5;0.937304;2e+07;8.747e+16;3.4259e+17;8.3125e+17;5.69e+17;4.2383e+17;2.3778e+16;0;0;0;0;0;0;
44.75;0.937322;2e+07;8.7469e+16;3.4259e+17;8.3125e+17;5.69e+17;4.2383e+17;2.3777e+16;0;0;0;0;0;0;
45;0.93732;2e+07;8.7469e+16;3.4259e+17;8.3125e+17;5.6901e+17;4.2383e+17;2.3777e+16;0;0;0;0;0;0;
45.25;0.937318;2e+07;8.7469e+16;3.4259e+17;8.3126e+17;5.6901e+17;4.2383e+17;2.3777e+16;0;0;0;0;0;0;
45.5;0.937316;2e+07;8.7469e+16;3.4259e+17;8.3126e+17;5.6901e+17;4.2383e+17;2.3777e+16;0;0;0;0;0;0;
45.75;0.937314;2e+07;8.747e+16;3.4259e+17;8.3126e+17;5.6901e+17;4.2383e+17;2.3778e+16;0;0;0;0;0;0;
46;0.937313;2e+07;8.747e+16;3.4259e+17;8.3126e+17;5.6901e+17;4.2383e+17;2.3778e+16;0;0;0;0;0;0;
46.25;0.937311;2e+07;8.747e+16;3.426e+17;8.3126e+17;5.6901e+17;4.2383e+17;2.3778e+16;0;0;0;0;0;0;
46.5;0.937309;2e+07;8.7471e+16;3.426e+17;8.3126e+17;5.6901e+17;4.2383e+17;2.3777e+16;0;0;0;0;0;0;
46.75;0.937308;2e+07;8.7471e+16;3.426e+17;8.3126e+17;5.6901e+17;4.2383e+17;2.3778e+16;0;0;0;0;0;0;
47;0.937307;2e+07;8.7471e+16;3.426e+17;8.3127e+17;5.6901e+17;4.2384e+17;2.3778e+16;0;0;0;0;0;0;
47.25;0.937305;2e+07;8.7471e+16;3.426e+17;8.3127e+17;5.6901e+17;4.2384e+17;2.3777e+16;0;0;0;0;0;0;
47.5;0.937304;2e+07;8.7472e+16;3.426e+17;8.3127e+17;5.6902e+17;4.2384e+17;2.3778e+16;0;0;0;0;0;0;
47.75;0.937302;2e+07;8.7472e+16;3.426e+17;8.3127e+17;5.6902e+17;4.2384e+17;2.3778e+16;0;0;0;0;0;0;
48;0.937301;2e+07;8.7472e+16;3.426e+17;8.3127e+17;5.6902e+17;4.2384e+17;2.3777e+16;0;0;0;0;0;0;
48.25;0.937304;2e+07;8.7472e+16;3.426e+17;8.3128e+17;5.6902e+17;4.2384e+17;2.3777e+16;0;0;0;0;0;0;
48.5;0.937303;2e+07;8.7472e+16;3.426e+17;8.3128e+17;5.6902e+17;4.2384e+17;2.3777e+16;0;0;0;0;0;0;
48.75;0.937302;2e+07;8.7473e+16;3.426e+17;8.3128e+17;5.6902e+17;4.2384e+17;2.3777e+16;0;0;0;0;0;0;
49;0.937301;2e+07;8.7473e+16;3.426e+17;8.3128e+17;5.6902e+17;4.2384e+17;2.3777e+16;0;0;0;0;0;0;
49.25;0.937299;2e+07;8.7473e+16;3.4261e+17;8.3129e+17;5.6902e+17;4.2384e+17;2.3777e+16;0;0;0;0;0;0;
49.5;0.9373;2e+07;8.7473e+16;3.4261e+17;8.3129e+17;5.6902e+17;4.2384e+17;2.3777e+16;0;0;0;0;0;0;
49.75;0.937299;2e+07;8.7473e+16;3.4261e+17;8.3129e+17;5.6902e+17;4.2384e+17;2.3777e+16;0;0;0;0;0;0;
50;0.937298;2e+07;8.7473e+16;3.4261e+17;8.3129e+17;5.6902e+17;4.2384e+17;2.3777e+16;0;0;0;0;0;0;
50.25;0.937297;2e+07;8.7474e+16;3.4261e+17;8.3129e+17;5.6902e+17;4.2384e+17;2.3777e+16;0;0;0;0;0;0;
50.5;0.937296;2e+07;8.7474e+16;3.4261e+17;8.3129e+17;5.6903e+17;4.2384e+17;2.3777e+16;0;0;0;0;0;0;
50.75;0.937295;2e+07;8.7474e+16;3.4261e+17;8.3129e+17;5.6903e+17;4.2384e+17;2.3777e+16;0;0;0;0;0;0;
51;0.937295;2e+07;8.7474e+16;3.4261e+17;8.3129e+17;5.6903e+17;4.2384e+17;2.3777e+16;0;0;0;0;0;0;
51.25;0.937293;2e+07;8.7474e+16;3.4261e+17;8.3129e+17;5.6903e+17;4.2384e+17;2.3777e+16;0;0;0;0;0;0;
51.5;0.937293;2e+07;8.7474e+16;3.4261e+17;8.3129e+17;5.6903e+17;4.2384e+17;2.3777e+16;0;0;0;0;0;0;
51.75;0.937292;2e+07;8.7474e+16;3.4261e+17;8.3129e+17;5.6903e+17;4.2384e+17;2.3777e+16;0;0;0;0;0;0;
52;0.937291;2e+07;8.7475e+16;3.4261e+17;8.3129e+17;5.6903e+17;4.2384e+17;2.3777e+16;0;0;0;0;0;0;
52.25;0.937291;2e+07;8.7475e+16;3.4261e+17;8.313e+17;5.6903e+17;4.2384e+17;2.3777e+16;0;0;0;0;0;0;
52.5;0.93729;2e+07;8.7475e+16;3.4261e+17;8.313e+17;5.6903e+17;4.2384e+17;2.3777e+16;0;0;0;0;0;0;
52.75;0.937289;2e+07;8.7475e+16;3.4261e+17;8.313e+17;5.6903e+17;4.2384e+17;2.3777e+16;0;0;0;0;0;0;
53;0.937289;2e+07;8.7475e+16;3.4261e+17;8.313e+17;5.6903e+17;4.2384e+17;2.3777e+16;0;0;0;0;0;0;
53.25;0.937288;2e+07;8.7475e+16;3.4261e+17;8.313e+17;5.6903e+17;4.2384e+17;2.3777e+16;0;0;0;0;0;0;
53.5;0.937288;2e+07;8.7475e+16;3.4261e+17;8.313e+17;5.6903e+17;4.2384e+17;2.3777e+16;0;0;0;0;0;0;
53.75;0.937287;2e+07;8.7475e+16;3.4261e+17;8.313e+17;5.6903e+17;4.2384e+17;2.3777e+16;0;0;0;0;0;0;
54;0.937287;2e+07;8.7475e+16;3.4261e+17;8.313e+17;5.6903e+17;4.2384e+17;2.3777e+16;0;0;0;0;0;0;
54.25;0.937286;2e+07;8.7475e+16;3.4262e+17;8.313e+17;5.6903e+17;4.2384e+17;2.3777e+16;0;0;0;0;0;0;
54.5;0.937285;2e+07;8.7476e+16;3.4262e+17;8.313e+17;5.6903e+17;4.2384e+17;2.3777e+16;0;0;0;0;0;0;
54.75;0.937285;2e+07;8.7476e+16;3.4262e+17;8.313e+17;5.6903e+17;4.2385e+17;2.3777e+16;0;0;0;0;0;0;
55;0.937284;2e+07;8.7476e+16;3.4262e+17;8.313e+17;5.6903e+17;4.2385e+17;2.3777e+16;0;0;0;0;0;0;
55.25;0.937284;2e+07;8.7476e+16;3.4262e+17;8.313e+17;5.6903e+17;4.2385e+17;2.3777e+16;0;0;0;0;0;0;
55.5;0.937301;2e+07;8.7474e+16;3.4261e+17;8.313e+17;5.6904e+17;4.2385e+17;2.3777e+16;0;0;0;0;0;0;
55.75;0.9373;2e+07;8.7474e+16;3.4261e+17;8.313e+17;5.6904e+17;4.2385e+17;2.3777e+16;0;0;0;0;0;0;
56;0.9373;2e+07;8.7475e+16;3.4261e+17;8.313e+17;5.6904e+17;4.2385e+17;2.3777e+16;0;0;0;0;0;0;
56.25;0.9373;2e+07;8.7475e+16;3.4261e+17;8.313e+17;5.6904e+17;4.2385e+17;2.3777e+16;0;0;0;0;0;0;
56.5;0.937299;2e+07;8.7475e+16;3.4261e+17;8.313e+17;5.6904e+17;4.2385e+17;2.3777e+16;0;0;0;0;0;0;
56.75;0.937299;2e+07;8.7475e+16;3.4261e+17;8.313e+17;5.6904e+17;4.2385e+17;2.3777e+16;0;0;0;0;0;0;
57;0.937299;2e+07;8.7475e+16;3.4261e+17;8.313e+17;5.6904e+17;4.2385e+17;2.3777e+16;0;0;0;0;0;0;
57.25;0.937298;2e+07;8.7475e+16;3.4261e+17;8.313e+17;5.6904e+17;4.2385e+17;2.3777e+16;0;0;0;0;0;0;
57.5;0.937298;2e+07;8.7475e+16;3.4261e+17;8.313e+17;5.6904e+17;4.2385e+17;2.3777e+16;0;0;0;0;0;0;
57.75;0.937298;2e+07;8.7475e+16;3.4261e+17;8.313e+17;5.6904e+17;4.2385e+17;2.3777e+16;0;0;0;0;0;0;
58;0.937297;2e+07;8.7475e+16;3.4261e+17;8.313e+17;5.6904e+17;4.2385e+17;2.3777e+16;0;0;0;0;0;0;
58.25;0.937297;2e+07;8.7475e+16;3.4261e+17;8.313e+17;5.6904e+17;4.2385e+17;2.3777e+16;0;0;0;0;0;0;
58.5;0.937297;2e+07;8.7475e+16;3.4261e+17;8.313e+17;5.6904e+17;4.2385e+17;2.3777e+16;0;0;0;0;0;0;
58.75;0.937296;2e+07;8.7475e+16;3.4261e+17;8.313e+17;5.6904e+17;4.2385e+17;2.3777e+16;0;0;0;0;0;0;
59;0.937296;2e+07;8.7475e+16;3.4261e+17;8.313e+17;5.6904e+17;4.2385e+17;2.3777e+16;0;0;0;0;0;0;
59.25;0.937296;2e+07;8.7475e+16;3.4261e+17;8.313e+17;5.6904e+17;4.2385e+17;2.3777e+16;0;0;0;0;0;0;
59.5;0.937296;2e+07;8.7475e+16;3.4261e+17;8.313e+17;5.6904e+17;4.2385e+17;2.3777e+16;0;0;0;0;0;0;
59.75;0.937296;2e+07;8.7475e+16;3.4261e+17;8.313e+17;5.6904e+17;4.2385e+17;2.3777e+16;0;0;0;0;0;0;
60;0.937296;2e+07;8.7475e+16;3.4261e+17;8.313e+17;5.6904e+17;4.2385e+17;2.3777e+16;0;0;0;0;0;0;
60.25;0.937296;2e+07;8.7475e+16;3.4261e+17;8.313e+17;5.6904e+17;4.2385e+17;2.3777e+16;0;0;0;0;0;0;
60.5;0.937295;2e+07;8.7475e+16;3.4262e+17;8.313e+17;5.6904e+17;4.2385e+17;2.3777e+16;0;0;0;0;0;0;
60.75;0.937295;2e+07;8.7475e+16;3.4262e+17;8.313e+17;5.6904e+17;4.2385e+17;2.3777e+16;0;0;0;0;0;0;
61;0.937295;2e+07;8.7475e+16;3.4262e+17;8.313e+17;5.6904e+17;4.2385e+17;2.3777e+16;0;0;0;0;0;0;
61.25;0.937295;2e+07;8.7475e+16;3.4262e+17;8.313e+17;5.6904e+17;4.2385e+17;2.3777e+16;0;0;0;0;0;0;
61.5;0.937295;2e+07;8.7476e+16;3.4262e+17;8.313e+17;5.6904e+17;4.2385e+17;2.3777e+16;0;0;0;0;0;0;
61.75;0.937294;2e+07;8.7476e+16;3.4262e+17;8.313e+17;5.6904e+17;4.2385e+17;2.3777e+16;0;0;0;0;0;0;
62;0.937294;2e+07;8.7476e+16;3.4262e+17;8.3131e+17;5.6904e+17;4.2385e+17;2.3777e+16;0;0;0;0;0;0;
62.25;0.937294;2e+07;8.7476e+16;3.4262e+17;8.3131e+17;5.6904e+17;4.2385e+17;2.3777e+16;0;0;0;0;0;0;
62.5;0.937294;2e+07;8.7476e+16;3.4262e+17;8.3131e+17;5.6904e+17;4.2385e+17;2.3777e+16;0;0;0;0;0;0;
62.75;0.937294;2e+07;8.7476e+16;3.4262e+17;8.3131e+17;5.6904e+17;4.2385e+17;2.3777e+16;0;0;0;0;0;0;
63;0.937294;2e+07;8.7476e+16;3.4262e+17;8.3131e+17;5.6904e+17;4.2385e+17;2.3777e+16;0;0;0;0;0;0;
63.25;0.937294;2e+07;8.7476e+16;3.4262e+17;8.3131e+17;5.6904e+17;4.2385e+17;2.3777e+16;0;0;0;0;0;0;
63.5;0.937293;2e+07;8.7476e+16;3.4262e+17;8.3131e+17;5.6904e+17;4.2385e+17;2.3777e+16;0;0;0;0;0;0;
63.75;0.937293;2e+07;8.7476e+16;3.4262e+17;8.3131e+17;5.6904e+17;4.2385e+17;2.3777e+16;0;0;0;0;0;0;
64;0.937293;2e+07;8.7476e+16;3.4262e+17;8.3131e+17;5.6904e+17;4.2385e+17;2.3777e+16;0;0;0;0;0;0;
64.25;0.937293;2e+07;8.7476e+16;3.4262e+17;8.3131e+17;5.6904e+17;4.2385e+17;2.3777e+16;0;0;0;0;0;0;
64.5;0.937293;2e+07;8.7476e+16;3.4262e+17;8.3131e+17;5.6904e+17;4.2385e+17;2.3777e+16;0;0;0;0;0;0;
64.75;0.937293;2e+07;8.7476e+16;3.4262e+17;8.3131e+17;5.6904e+17;4.2385e+17;2.3777e+16;0;0;0;0;0;0;
65;0.937293;2e+07;8.7476e+16;3.4262e+17;8.3131e+17;5.6904e+17;4.2385e+17;2.3777e+16;0;0;0;0;0;0;
65.25;0.937293;2e+07;8.7476e+16;3.4262e+17;8.3131e+17;5.6904e+17;4.2385e+17;2.3777e+16;0;0;0;0;0;0;
65.5;0.937293;2e+07;8.7476e+16;3.4262e+17;8.3131e+17;5.6904e+17;4.2385e+17;2.3777e+16;0;0;0;0;0;0;
65.75;0.937292;2e+07;8.7476e+16;3.4262e+17;8.3131e+17;5.6904e+17;4.2385e+17;2.3777e+16;0;0;0;0;0;0;
66;0.937292;2e+07;8.7476e+16;3.4262e+17;8.3131e+17;5.6904e+17;4.2385e+17;2.3777e+16;0;0;0;0;0;0;
66.25;0.937292;2e+07;8.7476e+16;3.4262e+17;8.3131e+17;5.6904e+17;4.2385e+17;2.3777e+16;0;0;0;0;0;0;
66.5;0.937292;2e+07;8.7476e+16;3.4262e+17;8.3131e+17;5.6904e+17;4.2385e+17;2.3777e+16;0;0;0;0;0;0;
66.75;0.937292;2e+07;8.7476e+16;3.4262e+17;8.3131e+17;5.6904e+17;4.2385e+17;2.3777e+16;0;0;0;0;0;0;
67;0.937292;2e+07;8.7476e+16;3.4262e+17;8.3131e+17;5.6904e+17;4.2385e+17;2.3777e+16;0;0;0;0;0;0;
67.25;0.937292;2e+07;8.7476e+16;3.4262e+17;8.3131e+17;5.6904e+17;4.2385e+17;2.3777e+16;0;0;0;0;0;0;
67.5;0.937292;2e+07;8.7476e+16;3.4262e+17;8.3131e+17;5.6904e+17;4.2385e+17;2.3777e+16;0;0;0;0;0;0;
67.75;0.937292;2e+07;8.7476e+16;3.4262e+17;8.3131e+17;5.6904e+17;4.2385e+17;2.3777e+16;0;0;0;0;0;0;
68;0.937292;2e+07;8.7476e+16;3.4262e+17;8.3131e+17;5.6904e+17;4.2385e+17;2.3777e+16;0;0;0;0;0;0;
68.25;0.937292;2e+07;8.7476e+16;3.4262e+17;8.3131e+17;5.6904e+17;4.2385e+17;2.3777e+16;0;0;0;0;0;0;
68.5;0.937292;2e+07;8.7476e+16;3.4262e+17;8.3131e+17;5.6904e+17;4.2385e+17;2.3777e+16;0;0;0;0;0;0;
68.75;0.937292;2e+07;8.7476e+16;3.4262e+17;8.3131e+17;5.6904e+17;4.2385e+17;2.3777e+16;0;0;0;0;0;0;
69;0.937292;2e+07;8.7476e+16;3.4262e+17;8.3131e+17;5.6904e+17;4.2385e+17;2.3777e+16;0;0;0;0;0;0;
69.25;0.937291;2e+07;8.7476e+16;3.4262e+17;8.3131e+17;5.6904e+17;4.2385e+17;2.3777e+16;0;0;0;0;0;0;
69.5;0.937291;2e+07;8.7476e+16;3.4262e+17;8.3131e+17;5.6904e+17;4.2385e+17;2.3777e+16;0;0;0;0;0;0;
69.75;0.937291;2e+07;8.7476e+16;3.4262e+17;8.3131e+17;5.6904e+17;4.2385e+17;2.3777e+16;0;0;0;0;0;0;
70;0.937291;2e+07;8.7476e+16;3.4262e+17;8.3131e+17;5.6904e+17;4.2385e+17;2.3777e+16;0;0;0;0;0;0;
70.25;0.937291;2e+07;8.7476e+16;3.4262e+17;8.3131e+17;5.6904e+17;4.2385e+17;2.3777e+16;0;0;0;0;0;0;
70.5;0.937291;2e+07;8.7476e+16;3.4262e+17;8.3131e+17;5.6904e+17;4.2385e+17;2.3777e+16;0;0;0;0;0;0;
70.75;0.937291;2e+07;8.7476e+16;3.4262e+17;8.3131e+17;5.6904e+17;4.2385e+17;2.3777e+16;0;0;0;0;0;0;
71;0.937291;2e+07;8.7476e+16;3.4262e+17;8.3131e+17;5.6904e+17;4.2385e+17;2.3777e+16;0;0;0;0;0;0;
71.25;0.937291;2e+07;8.7476e+16;3.4262e+17;8.3131e+17;5.6904e+17;4.2385e+17;2.3777e+16;0;0;0;0;0;0;
71.5;0.937291;2e+07;8.7476e+16;3.4262e+17;8.3131e+17;5.6904e+17;4.2385e+17;2.3777e+16;0;0;0;0;0;0;
71.75;0.937291;2e+07;8.7476e+16;3.4262e+17;8.3131e+17;5.6904e+17;4.2385e+17;2.3777e+16;0;0;0;0;0;0;
72;0.937291;2e+07;8.7476e+16;3.4262e+17;8.3131e+17;5.6904e+17;4.2385e+17;2.3777e+16;0;0;0;0;0;0;
72.25;0.937291;2e+07;8.7476e+16;3.4262e+17;8.3131e+17;5.6904e+17;4.2385e+17;2.3777e+16;0;0;0;0;0;0;
72.5;0.937291;2e+07;8.7476e+16;3.4262e+17;8.3131e+17;5.6904e+17;4.2385e+17;2.3777e+16;0;0;0;0;0;0;
72.75;0.937291;2e+07;8.7476e+16;3.4262e+17;8.3131e+17;5.6904e+17;4.2385e+17;2.3777e+16;0;0;0;0;0;0;
73;0.937291;2e+07;8.7476e+16;3.4262e+17;8.3131e+17;5.6904e+17;4.2385e+17;2.3777e+16;0;0;0;0;0;0;
73.25;0.937292;2e+07;8.7476e+16;3.4262e+17;8.3131e+17;5.6904e+17;4.2385e+17;2.3777e+16;0;0;0;0;0;0;
73.5;0.937292;2e+07;8.7476e+16;3.4262e+17;8.3131e+17;5.6904e+17;4.2385e+17;2.3777e+16;0;0;0;0;0;0;
73.75;0.937292;2e+07;8.7476e+16;3.4262e+17;8.3131e+17;5.6904e+17;4.2385e+17;2.3777e+16;0;0;0;0;0;0;
74;0.937292;2e+07;8.7476e+16;3.4262e+17;8.3131e+17;5.6904e+17;4.2385e+17;2.3777e+16;0;0;0;0;0;0;
74.25;0.937292;2e+07;8.7476e+16;3.4262e+17;8.3131e+17;5.6904e+17;4.2385e+17;2.3777e+16;0;0;0;0;0;0;
74.5;0.937292;2e+07;8.7476e+16;3.4262e+17;8.3131e+17;5.6904e+17;4.2385e+17;2.3777e+16;0;0;0;0;0;0;
74.75;0.937292;2e+07;8.7476e+16;3.4262e+17;8.3131e+17;5.6904e+17;4.2385e+17;2.3777e+16;0;0;0;0;0;0;
75;0.937292;2e+07;8.7476e+16;3.4262e+17;8.3131e+17;5.6904e+17;4.2385e+17;2.3777e+16;0;0;0;0;0;0;
75.25;0.937292;2e+07;8.7476e+16;3.4262e+17;8.3131e+17;5.6904e+17;4.2385e+17;2.3777e+16;0;0;0;0;0;0;
75.5;0.937292;2e+07;8.7476e+16;3.4262e+17;8.3131e+17;5.6904e+17;4.2385e+17;2.3777e+16;0;0;0;0;0;0;
75.75;0.937292;2e+07;8.7476e+16;3.4262e+17;8.3131e+17;5.6904e+17;4.2385e+17;2.3777e+16;0;0;0;0;0;0;
76;0.937292;2e+07;8.7476e+16;3.4262e+17;8.3131e+17;5.6904e+17;4.2385e+17;2.3777e+16;0;0;0;0;0;0;
76.25;0.937292;2e+07;8.7476e+16;3.4262e+17;8.3131e+17;5.6904e+17;4.2385e+17;2.3777e+16;0;0;0;0;0;0;
76.5;0.937292;2e+07;8.7476e+16;3.4262e+17;8.3131e+17;5.6904e+17;4.2385e+17;2.3777e+16;0;0;0;0;0;0;
76.75;0.937292;2e+07;8.7476e+16;3.4262e+17;8.3131e+17;5.6904e+17;4.2385e+17;2.3777e+16;0;0;0;0;0;0;
77;0.937292;2e+07;8.7476e+16;3.4262e+17;8.3131e+17;5.6904e+17;4.2385e+17;2.3777e+16;0;0;0;0;0;0;
77.25;0.937292;2e+07;8.7476e+16;3.4262e+17;8.3131e+17;5.6904e+17;4.2385e+17;2.3777e+16;0;0;0;0;0;0;
77.5;0.937292;2e+07;8.7476e+16;3.4262e+17;8.3131e+17;5.6904e+17;4.2385e+17;2.3777e+16;0;0;0;0;0;0;
77.75;0.937292;2e+07;8.7476e+16;3.4262e+17;8.3131e+17;5.6904e+17;4.2385e+17;2.3777e+16;0;0;0;0;0;0;
78;0.937292;2e+07;8.7476e+16;3.4262e+17;8.3131e+17;5.6904e+17;4.2385e+17;2.3777e+16;0;0;0;0;0;0;
78.25;0.937292;2e+07;8.7476e+16;3.4262e+17;8.3131e+17;5.6904e+17;4.2385e+17;2.3777e+16;0;0;0;0;0;0;
78.5;0.937292;2e+07;8.7476e+16;3.4262e+17;8.3131e+17;5.6904e+17;4.2385e+17;2.3777e+16;0;0;0;0;0;0;
78.75;0.937292;2e+07;8.7476e+16;3.4262e+17;8.3131e+17;5.6904e+17;4.2385e+17;2.3777e+16;0;0;0;0;0;0;
79;0.937292;2e+07;8.7476e+16;3.4262e+17;8.3131e+17;5.6904e+17;4.2385e+17;2.3777e+16;0;0;0;0;0;0;
79.25;0.937292;2e+07;8.7476e+16;3.4262e+17;8.3131e+17;5.6904e+17;4.2385e+17;2.3777e+16;0;0;0;0;0;0;
79.5;0.937292;2e+07;8.7476e+16;3.4262e+17;8.3131e+17;5.6904e+17;4.2385e+17;2.3777e+16;0;0;0;0;0;0;
79.75;0.937292;2e+07;8.7476e+16;3.4262e+17;8.3131e+17;5.6904e+17;4.2385e+17;2.3777e+16;0;0;0;0;0;0;
80;0.937292;2e+07;8.7476e+16;3.4262e+17;8.3131e+17;5.6904e+17;4.2385e+17;2.3777e+16;0;0;0;0;0;0;
80.25;0.937292;2e+07;8.7476e+16;3.4262e+17;8.3131e+17;5.6904e+17;4.2385e+17;2.3777e+16;0;0;0;0;0;0;
80.5;0.937292;2e+07;8.7476e+16;3.4262e+17;8.3131e+17;5.6904e+17;4.2385e+17;2.3777e+16;0;0;0;0;0;0;
80.75;0.937292;2e+07;8.7476e+16;3.4262e+17;8.3131e+17;5.6904e+17;4.2385e+17;2.3777e+16;0;0;0;0;0;0;
81;0.937292;2e+07;8.7476e+16;3.4262e+17;8.3131e+17;5.6904e+17;4.2385e+17;2.3777e+16;0;0;0;0;0;0;
81.25;0.937292;2e+07;8.7476e+16;3.4262e+17;8.3131e+17;5.6904e+17;4.2385e+17;2.3777e+16;0;0;0;0;0;0;
81.5;0.937292;2e+07;8.7476e+16;3.4262e+17;8.3131e+17;5.6904e+17;4.2385e+17;2.3777e+16;0;0;0;0;0;0;
81.75;0.937292;2e+07;8.7476e+16;3.4262e+17;8.3131e+17;5.6904e+17;4.2385e+17;2.3777e+16;0;0;0;0;0;0;
82;0.937292;2e+07;8.7476e+16;3.4262e+17;8.3131e+17;5.6904e+17;4.2385e+17;2.3777e+16;0;0;0;0;0;0;
82.25;0.937292;2e+07;8.7476e+16;3.4262e+17;8.3131e+17;5.6904e+17;4.2385e+17;2.3777e+16;0;0;0;0;0;0;
82.5;0.937292;2e+07;8.7476e+16;3.4262e+17;8.3131e+17;5.6904e+17;4.2385e+17;2.3777e+16;0;0;0;0;0;0;
82.75;0.937292;2e+07;8.7476e+16;3.4262e+17;8.3131e+17;5.6904e+17;4.2385e+17;2.3777e+16;0;0;0;0;0;0;
83;0.937292;2e+07;8.7476e+16;3.4262e+17;8.3131e+17;5.6904e+17;4.2385e+17;2.3777e+16;0;0;0;0;0;0;
83.25;0.937292;2e+07;8.7476e+16;3.4262e+17;8.3131e+17;5.6904e+17;4.2385e+17;2.3777e+16;0;0;0;0;0;0;
83.5;0.937292;2e+07;8.7476e+16;3.4262e+17;8.3131e+17;5.6904e+17;4.2385e+17;2.3777e+16;0;0;0;0;0;0;
83.75;0.937292;2e+07;8.7476e+16;3.4262e+17;8.3131e+17;5.6904e+17;4.2385e+17;2.3777e+16;0;0;0;0;0;0;
84;0.937292;2e+07;8.7476e+16;3.4262e+17;8.3131e+17;5.6904e+17;4.2385e+17;2.3777e+16;0;0;0;0;0;0;
84.25;0.937292;2e+07;8.7476e+16;3.4262e+17;8.3131e+17;5.6904e+17;4.2385e+17;2.3777e+16;0;0;0;0;0;0;
84.5;0.937292;2e+07;8.7476e+16;3.4262e+17;8.3131e+17;5.6904e+17;4.2385e+17;2.3777e+16;0;0;0;0;0;0;
84.75;0.937292;2e+07;8.7476e+16;3.4262e+17;8.3131e+17;5.6904e+17;4.2385e+17;2.3777e+16;0;0;0;0;0;0;
85;0.937292;2e+07;8.7476e+16;3.4262e+17;8.3131e+17;5.6904e+17;4.2385e+17;2.3777e+16;0;0;0;0;0;0;
85.25;0.937292;2e+07;8.7476e+16;3.4262e+17;8.3131e+17;5.6904e+17;4.2385e+17;2.3777e+16;0;0;0;0;0;0;
85.5;0.937292;2e+07;8.7476e+16;3.4262e+17;8.3131e+17;5.6904e+17;4.2385e+17;2.3777e+16;0;0;0;0;0;0;
85.75;0.937292;2e+07;8.7476e+16;3.4262e+17;8.3131e+17;5.6904e+17;4.2385e+17;2.3777e+16;0;0;0;0;0;0;
86;0.937292;2e+07;8.7476e+16;3.4262e+17;8.3131e+17;5.6904e+17;4.2385e+17;2.3777e+16;0;0;0;0;0;0;
86.25;0.937292;2e+07;8.7476e+16;3.4262e+17;8.3131e+17;5.6904e+17;4.2385e+17;2.3777e+16;0;0;0;0;0;0;
86.5;0.937292;2e+07;8.7476e+16;3.4262e+17;8.3131e+17;5.6904e+17;4.2385e+17;2.3777e+16;0;0;0;0;0;0;
86.75;0.937292;2e+07;8.7476e+16;3.4262e+17;8.3131e+17;5.6904e+17;4.2385e+17;2.3777e+16;0;0;0;0;0;0;
87;0.937292;2e+07;8.7476e+16;3.4262e+17;8.3131e+17;5.6904e+17;4.2385e+17;2.3777e+16;0;0;0;0;0;0;
87.25;0.937292;2e+07;8.7476e+16;3.4262e+17;8.3131e+17;5.6904e+17;4.2385e+17;2.3777e+16;0;0;0;0;0;0;
87.5;0.937292;2e+07;8.7476e+16;3.4262e+17;8.3131e+17;5.6904e+17;4.2385e+17;2.3777e+16;0;0;0;0;0;0;
87.75;0.937292;2e+07;8.7476e+16;3.4262e+17;8.3131e+17;5.6904e+17;4.2385e+17;2.3777e+16;0;0;0;0;0;0;
88;0.937292;2e+07;8.7476e+16;3.4262e+17;8.3131e+17;5.6904e+17;4.2385e+17;2.3777e+16;0;0;0;0;0;0;
88.25;0.937292;2e+07;8.7476e+16;3.4262e+17;8.3131e+17;5.6904e+17;4.2385e+17;2.3777e+16;0;0;0;0;0;0;
88.5;0.937292;2e+07;8.7476e+16;3.4262e+17;8.3131e+17;5.6904e+17;4.2385e+17;2.3777e+16;0;0;0;0;0;0;
88.75;0.937292;2e+07;8.7476e+16;3.4262e+17;8.3131e+17;5.6904e+17;4.2385e+17;2.3777e+16;0;0;0;0;0;0;
89;0.937292;2e+07;8.7476e+16;3.4262e+17;8.3131e+17;5.6904e+17;4.2385e+17;2.3777e+16;0;0;0;0;0;0;
89.25;0.937292;2e+07;8.7476e+16;3.4262e+17;8.3131e+17;5.6904e+17;4.2385e+17;2.3777e+16;0;0;0;0;0;0;
89.5;0.937292;2e+07;8.7476e+16;3.4262e+17;8.3131e+17;5.6904e+17;4.2385e+17;2.3777e+16;0;0;0;0;0;0;
89.75;0.937292;2e+07;8.7476e+16;3.4262e+17;8.3131e+17;5.6904e+17;4.2385e+17;2.3777e+16;0;0;0;0;0;0;
90;0.937292;2e+07;8.7476e+16;3.4262e+17;8.3131e+17;5.6904e+17;4.2385e+17;2.3777e+16;0;0;0;0;0;0;
90.25;0.937292;2e+07;8.7476e+16;3.4262e+17;8.3131e+17;5.6904e+17;4.2385e+17;2.3777e+16;0;0;0;0;0;0;
90.5;0.937292;2e+07;8.7476e+16;3.4262e+17;8.3131e+17;5.6904e+17;4.2385e+17;2.3777e+16;0;0;0;0;0;0;
90.75;0.937292;2e+07;8.7476e+16;3.4262e+17;8.3131e+17;5.6904e+17;4.2385e+17;2.3777e+16;0;0;0;0;0;0;
91;0.937292;2e+07;8.7476e+16;3.4262e+17;8.3131e+17;5.6904e+17;4.2385e+17;2.3777e+16;0;0;0;0;0;0;
91.25;0.937292;2e+07;8.7476e+16;3.4262e+17;8.3131e+17;5.6904e+17;4.2385e+17;2.3777e+16;0;0;0;0;0;0;
91.5;0.937292;2e+07;8.7476e+16;3.4262e+17;8.3131e+17;5.6904e+17;4.2385e+17;2.3777e+16;0;0;0;0;0;0;
91.75;0.937292;2e+07;8.7476e+16;3.4262e+17;8.3131e+17;5.6904e+17;4.2385e+17;2.3777e+16;0;0;0;0;0;0;
92;0.937292;2e+07;8.7476e+16;3.4262e+17;8.3131e+17;5.6904e+17;4.2385e+17;2.3777e+16;0;0;0;0;0;0;
92.25;0.937292;2e+07;8.7476e+16;3.4262e+17;8.3131e+17;5.6904e+17;4.2385e+17;2.3777e+16;0;0;0;0;0;0;
92.5;0.937292;2e+07;8.7476e+16;3.4262e+17;8.3131e+17;5.6904e+17;4.2385e+17;2.3777e+16;0;0;0;0;0;0;
92.75;0.937292;2e+07;8.7476e+16;3.4262e+17;8.3131e+17;5.6904e+17;4.2385e+17;2.3777e+16;0;0;0;0;0;0;
93;0.937292;2e+07;8.7476e+16;3.4262e+17;8.3131e+17;5.6904e+17;4.2385e+17;2.3777e+16;0;0;0;0;0;0;
93.25;0.937292;2e+07;8.7476e+16;3.4262e+17;8.3131e+17;5.6904e+17;4.2385e+17;2.3777e+16;0;0;0;0;0;0;
93.5;0.937292;2e+07;8.7476e+16;3.4262e+17;8.3131e+17;5.6904e+17;4.2385e+17;2.3777e+16;0;0;0;0;0;0;
93.75;0.937292;2e+07;8.7476e+16;3.4262e+17;8.3131e+17;5.6904e+17;4.2385e+17;2.3777e+16;0;0;0;0;0;0;
94;0.937292;2e+07;8.7476e+16;3.4262e+17;8.3131e+17;5.6904e+17;4.2385e+17;2.3777e+16;0;0;0;0;0;0;
94.25;0.937292;2e+07;8.7476e+16;3.4262e+17;8.3131e+17;5.6904e+17;4.2385e+17;2.3777e+16;0;0;0;0;0;0;
94.5;0.937292;2e+07;8.7476e+16;3.4262e+17;8.3131e+17;5.6904e+17;4.2385e+17;2.3777e+16;0;0;0;0;0;0;
94.75;0.937292;2e+07;8.7476e+16;3.4262e+17;8.3131e+17;5.6904e+17;4.2385e+17;2.3777e+16;0;0;0;0;0;0;
95;0.937292;2e+07;8.7476e+16;3.4262e+17;8.3131e+17;5.6904e+17;4.2385e+17;2.3777e+16;0;0;0;0;0;0;
95.25;0.937292;2e+07;8.7476e+16;3.4262e+17;8.3131e+17;5.6904e+17;4.2385e+17;2.3777e+16;0;0;0;0;0;0;
95.5;0.937292;2e+07;8.7476e+16;3.4262e+17;8.3131e+17;5.6904e+17;4.2385e+17;2.3777e+16;0;0;0;0;0;0;
95.75;0.937292;2e+07;8.7476e+16;3.4262e+17;8.3131e+17;5.6904e+17;4.2385e+17;2.3777e+16;0;0;0;0;0;0;
96;0.937292;2e+07;8.7476e+16;3.4262e+17;8.3131e+17;5.6904e+17;4.2385e+17;2.3777e+16;0;0;0;0;0;0;
96.25;0.937292;2e+07;8.7476e+16;3.4262e+17;8.3131e+17;5.6904e+17;4.2385e+17;2.3777e+16;0;0;0;0;0;0;
96.5;0.937292;2e+07;8.7476e+16;3.4262e+17;8.3131e+17;5.6904e+17;4.2385e+17;2.3777e+16;0;0;0;0;0;0;
96.75;0.937292;2e+07;8.7476e+16;3.4262e+17;8.3131e+17;5.6904e+17;4.2385e+17;2.3777e+16;0;0;0;0;0;0;
97;0.937292;2e+07;8.7476e+16;3.4262e+17;8.3131e+17;5.6904e+17;4.2385e+17;2.3777e+16;0;0;0;0;0;0;
97.25;0.937292;2e+07;8.7476e+16;3.4262e+17;8.3131e+17;5.6904e+17;4.2385e+17;2.3777e+16;0;0;0;0;0;0;
97.5;0.937292;2e+07;8.7476e+16;3.4262e+17;8.3131e+17;5.6904e+17;4.2385e+17;2.3777e+16;0;0;0;0;0;0;
97.75;0.937292;2e+07;8.7476e+16;3.4262e+17;8.3131e+17;5.6904e+17;4.2385e+17;2.3777e+16;0;0;0;0;0;0;
98;0.937292;2e+07;8.7476e+16;3.4262e+17;8.3131e+17;5.6904e+17;4.2385e+17;2.3777e+16;0;0;0;0;0;0;
98.25;0.937292;2e+07;8.7476e+16;3.4262e+17;8.3131e+17;5.6904e+17;4.2385e+17;2.3777e+16;0;0;0;0;0;0;
98.5;0.937292;2e+07;8.7476e+16;3.4262e+17;8.3131e+17;5.6904e+17;4.2385e+17;2.3777e+16;0;0;0;0;0;0;
98.75;0.937292;2e+07;8.7476e+16;3.4262e+17;8.3131e+17;5.6904e+17;4.2385e+17;2.3777e+16;0;0;0;0;0;0;
99;0.937292;2e+07;8.7476e+16;3.4262e+17;8.3131e+17;5.6904e+17;4.2385e+17;2.3777e+16;0;0;0;0;0;0;
99.25;0.937292;2e+07;8.7476e+16;3.4262e+17;8.3131e+17;5.6904e+17;4.2385e+17;2.3777e+16;0;0;0;0;0;0;
99.5;0.937292;2e+07;8.7476e+16;3.4262e+17;8.3131e+17;5.6904e+17;4.2385e+17;2.3777e+16;0;0;0;0;0;0;
99.75;0.937292;2e+07;8.7476e+16;3.4262e+17;8.3131e+17;5.6904e+17;4.2385e+17;2.3777e+16;0;0;0;0;0;0;
100;0.937292;2e+07;8.7476e+16;3.4262e+17;8.3131e+17;5.6904e+17;4.2385e+17;2.3777e+16;0;0;0;0;0;0;
