/*--------------------------------*- C++ -*----------------------------------*\
| =========                 |                                                 |
| \\      /  F ield         | OpenFOAM: The Open Source CFD Toolbox           |
|  \\    /   O peration     | Version:  2206                                  |
|   \\  /    A nd           | Website:  www.openfoam.com                      |
|    \\/     M anipulation  |                                                 |
\*---------------------------------------------------------------------------*/
FoamFile
{
    version     2.0;
    format      ascii;
    arch        "LSB;label=32;scalar=64";
    class       volScalarField;
    location    "100/fluidRegion";
    object      dgdt;
}
// * * * * * * * * * * * * * * * * * * * * * * * * * * * * * * * * * * * * * //

dimensions      [0 0 -1 0 0 0 0];

internalField   nonuniform List<scalar> 
640
(
7.70831e-16
1.24883e-16
-5.41161e-16
7.28486e-16
8.32555e-16
-6.24416e-17
-2.41943e-15
2.7058e-16
1.16558e-15
-1.06151e-15
1.48281e-15
-1.48281e-15
1.2072e-15
-1.87827e-15
6.4523e-16
-7.28486e-16
5.61975e-16
1.29046e-15
-1.24883e-15
-3.7465e-16
8.32555e-17
5.61975e-16
1.69095e-15
-8.74183e-16
1.24883e-16
-7.90927e-16
-6.24416e-16
-8.32555e-17
2.44025e-15
-3.12208e-16
2.08139e-16
8.32555e-17
8.32555e-17
-2.12804e-15
2.75604e-16
1.47779e-15
-4.78719e-16
-1.16558e-15
2.49767e-16
-5.20347e-16
1.22802e-15
-1.12395e-15
-1.66511e-16
2.33618e-15
-1.04069e-15
2.7058e-16
-1.85746e-15
2.50269e-15
-9.83276e-16
1.45697e-16
2.91394e-16
-2.19048e-15
2.37781e-15
-3.7465e-16
-7.28486e-16
-3.12208e-16
6.4523e-16
-1.2072e-15
6.66044e-16
-5.41161e-16
1.24883e-15
2.08139e-17
-1.66511e-16
-1.62851e-15
5.41161e-16
1.79502e-15
4.99533e-16
-7.70113e-16
-1.2072e-15
3.12208e-16
-5.20347e-16
6.4523e-16
-4.37091e-16
1.71176e-15
-5.20347e-16
6.24416e-17
-6.24416e-17
-4.99533e-16
-4.16278e-17
-4.78719e-16
1.04069e-15
5.87813e-16
-2.33618e-15
1.64932e-15
6.4523e-16
-1.45697e-16
-4.37091e-16
3.33022e-16
1.87325e-16
4.16278e-17
-1.37372e-15
1.87325e-16
-5.61975e-16
7.70113e-16
1.14476e-15
4.16278e-17
-8.94997e-16
3.12208e-16
-2.00316e-15
2.58594e-15
-5.41161e-16
-1.69095e-15
3.95464e-16
8.53369e-16
6.66044e-16
-2.2479e-15
8.32555e-17
-1.66511e-16
2.69001e-15
-2.62757e-15
2.69001e-15
-2.49767e-16
4.16278e-17
-4.78719e-16
-0
-0
-1.24883e-16
2.49767e-16
-2.7058e-16
2.08139e-17
-2.49767e-16
1.04069e-16
1.45697e-16
-8.32555e-17
-1.04069e-16
6.24416e-17
4.16278e-17
4.16278e-17
-4.16278e-17
-4.16278e-17
4.16278e-17
-5.41161e-16
1.87325e-16
1.87325e-16
-1.45697e-16
1.45697e-16
6.24416e-17
2.08139e-17
-1.04069e-16
1.04069e-16
-1.45697e-16
-2.08139e-17
-6.24416e-17
2.08139e-16
6.24416e-17
-1.87325e-16
1.66511e-16
1.45697e-16
1.04069e-16
-2.28953e-16
1.24883e-16
-6.24416e-17
6.24416e-17
8.32555e-17
-2.08139e-16
-4.16278e-17
1.45697e-16
1.45697e-16
-2.08139e-17
-2.08139e-17
-8.32555e-17
2.08139e-16
4.16278e-17
1.66511e-16
1.45697e-16
1.04069e-16
4.16278e-17
-2.79408e-15
2.83571e-15
-0
4.16278e-17
-6.24416e-17
-2.8149e-15
2.08139e-17
1.87325e-16
2.62757e-15
-2.83571e-15
2.77327e-15
4.16278e-17
-2.71083e-15
-8.32555e-17
2.87734e-15
-2.64839e-15
-1.87325e-16
-0
8.32555e-17
2.75246e-15
-2.75246e-15
8.32555e-17
-1.66511e-16
2.8149e-15
-2.89815e-15
2.85653e-15
-2.08139e-16
-2.28953e-16
4.16278e-17
2.28953e-16
-1.24883e-16
-2.91394e-16
-4.16278e-17
1.87325e-16
-1.45697e-16
-8.32555e-17
1.45697e-16
-2.08139e-17
1.04069e-16
-2.08139e-16
1.04069e-16
-4.16278e-17
2.08139e-16
-6.24416e-17
1.04069e-16
4.16278e-17
2.91394e-16
6.24416e-17
-2.91897e-15
2.85653e-15
4.16278e-17
-2.75246e-15
2.71083e-15
4.16278e-17
-6.24416e-17
-1.87325e-16
-1.66511e-16
2.08139e-16
-1.24883e-16
-2.08139e-16
-0
1.04069e-16
1.45697e-16
-2.91394e-16
2.08139e-16
-1.66511e-16
1.24883e-16
-2.08139e-17
-1.24883e-16
2.08139e-16
-1.04069e-16
2.08139e-17
-0
-1.24883e-16
1.87325e-16
-4.16278e-17
6.24416e-17
-2.08139e-16
1.04069e-16
4.16278e-17
-1.24883e-16
2.08139e-16
-1.24883e-16
-1.24883e-16
4.16278e-17
-1.24883e-16
2.08139e-16
4.16278e-17
-1.45697e-16
6.24416e-17
-6.24416e-17
1.04069e-16
2.91394e-16
-1.24883e-16
1.04069e-16
-1.87325e-16
-1.66511e-16
1.24883e-16
-1.45697e-16
1.66511e-16
-4.37091e-16
-1.31127e-15
1.26965e-15
6.03602e-16
1.24883e-16
-6.66044e-16
-1.66511e-16
-1.04069e-16
5.61975e-16
-1.24883e-16
-1.87325e-16
2.28953e-16
4.78719e-16
-2.50269e-15
2.62757e-15
-2.79408e-15
2.02397e-15
-4.16278e-16
1.04069e-16
5.61975e-16
4.78719e-16
-1.24883e-16
-2.37781e-15
-3.33022e-16
6.86858e-16
6.24416e-17
4.78719e-16
4.16278e-17
7.90927e-16
7.70113e-16
-9.99066e-16
-1.35793e-15
1.83665e-15
-2.29455e-15
4.16278e-16
2.28953e-16
6.4523e-16
-3.12208e-16
3.12208e-16
2.49767e-16
1.14476e-15
-6.24416e-16
-1.24883e-16
-1.08232e-15
5.20347e-16
7.07672e-16
-1.26965e-15
4.78719e-16
6.03602e-16
-5.20347e-16
-6.66044e-16
-2.91394e-16
-3.7465e-16
2.56513e-15
-1.2072e-15
-7.28486e-16
1.45697e-16
5.20347e-16
4.37091e-16
1.06151e-15
-6.4523e-16
-2.08139e-17
-1.64932e-15
6.24416e-17
9.78252e-16
1.87325e-16
-1.69095e-15
1.44118e-15
-1.24883e-16
-6.4523e-16
-4.16278e-17
1.9199e-15
-1.83665e-15
-6.24416e-16
2.04478e-15
-1.60769e-15
6.24416e-16
3.33022e-16
1.29046e-15
4.16278e-17
-9.57438e-16
1.24883e-16
5.82789e-16
-4.16278e-17
-1.73258e-15
4.57905e-16
1.14476e-15
-1.22802e-15
-1.18639e-15
-4.16278e-17
8.11741e-16
4.99533e-16
6.24416e-16
-3.95464e-16
-6.24416e-16
7.28486e-16
8.16765e-16
-4.16278e-17
2.49767e-16
-1.24883e-16
-5.41161e-16
-1.62851e-15
6.24416e-17
6.86858e-16
-2.49767e-16
1.39453e-15
-1.9565e-15
2.28953e-16
4.16278e-17
7.70113e-16
1.18639e-15
-7.90927e-16
-3.95464e-16
-6.66044e-16
1.22802e-15
-6.4523e-16
1.01988e-15
-0
-5.41161e-16
-1.26965e-15
8.53369e-16
-8.32555e-16
-2.08139e-16
2.56513e-15
-9.83276e-16
-6.03602e-16
-1.04069e-16
6.66044e-16
-1.70674e-15
2.54432e-15
-4.16278e-16
-1.22802e-15
4.99533e-16
9.99066e-16
-1.22802e-15
9.99066e-16
6.24416e-17
-1.76918e-15
-3.53836e-16
2.58594e-15
-1.9199e-15
1.22802e-15
-1.06151e-15
5.61975e-16
7.90927e-16
-1.81583e-15
2.2113e-15
-2.46106e-15
-8.32555e-17
9.83276e-16
-1.04069e-16
-7.70113e-16
1.44118e-15
4.99533e-16
2.08139e-17
1.66511e-16
2.49767e-16
-1.66511e-16
-5.20347e-16
-1.89909e-15
6.24416e-16
2.28953e-16
9.83276e-16
3.7465e-16
-1.66511e-16
-0
-1.23304e-15
-4.37091e-16
7.493e-16
-8.74183e-16
4.37091e-16
9.99066e-16
-1.16558e-15
2.28953e-16
8.74183e-16
-5.41161e-16
-1.87325e-16
-5.20347e-16
2.08139e-16
1.10314e-15
6.86858e-16
-1.24883e-16
-8.94997e-16
2.08139e-16
1.45697e-16
5.61975e-16
2.08139e-16
-2.28953e-16
4.16278e-17
-1.24883e-16
-6.24416e-17
-1.87827e-15
-2.49767e-16
1.37874e-15
-0
-1.04069e-16
-5.61975e-16
-7.70113e-16
4.99533e-16
5.61975e-16
6.4523e-16
-3.7465e-16
-6.24416e-17
2.91394e-16
-3.53836e-16
-1.10314e-15
2.39862e-15
-1.78999e-15
1.74837e-15
-2.49767e-16
2.08139e-17
-5.20347e-16
-1.67013e-15
3.7465e-16
-1.66511e-16
-4.16278e-17
-4.16278e-17
-2.28953e-16
1.87325e-16
2.16967e-15
1.04069e-16
-4.99533e-16
1.45697e-16
-1.45697e-16
4.16278e-17
2.91394e-16
2.7058e-16
-2.62757e-15
2.7058e-16
2.46106e-15
-8.32555e-17
1.87325e-16
-0
2.08139e-17
-4.16278e-17
4.16278e-17
-2.69001e-15
2.49767e-16
2.16967e-15
-2.44025e-15
8.32555e-17
2.69001e-15
-2.71083e-15
2.28953e-16
4.78719e-16
-1.87325e-16
-0
4.37091e-16
-1.45697e-16
1.87325e-16
8.32555e-17
-4.16278e-17
3.12208e-16
-1.87325e-16
3.95464e-16
-0
3.12208e-16
4.78719e-16
2.28953e-16
-3.33022e-16
2.7058e-16
-1.04069e-16
-2.7058e-16
5.20347e-16
-2.85653e-15
3.12208e-16
-4.16278e-17
2.08139e-17
-2.08139e-16
2.83571e-15
-0
-2.50269e-15
1.04069e-16
4.16278e-17
4.16278e-17
8.32555e-17
-2.49767e-16
-6.24416e-17
-2.28953e-16
-6.24416e-17
8.32555e-17
-1.45697e-16
1.87325e-16
2.58594e-15
8.32555e-17
-2.41943e-15
6.24416e-17
-8.32555e-17
4.57905e-16
2.08139e-16
-2.91394e-16
-4.16278e-16
1.66511e-16
-2.91394e-16
-1.24883e-16
3.7465e-16
8.32555e-17
-1.87325e-16
-8.32555e-17
-1.45697e-16
3.33022e-16
1.45697e-16
-0
-1.87325e-16
4.57905e-16
3.33022e-16
1.45697e-16
-4.16278e-17
4.16278e-17
-2.08139e-16
4.16278e-17
-3.12208e-16
2.91394e-16
2.49767e-16
1.66511e-16
1.66511e-16
3.12208e-16
-3.12208e-16
3.12208e-16
-5.41161e-16
6.4523e-16
-1.23304e-15
1.462e-15
-2.35699e-15
-1.04069e-16
2.33115e-15
-5.61975e-16
-1.62348e-15
1.26965e-15
6.24416e-16
-8.32555e-16
6.86858e-16
8.32555e-17
-1.98234e-15
1.79502e-15
-6.86858e-16
2.91394e-16
-3.12208e-16
-2.91394e-16
-5.41161e-16
1.43616e-15
-5.82789e-16
1.81583e-15
-2.46106e-15
1.12395e-15
-1.26965e-15
6.03602e-16
8.11741e-16
1.19142e-15
-1.29548e-15
-1.39453e-15
2.49767e-16
8.32555e-17
2.91394e-16
-2.7058e-16
1.27467e-15
4.37091e-16
8.32555e-17
-2.37781e-15
2.77327e-15
-5.82789e-16
-2.0656e-15
1.87325e-15
1.66511e-16
3.7465e-16
-2.44025e-15
2.79408e-15
-2.77327e-15
5.61975e-16
-1.45697e-16
2.37781e-15
-2.87734e-15
9.71793e-16
)
;

boundaryField
{
    top
    {
        type            cyclic;
    }
    bottom
    {
        type            cyclic;
    }
    walls
    {
        type            calculated;
        value           nonuniform List<scalar> 
1280
(
7.70831e-16
1.24883e-16
-5.41161e-16
7.28486e-16
8.32555e-16
-6.24416e-17
-2.41943e-15
2.7058e-16
1.16558e-15
-1.06151e-15
1.48281e-15
-1.48281e-15
1.2072e-15
-1.87827e-15
6.4523e-16
-7.28486e-16
5.61975e-16
1.29046e-15
-1.24883e-15
-3.7465e-16
8.32555e-17
5.61975e-16
1.69095e-15
-8.74183e-16
1.24883e-16
-7.90927e-16
-6.24416e-16
-8.32555e-17
2.44025e-15
-3.12208e-16
2.08139e-16
8.32555e-17
8.32555e-17
-2.12804e-15
2.75604e-16
1.47779e-15
-4.78719e-16
-1.16558e-15
2.49767e-16
-5.20347e-16
1.22802e-15
-1.12395e-15
-1.66511e-16
2.33618e-15
-1.04069e-15
2.7058e-16
-1.85746e-15
2.50269e-15
-9.83276e-16
1.45697e-16
2.91394e-16
-2.19048e-15
2.37781e-15
-3.7465e-16
-7.28486e-16
-3.12208e-16
6.4523e-16
-1.2072e-15
6.66044e-16
-5.41161e-16
1.24883e-15
2.08139e-17
-1.66511e-16
-1.62851e-15
5.41161e-16
1.79502e-15
4.99533e-16
-7.70113e-16
-1.2072e-15
3.12208e-16
-5.20347e-16
6.4523e-16
-4.37091e-16
1.71176e-15
-5.20347e-16
6.24416e-17
-6.24416e-17
-4.99533e-16
-4.16278e-17
-4.78719e-16
1.04069e-15
5.87813e-16
-2.33618e-15
1.64932e-15
6.4523e-16
-1.45697e-16
-4.37091e-16
3.33022e-16
1.87325e-16
4.16278e-17
-1.37372e-15
1.87325e-16
-5.61975e-16
7.70113e-16
1.14476e-15
4.16278e-17
-8.94997e-16
3.12208e-16
-2.00316e-15
2.58594e-15
-5.41161e-16
-1.69095e-15
3.95464e-16
8.53369e-16
6.66044e-16
-2.2479e-15
8.32555e-17
-1.66511e-16
2.69001e-15
-2.62757e-15
2.69001e-15
-2.49767e-16
4.16278e-17
-4.78719e-16
-0
-0
-1.24883e-16
2.49767e-16
-2.7058e-16
2.08139e-17
-2.49767e-16
1.04069e-16
1.45697e-16
-8.32555e-17
-1.04069e-16
6.24416e-17
4.16278e-17
4.16278e-17
-4.16278e-17
-4.16278e-17
4.16278e-17
-5.41161e-16
1.87325e-16
1.87325e-16
-1.45697e-16
1.45697e-16
6.24416e-17
2.08139e-17
-1.04069e-16
1.04069e-16
-1.45697e-16
-2.08139e-17
-6.24416e-17
2.08139e-16
6.24416e-17
-1.87325e-16
1.66511e-16
1.45697e-16
1.04069e-16
-2.28953e-16
1.24883e-16
-6.24416e-17
6.24416e-17
8.32555e-17
-2.08139e-16
-4.16278e-17
1.45697e-16
1.45697e-16
-2.08139e-17
-2.08139e-17
-8.32555e-17
2.08139e-16
4.16278e-17
1.66511e-16
1.45697e-16
1.04069e-16
4.16278e-17
-2.79408e-15
2.83571e-15
-0
4.16278e-17
-6.24416e-17
-2.8149e-15
2.08139e-17
1.87325e-16
2.62757e-15
-2.83571e-15
2.77327e-15
4.16278e-17
-2.71083e-15
-8.32555e-17
2.87734e-15
-2.64839e-15
-1.87325e-16
-0
8.32555e-17
2.75246e-15
-2.75246e-15
8.32555e-17
-1.66511e-16
2.8149e-15
-2.89815e-15
2.85653e-15
-2.08139e-16
-2.28953e-16
4.16278e-17
2.28953e-16
-1.24883e-16
-2.91394e-16
-4.16278e-17
1.87325e-16
-1.45697e-16
-8.32555e-17
1.45697e-16
-2.08139e-17
1.04069e-16
-2.08139e-16
1.04069e-16
-4.16278e-17
2.08139e-16
-6.24416e-17
1.04069e-16
4.16278e-17
2.91394e-16
6.24416e-17
-2.91897e-15
2.85653e-15
4.16278e-17
-2.75246e-15
2.71083e-15
4.16278e-17
-6.24416e-17
-1.87325e-16
-1.66511e-16
2.08139e-16
-1.24883e-16
-2.08139e-16
-0
1.04069e-16
1.45697e-16
-2.91394e-16
2.08139e-16
-1.66511e-16
1.24883e-16
-2.08139e-17
-1.24883e-16
2.08139e-16
-1.04069e-16
2.08139e-17
-0
-1.24883e-16
1.87325e-16
-4.16278e-17
6.24416e-17
-2.08139e-16
1.04069e-16
4.16278e-17
-1.24883e-16
2.08139e-16
-1.24883e-16
-1.24883e-16
4.16278e-17
-1.24883e-16
2.08139e-16
4.16278e-17
-1.45697e-16
6.24416e-17
-6.24416e-17
1.04069e-16
2.91394e-16
-1.24883e-16
1.04069e-16
-1.87325e-16
-1.66511e-16
1.24883e-16
-1.45697e-16
1.66511e-16
-4.37091e-16
-1.31127e-15
1.26965e-15
6.03602e-16
1.24883e-16
-6.66044e-16
-1.66511e-16
-1.04069e-16
5.61975e-16
-1.24883e-16
-1.87325e-16
2.28953e-16
4.78719e-16
-2.50269e-15
2.62757e-15
-2.79408e-15
2.02397e-15
-4.16278e-16
1.04069e-16
5.61975e-16
4.78719e-16
-1.24883e-16
-2.37781e-15
-3.33022e-16
6.86858e-16
6.24416e-17
4.78719e-16
4.16278e-17
7.90927e-16
7.70113e-16
-9.99066e-16
-1.35793e-15
1.83665e-15
-2.29455e-15
4.16278e-16
2.28953e-16
6.4523e-16
-3.12208e-16
3.12208e-16
2.49767e-16
1.14476e-15
-6.24416e-16
-1.24883e-16
-1.08232e-15
5.20347e-16
7.07672e-16
-1.26965e-15
4.78719e-16
6.03602e-16
-5.20347e-16
-6.66044e-16
-2.91394e-16
-3.7465e-16
2.56513e-15
-1.2072e-15
-7.28486e-16
1.45697e-16
5.20347e-16
4.37091e-16
1.06151e-15
-6.4523e-16
-2.08139e-17
-1.64932e-15
6.24416e-17
9.78252e-16
1.87325e-16
-1.69095e-15
1.44118e-15
-1.24883e-16
-6.4523e-16
-4.16278e-17
1.9199e-15
-1.83665e-15
-6.24416e-16
2.04478e-15
-1.60769e-15
6.24416e-16
3.33022e-16
1.29046e-15
4.16278e-17
-9.57438e-16
1.24883e-16
5.82789e-16
-4.16278e-17
-1.73258e-15
4.57905e-16
1.14476e-15
-1.22802e-15
-1.18639e-15
-4.16278e-17
8.11741e-16
4.99533e-16
6.24416e-16
-3.95464e-16
-6.24416e-16
7.28486e-16
8.16765e-16
-4.16278e-17
2.49767e-16
-1.24883e-16
-5.41161e-16
-1.62851e-15
6.24416e-17
6.86858e-16
-2.49767e-16
1.39453e-15
-1.9565e-15
2.28953e-16
4.16278e-17
7.70113e-16
1.18639e-15
-7.90927e-16
-3.95464e-16
-6.66044e-16
1.22802e-15
-6.4523e-16
1.01988e-15
-0
-5.41161e-16
-1.26965e-15
8.53369e-16
-8.32555e-16
-2.08139e-16
2.56513e-15
-9.83276e-16
-6.03602e-16
-1.04069e-16
6.66044e-16
-1.70674e-15
2.54432e-15
-4.16278e-16
-1.22802e-15
4.99533e-16
9.99066e-16
-1.22802e-15
9.99066e-16
6.24416e-17
-1.76918e-15
-3.53836e-16
2.58594e-15
-1.9199e-15
1.22802e-15
-1.06151e-15
5.61975e-16
7.90927e-16
-1.81583e-15
2.2113e-15
-2.46106e-15
-8.32555e-17
9.83276e-16
-1.04069e-16
-7.70113e-16
1.44118e-15
4.99533e-16
2.08139e-17
1.66511e-16
2.49767e-16
-1.66511e-16
-5.20347e-16
-1.89909e-15
6.24416e-16
2.28953e-16
9.83276e-16
3.7465e-16
-1.66511e-16
-0
-1.23304e-15
-4.37091e-16
7.493e-16
-8.74183e-16
4.37091e-16
9.99066e-16
-1.16558e-15
2.28953e-16
8.74183e-16
-5.41161e-16
-1.87325e-16
-5.20347e-16
2.08139e-16
1.10314e-15
6.86858e-16
-1.24883e-16
-8.94997e-16
2.08139e-16
1.45697e-16
5.61975e-16
2.08139e-16
-2.28953e-16
4.16278e-17
-1.24883e-16
-6.24416e-17
-1.87827e-15
-2.49767e-16
1.37874e-15
-0
-1.04069e-16
-5.61975e-16
-7.70113e-16
4.99533e-16
5.61975e-16
6.4523e-16
-3.7465e-16
-6.24416e-17
2.91394e-16
-3.53836e-16
-1.10314e-15
2.39862e-15
-1.78999e-15
1.74837e-15
-2.49767e-16
2.08139e-17
-5.20347e-16
-1.67013e-15
3.7465e-16
-1.66511e-16
-4.16278e-17
-4.16278e-17
-2.28953e-16
1.87325e-16
2.16967e-15
1.04069e-16
-4.99533e-16
1.45697e-16
-1.45697e-16
4.16278e-17
2.91394e-16
2.7058e-16
-2.62757e-15
2.7058e-16
2.46106e-15
-8.32555e-17
1.87325e-16
-0
2.08139e-17
-4.16278e-17
4.16278e-17
-2.69001e-15
2.49767e-16
2.16967e-15
-2.44025e-15
8.32555e-17
2.69001e-15
-2.71083e-15
2.28953e-16
4.78719e-16
-1.87325e-16
-0
4.37091e-16
-1.45697e-16
1.87325e-16
8.32555e-17
-4.16278e-17
3.12208e-16
-1.87325e-16
3.95464e-16
-0
3.12208e-16
4.78719e-16
2.28953e-16
-3.33022e-16
2.7058e-16
-1.04069e-16
-2.7058e-16
5.20347e-16
-2.85653e-15
3.12208e-16
-4.16278e-17
2.08139e-17
-2.08139e-16
2.83571e-15
-0
-2.50269e-15
1.04069e-16
4.16278e-17
4.16278e-17
8.32555e-17
-2.49767e-16
-6.24416e-17
-2.28953e-16
-6.24416e-17
8.32555e-17
-1.45697e-16
1.87325e-16
2.58594e-15
8.32555e-17
-2.41943e-15
6.24416e-17
-8.32555e-17
4.57905e-16
2.08139e-16
-2.91394e-16
-4.16278e-16
1.66511e-16
-2.91394e-16
-1.24883e-16
3.7465e-16
8.32555e-17
-1.87325e-16
-8.32555e-17
-1.45697e-16
3.33022e-16
1.45697e-16
-0
-1.87325e-16
4.57905e-16
3.33022e-16
1.45697e-16
-4.16278e-17
4.16278e-17
-2.08139e-16
4.16278e-17
-3.12208e-16
2.91394e-16
2.49767e-16
1.66511e-16
1.66511e-16
3.12208e-16
-3.12208e-16
3.12208e-16
-5.41161e-16
6.4523e-16
-1.23304e-15
1.462e-15
-2.35699e-15
-1.04069e-16
2.33115e-15
-5.61975e-16
-1.62348e-15
1.26965e-15
6.24416e-16
-8.32555e-16
6.86858e-16
8.32555e-17
-1.98234e-15
1.79502e-15
-6.86858e-16
2.91394e-16
-3.12208e-16
-2.91394e-16
-5.41161e-16
1.43616e-15
-5.82789e-16
1.81583e-15
-2.46106e-15
1.12395e-15
-1.26965e-15
6.03602e-16
8.11741e-16
1.19142e-15
-1.29548e-15
-1.39453e-15
2.49767e-16
8.32555e-17
2.91394e-16
-2.7058e-16
1.27467e-15
4.37091e-16
8.32555e-17
-2.37781e-15
2.77327e-15
-5.82789e-16
-2.0656e-15
1.87325e-15
1.66511e-16
3.7465e-16
-2.44025e-15
2.79408e-15
-2.77327e-15
5.61975e-16
-1.45697e-16
2.37781e-15
-2.87734e-15
9.71793e-16
7.70831e-16
1.24883e-16
-5.41161e-16
7.28486e-16
8.32555e-16
-6.24416e-17
-2.41943e-15
2.7058e-16
1.16558e-15
-1.06151e-15
1.48281e-15
-1.48281e-15
1.2072e-15
-1.87827e-15
6.4523e-16
-7.28486e-16
5.61975e-16
1.29046e-15
-1.24883e-15
-3.7465e-16
8.32555e-17
5.61975e-16
1.69095e-15
-8.74183e-16
1.24883e-16
-7.90927e-16
-6.24416e-16
-8.32555e-17
2.44025e-15
-3.12208e-16
2.08139e-16
8.32555e-17
8.32555e-17
-2.12804e-15
2.75604e-16
1.47779e-15
-4.78719e-16
-1.16558e-15
2.49767e-16
-5.20347e-16
1.22802e-15
-1.12395e-15
-1.66511e-16
2.33618e-15
-1.04069e-15
2.7058e-16
-1.85746e-15
2.50269e-15
-9.83276e-16
1.45697e-16
2.91394e-16
-2.19048e-15
2.37781e-15
-3.7465e-16
-7.28486e-16
-3.12208e-16
6.4523e-16
-1.2072e-15
6.66044e-16
-5.41161e-16
1.24883e-15
2.08139e-17
-1.66511e-16
-1.62851e-15
5.41161e-16
1.79502e-15
4.99533e-16
-7.70113e-16
-1.2072e-15
3.12208e-16
-5.20347e-16
6.4523e-16
-4.37091e-16
1.71176e-15
-5.20347e-16
6.24416e-17
-6.24416e-17
-4.99533e-16
-4.16278e-17
-4.78719e-16
1.04069e-15
5.87813e-16
-2.33618e-15
1.64932e-15
6.4523e-16
-1.45697e-16
-4.37091e-16
3.33022e-16
1.87325e-16
4.16278e-17
-1.37372e-15
1.87325e-16
-5.61975e-16
7.70113e-16
1.14476e-15
4.16278e-17
-8.94997e-16
3.12208e-16
-2.00316e-15
2.58594e-15
-5.41161e-16
-1.69095e-15
3.95464e-16
8.53369e-16
6.66044e-16
-2.2479e-15
8.32555e-17
-1.66511e-16
2.69001e-15
-2.62757e-15
2.69001e-15
-2.49767e-16
4.16278e-17
-4.78719e-16
-0
-0
-1.24883e-16
2.49767e-16
-2.7058e-16
2.08139e-17
-2.49767e-16
1.04069e-16
1.45697e-16
-8.32555e-17
-1.04069e-16
6.24416e-17
4.16278e-17
4.16278e-17
-4.16278e-17
-4.16278e-17
4.16278e-17
-5.41161e-16
1.87325e-16
1.87325e-16
-1.45697e-16
1.45697e-16
6.24416e-17
2.08139e-17
-1.04069e-16
1.04069e-16
-1.45697e-16
-2.08139e-17
-6.24416e-17
2.08139e-16
6.24416e-17
-1.87325e-16
1.66511e-16
1.45697e-16
1.04069e-16
-2.28953e-16
1.24883e-16
-6.24416e-17
6.24416e-17
8.32555e-17
-2.08139e-16
-4.16278e-17
1.45697e-16
1.45697e-16
-2.08139e-17
-2.08139e-17
-8.32555e-17
2.08139e-16
4.16278e-17
1.66511e-16
1.45697e-16
1.04069e-16
4.16278e-17
-2.79408e-15
2.83571e-15
-0
4.16278e-17
-6.24416e-17
-2.8149e-15
2.08139e-17
1.87325e-16
2.62757e-15
-2.83571e-15
2.77327e-15
4.16278e-17
-2.71083e-15
-8.32555e-17
2.87734e-15
-2.64839e-15
-1.87325e-16
-0
8.32555e-17
2.75246e-15
-2.75246e-15
8.32555e-17
-1.66511e-16
2.8149e-15
-2.89815e-15
2.85653e-15
-2.08139e-16
-2.28953e-16
4.16278e-17
2.28953e-16
-1.24883e-16
-2.91394e-16
-4.16278e-17
1.87325e-16
-1.45697e-16
-8.32555e-17
1.45697e-16
-2.08139e-17
1.04069e-16
-2.08139e-16
1.04069e-16
-4.16278e-17
2.08139e-16
-6.24416e-17
1.04069e-16
4.16278e-17
2.91394e-16
6.24416e-17
-2.91897e-15
2.85653e-15
4.16278e-17
-2.75246e-15
2.71083e-15
4.16278e-17
-6.24416e-17
-1.87325e-16
-1.66511e-16
2.08139e-16
-1.24883e-16
-2.08139e-16
-0
1.04069e-16
1.45697e-16
-2.91394e-16
2.08139e-16
-1.66511e-16
1.24883e-16
-2.08139e-17
-1.24883e-16
2.08139e-16
-1.04069e-16
2.08139e-17
-0
-1.24883e-16
1.87325e-16
-4.16278e-17
6.24416e-17
-2.08139e-16
1.04069e-16
4.16278e-17
-1.24883e-16
2.08139e-16
-1.24883e-16
-1.24883e-16
4.16278e-17
-1.24883e-16
2.08139e-16
4.16278e-17
-1.45697e-16
6.24416e-17
-6.24416e-17
1.04069e-16
2.91394e-16
-1.24883e-16
1.04069e-16
-1.87325e-16
-1.66511e-16
1.24883e-16
-1.45697e-16
1.66511e-16
-4.37091e-16
-1.31127e-15
1.26965e-15
6.03602e-16
1.24883e-16
-6.66044e-16
-1.66511e-16
-1.04069e-16
5.61975e-16
-1.24883e-16
-1.87325e-16
2.28953e-16
4.78719e-16
-2.50269e-15
2.62757e-15
-2.79408e-15
2.02397e-15
-4.16278e-16
1.04069e-16
5.61975e-16
4.78719e-16
-1.24883e-16
-2.37781e-15
-3.33022e-16
6.86858e-16
6.24416e-17
4.78719e-16
4.16278e-17
7.90927e-16
7.70113e-16
-9.99066e-16
-1.35793e-15
1.83665e-15
-2.29455e-15
4.16278e-16
2.28953e-16
6.4523e-16
-3.12208e-16
3.12208e-16
2.49767e-16
1.14476e-15
-6.24416e-16
-1.24883e-16
-1.08232e-15
5.20347e-16
7.07672e-16
-1.26965e-15
4.78719e-16
6.03602e-16
-5.20347e-16
-6.66044e-16
-2.91394e-16
-3.7465e-16
2.56513e-15
-1.2072e-15
-7.28486e-16
1.45697e-16
5.20347e-16
4.37091e-16
1.06151e-15
-6.4523e-16
-2.08139e-17
-1.64932e-15
6.24416e-17
9.78252e-16
1.87325e-16
-1.69095e-15
1.44118e-15
-1.24883e-16
-6.4523e-16
-4.16278e-17
1.9199e-15
-1.83665e-15
-6.24416e-16
2.04478e-15
-1.60769e-15
6.24416e-16
3.33022e-16
1.29046e-15
4.16278e-17
-9.57438e-16
1.24883e-16
5.82789e-16
-4.16278e-17
-1.73258e-15
4.57905e-16
1.14476e-15
-1.22802e-15
-1.18639e-15
-4.16278e-17
8.11741e-16
4.99533e-16
6.24416e-16
-3.95464e-16
-6.24416e-16
7.28486e-16
8.16765e-16
-4.16278e-17
2.49767e-16
-1.24883e-16
-5.41161e-16
-1.62851e-15
6.24416e-17
6.86858e-16
-2.49767e-16
1.39453e-15
-1.9565e-15
2.28953e-16
4.16278e-17
7.70113e-16
1.18639e-15
-7.90927e-16
-3.95464e-16
-6.66044e-16
1.22802e-15
-6.4523e-16
1.01988e-15
-0
-5.41161e-16
-1.26965e-15
8.53369e-16
-8.32555e-16
-2.08139e-16
2.56513e-15
-9.83276e-16
-6.03602e-16
-1.04069e-16
6.66044e-16
-1.70674e-15
2.54432e-15
-4.16278e-16
-1.22802e-15
4.99533e-16
9.99066e-16
-1.22802e-15
9.99066e-16
6.24416e-17
-1.76918e-15
-3.53836e-16
2.58594e-15
-1.9199e-15
1.22802e-15
-1.06151e-15
5.61975e-16
7.90927e-16
-1.81583e-15
2.2113e-15
-2.46106e-15
-8.32555e-17
9.83276e-16
-1.04069e-16
-7.70113e-16
1.44118e-15
4.99533e-16
2.08139e-17
1.66511e-16
2.49767e-16
-1.66511e-16
-5.20347e-16
-1.89909e-15
6.24416e-16
2.28953e-16
9.83276e-16
3.7465e-16
-1.66511e-16
-0
-1.23304e-15
-4.37091e-16
7.493e-16
-8.74183e-16
4.37091e-16
9.99066e-16
-1.16558e-15
2.28953e-16
8.74183e-16
-5.41161e-16
-1.87325e-16
-5.20347e-16
2.08139e-16
1.10314e-15
6.86858e-16
-1.24883e-16
-8.94997e-16
2.08139e-16
1.45697e-16
5.61975e-16
2.08139e-16
-2.28953e-16
4.16278e-17
-1.24883e-16
-6.24416e-17
-1.87827e-15
-2.49767e-16
1.37874e-15
-0
-1.04069e-16
-5.61975e-16
-7.70113e-16
4.99533e-16
5.61975e-16
6.4523e-16
-3.7465e-16
-6.24416e-17
2.91394e-16
-3.53836e-16
-1.10314e-15
2.39862e-15
-1.78999e-15
1.74837e-15
-2.49767e-16
2.08139e-17
-5.20347e-16
-1.67013e-15
3.7465e-16
-1.66511e-16
-4.16278e-17
-4.16278e-17
-2.28953e-16
1.87325e-16
2.16967e-15
1.04069e-16
-4.99533e-16
1.45697e-16
-1.45697e-16
4.16278e-17
2.91394e-16
2.7058e-16
-2.62757e-15
2.7058e-16
2.46106e-15
-8.32555e-17
1.87325e-16
-0
2.08139e-17
-4.16278e-17
4.16278e-17
-2.69001e-15
2.49767e-16
2.16967e-15
-2.44025e-15
8.32555e-17
2.69001e-15
-2.71083e-15
2.28953e-16
4.78719e-16
-1.87325e-16
-0
4.37091e-16
-1.45697e-16
1.87325e-16
8.32555e-17
-4.16278e-17
3.12208e-16
-1.87325e-16
3.95464e-16
-0
3.12208e-16
4.78719e-16
2.28953e-16
-3.33022e-16
2.7058e-16
-1.04069e-16
-2.7058e-16
5.20347e-16
-2.85653e-15
3.12208e-16
-4.16278e-17
2.08139e-17
-2.08139e-16
2.83571e-15
-0
-2.50269e-15
1.04069e-16
4.16278e-17
4.16278e-17
8.32555e-17
-2.49767e-16
-6.24416e-17
-2.28953e-16
-6.24416e-17
8.32555e-17
-1.45697e-16
1.87325e-16
2.58594e-15
8.32555e-17
-2.41943e-15
6.24416e-17
-8.32555e-17
4.57905e-16
2.08139e-16
-2.91394e-16
-4.16278e-16
1.66511e-16
-2.91394e-16
-1.24883e-16
3.7465e-16
8.32555e-17
-1.87325e-16
-8.32555e-17
-1.45697e-16
3.33022e-16
1.45697e-16
-0
-1.87325e-16
4.57905e-16
3.33022e-16
1.45697e-16
-4.16278e-17
4.16278e-17
-2.08139e-16
4.16278e-17
-3.12208e-16
2.91394e-16
2.49767e-16
1.66511e-16
1.66511e-16
3.12208e-16
-3.12208e-16
3.12208e-16
-5.41161e-16
6.4523e-16
-1.23304e-15
1.462e-15
-2.35699e-15
-1.04069e-16
2.33115e-15
-5.61975e-16
-1.62348e-15
1.26965e-15
6.24416e-16
-8.32555e-16
6.86858e-16
8.32555e-17
-1.98234e-15
1.79502e-15
-6.86858e-16
2.91394e-16
-3.12208e-16
-2.91394e-16
-5.41161e-16
1.43616e-15
-5.82789e-16
1.81583e-15
-2.46106e-15
1.12395e-15
-1.26965e-15
6.03602e-16
8.11741e-16
1.19142e-15
-1.29548e-15
-1.39453e-15
2.49767e-16
8.32555e-17
2.91394e-16
-2.7058e-16
1.27467e-15
4.37091e-16
8.32555e-17
-2.37781e-15
2.77327e-15
-5.82789e-16
-2.0656e-15
1.87325e-15
1.66511e-16
3.7465e-16
-2.44025e-15
2.79408e-15
-2.77327e-15
5.61975e-16
-1.45697e-16
2.37781e-15
-2.87734e-15
9.71793e-16
)
;
    }
    defaultFaces
    {
        type            empty;
    }
}


// ************************************************************************* //
