/*--------------------------------*- C++ -*----------------------------------*\
| =========                 |                                                 |
| \\      /  F ield         | OpenFOAM: The Open Source CFD Toolbox           |
|  \\    /   O peration     | Version:  2206                                  |
|   \\  /    A nd           | Website:  www.openfoam.com                      |
|    \\/     M anipulation  |                                                 |
\*---------------------------------------------------------------------------*/
FoamFile
{
    version     2.0;
    format      ascii;
    arch        "LSB;label=32;scalar=64";
    class       volScalarField;
    location    "100/fluidRegion";
    object      T;
}
// * * * * * * * * * * * * * * * * * * * * * * * * * * * * * * * * * * * * * //

dimensions      [0 0 0 1 0 0 0];

internalField   nonuniform List<scalar> 
640
(
926.64
926.641
926.643
926.644
926.645
926.647
926.648
926.649
926.65
926.652
926.653
926.654
926.656
926.657
926.658
926.659
926.661
926.662
926.663
926.664
926.666
926.667
926.668
926.67
926.671
926.672
926.673
926.675
926.676
926.677
926.679
926.68
926.681
926.682
926.684
926.685
926.686
926.687
926.689
926.69
926.691
926.693
926.694
926.695
926.696
926.698
926.699
926.7
926.702
926.703
926.704
926.705
926.707
926.708
926.709
926.711
926.712
926.713
926.714
926.716
926.717
926.718
926.72
926.721
926.722
926.723
926.725
926.726
926.727
926.729
926.73
926.731
926.732
926.734
926.735
926.736
926.738
926.739
926.74
926.741
926.743
926.744
926.745
926.747
926.748
926.749
926.75
926.752
926.753
926.754
926.756
926.757
926.758
926.76
926.761
926.762
926.763
926.765
926.766
926.768
926.771
926.775
926.786
926.811
926.875
927.046
927.53
929.67
932.173
934.676
937.181
939.687
942.194
944.704
947.215
949.73
952.246
954.765
957.287
959.812
962.339
964.87
967.403
969.939
972.478
975.02
977.565
980.113
982.664
985.218
987.775
990.335
992.898
995.464
998.033
1000.61
1003.18
1005.76
1008.34
1010.92
1013.51
1016.1
1018.69
1021.29
1023.89
1026.49
1029.09
1031.7
1034.31
1036.92
1039.53
1042.15
1044.77
1047.39
1050.02
1052.65
1055.28
1057.91
1060.55
1063.18
1065.82
1068.47
1071.11
1073.76
1076.41
1079.06
1081.71
1084.37
1087.02
1089.68
1092.34
1095.01
1097.67
1100.34
1103.01
1105.68
1108.35
1111.03
1113.7
1116.38
1119.06
1121.74
1124.42
1127.1
1129.79
1132.47
1135.16
1137.85
1140.54
1143.23
1145.92
1148.61
1151.3
1154
1156.69
1159.39
1162.08
1164.78
1167.48
1170.18
1172.88
1175.58
1178.28
1180.98
1183.68
1186.38
1189.08
1191.78
1194.49
1197.19
1199.89
1202.59
1205.29
1208
1210.7
1213.4
1216.1
1218.8
1221.5
1224.2
1226.9
1229.6
1232.3
1234.99
1237.69
1240.38
1243.08
1245.77
1248.46
1251.16
1253.84
1256.53
1259.22
1261.91
1264.59
1267.27
1269.95
1272.63
1275.31
1277.98
1280.65
1283.33
1285.99
1288.66
1291.32
1293.98
1296.63
1299.29
1301.94
1304.58
1307.23
1309.87
1312.5
1315.13
1317.75
1320.37
1322.98
1325.59
1328.19
1330.79
1333.37
1335.95
1338.51
1341.06
1343.56
1345.9
1347.67
1347.7
1347.72
1347.75
1347.77
1347.8
1347.82
1347.85
1347.87
1347.89
1347.92
1347.94
1347.97
1347.99
1348.02
1348.04
1348.07
1348.09
1348.11
1348.14
1348.16
1348.19
1348.21
1348.24
1348.26
1348.28
1348.31
1348.33
1348.36
1348.38
1348.41
1348.43
1348.45
1348.48
1348.5
1348.53
1348.55
1348.58
1348.6
1348.62
1348.65
1348.67
1348.7
1348.72
1348.75
1348.77
1348.79
1348.82
1348.84
1348.87
1348.89
1348.92
1348.94
1348.96
1348.99
1349.01
1349.04
1349.06
1349.09
1349.11
1349.13
1349.16
1349.18
1349.21
1349.23
1349.25
1349.28
1349.3
1349.33
1349.35
1349.38
1349.4
1349.42
1349.45
1349.47
1349.5
1349.52
1349.55
1349.57
1349.59
1349.62
1349.64
1349.67
1349.69
1349.71
1349.74
1349.76
1349.79
1349.81
1349.84
1349.86
1349.88
1349.91
1349.93
1349.96
1349.98
1350
1350.03
1350.05
1350.08
1350.1
1350.13
1350.15
1350.17
1350.2
1350.22
1350.25
1350.27
1350.29
1350.32
1350.34
1350.37
1350.39
1350.42
1350.44
1350.46
1350.49
1350.51
1350.54
1350.56
1350.58
1350.61
1350.63
1350.66
1350.68
1350.71
1350.73
1350.75
1350.78
1350.8
1350.83
1350.85
1350.87
1350.9
1350.92
1350.95
1350.97
1351
1351.02
1351.04
1351.07
1351.09
1351.12
1351.14
1351.16
1351.19
1351.21
1351.24
1351.26
1351.29
1351.31
1351.33
1351.36
1351.38
1351.41
1351.43
1351.45
1351.48
1351.5
1351.53
1351.55
1351.58
1351.6
1351.62
1351.65
1351.67
1351.7
1351.72
1351.74
1351.77
1351.79
1351.82
1351.84
1351.86
1351.89
1351.91
1351.94
1351.96
1351.99
1352.01
1352.03
1352.06
1352.08
1352.11
1352.13
1352.15
1352.18
1352.2
1352.23
1352.25
1352.28
1352.3
1352.32
1352.35
1352.37
1352.4
1352.42
1352.44
1352.47
1352.49
1352.52
1352.54
1352.56
1352.58
1352.59
1352.6
1352.58
1352.54
1352.44
1352.23
1351.8
1350.98
1349.36
1346.08
1336.5
1325.16
1314.12
1303.36
1292.88
1282.67
1272.73
1263.04
1253.6
1244.4
1235.44
1226.72
1218.21
1209.93
1201.87
1194.01
1186.35
1178.89
1171.63
1164.55
1157.66
1150.95
1144.41
1138.04
1131.83
1125.79
1119.9
1114.17
1108.58
1103.14
1097.84
1092.68
1087.65
1082.75
1077.98
1073.34
1068.81
1064.41
1060.11
1055.93
1051.86
1047.9
1044.03
1040.27
1036.61
1033.04
1029.56
1026.18
1022.88
1019.67
1016.54
1013.5
1010.53
1007.64
1004.83
1002.09
999.42
996.821
994.289
991.824
989.423
987.085
984.808
982.59
980.43
978.327
976.278
974.283
972.34
970.448
968.606
966.811
965.063
963.361
961.704
960.089
958.517
956.986
955.495
954.043
952.629
951.252
949.911
948.605
947.333
946.095
944.889
943.714
942.57
941.456
940.371
939.315
938.286
937.284
936.308
935.358
934.432
933.531
932.653
931.799
930.966
930.156
929.367
928.599
927.854
927.147
926.571
926.573
926.574
926.575
926.576
926.578
926.579
926.58
926.582
926.583
926.584
926.585
926.587
926.588
926.589
926.59
926.592
926.593
926.594
926.596
926.597
926.598
926.599
926.601
926.602
926.603
926.604
926.606
926.607
926.608
926.61
926.611
926.612
926.613
926.615
926.616
926.617
926.618
926.62
926.621
926.622
926.624
926.625
926.626
926.627
926.629
926.63
926.631
926.632
926.634
926.635
926.636
926.638
926.639
)
;

boundaryField
{
    top
    {
        type            cyclic;
    }
    bottom
    {
        type            cyclic;
    }
    walls
    {
        type            zeroGradient;
    }
    defaultFaces
    {
        type            empty;
    }
}


// ************************************************************************* //
