/*--------------------------------*- C++ -*----------------------------------*\
| =========                 |                                                 |
| \\      /  F ield         | OpenFOAM: The Open Source CFD Toolbox           |
|  \\    /   O peration     | Version:  2412                                  |
|   \\  /    A nd           | Website:  www.openfoam.com                      |
|    \\/     M anipulation  |                                                 |
\*---------------------------------------------------------------------------*/
FoamFile
{
    version     2.0;
    format      ascii;
    arch        "LSB;label=32;scalar=64";
    class       volVectorField;
    location    "0/channelRegion";
    object      U;
}
// * * * * * * * * * * * * * * * * * * * * * * * * * * * * * * * * * * * * * //

dimensions      [0 1 -1 0 0 0 0];

internalField   nonuniform List<vector> 
160
(
(-0.00632704060805 -8.89040791364e-17 4.95547566157)
(-0.000771995407069 -9.71647055966e-17 4.97564031707)
(0.00286621294993 5.58608727123e-16 4.96520509774)
(0.00430133882763 2.47375833463e-16 4.93492060092)
(0.00360486408799 1.8280651805e-16 4.90034439298)
(0.00391065482479 3.13919275562e-16 5.08028758052)
(0.00347687510557 9.47157142303e-17 5.06714654456)
(0.00287533794431 1.02388513709e-16 5.09230915974)
(0.00302258460186 1.91418293103e-17 5.13118157491)
(-0.0376897036044 -4.08022610247e-16 3.59418540091)
(-0.00225385167783 -1.30621052157e-15 4.97255068555)
(0.00221926003535 -6.85133396872e-16 4.97039026451)
(0.00409175386539 3.75044797069e-16 4.9434820613)
(0.00418312948118 2.41452468226e-16 4.90829150953)
(0.00692633218605 3.36999564796e-16 5.04585148874)
(0.00351437555224 1.40225023128e-16 5.06584366691)
(0.00302423895583 1.39352708964e-16 5.08400338795)
(0.00273754908475 6.8902025124e-17 5.12154694079)
(0.00975740216105 5.18270463013e-16 5.14216887053)
(0.0192395837166 1.08565232364e-15 5.12516276156)
(-0.00632704060805 -8.89040791364e-17 4.95547566157)
(0.000435129991552 -2.95757191636e-16 4.97598710143)
(0.00338315026806 9.02510870465e-16 4.95883219046)
(0.00441163834805 2.03832358973e-16 4.92603218246)
(0.00371375343657 1.1384082905e-16 4.90543096796)
(0.00367734405618 2.51592957787e-16 5.07385109474)
(0.00333879502038 1.42047587241e-16 5.07124563254)
(0.00275308727552 2.52666416085e-17 5.10157788717)
(0.00379701007936 6.52337766144e-17 5.13936184848)
(-0.0376897036044 -4.08022610247e-16 3.59418540091)
(-0.00407685728857 -1.32341001754e-15 4.9660902548)
(0.00141901472633 -9.2454543415e-16 4.97409878926)
(0.00378760430348 5.57411701842e-16 4.9515188411)
(0.00439688110479 2.10787695293e-16 4.91704563793)
(0.00686804763325 2.47353764207e-16 4.96131601302)
(0.0035484656614 1.78074542487e-16 5.06850919842)
(0.00318320344003 1.50214115461e-16 5.07691716543)
(0.00268763642082 7.16324938315e-17 5.11147065124)
(0.0056197136645 1.90679945772e-16 5.1442465433)
(0.037462338322 2.10441491012e-15 5.04731086773)
(-0.00911599116634 -4.83981931689e-16 4.93972209071)
(0.000435129991552 -2.95757191636e-16 4.97598710143)
(0.00338315026806 9.02510870465e-16 4.95883219046)
(0.00441163834805 2.03832358973e-16 4.92603218246)
(0.00371375343657 1.1384082905e-16 4.90543096796)
(0.00367734405618 2.51592957787e-16 5.07385109474)
(0.00333879502038 1.42047587241e-16 5.07124563254)
(0.00275308727552 2.52666416085e-17 5.10157788717)
(0.00379701007936 6.52337766144e-17 5.13936184848)
(0.00700986953941 -4.75766995198e-16 1.77136161881)
(-0.00407685728857 -1.32341001754e-15 4.9660902548)
(0.00141901472633 -9.2454543415e-16 4.97409878926)
(0.00378760430348 5.57411701842e-16 4.9515188411)
(0.00439688110479 2.10787695293e-16 4.91704563793)
(0.00686804763325 2.47353764207e-16 4.96131601302)
(0.0035484656614 1.78074542487e-16 5.06850919842)
(0.00318320344003 1.50214115461e-16 5.07691716543)
(0.00268763642082 7.16324938315e-17 5.11147065124)
(0.0056197136645 1.90679945772e-16 5.1442465433)
(0.037462338322 2.10441491012e-15 5.04731086773)
(-0.00911599116634 -4.83981931689e-16 4.93972209071)
(-0.000771995407069 -9.71647055966e-17 4.97564031707)
(0.00286621294993 5.58608727123e-16 4.96520509774)
(0.00430133882763 2.47375833463e-16 4.93492060092)
(0.00360486408799 1.8280651805e-16 4.90034439298)
(0.00391065482479 3.13919275562e-16 5.08028758052)
(0.00347687510557 9.47157142303e-17 5.06714654456)
(0.00287533794431 1.02388513709e-16 5.09230915974)
(0.00302258460186 1.91418293103e-17 5.13118157491)
(0.00700986953941 -4.75766995198e-16 1.77136161881)
(-0.00225385167783 -1.30621052157e-15 4.97255068555)
(0.00221926003535 -6.85133396872e-16 4.97039026451)
(0.00409175386539 3.75044797069e-16 4.9434820613)
(0.00418312948118 2.41452468226e-16 4.90829150953)
(0.00692633218605 3.36999564796e-16 5.04585148874)
(0.00351437555224 1.40225023128e-16 5.06584366691)
(0.00302423895583 1.39352708964e-16 5.08400338795)
(0.00273754908475 6.8902025124e-17 5.12154694079)
(0.00975740216105 5.18270463013e-16 5.14216887053)
(0.0192395837166 1.08565232364e-15 5.12516276156)
(-0.00632704060805 -8.89040791364e-17 4.95547566157)
(-0.000771995407069 -9.71647055966e-17 4.97564031707)
(0.00286621294993 5.58608727123e-16 4.96520509774)
(0.00430133882763 2.47375833463e-16 4.93492060092)
(0.00360486408799 1.8280651805e-16 4.90034439298)
(0.00391065482479 3.13919275562e-16 5.08028758052)
(0.00347687510557 9.47157142303e-17 5.06714654456)
(0.00287533794431 1.02388513709e-16 5.09230915974)
(0.00302258460186 1.91418293103e-17 5.13118157491)
(-0.0376897036044 -4.08022610247e-16 3.59418540091)
(-0.00225385167783 -1.30621052157e-15 4.97255068555)
(0.00221926003535 -6.85133396872e-16 4.97039026451)
(0.00409175386539 3.75044797069e-16 4.9434820613)
(0.00418312948118 2.41452468226e-16 4.90829150953)
(0.00692633218605 3.36999564796e-16 5.04585148874)
(0.00351437555224 1.40225023128e-16 5.06584366691)
(0.00302423895583 1.39352708964e-16 5.08400338795)
(0.00273754908475 6.8902025124e-17 5.12154694079)
(0.00975740216105 5.18270463013e-16 5.14216887053)
(0.0192395837166 1.08565232364e-15 5.12516276156)
(-0.00632704060805 -8.89040791364e-17 4.95547566157)
(0.000435129991552 -2.95757191636e-16 4.97598710143)
(0.00338315026806 9.02510870465e-16 4.95883219046)
(0.00441163834805 2.03832358973e-16 4.92603218246)
(0.00371375343657 1.1384082905e-16 4.90543096796)
(0.00367734405618 2.51592957787e-16 5.07385109474)
(0.00333879502038 1.42047587241e-16 5.07124563254)
(0.00275308727552 2.52666416085e-17 5.10157788717)
(0.00379701007936 6.52337766144e-17 5.13936184848)
(-0.0376897036044 -4.08022610247e-16 3.59418540091)
(-0.00407685728857 -1.32341001754e-15 4.9660902548)
(0.00141901472633 -9.2454543415e-16 4.97409878926)
(0.00378760430348 5.57411701842e-16 4.9515188411)
(0.00439688110479 2.10787695293e-16 4.91704563793)
(0.00686804763325 2.47353764207e-16 4.96131601302)
(0.0035484656614 1.78074542487e-16 5.06850919842)
(0.00318320344003 1.50214115461e-16 5.07691716543)
(0.00268763642082 7.16324938315e-17 5.11147065124)
(0.0056197136645 1.90679945772e-16 5.1442465433)
(0.037462338322 2.10441491012e-15 5.04731086773)
(-0.00911599116634 -4.83981931689e-16 4.93972209071)
(0.000435129991552 -2.95757191636e-16 4.97598710143)
(0.00338315026806 9.02510870465e-16 4.95883219046)
(0.00441163834805 2.03832358973e-16 4.92603218246)
(0.00371375343657 1.1384082905e-16 4.90543096796)
(0.00367734405618 2.51592957787e-16 5.07385109474)
(0.00333879502038 1.42047587241e-16 5.07124563254)
(0.00275308727552 2.52666416085e-17 5.10157788717)
(0.00379701007936 6.52337766144e-17 5.13936184848)
(0.00700986953941 -4.75766995198e-16 1.77136161881)
(-0.00407685728857 -1.32341001754e-15 4.9660902548)
(0.00141901472633 -9.2454543415e-16 4.97409878926)
(0.00378760430348 5.57411701842e-16 4.9515188411)
(0.00439688110479 2.10787695293e-16 4.91704563793)
(0.00686804763325 2.47353764207e-16 4.96131601302)
(0.0035484656614 1.78074542487e-16 5.06850919842)
(0.00318320344003 1.50214115461e-16 5.07691716543)
(0.00268763642082 7.16324938315e-17 5.11147065124)
(0.0056197136645 1.90679945772e-16 5.1442465433)
(0.037462338322 2.10441491012e-15 5.04731086773)
(-0.00911599116634 -4.83981931689e-16 4.93972209071)
(-0.000771995407069 -9.71647055966e-17 4.97564031707)
(0.00286621294993 5.58608727123e-16 4.96520509774)
(0.00430133882763 2.47375833463e-16 4.93492060092)
(0.00360486408799 1.8280651805e-16 4.90034439298)
(0.00391065482479 3.13919275562e-16 5.08028758052)
(0.00347687510557 9.47157142303e-17 5.06714654456)
(0.00287533794431 1.02388513709e-16 5.09230915974)
(0.00302258460186 1.91418293103e-17 5.13118157491)
(0.00700986953941 -4.75766995198e-16 1.77136161881)
(-0.00225385167783 -1.30621052157e-15 4.97255068555)
(0.00221926003535 -6.85133396872e-16 4.97039026451)
(0.00409175386539 3.75044797069e-16 4.9434820613)
(0.00418312948118 2.41452468226e-16 4.90829150953)
(0.00692633218605 3.36999564796e-16 5.04585148874)
(0.00351437555224 1.40225023128e-16 5.06584366691)
(0.00302423895583 1.39352708964e-16 5.08400338795)
(0.00273754908475 6.8902025124e-17 5.12154694079)
(0.00975740216105 5.18270463013e-16 5.14216887053)
(0.0192395837166 1.08565232364e-15 5.12516276156)
)
;

boundaryField
{
    wall1
    {
        type            slip;
    }
    top
    {
        type            zeroGradient;
    }
    wall2
    {
        type            slip;
    }
    bottom
    {
        type            zeroGradient;
    }
    wedge1
    {
        type            wedge;
    }
    wedge2
    {
        type            wedge;
    }
}


// ************************************************************************* //
