/*--------------------------------*- C++ -*----------------------------------*\
| =========                 |                                                 |
| \\      /  F ield         | OpenFOAM: The Open Source CFD Toolbox           |
|  \\    /   O peration     | Version:  2412                                  |
|   \\  /    A nd           | Website:  www.openfoam.com                      |
|    \\/     M anipulation  |                                                 |
\*---------------------------------------------------------------------------*/
FoamFile
{
    version     2.0;
    format      ascii;
    arch        "LSB;label=32;scalar=64";
    class       volScalarField;
    location    "100/fluidRegion";
    object      htc;
}
// * * * * * * * * * * * * * * * * * * * * * * * * * * * * * * * * * * * * * //

dimensions      [1 0 -3 -1 0 0 0];

internalField   nonuniform List<scalar> 
5830
(
113825.9
113825.9
113825.9
113825.9
113825.9
113825.9
113825.9
113825.9
113825.9
113825.9
113825.9
113825.9
113825.9
113825.9
113825.9
113825.9
113825.9
113825.9
113039.4
113039.4
113039.4
113032.2
113032.2
113032.2
113029.9
113029.9
113029.9
113029.9
113029.9
113029.9
113030.7
113030.7
113030.7
113032.2
113032.2
113032.2
113039.4
113039.4
113039.4
113032.2
113032.2
113032.2
113032.2
113032.2
113032.2
113029.9
113029.9
113029.9
113030.7
113030.7
113030.7
113029.9
113029.9
113029.9
113029.9
113029.9
113029.9
113032.2
113032.2
113032.2
113039.4
113039.4
113039.4
113030.7
113030.7
113030.7
113032.2
113032.2
113032.2
113029.9
113029.9
113029.9
113032.2
113032.2
113032.2
113032.2
113032.2
113032.2
113029.9
113029.9
113029.9
113039.4
113039.4
113039.4
113030.7
113030.7
113030.7
113029.9
113029.9
113029.9
113029.9
113029.9
113029.9
113030.7
113030.7
113030.7
113032.2
113032.2
113032.2
113032.2
113032.2
113032.2
113029.9
113029.9
113029.9
113039.4
113039.4
113039.4
113029.9
113029.9
113029.9
113039.4
113039.4
113039.4
113032.2
113032.2
113032.2
113030.7
113030.7
113030.7
113032.2
113032.2
113032.2
113029.9
113029.9
113029.9
113060
113060
113060
113060
113060
113060
113077.3
113077.3
113077.3
113043
113043
113043
113043
113043
113043
113037.2
113037.2
113037.2
113043
113043
113043
113077.3
113077.3
113077.3
113043
113043
113043
113060
113060
113060
113037.2
113037.1
113037.1
113060
113060
113060
113037.1
113037.2
113037.2
113043
113043
113043
113043
113043
113043
113077.3
113077.3
113077.3
113060
113060
113060
113060
113060
113060
113060
113060
113060
113060
113060
113060
113043
113043
113043
113043
113043
113043
113037.2
113037.2
113037.2
113077.3
113077.3
113077.3
113043
113043
113043
113037.2
113037.2
113037.2
113043
113043
113043
113060
113060
113060
113060
113060
113060
113077.3
113077.3
113077.3
113037.1
113037.1
113037.1
113043
113043
113043
113077.3
113077.3
113077.3
113043
113043
113043
113060
113060
113060
113060
113060
113060
113037.9
113037.9
113037.9
113044.6
113044.6
113044.6
113031.5
113031.5
113031.5
113037.9
113037.9
113037.9
113044.6
113044.6
113044.6
113031.5
113031.5
113031.5
113037.9
113037.9
113037.9
113031.5
113031.5
113031.5
113044.6
113044.6
113044.6
113031.5
113031.5
113031.5
113037.9
113037.9
113037.9
113044.6
113044.6
113044.6
113031.5
113031.5
113031.5
113031.5
113031.5
113031.5
113037.9
113037.9
113037.9
113037.9
113037.9
113037.9
113044.6
113044.6
113044.6
113044.6
113044.6
113044.6
113037.9
113037.9
113037.9
113044.6
113044.6
113044.6
113031.5
113031.5
113031.5
113044.6
113044.6
113044.6
113031.5
113031.5
113031.5
113037.9
113037.9
113037.9
113044.6
113044.6
113044.6
113044.6
113044.6
113044.6
113037.9
113037.9
113037.9
113037.9
113037.9
113037.9
113031.5
113031.5
113031.5
113031.5
113031.5
113031.5
113031.5
113031.5
113031.5
113031.5
113031.5
113031.5
113037.9
113037.9
113037.9
113044.6
113044.6
113044.6
113037.9
113037.9
113037.9
113044.6
113044.6
113044.6
113825.8
113825.8
113825.8
113825.8
113825.8
113825.8
113825.8
113825.8
113825.8
113825.8
113825.8
113825.8
113825.8
113825.8
113825.8
113825.8
113825.8
113825.8
113825.9
113825.9
113825.9
113825.9
113825.9
113825.9
113825.9
113825.9
113825.9
113825.9
113825.9
113825.9
113825.9
113825.9
113825.9
113825.9
113825.9
113825.9
113825.9
113825.9
113825.9
113825.9
113825.9
113825.9
113825.9
113825.9
113825.9
113825.9
113825.9
113825.9
113825.9
113825.9
113825.9
113825.9
113825.9
113825.9
113825.9
113825.9
113825.9
113825.9
113825.9
113825.9
113825.9
113825.9
113825.9
113825.9
113825.9
113825.9
113825.9
113825.9
113825.9
113825.9
113825.9
113825.9
113825.9
113825.9
113825.9
113825.9
113825.9
113825.9
113825.9
113825.9
113825.9
113825.9
113825.9
113825.9
113825.9
113825.9
113825.9
113825.9
113825.9
113825.9
113825.9
113825.9
113825.9
113825.9
113825.9
113825.9
113825.9
113825.9
113825.9
113825.9
113825.9
113825.9
113825.9
113825.9
113825.9
113825.9
113825.9
113825.9
113067
113067
113067
113091
113091
113091
113057.1
113057.1
113057.1
113065.9
113065.9
113065.9
113091.4
113091.4
113091.4
113080.9
113080.9
113080.9
113091
113091
113091
113091.4
113091.4
113091.4
113065.8
113065.8
113065.8
113080.8
113080.8
113080.8
113066.9
113066.9
113067
113057
113057
113057.1
113091
113091
113091
113067
113067
113067
113057.1
113057.1
113057.1
113091.4
113091.4
113091.4
113080.9
113080.9
113080.9
113065.9
113065.9
113065.9
113067
113067
113067
113091
113091
113091
113057.1
113057.1
113057.1
113065.9
113065.9
113065.9
113080.9
113080.9
113080.9
113091.4
113091.4
113091.4
113080.9
113080.9
113080.9
113057.1
113057.1
113057.1
113065.9
113065.9
113065.9
113091.4
113091.4
113091.4
113067
113067
113067
113091
113091
113091
113080.9
113080.9
113080.9
113057.1
113057.1
113057.1
113067
113067
113067
113065.9
113065.9
113065.9
113091.4
113091.4
113091.4
113091
113091
113091
113080.9
113080.9
113080.9
113057.1
113057.1
113057.1
113067
113067
113067
113065.9
113065.9
113065.9
113091
113091
113091
113091.4
113091.4
113091.4
113091
113091
113091
113091.4
113091.4
113091.4
113067
113067
113067
113057.1
113057.1
113057.1
113080.9
113080.9
113080.9
113065.8
113065.9
113065.9
113080.9
113080.9
113080.9
113065.9
113065.9
113065.9
113057.1
113057.1
113057.1
113091.4
113091.4
113091.4
113091
113091
113091
113067
113067
113067
113091
113091
113091
113091.4
113091.4
113091.4
113080.9
113080.9
113080.9
113067
113067
113067
113057.1
113057.1
113057.1
113065.9
113065.9
113065.9
113080.9
113080.9
113080.9
113057.1
113057.1
113057.1
113067
113067
113067
113091
113091
113091
113065.9
113065.9
113065.9
113091.4
113091.4
113091.4
113057.1
113057.1
113057.1
113067
113067
113067
113091.4
113091.4
113091.4
113080.9
113080.9
113080.9
113091
113091
113091
113065.9
113065.9
113065.9
113224.2
113224.2
113224.2
113199.8
113199.8
113199.8
113145.6
113145.6
113145.6
113160.9
113160.9
113160.9
113160.9
113160.9
113160.9
113199.8
113199.8
113199.8
113199.8
113199.8
113199.8
113160.9
113160.9
113160.9
113224.2
113224.2
113224.2
113145.6
113145.6
113145.6
113199.8
113199.8
113199.8
113160.9
113160.9
113160.9
113199.8
113199.8
113199.8
113145.6
113145.6
113145.6
113160.9
113160.9
113160.9
113224.2
113224.2
113224.2
113199.8
113199.8
113199.8
113160.9
113160.9
113160.9
113145.6
113145.6
113145.6
113160.9
113160.9
113160.9
113160.9
113160.9
113160.9
113199.8
113199.8
113199.8
113224.2
113224.2
113224.2
113199.8
113199.8
113199.8
113145.6
113145.6
113145.6
113199.8
113199.8
113199.8
113160.9
113160.9
113160.9
113160.9
113160.9
113160.9
113199.8
113199.8
113199.8
113224.2
113224.2
113224.2
113224.2
113224.2
113224.2
113199.8
113199.8
113199.8
113160.9
113160.9
113160.9
113199.8
113199.8
113199.8
113160.9
113160.9
113160.9
113145.6
113145.6
113145.6
113118.4
113118.4
113118.4
113143.4
113143.4
113143.4
113123.8
113123.8
113123.8
113145.6
113145.6
113145.6
113109
113109
113109
113159.4
113159.4
113159.4
113118.4
113118.4
113118.4
113159.4
113159.4
113159.4
113143.4
113143.4
113143.4
113109
113109
113109
113123.8
113123.8
113123.8
113145.6
113145.6
113145.6
113118.4
113118.4
113118.4
113159.4
113159.4
113159.4
113109
113109
113109
113123.8
113123.8
113123.8
113143.4
113143.4
113143.4
113145.6
113145.6
113145.6
113118.4
113118.4
113118.4
113145.6
113145.6
113145.6
113159.4
113159.4
113159.4
113109
113109
113109
113143.4
113143.4
113143.4
113123.8
113123.8
113123.8
113123.8
113123.8
113123.8
113109
113109
113109
113145.6
113145.6
113145.6
113118.4
113118.4
113118.4
113159.4
113159.4
113159.4
113143.4
113143.4
113143.4
113159.4
113159.4
113159.4
113143.4
113143.4
113143.4
113145.6
113145.6
113145.6
113118.4
113118.4
113118.4
113123.8
113123.8
113123.8
113109
113109
113109
113126.7
113126.7
113126.7
113092.1
113092.1
113092.1
113110
113110
113110
113110
113110
113110
113126.7
113126.7
113126.7
113092.1
113092.1
113092.1
113126.7
113126.7
113126.7
113126.7
113126.7
113126.7
113110
113110
113110
113092.1
113092.1
113092.1
113110
113110
113110
113092.1
113092.1
113092.1
113126.7
113126.7
113126.7
113110
113110
113110
113092.1
113092.1
113092.1
113110
113110
113110
113126.7
113126.7
113126.7
113092.1
113092.1
113092.1
113092.1
113092.1
113092.1
113110
113110
113110
113092.1
113092.1
113092.1
113126.7
113126.7
113126.7
113126.7
113126.7
113126.7
113110
113110
113110
113126.7
113126.7
113126.7
113110
113110
113110
113092.1
113092.1
113092.1
113126.7
113126.7
113126.7
113092.1
113092.1
113092.1
113110
113110
113110
113092.1
113092.1
113092.1
113092.1
113092.1
113092.1
113126.7
113126.7
113126.7
113110
113110
113110
113110
113110
113110
113126.7
113126.7
113126.7
113159.4
113159.4
113159.4
113143.4
113143.4
113143.4
113123.8
113123.8
113123.8
113145.6
113145.6
113145.6
113118.4
113118.4
113118.4
113109
113109
113109
113143.4
113143.4
113143.4
113109
113109
113109
113123.8
113123.8
113123.8
113118.4
113118.4
113118.4
113159.4
113159.4
113159.4
113145.6
113145.6
113145.6
113123.8
113123.8
113123.8
113109
113109
113109
113145.6
113145.6
113145.6
113118.4
113118.4
113118.4
113143.4
113143.4
113143.4
113159.4
113159.4
113159.4
113118.4
113118.4
113118.4
113159.4
113159.4
113159.4
113143.4
113143.4
113143.4
113145.6
113145.6
113145.6
113109
113109
113109
113123.8
113123.8
113123.8
113123.8
113123.8
113123.8
113109
113109
113109
113145.6
113145.6
113145.6
113159.4
113159.4
113159.4
113118.4
113118.4
113118.4
113143.4
113143.4
113143.4
113123.8
113123.8
113123.8
113109
113109
113109
113145.6
113145.6
113145.6
113118.4
113118.4
113118.4
113159.4
113159.4
113159.4
113143.4
113143.4
113143.4
113367.3
113367.2
113367.2
113392.1
113392.1
113392.1
113271.8
113271.8
113271.8
113271.8
113271.8
113271.8
113367.3
113367.2
113367.2
113230.6
113230.7
113230.7
113392.1
113392.1
113392.1
113367.3
113367.2
113367.2
113271.8
113271.8
113271.8
113367.3
113367.2
113367.2
113230.6
113230.7
113230.7
113271.8
113271.8
113271.8
113367.3
113367.2
113367.2
113271.8
113271.8
113271.8
113367.3
113367.2
113367.2
113392.1
113392.1
113392.1
113230.6
113230.7
113230.7
113271.8
113271.8
113271.8
113230.6
113230.7
113230.7
113271.8
113271.8
113271.8
113271.8
113271.8
113271.8
113367.3
113367.2
113367.2
113367.3
113367.2
113367.2
113392.1
113392.1
113392.1
113367.3
113367.2
113367.2
113271.8
113271.8
113271.8
113392.1
113392.1
113392.1
113367.3
113367.2
113367.2
113230.6
113230.7
113230.7
113271.8
113271.8
113271.8
113271.8
113271.8
113271.8
113230.6
113230.7
113230.7
113367.2
113367.2
113367.2
113271.8
113271.8
113271.8
113367.2
113367.2
113367.2
113392.1
113392.1
113392.1
113241.6
113241.6
113241.6
113309.9
113309.8
113309.8
113253.3
113253.3
113253.3
113169.5
113169.5
113169.5
113143.7
113143.7
113143.7
113174.6
113174.6
113174.6
113309.9
113309.8
113309.8
113241.6
113241.6
113241.6
113253.3
113253.3
113253.3
113169.5
113169.5
113169.5
113143.7
113143.7
113143.7
113174.6
113174.6
113174.6
113169.5
113169.5
113169.5
113253.3
113253.3
113253.3
113241.6
113241.6
113241.6
113309.9
113309.8
113309.8
113174.6
113174.6
113174.6
113143.7
113143.7
113143.7
113143.7
113143.7
113143.7
113169.5
113169.5
113169.5
113174.6
113174.6
113174.6
113241.6
113241.6
113241.6
113309.9
113309.8
113309.8
113253.3
113253.3
113253.3
113143.7
113143.7
113143.7
113253.3
113253.3
113253.3
113169.5
113169.5
113169.5
113309.9
113309.8
113309.8
113241.6
113241.6
113241.6
113174.6
113174.6
113174.6
113143.7
113143.7
113143.7
113174.6
113174.6
113174.6
113169.5
113169.5
113169.5
113253.3
113253.3
113253.3
113241.6
113241.6
113241.6
113309.9
113309.8
113309.8
113150.8
113150.8
113150.8
113192.3
113192.3
113192.3
113107.3
113107.3
113107.3
113179.8
113179.8
113179.8
113098.2
113098.2
113098.2
113128.7
113128.7
113128.7
113150.8
113150.8
113150.8
113107.3
113107.3
113107.3
113098.2
113098.2
113098.2
113128.7
113128.7
113128.7
113179.8
113179.8
113179.8
113192.3
113192.3
113192.3
113128.7
113128.7
113128.7
113179.8
113179.8
113179.8
113098.2
113098.2
113098.2
113192.3
113192.3
113192.3
113107.3
113107.3
113107.3
113150.8
113150.8
113150.8
113192.3
113192.3
113192.3
113179.8
113179.8
113179.8
113150.8
113150.8
113150.8
113107.3
113107.3
113107.3
113098.2
113098.2
113098.2
113128.7
113128.7
113128.7
113192.3
113192.3
113192.3
113128.7
113128.7
113128.7
113179.8
113179.8
113179.8
113150.8
113150.8
113150.8
113107.3
113107.3
113107.3
113098.2
113098.2
113098.2
113107.3
113107.3
113107.3
113098.2
113098.2
113098.2
113128.7
113128.7
113128.7
113150.8
113150.8
113150.8
113179.8
113179.8
113179.8
113192.3
113192.3
113192.3
113179.8
113179.8
113179.8
113107.3
113107.3
113107.3
113128.7
113128.7
113128.7
113150.8
113150.8
113150.8
113192.3
113192.3
113192.3
113098.2
113098.2
113098.2
113179.8
113179.8
113179.8
113150.8
113150.8
113150.8
113192.3
113192.3
113192.3
113128.7
113128.7
113128.7
113107.3
113107.3
113107.3
113098.2
113098.2
113098.2
113192.3
113192.3
113192.3
113107.3
113107.3
113107.3
113150.8
113150.8
113150.8
113098.2
113098.2
113098.2
113128.7
113128.7
113128.7
113179.8
113179.8
113179.8
113128.7
113128.7
113128.7
113179.8
113179.8
113179.8
113098.2
113098.2
113098.2
113107.3
113107.3
113107.3
113192.3
113192.3
113192.3
113150.8
113150.8
113150.8
113150.8
113150.8
113150.8
113107.3
113107.3
113107.3
113192.3
113192.3
113192.3
113128.7
113128.7
113128.7
113098.2
113098.2
113098.2
113179.8
113179.8
113179.8
113128.7
113128.7
113128.7
113098.2
113098.2
113098.2
113179.8
113179.8
113179.8
113192.3
113192.3
113192.3
113150.8
113150.8
113150.8
113107.3
113107.3
113107.3
113309.9
113309.8
113309.8
113143.7
113143.7
113143.7
113174.6
113174.6
113174.6
113253.3
113253.3
113253.3
113169.5
113169.5
113169.5
113241.6
113241.6
113241.6
113241.6
113241.6
113241.6
113309.9
113309.8
113309.8
113143.7
113143.7
113143.7
113253.3
113253.3
113253.3
113169.5
113169.5
113169.5
113174.6
113174.6
113174.6
113241.6
113241.6
113241.6
113309.9
113309.8
113309.8
113169.5
113169.5
113169.5
113143.7
113143.7
113143.7
113253.3
113253.3
113253.3
113174.6
113174.6
113174.6
113309.9
113309.8
113309.8
113169.5
113169.5
113169.5
113174.6
113174.6
113174.6
113253.3
113253.3
113253.3
113241.6
113241.6
113241.6
113143.7
113143.7
113143.7
113169.5
113169.5
113169.5
113241.6
113241.6
113241.6
113253.3
113253.3
113253.3
113143.7
113143.7
113143.7
113309.9
113309.8
113309.8
113174.6
113174.6
113174.6
113253.3
113253.3
113253.3
113174.6
113174.6
113174.6
113143.7
113143.7
113143.7
113309.9
113309.8
113309.8
113241.6
113241.6
113241.6
113169.5
113169.5
113169.5
113585.5
113585.5
113585.5
113624.6
113624.5
113624.5
113499.6
113499.6
113499.7
113499.6
113499.6
113499.7
113585.5
113585.5
113585.5
113458.7
113458.8
113458.8
113499.6
113499.6
113499.7
113585.5
113585.5
113585.5
113585.5
113585.5
113585.5
113499.6
113499.6
113499.7
113624.6
113624.5
113624.5
113458.7
113458.8
113458.8
113585.5
113585.5
113585.5
113585.5
113585.5
113585.5
113499.6
113499.6
113499.7
113624.6
113624.5
113624.5
113499.6
113499.6
113499.7
113458.7
113458.8
113458.8
113458.7
113458.8
113458.8
113624.6
113624.5
113624.5
113585.5
113585.5
113585.5
113499.6
113499.6
113499.7
113499.6
113499.6
113499.7
113585.5
113585.5
113585.5
113585.5
113585.5
113585.5
113624.6
113624.5
113624.5
113585.5
113585.5
113585.5
113499.6
113499.6
113499.7
113499.6
113499.6
113499.7
113458.7
113458.8
113458.8
113585.5
113585.5
113585.5
113624.6
113624.5
113624.5
113585.5
113585.5
113585.5
113499.6
113499.6
113499.7
113458.7
113458.8
113458.8
113499.6
113499.6
113499.7
113825.9
113825.9
113825.9
113825.9
113825.9
113825.9
113825.9
113825.9
113825.9
113825.9
113825.9
113825.9
113825.9
113825.9
113825.9
113825.9
113825.9
113825.9
113825.9
113825.9
113825.9
113825.9
113825.9
113825.9
113825.9
113825.9
113825.9
113825.9
113825.9
113825.9
113825.9
113825.9
113825.9
113825.9
113825.9
113825.9
113825.9
113825.9
113825.9
113825.9
113825.9
113825.9
113825.9
113825.9
113825.9
113825.9
113825.9
113825.9
113825.9
113825.9
113825.9
113825.9
113825.9
113825.9
113825.9
113825.9
113825.9
113825.9
113825.9
113825.9
113825.9
113825.9
113825.9
113825.9
113825.9
113825.9
113825.9
113825.9
113825.9
113825.9
113825.9
113825.9
113825.9
113825.9
113825.9
113825.9
113825.9
113825.9
113825.9
113825.9
113825.9
113825.9
113825.9
113825.9
113825.9
113825.9
113825.9
113825.9
113825.9
113825.9
113825.9
113825.9
113825.9
113825.9
113825.9
113825.9
113825.9
113825.9
113825.9
113825.9
113825.9
113825.9
113825.9
113825.9
113825.9
113825.9
113825.9
113825.9
113477
113477
113477
113408.2
113408.2
113408.2
113455.2
113455.2
113455.2
113271
113271.1
113271.1
113343.7
113343.8
113343.8
113302.6
113302.6
113302.6
113455.2
113455.2
113455.2
113343.7
113343.8
113343.8
113477
113477
113477
113408.2
113408.2
113408.2
113302.6
113302.6
113302.6
113271
113271.1
113271.1
113477
113477
113477
113455.2
113455.2
113455.2
113408.2
113408.2
113408.2
113343.7
113343.8
113343.8
113271
113271.1
113271.1
113302.6
113302.6
113302.6
113408.2
113408.2
113408.2
113477
113477
113477
113455.2
113455.2
113455.2
113302.6
113302.6
113302.6
113271
113271.1
113271.1
113343.7
113343.8
113343.8
113477
113477
113477
113343.7
113343.8
113343.8
113408.2
113408.2
113408.2
113302.6
113302.6
113302.6
113455.2
113455.2
113455.2
113271
113271.1
113271.1
113302.6
113302.6
113302.6
113271
113271.1
113271.1
113408.2
113408.2
113408.2
113343.7
113343.8
113343.8
113477
113477
113477
113455.2
113455.2
113455.2
113330.8
113330.8
113330.8
113434
113434
113433.9
113434
113434
113433.9
113242.5
113242.6
113242.6
113242.5
113242.6
113242.6
113330.8
113330.8
113330.8
113434
113434
113433.9
113242.5
113242.6
113242.6
113330.8
113330.8
113330.8
113330.8
113330.8
113330.8
113434
113434
113433.9
113242.5
113242.6
113242.6
113242.5
113242.6
113242.6
113330.8
113330.8
113330.8
113330.8
113330.8
113330.8
113242.5
113242.6
113242.6
113434
113434
113433.9
113434
113434
113433.9
113434
113434
113433.9
113330.8
113330.8
113330.8
113434
113434
113433.9
113330.8
113330.8
113330.8
113242.5
113242.6
113242.6
113242.5
113242.6
113242.6
113434
113434
113433.9
113242.5
113242.6
113242.6
113330.8
113330.8
113330.8
113242.5
113242.6
113242.6
113330.8
113330.8
113330.8
113434
113434
113433.9
113434
113434
113433.9
113434
113434
113433.9
113330.8
113330.8
113330.8
113330.8
113330.8
113330.8
113242.5
113242.6
113242.6
113242.5
113242.6
113242.6
113408.2
113408.2
113408.2
113302.6
113302.6
113302.6
113477
113477
113477
113271
113271.1
113271.1
113455.2
113455.2
113455.2
113343.7
113343.8
113343.8
113271
113271.1
113271.1
113302.6
113302.6
113302.6
113455.2
113455.2
113455.2
113343.7
113343.8
113343.8
113477
113477
113477
113408.2
113408.2
113408.2
113477
113477
113477
113455.2
113455.2
113455.2
113343.7
113343.8
113343.8
113408.2
113408.2
113408.2
113271
113271.1
113271.1
113302.6
113302.6
113302.6
113271
113271.1
113271.1
113343.7
113343.8
113343.8
113455.2
113455.2
113455.2
113408.2
113408.2
113408.2
113302.6
113302.6
113302.6
113477
113477
113477
113271
113271.1
113271.1
113302.6
113302.6
113302.6
113343.7
113343.8
113343.8
113408.2
113408.2
113408.2
113455.2
113455.2
113455.2
113477
113477
113477
113477
113477
113477
113455.2
113455.2
113455.2
113408.2
113408.2
113408.2
113271
113271.1
113271.1
113343.7
113343.8
113343.8
113302.6
113302.6
113302.6
113825.9
113825.9
113825.9
113825.9
113825.9
113825.9
113825.9
113825.9
113825.9
113825.9
113825.9
113825.9
113825.9
113825.9
113825.9
113825.9
113825.9
113825.9
113825.9
113825.9
113825.9
113825.9
113825.9
113825.9
113825.9
113825.9
113825.9
113825.9
113825.9
113825.9
113825.9
113825.9
113825.9
113825.9
113825.9
113825.9
113825.9
113825.9
113825.9
113825.9
113825.9
113825.9
113825.9
113825.9
113825.9
113825.9
113825.9
113825.9
113825.9
113825.9
113825.9
113825.9
113825.9
113825.9
113825.9
113825.9
113825.9
113825.9
113825.9
113825.9
113825.9
113825.9
113825.9
113825.9
113825.9
113825.9
113825.9
113825.9
113825.9
113825.9
113825.9
113825.9
113825.9
113825.9
113825.9
113825.9
113825.9
113825.9
113825.9
113825.9
113825.9
113825.9
113825.9
113825.9
113825.9
113825.9
113825.9
113825.9
113825.9
113825.9
113825.9
113825.9
113825.9
113825.9
113825.9
113825.9
113825.9
113825.9
113825.9
113825.9
113825.9
113825.9
113825.9
113825.9
113825.9
113825.9
113825.9
113825.9
113825.9
113825.9
113825.9
113825.9
113825.9
113825.9
113825.9
113825.9
113825.9
113825.9
113825.9
113825.9
113825.9
113825.9
113825.9
113825.9
113825.9
113825.9
113825.9
113825.9
113825.9
113825.9
113825.9
113825.9
113825.9
113825.9
113825.9
113825.9
113825.9
113825.9
113825.9
113825.9
113825.9
113825.9
113825.9
113825.9
113825.9
113825.9
113825.9
113825.9
113825.9
113825.9
113825.9
113825.9
113825.9
113825.9
113825.9
113825.9
113825.9
113825.9
113825.9
113825.9
113825.9
113825.9
113825.9
113825.9
113825.9
113825.9
113825.9
113825.9
113825.9
113825.9
113825.9
113825.9
113825.9
113825.9
113825.9
113825.9
113825.9
113825.9
113825.9
113825.9
113825.9
113825.9
113825.9
113825.9
113825.9
113825.9
113825.9
113825.9
113825.9
113825.9
113825.9
113825.9
113825.9
113825.9
113825.9
113825.9
113825.9
113825.9
113825.9
113825.9
113825.9
113825.9
113825.9
113825.9
113825.9
113825.9
113825.9
113825.9
113825.9
113825.9
113825.9
113825.9
113825.9
113825.9
113825.9
113825.9
113825.9
113825.9
113825.9
113825.9
113825.9
113825.9
113825.9
113825.9
113825.9
113825.9
113825.9
113825.9
113825.9
113825.9
113825.9
113825.9
113825.9
113825.9
113825.9
113825.9
113825.9
113825.9
113825.9
113825.9
113825.9
113825.9
113825.9
113825.9
113825.9
113825.9
113825.9
113825.9
113825.9
113825.9
113825.9
113825.9
113825.9
113825.9
113825.9
113825.9
113825.9
113825.9
113825.9
113825.9
113825.9
113825.9
113825.9
113825.9
113825.9
113825.9
113825.9
113825.9
113825.9
113825.9
113825.9
113825.9
113825.9
113825.9
113825.9
113825.9
113825.9
113825.9
113825.9
113825.9
113825.9
113825.9
113825.9
113825.9
113825.9
113825.9
113825.9
113825.9
113825.9
113825.9
113825.9
113825.9
113825.9
113825.9
113825.9
113825.9
113825.9
113825.9
113825.9
113825.9
113825.9
113825.9
113825.9
113825.9
113825.9
113825.9
113825.9
113825.9
113825.9
113825.9
113825.9
113825.9
113825.9
113825.9
113825.9
113825.9
113825.9
113825.9
113825.9
113825.9
113825.9
113825.9
113825.9
113825.9
113825.9
113825.9
113825.9
113825.9
113825.9
113825.9
113825.9
113825.9
113825.9
113825.9
113825.9
113825.9
113825.9
113825.9
113825.9
113825.9
113825.9
113825.9
113825.9
113825.9
113825.9
113825.9
113825.9
113825.9
113825.9
113825.9
113825.9
113825.9
113825.9
113825.9
113825.9
113825.9
113825.9
113825.9
113825.9
113825.9
113825.9
113825.9
113825.9
113825.9
113825.9
113825.9
113825.9
113825.9
113825.9
113825.9
113825.9
113825.9
113825.9
113825.9
113825.9
113825.9
113825.9
113825.9
113825.9
113825.9
113825.9
113825.9
113825.9
113825.9
113825.9
113825.9
113825.9
113825.9
113825.9
113825.9
113825.9
113825.9
113825.9
113825.9
113825.9
113825.9
113825.9
113825.9
113825.9
113825.9
113825.9
113825.9
113825.9
113825.9
113825.9
113825.9
113825.9
113825.9
113825.9
113825.9
113825.9
113825.9
113825.9
113825.9
113825.9
113825.9
113825.9
113825.9
113825.9
113825.9
113825.9
113825.9
113825.9
113825.9
113825.9
113825.9
113825.9
113825.9
113825.9
113825.9
113825.9
113825.9
113825.9
113825.9
113825.9
113825.9
113825.9
113825.9
113825.9
113825.9
113825.9
113825.9
113825.9
113825.9
113825.9
113825.9
113825.9
113825.9
113825.9
113825.9
113825.9
113825.9
113825.9
113825.9
113825.9
113825.9
113825.9
113825.9
113825.9
113825.9
113825.9
113825.9
113825.9
113825.9
113825.9
113825.9
113825.9
113825.9
113825.9
113825.9
113825.9
113825.9
113825.9
113825.9
113825.9
113825.9
113825.9
113825.9
113825.9
113825.9
113825.9
113825.9
113825.9
113825.9
113825.9
113825.9
113825.9
113825.9
113825.9
113825.9
113825.9
113825.9
113825.9
113825.9
113825.9
113825.9
113825.9
113825.9
113825.9
113825.9
113825.9
113825.9
113825.9
113825.9
113825.9
113825.9
113825.9
113825.9
113825.9
113825.9
113825.9
113825.9
113825.9
113825.9
113825.9
113825.9
113825.9
113825.9
113825.9
113825.9
113825.9
113825.9
113825.9
113825.9
113825.9
113825.9
113825.9
113825.9
113825.9
113825.9
113825.9
113825.9
113825.9
113825.9
113825.9
113825.9
113825.9
113825.9
113825.9
113825.9
113825.9
113825.9
113825.9
113825.9
113825.9
113825.9
113825.9
113825.9
113825.9
113825.9
113825.9
113825.9
113825.9
113825.9
113825.9
113825.9
113825.9
113825.9
113825.9
113825.9
113825.9
113825.9
113825.9
113825.9
113825.9
113825.9
113825.9
113825.9
113825.9
113825.9
113825.9
113825.9
113825.9
113825.9
113825.9
113825.9
113825.9
113825.9
113825.9
113825.9
113825.9
113825.9
113825.9
113825.9
113825.9
113825.9
113825.9
113825.9
113825.9
113825.9
113825.9
113825.9
113825.9
113825.9
113825.9
113825.9
113825.9
113825.9
113825.9
113825.9
113825.9
113825.9
113825.9
113825.9
113825.9
113825.9
113825.9
113825.9
113825.9
113825.9
113825.9
113825.9
113825.9
113825.9
113825.9
113825.9
113825.9
113825.9
113825.9
113825.9
113825.9
113825.9
113825.9
113825.9
113825.9
113825.9
113825.9
113825.9
113825.9
113825.9
113825.9
113825.9
113825.9
113825.9
113825.9
113825.9
113825.9
113825.9
113825.9
113825.9
113825.9
113825.9
113825.9
113825.9
113825.9
113825.9
113825.9
113825.9
113825.9
113825.9
113825.9
113825.9
113825.9
113825.9
113825.9
113825.9
113825.9
113825.9
113825.9
113825.9
113825.9
113825.9
113825.9
113825.9
113825.9
113825.9
113825.9
113825.9
113825.9
113825.9
113825.9
113825.9
113825.9
113825.9
113825.9
113825.9
113825.9
113825.9
113825.9
113825.9
113825.9
113825.9
113825.9
113825.9
113825.9
113825.9
113825.9
113825.9
113825.9
113825.9
113825.9
113825.9
113825.9
113825.9
113825.9
113825.9
113825.9
113825.9
113825.9
113825.9
113825.9
113825.9
113825.9
113825.9
113825.9
113825.9
113825.9
113825.9
113825.9
113825.9
113825.9
113825.9
113825.9
113825.9
113825.9
113825.9
113825.9
113825.9
113825.9
113825.9
113825.9
113825.9
113825.9
113825.9
113825.9
113825.9
113825.9
113825.9
113825.9
113825.9
113825.9
113825.9
113825.9
113825.9
113825.9
113825.9
113825.9
113825.9
113825.9
113825.9
113825.9
113825.9
113825.9
113825.9
113825.9
113825.9
113825.9
113825.9
113825.9
113825.9
113825.9
113825.9
113825.9
113825.9
113825.9
113825.9
113825.9
113825.9
113825.9
113825.9
113825.9
113825.9
113825.9
113825.9
113825.9
113825.9
113825.9
113825.9
113825.9
113825.9
113825.9
113825.9
113825.9
113825.9
113825.9
113825.9
113825.9
113825.9
113825.9
113825.9
113825.9
113825.9
113825.9
113825.9
113825.9
113825.9
113825.9
113825.9
113825.9
113825.9
113825.9
113825.9
113825.9
113825.9
113825.9
113825.9
113825.9
113825.9
113825.9
113825.9
113825.9
113825.9
113825.9
113825.9
113825.9
113825.9
113825.9
113825.9
113825.9
113825.9
113825.9
113825.9
113825.9
113825.9
113825.9
113825.9
113825.9
113825.9
113825.9
113825.9
113825.9
113825.9
113825.9
113825.9
113825.9
113825.9
113825.9
113825.9
113825.9
113825.9
113825.9
113825.9
113825.9
113825.9
113825.9
113825.9
113825.9
113825.9
113825.9
113825.9
113825.9
113825.9
113825.9
113825.9
113825.9
113825.9
113825.9
113825.9
113825.9
113825.9
113825.9
113825.9
113825.9
113825.9
113825.9
113825.9
113825.9
113825.9
113825.9
113825.9
113825.9
113825.9
113825.9
113825.9
113825.9
113825.9
113825.9
113825.9
113825.9
113825.9
113029.9
113029.9
113039.4
113032.2
113032.2
113030.7
113039.4
113032.2
113029.9
113030.7
113032.2
113029.9
113032.2
113029.9
113039.4
113030.7
113029.9
113032.2
113029.9
113039.4
113032.2
113029.9
113030.7
113032.2
113032.2
113029.9
113032.2
113029.9
113039.4
113030.7
113039.4
113032.2
113029.9
113030.7
113032.2
113029.9
113060
113077.3
113060
113037.1
113043
113043
113043
113043
113077.3
113060
113037.1
113060
113077.3
113043
113043
113060
113060
113037.1
113060
113077.3
113060
113043
113043
113037.1
113043
113060
113077.3
113043
113060
113037.1
113077.3
113060
113037.1
113043
113060
113043
113037.9
113031.5
113031.5
113037.9
113044.6
113044.6
113037.9
113044.6
113031.5
113044.6
113031.5
113037.9
113044.6
113044.6
113037.9
113037.9
113031.5
113031.5
113037.9
113044.6
113044.6
113031.5
113037.9
113031.5
113031.5
113044.6
113037.9
113031.5
113044.6
113037.9
113031.5
113037.9
113031.5
113044.6
113037.9
113044.6
113825.8
113825.8
113825.8
113825.8
113825.8
113825.8
113825.9
113825.9
113825.9
113825.9
113825.9
113825.9
113825.9
113825.9
113825.9
113825.9
113825.9
113825.9
113825.9
113825.9
113825.9
113825.9
113825.9
113825.9
113825.9
113825.9
113825.9
113825.9
113825.9
113825.9
113825.9
113825.9
113825.9
113825.9
113825.9
113825.9
113067
113091.1
113057.1
113065.9
113091.4
113080.9
113091
113091.4
113065.8
113080.8
113066.9
113057
113065.9
113057.1
113080.9
113091.1
113067
113091.4
113057.1
113065.9
113067
113080.9
113091.1
113091.4
113080.9
113091.4
113091.1
113065.9
113057.1
113067
113091.1
113080.9
113067
113057.1
113091.4
113065.9
113065.9
113080.9
113057.1
113091.4
113067
113091.1
113091
113091.4
113067
113057.1
113080.9
113065.8
113091.4
113091.1
113080.9
113067
113057.1
113065.9
113091.1
113091.4
113080.9
113067
113057.1
113065.9
113057.1
113080.9
113067
113065.9
113091.1
113091.4
113080.9
113091.4
113091.1
113065.9
113067
113057.1
113224.2
113199.8
113145.6
113160.9
113160.9
113199.8
113160.9
113199.8
113145.6
113199.8
113224.2
113160.9
113199.8
113160.9
113224.2
113199.8
113160.9
113145.6
113145.6
113160.9
113160.9
113199.8
113224.2
113199.8
113199.8
113224.2
113199.8
113160.9
113145.6
113160.9
113224.2
113160.9
113145.6
113199.8
113199.8
113160.9
113123.8
113145.6
113109
113159.4
113118.4
113143.4
113159.4
113118.4
113143.4
113109
113145.6
113123.8
113118.4
113159.4
113109
113123.8
113143.4
113145.6
113118.4
113145.6
113159.4
113109
113143.4
113123.8
113123.8
113109
113145.6
113118.4
113159.4
113143.4
113123.8
113109
113159.4
113145.6
113118.4
113143.4
113092.1
113110
113092.1
113126.7
113126.7
113110
113126.7
113126.7
113110
113110
113092.1
113092.1
113110
113126.7
113092.1
113092.1
113126.7
113110
113092.1
113110
113092.1
113126.7
113126.7
113110
113126.7
113110
113092.1
113126.7
113092.1
113110
113092.1
113126.7
113110
113126.7
113092.1
113110
113118.4
113159.4
113143.4
113109
113123.8
113145.6
113143.4
113118.4
113109
113159.4
113145.6
113123.8
113123.8
113108.9
113145.6
113118.4
113159.4
113143.4
113118.4
113159.4
113143.4
113145.6
113109
113123.8
113123.8
113109
113159.4
113145.6
113118.4
113143.4
113123.8
113145.6
113109
113118.4
113143.4
113159.4
113392.1
113271.8
113271.8
113367.3
113367.3
113230.6
113392.1
113367.3
113367.3
113230.6
113271.8
113271.8
113230.6
113271.8
113271.8
113367.3
113367.3
113392.1
113230.6
113271.8
113271.8
113367.3
113367.3
113392.1
113271.8
113230.6
113367.3
113271.8
113392.1
113367.3
113271.8
113230.6
113367.3
113271.8
113367.3
113392.1
113241.6
113309.9
113169.5
113143.7
113174.6
113253.3
113143.7
113174.6
113309.9
113253.3
113169.5
113241.6
113241.6
113169.5
113309.9
113253.3
113143.7
113174.6
113143.7
113241.6
113174.6
113253.3
113309.9
113169.5
113143.7
113169.5
113174.6
113253.3
113309.9
113241.6
113143.7
113174.6
113169.5
113253.3
113241.6
113309.9
113128.7
113192.3
113179.8
113098.1
113150.8
113107.3
113150.8
113107.3
113098.1
113128.7
113179.8
113192.3
113179.8
113192.3
113150.8
113128.7
113107.3
113098.1
113192.3
113179.8
113150.8
113107.3
113098.1
113128.7
113192.3
113128.7
113179.8
113150.8
113107.3
113098.1
113107.3
113098.1
113128.7
113150.8
113179.8
113192.3
113179.8
113107.3
113128.7
113150.8
113192.3
113098.1
113107.3
113150.8
113192.3
113098.1
113179.8
113128.7
113192.3
113107.3
113150.8
113098.1
113128.7
113179.8
113128.7
113179.8
113098.1
113107.3
113192.3
113150.8
113150.8
113192.3
113107.3
113179.8
113098.1
113128.7
113128.7
113098.1
113179.8
113192.3
113150.8
113107.3
113309.9
113253.3
113143.7
113241.6
113169.5
113174.6
113241.6
113309.9
113143.7
113253.3
113169.5
113174.6
113241.6
113309.9
113169.5
113253.3
113143.7
113174.6
113309.9
113169.5
113174.6
113253.3
113241.6
113143.7
113241.6
113169.5
113309.9
113253.3
113143.7
113174.6
113253.3
113174.6
113143.7
113309.9
113241.6
113169.5
113585.5
113624.6
113499.6
113499.6
113585.5
113458.7
113585.5
113624.6
113499.6
113585.5
113499.6
113458.7
113624.6
113585.5
113585.5
113499.6
113499.6
113458.7
113458.7
113624.6
113585.5
113499.6
113499.6
113585.5
113624.6
113585.5
113499.6
113585.5
113499.6
113458.7
113585.5
113624.6
113499.6
113585.5
113458.7
113499.6
113825.9
113825.9
113825.9
113825.9
113825.9
113825.9
113825.9
113825.9
113825.9
113825.9
113825.9
113825.9
113825.9
113825.9
113825.9
113825.9
113825.9
113825.9
113825.9
113825.9
113825.9
113825.9
113825.9
113825.9
113825.9
113825.9
113825.9
113825.9
113825.9
113825.9
113825.9
113825.9
113825.9
113825.9
113825.9
113825.9
113477.1
113408.2
113455.2
113271
113302.6
113343.7
113343.7
113302.6
113455.2
113408.2
113271
113477.1
113302.6
113271
113408.2
113343.7
113477.1
113455.2
113271
113302.6
113343.7
113455.2
113408.2
113477.1
113343.7
113477.1
113455.2
113271
113408.2
113302.6
113302.6
113271
113408.2
113343.7
113477.1
113455.2
113434
113434
113330.8
113330.8
113242.5
113242.5
113434
113242.5
113330.8
113242.5
113330.8
113434
113242.5
113330.8
113330.8
113242.5
113434
113434
113434
113330.8
113434
113330.8
113242.5
113242.5
113434
113330.8
113434
113242.5
113330.8
113242.5
113434
113434
113330.8
113330.8
113242.5
113242.5
113408.2
113302.6
113477.1
113271
113455.2
113343.7
113302.6
113455.2
113271
113477.1
113408.2
113343.7
113477.1
113455.2
113343.7
113408.2
113271
113302.6
113408.2
113302.6
113271
113477.1
113343.7
113455.2
113477.1
113302.6
113455.2
113271
113343.7
113408.2
113477.1
113455.2
113408.2
113302.6
113271
113343.7
113825.9
113825.9
113825.9
113825.9
113825.9
113825.9
113825.9
113825.9
113825.9
113825.9
113825.9
113825.9
113825.9
113825.9
113825.9
113825.9
113825.9
113825.9
113825.9
113825.9
113825.9
113825.9
113825.9
113825.9
113825.9
113825.9
113825.9
113825.9
113825.9
113825.9
113825.9
113825.9
113825.9
113825.9
113825.9
113825.9
113825.9
113825.9
113825.9
113825.9
113825.9
113825.9
113825.9
113825.9
113825.9
113825.9
113825.9
113825.9
113825.9
113825.9
113825.9
113825.9
113825.9
113825.9
113825.9
113825.9
113825.9
113825.9
113825.9
113825.9
113825.9
113825.9
113825.9
113825.9
113825.9
113825.9
113825.9
113825.9
113825.9
113825.9
113825.9
113825.9
113825.9
113825.9
113825.9
113825.9
113825.9
113825.9
113825.9
113825.9
113825.9
113825.9
113825.9
113825.9
113825.9
113825.9
113825.9
113825.9
113825.9
113825.9
113825.9
113825.9
113825.9
113825.9
113825.9
113825.9
113825.9
113825.9
113825.9
113825.9
113825.9
113825.9
113825.9
113825.9
113825.9
113825.9
113825.9
113825.9
113825.9
113825.9
113825.9
113825.9
113825.9
113825.9
113825.9
113825.9
113825.9
113825.9
113825.9
113825.9
113825.9
113825.9
113825.9
113825.9
113825.9
113825.9
113825.9
113825.9
113825.9
113825.9
113825.9
113825.9
113825.9
113825.9
113825.9
113825.9
113825.9
113825.9
113825.9
113825.9
113825.9
113825.9
113825.9
113825.9
113825.9
113825.9
113825.9
113825.9
113825.9
113825.9
113825.9
113825.9
113825.9
113825.9
113825.9
113825.9
113825.9
113825.9
113825.9
113825.9
113825.9
113825.9
113825.9
113825.9
113825.9
113825.9
113825.9
113825.9
113825.9
113825.9
113825.9
113825.9
113825.9
113825.9
113825.9
113825.9
113825.9
113825.9
113825.9
113825.9
113825.9
113825.9
113825.9
113825.9
113825.9
113825.9
113825.9
113825.9
113825.9
113825.9
113825.9
113825.9
113825.9
113825.9
113825.9
113825.9
113825.9
113825.9
113825.9
113825.9
113825.9
113825.9
113825.9
113825.9
113825.9
113825.9
113825.9
113825.9
113825.9
113825.9
113825.9
113825.9
113825.9
113825.9
113825.9
113825.9
113825.9
113825.9
113825.9
113825.9
113825.9
113825.9
113825.9
113825.9
113825.9
113825.9
113825.9
113825.9
113825.9
113825.9
113825.9
113825.9
113825.9
113825.9
113825.9
113825.9
113825.9
113825.9
113825.9
113825.9
113825.9
113825.9
113825.9
113825.9
113825.9
113825.9
113825.9
113825.9
113825.9
113825.9
113825.9
113825.9
113825.9
113825.9
113825.9
113825.9
113825.9
113825.9
113825.9
113825.9
113825.9
113825.9
113825.9
113825.9
113825.9
113825.9
113825.9
113825.9
113825.9
113825.9
113825.9
113825.9
113825.9
113825.9
113825.9
113825.9
113825.9
113825.9
113825.9
113825.9
113825.9
113825.9
113825.9
113825.9
113825.9
113825.9
113825.9
113825.9
113825.9
113825.9
113825.9
113825.9
113825.9
113825.9
113825.9
113825.9
113825.9
113825.9
113825.9
113825.9
113049
113029.9
113049
113029.9
113060.1
113039.4
113051.8
113032.2
113051.8
113032.2
113049.8
113030.7
113049
113029.9
113060.1
113039.4
113051.8
113032.2
113049.8
113030.7
113051.8
113032.2
113049
113029.9
113060.1
113039.4
113051.8
113032.2
113049
113029.9
113051.8
113032.2
113049.8
113030.7
113049
113029.9
113049
113029.9
113060.1
113039.4
113051.8
113032.2
113049
113029.9
113049.8
113030.7
113051.8
113032.2
113049
113029.9
113051.8
113032.2
113049
113029.9
113049.8
113030.7
113060.1
113039.4
113051.8
113032.2
113060.1
113039.4
113051.8
113032.2
113049.8
113030.7
113051.8
113032.2
113049
113029.9
113049
113029.9
113063.1
113043
113100.3
113077.3
113081.5
113060
113056.7
113037.1
113063.1
113043
113081.5
113060
113100.3
113077.3
113063.1
113043
113063.1
113043
113081.5
113060
113081.5
113060
113056.7
113037.1
113056.7
113037.1
113063.1
113043
113063.1
113043
113081.5
113060
113081.5
113060
113100.3
113077.3
113081.5
113060
113081.5
113060
113063.1
113043
113063.1
113043
113100.3
113077.3
113056.7
113037.1
113063.1
113043
113056.7
113037.1
113063.1
113043
113081.5
113060
113081.5
113060
113100.3
113077.3
113056.7
113037.1
113063
113043
113100.3
113077.3
113063
113043
113081.5
113060
113081.5
113060
113057.5
113037.9
113050.6
113031.5
113050.6
113031.5
113057.5
113037.9
113064.7
113044.6
113064.7
113044.6
113057.5
113037.9
113064.7
113044.6
113050.6
113031.5
113064.7
113044.6
113050.6
113031.5
113057.5
113037.9
113050.6
113031.5
113050.6
113031.5
113057.5
113037.9
113057.5
113037.9
113064.7
113044.6
113064.7
113044.6
113057.5
113037.9
113064.7
113044.6
113050.6
113031.5
113064.7
113044.6
113050.6
113031.5
113057.5
113037.9
113050.6
113031.5
113057.5
113037.9
113064.7
113044.6
113057.5
113037.9
113050.6
113031.5
113064.7
113044.6
113050.6
113031.5
113050.6
113031.5
113057.5
113037.9
113064.7
113044.6
113057.5
113037.9
113064.7
113044.6
113825.9
113825.8
113825.8
113825.8
113825.9
113825.8
113825.9
113825.8
113825.9
113825.8
113825.9
113825.9
113825.9
113825.9
113825.9
113825.9
113825.9
113825.9
113825.9
113825.9
113825.9
113825.9
113825.9
113825.9
113825.9
113825.9
113825.9
113825.9
113825.9
113825.9
113825.9
113825.9
113825.9
113825.9
113825.9
113825.9
113825.9
113825.9
113825.9
113825.9
113825.9
113825.9
113825.9
113825.9
113825.9
113825.9
113825.9
113825.9
113825.9
113825.9
113825.9
113825.9
113825.9
113825.9
113825.9
113825.9
113825.9
113825.9
113825.9
113825.9
113825.9
113825.9
113825.9
113825.9
113825.9
113825.9
113825.9
113825.9
113088.8
113067
113114.5
113091.1
113078
113057.1
113087.2
113065.8
113114.1
113091.4
113102.9
113080.9
113080.8
113091.4
113114.4
113091
113087.2
113065.8
113078
113057
113088.7
113066.9
113087.2
113065.8
113078
113057.1
113102.9
113080.9
113114.5
113091.1
113088.8
113067
113114.1
113091.4
113078
113057.1
113087.2
113065.8
113088.8
113067
113102.9
113080.9
113114.5
113091.1
113114.1
113091.4
113078
113057.1
113114.5
113091.1
113102.9
113080.9
113114.1
113091.4
113088.8
113067
113087.2
113065.8
113102.9
113080.9
113078
113057.1
113088.8
113067
113087.2
113065.8
113114.1
113091.4
113114.5
113091.1
113102.9
113080.9
113078
113057.1
113087.2
113065.8
113088.8
113067
113114.1
113091.4
113114.5
113091.1
113114.5
113091.1
113091.4
113088.8
113067
113078
113057.1
113080.9
113087.2
113065.8
113102.9
113080.9
113087.2
113065.8
113078
113057.1
113114.1
113091.4
113114.5
113091.1
113088.8
113067
113102.9
113080.9
113114.5
113091.1
113114.1
113091.4
113088.8
113067
113087.2
113065.8
113078
113057.1
113102.9
113080.9
113078
113057.1
113088.8
113067
113114.5
113091.1
113087.2
113065.8
113114.1
113091.4
113078
113057.1
113088.8
113067
113114.5
113091.1
113087.2
113065.8
113114.1
113091.4
113102.9
113080.9
113224.2
113199.8
113145.5
113160.9
113160.9
113199.8
113199.8
113160.9
113199.8
113224.2
113145.5
113160.9
113223.4
113199.8
113169.8
113145.5
113184.6
113160.9
113247.6
113224.2
113223.4
113199.8
113184.6
113160.9
113223.4
113199.8
113169.8
113145.5
113247.6
113224.2
113184.6
113160.9
113184.6
113160.9
113223.4
113199.8
113169.8
113145.5
113223.4
113199.8
113184.6
113160.9
113184.6
113160.9
113223.4
113199.8
113247.6
113224.2
113247.6
113224.2
113184.6
113160.9
113223.4
113199.8
113223.4
113199.8
113169.8
113145.5
113184.6
113160.9
113132
113108.9
113159.4
113141.4
113118.4
113143.4
113123.8
113145.6
113118.4
113159.4
113143.4
113108.9
113123.8
113145.6
113141.4
113118.4
113147.8
113123.8
113182.9
113159.4
113132
113108.9
113169.2
113145.6
113166.7
113143.4
113141.4
113118.4
113169.2
113145.6
113182.9
113159.4
113132
113108.9
113166.7
113143.4
113147.8
113123.8
113147.8
113123.8
113132
113108.9
113169.2
113145.6
113141.4
113118.4
113182.9
113159.4
113166.7
113143.4
113147.8
113123.8
113132
113108.9
113182.9
113159.4
113169.2
113145.6
113141.4
113118.4
113166.7
113143.4
113149.7
113126.7
113132.8
113110
113114.4
113092.1
113132.8
113110
113149.7
113126.7
113114.4
113092.1
113126.7
113126.7
113110
113110
113092.1
113092.1
113132.7
113110
113149.7
113126.7
113114.4
113092.1
113114.4
113092.1
113149.7
113126.7
113132.7
113110
113114.4
113092.1
113132.7
113110
113114.4
113092.1
113149.7
113126.7
113149.7
113126.7
113132.7
113110
113149.7
113126.7
113132.7
113110
113114.4
113092.1
113149.7
113126.7
113114.4
113092.1
113132.7
113110
113149.7
113126.7
113149.7
113126.7
113132.7
113110
113132.7
113110
113114.4
113092.1
113114.4
113092.1
113182.9
113159.4
113166.7
113143.4
113147.8
113123.8
113169.2
113145.6
113141.4
113118.4
113132
113108.9
113143.4
113108.9
113123.8
113118.4
113159.4
113145.6
113147.8
113123.8
113132
113108.9
113145.6
113141.4
113118.4
113159.4
113166.7
113143.4
113147.8
113123.8
113169.2
113145.6
113132
113108.9
113141.4
113118.4
113182.9
113159.4
113166.7
113143.4
113147.8
113123.8
113132
113108.9
113182.9
113159.4
113169.2
113145.6
113141.4
113118.4
113166.7
113143.4
113147.8
113123.8
113169.2
113145.6
113132
113108.9
113141.4
113118.4
113166.7
113143.4
113182.9
113159.4
113367.3
113392.2
113271.8
113271.8
113367.3
113230.6
113392.2
113367.3
113271.8
113367.3
113230.6
113271.8
113389.1
113367.3
113295.1
113271.8
113389.1
113367.3
113412.8
113392.2
113254.2
113230.6
113295.1
113271.8
113254.2
113230.6
113295.1
113271.8
113295.1
113271.8
113389.1
113367.3
113389.1
113367.3
113412.8
113392.2
113389.1
113367.3
113295.1
113271.8
113412.8
113392.2
113389.1
113367.3
113254.2
113230.6
113295.1
113271.8
113295.1
113271.8
113254.2
113230.6
113389.1
113367.3
113295.1
113271.8
113389.1
113367.3
113412.8
113392.2
113241.6
113309.9
113169.4
113253.3
113143.7
113174.5
113143.7
113169.4
113241.6
113309.9
113253.3
113174.5
113265.4
113241.6
113193.1
113169.5
113333.2
113309.9
113276.9
113253.3
113167
113143.7
113198.2
113174.5
113167
113143.7
113265.4
113241.6
113198.2
113174.5
113276.9
113253.3
113333.2
113309.9
113193.1
113169.4
113167
113143.7
113198.2
113174.5
113276.9
113253.3
113193.1
113169.4
113333.2
113309.9
113265.4
113241.6
113167
113143.7
113198.2
113174.5
113193.1
113169.4
113276.9
113253.3
113265.4
113241.6
113333.2
113309.9
113151.6
113128.7
113179.8
113192.3
113120.4
113098.1
113150.8
113107.3
113179.8
113128.7
113150.8
113107.3
113098.1
113192.3
113203.4
113179.8
113215.9
113192.3
113174.2
113150.8
113151.6
113128.7
113129.8
113107.3
113120.4
113098.1
113151.6
113128.7
113215.9
113192.3
113120.4
113098.1
113129.8
113107.3
113174.2
113150.8
113203.4
113179.8
113129.8
113107.3
113174.2
113150.8
113151.6
113128.7
113203.4
113179.8
113120.4
113098.1
113215.9
113192.3
113151.6
113128.7
113120.4
113098.1
113203.4
113179.8
113129.8
113107.3
113174.2
113150.8
113215.9
113192.3
113203.4
113179.8
113129.8
113107.3
113151.6
113128.7
113174.2
113150.8
113215.9
113192.3
113120.4
113098.1
113107.3
113150.8
113192.3
113098.1
113179.8
113128.7
113151.6
113128.7
113203.4
113179.8
113120.4
113098.1
113215.9
113192.3
113129.8
113107.3
113174.2
113150.8
113120.4
113098.1
113151.6
113128.7
113129.8
113107.3
113174.2
113150.8
113203.4
113179.8
113215.9
113192.3
113174.2
113150.8
113215.9
113192.3
113129.8
113107.3
113203.4
113179.8
113120.4
113098.1
113151.6
113128.7
113151.6
113128.7
113120.4
113098.1
113203.4
113179.8
113215.9
113192.3
113174.2
113150.8
113129.8
113107.3
113333.2
113309.9
113167
113143.7
113198.2
113174.5
113276.9
113253.3
113193.1
113169.5
113265.4
113241.6
113253.3
113174.5
113241.6
113309.9
113143.7
113169.4
113241.6
113309.9
113169.4
113253.3
113143.7
113174.5
113333.2
113309.9
113193.1
113169.4
113198.2
113174.5
113276.9
113253.3
113265.4
113241.6
113167
113143.7
113193.1
113169.4
113167
113143.7
113198.2
113174.5
113265.4
113241.6
113333.2
113309.9
113276.9
113253.3
113276.9
113253.3
113198.2
113174.5
113167
113143.7
113333.2
113309.9
113265.4
113241.6
113193.1
113169.4
113585.5
113624.6
113499.6
113499.6
113585.5
113458.7
113585.5
113624.6
113499.6
113585.5
113499.6
113458.7
113598.6
113585.5
113598.6
113585.5
113516.4
113499.6
113635.8
113624.6
113516.4
113499.6
113476.8
113458.7
113476.8
113458.7
113635.8
113624.6
113516.4
113499.6
113516.4
113499.6
113598.6
113585.5
113598.6
113585.5
113635.8
113624.6
113598.6
113585.5
113516.4
113499.6
113598.6
113585.5
113516.4
113499.6
113476.8
113458.7
113598.6
113585.5
113635.8
113624.6
113598.6
113585.5
113516.4
113499.6
113476.8
113458.7
113516.4
113499.6
113825.9
113825.9
113825.9
113825.9
113825.9
113825.9
113825.9
113825.9
113825.9
113825.9
113825.9
113825.9
113825.9
113825.9
113825.9
113825.9
113825.9
113825.9
113825.9
113825.9
113825.9
113825.9
113825.9
113825.9
113825.9
113825.9
113825.9
113825.9
113825.9
113825.9
113825.9
113825.9
113825.9
113825.9
113825.9
113825.9
113825.9
113825.9
113825.9
113825.9
113825.9
113825.9
113825.9
113825.9
113825.9
113825.9
113825.9
113825.9
113825.9
113825.9
113825.9
113825.9
113825.9
113825.9
113825.9
113825.9
113825.9
113825.9
113825.9
113825.9
113302.5
113271
113408.2
113455.3
113477.1
113343.7
113455.3
113343.7
113477.1
113408.2
113302.5
113271
113325.4
113302.5
113294.1
113271
113429
113408.2
113365.6
113343.7
113495.5
113477.1
113474.3
113455.3
113429
113408.2
113495.5
113477.1
113474.3
113455.3
113325.4
113302.5
113294.1
113271
113365.6
113343.7
113495.5
113477.1
113365.6
113343.7
113429
113408.2
113325.3
113302.5
113474.3
113455.3
113294.1
113271
113325.4
113302.5
113294.1
113271
113429
113408.2
113365.6
113343.7
113495.5
113477.1
113474.3
113455.3
113353
113330.8
113434.1
113434.1
113242.5
113265.9
113242.5
113330.8
113434.1
113330.8
113242.5
113330.8
113434.1
113242.5
113265.9
113242.5
113353
113330.8
113353
113330.8
113265.9
113242.5
113453.9
113434.1
113453.9
113434.1
113453.9
113434.1
113353.1
113330.8
113453.9
113434.1
113353.1
113330.8
113265.9
113242.5
113265.9
113242.5
113453.9
113434.1
113353.1
113330.8
113453.9
113434.1
113265.9
113242.5
113353
113330.8
113265.9
113242.5
113453.9
113434.1
113453.9
113434.1
113353.1
113330.8
113353.1
113330.8
113265.9
113242.5
113265.9
113242.5
113429
113408.2
113325.4
113302.5
113495.5
113477.1
113294.1
113271
113474.3
113455.3
113365.6
113343.7
113271
113302.5
113343.7
113408.2
113455.3
113477.1
113477.1
113455.3
113343.7
113408.2
113271
113302.5
113294.1
113271
113365.6
113343.7
113474.3
113455.3
113429
113408.2
113325.4
113302.5
113495.5
113477.1
113294.1
113271
113325.4
113302.5
113365.6
113343.7
113429
113408.2
113474.3
113455.3
113495.5
113477.1
113495.5
113477.1
113474.3
113455.3
113429
113408.2
113325.4
113302.5
113294.1
113271
113365.6
113343.7
113825.9
113825.9
113825.9
113825.9
113825.9
113825.9
113825.9
113825.9
113825.9
113825.9
113825.9
113825.9
113825.9
113825.9
113825.9
113825.9
113825.9
113825.9
113825.9
113825.9
113825.9
113825.9
113825.9
113825.9
113825.9
113825.9
113825.9
113825.9
113825.9
113825.9
113825.9
113825.9
113825.9
113825.9
113825.9
113825.9
113825.9
113825.9
113825.9
113825.9
113825.9
113825.9
113825.9
113825.9
113825.9
113825.9
113825.9
113825.9
113825.9
113825.9
113825.9
113825.9
113825.9
113825.9
113825.9
113825.9
113825.9
113825.9
113825.9
113825.9
113825.9
113825.9
113825.9
113825.9
113825.9
113825.9
113825.9
113825.9
113825.9
113825.9
113825.9
113825.9
113825.9
113825.9
113825.9
113825.9
113825.9
113825.9
113825.9
113825.9
113825.9
113825.9
113825.9
113825.9
113825.9
113825.9
113825.9
113825.9
113825.9
113825.9
113825.9
113825.9
113825.9
113825.9
113825.9
113825.9
113825.9
113825.9
113825.9
113825.9
113825.9
113825.9
113825.9
113825.9
113825.9
113825.9
113825.9
113825.9
113825.9
113825.9
113825.9
113825.9
113825.9
113825.9
113825.9
113825.9
113825.9
113825.9
113825.9
113825.9
113825.9
113825.9
113825.9
113825.9
113825.9
113825.9
113825.9
113825.9
113825.9
113825.9
113825.9
113825.9
113825.9
113825.9
113825.9
113825.9
113825.9
113825.9
113825.9
113825.9
113825.9
113825.9
113825.9
113825.9
113825.9
113825.9
113825.9
113825.9
113825.9
113825.9
113825.9
113825.9
113825.9
113825.9
113825.9
113825.9
113825.9
113825.9
113825.9
113825.9
113825.9
113825.9
113825.9
113825.9
113825.9
113825.9
113825.9
113825.9
113825.9
113825.9
113825.9
113825.9
113825.9
113825.9
113825.9
113825.9
113825.9
113825.9
113825.9
113825.9
113825.9
113825.9
113825.9
113825.9
113825.9
113825.9
113825.9
113825.9
113825.9
113825.9
113825.9
113825.9
113825.9
113825.9
113825.9
113825.9
113825.9
113825.9
113825.9
113825.9
113825.9
113825.9
113825.9
113825.9
113825.9
113825.9
113825.9
113825.9
113825.9
113825.9
113825.9
113825.9
113825.9
113825.9
113825.9
113825.9
113825.9
113825.9
113825.9
113825.9
113825.9
113825.9
113825.9
113825.9
113825.9
113825.9
113825.9
113825.9
113825.9
113825.9
113825.9
113825.9
113825.9
113825.9
113825.9
113825.9
113825.9
113825.9
113825.9
113825.9
113825.9
113825.9
113825.9
113825.9
113825.9
113825.9
113825.9
113825.9
113825.9
113825.9
113825.9
113825.9
113825.9
113825.9
113825.9
113825.9
113825.9
113825.9
113825.9
113825.9
113825.9
113825.9
113825.9
113825.9
113825.9
113825.9
113825.9
113825.9
113825.9
113825.9
113825.9
113825.9
113825.9
113825.9
113825.9
113825.9
113825.9
113825.9
113825.9
113825.9
113825.9
113825.9
113825.9
113825.9
113825.9
113825.9
113825.9
113825.9
113825.9
113825.9
113825.9
113825.9
113825.9
113825.9
113825.9
113825.9
113825.9
113825.9
113825.9
113825.9
113825.9
113825.9
113825.9
113825.9
113825.9
113825.9
113825.9
113825.9
113825.9
113825.9
113825.9
113825.9
113825.9
113825.9
113825.9
113825.9
113825.9
113825.9
113825.9
113825.9
113825.9
113825.9
113825.9
113825.9
113825.9
113825.9
113825.9
113825.9
113825.9
113825.9
113825.9
113825.9
113825.9
113825.9
113825.9
113825.9
113825.9
113825.9
113825.9
113825.9
113825.9
113825.9
113825.9
113825.9
113825.9
113825.9
113825.9
113825.9
113825.9
113825.9
113825.9
113825.9
113825.9
113825.9
113825.9
113825.9
113825.9
113825.9
113825.9
113825.9
113825.9
113825.9
113825.9
113825.9
113825.9
113825.9
113825.9
113825.9
113825.9
113825.9
113825.9
113825.9
113825.9
113825.9
113825.9
113825.9
113825.9
113825.9
113825.9
113825.9
113825.9
113825.9
113825.9
113825.9
113825.9
113825.9
113825.9
113825.9
113825.9
113825.9
113825.9
113825.9
113825.9
113825.9
113825.9
113825.9
113825.9
113825.9
113825.9
113825.9
113825.9
113825.9
113825.9
113825.9
113825.9
113825.9
113825.9
113825.9
113825.9
113825.9
113825.9
113825.9
113825.9
113825.9
113825.9
113825.9
113825.9
113825.9
113825.9
113825.9
113825.9
113825.9
113825.9
113825.9
113825.9
113825.9
113825.9
113825.9
113825.9
113825.9
113825.9
113825.9
113825.9
113825.9
113825.9
113825.9
113825.9
113825.9
113825.9
113825.9
113825.9
113825.9
113825.9
113825.9
113825.9
113825.9
113825.9
113825.9
113825.9
113825.9
113825.9
113825.9
113825.9
113825.9
113825.9
113825.9
113825.9
113825.9
113825.9
113825.9
113825.9
113825.9
113825.9
113825.9
113825.9
113825.9
113825.9
113825.9
113825.9
113825.9
113825.9
113825.9
113825.9
113825.9
113825.9
113825.9
)
;

boundaryField
{
    top
    {
        type            zeroGradient;
    }
    bottom
    {
        type            zeroGradient;
    }
    walls
    {
        type            zeroGradient;
    }
    baffle0
    {
        type            zeroGradient;
    }
    baffle1
    {
        type            zeroGradient;
    }
    procBoundary3to2
    {
        type            processor;
        value           nonuniform List<scalar> 
1032
(
113825.9
113825.9
113825.9
113825.9
113825.9
113825.9
113081.5
113081.5
113094.1
113084.7
113084.7
113082.3
113081.5
113094.1
113084.7
113082.3
113084.7
113081.5
113094.1
113084.7
113081.5
113084.7
113082.3
113081.5
113081.5
113094.1
113084.7
113081.5
113082.3
113084.7
113081.5
113084.7
113081.5
113082.3
113094.1
113084.7
113094.1
113084.7
113082.3
113084.7
113081.5
113081.5
113096.8
113136.7
113116.6
113089.9
113096.8
113116.6
113136.7
113096.8
113096.8
113116.7
113116.7
113089.9
113089.9
113096.8
113096.8
113116.6
113116.6
113136.7
113116.6
113116.6
113096.8
113096.8
113136.7
113089.9
113096.8
113089.9
113096.8
113116.6
113116.6
113136.7
113089.9
113096.8
113136.7
113096.8
113116.6
113116.6
113090.8
113083.2
113083.2
113090.8
113098.5
113098.5
113090.8
113098.5
113083.2
113098.5
113083.2
113090.8
113083.2
113083.2
113090.8
113090.8
113098.5
113098.5
113090.8
113098.5
113083.2
113098.5
113083.2
113090.8
113083.2
113090.8
113098.5
113090.8
113083.2
113098.5
113083.2
113083.2
113090.8
113098.5
113090.8
113098.5
113825.9
113825.9
113825.9
113825.9
113825.9
113825.9
113825.9
113825.9
113825.9
113825.9
113825.9
113825.9
113825.9
113825.9
113825.9
113825.9
113825.9
113825.9
113825.9
113825.9
113825.9
113825.9
113825.9
113825.9
113825.9
113825.9
113825.9
113825.9
113825.9
113825.9
113825.9
113825.9
113825.9
113825.9
113825.9
113825.9
113825.9
113825.9
113825.9
113825.9
113124.3
113151.3
113112.8
113122.4
113150.6
113138.8
113102.9
113102.9
113114.1
113114.1
113151.2
113122.4
113112.8
113124.3
113122.4
113112.8
113138.8
113151.3
113124.3
113150.6
113112.8
113122.4
113124.3
113138.8
113151.3
113150.6
113112.8
113151.3
113138.8
113150.6
113124.3
113122.4
113138.8
113112.8
113124.3
113122.4
113150.6
113151.3
113138.8
113112.8
113122.4
113124.3
113150.6
113151.3
113151.3
113114.1
113114.1
113124.3
113112.8
113102.9
113102.9
113122.4
113138.8
113122.4
113112.8
113150.6
113151.3
113124.3
113138.8
113151.3
113150.6
113124.3
113122.4
113112.8
113138.8
113112.8
113124.3
113151.3
113122.4
113150.6
113112.8
113124.3
113151.3
113122.4
113150.6
113138.8
113247.6
113223.4
113169.8
113184.6
113184.6
113223.4
113223.4
113184.6
113223.4
113247.6
113169.8
113184.6
113260.1
113207.3
113221.8
113283.8
113260.1
113221.8
113260.1
113207.3
113283.8
113221.8
113221.8
113260.1
113207.3
113260.1
113221.8
113221.8
113260.1
113283.8
113283.8
113221.8
113260.1
113260.1
113207.3
113221.8
113168.9
113147.8
113182.9
113178.2
113166.7
113166.7
113147.8
113169.2
113141.4
113182.9
113166.7
113132
113147.8
113169.2
113178.3
113185.2
113220
113168.9
113206.5
113203.7
113178.2
113206.5
113220
113168.9
113203.7
113185.2
113185.2
113168.9
113206.5
113178.3
113220
113203.7
113185.2
113168.9
113220
113206.5
113178.3
113203.7
113186.6
113169.4
113150.7
113169.4
113186.6
113150.7
113149.7
113149.7
113132.7
113132.7
113114.4
113114.4
113169.4
113186.6
113150.7
113150.7
113186.6
113169.4
113150.7
113169.4
113150.7
113186.6
113186.6
113169.4
113186.5
113169.4
113150.7
113186.5
113150.7
113169.4
113186.5
113186.5
113169.4
113169.4
113150.7
113150.7
113220
113203.7
113185.2
113206.5
113178.3
113168.9
113166.7
113132
113147.8
113141.4
113182.9
113169.2
113185.2
113169.2
113168.9
113169.2
113178.2
113182.9
113182.9
113203.7
113185.2
113206.5
113168.9
113178.2
113220
113203.7
113185.2
113168.9
113220
113206.5
113178.3
113203.7
113185.2
113206.5
113168.9
113178.3
113203.7
113220
113389.1
113412.8
113295.1
113295.1
113389.1
113254.2
113412.8
113389.1
113295.1
113389.1
113254.2
113295.1
113420.4
113330.1
113420.4
113442.8
113290.3
113330.1
113290.3
113330.1
113330.1
113420.4
113420.4
113442.8
113420.4
113330.1
113442.8
113420.4
113290.3
113330.1
113330.1
113290.4
113420.4
113330.1
113420.4
113442.8
113265.4
113333.2
113193.1
113276.9
113167
113198.2
113167
113193.1
113265.4
113333.2
113276.9
113198.2
113301.3
113230.2
113367.1
113312.6
113204.1
113235.2
113204.1
113301.3
113235.2
113312.6
113367.1
113230.2
113204.1
113235.2
113312.6
113230.2
113367.1
113301.3
113204.1
113235.2
113230.2
113312.6
113301.3
113367.1
113188.6
113203.4
113203.4
113215.9
113156.7
113129.8
113174.2
113129.8
113203.4
113151.6
113174.2
113129.8
113120.4
113215.9
113240.3
113252.8
113211.3
113188.6
113166.4
113156.7
113188.6
113252.8
113156.7
113166.4
113211.3
113240.3
113166.4
113211.3
113188.6
113240.3
113156.7
113252.8
113188.6
113156.7
113240.3
113166.4
113211.3
113252.8
113240.3
113166.4
113188.6
113211.3
113252.8
113156.7
113129.8
113174.2
113215.9
113120.4
113203.4
113151.6
113188.6
113240.3
113156.7
113252.8
113166.4
113211.3
113156.7
113188.6
113166.4
113211.3
113240.3
113252.8
113211.3
113252.8
113166.4
113240.3
113156.7
113188.6
113188.6
113156.7
113240.3
113252.8
113211.3
113166.4
113367.1
113204.1
113235.2
113312.6
113230.2
113301.3
113276.9
113198.2
113265.4
113333.2
113167
113193.1
113265.4
113333.2
113193.1
113276.9
113167
113198.2
113367.1
113230.2
113235.2
113312.6
113301.3
113204.1
113230.2
113204.1
113235.2
113301.3
113367.1
113312.6
113312.6
113235.2
113204.1
113367.1
113301.3
113230.2
113598.6
113635.8
113516.4
113516.4
113598.6
113476.8
113598.6
113635.8
113516.4
113598.6
113516.4
113476.8
113616.8
113616.8
113540.4
113651.3
113540.4
113503.1
113503.1
113651.3
113540.4
113540.4
113616.8
113616.8
113651.3
113616.8
113540.4
113616.8
113540.4
113503.1
113616.8
113651.3
113616.8
113540.4
113503.1
113540.4
113825.9
113825.9
113825.9
113825.9
113825.9
113825.9
113825.9
113825.9
113825.9
113825.9
113825.9
113825.9
113825.9
113825.9
113825.9
113825.9
113825.9
113825.9
113825.9
113825.9
113825.9
113825.9
113825.9
113825.9
113825.9
113825.9
113825.9
113825.9
113825.9
113825.9
113825.9
113825.9
113825.9
113825.9
113825.9
113825.9
113325.4
113294.1
113429
113474.3
113495.5
113365.6
113474.3
113365.6
113495.5
113429
113325.4
113294.1
113359.3
113329.1
113458.3
113397.9
113520.8
113500.9
113458.3
113520.8
113500.9
113359.3
113329.1
113397.9
113520.8
113397.9
113458.3
113359.3
113500.9
113329.1
113359.3
113329.1
113458.3
113397.9
113520.8
113500.9
113385.8
113453.9
113453.9
113453.9
113265.9
113265.9
113301.7
113353
113453.9
113353.1
113265.9
113353
113453.9
113265.9
113301.7
113385.9
113385.9
113301.7
113481.6
113481.6
113481.7
113385.9
113481.7
113385.9
113301.7
113301.7
113481.7
113385.9
113481.6
113301.7
113385.9
113301.7
113481.6
113481.6
113385.9
113385.9
113301.7
113301.7
113458.3
113359.3
113520.8
113329.1
113500.9
113397.9
113294.1
113325.4
113365.6
113429
113474.3
113495.5
113495.5
113474.3
113365.6
113429
113294.1
113325.4
113329.1
113397.9
113500.9
113458.3
113359.3
113520.8
113329.1
113359.3
113397.9
113458.3
113500.9
113520.8
113520.8
113500.9
113458.3
113359.3
113329.1
113397.9
113825.9
113825.9
113825.9
113825.9
113825.9
113825.9
113825.9
113825.9
113825.9
113825.9
113825.9
113825.9
113825.9
113825.9
113825.9
113825.9
113825.9
113825.9
113825.9
113825.9
113825.9
113825.9
113825.9
113825.9
113825.9
113825.9
113825.9
113825.9
113825.9
113825.9
113825.9
113825.9
113825.9
113825.9
113825.9
113825.9
113825.9
113825.9
113825.9
113825.9
113825.9
113825.9
113825.9
113825.9
113825.9
113825.9
113825.9
113825.9
113825.9
113825.9
113825.9
113825.9
113825.9
113825.9
113825.9
113825.9
113825.9
113825.9
113825.9
113825.9
113825.9
113825.9
113825.9
113825.9
113825.9
113825.9
113825.9
113825.9
113825.9
113825.9
113825.9
113825.9
113825.9
113825.9
113825.9
113825.9
113825.9
113825.9
113825.9
113825.9
113825.9
113825.9
113825.9
113825.9
113825.9
113825.9
113825.9
113825.9
113825.9
113825.9
113825.9
113825.9
113825.9
113825.9
113825.9
113825.9
113825.9
113825.9
113825.9
113825.9
113825.9
113825.9
113825.9
113825.9
113825.9
113825.9
113825.9
113825.9
113825.9
113825.9
113825.9
113825.9
113825.9
113825.9
113825.9
113825.9
113825.9
113825.9
113825.9
113825.9
113825.9
113825.9
113825.9
113825.9
113825.9
113825.9
113825.9
113825.9
113825.9
113825.9
113825.9
113825.9
113825.9
113825.9
113825.9
113825.9
113825.9
113825.9
113825.9
113825.9
113825.9
113825.9
113825.9
113825.9
113825.9
113825.9
113825.9
113825.9
113825.9
113825.9
113825.9
113825.9
113825.9
113825.9
113825.9
113825.9
113825.9
113825.9
113825.9
113825.9
113825.9
113825.9
113825.9
113825.9
113825.9
113825.9
113825.9
113825.9
113825.9
113825.9
113825.9
113825.9
113825.9
113825.9
113825.9
113825.9
113825.9
113825.9
113825.9
113825.9
113825.9
113825.9
113825.9
113825.9
113825.9
113825.9
113825.9
113825.9
113825.9
113825.9
113825.9
113825.9
113825.9
113825.9
113825.9
113825.9
113825.9
113825.9
113825.9
113825.9
113825.9
113825.9
113825.9
113825.9
113825.9
113825.9
113825.9
113825.9
113825.9
113825.9
113825.9
113825.9
113825.9
113825.9
113825.9
113825.9
113825.9
113825.9
113825.9
113825.9
113825.9
113825.9
113825.9
113825.9
113825.9
113825.9
113825.9
113825.9
113825.9
113825.9
113825.9
113825.9
113825.9
113825.9
113825.9
113825.9
113825.9
113825.9
113825.9
113825.9
113825.9
113825.9
113825.9
113825.9
113825.9
113825.9
113825.9
113825.9
113825.9
113825.9
113825.9
113825.9
113825.9
113825.9
113825.9
113825.9
113825.9
113825.9
113825.9
113825.9
113825.9
113825.9
113825.9
113825.9
113825.9
113825.9
113825.9
113825.9
113825.9
113825.9
113825.9
113825.9
113825.9
113825.9
113825.9
113825.9
113825.9
113825.9
113825.9
113825.9
113825.9
113825.9
113825.9
113825.9
113825.9
113825.9
113825.9
113825.9
113825.9
113825.9
)
;
    }
}


// ************************************************************************* //
