/*--------------------------------*- C++ -*----------------------------------*\
|       ______          _   __           ______                               |
|      / ____/  ___    / | / /          / ____/  ____   ____ _   ____ ___     |
|     / / __   / _ \  /  |/ /  ______  / /_     / __ \ / __ `/  / __ `__ \    |
|    / /_/ /  /  __/ / /|  /  /_____/ / __/    / /_/ // /_/ /  / / / / / /    |
|    \____/   \___/ /_/ |_/          /_/       \____/ \__,_/  /_/ /_/ /_/     |
|    Copyright (C) 2015 - 2022 EPFL                                           |
\*---------------------------------------------------------------------------*/
FoamFile
{
    version     2.0;
    format      ascii;
    arch        "LSB;label=32;scalar=64";
    note        "nPoints:1484  nCells:630  nFaces:2631  nInternalFaces:1149";
    class       labelList;
    location    "constant/solid/polyMesh";
    object      neighbour;
}
// * * * * * * * * * * * * * * * * * * * * * * * * * * * * * * * * * * * * * //


1149
(
1
105
2
106
3
107
4
108
5
109
6
110
7
111
8
112
9
113
10
114
11
115
12
116
13
117
14
118
15
119
16
120
17
121
18
122
19
123
20
124
21
125
22
126
23
127
24
128
25
129
26
130
27
131
28
132
29
133
30
134
31
135
32
136
33
137
34
138
35
139
36
140
37
141
38
142
39
143
40
144
41
145
42
146
43
147
44
148
45
149
46
150
47
151
48
152
49
153
50
154
51
155
52
156
53
157
54
158
55
159
56
160
57
161
58
162
59
163
60
164
61
165
62
166
63
167
64
168
65
169
66
170
67
171
68
172
69
173
70
174
71
175
72
176
73
177
74
178
75
179
76
180
77
181
78
182
79
183
80
184
81
185
82
186
83
187
84
188
85
189
86
190
87
191
88
192
89
193
90
194
91
195
92
196
93
197
94
198
95
199
96
200
97
201
98
202
99
203
100
204
101
205
102
206
103
207
104
208
209
106
210
107
211
108
212
109
213
110
214
111
215
112
216
113
217
114
218
115
219
116
220
117
221
118
222
119
223
120
224
121
225
122
226
123
227
124
228
125
229
126
230
127
231
128
232
129
233
130
234
131
235
132
236
133
237
134
238
135
239
136
240
137
241
138
242
139
243
140
244
141
245
142
246
143
247
144
248
145
249
146
250
147
251
148
252
149
253
150
254
151
255
152
256
153
257
154
258
155
259
156
260
157
261
158
262
159
263
160
264
161
265
162
266
163
267
164
268
165
269
166
270
167
271
168
272
169
273
170
274
171
275
172
276
173
277
174
278
175
279
176
280
177
281
178
282
179
283
180
284
181
285
182
286
183
287
184
288
185
289
186
290
187
291
188
292
189
293
190
294
191
295
192
296
193
297
194
298
195
299
196
300
197
301
198
302
199
303
200
304
201
305
202
306
203
307
204
308
205
309
206
310
207
311
208
312
209
313
314
211
315
212
316
213
317
214
318
215
319
216
320
217
321
218
322
219
323
220
324
221
325
222
326
223
327
224
328
225
329
226
330
227
331
228
332
229
333
230
334
231
335
232
336
233
337
234
338
235
339
236
340
237
341
238
342
239
343
240
344
241
345
242
346
243
347
244
348
245
349
246
350
247
351
248
352
249
353
250
354
251
355
252
356
253
357
254
358
255
359
256
360
257
361
258
362
259
363
260
364
261
365
262
366
263
367
264
368
265
369
266
370
267
371
268
372
269
373
270
374
271
375
272
376
273
377
274
378
275
379
276
380
277
381
278
382
279
383
280
384
281
385
282
386
283
387
284
388
285
389
286
390
287
391
288
392
289
393
290
394
291
395
292
396
293
397
294
398
295
399
296
400
297
401
298
402
299
403
300
404
301
405
302
406
303
407
304
408
305
409
306
410
307
411
308
412
309
413
310
414
311
415
312
416
313
417
314
418
419
316
420
317
421
318
422
319
423
320
424
321
425
322
426
323
427
324
428
325
429
326
430
327
431
328
432
329
433
330
434
331
435
332
436
333
437
334
438
335
439
336
440
337
441
338
442
339
443
340
444
341
445
342
446
343
447
344
448
345
449
346
450
347
451
348
452
349
453
350
454
351
455
352
456
353
457
354
458
355
459
356
460
357
461
358
462
359
463
360
464
361
465
362
466
363
467
364
468
365
469
366
470
367
471
368
472
369
473
370
474
371
475
372
476
373
477
374
478
375
479
376
480
377
481
378
482
379
483
380
484
381
485
382
486
383
487
384
488
385
489
386
490
387
491
388
492
389
493
390
494
391
495
392
496
393
497
394
498
395
499
396
500
397
501
398
502
399
503
400
504
401
505
402
506
403
507
404
508
405
509
406
510
407
511
408
512
409
513
410
514
411
515
412
516
413
517
414
518
415
519
416
520
417
521
418
522
419
523
524
421
525
422
526
423
527
424
528
425
529
426
530
427
531
428
532
429
533
430
534
431
535
432
536
433
537
434
538
435
539
436
540
437
541
438
542
439
543
440
544
441
545
442
546
443
547
444
548
445
549
446
550
447
551
448
552
449
553
450
554
451
555
452
556
453
557
454
558
455
559
456
560
457
561
458
562
459
563
460
564
461
565
462
566
463
567
464
568
465
569
466
570
467
571
468
572
469
573
470
574
471
575
472
576
473
577
474
578
475
579
476
580
477
581
478
582
479
583
480
584
481
585
482
586
483
587
484
588
485
589
486
590
487
591
488
592
489
593
490
594
491
595
492
596
493
597
494
598
495
599
496
600
497
601
498
602
499
603
500
604
501
605
502
606
503
607
504
608
505
609
506
610
507
611
508
612
509
613
510
614
511
615
512
616
513
617
514
618
515
619
516
620
517
621
518
622
519
623
520
624
521
625
522
626
523
627
524
628
629
526
527
528
529
530
531
532
533
534
535
536
537
538
539
540
541
542
543
544
545
546
547
548
549
550
551
552
553
554
555
556
557
558
559
560
561
562
563
564
565
566
567
568
569
570
571
572
573
574
575
576
577
578
579
580
581
582
583
584
585
586
587
588
589
590
591
592
593
594
595
596
597
598
599
600
601
602
603
604
605
606
607
608
609
610
611
612
613
614
615
616
617
618
619
620
621
622
623
624
625
626
627
628
629
)


// ************************************************************************* //
