/*--------------------------------*- C++ -*----------------------------------*\
| =========                 |                                                 |
| \\      /  F ield         | OpenFOAM: The Open Source CFD Toolbox           |
|  \\    /   O peration     | Version:  2412                                  |
|   \\  /    A nd           | Website:  www.openfoam.com                      |
|    \\/     M anipulation  |                                                 |
\*---------------------------------------------------------------------------*/
FoamFile
{
    version     2.0;
    format      ascii;
    arch        "LSB;label=32;scalar=64";
    class       volScalarField;
    location    "100/fluidRegion";
    object      T;
}
// * * * * * * * * * * * * * * * * * * * * * * * * * * * * * * * * * * * * * //

dimensions      [0 0 0 1 0 0 0];

internalField   nonuniform List<scalar> 
5831
(
667.9924
667.9916
667.9924
667.9916
667.9924
667.9916
667.9908
667.9924
667.9916
667.9908
667.9924
667.9916
667.9908
667.9924
667.9916
684.5238
705.6166
730.1532
684.5238
705.6166
730.1531
684.1196
704.547
728.2722
684.4286
705.3426
729.6567
684.4286
705.3426
729.6567
684.4888
705.5427
730.0343
684.5238
705.6166
730.1532
684.1196
704.5471
728.2722
684.4286
705.3427
729.6567
684.4888
705.5427
730.0343
684.4286
705.3427
729.6567
684.5238
705.6166
730.1532
684.1197
704.5471
684.4286
705.3427
684.5238
705.6166
730.1532
684.4286
705.3427
729.6567
684.4888
705.5428
684.5238
705.6166
684.5238
705.6166
684.1197
704.5471
684.4286
705.3427
684.5238
705.6166
684.4888
705.5428
684.4286
705.3427
684.5238
705.6166
684.4286
705.3427
684.5238
705.6166
684.4888
705.5428
684.1197
704.5471
684.4286
705.3427
684.1196
704.547
728.2722
684.4286
705.3426
684.4888
705.5427
730.0343
684.4286
705.3426
729.6567
684.5238
705.6166
684.5238
705.6166
730.1532
683.9761
704.3157
727.942
682.7944
701.341
722.7762
683.3499
702.7685
725.2724
684.2138
704.8898
728.9242
683.9761
704.3157
727.942
683.3499
702.7685
725.2724
682.7944
701.341
722.7763
683.9761
704.3157
727.942
683.9761
704.3157
727.942
683.3499
702.7685
725.2724
683.3499
702.7685
725.2724
684.2138
704.8898
728.9242
684.2138
704.8899
683.9761
704.3158
683.9761
704.3158
727.9421
683.3499
702.7685
683.3499
702.7685
725.2724
682.7945
701.341
683.3499
702.7685
683.3499
702.7685
683.9761
704.3158
683.9761
704.3158
682.7945
701.341
684.2138
704.8899
683.9761
704.3158
684.2138
704.8899
683.9761
704.3158
683.3499
702.7685
683.3499
702.7685
682.7945
701.341
684.2138
704.8898
728.9242
683.9761
704.3157
727.942
682.7944
701.341
722.7763
683.9761
704.3157
683.3499
702.7685
725.2724
683.3499
702.7685
684.1634
704.7916
728.7773
684.445
705.4529
729.8939
684.445
705.4529
729.8939
684.1634
704.7916
728.7773
683.8699
704.1152
727.6494
683.8699
704.1152
727.6494
684.1634
704.7916
728.7774
683.8699
704.1152
727.6494
684.445
705.4529
729.8939
683.8699
704.1152
727.6494
684.445
705.4529
729.8939
684.1634
704.7916
728.7773
684.445
705.4529
729.8939
684.445
705.4529
729.894
684.1634
704.7916
728.7774
684.1634
704.7916
728.7774
683.8699
704.1152
727.6495
683.8699
704.1152
727.6495
684.1634
704.7916
683.8699
704.1152
684.445
705.4529
683.8699
704.1152
684.445
705.4529
684.1634
704.7916
684.445
705.4529
684.1634
704.7916
683.8699
704.1152
684.1634
704.7916
684.445
705.4529
683.8699
704.1152
684.445
705.4529
684.445
705.4529
684.1634
704.7916
683.8699
704.1152
684.1634
704.7916
683.8699
704.1152
667.9924
667.9916
667.9908
667.9924
667.9916
667.9908
667.9924
667.9916
667.9908
667.9924
667.9916
667.9908
667.9924
667.9916
667.9908
667.9924
667.9916
667.9908
667.9924
667.9916
667.9908
667.9924
667.9916
667.9908
667.9924
667.9916
667.9908
667.9924
667.9916
667.9908
667.9924
667.9916
667.9908
667.9924
667.9916
667.9908
667.9924
667.9916
667.9924
667.9916
667.9924
667.9916
667.9924
667.9916
667.9908
667.9924
667.9916
667.9924
667.9916
667.9908
667.9924
667.9916
667.9924
667.9916
667.9924
667.9916
667.9924
667.9916
667.9924
667.9916
667.9924
667.9916
667.9924
667.9916
667.9924
667.9916
667.9924
667.9916
667.9924
667.9916
667.9924
667.9916
667.9924
667.9916
667.9924
667.9916
667.9908
667.9924
667.9916
667.9908
667.9924
667.9916
667.9924
667.9916
667.9908
667.9924
667.9916
667.9908
667.9924
667.9916
683.0762
702.1466
724.2447
682.3002
700.2254
720.9408
683.3805
702.9548
725.6855
683.0018
702.1231
724.3408
682.16
700.0813
720.8528
682.4367
700.8283
722.1956
682.4367
700.8283
722.1957
682.1601
700.0813
720.8528
682.3002
700.2254
720.9408
683.0019
702.1231
724.3408
683.3805
702.9548
725.6856
683.0762
702.1467
724.2448
683.0019
702.1231
724.3408
683.3805
702.9548
725.6856
682.4367
700.8283
722.1957
682.3002
700.2254
720.9409
683.0762
702.1467
724.2448
682.1601
700.0813
720.8528
683.3805
702.9548
683.0019
702.1232
683.0763
702.1467
682.4367
700.8284
682.3002
700.2254
682.1601
700.0814
683.3805
702.9548
682.3002
700.2254
682.4367
700.8284
682.1601
700.0814
683.0763
702.1467
683.0019
702.1232
682.4367
700.8283
683.3805
702.9548
683.0762
702.1467
683.0019
702.1231
682.1601
700.0813
682.3002
700.2254
682.4367
700.8283
722.1956
683.3805
702.9548
725.6855
683.0018
702.1231
724.3408
683.0762
702.1466
724.2447
682.16
700.0813
720.8528
682.3002
700.2254
720.9408
682.3002
700.2254
720.9408
682.16
700.0813
720.8528
683.0762
702.1466
724.2448
683.3805
702.9548
725.6856
682.4367
700.8283
722.1956
683.0019
702.1231
724.3408
682.4367
700.8283
722.1957
683.0019
702.1231
724.3408
683.3805
702.9548
725.6856
682.1601
700.0813
720.8528
682.3002
700.2254
720.9409
683.0762
702.1467
724.2448
682.4367
700.8284
682.3002
700.2254
682.1601
700.0814
683.0763
702.1467
683.0019
702.1232
683.3805
702.9548
682.4367
700.8284
683.3805
702.9548
683.0763
702.1467
682.3002
700.2254
683.0019
702.1232
682.1601
700.0814
683.3805
702.9548
683.0762
702.1467
682.3002
700.2254
683.0019
702.1231
682.1601
700.0813
682.4367
700.8283
678.2818
691.3838
706.5894
678.8968
692.7674
708.8611
680.5799
696.3287
714.5128
680.0231
695.2237
712.8245
680.0231
695.2237
712.8245
678.8968
692.7674
708.8611
678.8969
692.7675
708.8612
680.0231
695.2238
712.8246
678.8969
692.7675
708.8612
678.2819
691.3839
706.5894
680.5799
696.3288
714.5129
680.0231
695.2238
712.8246
678.8969
692.7675
708.8613
680.5799
696.3288
680.0232
695.2238
712.8247
678.2819
691.3839
678.8969
692.7675
680.0232
695.2238
678.8969
692.7675
680.5799
696.3288
678.2819
691.3839
680.0232
695.2239
680.0232
695.2239
678.8969
692.7675
680.5799
696.3288
678.8969
692.7675
680.0232
695.2238
680.0232
695.2238
678.8969
692.7675
678.2819
691.3839
678.2819
691.3838
706.5894
680.0231
695.2237
712.8246
678.8969
692.7674
708.8611
678.8969
692.7674
680.5799
696.3287
714.5128
680.0231
695.2237
681.5552
698.7235
718.6276
679.9062
695.1166
712.801
681.1112
697.8641
717.3518
680.2958
696.066
714.4358
681.2165
697.7817
716.9221
680.4362
696.1776
714.4176
681.1113
697.8641
717.3519
679.9062
695.1166
712.801
680.2959
696.066
714.4358
681.5553
698.7235
718.6277
681.2165
697.7817
716.9221
680.4362
696.1777
714.4177
681.1113
697.8641
717.3519
681.2165
697.7818
716.9222
679.9063
695.1167
712.8011
681.5553
698.7236
718.6277
680.4362
696.1777
714.4177
680.2959
696.0661
714.4359
681.1113
697.8642
680.4363
696.1778
679.9063
695.1167
681.5553
698.7236
680.2959
696.0661
681.2166
697.7818
681.2166
697.7818
681.5553
698.7236
680.4362
696.1777
681.1113
697.8642
679.9063
695.1167
680.2959
696.0661
681.2165
697.7817
681.5553
698.7235
679.9062
695.1166
680.4362
696.1777
681.1113
697.8641
680.2959
696.066
680.7106
697.0852
716.2011
681.3173
698.3939
718.29
681.9639
699.8243
720.6102
681.3173
698.3939
718.29
680.7106
697.0852
716.2011
681.9639
699.8243
720.6102
680.7106
697.0852
716.2011
680.7106
697.0852
716.2011
681.3173
698.3939
718.2901
681.3173
698.3939
718.29
681.964
699.8244
720.6103
681.964
699.8244
720.6103
681.3173
698.394
718.2901
680.7106
697.0853
716.2012
681.964
699.8244
720.6103
681.964
699.8244
720.6103
680.7106
697.0853
716.2012
681.3173
698.394
718.2901
681.964
699.8244
681.3173
698.394
681.964
699.8244
680.7106
697.0853
680.7106
697.0853
681.3173
698.394
680.7106
697.0853
681.3173
698.394
681.964
699.8244
680.7106
697.0853
681.964
699.8244
681.3173
698.394
680.7106
697.0852
680.7106
697.0852
681.3173
698.394
681.3173
698.394
681.964
699.8244
681.964
699.8244
679.9062
695.1166
712.801
680.2958
696.066
714.4358
681.2165
697.7817
716.9221
680.4362
696.1777
714.4176
681.1112
697.8641
717.3518
681.5552
698.7235
718.6276
680.2958
696.066
714.4358
681.5552
698.7235
718.6276
681.2165
697.7817
716.9221
681.1112
697.8641
717.3518
679.9062
695.1166
712.801
680.4362
696.1776
714.4176
681.2165
697.7817
716.9222
681.5553
698.7235
718.6277
680.4362
696.1777
714.4177
681.1113
697.8641
717.3519
679.9062
695.1166
712.8011
680.2959
696.066
714.4359
681.2166
697.7818
680.4362
696.1777
681.5553
698.7236
681.1113
697.8642
679.9063
695.1167
680.2959
696.0661
681.2166
697.7818
681.5553
698.7236
679.9063
695.1167
680.4363
696.1778
681.1113
697.8642
680.2959
696.0661
681.2165
697.7817
680.4362
696.1777
681.5553
698.7235
681.1113
697.8641
680.2959
696.066
679.9063
695.1166
675.3343
684.5209
695.1158
674.8709
683.4762
693.3903
677.2143
688.9101
702.461
677.2144
688.9101
702.461
675.3343
684.5209
695.1158
678.137
691.0411
706.007
674.8709
683.4762
693.3903
675.3344
684.521
695.1159
677.2144
688.9101
702.4611
675.3344
684.521
695.1159
678.1371
691.0411
706.0071
677.2144
688.9101
702.4611
675.3344
684.521
677.2144
688.9102
702.4612
675.3344
684.521
674.8709
683.4762
678.1371
691.0412
677.2144
688.9102
678.1371
691.0412
677.2144
688.9102
677.2144
688.9102
675.3344
684.521
675.3344
684.521
674.871
683.4763
675.3344
684.521
677.2144
688.9102
674.8709
683.4762
675.3344
684.521
678.1371
691.0412
677.2144
688.9102
677.2144
688.9101
702.4611
678.1371
691.0411
706.0071
675.3344
684.5209
695.1159
677.2144
688.9101
702.4611
675.3344
684.5209
695.1159
674.8709
683.4762
693.3903
677.861
690.4102
704.9701
676.4014
687.0143
699.3055
679.6345
694.4997
711.7753
677.5176
689.6854
703.8367
680.3053
696.0777
714.4369
679.3858
694.0266
711.0924
680.3053
696.0778
714.437
679.6345
694.4997
711.7754
677.861
690.4103
704.9702
676.4014
687.0144
699.3056
677.5176
689.6855
703.8368
679.3858
694.0266
711.0924
677.861
690.4103
704.9702
679.6346
694.4998
711.7754
676.4014
687.0145
699.3057
677.5176
689.6856
703.8369
680.3054
696.0778
714.4371
679.3858
694.0267
711.0925
680.3054
696.0779
677.861
690.4104
679.3859
694.0267
677.5176
689.6856
676.4015
687.0145
679.6346
694.4998
680.3054
696.0778
679.3858
694.0267
677.5176
689.6856
679.6346
694.4998
676.4015
687.0145
677.861
690.4103
680.3053
696.0778
679.3858
694.0266
679.6345
694.4997
677.5176
689.6855
677.861
690.4103
676.4014
687.0144
680.5315
696.7816
715.804
679.0941
693.4874
710.3379
678.8124
692.8065
709.1696
681.5613
699.092
719.5879
679.9623
695.4116
713.4581
681.2994
698.4562
718.4934
679.0942
693.4874
710.338
680.5315
696.7816
715.804
679.9623
695.4116
713.4582
681.2994
698.4563
718.4935
681.5613
699.092
719.588
678.8124
692.8065
709.1697
679.0942
693.4875
710.3381
678.8125
692.8066
709.1698
679.9623
695.4117
713.4583
680.5315
696.7817
715.8041
681.2994
698.4563
718.4936
681.5613
699.0921
719.5881
680.5316
696.7817
678.8125
692.8067
681.5613
699.0921
681.2994
698.4564
679.9624
695.4117
679.0942
693.4875
681.2994
698.4564
679.9623
695.4117
680.5316
696.7817
679.0942
693.4875
681.5613
699.0921
678.8125
692.8066
680.5315
696.7816
681.5613
699.092
679.0942
693.4874
681.2994
698.4563
679.9623
695.4116
678.8124
692.8066
679.0942
693.4874
710.3379
681.2994
698.4562
718.4934
680.5315
696.7816
715.804
679.9623
695.4116
713.4581
678.8124
692.8065
709.1696
681.5613
699.092
719.5879
681.2994
698.4562
718.4934
679.9623
695.4116
713.4581
678.8124
692.8065
709.1696
681.5613
699.092
719.588
679.0942
693.4874
710.3379
680.5315
696.7816
715.804
680.5315
696.7817
715.8041
679.0942
693.4875
710.338
681.5613
699.092
719.5881
678.8125
692.8066
709.1697
681.2994
698.4563
718.4935
679.9623
695.4116
713.4582
681.5613
699.0921
680.5316
696.7817
681.2994
698.4564
679.9624
695.4117
679.0942
693.4875
678.8125
692.8067
679.9624
695.4117
678.8125
692.8067
681.2994
698.4564
679.0942
693.4875
681.5613
699.0921
680.5316
696.7817
680.5315
696.7816
681.5613
699.092
679.0942
693.4875
678.8125
692.8066
679.9623
695.4116
681.2994
698.4563
676.4014
687.0144
699.3055
680.3053
696.0777
714.4369
679.3858
694.0266
711.0924
677.5176
689.6855
703.8368
679.6345
694.4997
711.7753
677.861
690.4103
704.9701
677.5176
689.6855
703.8367
679.3858
694.0266
711.0924
677.861
690.4102
704.9701
676.4014
687.0143
699.3055
680.3053
696.0777
714.4369
679.6345
694.4997
711.7753
677.861
690.4103
704.9702
676.4014
687.0144
699.3056
679.6346
694.4998
711.7754
677.5176
689.6855
703.8369
680.3054
696.0778
714.437
679.3858
694.0267
711.0925
676.4015
687.0145
679.6346
694.4998
679.3859
694.0267
677.5176
689.6856
677.861
690.4104
680.3054
696.0778
679.6346
694.4998
680.3054
696.0779
679.3859
694.0267
677.861
690.4104
676.4015
687.0145
677.5176
689.6856
677.5176
689.6855
679.3858
694.0267
680.3054
696.0778
676.4014
687.0144
677.861
690.4103
679.6346
694.4998
671.5969
676.0224
681.0815
670.9745
674.6315
678.8083
673.0184
679.2127
686.3094
673.0184
679.2127
686.3094
671.5969
676.0224
681.0815
673.7022
680.7968
688.9437
671.5969
676.0225
681.0815
670.9745
674.6315
678.8084
673.0184
679.2127
686.3095
671.5969
676.0225
681.0815
673.0184
679.2127
686.3095
673.7022
680.7969
688.9438
671.5969
676.0225
671.5969
676.0225
673.0184
679.2127
670.9745
674.6315
673.0184
679.2127
673.7022
680.7969
673.7022
680.797
670.9745
674.6316
673.0184
679.2128
673.0184
679.2128
671.5969
676.0225
671.5969
676.0225
670.9745
674.6315
671.5969
676.0225
673.0184
679.2127
671.5969
676.0225
673.0184
679.2127
673.7022
680.7969
671.5969
676.0224
681.0815
670.9745
674.6315
678.8083
671.5969
676.0224
681.0815
673.0184
679.2127
686.3094
673.7022
680.7968
688.9437
673.0184
679.2127
686.3094
667.9924
667.9916
667.9908
667.9924
667.9916
667.9908
667.9924
667.9916
667.9908
667.9924
667.9916
667.9908
667.9924
667.9916
667.9908
667.9924
667.9916
667.9908
667.9924
667.9916
667.9908
667.9924
667.9916
667.9908
667.9924
667.9916
667.9908
667.9924
667.9916
667.9908
667.9924
667.9916
667.9908
667.9924
667.9916
667.9908
667.9924
667.9916
667.9908
667.9924
667.9916
667.9908
667.9924
667.9916
667.9908
667.9924
667.9916
667.9908
667.9924
667.9916
667.9908
667.9924
667.9916
667.9908
667.9924
667.9916
667.9924
667.9916
667.9924
667.9916
667.9924
667.9916
667.9924
667.9916
667.9924
667.9916
667.9924
667.9916
667.9924
667.9916
667.9924
667.9916
667.9924
667.9916
667.9924
667.9916
667.9924
667.9916
667.9924
667.9916
667.9924
667.9916
667.9924
667.9916
667.9924
667.9916
667.9924
667.9916
667.9924
667.9916
676.4424
687.2323
699.7809
677.0261
688.6571
702.2302
674.4964
682.6582
692.0942
673.546
680.5997
688.7976
673.2456
679.8438
687.477
675.5233
685.2041
696.4996
673.546
680.5997
688.7977
675.5234
685.2042
696.4997
673.2456
679.8439
687.4771
674.4965
682.6582
692.0943
676.4424
687.2323
699.781
677.0261
688.6571
702.2303
676.4424
687.2324
699.7811
677.0262
688.6572
702.2304
674.4965
682.6583
692.0943
675.5234
685.2043
696.4998
673.2456
679.8439
687.4771
673.546
680.5998
688.7978
674.4965
682.6583
673.2456
679.8439
673.546
680.5998
676.4425
687.2324
677.0262
688.6572
675.5234
685.2043
673.2456
679.8439
675.5234
685.2043
674.4965
682.6583
676.4425
687.2324
673.546
680.5998
677.0262
688.6572
676.4424
687.2323
677.0262
688.6571
674.4965
682.6582
675.5234
685.2042
673.2456
679.8439
673.546
680.5997
675.738
685.7288
697.4059
673.8475
681.3464
690.0965
673.8475
681.3464
690.0965
677.5747
689.9913
704.5262
677.5747
689.9913
704.5262
675.738
685.7288
697.4058
673.8475
681.3464
690.0965
675.738
685.7288
697.4059
677.5747
689.9913
704.5262
675.738
685.7289
697.4059
673.8475
681.3464
690.0966
677.5747
689.9913
704.5262
677.5747
689.9914
704.5263
675.738
685.7289
697.406
675.738
685.7289
697.406
677.5747
689.9914
704.5263
673.8475
681.3465
690.0967
673.8475
681.3465
690.0967
673.8476
681.3465
675.738
685.729
673.8476
681.3465
675.738
685.729
677.5747
689.9914
677.5747
689.9914
673.8475
681.3465
675.738
685.729
673.8476
681.3465
677.5747
689.9914
675.738
685.729
677.5747
689.9914
673.8475
681.3465
673.8475
681.3465
675.738
685.7289
675.738
685.7289
677.5747
689.9913
677.5747
689.9914
674.4965
682.6582
692.0942
676.4424
687.2323
699.781
673.2456
679.8438
687.477
677.0261
688.6571
702.2302
673.546
680.5997
688.7977
675.5234
685.2042
696.4997
677.0261
688.6571
702.2302
676.4424
687.2323
699.7809
675.5234
685.2041
696.4997
674.4964
682.6582
692.0942
673.546
680.5997
688.7976
673.2456
679.8438
687.4771
673.2456
679.8439
687.4771
673.546
680.5997
688.7977
675.5234
685.2042
696.4998
674.4965
682.6583
692.0943
677.0262
688.6572
702.2303
676.4424
687.2324
699.7811
677.0262
688.6572
675.5234
685.2043
673.546
680.5998
674.4965
682.6583
676.4425
687.2324
673.2456
679.8439
677.0262
688.6572
676.4425
687.2324
675.5234
685.2043
674.4965
682.6583
673.546
680.5998
673.2456
679.8439
673.2456
679.8439
673.546
680.5997
674.4965
682.6583
676.4424
687.2324
677.0262
688.6572
675.5234
685.2042
667.9924
667.9916
667.9908
667.9924
667.9916
667.9908
667.9924
667.9916
667.9908
667.9924
667.9916
667.9908
667.9924
667.9916
667.9908
667.9924
667.9916
667.9908
667.9924
667.9916
667.9908
667.9924
667.9916
667.9908
667.9924
667.9916
667.9908
667.9924
667.9916
667.9908
667.9924
667.9916
667.9908
667.9924
667.9916
667.9908
667.9924
667.9916
667.9908
667.9924
667.9916
667.9908
667.9924
667.9916
667.9908
667.9924
667.9916
667.9908
667.9924
667.9916
667.9908
667.9924
667.9916
667.9908
667.9924
667.9916
667.9924
667.9916
667.9924
667.9916
667.9924
667.9916
667.9924
667.9916
667.9924
667.9916
667.9924
667.9916
667.9924
667.9916
667.9924
667.9916
667.9924
667.9916
667.9924
667.9916
667.9924
667.9916
667.9924
667.9916
667.9924
667.9916
667.9924
667.9916
667.9924
667.9916
667.9924
667.9916
667.9924
667.9916
667.9924
667.9916
667.9908
667.9924
667.9916
667.9908
667.9924
667.9916
667.9908
667.9924
667.9916
667.9908
667.9924
667.9916
667.9908
667.9924
667.9916
667.9908
667.9924
667.9916
667.9908
667.9924
667.9916
667.9908
667.9924
667.9916
667.9908
667.9924
667.9916
667.9908
667.9924
667.9916
667.9908
667.9924
667.9916
667.9908
667.9924
667.9916
667.9924
667.9916
667.9924
667.9916
667.9924
667.9916
667.9924
667.9916
667.9924
667.9916
667.9924
667.9916
667.9924
667.9916
667.9924
667.9916
667.9924
667.9916
667.9924
667.9916
667.9924
667.9916
667.9924
667.9916
667.9924
667.9916
667.9924
667.9916
667.9924
667.9916
667.9924
667.9916
667.9924
667.9916
667.9924
667.9916
667.9908
667.9924
667.9916
667.9908
667.9924
667.9916
667.9908
667.9924
667.9916
667.9908
667.9924
667.9916
667.9908
667.9924
667.9916
667.9908
667.9924
667.9916
667.9908
667.9924
667.9916
667.9908
667.9924
667.9916
667.9908
667.9924
667.9916
667.9908
667.9924
667.9916
667.9908
667.9924
667.9916
667.9908
667.9924
667.9916
667.9908
667.9924
667.9916
667.9908
667.9924
667.9916
667.9908
667.9924
667.9916
667.9908
667.9924
667.9916
667.9908
667.9924
667.9916
667.9908
667.9924
667.9916
667.9908
667.9924
667.9916
667.9908
667.9924
667.9916
667.9908
667.9924
667.9916
667.9908
667.9924
667.9916
667.9908
667.9924
667.9916
667.9908
667.9924
667.9916
667.9924
667.9916
667.9924
667.9916
667.9924
667.9916
667.9924
667.9916
667.9924
667.9916
667.9924
667.9916
667.9924
667.9916
667.9924
667.9916
667.9924
667.9916
667.9924
667.9916
667.9924
667.9916
667.9924
667.9916
667.9924
667.9916
667.9924
667.9916
667.9924
667.9916
667.9924
667.9916
667.9924
667.9916
667.9924
667.9916
667.9908
667.9924
667.9916
667.9908
667.9924
667.9916
667.9908
667.9924
667.9916
667.9908
667.9924
667.9916
667.9908
667.9924
667.9916
667.9908
667.9924
667.9916
667.9908
667.9924
667.9916
667.9908
667.9924
667.9916
667.9908
667.9924
667.9916
667.9908
667.9924
667.9916
667.9908
667.9924
667.9916
667.9908
667.9924
667.9916
667.9908
667.9924
667.9916
667.9908
667.9924
667.9916
667.9908
667.9924
667.9916
667.9908
667.9924
667.9916
667.9908
667.9924
667.9916
667.9908
667.9924
667.9916
667.9924
667.9916
667.9924
667.9916
667.9924
667.9916
667.9924
667.9916
667.9924
667.9916
667.9924
667.9916
667.9924
667.9916
667.9924
667.9916
667.9924
667.9916
667.9924
667.9916
667.9924
667.9916
667.9924
667.9916
667.9924
667.9916
667.9924
667.9916
667.9924
667.9916
667.9924
667.9916
667.9924
667.9916
667.9924
667.9916
667.9908
667.9924
667.9916
667.9908
667.9924
667.9916
667.9908
667.9924
667.9916
667.9908
667.9924
667.9916
667.9908
667.9924
667.9916
667.9908
667.9924
667.9916
667.9908
667.9924
667.9916
667.9908
667.9924
667.9916
667.9908
667.9924
667.9916
667.9908
667.9924
667.9916
667.9908
667.9924
667.9916
667.9908
667.9924
667.9916
667.9908
667.9924
667.9916
667.9908
667.9924
667.9916
667.9908
667.9924
667.9916
667.9908
667.9924
667.9916
667.9908
667.9924
667.9916
667.9908
667.9924
667.9916
667.9924
667.9916
667.9924
667.9916
667.9924
667.9916
667.9924
667.9916
667.9924
667.9916
667.9924
667.9916
667.9924
667.9916
667.9924
667.9916
667.9924
667.9916
667.9924
667.9916
667.9924
667.9916
667.9924
667.9916
667.9924
667.9916
667.9924
667.9916
667.9924
667.9916
667.9924
667.9916
667.9924
667.9916
667.9924
667.9916
667.9908
667.9924
667.9916
667.9908
667.9924
667.9916
667.9908
667.9924
667.9916
667.9908
667.9924
667.9916
667.9908
667.9924
667.9916
667.9908
667.9924
667.9916
667.9908
667.9924
667.9916
667.9908
667.9924
667.9916
667.9908
667.9924
667.9916
667.9908
667.9924
667.9916
667.9908
667.9924
667.9916
667.9908
667.9924
667.9916
667.9908
667.9924
667.9916
667.9908
667.9924
667.9916
667.9908
667.9924
667.9916
667.9908
667.9924
667.9916
667.9908
667.9924
667.9916
667.9908
667.9924
667.9916
667.9924
667.9916
667.9924
667.9916
667.9924
667.9916
667.9924
667.9916
667.9924
667.9916
667.9924
667.9916
667.9924
667.9916
667.9924
667.9916
667.9924
667.9916
667.9924
667.9916
667.9924
667.9916
667.9924
667.9916
667.9924
667.9916
667.9924
667.9916
667.9924
667.9916
667.9924
667.9916
667.9924
667.9916
667.9924
667.9916
667.9908
667.9924
667.9916
667.9908
667.9924
667.9916
667.9908
667.9924
667.9916
667.9908
667.9924
667.9916
667.9908
667.9924
667.9916
667.9908
667.9924
667.9916
667.9908
667.9924
667.9916
667.9908
667.9924
667.9916
667.9908
667.9924
667.9916
667.9908
667.9924
667.9916
667.9908
667.9924
667.9916
667.9908
667.9924
667.9916
667.9908
667.9924
667.9916
667.9908
667.9924
667.9916
667.9908
667.9924
667.9916
667.9908
667.9924
667.9916
667.9908
667.9924
667.9916
667.9908
667.9924
667.9916
667.9924
667.9916
667.9924
667.9916
667.9924
667.9916
667.9924
667.9916
667.9924
667.9916
667.9924
667.9916
667.9924
667.9916
667.9924
667.9916
667.9924
667.9916
667.9924
667.9916
667.9924
667.9916
667.9924
667.9916
667.9924
667.9916
667.9924
667.9916
667.9924
667.9916
667.9924
667.9916
667.9924
667.9916
667.9924
667.9916
667.9908
667.9924
667.9916
667.9908
667.9924
667.9916
667.9908
667.9924
667.9916
667.9908
667.9924
667.9916
667.9908
667.9924
667.9916
667.9908
667.9924
667.9916
667.9908
667.9924
667.9916
667.9908
667.9924
667.9916
667.9908
667.9924
667.9916
667.9908
667.9924
667.9916
667.9908
667.9924
667.9916
667.9908
667.9924
667.9916
667.9908
667.9924
667.9916
667.9908
667.9924
667.9916
667.9908
667.9924
667.9916
667.9908
667.9924
667.9916
667.9908
667.9924
667.9916
667.9908
667.9924
667.9916
667.9924
667.9916
667.9924
667.9916
667.9924
667.9916
667.9924
667.9916
667.9924
667.9916
667.9924
667.9916
667.9924
667.9916
667.9924
667.9916
667.9924
667.9916
667.9924
667.9916
667.9924
667.9916
667.9924
667.9916
667.9924
667.9916
667.9924
667.9916
667.9924
667.9916
667.9924
667.9916
667.9924
667.9916
667.9947
667.9939
667.9931
667.9947
667.9939
667.9931
667.9947
667.9939
667.9931
667.9947
667.9939
667.9931
667.9947
667.9939
667.9931
667.9947
667.9939
667.9931
667.9947
667.9939
667.9951
667.9947
667.9939
667.9951
667.9947
667.9939
667.9951
667.9947
667.9939
667.995
667.9947
667.9939
667.9951
667.9947
667.9939
667.9951
667.9947
667.9939
667.995
667.9947
667.9939
667.9951
667.9947
667.9939
667.9951
667.9947
667.9939
667.9951
667.9947
667.9939
667.9951
667.9947
667.9939
667.9951
667.9947
667.9939
667.9951
667.9947
667.9939
667.9951
667.9947
667.9939
667.9951
667.9947
667.9939
667.9951
667.9947
667.9939
667.995
667.9947
667.9939
667.9951
667.9947
667.9939
667.9951
667.9947
667.9939
667.9951
667.9947
667.9939
667.9951
667.9947
667.9939
667.9951
667.9947
667.9939
667.995
667.9947
667.9939
667.9951
667.9947
667.9939
667.9951
667.9947
667.9939
667.9951
667.9947
667.9939
667.9951
667.9947
667.9939
667.995
667.9947
667.9939
667.9951
667.9947
667.9939
667.9951
667.9947
667.9939
667.995
667.9947
667.9939
667.9951
667.9947
667.9939
667.9951
667.9947
667.9939
667.9951
667.9947
667.9939
667.9951
667.9947
667.9939
667.9951
667.9947
667.9939
667.995
667.9947
667.9939
667.9949
667.9947
667.9939
667.995
667.9947
667.9939
667.9951
667.9947
667.9939
667.995
667.9947
667.9939
667.995
667.9947
667.9939
667.9949
667.9947
667.9939
667.995
667.9947
667.9939
667.995
667.9947
667.9939
667.995
667.9947
667.9939
667.995
667.9947
667.9939
667.9951
667.9947
667.9939
667.9951
667.9947
667.9939
667.995
667.9947
667.9939
667.995
667.9947
667.9939
667.9949
667.9947
667.9939
667.995
667.9947
667.9939
667.995
667.9947
667.9939
667.995
667.9947
667.9939
667.995
667.9947
667.9939
667.995
667.9947
667.9939
667.995
667.9947
667.9939
667.9951
667.9947
667.9939
667.9949
667.9947
667.9939
667.995
667.9947
667.9939
667.9949
667.9947
667.9939
667.995
667.9947
667.9939
667.995
667.9947
667.9939
667.995
667.9947
667.9939
667.9951
667.9947
667.9939
667.9951
667.9947
667.9939
667.995
667.9947
667.9939
667.995
667.9947
667.9939
667.995
667.9947
667.9939
667.9949
667.9947
667.9939
667.995
667.9947
667.9939
667.9951
667.9947
667.9939
667.9951
667.9947
667.9939
667.9951
667.9947
667.9939
667.995
667.9947
667.9939
667.9951
667.9947
667.9939
667.995
667.9947
667.9939
667.9951
667.9947
667.9939
667.9951
667.9947
667.9939
667.9951
667.9947
667.9939
667.9951
667.9947
667.9939
667.995
667.9947
667.9939
667.995
667.9947
667.9939
667.9951
667.9947
667.9939
667.9951
667.9947
667.9939
667.9951
667.9947
667.9939
667.9951
667.9947
667.9939
667.995
667.9947
667.9939
667.995
667.9947
667.9939
667.9951
667.9947
667.9939
667.995
667.9947
667.9939
667.9951
667.9947
667.9939
667.995
667.9947
667.9939
667.9951
667.9947
667.9939
667.9951
667.9947
667.9939
667.9951
667.9947
667.9939
667.9951
667.9947
667.9939
667.995
667.9947
667.9939
667.9951
667.9947
667.9939
667.9951
667.9947
667.9939
667.995
667.9947
667.9939
667.9951
667.9947
667.9939
667.9951
667.9947
667.9939
667.9951
667.9947
667.9939
667.995
667.9947
667.9939
667.9951
667.9947
667.9939
667.995
667.9947
667.9939
667.9931
667.9947
667.9939
667.9931
667.9947
667.9939
667.9931
667.9947
667.9939
667.9931
667.9947
667.9939
667.9931
667.9947
667.9939
667.9931
667.9947
667.9939
667.9931
667.9947
667.9939
667.9931
667.9947
667.9939
667.9931
667.9947
667.9939
667.9931
667.9947
667.9939
667.9931
667.9947
667.9939
667.9931
667.9947
667.9939
667.9931
667.9947
667.9939
667.9931
667.9947
667.9939
667.9931
667.9947
667.9939
667.9931
667.9947
667.9939
667.9931
667.9947
667.9939
667.9931
667.9947
667.9939
667.9931
667.9947
667.9939
667.9931
667.9947
667.9939
667.9931
667.9947
667.9939
667.9931
667.9947
667.9939
667.9931
667.9947
667.9939
667.9931
667.9947
667.9939
667.9931
667.9947
667.9939
667.9931
667.9947
667.9939
667.9931
667.9947
667.9939
667.9931
667.9947
667.9939
667.9931
667.9947
667.9939
667.9931
667.9947
667.9939
667.9931
667.9947
667.9939
667.9931
667.9947
667.9939
667.9931
667.9947
667.9939
667.9931
667.9947
667.9939
667.9931
667.9947
667.9939
667.9931
667.9947
667.9939
667.9948
667.9947
667.9939
667.9948
667.9947
667.9939
667.9949
667.9947
667.9939
667.9949
667.9947
667.9939
667.9948
667.9947
667.9939
667.995
667.9947
667.9939
667.995
667.9947
667.9939
667.9948
667.9947
667.9939
667.9948
667.9947
667.9939
667.9948
667.9947
667.9939
667.9949
667.9947
667.9939
667.9949
667.9947
667.9939
667.9948
667.9947
667.9939
667.9949
667.9947
667.9939
667.995
667.9947
667.9939
667.9948
667.9947
667.9939
667.9949
667.9947
667.9939
667.9948
667.9947
667.9939
667.995
667.9947
667.9939
667.9949
667.9947
667.9939
667.9949
667.9947
667.9939
667.9948
667.9947
667.9939
667.9948
667.9947
667.9939
667.9948
667.9947
667.9939
667.995
667.9947
667.9939
667.9948
667.9947
667.9939
667.9948
667.9947
667.9939
667.9948
667.9947
667.9939
667.9949
667.9947
667.9939
667.9949
667.9947
667.9939
667.9949
667.9947
667.9939
667.995
667.9947
667.9939
667.9948
667.9947
667.9939
667.9948
667.9947
667.9939
667.9949
667.9947
667.9939
667.9948
667.9947
667.9939
667.9948
667.9947
667.9939
667.995
667.9947
667.9939
667.9949
667.9947
667.9939
667.9949
667.9947
667.9939
667.9948
667.9947
667.9939
667.9948
667.9947
667.9939
667.9948
667.9947
667.9939
667.9948
667.9947
667.9939
667.9949
667.9947
667.9939
667.995
667.9947
667.9939
667.9948
667.9947
667.9939
667.9949
667.9947
667.9939
667.9948
667.9947
667.9939
667.9948
667.9947
667.9939
667.9948
667.9947
667.9939
667.9949
667.9947
667.9939
667.995
667.9947
667.9939
667.9949
667.9947
667.9939
667.995
667.9947
667.9939
667.9949
667.9947
667.9939
667.9948
667.9947
667.9939
667.9949
667.9947
667.9939
667.9948
667.9947
667.9939
667.9948
667.9947
667.9939
667.9948
667.9947
667.9939
667.995
667.9947
667.9939
667.9949
667.9947
667.9939
667.9948
667.9947
667.9939
667.9949
667.9947
667.9939
667.9948
667.9947
667.9939
667.995
667.9947
667.9939
667.9949
667.9947
667.9939
667.9948
667.9947
667.9939
667.9949
667.9947
667.9939
667.9948
667.9947
667.9939
667.9948
667.9947
667.9939
667.9943
667.9947
667.9939
667.9944
667.9947
667.9939
667.9946
667.9947
667.9939
667.9946
667.9947
667.9939
667.9946
667.9947
667.9939
667.9944
667.9947
667.9939
667.9944
667.9947
667.9939
667.9946
667.9947
667.9939
667.9943
667.9947
667.9939
667.9946
667.9947
667.9939
667.9944
667.9947
667.9939
667.9946
667.9947
667.9939
667.9944
667.9947
667.9939
667.9946
667.9947
667.9939
667.9946
667.9947
667.9939
667.9943
667.9947
667.9939
667.9944
667.9947
667.9939
667.9946
667.9947
667.9939
667.9944
667.9947
667.9939
667.9946
667.9947
667.9939
667.9943
667.9947
667.9939
667.9946
667.9947
667.9939
667.9946
667.9947
667.9939
667.9944
667.9947
667.9939
667.9946
667.9947
667.9939
667.9944
667.9947
667.9939
667.9946
667.9947
667.9939
667.9946
667.9947
667.9939
667.9944
667.9947
667.9939
667.9943
667.9947
667.9939
667.9943
667.9947
667.9939
667.9946
667.9947
667.9939
667.9944
667.9947
667.9939
667.9946
667.9947
667.9939
667.9944
667.9947
667.9939
667.9946
667.9947
667.9939
667.9947
667.9947
667.9939
667.9946
667.9947
667.9939
667.9947
667.9947
667.9939
667.9946
667.9947
667.9939
667.9947
667.9947
667.9939
667.9945
667.9947
667.9939
667.9947
667.9947
667.9939
667.9945
667.9947
667.9939
667.9946
667.9947
667.9939
667.9947
667.9947
667.9939
667.9947
667.9947
667.9939
667.9946
667.9947
667.9939
667.9947
667.9947
667.9939
667.9945
667.9947
667.9939
667.9947
667.9947
667.9939
667.9947
667.9947
667.9939
667.9946
667.9947
667.9939
667.9946
667.9947
667.9939
667.9947
667.9947
667.9939
667.9946
667.9947
667.9939
667.9945
667.9947
667.9939
667.9947
667.9947
667.9939
667.9946
667.9947
667.9939
667.9947
667.9947
667.9939
667.9947
667.9947
667.9939
667.9947
667.9947
667.9939
667.9946
667.9947
667.9939
667.9947
667.9947
667.9939
667.9945
667.9947
667.9939
667.9946
667.9947
667.9939
667.9947
667.9947
667.9939
667.9947
667.9947
667.9939
667.9945
667.9947
667.9939
667.9946
667.9947
667.9939
667.9947
667.9947
667.9939
667.9946
667.9947
667.9939
667.9946
667.9947
667.9939
667.9948
667.9947
667.9939
667.9947
667.9947
667.9939
667.9947
667.9947
667.9939
667.9946
667.9947
667.9939
667.9948
667.9947
667.9939
667.9946
667.9947
667.9939
667.9946
667.9947
667.9939
667.9947
667.9947
667.9939
667.9947
667.9947
667.9939
667.9948
667.9947
667.9939
667.9948
667.9947
667.9939
667.9947
667.9947
667.9939
667.9946
667.9947
667.9939
667.9948
667.9947
667.9939
667.9948
667.9947
667.9939
667.9946
667.9947
667.9939
667.9947
667.9947
667.9939
667.9948
667.9947
667.9939
667.9947
667.9947
667.9939
667.9948
667.9947
667.9939
667.9946
667.9947
667.9939
667.9946
667.9947
667.9939
667.9947
667.9947
667.9939
667.9946
667.9947
667.9939
667.9947
667.9947
667.9939
667.9948
667.9947
667.9939
667.9946
667.9947
667.9939
667.9948
667.9947
667.9939
667.9947
667.9947
667.9939
667.9948
667.9947
667.9939
667.9946
667.9947
667.9939
667.9947
667.9947
667.9939
667.9946
667.9947
667.9939
667.9948
667.9947
667.9939
667.9947
667.9947
667.9939
667.9945
667.9947
667.9939
667.9946
667.9947
667.9939
667.9947
667.9947
667.9939
667.9946
667.9947
667.9939
667.9947
667.9947
667.9939
667.9947
667.9947
667.9939
667.9946
667.9947
667.9939
667.9947
667.9947
667.9939
667.9947
667.9947
667.9939
667.9947
667.9947
667.9939
667.9945
667.9947
667.9939
667.9946
667.9947
667.9939
667.9947
667.9947
667.9939
667.9946
667.9947
667.9939
667.9947
667.9947
667.9939
667.9947
667.9947
667.9939
667.9945
667.9947
667.9939
667.9946
667.9947
667.9939
667.9947
667.9947
667.9939
667.9946
667.9947
667.9939
667.9947
667.9947
667.9939
667.9947
667.9947
667.9939
667.9945
667.9947
667.9939
667.9946
667.9947
667.9939
667.9947
667.9947
667.9939
667.9947
667.9947
667.9939
667.9946
667.9947
667.9939
667.9945
667.9947
667.9939
667.9947
667.9947
667.9939
667.9946
667.9947
667.9939
667.9947
667.9947
667.9939
667.9947
667.9947
667.9939
667.9946
667.9947
667.9939
667.9947
667.9947
667.9939
667.9945
667.9947
667.9939
667.9946
667.9947
667.9939
667.994
667.9947
667.9939
667.9939
667.9947
667.9939
667.9942
667.9947
667.9939
667.9942
667.9947
667.9939
667.994
667.9947
667.9939
667.9943
667.9947
667.9939
667.9939
667.9947
667.9939
667.9943
667.9947
667.9939
667.994
667.9947
667.9939
667.9942
667.9947
667.9939
667.994
667.9947
667.9939
667.9942
667.9947
667.9939
667.994
667.9947
667.9939
667.9942
667.9947
667.9939
667.994
667.9947
667.9939
667.9939
667.9947
667.9939
667.9943
667.9947
667.9939
667.9942
667.9947
667.9939
667.9943
667.9947
667.9939
667.9942
667.9947
667.9939
667.9942
667.9947
667.9939
667.994
667.9947
667.9939
667.994
667.9947
667.9939
667.9939
667.9947
667.9939
667.994
667.9947
667.9939
667.9942
667.9947
667.9939
667.9939
667.9947
667.9939
667.9943
667.9947
667.9939
667.994
667.9947
667.9939
667.9942
667.9947
667.9939
667.9942
667.9947
667.9939
667.9943
667.9947
667.9939
667.994
667.9947
667.9939
667.9942
667.9947
667.9939
667.994
667.9947
667.9939
667.9939
667.9947
667.9939
667.9941
667.9947
667.9939
667.9943
667.9947
667.9939
667.9945
667.9947
667.9939
667.9943
667.9947
667.9939
667.9945
667.9947
667.9939
667.9946
667.9947
667.9939
667.9941
667.9947
667.9939
667.9943
667.9947
667.9939
667.9943
667.9947
667.9939
667.9945
667.9947
667.9939
667.9946
667.9947
667.9939
667.9945
667.9947
667.9939
667.9945
667.9947
667.9939
667.9943
667.9947
667.9939
667.9943
667.9947
667.9939
667.9941
667.9947
667.9939
667.9945
667.9947
667.9939
667.9946
667.9947
667.9939
667.9941
667.9947
667.9939
667.9943
667.9947
667.9939
667.9943
667.9947
667.9939
667.9946
667.9947
667.9939
667.9945
667.9947
667.9939
667.9945
667.9947
667.9939
667.9946
667.9947
667.9939
667.9943
667.9947
667.9939
667.9945
667.9947
667.9939
667.9941
667.9947
667.9939
667.9943
667.9947
667.9939
667.9945
667.9947
667.9939
667.9946
667.9947
667.9939
667.9945
667.9947
667.9939
667.9945
667.9947
667.9939
667.9943
667.9947
667.9939
667.9943
667.9947
667.9939
667.9941
667.9947
667.9939
667.9944
667.9947
667.9939
667.9944
667.9947
667.9939
667.9947
667.9947
667.9939
667.9946
667.9947
667.9939
667.9947
667.9947
667.9939
667.9945
667.9947
667.9939
667.9945
667.9947
667.9939
667.9947
667.9947
667.9939
667.9947
667.9947
667.9939
667.9946
667.9947
667.9939
667.9944
667.9947
667.9939
667.9944
667.9947
667.9939
667.9946
667.9947
667.9939
667.9944
667.9947
667.9939
667.9947
667.9947
667.9939
667.9944
667.9947
667.9939
667.9947
667.9947
667.9939
667.9945
667.9947
667.9939
667.9944
667.9947
667.9939
667.9945
667.9947
667.9939
667.9944
667.9947
667.9939
667.9947
667.9947
667.9939
667.9947
667.9947
667.9939
667.9946
667.9947
667.9939
667.9947
667.9947
667.9939
667.9947
667.9947
667.9939
667.9946
667.9947
667.9939
667.9945
667.9947
667.9939
667.9944
667.9947
667.9939
667.9944
667.9947
667.9939
667.9946
667.9947
667.9939
667.9947
667.9947
667.9939
667.9944
667.9947
667.9939
667.9947
667.9947
667.9939
667.9945
667.9947
667.9939
667.9944
667.9947
667.9939
667.9944
667.9947
667.9939
667.9947
667.9947
667.9939
667.9946
667.9947
667.9939
667.9945
667.9947
667.9939
667.9944
667.9947
667.9939
667.9947
667.9947
667.9939
667.9945
667.9947
667.9939
667.9944
667.9947
667.9939
667.9944
667.9947
667.9939
667.9946
667.9947
667.9939
667.9947
667.9947
667.9939
667.9947
667.9947
667.9939
667.9944
667.9947
667.9939
667.9944
667.9947
667.9939
667.9945
667.9947
667.9939
667.9947
667.9947
667.9939
667.9946
667.9947
667.9939
667.9947
667.9947
667.9939
667.9946
667.9947
667.9939
667.9944
667.9947
667.9939
667.9947
667.9947
667.9939
667.9947
667.9947
667.9939
667.9944
667.9947
667.9939
667.9945
667.9947
667.9939
667.9945
667.9947
667.9939
667.9944
667.9947
667.9939
667.9947
667.9947
667.9939
667.9944
667.9947
667.9939
667.9947
667.9947
667.9939
667.9946
667.9947
667.9939
667.9946
667.9947
667.9939
667.9947
667.9947
667.9939
667.9944
667.9947
667.9939
667.9944
667.9947
667.9939
667.9945
667.9947
667.9939
667.9947
667.9947
667.9939
667.9941
667.9947
667.9939
667.9946
667.9947
667.9939
667.9945
667.9947
667.9939
667.9943
667.9947
667.9939
667.9945
667.9947
667.9939
667.9943
667.9947
667.9939
667.9943
667.9947
667.9939
667.9943
667.9947
667.9939
667.9941
667.9947
667.9939
667.9946
667.9947
667.9939
667.9945
667.9947
667.9939
667.9945
667.9947
667.9939
667.9943
667.9947
667.9939
667.9941
667.9947
667.9939
667.9945
667.9947
667.9939
667.9943
667.9947
667.9939
667.9946
667.9947
667.9939
667.9945
667.9947
667.9939
667.9941
667.9947
667.9939
667.9945
667.9947
667.9939
667.9945
667.9947
667.9939
667.9943
667.9947
667.9939
667.9943
667.9947
667.9939
667.9946
667.9947
667.9939
667.9946
667.9947
667.9939
667.9945
667.9947
667.9939
667.9943
667.9947
667.9939
667.9941
667.9947
667.9939
667.9945
667.9947
667.9939
667.9943
667.9947
667.9939
667.9943
667.9947
667.9939
667.9945
667.9947
667.9939
667.9946
667.9947
667.9939
667.9941
667.9947
667.9939
667.9943
667.9947
667.9939
667.9945
667.9947
667.9939
667.9936
667.9947
667.9939
667.9935
667.9947
667.9939
667.9937
667.9947
667.9939
667.9937
667.9947
667.9939
667.9936
667.9947
667.9939
667.9938
667.9947
667.9939
667.9937
667.9947
667.9939
667.9936
667.9947
667.9939
667.9936
667.9947
667.9939
667.9937
667.9947
667.9939
667.9935
667.9947
667.9939
667.9938
667.9947
667.9939
667.9936
667.9947
667.9939
667.9936
667.9947
667.9939
667.9935
667.9947
667.9939
667.9937
667.9947
667.9939
667.9937
667.9947
667.9939
667.9938
667.9947
667.9939
667.9938
667.9947
667.9939
667.9935
667.9947
667.9939
667.9936
667.9947
667.9939
667.9937
667.9947
667.9939
667.9937
667.9947
667.9939
667.9936
667.9947
667.9939
667.9936
667.9947
667.9939
667.9935
667.9947
667.9939
667.9936
667.9947
667.9939
667.9937
667.9947
667.9939
667.9937
667.9947
667.9939
667.9938
667.9947
667.9939
667.9936
667.9947
667.9939
667.9935
667.9947
667.9939
667.9936
667.9947
667.9939
667.9937
667.9947
667.9939
667.9938
667.9947
667.9939
667.9937
667.9947
667.9939
667.9931
667.9947
667.9939
667.9931
667.9947
667.9939
667.9931
667.9947
667.9939
667.9931
667.9947
667.9939
667.9931
667.9947
667.9939
667.9931
667.9947
667.9939
667.9931
667.9947
667.9939
667.9931
667.9947
667.9939
667.9931
667.9947
667.9939
667.9931
667.9947
667.9939
667.9931
667.9947
667.9939
667.9931
667.9947
667.9939
667.9931
667.9947
667.9939
667.9931
667.9947
667.9939
667.9931
667.9947
667.9939
667.9931
667.9947
667.9939
667.9931
667.9947
667.9939
667.9931
667.9947
667.9939
667.9931
667.9947
667.9939
667.9931
667.9947
667.9939
667.9931
667.9947
667.9939
667.9931
667.9947
667.9939
667.9931
667.9947
667.9939
667.9931
667.9947
667.9939
667.9931
667.9947
667.9939
667.9931
667.9947
667.9939
667.9931
667.9947
667.9939
667.9931
667.9947
667.9939
667.9931
667.9947
667.9939
667.9931
667.9947
667.9939
667.9931
667.9947
667.9939
667.9931
667.9947
667.9939
667.9931
667.9947
667.9939
667.9931
667.9947
667.9939
667.9931
667.9947
667.9939
667.9931
667.9947
667.9939
667.9937
667.9947
667.9939
667.9939
667.9947
667.9939
667.9938
667.9947
667.9939
667.9942
667.9947
667.9939
667.9941
667.9947
667.9939
667.994
667.9947
667.9939
667.994
667.9947
667.9939
667.9941
667.9947
667.9939
667.9938
667.9947
667.9939
667.9939
667.9947
667.9939
667.9942
667.9947
667.9939
667.9937
667.9947
667.9939
667.9937
667.9947
667.9939
667.9938
667.9947
667.9939
667.9939
667.9947
667.9939
667.994
667.9947
667.9939
667.9942
667.9947
667.9939
667.9941
667.9947
667.9939
667.9939
667.9947
667.9939
667.9937
667.9947
667.9939
667.9938
667.9947
667.9939
667.9941
667.9947
667.9939
667.9942
667.9947
667.9939
667.994
667.9947
667.9939
667.9942
667.9947
667.9939
667.994
667.9947
667.9939
667.9939
667.9947
667.9939
667.9941
667.9947
667.9939
667.9937
667.9947
667.9939
667.9938
667.9947
667.9939
667.9941
667.9947
667.9939
667.9942
667.9947
667.9939
667.9939
667.9947
667.9939
667.994
667.9947
667.9939
667.9937
667.9947
667.9939
667.9938
667.9947
667.9939
667.994
667.9947
667.9939
667.9938
667.9947
667.9939
667.9938
667.9947
667.9939
667.9943
667.9947
667.9939
667.9943
667.9947
667.9939
667.994
667.9947
667.9939
667.9938
667.9947
667.9939
667.994
667.9947
667.9939
667.9943
667.9947
667.9939
667.994
667.9947
667.9939
667.9938
667.9947
667.9939
667.9943
667.9947
667.9939
667.9943
667.9947
667.9939
667.9943
667.9947
667.9939
667.994
667.9947
667.9939
667.994
667.9947
667.9939
667.9938
667.9947
667.9939
667.9938
667.9947
667.9939
667.9938
667.9947
667.9939
667.994
667.9947
667.9939
667.9938
667.9947
667.9939
667.994
667.9947
667.9939
667.9943
667.9947
667.9939
667.9943
667.9947
667.9939
667.9938
667.9947
667.9939
667.9943
667.9947
667.9939
667.994
667.9947
667.9939
667.9943
667.9947
667.9939
667.994
667.9947
667.9939
667.9938
667.9947
667.9939
667.9938
667.9947
667.9939
667.9938
667.9947
667.9939
667.994
667.9947
667.9939
667.994
667.9947
667.9939
667.9943
667.9947
667.9939
667.9943
667.9947
667.9939
667.9939
667.9947
667.9939
667.9941
667.9947
667.9939
667.9937
667.9947
667.9939
667.9942
667.9947
667.9939
667.9938
667.9947
667.9939
667.994
667.9947
667.9939
667.9942
667.9947
667.9939
667.9941
667.9947
667.9939
667.9938
667.9947
667.9939
667.994
667.9947
667.9939
667.9937
667.9947
667.9939
667.9939
667.9947
667.9939
667.9937
667.9947
667.9939
667.9938
667.9947
667.9939
667.994
667.9947
667.9939
667.9939
667.9947
667.9939
667.9942
667.9947
667.9939
667.9941
667.9947
667.9939
667.9942
667.9947
667.9939
667.994
667.9947
667.9939
667.9938
667.9947
667.9939
667.9939
667.9947
667.9939
667.9941
667.9947
667.9939
667.9937
667.9947
667.9939
667.9942
667.9947
667.9939
667.994
667.9947
667.9939
667.9941
667.9947
667.9939
667.9938
667.9947
667.9939
667.9939
667.9947
667.9939
667.9937
667.9947
667.9939
667.9942
667.9947
667.9939
667.994
667.9947
667.9939
667.9941
667.9947
667.9939
667.9938
667.9947
667.9939
667.9937
667.9947
667.9939
667.9939
667.9947
667.9939
667.9931
667.9947
667.9939
667.9931
667.9947
667.9939
667.9931
667.9947
667.9939
667.9931
667.9947
667.9939
667.9931
667.9947
667.9939
667.9931
667.9947
667.9939
667.9931
667.9947
667.9939
667.9931
667.9947
667.9939
667.9931
667.9947
667.9939
667.9931
667.9947
667.9939
667.9931
667.9947
667.9939
667.9931
667.9947
667.9939
667.9931
667.9947
667.9939
667.9931
667.9947
667.9939
667.9931
667.9947
667.9939
667.9931
667.9947
667.9939
667.9931
667.9947
667.9939
667.9931
667.9947
667.9939
667.9931
667.9947
667.9939
667.9931
667.9947
667.9939
667.9931
667.9947
667.9939
667.9931
667.9947
667.9939
667.9931
667.9947
667.9939
667.9931
667.9947
667.9939
667.9931
667.9947
667.9939
667.9931
667.9947
667.9939
667.9931
667.9947
667.9939
667.9931
667.9947
667.9939
667.9931
667.9947
667.9939
667.9931
667.9947
667.9939
667.9931
667.9947
667.9939
667.9931
667.9947
667.9939
667.9931
667.9947
667.9939
667.9931
667.9947
667.9939
667.9931
667.9947
667.9939
667.9931
667.9947
667.9939
667.9931
667.9947
667.9939
667.9931
667.9947
667.9939
667.9931
667.9947
667.9939
667.9931
667.9947
667.9939
667.9931
667.9947
667.9939
667.9931
667.9947
667.9939
667.9931
667.9947
667.9939
667.9931
667.9947
667.9939
667.9931
667.9947
667.9939
667.9931
667.9947
667.9939
667.9931
667.9947
667.9939
667.9931
667.9947
667.9939
667.9931
667.9947
667.9939
667.9931
667.9947
667.9939
667.9931
667.9947
667.9939
667.9931
667.9947
667.9939
667.9931
667.9947
667.9939
667.9931
667.9947
667.9939
667.9931
667.9947
667.9939
667.9931
667.9947
667.9939
667.9931
667.9947
667.9939
667.9931
667.9947
667.9939
667.9931
667.9947
667.9939
667.9931
667.9947
667.9939
667.9931
667.9947
667.9939
667.9931
667.9947
667.9939
667.9931
667.9947
667.9939
667.9931
667.9947
667.9939
667.9931
667.9947
667.9939
667.9931
667.9947
667.9939
667.9931
667.9947
667.9939
667.9931
667.9947
667.9939
667.9931
667.9947
667.9939
667.9931
667.9947
667.9939
667.9931
667.9947
667.9939
667.9931
667.9947
667.9939
667.9931
667.9947
667.9939
667.9931
667.9947
667.9939
667.9931
667.9947
667.9939
667.9931
667.9947
667.9939
667.9931
667.9947
667.9939
667.9931
667.9947
667.9939
667.9931
667.9947
667.9939
667.9931
667.9947
667.9939
667.9931
667.9947
667.9939
667.9931
667.9947
667.9939
667.9931
667.9947
667.9939
667.9931
667.9947
667.9939
667.9931
667.9947
667.9939
667.9931
667.9947
667.9939
667.9931
667.9947
667.9939
667.9931
667.9947
667.9939
667.9931
667.9947
667.9939
667.9931
667.9947
667.9939
667.9931
667.9947
667.9939
667.9931
667.9947
667.9939
667.9931
667.9947
667.9939
667.9931
667.9947
667.9939
667.9931
667.9947
667.9939
667.9931
667.9947
667.9939
667.9931
667.9947
667.9939
667.9931
667.9947
667.9939
667.9931
667.9947
667.9939
667.9931
667.9947
667.9939
667.9931
667.9947
667.9939
667.9931
667.9947
667.9939
667.9931
667.9947
667.9939
667.9931
667.9947
667.9939
667.9931
667.9947
667.9939
667.9931
667.9947
667.9939
667.9931
667.9947
667.9939
667.9931
667.9947
667.9939
667.9931
667.9947
667.9939
667.9931
667.9947
667.9939
667.9931
667.9947
667.9939
667.9931
667.9947
667.9939
667.9931
667.9947
667.9939
667.9931
667.9947
667.9939
667.9931
667.9947
667.9939
667.9931
667.9947
667.9939
667.9931
667.9947
667.9939
667.9931
667.9947
667.9939
667.9931
667.9947
667.9939
667.9931
667.9947
667.9939
667.9931
667.9947
667.9939
667.9931
667.9947
667.9939
667.9931
667.9947
667.9939
667.9931
667.9947
667.9939
667.9931
667.9947
667.9939
667.9931
667.9947
667.9939
667.9931
667.9947
667.9939
667.9931
667.9947
667.9939
667.9931
667.9947
667.9939
667.9931
667.9947
667.9939
667.9931
667.9947
667.9939
667.9931
667.9947
667.9939
667.9931
667.9947
667.9939
667.9931
667.9947
667.9939
667.9931
667.9947
667.9939
667.9931
667.9947
667.9939
667.9931
667.9947
667.9939
667.9931
667.9947
667.9939
667.9931
667.9947
667.9939
667.9931
667.9947
667.9939
667.9931
667.9947
667.9939
667.9931
667.9947
667.9939
667.9931
667.9947
667.9939
667.9931
667.9947
667.9939
667.9931
667.9947
667.9939
667.9931
667.9947
667.9939
667.9931
667.9947
667.9939
667.9931
667.9947
667.9939
667.9931
667.9947
667.9939
667.9931
667.9947
667.9939
667.9931
667.9947
667.9939
667.9931
667.9947
667.9939
667.9931
667.9947
667.9939
667.9931
667.9947
667.9939
667.9931
667.9947
667.9939
667.9931
667.9947
667.9939
667.9931
667.9947
667.9939
667.9931
667.9947
667.9939
667.9931
667.9947
667.9939
667.9931
667.9947
667.9939
667.9931
667.9947
667.9939
667.9931
667.9947
667.9939
667.9931
667.9947
667.9939
667.9931
667.9947
667.9939
667.9931
667.9947
667.9939
667.9931
667.9947
667.9939
667.9931
667.9947
667.9939
667.9931
667.9947
667.9939
667.9931
667.9947
667.9939
667.9931
667.9947
667.9939
667.9931
667.9947
667.9939
667.9931
667.9947
667.9939
667.9931
667.9947
667.9939
667.9931
667.9947
667.9939
667.9931
667.9947
667.9939
667.9931
667.9947
667.9939
667.9931
667.9947
667.9939
667.9931
667.9947
667.9939
667.9931
667.9947
667.9939
667.9931
667.9947
667.9939
667.9931
667.9947
667.9939
667.9931
667.9947
667.9939
667.9931
667.9947
667.9939
667.9931
667.9947
667.9939
667.9931
667.9947
667.9939
667.9931
667.9947
667.9939
667.9931
667.9947
667.9939
667.9931
667.9947
667.9939
667.9931
667.9947
667.9939
667.9931
667.9947
667.9939
667.9931
667.9947
667.9939
667.9931
667.9947
667.9939
667.9931
667.9947
667.9939
667.9931
667.9947
667.9939
667.9931
667.9947
667.9939
667.9931
667.9947
667.9939
667.9931
667.9947
667.9939
667.9931
667.9947
667.9939
667.9931
667.9947
667.9939
667.9931
667.9947
667.9939
667.9931
667.9947
667.9939
667.9931
667.9947
667.9939
667.9931
667.9947
667.9939
667.9931
667.9947
667.9939
667.9931
667.9947
667.9939
667.9931
667.9947
667.9939
667.9931
667.9947
667.9939
667.9931
667.9947
667.9939
667.9931
667.9947
667.9939
667.9931
667.9947
667.9939
667.9931
667.9947
667.9939
667.9931
667.9947
667.9939
667.9931
667.9947
667.9939
667.9931
667.9947
667.9939
667.9931
667.9947
667.9939
667.9931
667.9947
667.9939
667.9931
667.9947
667.9939
667.9931
667.9947
667.9939
667.9931
667.9947
667.9939
667.9931
667.9947
667.9939
667.9931
667.9947
667.9939
667.9931
667.9947
667.9939
667.9931
667.9947
667.9939
667.9931
667.9947
667.9939
667.9931
667.9947
667.9939
667.9931
667.9947
667.9939
667.9931
667.9947
667.9939
667.9931
667.9947
667.9939
667.9931
667.9947
667.9939
667.9931
667.9947
667.9939
667.9931
667.9947
667.9939
667.9931
667.9947
667.9939
667.9931
667.9947
667.9939
667.9931
667.9947
667.9939
667.9931
667.9947
667.9939
667.9931
667.9947
667.9939
667.9931
667.9947
667.9939
667.9931
667.9947
667.9939
667.9931
667.9947
667.9939
667.9931
667.9947
667.9939
667.9931
667.9947
667.9939
667.9931
667.9947
667.9939
667.9931
667.9947
667.9939
667.9931
667.9947
667.9939
667.9931
667.9947
667.9939
667.9931
667.9947
667.9939
667.9931
667.9947
667.9939
667.9931
667.9947
667.9939
667.9931
667.9947
667.9939
667.9931
667.9947
667.9939
667.9931
667.9947
667.9939
667.9931
667.9947
667.9939
667.9931
667.9947
667.9939
667.9931
667.9947
667.9939
667.9931
667.9947
667.9939
667.9931
667.9947
667.9939
667.9931
667.9947
667.9939
667.9931
667.9947
667.9939
667.9931
667.9947
667.9939
667.9931
667.9947
667.9939
667.9931
667.9947
667.9939
667.9931
667.9947
667.9939
667.9931
667.9947
667.9939
667.9931
667.9947
667.9939
667.9931
667.9947
667.9939
667.9931
667.9947
667.9939
667.9931
667.9947
667.9939
667.9931
667.9947
667.9939
667.9931
667.9947
667.9939
667.9931
667.9947
667.9939
667.9931
667.9947
667.9939
667.9931
667.9947
667.9939
667.9931
667.9947
667.9939
667.9931
667.9947
667.9939
667.9931
667.9947
667.9939
667.9931
667.9947
667.9939
667.9931
667.9947
667.9939
667.9931
667.9947
667.9939
667.9931
667.9947
667.9939
667.9931
667.9947
667.9939
667.9931
667.9947
667.9939
667.9931
667.9947
667.9939
667.9931
667.9947
667.9939
667.9931
667.9947
667.9939
667.9931
667.9947
667.9939
667.9931
667.9947
667.9939
667.9931
667.9947
667.9939
667.9931
667.9954
667.9954
667.9954
667.9954
667.9954
667.9954
667.9954
667.9954
667.9954
667.9954
667.9954
667.9954
667.9954
667.9954
667.9954
667.9954
667.9954
667.9954
667.9954
667.9954
667.9954
667.9954
667.9954
667.9954
667.9954
667.9954
667.9954
667.9954
667.9954
667.9954
667.9954
667.9954
667.9954
667.9954
667.9954
667.9954
667.9954
667.9954
667.9954
667.9954
667.9954
667.9954
667.9954
667.9954
667.9954
667.9954
667.9954
667.9954
667.9954
667.9954
667.9954
667.9954
667.9954
667.9954
667.9954
667.9954
667.9954
667.9954
667.9954
667.9954
667.9954
667.9954
667.9954
667.9954
667.9954
667.9954
667.9954
667.9954
667.9954
667.9954
667.9954
667.9954
667.9954
667.9954
667.9954
667.9954
667.9954
667.9954
667.9954
667.9954
667.9954
667.9954
667.9954
667.9954
667.9954
667.9954
667.9954
667.9954
667.9954
667.9954
667.9954
667.9954
667.9954
667.9954
667.9954
667.9954
667.9954
667.9954
667.9954
667.9954
667.9954
667.9954
667.9954
667.9954
667.9954
667.9954
667.9954
667.9954
667.9954
667.9954
667.9954
667.9954
667.9954
667.9954
667.9954
667.9954
667.9954
667.9954
667.9954
667.9954
667.9954
667.9954
667.9954
667.9954
667.9954
667.9954
667.9954
667.9954
667.9954
667.9954
667.9954
667.9954
667.9954
667.9954
667.9954
667.9954
667.9954
667.9954
667.9954
667.9954
667.9954
667.9954
667.9954
667.9954
667.9954
667.9954
667.9954
667.9954
667.9954
667.9954
667.9954
667.9954
667.9954
667.9954
667.9954
667.9954
667.9954
667.9954
667.9954
667.9954
667.9954
667.9954
667.9954
667.9954
667.9954
667.9954
667.9954
667.9954
667.9954
667.9954
667.9954
667.9954
667.9954
667.9954
667.9954
667.9954
667.9954
667.9954
667.9954
667.9954
667.9954
667.9954
667.9954
667.9954
667.9954
667.9954
667.9954
667.9954
667.9954
667.9954
667.9954
667.9954
667.9954
667.9954
667.9954
667.9954
667.9954
667.9954
667.9954
667.9954
667.9954
667.9954
667.9954
667.9954
667.9954
667.9954
667.9954
667.9954
667.9954
667.9954
667.9954
667.9954
667.9954
667.9954
667.9954
667.9954
667.9954
667.9954
667.9954
667.9954
667.9954
667.9954
667.9954
667.9954
667.9954
667.9954
667.9954
667.9954
667.9954
667.9954
667.9954
667.9954
667.9954
667.9954
667.9954
667.9954
667.9954
667.9954
667.9954
667.9954
667.9954
667.9954
667.9954
667.9954
667.9954
667.9954
667.9954
667.9954
667.9954
667.9954
667.9954
667.9954
667.9954
)
;

boundaryField
{
    top
    {
        type            zeroGradient;
    }
    bottom
    {
        type            fixedValue;
        value           nonuniform List<scalar> 0();
    }
    walls
    {
        type            zeroGradient;
    }
    baffle0
    {
        type            zeroGradient;
    }
    baffle1
    {
        type            zeroGradient;
    }
    procBoundary1to0
    {
        type            processor;
        value           nonuniform List<scalar> 
1032
(
667.9954
667.9954
667.9954
667.9954
667.9954
667.9954
667.9954
667.9954
667.9954
667.9954
667.9954
667.9954
667.9954
667.9954
667.9954
667.9954
667.9954
667.9954
667.9954
667.9954
667.9954
667.9954
667.9954
667.9954
667.9954
667.9954
667.9954
667.9954
667.9954
667.9954
667.9954
667.9954
667.9954
667.9954
667.9954
667.9954
667.9954
667.9954
667.9954
667.9954
667.9954
667.9954
667.9954
667.9954
667.9954
667.9954
667.9954
667.9954
667.9954
667.9954
667.9954
667.9954
667.9954
667.9954
667.9954
667.9954
667.9954
667.9954
667.9954
667.9954
667.9954
667.9954
667.9954
667.9954
667.9954
667.9954
667.9954
667.9954
667.9954
667.9954
667.9954
667.9954
667.9954
667.9954
667.9954
667.9954
667.9954
667.9954
667.9954
667.9954
667.9954
667.9954
667.9954
667.9954
667.9954
667.9954
667.9954
667.9954
667.9954
667.9954
667.9954
667.9954
667.9954
667.9954
667.9954
667.9954
667.9954
667.9954
667.9954
667.9954
667.9954
667.9954
667.9954
667.9954
667.9954
667.9954
667.9954
667.9954
667.9954
667.9954
667.9954
667.9954
667.9954
667.9954
667.9954
667.9954
667.9954
667.9954
667.9954
667.9954
667.9954
667.9954
667.9954
667.9954
667.9954
667.9954
667.9954
667.9954
667.9954
667.9954
667.9954
667.9954
667.9954
667.9954
667.9954
667.9954
667.9954
667.9954
667.9954
667.9954
667.9954
667.9954
667.9954
667.9954
667.9954
667.9954
667.9954
667.9954
667.9954
667.9954
667.9954
667.9954
667.9954
667.9954
667.9954
667.9954
667.9954
667.9954
667.9954
667.9954
667.9954
667.9954
667.9954
667.9954
667.9954
667.9954
667.9954
667.9954
667.9954
667.9954
667.9954
667.9954
667.9954
667.9954
667.9954
667.9954
667.9954
667.9954
667.9954
667.9954
667.9954
667.9954
667.9954
667.9954
667.9954
667.9954
667.9954
667.9954
667.9954
667.9954
667.9954
667.9954
667.9954
667.9954
667.9954
667.9954
667.9954
667.9954
667.9954
667.9954
667.9954
667.9954
667.9954
667.9954
667.9954
667.9954
667.9954
667.9954
667.9954
667.9954
667.9954
667.9954
667.9954
667.9954
667.9954
667.9954
667.9954
667.9954
667.9954
667.9954
667.9954
667.9954
667.9954
667.9954
667.9954
667.9954
667.9954
667.9954
667.9954
667.9954
667.9954
667.9954
667.9954
667.9954
667.9954
667.9954
667.9954
667.9954
667.9954
667.9954
667.9954
667.9954
667.9954
667.9954
667.9954
667.9954
667.9954
667.9954
667.9954
667.9954
667.9954
667.9954
667.9954
667.9954
667.9954
667.9954
667.9954
667.9954
667.9954
667.9954
667.9954
667.9954
667.9954
667.9954
667.9954
667.9954
667.9954
667.9954
667.9954
667.9954
667.9954
667.9954
667.9954
667.9954
667.9954
667.9954
667.9954
667.9954
667.9954
667.9954
667.9954
667.9954
667.9954
667.9954
667.9954
667.9954
667.9954
667.9954
667.9954
667.9954
667.9954
667.9954
667.9954
667.9954
667.9954
667.9954
667.9954
667.9954
667.9954
667.9954
667.9954
667.9954
667.9954
667.9954
667.9954
667.9954
667.9954
667.9954
667.9954
667.9954
667.9954
667.9954
667.9954
667.9954
667.9954
667.9954
667.9954
667.9954
667.9954
667.9954
667.9954
667.9954
667.9954
667.9954
667.9954
667.9954
667.9954
667.9954
667.9954
667.9954
667.9954
667.9954
667.9954
667.9954
667.9954
667.9954
667.9954
667.9954
667.9954
667.9954
667.9954
667.9954
667.9954
667.9954
667.9954
667.9954
667.9954
667.9954
667.9954
667.9954
667.9954
667.9954
667.9954
667.9954
667.9954
667.9954
667.9954
667.9954
667.9954
667.9954
667.9954
667.9954
667.9954
667.9954
667.9954
667.9954
667.9954
667.9954
667.9954
667.9954
667.9954
667.9954
667.9954
667.9954
667.9954
667.9954
667.9954
667.9954
667.9954
667.9954
667.9954
667.9954
667.9954
667.9954
667.9954
667.9954
667.9954
667.9954
667.9954
667.9954
667.9954
667.9954
667.9954
667.9954
667.9954
667.9954
667.9954
667.9954
667.9954
667.9954
667.9954
667.9954
667.9954
667.9954
667.9954
667.9954
667.9954
667.9954
667.9954
667.9954
667.9954
667.9954
667.9954
667.9954
667.9954
667.9954
667.9954
667.9954
667.9954
667.9954
667.9954
667.9954
667.9954
667.9954
667.9954
667.9954
667.9954
667.9954
667.9954
667.9954
667.9954
667.9954
667.9954
667.9954
667.9954
667.9954
667.9954
667.9954
667.9954
667.9954
667.9954
667.9954
667.9954
667.9954
667.9954
667.9954
667.9954
667.9954
667.9954
667.9954
667.9954
667.9954
667.9954
667.9954
667.9954
667.9954
667.9954
667.9954
667.9954
667.9954
667.9954
667.9954
667.9954
667.9954
667.9954
667.9954
667.9954
667.9954
667.9954
667.9954
667.9954
667.9954
667.9954
667.9954
667.9954
667.9954
667.9954
667.9954
667.9954
667.9954
667.9954
667.9954
667.9954
667.9954
667.9954
667.9954
667.9954
667.9954
667.9954
667.9954
667.9954
667.9954
667.9954
667.9954
667.9954
667.9954
667.9954
667.9954
667.9954
667.9954
667.9954
667.9954
667.9954
667.9954
667.9954
667.9954
667.9954
667.9954
667.9954
667.9954
667.9954
667.9954
667.9954
667.9954
667.9954
667.9954
667.9954
667.9954
667.9954
667.9954
667.9954
667.9954
667.9954
667.9954
667.9954
667.9954
667.9954
667.9954
667.9954
667.9954
667.9954
667.9954
667.9954
667.9954
667.9954
667.9954
667.9954
667.9954
667.9954
667.9954
667.9954
667.9954
667.9954
667.9954
667.9954
667.9954
667.9954
667.9954
667.9954
667.9954
667.9954
667.9954
667.9954
667.9954
667.9954
667.9954
667.9954
667.9954
667.9954
667.9954
667.9954
667.9954
667.9954
667.9954
667.9954
667.9954
667.9954
667.9954
667.9954
667.9954
667.9954
667.9954
667.9954
667.9954
667.9954
667.9954
667.9954
667.9954
667.9954
667.9954
667.9954
667.9954
667.9954
667.9954
667.9954
667.9954
667.9954
667.9954
667.9954
667.9954
667.9954
667.9954
667.9954
667.9954
667.9954
667.9954
667.9954
667.9954
667.9954
667.9954
667.9954
667.9954
667.9954
667.9954
667.9954
667.9954
667.9954
667.9954
667.9954
667.9954
667.9954
667.9954
667.9954
667.9954
667.9954
667.9954
667.9954
667.9954
667.9954
667.9954
667.9954
667.9954
667.9954
667.9954
667.9954
667.9954
667.9954
667.9954
667.9954
667.9954
667.9954
667.9954
667.9954
667.9954
667.9954
667.9954
667.9954
667.9954
667.9954
667.9954
667.9954
667.9954
667.9954
667.9954
667.9954
667.9954
667.9954
667.9954
667.9954
667.9954
667.9954
667.9954
667.9954
667.9954
667.9954
667.9954
667.9954
667.9954
667.9954
667.9954
667.9954
667.9954
667.9954
667.9954
667.9954
667.9954
667.9954
667.9954
667.9954
667.9954
667.9954
667.9954
667.9954
667.9954
667.9954
667.9954
667.9954
667.9954
667.9954
667.9954
667.9954
667.9954
667.9954
667.9954
667.9954
667.9954
667.9954
667.9954
667.9954
667.9954
667.9954
667.9954
667.9954
667.9954
667.9954
667.9954
667.9954
667.9954
667.9954
667.9954
667.9954
667.9954
667.9954
667.9954
667.9954
667.9954
667.9954
667.9954
667.9954
667.9954
667.9954
667.9954
667.9954
667.9954
667.9954
667.9954
667.9954
667.9954
667.9954
667.9954
667.9954
667.9954
667.9954
667.9954
667.9954
667.9954
667.9954
667.9954
667.9954
667.9954
667.9954
667.9954
667.9954
667.9954
667.9954
667.9954
667.9954
667.9954
667.9954
667.9954
667.9954
667.9954
667.9954
667.9954
667.9954
667.9954
667.9954
667.9954
667.9954
667.9954
667.9954
667.9954
667.9954
667.9954
667.9954
667.9954
667.9954
667.9954
667.9954
667.9954
667.9954
667.9962
667.9954
667.9962
667.9954
667.9954
667.9962
667.9954
667.9962
667.9962
667.9954
667.9962
667.9954
667.9962
667.9954
667.9954
667.9962
667.9962
667.9962
667.9962
667.9962
667.9962
667.9962
667.9962
667.9962
667.9962
667.9962
667.9962
667.9962
667.9962
667.9954
667.9962
667.9962
667.9954
667.9962
667.9962
667.9962
667.9962
667.9962
667.9962
667.9962
667.9962
667.9962
667.9962
667.9962
667.9962
667.9962
667.9962
667.9962
667.9962
667.9962
667.9962
667.9962
667.9954
667.9962
667.9954
667.9962
667.9962
667.9962
667.9962
667.9962
667.9962
667.9962
667.9962
667.9962
667.9962
667.9962
667.9962
667.9962
667.9962
667.9962
667.9962
667.9962
667.9962
667.9962
667.9962
667.9962
667.9962
667.9962
667.9962
667.9962
667.9962
667.9954
667.9962
667.9962
667.9954
667.9962
667.9962
667.9962
667.9962
667.9962
667.9962
667.9962
667.9962
667.9962
667.9962
667.9962
667.9962
667.9962
667.9962
667.9962
667.9962
667.9962
667.9962
667.9962
667.9962
667.9962
667.9962
667.9962
667.9962
667.9962
667.9962
667.9962
667.9962
667.9962
667.9962
667.9962
667.9962
667.9962
667.9962
667.9962
667.9962
667.9962
667.9962
667.9962
667.9962
667.9962
667.9962
667.9962
667.9962
667.9962
667.9962
667.9962
667.9962
667.9962
667.9962
667.9962
667.9962
667.9962
667.9962
667.9962
667.9962
667.9962
667.9962
667.9962
667.9962
667.9962
667.9962
667.9954
667.9962
667.9962
667.9954
667.9962
667.9962
667.9962
667.9962
667.9962
667.9962
667.9962
667.9962
667.9962
667.9962
667.9962
667.9962
667.9962
667.9962
667.9962
667.9962
667.9962
667.9962
667.9962
667.9962
667.9962
667.9962
667.9962
667.9962
667.9962
667.9962
667.9962
667.9962
667.9962
667.9962
667.9962
667.9962
667.9962
667.9962
667.9962
667.9962
667.9962
667.9962
667.9962
667.9962
667.9962
667.9962
667.9962
667.9962
667.9962
667.9962
667.9962
667.9962
667.9962
667.9962
667.9962
667.9962
667.9962
667.9962
667.9962
667.9962
667.9962
667.9962
667.9962
667.9962
667.9962
667.9962
667.9962
667.9962
667.9962
667.9962
667.9962
667.9962
667.9962
667.9962
667.9962
667.9962
667.9962
667.9962
667.9962
667.9962
667.9962
667.9962
667.9962
667.9962
667.9954
667.9954
667.9962
667.9962
667.9962
667.9962
667.9962
667.9962
667.9962
667.9962
667.9962
667.9962
667.9962
667.9962
667.9962
667.9962
667.9962
667.9962
667.9962
667.9962
667.9962
667.9962
667.9962
667.9962
667.9962
667.9962
667.9962
667.9962
667.9962
667.9962
667.9962
667.9962
667.9962
667.9962
667.9962
667.9962
667.9962
667.9962
667.9962
667.9962
)
;
    }
    procBoundary1to2
    {
        type            processor;
        value           nonuniform List<scalar> 
1034
(
667.9908
667.9908
667.9908
667.9901
667.9901
667.9901
667.9908
667.9908
756.8848
756.8848
754.1222
756.1492
756.1492
756.7158
756.8848
754.1223
756.1493
756.7159
756.1493
756.8848
728.2723
728.2723
729.6567
756.8848
730.0343
756.1493
730.0343
730.1532
730.1532
728.2723
729.6567
730.1532
730.0343
729.6567
730.1532
729.6567
730.1532
730.0343
728.2722
729.6567
754.1223
729.6567
729.6567
756.7158
730.1532
756.1492
730.1532
756.8848
753.6614
746.0751
749.7515
755.0968
753.6614
749.7515
746.0752
753.6614
753.6614
749.7516
749.7516
755.0968
728.9243
728.9243
727.9421
753.6615
725.2724
749.7516
722.7763
722.7763
725.2724
725.2724
727.9421
727.9421
722.7763
728.9243
727.942
728.9242
727.942
725.2724
725.2724
722.7763
755.0968
727.942
753.6614
746.0752
725.2724
727.942
749.7515
725.2724
754.8989
756.5199
756.5199
754.8989
753.2747
753.2747
754.8989
753.2747
756.5199
753.2747
756.5199
754.8989
756.5199
756.5199
754.8989
754.8989
753.2747
753.2747
728.7774
727.6495
729.894
727.6495
729.894
728.7774
729.894
728.7774
727.6495
728.7774
729.894
727.6495
729.8939
729.8939
728.7774
727.6494
728.7773
727.6494
667.9901
667.9901
667.9901
667.9901
667.9901
667.9901
667.9901
667.9901
667.9901
667.9901
667.9901
667.9901
667.9908
667.9908
667.9908
667.9908
667.9901
667.9908
667.9908
667.9901
667.9908
667.9908
667.9908
667.9908
667.9908
667.9908
667.9908
667.9908
667.9908
667.9908
667.9908
667.9908
667.9901
667.9901
667.9908
667.9908
667.9901
667.9901
667.9908
667.9908
748.2805
743.4557
750.4246
748.5266
743.4471
745.4548
745.4549
743.4472
743.4557
748.5266
750.4247
748.2805
748.5267
750.4247
745.4549
743.4557
748.2805
743.4472
725.6856
724.3409
724.2448
722.1957
720.9409
720.8529
725.6856
720.9409
722.1957
720.8529
724.2448
724.3409
722.1956
725.6856
724.2448
724.3408
720.8528
720.9408
745.4548
750.4246
748.5266
748.2805
743.4471
743.4557
743.4557
743.4471
748.2805
750.4247
745.4548
748.5266
745.4549
748.5266
750.4247
743.4472
743.4558
748.2805
722.1957
720.9409
720.8529
724.2448
724.3409
725.6856
722.1957
725.6856
724.2448
720.9409
724.3409
720.8529
725.6856
724.2448
720.9408
724.3408
720.8528
722.1957
723.1267
726.3638
734.2661
731.9579
731.9579
726.3638
726.3639
731.958
726.3639
723.1268
734.2662
731.958
726.364
706.5895
714.513
714.513
731.9581
706.5895
708.8613
712.8247
708.8613
714.513
706.5895
712.8247
712.8247
708.8613
714.5129
708.8612
712.8247
712.8247
708.8612
706.5895
723.1267
708.8611
731.9579
726.3638
708.8611
734.2661
712.8246
712.8246
740.2805
732.0537
738.5753
734.4518
737.7221
734.2533
738.5753
732.0538
734.4519
740.2806
737.7221
734.2534
738.5754
737.7222
732.0539
740.2806
734.2534
734.452
717.352
714.4178
712.8012
718.6278
714.4359
716.9222
716.9222
718.6277
714.4177
717.352
712.8011
714.4359
716.9221
718.6277
712.801
714.4177
717.3519
714.4358
737.0508
739.9731
743.2521
739.9731
737.0508
743.2521
737.0509
737.0509
739.9731
739.9731
743.2521
743.2521
739.9732
737.051
743.2522
743.2522
737.0509
739.9732
720.6104
718.2902
720.6104
716.2013
716.2013
718.2902
716.2013
718.2902
720.6104
716.2013
720.6103
718.2902
716.2012
716.2012
718.2901
718.2901
720.6103
720.6103
732.0537
734.4518
737.7221
734.2533
738.5753
740.2805
734.4519
740.2805
737.7221
738.5753
732.0537
734.2533
737.7222
740.2806
734.2534
738.5754
732.0538
734.452
716.9222
714.4178
718.6278
717.352
712.8011
714.4359
716.9222
718.6278
712.8012
714.4178
717.352
714.4359
716.9222
714.4177
718.6277
717.3519
714.4359
712.8011
706.6136
704.1429
717.1907
717.1907
706.6136
722.2787
704.1429
706.6137
717.1908
706.6137
722.2788
717.1908
695.116
695.116
717.1909
706.0072
695.116
693.3904
706.0072
702.4612
706.0072
702.4612
702.4612
695.116
695.116
693.3904
695.116
702.4612
693.3904
695.116
706.0072
702.4612
717.1907
722.2787
706.6136
717.1907
706.6136
704.1429
720.8065
712.6696
730.5779
719.2474
734.434
729.692
734.4341
730.5779
720.8066
712.6698
719.2475
729.692
720.8067
730.578
712.6698
719.2476
734.4342
729.6921
714.4371
704.9703
711.0926
703.8369
699.3057
711.7755
714.4371
711.0925
703.8369
711.7754
699.3057
704.9702
714.437
711.0924
711.7753
703.8368
704.9701
699.3056
736.5781
728.7413
727.0303
741.9594
733.1464
740.3527
728.7414
736.5782
733.1465
740.3527
741.9595
727.0304
728.7415
727.0305
733.1466
736.5783
740.3528
741.9596
715.8042
709.1698
719.5881
718.4936
713.4583
710.3381
718.4936
713.4583
715.8042
710.3381
719.5881
709.1698
715.8041
719.588
710.338
718.4935
713.4582
709.1697
728.7413
740.3527
736.5781
733.1464
727.0303
741.9594
740.3527
733.1464
727.0303
741.9594
728.7414
736.5782
736.5783
728.7415
741.9596
727.0304
740.3528
733.1465
719.5881
715.8042
718.4936
713.4583
710.3381
709.1698
713.4583
709.1698
718.4936
710.3381
719.5881
715.8042
715.8041
719.588
710.338
709.1697
713.4582
718.4935
712.6697
734.434
729.692
719.2474
730.5779
720.8066
719.2474
729.692
720.8065
712.6697
734.434
730.5779
720.8066
712.6698
730.578
719.2475
734.4341
729.6921
699.3057
711.7755
711.0926
703.8369
704.9703
714.4371
711.7755
714.4371
711.0926
704.9703
699.3057
703.8369
703.8369
711.0925
714.437
699.3056
704.9702
711.7754
686.5503
683.321
693.9897
693.9897
686.5503
697.7665
686.5503
683.321
693.9897
686.5503
693.9897
697.7666
681.0815
681.0815
686.3095
678.8084
686.3095
688.9438
688.9439
678.8084
686.3096
686.3096
681.0816
681.0816
678.8084
681.0815
686.3095
681.0815
686.3095
688.9438
686.5503
683.321
686.5503
693.9897
697.7665
693.9897
667.9901
667.9901
667.9901
667.9901
667.9901
667.9901
667.9901
667.9901
667.9901
667.9901
667.9901
667.9901
667.9901
667.9901
667.9901
667.9901
667.9901
667.9901
667.9908
667.9908
667.9908
667.9908
667.9908
667.9908
667.9908
667.9908
667.9908
667.9908
667.9908
667.9908
667.9908
667.9908
667.9908
667.9908
667.9908
667.9908
713.4476
717.0328
702.3496
697.7279
695.7764
708.8203
697.728
708.8204
695.7765
702.3497
713.4477
717.0329
713.4478
717.033
702.3497
708.8205
695.7765
697.7281
692.0944
687.4772
688.7978
699.7811
702.2304
696.4998
687.4772
696.4999
692.0943
699.7811
688.7978
702.2304
699.781
702.2303
692.0943
696.4998
687.4771
688.7977
710.1526
699.6454
699.6454
720.4004
720.4004
710.1526
699.6454
710.1526
720.4005
710.1527
699.6455
720.4005
720.4006
710.1528
710.1528
720.4006
699.6456
699.6456
690.0967
697.406
690.0967
697.406
704.5264
704.5264
690.0967
697.406
690.0967
704.5264
697.406
704.5264
690.0966
690.0966
697.4059
697.4059
704.5263
704.5263
702.3496
713.4477
695.7764
717.0328
697.7279
708.8204
717.0328
713.4476
708.8204
702.3496
697.7279
695.7764
695.7765
697.728
708.8205
702.3497
717.0329
713.4478
702.2304
696.4999
688.7978
692.0944
699.7811
687.4772
702.2304
699.7811
696.4998
692.0944
688.7978
687.4772
687.4771
688.7977
692.0943
699.7811
702.2303
696.4998
667.9901
667.9901
667.9901
667.9901
667.9901
667.9901
667.9901
667.9901
667.9901
667.9901
667.9901
667.9901
667.9901
667.9901
667.9901
667.9901
667.9901
667.9901
667.9908
667.9908
667.9908
667.9908
667.9908
667.9908
667.9908
667.9908
667.9908
667.9908
667.9908
667.9908
667.9908
667.9908
667.9908
667.9908
667.9908
667.9908
667.9901
667.9901
667.9901
667.9901
667.9901
667.9901
667.9901
667.9901
667.9901
667.9901
667.9901
667.9901
667.9908
667.9908
667.9908
667.9908
667.9908
667.9908
667.9908
667.9908
667.9908
667.9908
667.9908
667.9908
667.9908
667.9908
667.9908
667.9908
667.9908
667.9908
667.9901
667.9901
667.9901
667.9901
667.9901
667.9901
667.9901
667.9901
667.9901
667.9901
667.9901
667.9901
667.9901
667.9901
667.9901
667.9901
667.9901
667.9901
667.9901
667.9901
667.9901
667.9901
667.9901
667.9901
667.9908
667.9908
667.9908
667.9908
667.9908
667.9908
667.9908
667.9908
667.9908
667.9908
667.9908
667.9908
667.9908
667.9908
667.9908
667.9908
667.9908
667.9908
667.9901
667.9901
667.9901
667.9901
667.9901
667.9901
667.9901
667.9901
667.9901
667.9901
667.9901
667.9901
667.9901
667.9901
667.9901
667.9901
667.9901
667.9901
667.9908
667.9908
667.9908
667.9908
667.9908
667.9908
667.9908
667.9908
667.9908
667.9908
667.9908
667.9908
667.9908
667.9908
667.9908
667.9908
667.9908
667.9908
667.9901
667.9901
667.9901
667.9901
667.9901
667.9901
667.9901
667.9901
667.9901
667.9901
667.9901
667.9901
667.9901
667.9901
667.9901
667.9901
667.9901
667.9901
667.9908
667.9908
667.9908
667.9908
667.9908
667.9908
667.9908
667.9908
667.9908
667.9908
667.9908
667.9908
667.9908
667.9908
667.9908
667.9908
667.9908
667.9908
667.9901
667.9901
667.9901
667.9901
667.9901
667.9901
667.9901
667.9901
667.9901
667.9901
667.9901
667.9901
667.9901
667.9901
667.9901
667.9901
667.9901
667.9901
667.9908
667.9908
667.9908
667.9908
667.9908
667.9908
667.9908
667.9908
667.9908
667.9908
667.9908
667.9908
667.9908
667.9908
667.9908
667.9908
667.9908
667.9908
667.9901
667.9901
667.9901
667.9901
667.9901
667.9901
667.9901
667.9901
667.9901
667.9901
667.9901
667.9901
667.9901
667.9901
667.9901
667.9901
667.9901
667.9901
667.9908
667.9908
667.9908
667.9908
667.9908
667.9908
667.9908
667.9908
667.9908
667.9908
667.9908
667.9908
667.9908
667.9908
667.9908
667.9908
667.9908
667.9908
667.9901
667.9901
667.9901
667.9901
667.9901
667.9901
667.9901
667.9901
667.9901
667.9901
667.9901
667.9901
667.9901
667.9901
667.9901
667.9901
667.9901
667.9901
667.9908
667.9908
667.9908
667.9908
667.9908
667.9908
667.9908
667.9908
667.9908
667.9908
667.9908
667.9908
667.9908
667.9908
667.9908
667.9908
667.9908
667.9908
)
;
    }
}


// ************************************************************************* //
