/*--------------------------------*- C++ -*----------------------------------*\
| =========                 |                                                 |
| \\      /  F ield         | OpenFOAM: The Open Source CFD Toolbox           |
|  \\    /   O peration     | Version:  2206                                  |
|   \\  /    A nd           | Website:  www.openfoam.com                      |
|    \\/     M anipulation  |                                                 |
\*---------------------------------------------------------------------------*/
FoamFile
{
    version     2.0;
    format      ascii;
    arch        "LSB;label=32;scalar=64";
    class       volTensorField;
    location    "300/fluidRegion";
    object      Kd;
}
// * * * * * * * * * * * * * * * * * * * * * * * * * * * * * * * * * * * * * //

dimensions      [1 -3 -1 0 0 0 0];

internalField   nonuniform List<tensor> 
640
(
(0 0 0 0 0 0 0 0 0)
(0 0 0 0 0 0 0 0 0)
(0 0 0 0 0 0 0 0 0)
(0 0 0 0 0 0 0 0 0)
(0 0 0 0 0 0 0 0 0)
(0 0 0 0 0 0 0 0 0)
(0 0 0 0 0 0 0 0 0)
(0 0 0 0 0 0 0 0 0)
(0 0 0 0 0 0 0 0 0)
(0 0 0 0 0 0 0 0 0)
(0 0 0 0 0 0 0 0 0)
(0 0 0 0 0 0 0 0 0)
(0 0 0 0 0 0 0 0 0)
(0 0 0 0 0 0 0 0 0)
(0 0 0 0 0 0 0 0 0)
(0 0 0 0 0 0 0 0 0)
(0 0 0 0 0 0 0 0 0)
(0 0 0 0 0 0 0 0 0)
(0 0 0 0 0 0 0 0 0)
(0 0 0 0 0 0 0 0 0)
(0 0 0 0 0 0 0 0 0)
(0 0 0 0 0 0 0 0 0)
(0 0 0 0 0 0 0 0 0)
(0 0 0 0 0 0 0 0 0)
(0 0 0 0 0 0 0 0 0)
(0 0 0 0 0 0 0 0 0)
(0 0 0 0 0 0 0 0 0)
(0 0 0 0 0 0 0 0 0)
(0 0 0 0 0 0 0 0 0)
(0 0 0 0 0 0 0 0 0)
(0 0 0 0 0 0 0 0 0)
(0 0 0 0 0 0 0 0 0)
(0 0 0 0 0 0 0 0 0)
(0 0 0 0 0 0 0 0 0)
(0 0 0 0 0 0 0 0 0)
(0 0 0 0 0 0 0 0 0)
(0 0 0 0 0 0 0 0 0)
(0 0 0 0 0 0 0 0 0)
(0 0 0 0 0 0 0 0 0)
(0 0 0 0 0 0 0 0 0)
(0 0 0 0 0 0 0 0 0)
(0 0 0 0 0 0 0 0 0)
(0 0 0 0 0 0 0 0 0)
(0 0 0 0 0 0 0 0 0)
(0 0 0 0 0 0 0 0 0)
(0 0 0 0 0 0 0 0 0)
(0 0 0 0 0 0 0 0 0)
(0 0 0 0 0 0 0 0 0)
(0 0 0 0 0 0 0 0 0)
(0 0 0 0 0 0 0 0 0)
(0 0 0 0 0 0 0 0 0)
(0 0 0 0 0 0 0 0 0)
(0 0 0 0 0 0 0 0 0)
(0 0 0 0 0 0 0 0 0)
(0 0 0 0 0 0 0 0 0)
(0 0 0 0 0 0 0 0 0)
(0 0 0 0 0 0 0 0 0)
(0 0 0 0 0 0 0 0 0)
(0 0 0 0 0 0 0 0 0)
(0 0 0 0 0 0 0 0 0)
(0 0 0 0 0 0 0 0 0)
(0 0 0 0 0 0 0 0 0)
(0 0 0 0 0 0 0 0 0)
(0 0 0 0 0 0 0 0 0)
(0 0 0 0 0 0 0 0 0)
(0 0 0 0 0 0 0 0 0)
(0 0 0 0 0 0 0 0 0)
(0 0 0 0 0 0 0 0 0)
(0 0 0 0 0 0 0 0 0)
(0 0 0 0 0 0 0 0 0)
(0 0 0 0 0 0 0 0 0)
(0 0 0 0 0 0 0 0 0)
(0 0 0 0 0 0 0 0 0)
(0 0 0 0 0 0 0 0 0)
(0 0 0 0 0 0 0 0 0)
(0 0 0 0 0 0 0 0 0)
(0 0 0 0 0 0 0 0 0)
(0 0 0 0 0 0 0 0 0)
(0 0 0 0 0 0 0 0 0)
(0 0 0 0 0 0 0 0 0)
(0 0 0 0 0 0 0 0 0)
(0 0 0 0 0 0 0 0 0)
(0 0 0 0 0 0 0 0 0)
(0 0 0 0 0 0 0 0 0)
(0 0 0 0 0 0 0 0 0)
(0 0 0 0 0 0 0 0 0)
(0 0 0 0 0 0 0 0 0)
(0 0 0 0 0 0 0 0 0)
(0 0 0 0 0 0 0 0 0)
(0 0 0 0 0 0 0 0 0)
(0 0 0 0 0 0 0 0 0)
(0 0 0 0 0 0 0 0 0)
(0 0 0 0 0 0 0 0 0)
(0 0 0 0 0 0 0 0 0)
(0 0 0 0 0 0 0 0 0)
(0 0 0 0 0 0 0 0 0)
(0 0 0 0 0 0 0 0 0)
(0 0 0 0 0 0 0 0 0)
(0 0 0 0 0 0 0 0 0)
(0 0 0 0 0 0 0 0 0)
(0 0 0 0 0 0 0 0 0)
(0 0 0 0 0 0 0 0 0)
(0 0 0 0 0 0 0 0 0)
(0 0 0 0 0 0 0 0 0)
(0 0 0 0 0 0 0 0 0)
(0 0 0 0 0 0 0 0 0)
(0 0 0 0 0 0 0 0 0)
(1048.65 0 0 0 1048.65 0 0 0 1048.65)
(1421.35 0 0 0 1421.35 0 0 0 1421.35)
(1421.35 0 0 0 1421.35 0 0 0 1421.35)
(1421.35 0 0 0 1421.35 0 0 0 1421.35)
(1421.35 0 0 0 1421.35 0 0 0 1421.35)
(1421.35 0 0 0 1421.35 0 0 0 1421.35)
(1421.35 0 0 0 1421.35 0 0 0 1421.35)
(1421.35 0 0 0 1421.35 0 0 0 1421.35)
(1421.35 0 0 0 1421.35 0 0 0 1421.35)
(1421.35 0 0 0 1421.35 0 0 0 1421.35)
(1421.35 0 0 0 1421.35 0 0 0 1421.35)
(1421.35 0 0 0 1421.35 0 0 0 1421.35)
(1421.35 0 0 0 1421.35 0 0 0 1421.35)
(1421.35 0 0 0 1421.35 0 0 0 1421.35)
(1421.35 0 0 0 1421.35 0 0 0 1421.35)
(1421.35 0 0 0 1421.35 0 0 0 1421.35)
(1421.35 0 0 0 1421.35 0 0 0 1421.35)
(1421.35 0 0 0 1421.35 0 0 0 1421.35)
(1421.35 0 0 0 1421.35 0 0 0 1421.35)
(1421.35 0 0 0 1421.35 0 0 0 1421.35)
(1421.35 0 0 0 1421.35 0 0 0 1421.35)
(1421.35 0 0 0 1421.35 0 0 0 1421.35)
(1421.35 0 0 0 1421.35 0 0 0 1421.35)
(1421.35 0 0 0 1421.35 0 0 0 1421.35)
(1421.35 0 0 0 1421.35 0 0 0 1421.35)
(1421.35 0 0 0 1421.35 0 0 0 1421.35)
(1421.35 0 0 0 1421.35 0 0 0 1421.35)
(1421.35 0 0 0 1421.35 0 0 0 1421.35)
(1421.35 0 0 0 1421.35 0 0 0 1421.35)
(1421.35 0 0 0 1421.35 0 0 0 1421.35)
(1421.35 0 0 0 1421.35 0 0 0 1421.35)
(1421.35 0 0 0 1421.35 0 0 0 1421.35)
(1421.35 0 0 0 1421.35 0 0 0 1421.35)
(1421.35 0 0 0 1421.35 0 0 0 1421.35)
(1421.35 0 0 0 1421.35 0 0 0 1421.35)
(1421.35 0 0 0 1421.35 0 0 0 1421.35)
(1421.35 0 0 0 1421.35 0 0 0 1421.35)
(1421.35 0 0 0 1421.35 0 0 0 1421.35)
(1421.35 0 0 0 1421.35 0 0 0 1421.35)
(1421.35 0 0 0 1421.35 0 0 0 1421.35)
(1421.35 0 0 0 1421.35 0 0 0 1421.35)
(1421.35 0 0 0 1421.35 0 0 0 1421.35)
(1421.35 0 0 0 1421.35 0 0 0 1421.35)
(1421.35 0 0 0 1421.35 0 0 0 1421.35)
(1421.35 0 0 0 1421.35 0 0 0 1421.35)
(1421.35 0 0 0 1421.35 0 0 0 1421.35)
(1421.35 0 0 0 1421.35 0 0 0 1421.35)
(1421.35 0 0 0 1421.35 0 0 0 1421.35)
(1421.35 0 0 0 1421.35 0 0 0 1421.35)
(1421.35 0 0 0 1421.35 0 0 0 1421.35)
(1421.35 0 0 0 1421.35 0 0 0 1421.35)
(1421.35 0 0 0 1421.35 0 0 0 1421.35)
(1421.35 0 0 0 1421.35 0 0 0 1421.35)
(1421.35 0 0 0 1421.35 0 0 0 1421.35)
(1421.35 0 0 0 1421.35 0 0 0 1421.35)
(1421.35 0 0 0 1421.35 0 0 0 1421.35)
(1421.35 0 0 0 1421.35 0 0 0 1421.35)
(1421.35 0 0 0 1421.35 0 0 0 1421.35)
(1421.35 0 0 0 1421.35 0 0 0 1421.35)
(1421.35 0 0 0 1421.35 0 0 0 1421.35)
(1421.35 0 0 0 1421.35 0 0 0 1421.35)
(1421.35 0 0 0 1421.35 0 0 0 1421.35)
(1421.35 0 0 0 1421.35 0 0 0 1421.35)
(1421.35 0 0 0 1421.35 0 0 0 1421.35)
(1421.35 0 0 0 1421.35 0 0 0 1421.35)
(1421.35 0 0 0 1421.35 0 0 0 1421.35)
(1421.35 0 0 0 1421.35 0 0 0 1421.35)
(1421.35 0 0 0 1421.35 0 0 0 1421.35)
(1421.35 0 0 0 1421.35 0 0 0 1421.35)
(1421.35 0 0 0 1421.35 0 0 0 1421.35)
(1421.35 0 0 0 1421.35 0 0 0 1421.35)
(1421.35 0 0 0 1421.35 0 0 0 1421.35)
(1421.35 0 0 0 1421.35 0 0 0 1421.35)
(1421.35 0 0 0 1421.35 0 0 0 1421.35)
(1421.35 0 0 0 1421.35 0 0 0 1421.35)
(1421.35 0 0 0 1421.35 0 0 0 1421.35)
(1421.35 0 0 0 1421.35 0 0 0 1421.35)
(1421.35 0 0 0 1421.35 0 0 0 1421.35)
(1421.35 0 0 0 1421.35 0 0 0 1421.35)
(1421.35 0 0 0 1421.35 0 0 0 1421.35)
(1421.35 0 0 0 1421.35 0 0 0 1421.35)
(1421.35 0 0 0 1421.35 0 0 0 1421.35)
(1421.35 0 0 0 1421.35 0 0 0 1421.35)
(1421.35 0 0 0 1421.35 0 0 0 1421.35)
(1421.35 0 0 0 1421.35 0 0 0 1421.35)
(1421.35 0 0 0 1421.35 0 0 0 1421.35)
(1421.35 0 0 0 1421.35 0 0 0 1421.35)
(1421.35 0 0 0 1421.35 0 0 0 1421.35)
(1421.35 0 0 0 1421.35 0 0 0 1421.35)
(1421.35 0 0 0 1421.35 0 0 0 1421.35)
(1421.35 0 0 0 1421.35 0 0 0 1421.35)
(1421.35 0 0 0 1421.35 0 0 0 1421.35)
(1421.35 0 0 0 1421.35 0 0 0 1421.35)
(1421.35 0 0 0 1421.35 0 0 0 1421.35)
(1421.35 0 0 0 1421.35 0 0 0 1421.35)
(1421.35 0 0 0 1421.35 0 0 0 1421.35)
(1421.35 0 0 0 1421.35 0 0 0 1421.35)
(1421.35 0 0 0 1421.35 0 0 0 1421.35)
(1421.35 0 0 0 1421.35 0 0 0 1421.35)
(1421.35 0 0 0 1421.35 0 0 0 1421.35)
(1421.35 0 0 0 1421.35 0 0 0 1421.35)
(1421.35 0 0 0 1421.35 0 0 0 1421.35)
(1421.35 0 0 0 1421.35 0 0 0 1421.35)
(1421.35 0 0 0 1421.35 0 0 0 1421.35)
(1421.35 0 0 0 1421.35 0 0 0 1421.35)
(1421.35 0 0 0 1421.35 0 0 0 1421.35)
(1421.35 0 0 0 1421.35 0 0 0 1421.35)
(1421.35 0 0 0 1421.35 0 0 0 1421.35)
(1421.35 0 0 0 1421.35 0 0 0 1421.35)
(1421.35 0 0 0 1421.35 0 0 0 1421.35)
(1421.35 0 0 0 1421.35 0 0 0 1421.35)
(1421.35 0 0 0 1421.35 0 0 0 1421.35)
(1421.35 0 0 0 1421.35 0 0 0 1421.35)
(1421.35 0 0 0 1421.35 0 0 0 1421.35)
(1421.35 0 0 0 1421.35 0 0 0 1421.35)
(1421.35 0 0 0 1421.35 0 0 0 1421.35)
(1421.35 0 0 0 1421.35 0 0 0 1421.35)
(1421.35 0 0 0 1421.35 0 0 0 1421.35)
(1421.35 0 0 0 1421.35 0 0 0 1421.35)
(1421.35 0 0 0 1421.35 0 0 0 1421.35)
(1421.35 0 0 0 1421.35 0 0 0 1421.35)
(1421.35 0 0 0 1421.35 0 0 0 1421.35)
(1421.35 0 0 0 1421.35 0 0 0 1421.35)
(1421.35 0 0 0 1421.35 0 0 0 1421.35)
(1421.35 0 0 0 1421.35 0 0 0 1421.35)
(1421.35 0 0 0 1421.35 0 0 0 1421.35)
(1421.35 0 0 0 1421.35 0 0 0 1421.35)
(1421.35 0 0 0 1421.35 0 0 0 1421.35)
(1421.35 0 0 0 1421.35 0 0 0 1421.35)
(1421.35 0 0 0 1421.35 0 0 0 1421.35)
(1421.35 0 0 0 1421.35 0 0 0 1421.35)
(1421.35 0 0 0 1421.35 0 0 0 1421.35)
(1421.35 0 0 0 1421.35 0 0 0 1421.35)
(1421.35 0 0 0 1421.35 0 0 0 1421.35)
(1421.35 0 0 0 1421.35 0 0 0 1421.35)
(1421.35 0 0 0 1421.35 0 0 0 1421.35)
(1421.35 0 0 0 1421.35 0 0 0 1421.35)
(1421.35 0 0 0 1421.35 0 0 0 1421.35)
(1421.35 0 0 0 1421.35 0 0 0 1421.35)
(1421.35 0 0 0 1421.35 0 0 0 1421.35)
(1421.35 0 0 0 1421.35 0 0 0 1421.35)
(1421.35 0 0 0 1421.35 0 0 0 1421.35)
(1421.35 0 0 0 1421.35 0 0 0 1421.35)
(1421.35 0 0 0 1421.35 0 0 0 1421.35)
(1421.35 0 0 0 1421.35 0 0 0 1421.35)
(1421.35 0 0 0 1421.35 0 0 0 1421.35)
(1421.35 0 0 0 1421.35 0 0 0 1421.35)
(1421.35 0 0 0 1421.35 0 0 0 1421.35)
(1421.35 0 0 0 1421.35 0 0 0 1421.35)
(1421.35 0 0 0 1421.35 0 0 0 1421.35)
(1421.35 0 0 0 1421.35 0 0 0 1421.35)
(1421.35 0 0 0 1421.35 0 0 0 1421.35)
(1421.35 0 0 0 1421.35 0 0 0 1421.35)
(1421.35 0 0 0 1421.35 0 0 0 1421.35)
(1421.35 0 0 0 1421.35 0 0 0 1421.35)
(1421.35 0 0 0 1421.35 0 0 0 1421.35)
(1421.35 0 0 0 1421.35 0 0 0 1421.35)
(1421.35 0 0 0 1421.35 0 0 0 1421.35)
(1421.35 0 0 0 1421.35 0 0 0 1421.35)
(1048.65 0 0 0 1048.65 0 0 0 1048.65)
(0 0 0 0 0 0 0 0 0)
(0 0 0 0 0 0 0 0 0)
(0 0 0 0 0 0 0 0 0)
(0 0 0 0 0 0 0 0 0)
(0 0 0 0 0 0 0 0 0)
(0 0 0 0 0 0 0 0 0)
(0 0 0 0 0 0 0 0 0)
(0 0 0 0 0 0 0 0 0)
(0 0 0 0 0 0 0 0 0)
(0 0 0 0 0 0 0 0 0)
(0 0 0 0 0 0 0 0 0)
(0 0 0 0 0 0 0 0 0)
(0 0 0 0 0 0 0 0 0)
(0 0 0 0 0 0 0 0 0)
(0 0 0 0 0 0 0 0 0)
(0 0 0 0 0 0 0 0 0)
(0 0 0 0 0 0 0 0 0)
(0 0 0 0 0 0 0 0 0)
(0 0 0 0 0 0 0 0 0)
(0 0 0 0 0 0 0 0 0)
(0 0 0 0 0 0 0 0 0)
(0 0 0 0 0 0 0 0 0)
(0 0 0 0 0 0 0 0 0)
(0 0 0 0 0 0 0 0 0)
(0 0 0 0 0 0 0 0 0)
(0 0 0 0 0 0 0 0 0)
(0 0 0 0 0 0 0 0 0)
(0 0 0 0 0 0 0 0 0)
(0 0 0 0 0 0 0 0 0)
(0 0 0 0 0 0 0 0 0)
(0 0 0 0 0 0 0 0 0)
(0 0 0 0 0 0 0 0 0)
(0 0 0 0 0 0 0 0 0)
(0 0 0 0 0 0 0 0 0)
(0 0 0 0 0 0 0 0 0)
(0 0 0 0 0 0 0 0 0)
(0 0 0 0 0 0 0 0 0)
(0 0 0 0 0 0 0 0 0)
(0 0 0 0 0 0 0 0 0)
(0 0 0 0 0 0 0 0 0)
(0 0 0 0 0 0 0 0 0)
(0 0 0 0 0 0 0 0 0)
(0 0 0 0 0 0 0 0 0)
(0 0 0 0 0 0 0 0 0)
(0 0 0 0 0 0 0 0 0)
(0 0 0 0 0 0 0 0 0)
(0 0 0 0 0 0 0 0 0)
(0 0 0 0 0 0 0 0 0)
(0 0 0 0 0 0 0 0 0)
(0 0 0 0 0 0 0 0 0)
(0 0 0 0 0 0 0 0 0)
(0 0 0 0 0 0 0 0 0)
(0 0 0 0 0 0 0 0 0)
(0 0 0 0 0 0 0 0 0)
(0 0 0 0 0 0 0 0 0)
(0 0 0 0 0 0 0 0 0)
(0 0 0 0 0 0 0 0 0)
(0 0 0 0 0 0 0 0 0)
(0 0 0 0 0 0 0 0 0)
(0 0 0 0 0 0 0 0 0)
(0 0 0 0 0 0 0 0 0)
(0 0 0 0 0 0 0 0 0)
(0 0 0 0 0 0 0 0 0)
(0 0 0 0 0 0 0 0 0)
(0 0 0 0 0 0 0 0 0)
(0 0 0 0 0 0 0 0 0)
(0 0 0 0 0 0 0 0 0)
(0 0 0 0 0 0 0 0 0)
(0 0 0 0 0 0 0 0 0)
(0 0 0 0 0 0 0 0 0)
(0 0 0 0 0 0 0 0 0)
(0 0 0 0 0 0 0 0 0)
(0 0 0 0 0 0 0 0 0)
(0 0 0 0 0 0 0 0 0)
(0 0 0 0 0 0 0 0 0)
(0 0 0 0 0 0 0 0 0)
(0 0 0 0 0 0 0 0 0)
(0 0 0 0 0 0 0 0 0)
(0 0 0 0 0 0 0 0 0)
(0 0 0 0 0 0 0 0 0)
(0 0 0 0 0 0 0 0 0)
(0 0 0 0 0 0 0 0 0)
(0 0 0 0 0 0 0 0 0)
(0 0 0 0 0 0 0 0 0)
(0 0 0 0 0 0 0 0 0)
(0 0 0 0 0 0 0 0 0)
(0 0 0 0 0 0 0 0 0)
(0 0 0 0 0 0 0 0 0)
(0 0 0 0 0 0 0 0 0)
(0 0 0 0 0 0 0 0 0)
(0 0 0 0 0 0 0 0 0)
(0 0 0 0 0 0 0 0 0)
(0 0 0 0 0 0 0 0 0)
(0 0 0 0 0 0 0 0 0)
(0 0 0 0 0 0 0 0 0)
(0 0 0 0 0 0 0 0 0)
(0 0 0 0 0 0 0 0 0)
(0 0 0 0 0 0 0 0 0)
(0 0 0 0 0 0 0 0 0)
(0 0 0 0 0 0 0 0 0)
(0 0 0 0 0 0 0 0 0)
(0 0 0 0 0 0 0 0 0)
(0 0 0 0 0 0 0 0 0)
(0 0 0 0 0 0 0 0 0)
(0 0 0 0 0 0 0 0 0)
(0 0 0 0 0 0 0 0 0)
(0 0 0 0 0 0 0 0 0)
(0 0 0 0 0 0 0 0 0)
(0 0 0 0 0 0 0 0 0)
(0 0 0 0 0 0 0 0 0)
(0 0 0 0 0 0 0 0 0)
(0 0 0 0 0 0 0 0 0)
(0 0 0 0 0 0 0 0 0)
(0 0 0 0 0 0 0 0 0)
(0 0 0 0 0 0 0 0 0)
(0 0 0 0 0 0 0 0 0)
(0 0 0 0 0 0 0 0 0)
(0 0 0 0 0 0 0 0 0)
(0 0 0 0 0 0 0 0 0)
(0 0 0 0 0 0 0 0 0)
(0 0 0 0 0 0 0 0 0)
(0 0 0 0 0 0 0 0 0)
(0 0 0 0 0 0 0 0 0)
(0 0 0 0 0 0 0 0 0)
(0 0 0 0 0 0 0 0 0)
(0 0 0 0 0 0 0 0 0)
(0 0 0 0 0 0 0 0 0)
(0 0 0 0 0 0 0 0 0)
(0 0 0 0 0 0 0 0 0)
(0 0 0 0 0 0 0 0 0)
(0 0 0 0 0 0 0 0 0)
(0 0 0 0 0 0 0 0 0)
(0 0 0 0 0 0 0 0 0)
(0 0 0 0 0 0 0 0 0)
(0 0 0 0 0 0 0 0 0)
(0 0 0 0 0 0 0 0 0)
(0 0 0 0 0 0 0 0 0)
(0 0 0 0 0 0 0 0 0)
(0 0 0 0 0 0 0 0 0)
(0 0 0 0 0 0 0 0 0)
(0 0 0 0 0 0 0 0 0)
(0 0 0 0 0 0 0 0 0)
(0 0 0 0 0 0 0 0 0)
(0 0 0 0 0 0 0 0 0)
(0 0 0 0 0 0 0 0 0)
(0 0 0 0 0 0 0 0 0)
(0 0 0 0 0 0 0 0 0)
(0 0 0 0 0 0 0 0 0)
(0 0 0 0 0 0 0 0 0)
(0 0 0 0 0 0 0 0 0)
(0 0 0 0 0 0 0 0 0)
(0 0 0 0 0 0 0 0 0)
(0 0 0 0 0 0 0 0 0)
(0 0 0 0 0 0 0 0 0)
(0 0 0 0 0 0 0 0 0)
(0 0 0 0 0 0 0 0 0)
(0 0 0 0 0 0 0 0 0)
(0 0 0 0 0 0 0 0 0)
(0 0 0 0 0 0 0 0 0)
(0 0 0 0 0 0 0 0 0)
(0 0 0 0 0 0 0 0 0)
(0 0 0 0 0 0 0 0 0)
(0 0 0 0 0 0 0 0 0)
(0 0 0 0 0 0 0 0 0)
(0 0 0 0 0 0 0 0 0)
(0 0 0 0 0 0 0 0 0)
(0 0 0 0 0 0 0 0 0)
(0 0 0 0 0 0 0 0 0)
(0 0 0 0 0 0 0 0 0)
(0 0 0 0 0 0 0 0 0)
(0 0 0 0 0 0 0 0 0)
(0 0 0 0 0 0 0 0 0)
(0 0 0 0 0 0 0 0 0)
(0 0 0 0 0 0 0 0 0)
(0 0 0 0 0 0 0 0 0)
(0 0 0 0 0 0 0 0 0)
(0 0 0 0 0 0 0 0 0)
(0 0 0 0 0 0 0 0 0)
(0 0 0 0 0 0 0 0 0)
(0 0 0 0 0 0 0 0 0)
(0 0 0 0 0 0 0 0 0)
(0 0 0 0 0 0 0 0 0)
(0 0 0 0 0 0 0 0 0)
(0 0 0 0 0 0 0 0 0)
(0 0 0 0 0 0 0 0 0)
(0 0 0 0 0 0 0 0 0)
(0 0 0 0 0 0 0 0 0)
(0 0 0 0 0 0 0 0 0)
(0 0 0 0 0 0 0 0 0)
(0 0 0 0 0 0 0 0 0)
(0 0 0 0 0 0 0 0 0)
(0 0 0 0 0 0 0 0 0)
(0 0 0 0 0 0 0 0 0)
(0 0 0 0 0 0 0 0 0)
(0 0 0 0 0 0 0 0 0)
(0 0 0 0 0 0 0 0 0)
(0 0 0 0 0 0 0 0 0)
(0 0 0 0 0 0 0 0 0)
(0 0 0 0 0 0 0 0 0)
(0 0 0 0 0 0 0 0 0)
(0 0 0 0 0 0 0 0 0)
(0 0 0 0 0 0 0 0 0)
(0 0 0 0 0 0 0 0 0)
(0 0 0 0 0 0 0 0 0)
(0 0 0 0 0 0 0 0 0)
(0 0 0 0 0 0 0 0 0)
(0 0 0 0 0 0 0 0 0)
(0 0 0 0 0 0 0 0 0)
(0 0 0 0 0 0 0 0 0)
(0 0 0 0 0 0 0 0 0)
(0 0 0 0 0 0 0 0 0)
(0 0 0 0 0 0 0 0 0)
(0 0 0 0 0 0 0 0 0)
(3355.01 0 0 0 3355.01 0 0 0 3355.01)
(4020.17 0 0 0 4020.17 0 0 0 4020.17)
(4020.17 0 0 0 4020.17 0 0 0 4020.17)
(4020.17 0 0 0 4020.17 0 0 0 4020.17)
(4020.17 0 0 0 4020.17 0 0 0 4020.17)
(4020.17 0 0 0 4020.17 0 0 0 4020.17)
(4020.17 0 0 0 4020.17 0 0 0 4020.17)
(4020.17 0 0 0 4020.17 0 0 0 4020.17)
(4020.17 0 0 0 4020.17 0 0 0 4020.17)
(4020.17 0 0 0 4020.17 0 0 0 4020.17)
(4020.17 0 0 0 4020.17 0 0 0 4020.17)
(4020.17 0 0 0 4020.17 0 0 0 4020.17)
(4020.17 0 0 0 4020.17 0 0 0 4020.17)
(4020.17 0 0 0 4020.17 0 0 0 4020.17)
(4020.17 0 0 0 4020.17 0 0 0 4020.17)
(4020.17 0 0 0 4020.17 0 0 0 4020.17)
(4020.17 0 0 0 4020.17 0 0 0 4020.17)
(4020.17 0 0 0 4020.17 0 0 0 4020.17)
(4020.17 0 0 0 4020.17 0 0 0 4020.17)
(4020.17 0 0 0 4020.17 0 0 0 4020.17)
(4020.17 0 0 0 4020.17 0 0 0 4020.17)
(4020.17 0 0 0 4020.17 0 0 0 4020.17)
(4020.17 0 0 0 4020.17 0 0 0 4020.17)
(4020.17 0 0 0 4020.17 0 0 0 4020.17)
(4020.17 0 0 0 4020.17 0 0 0 4020.17)
(4020.17 0 0 0 4020.17 0 0 0 4020.17)
(4020.17 0 0 0 4020.17 0 0 0 4020.17)
(4020.17 0 0 0 4020.17 0 0 0 4020.17)
(4020.17 0 0 0 4020.17 0 0 0 4020.17)
(4020.17 0 0 0 4020.17 0 0 0 4020.17)
(4020.17 0 0 0 4020.17 0 0 0 4020.17)
(4020.17 0 0 0 4020.17 0 0 0 4020.17)
(4020.17 0 0 0 4020.17 0 0 0 4020.17)
(4020.17 0 0 0 4020.17 0 0 0 4020.17)
(4020.17 0 0 0 4020.17 0 0 0 4020.17)
(4020.17 0 0 0 4020.17 0 0 0 4020.17)
(4020.17 0 0 0 4020.17 0 0 0 4020.17)
(4020.17 0 0 0 4020.17 0 0 0 4020.17)
(4020.17 0 0 0 4020.17 0 0 0 4020.17)
(4020.17 0 0 0 4020.17 0 0 0 4020.17)
(4020.17 0 0 0 4020.17 0 0 0 4020.17)
(4020.17 0 0 0 4020.17 0 0 0 4020.17)
(4020.17 0 0 0 4020.17 0 0 0 4020.17)
(4020.17 0 0 0 4020.17 0 0 0 4020.17)
(4020.17 0 0 0 4020.17 0 0 0 4020.17)
(4020.17 0 0 0 4020.17 0 0 0 4020.17)
(4020.17 0 0 0 4020.17 0 0 0 4020.17)
(4020.17 0 0 0 4020.17 0 0 0 4020.17)
(4020.17 0 0 0 4020.17 0 0 0 4020.17)
(4020.17 0 0 0 4020.17 0 0 0 4020.17)
(4020.17 0 0 0 4020.17 0 0 0 4020.17)
(4020.17 0 0 0 4020.17 0 0 0 4020.17)
(4020.17 0 0 0 4020.17 0 0 0 4020.17)
(4020.17 0 0 0 4020.17 0 0 0 4020.17)
(4020.17 0 0 0 4020.17 0 0 0 4020.17)
(4020.17 0 0 0 4020.17 0 0 0 4020.17)
(4020.17 0 0 0 4020.17 0 0 0 4020.17)
(4020.17 0 0 0 4020.17 0 0 0 4020.17)
(4020.17 0 0 0 4020.17 0 0 0 4020.17)
(4020.17 0 0 0 4020.17 0 0 0 4020.17)
(4020.17 0 0 0 4020.17 0 0 0 4020.17)
(4020.17 0 0 0 4020.17 0 0 0 4020.17)
(4020.17 0 0 0 4020.17 0 0 0 4020.17)
(4020.17 0 0 0 4020.17 0 0 0 4020.17)
(4020.17 0 0 0 4020.17 0 0 0 4020.17)
(4020.17 0 0 0 4020.17 0 0 0 4020.17)
(4020.17 0 0 0 4020.17 0 0 0 4020.17)
(4020.17 0 0 0 4020.17 0 0 0 4020.17)
(4020.17 0 0 0 4020.17 0 0 0 4020.17)
(4020.17 0 0 0 4020.17 0 0 0 4020.17)
(4020.17 0 0 0 4020.17 0 0 0 4020.17)
(4020.17 0 0 0 4020.17 0 0 0 4020.17)
(4020.17 0 0 0 4020.17 0 0 0 4020.17)
(4020.17 0 0 0 4020.17 0 0 0 4020.17)
(4020.17 0 0 0 4020.17 0 0 0 4020.17)
(4020.17 0 0 0 4020.17 0 0 0 4020.17)
(4020.17 0 0 0 4020.17 0 0 0 4020.17)
(4020.17 0 0 0 4020.17 0 0 0 4020.17)
(4020.17 0 0 0 4020.17 0 0 0 4020.17)
(4020.17 0 0 0 4020.17 0 0 0 4020.17)
(4020.17 0 0 0 4020.17 0 0 0 4020.17)
(4020.17 0 0 0 4020.17 0 0 0 4020.17)
(4020.17 0 0 0 4020.17 0 0 0 4020.17)
(4020.17 0 0 0 4020.17 0 0 0 4020.17)
(4020.17 0 0 0 4020.17 0 0 0 4020.17)
(4020.17 0 0 0 4020.17 0 0 0 4020.17)
(4020.17 0 0 0 4020.17 0 0 0 4020.17)
(4020.17 0 0 0 4020.17 0 0 0 4020.17)
(4020.17 0 0 0 4020.17 0 0 0 4020.17)
(4020.17 0 0 0 4020.17 0 0 0 4020.17)
(4020.17 0 0 0 4020.17 0 0 0 4020.17)
(4020.17 0 0 0 4020.17 0 0 0 4020.17)
(4020.17 0 0 0 4020.17 0 0 0 4020.17)
(4020.17 0 0 0 4020.17 0 0 0 4020.17)
(4020.17 0 0 0 4020.17 0 0 0 4020.17)
(4020.17 0 0 0 4020.17 0 0 0 4020.17)
(4020.17 0 0 0 4020.17 0 0 0 4020.17)
(4020.17 0 0 0 4020.17 0 0 0 4020.17)
(4020.17 0 0 0 4020.17 0 0 0 4020.17)
(4020.17 0 0 0 4020.17 0 0 0 4020.17)
(4020.17 0 0 0 4020.17 0 0 0 4020.17)
(4020.17 0 0 0 4020.17 0 0 0 4020.17)
(4020.17 0 0 0 4020.17 0 0 0 4020.17)
(4020.17 0 0 0 4020.17 0 0 0 4020.17)
(4020.17 0 0 0 4020.17 0 0 0 4020.17)
(4020.17 0 0 0 4020.17 0 0 0 4020.17)
(3355.01 0 0 0 3355.01 0 0 0 3355.01)
(0 0 0 0 0 0 0 0 0)
(0 0 0 0 0 0 0 0 0)
(0 0 0 0 0 0 0 0 0)
(0 0 0 0 0 0 0 0 0)
(0 0 0 0 0 0 0 0 0)
(0 0 0 0 0 0 0 0 0)
(0 0 0 0 0 0 0 0 0)
(0 0 0 0 0 0 0 0 0)
(0 0 0 0 0 0 0 0 0)
(0 0 0 0 0 0 0 0 0)
(0 0 0 0 0 0 0 0 0)
(0 0 0 0 0 0 0 0 0)
(0 0 0 0 0 0 0 0 0)
(0 0 0 0 0 0 0 0 0)
(0 0 0 0 0 0 0 0 0)
(0 0 0 0 0 0 0 0 0)
(0 0 0 0 0 0 0 0 0)
(0 0 0 0 0 0 0 0 0)
(0 0 0 0 0 0 0 0 0)
(0 0 0 0 0 0 0 0 0)
(0 0 0 0 0 0 0 0 0)
(0 0 0 0 0 0 0 0 0)
(0 0 0 0 0 0 0 0 0)
(0 0 0 0 0 0 0 0 0)
(0 0 0 0 0 0 0 0 0)
(0 0 0 0 0 0 0 0 0)
(0 0 0 0 0 0 0 0 0)
(0 0 0 0 0 0 0 0 0)
(0 0 0 0 0 0 0 0 0)
(0 0 0 0 0 0 0 0 0)
(0 0 0 0 0 0 0 0 0)
(0 0 0 0 0 0 0 0 0)
(0 0 0 0 0 0 0 0 0)
(0 0 0 0 0 0 0 0 0)
(0 0 0 0 0 0 0 0 0)
(0 0 0 0 0 0 0 0 0)
(0 0 0 0 0 0 0 0 0)
(0 0 0 0 0 0 0 0 0)
(0 0 0 0 0 0 0 0 0)
(0 0 0 0 0 0 0 0 0)
(0 0 0 0 0 0 0 0 0)
(0 0 0 0 0 0 0 0 0)
(0 0 0 0 0 0 0 0 0)
(0 0 0 0 0 0 0 0 0)
(0 0 0 0 0 0 0 0 0)
(0 0 0 0 0 0 0 0 0)
(0 0 0 0 0 0 0 0 0)
(0 0 0 0 0 0 0 0 0)
(0 0 0 0 0 0 0 0 0)
(0 0 0 0 0 0 0 0 0)
(0 0 0 0 0 0 0 0 0)
(0 0 0 0 0 0 0 0 0)
(0 0 0 0 0 0 0 0 0)
)
;

boundaryField
{
    top
    {
        type            cyclic;
    }
    bottom
    {
        type            cyclic;
    }
    walls
    {
        type            zeroGradient;
    }
    defaultFaces
    {
        type            empty;
    }
}


// ************************************************************************* //
