/*--------------------------------*- C++ -*----------------------------------*\
| =========                 |                                                 |
| \\      /  F ield         | OpenFOAM: The Open Source CFD Toolbox           |
|  \\    /   O peration     | Version:  2206                                  |
|   \\  /    A nd           | Website:  www.openfoam.com                      |
|    \\/     M anipulation  |                                                 |
\*---------------------------------------------------------------------------*/
FoamFile
{
    version     2.0;
    format      ascii;
    arch        "LSB;label=32;scalar=64";
    class       volScalarField;
    location    "300/fluidRegion";
    object      Re;
}
// * * * * * * * * * * * * * * * * * * * * * * * * * * * * * * * * * * * * * //

dimensions      [0 0 0 0 0 0 0];

internalField   nonuniform List<scalar> 
640
(
10
10
10
10
10
10
10
10
10
10
10
10
10
10
10
10
10
10
10
10
10
10
10
10
10
10
10
10
10
10
10
10
10
10
10
10
10
10
10
10
10
10
10
10
10
10
10
10
10
10
10
10
10
10
10
10
10
10
10
10
10
10
10
10
10
10
10
10
10
10
10
10
10
10
10
10
10
10
10
10
10
10
10
10
10
10
10
10
10
10
10
10
10
10
10
10
10
10
10
10
10
10
10
10
10
10
10
7912.16
11868.2
11868.2
11868.2
11868.2
11868.2
11868.2
11868.2
11868.2
11868.2
11868.2
11868.2
11868.2
11868.2
11868.2
11868.2
11868.2
11868.2
11868.2
11868.2
11868.2
11868.2
11868.2
11868.2
11868.2
11868.2
11868.2
11868.2
11868.2
11868.2
11868.2
11868.2
11868.2
11868.2
11868.2
11868.2
11868.2
11868.2
11868.2
11868.2
11868.2
11868.2
11868.2
11868.2
11868.2
11868.2
11868.2
11868.2
11868.2
11868.2
11868.2
11868.2
11868.2
11868.2
11868.2
11868.2
11868.2
11868.2
11868.2
11868.2
11868.2
11868.2
11868.2
11868.2
11868.2
11868.2
11868.2
11868.2
11868.2
11868.2
11868.2
11868.2
11868.2
11868.2
11868.2
11868.2
11868.2
11868.2
11868.2
11868.2
11868.2
11868.2
11868.2
11868.2
11868.2
11868.2
11868.2
11868.2
11868.2
11868.2
11868.2
11868.2
11868.2
11868.2
11868.2
11868.2
11868.2
11868.2
11868.2
11868.2
11868.2
11868.2
11868.2
11868.2
11868.2
11868.2
11868.2
11868.2
11868.2
11868.2
11868.2
11868.2
11868.2
11868.2
11868.2
11868.2
11868.2
11868.2
11868.2
11868.2
11868.2
11868.2
11868.2
11868.2
11868.2
11868.2
11868.2
11868.2
11868.2
11868.2
11868.2
11868.2
11868.2
11868.2
11868.2
11868.2
11868.2
11868.2
11868.2
11868.2
11868.2
11868.2
11868.2
11868.2
11868.2
11868.2
11868.2
11868.2
11868.2
11868.2
11868.2
11868.2
11868.2
11868.2
11868.2
11868.2
11868.2
11868.2
11868.2
7912.16
10
10
10
10
10
10
10
10
10
10
10
10
10
10
10
10
10
10
10
10
10
10
10
10
10
10
10
10
10
10
10
10
10
10
10
10
10
10
10
10
10
10
10
10
10
10
10
10
10
10
10
10
10
10
10
10
10
10
10
10
10
10
10
10
10
10
10
10
10
10
10
10
10
10
10
10
10
10
10
10
10
10
10
10
10
10
10
10
10
10
10
10
10
10
10
10
10
10
10
10
10
10
10
10
10
10
10
10
10
10
10
10
10
10
10
10
10
10
10
10
10
10
10
10
10
10
10
10
10
10
10
10
10
10
10
10
10
10
10
10
10
10
10
10
10
10
10
10
10
10
10
10
10
10
10
10
10
10
10
10
118682
118682
118682
118682
118682
118682
118682
118682
118682
118682
118682
118682
118682
118682
118682
118682
118682
118682
118682
118682
118682
118682
118682
118682
118682
118682
118682
118682
118682
118682
118682
118682
118682
118682
118682
118682
118682
118682
118682
118682
118682
118682
118682
118682
118682
118682
118682
118682
118682
118682
118682
118682
144114
2331.26
2967.06
2967.06
2967.06
2967.06
2967.06
2967.06
2967.06
2967.06
2967.06
2967.06
2967.06
2967.06
2967.06
2967.06
2967.06
2967.06
2967.06
2967.06
2967.06
2967.06
2967.06
2967.06
2967.06
2967.06
2967.06
2967.06
2967.06
2967.06
2967.06
2967.06
2967.06
2967.06
2967.06
2967.06
2967.06
2967.06
2967.06
2967.06
2967.06
2967.06
2967.06
2967.06
2967.06
2967.06
2967.06
2967.06
2967.06
2967.06
2967.06
2967.06
2967.06
2967.06
2967.06
2967.06
2967.06
2967.06
2967.06
2967.06
2967.06
2967.06
2967.06
2967.06
2967.06
2967.06
2967.06
2967.06
2967.06
2967.06
2967.06
2967.06
2967.06
2967.06
2967.06
2967.06
2967.06
2967.06
2967.06
2967.06
2967.06
2967.06
2967.06
2967.06
2967.06
2967.06
2967.06
2967.06
2967.06
2967.06
2967.06
2967.06
2967.06
2967.06
2967.06
2967.06
2967.06
2967.06
2967.06
2967.06
2967.06
2967.06
2967.06
2967.06
2967.06
2967.06
2967.06
2331.26
10
10
10
10
10
10
10
10
10
10
10
10
10
10
10
10
10
10
10
10
10
10
10
10
10
10
10
10
10
10
10
10
10
10
10
10
10
10
10
10
10
10
10
10
10
10
10
10
10
10
10
10
10
)
;

boundaryField
{
    top
    {
        type            cyclic;
    }
    bottom
    {
        type            cyclic;
    }
    walls
    {
        type            zeroGradient;
    }
    defaultFaces
    {
        type            empty;
    }
}


// ************************************************************************* //
