/*--------------------------------*- C++ -*----------------------------------*\
| =========                 |                                                 |
| \\      /  F ield         | OpenFOAM: The Open Source CFD Toolbox           |
|  \\    /   O peration     | Version:  v1906                                 |
|   \\  /    A nd           | Web:      www.OpenFOAM.com                      |
|    \\/     M anipulation  |                                                 |
\*---------------------------------------------------------------------------*/
FoamFile
{
    version     2.0;
    format      ascii;
    class       volScalarField;
    location    "110/neutroRegion";
    object      volFuelPower;
}
// * * * * * * * * * * * * * * * * * * * * * * * * * * * * * * * * * * * * * //

dimensions      [1 -1 -3 0 0 0 0];


internalField   nonuniform List<scalar> 
8595
(
1907.68
4362.37
5890.08
6945.94
7680.43
8189.46
8539.24
8773.74
8920.44
8996.63
9013.05
8974.77
8884.23
8739.41
8533.03
8253.18
7878.37
7394.56
6535.82
6022.72
5645
5349.99
5113.9
4922.53
4766.2
4637.78
4531.79
4443.9
4370.65
4309.26
4257.45
4213.37
4175.51
4142.6
4113.61
4087.64
4063.95
4041.89
4020.85
4000.3
3979.68
3958.47
3936.06
3911.81
3884.91
3854.39
3818.94
3776.75
3725.2
3660.33
3575.94
3462.06
3302.91
3075.88
2770.81
2508.29
1202.93
5095.81
12318.2
17027.1
20248.2
22479.3
24022.3
25083.2
25795.1
26241.7
26475.6
26529.3
26419.4
26151.6
25720.4
25107.4
24281.5
23191
21736
19407.3
17884.3
16749.6
15860.9
15149
14571.6
14099.9
13712.3
13392.5
13127.3
12906.3
12721.2
12565
12432.2
12318.2
12219.1
12131.9
12053.8
11982.6
11916.4
11853.2
11791.6
11729.7
11666.1
11598.9
11526.1
11445.3
11353.5
11246.9
11119.9
10964.5
10769
10514.6
10171.4
9692.09
9006.71
8051.66
6845.66
3067.76
7983.05
19763.4
27603.3
32951.1
36646.9
39203.8
40967
42154.2
42902.8
43299.5
43397.2
43223.3
42786.9
42079.2
41071.7
39714.9
37925.5
35523.8
31942.3
29462.1
27588.5
26114.6
24931.4
23970.9
23185.6
22540.2
22007.4
21565.6
21197.5
20889.1
20628.9
20407.8
20217.9
20053.1
19907.9
19778.1
19659.8
19549.7
19444.8
19342.4
19239.8
19134.1
19022.5
18901.5
18767.3
18614.9
18437.7
18226.6
17968.6
17644.1
17222.2
16654
15860.8
14723.1
13093.5
10773
4668.38
10743
26863.1
37686.9
45061.4
50153.2
53683.4
56127.7
57781.2
58830.2
59392.9
59540.9
59312.2
58718.3
57747
56360.2
54491
52025.1
48729.7
44061.8
40689.2
38105.5
36061.9
34417
33079.8
31985.6
31085.8
30342.8
29726.6
29213.1
28782.9
28420.1
28111.7
27847
27617.2
27415
27234.2
27069.5
26916.2
26770.2
26627.7
26484.9
26337.9
26182.6
26014.3
25827.5
25615.3
25368.7
25075.2
24716.7
24266.4
23682.3
22897.4
21803.1
20228.7
17925
14443.6
6144.76
13520.4
33756.4
47342.6
56589
62976.2
67422.6
70516.9
72621
73965
74695
74899.7
74625.8
73887
72667.5
70919.9
68561
65450.6
61327
55706.1
51510.2
48252.3
45659.8
43566.8
41862.3
40466.1
39317.3
38368.3
37581.1
36925
36375.4
35911.8
35517.8
35179.7
34886.3
34628.2
34397.5
34187.3
33991.8
33805.7
33624
33441.9
33254.4
33056.4
32841.8
32603.6
32333.1
32018.8
31644.9
31189.1
30617.7
29878.8
28888.9
27512.3
25528.1
22581.4
17972.1
7599.45
16479
40575.3
56629
67541.5
75097.7
80389.4
84093.2
86627.2
88258.2
89155.8
89423.1
89114.2
88244.3
86793.8
84706.7
81885.8
78170.6
73288.6
66827.6
61877.8
57986.2
54869.8
52345.6
50286
48596.9
47206
46056.4
45102.6
44307.6
43641.4
43079.7
42602.3
42192.8
41837.4
41524.8
41245.5
40991.2
40754.7
40529.5
40309.7
40089.4
39862.7
39623.1
39363.4
39075.2
38748.1
38368.1
37916.8
37367.5
36680.9
35796.3
34616.5
32982.1
30627.3
27098.6
21457.7
9134.37
19845.2
47451.2
65591.6
77918.5
86499.6
92554.3
96821.6
99762
101670
102735
103071
102737
101751
100088
97685.4
94433.7
90158.9
84589.8
77387.2
71751.9
67269.7
63658
60722.1
58321.6
56350.3
54725.7
53382.3
52267.2
51337.6
50558.7
49901.9
49343.7
48865
48449.6
48084.4
47758.1
47461.1
47184.9
46922
46665.4
46408.2
46143.5
45863.7
45560.5
45224.1
44842.2
44399.2
43873.5
43235.4
42440.5
41421
40068.9
38206.3
35531.5
31510.1
24993.4
10879.1
23958.2
54508.4
74250.9
87708.3
97159.1
103889
108673
111995
114171
115402
115812
115465
114377
112522
109829
106181
101395
95208.5
87352.8
81098.1
76070.2
71993.9
68668.5
65943.3
63702.2
61853.5
60323.9
59053.7
57994.7
57107.1
56358.8
55722.9
55177.5
54704.5
54288.6
53917.2
53579.1
53264.8
52965.7
52673.7
52381.1
52079.9
51761.4
51416.4
51033.7
50599.4
50096
49499.8
48778
47882.4
46740
45235.2
43178.1
40243.7
35843
28670.4
13026
29326.9
61822.3
82585.4
96880.2
107047
114370
119625
123308
125743
127140
127629
127278
126104
124076
121120
117111
111862
105126
96698.3
89887.3
84359.3
79851.3
76160.1
73128
70630.8
68568.8
66861.5
65443.3
64260.5
63269.1
62433.2
61722.9
61113.8
60585.6
60121.4
59706.8
59329.5
58978.8
58645.1
58319.3
57992.9
57656.7
57301.4
56916.4
56489.5
56005.3
55444.6
54781.9
53982
52994
51741.4
50104.9
47889.7
44762.2
40113.7
32573.8
15885.5
36596.3
69349.1
90520.7
105388
116139
123984
129673
133696
136380
137941
138514
138168
136921
134741
131548
127212
121548
114327
105401
98094.7
92112.6
87206.9
83175.1
79855.4
77116.9
74853.3
72977.8
71419.1
70118.8
69028.8
68109.6
67328.7
66659.1
66078.5
65568.3
65112.7
64698.2
64313
63946.4
63588.7
63230.1
62860.8
62470.4
62047.6
61578.8
61047.3
60432.7
59707.8
58835.6
57763.6
56414
54667.3
52331.3
49079.8
44321.8
36765
19981.1
18019.2
13636.1
10802.1
8770.23
7167
5793.68
4535.49
3317.55
2080.81
764.144
33623.3
28775.1
24544.1
20777.4
17333.9
14100.6
10988.5
7925.77
4849.83
1698.07
41253.5
36299.2
31548.4
26988
22588.7
18317.7
14145.4
10048.1
6008.9
2018.85
46167.2
41056.2
35976.2
30950.9
25991.7
21103.5
16288.5
11548.4
6885.71
2303.27
49567.7
44294.7
38966.7
33623.3
28293.9
23001.3
17763.1
12593.8
7505.39
2507.51
52033.7
46607.3
41080.4
35500.4
29906.1
24329
18795.2
13326.3
7940.09
2650.91
53889.2
48324.9
42634.6
36870.6
31076.8
25289.9
19540.5
13854.6
8253.29
2754.2
55328.1
49643.1
43817.4
37906.6
31957.5
26009.9
20097.5
14248.6
8486.74
2831.18
56472.2
50683.1
44744.8
38714.5
32641.4
26567.4
20527.8
14552.5
8666.63
2890.51
57402.4
51524.2
45491
39362.1
33187.9
27011.7
20870.1
14794.1
8809.51
2937.64
58173.5
52218.6
46105.3
39893.7
33635.6
27375
21149.6
14991.2
8926.06
2976.09
58825
52803.9
46621.8
40339.9
34010.7
27679.2
21383.5
15155.9
9023.48
3008.24
59386.1
53307.1
47065.3
40722.5
34332.1
27939.5
21583.5
15296.9
9106.79
3035.74
59878.9
53748.6
47454
41057.7
34613.5
28167.4
21758.6
15420.2
9179.66
3059.79
60321.6
54144.9
47802.7
41358.2
34865.6
28371.5
21915.3
15530.5
9244.91
3081.33
60728.2
54508.8
48122.9
41634
35097
28558.8
22059.2
15631.8
9304.78
3101.09
61111.7
54852
48424.6
41893.9
35315
28735.2
22194.7
15727.2
9361.14
3119.7
61482.9
55184
48716.6
42145.4
35525.9
28905.9
22325.7
15819.5
9415.66
3137.68
61852.4
55514.4
49007
42395.5
35735.7
29075.6
22456
15911.2
9469.84
3155.55
62230.3
55852.3
49304
42651.2
35950.1
29249.1
22589.1
16004.9
9525.17
3173.79
62626.9
56206.9
49615.7
42919.4
36175
29430.9
22728.7
16103.1
9583.16
3192.91
63053.3
56588
49950.5
43207.6
36416.5
29626.3
22878.6
16208.5
9645.39
3213.41
63521.6
57006.5
50318.2
43523.9
36681.6
29840.6
23042.9
16324.1
9713.63
3235.88
64045.6
57474.6
50729.3
43877.6
36977.9
30080.1
23226.6
16453.3
9789.84
3260.97
64641
58006.4
51196.3
44279.2
37314.3
30351.9
23435.1
16599.8
9876.29
3289.43
65326.4
58618.6
51733.6
44741.3
37701.2
30664.5
23674.7
16768.2
9975.65
3322.13
66123.7
59330.3
52358.2
45278.2
38150.7
31027.7
23953
16963.9
10091
3360.1
67058.3
60164.5
53090.2
45907.3
38677.4
31453
24279
17192.9
10226.1
3404.55
68160.7
61148.2
53953.2
46648.9
39298
31954.3
24663.1
17462.8
10385.3
3456.91
69466.9
62313.5
54975.3
47527
40032.8
32547.6
25117.7
17782.2
10573.6
3518.87
71018.9
63697.8
56189.2
48569.8
40905.3
33252
25657.3
18161.3
10797.1
3592.41
72865.5
65344.6
57633.1
49810
41942.9
34089.6
26299
18612.1
11062.9
3679.86
75063.2
67304.3
59351.2
51285.7
43177.5
35086.3
27062.5
19148.4
11379.2
3783.9
77676.1
69634.5
61394.4
53040.7
44645.9
36271.9
27970.8
19786.5
11755.4
3907.69
80776.5
72400.1
63820.2
55125.3
46390.8
37681.1
29050.8
20545.4
12202.9
4054.91
84444.3
75674.6
66694.9
57597.7
48461.9
39355.2
30334.5
21447.8
12735.3
4230.05
88766.6
79540
70094.7
60527.2
50920.6
41345.8
31863.2
22523.8
13370.4
4439.06
93836.5
84089.1
74110.5
64001.5
53848.4
43725.8
33697.6
23818.9
14136.6
4691.4
99748.8
89426
78855.9
68141
57369.1
46616.3
35948.8
25424.6
15095.2
5009.02
106584
95660.3
84472.3
73121
61691.9
50256.9
38876
27597.9
16461.1
5496.5
111926
100449
88700.9
76784.3
64784.6
52774.6
40816.1
28961.9
17258.8
5752.46
115929
103995
91791.8
79424.9
66982.2
54538.9
42159.7
29900.4
17810.7
5936.41
118765
106480
93936.1
81239.3
68478.8
55730.9
43061.3
30526.6
18176.5
6056.75
120579
108047
95270.5
82354.4
69387.9
56447.2
43597.8
30896.1
18391.3
6127.32
121483
108802
95891.9
82857.2
69785.5
56751.7
43820.2
31046.3
18477.4
6155.59
121552
108814
95863.5
82803.6
69719.3
56683.4
43758.5
30997.7
18446.6
6145.55
120826
108118
95216.2
82219.9
69211
56259.5
43425.1
30758.8
18304
6098.83
119304
106712
93947.4
81103
68257.3
55476.5
42817.1
30327.3
18048.1
6015
116942
104555
92017.7
79417.4
66827
54308.4
41914.1
29688.8
17670.5
5891.24
113647
101558
89346
77090
64857.1
52703.1
40675.5
28814.5
17153.8
5721.84
109265
97574.9
85795.1
73997.4
62240
50571.2
39031.3
27654.3
16468.5
5496.98
103561
92374.3
81147.7
69941.8
58803.1
47768.7
36868.7
26127.9
15566.7
5200.91
96178.4
85600.5
75063.6
64611.1
54271.8
44065.8
34007.2
24106.6
14372.1
4808.58
86561.8
76685.9
66992.4
57497.6
48200.2
39090.6
30156
21383.8
12762.5
4280.13
73786
64662.6
55998.4
47749.2
39850.3
32235.6
24845.6
17629.5
10544.7
3553.34
56100.9
47714.3
40402.6
33913.9
28020.9
22545.5
17352.5
12339.1
7423.55
2533.81
29096.3
21887.5
17159.7
13747.8
11062.2
8788.17
6746.93
4826.98
2948.29
1039.85
1749.57
1749.16
1808.08
1913.6
2069.99
2289.02
2590.06
3002.89
3573.87
4379.35
5560.28
5522.9
5526.71
5712.47
6046.42
6542.03
7236.66
8191.77
9501.82
11313.7
13868.9
17611.4
10081.5
10104.3
10447.5
11061.4
11972
13247.9
15001.9
17407
20732
25416.3
32258.7
15684.9
15756
16302.2
17267.8
18696.8
20697.5
23446.2
27212.5
32413.7
39727.2
50356.2
21707.8
21867.2
22647.8
24002.9
26000.6
28793.2
32625.5
37870.2
45099.9
55234.4
69858
27503.7
27782.8
28806.5
30548.2
33103.6
36668.7
41554.2
48229.4
57409.9
70230.4
88587.3
33044.9
33470.5
34744
36866.9
39964.7
44276.3
50174.3
58217.4
69249.5
84589.1
106379
38313.6
38907.2
40435.2
42931.3
46552.5
51579
58441
67777.7
80545.1
98214.2
123113
43294
44071.6
45856
48714.8
52836.9
58541.5
66311.5
76857.3
91229.8
111021
138691
48017.6
48992.1
51034.3
54245.9
58847.4
65194.9
73818.9
85491.5
101342
123056
153175
52694
53884.6
56196
59764.9
64843.9
71824.8
81282
94042.4
111300
134809
167154
57532
58969
61574.2
65520.8
71094.8
78723.7
89022.9
102868
121503
146726
181122
62623.7
64346.8
67278.9
71631.1
77724
86020
97171.9
112093
132063
158887
195097
67521.8
69552.8
72819.8
77569.6
84154.5
93066.5
104985
120845
141928
170004
207486
71597.2
73917.6
77482.5
82567.4
89548.5
98936.9
111424
127942
149746
178527
216528
74651.4
77221.9
81027.7
86364.5
93623.9
103324
116154
133025
155138
184075
221878
76664.9
79439
83422.8
88924.2
96341.5
106191
119145
136076
158115
186710
223684
77625.4
80551.8
84646.5
90222.8
97678.2
107517
120385
137104
158715
186525
222125
77523.5
80546.8
84682.7
90244
97619.7
107296
119880
136134
157002
183639
217405
76358.8
79421.6
83528.4
88985.5
96168.5
105537
117655
133217
153065
178197
209752
74135
77179.1
81186.6
86453.5
93336.2
102262
113749
128417
147003
170356
199396
70862.3
73829.2
77669
82663.4
89145.2
97507
108213
121811
138933
160283
186578
66564.6
69397.1
73003.7
77648.8
83638.4
91326.6
101123
113503
128996
148172
171560
61618.9
64273.8
67605.5
71858.9
77312.4
84282.1
93127.1
104255
118106
135135
155712
56700.6
59166.2
62222
66094.9
71037.4
77332.7
85296.2
95280.3
107652
122778
140904
51975.5
54251.8
57042.1
60556.8
65025
70700.8
77862.5
86816.4
97869.9
111323
127325
47320.9
49405.6
51934.9
55103.2
59117.8
64206.2
70613.3
78604.8
88439.2
100359
114450
42506.5
44389.4
46649.5
49466.1
53024.4
57525.9
63183.4
70225.4
78866.8
89300
101563
37381.4
39045.8
41021.2
43470.4
46556.3
50453.9
55344.2
61419.8
68856.1
77800.5
88253
31948
33377.9
35053.6
37121.2
39720.4
42999
47106.3
52200.6
58422
65878.2
74540.8
26211.3
27390.4
28752.7
30426.2
32526.2
35172.5
38483.4
42583.9
47582.1
53553
60449.4
20189.5
21102.2
22139.1
23408.7
25000.1
27004.2
29508.9
32607.1
36378.3
40870.8
46030.4
13895.2
14525.8
15227.7
16085.8
17161.4
18515.9
20207.3
22297.6
24839.9
27861.7
31314.4
7442.19
7780.12
8146.01
8594.82
9158.39
9868.72
10755.4
11850.9
13183.2
14764.5
16564.1
2101.55
2195.91
2294.95
2418.05
2573.33
2769.51
3014.56
3317.5
3686.26
4123.77
4621.18
24149.9
27004.1
30678.1
34401.4
38043.5
41556.6
44904
48067.2
51035.7
53897.5
56789.7
59781.3
62763.7
65324.6
67245.2
68518.8
69145.9
69127.8
68466.4
67166.3
65241.3
62681.5
59617.6
56438.9
53417.6
50494.7
47540.8
44427.4
41140.4
37700.2
34136.1
30495.1
27204.7
24626.4
22582.7
39756.8
41751.1
44280.7
46851.9
49396.4
51888.3
54301.4
56618.1
58824.3
60979.6
63184.9
65492.2
67815.3
69822.5
71326.7
72310.7
72766.8
72692.7
72089.8
70966.2
69337.5
67209.8
64700.2
62135.1
59732
57440.9
55159.5
52793.1
50337
47811
45237.3
42644
40316.3
38482.9
37006.9
47080.7
48881.1
51099.1
53303.9
55451.1
57530.2
59527.8
61435.7
63246.6
65012.4
66817.2
68704.8
70605.4
72247.6
73477.2
74278
74642.2
74566.5
74051.3
73102.9
71732.2
69952.2
67860.2
65727.8
63733.3
61832.6
59938.4
57969.4
55918.1
53795.9
51614.3
49388
47354
45721.5
44382.6
51823.1
53596.3
55745.4
57848
59866.7
61796.9
63631.8
65368.1
67003.3
68587.3
70196.7
71870.7
73547.7
74990.2
76065.7
76762.6
77075.1
77000.8
76540.5
75699.1
74485.2
72907.5
71047.9
69144.7
67357.4
65646.4
63932.5
62139.7
60257.5
58292.1
56249.7
54138.7
52182.3
50592.4
49274.9
55112.6
56902.4
59055.3
61145.5
63137.2
65027.9
66812.8
68491
70062.3
71576.1
73106.1
74689.4
76267
77617.2
78619.7
79266.8
79555.2
79484.2
79054.5
78270.3
77137.2
75662
73916.4
72120.7
70425.6
68794.6
67152.7
65425.8
63601.8
61684.9
59678.7
57589.6
55638.6
54043.2
52714.9
57505.5
59327.7
61511.3
63623.4
65628.5
67525
69308.8
70980.2
72539.9
74037.7
75546.8
77103.4
78649.3
79968.5
80946
81576.5
81858.9
81793
81380
80623.2
79526.4
78094.9
76395.2
74639.6
72976.1
71369.9
69747.2
68034.6
66219
64303.4
62290.6
60186.2
58212.6
56593.5
55242.1
59312.2
61170.5
63393.5
65539.8
67573.9
69494.3
71297.5
72984.1
74555.5
76062.1
77577.8
79138.5
80686.4
82005.7
82983.1
83614.7
83900.3
83840.5
83436.2
82690.6
81606.2
80187.1
78497.9
76748.4
75086.7
73478.7
71850.8
70129.1
68300
66366
64329.5
62195.5
60189.6
58540.9
57163
60718.5
62611.6
64874.6
67057.9
69125.3
71075.6
72905.4
74615.7
76207.9
77733.5
79267.2
80845.7
82410.4
83744
84732.8
85373.5
85666.5
85612.6
85212.8
84469.9
83385.9
81964
80268.4
78509.2
76835.8
75214.2
73570.7
71830.4
69979.3
68019.6
65953.6
63786.2
61746.3
60068
58664.2
61841.4
63766.1
66066.5
68285.1
70385.3
72365.9
74223.6
75959.4
77575
79122.7
80678.3
82279.1
83866.1
85219.4
86223.9
86876.7
87178.3
87129.8
86732.1
85987.7
84898.5
83467.2
81757.8
79982.4
78292
76652.7
74990
73228.1
71352.8
69366.1
67270.3
65070.1
62998
61292.1
59864.6
62758.2
64710.9
67044.7
69295.4
71425.8
73434.8
75318.9
77079.4
78717.8
80287.4
81865.1
83488.8
85098.9
86472.9
87493.8
88159.2
88469.4
88425.5
88028.5
87280.8
86184.1
84741
83015.5
81222
79513.3
77855.5
76173.3
74390
72491.1
70478.7
68354.9
66124.6
64023.4
62293
60844.5
63521.9
65499.1
67862.5
70141.8
72299.3
74333.8
76242
78025.1
79684.7
81274.6
82873
84518.3
86150.4
87543.9
88580.6
89257.7
89575.8
89535.8
89138.8
88387.1
87282.3
85826.7
84085.2
82273.8
80547.5
78871.9
77171.3
75368
73447.4
71411.5
69262.4
67005
64877.9
63125.9
61659
64170.5
66169.1
68558.4
70863
73044.5
75101.8
77031.6
78834.9
80513.5
82121.8
83738.9
85403.9
87056
88467.6
89518.5
90206.2
90531.3
90494.7
90097.3
89341.4
88228.5
86761.1
85004.3
83176.2
81433.5
79741.6
78024.2
76202.7
74262.5
72205.4
70033.8
67752.4
65602.4
63831.5
62348.7
64731.7
66749.3
69161.5
71488.4
73691.2
75768.8
77717.7
79539.1
81234.7
82859.6
84493.5
86176.2
87846.4
89274
90337.8
91035.1
91366.3
91332.5
90934.5
90174.5
89054
87575.5
85804.5
83961.2
82203.5
80496.8
78764.1
76926.3
74968.4
72892.5
70700.7
68398
66227.8
64440.2
62943.3
65227.1
67261.5
69694.2
72041.1
74262.9
76358.6
78324.7
80162.4
81873.3
83513
85162.1
86860.6
88547.1
89989.3
91064.6
91770.4
92107.1
92075.7
91676.8
90912.9
89785.4
88296.6
86512.7
84655.3
82883.9
81163.8
79417.3
77564.7
75590.9
73497.9
71288.1
68966.3
66778
64975.4
63465.9
65673.9
67723.5
70174.9
72539.7
74778.9
76891
78872.7
80725.2
82450
84103.2
85766.1
87479.1
89180.4
90635.7
91721.5
92435
92776.6
92747.1
92347.5
91579.8
90445.6
88947.3
87151.3
85281
83497.1
81764.6
80005.5
78139.3
76151
74042.5
71816.3
69477.2
67272.5
65456.4
63935.6
66086.3
68150.1
70618.6
73000.2
75255.3
77382.7
79378.8
81244.9
82982.6
84648.3
86323.9
88050.3
89765.2
91232.7
92328.2
93048.7
93394.6
93367
92966.3
92195.1
91054.6
89547.3
87740
85857.7
84062
82318
80547.1
78668.4
76666.5
74543.7
72302.2
69947
67727.1
65898.5
64367.2
66476.5
68553.7
71038.4
73435.8
75706
77847.8
79857.7
81736.7
83486.5
85164
86851.7
88590.7
90318.5
91797.4
92901.9
93629
93979.1
93953
93551.4
92776.6
91630.1
90114.2
88296.1
86402.2
84595.4
82840.5
81058.4
79167.7
77153.1
75016.6
72760.6
70390.3
68156
66315.5
64774.3
66855.4
68945.6
71446.1
73858.8
76143.7
78299.5
80322.5
82214.1
83975.7
85664.6
87364
89115.3
90855.6
92345.6
93458.8
94192.3
94546.3
94521.6
94119
93340.7
92188.3
90663.9
88835.3
86930.1
85112.5
83346.9
81553.8
79651.5
77624.4
75474.7
73204.7
70819.5
68571.3
66719.3
65168.4
67233.3
69336.6
71852.7
74280.8
76580.3
78750
80786.2
82690.2
84463.6
86164
87875
89638.5
91391.2
92892.2
94014.1
94753.9
95111.7
95088.5
94684.8
93903
92744.5
91211.7
89372.5
87456.1
85627.5
83851.3
82047.3
80133.3
78093.8
75930.9
73646.8
71246.8
68984.7
67121.2
65560.7
67620.5
69737.1
72269.4
74713.1
77027.6
79211.5
81261.3
83178.1
84963.5
86675.6
88398.5
90174.5
91939.9
93452.2
94583
95329.1
95690.8
95669
95264.2
94478.8
93314.1
91772.5
89922.4
87994.4
86154.7
84367.5
82552.3
80626.4
78574.1
76397.5
74099.1
71684
69407.6
67532.3
65962
68027.5
70158.2
72707.3
75167.5
77497.8
79696.7
81760.8
83691
85489.1
87213.4
88948.8
90738
92516.7
94040.8
95180.9
95933.8
96299.6
96279.2
95873.2
95083.8
93912.5
92361.7
90500.2
88560
86708.4
84909.6
83082.7
81144.2
79078.4
76887.6
74574
72143
69851.5
67963.8
66383.2
68465.4
70611.2
73178.6
75656.6
78003.8
80219
82298.3
84243.1
86054.8
87792.3
89541.3
91344.6
93137.8
94674.6
95824.7
96584.7
96955
96936.1
96528.7
95735.2
94556.8
92996
91122
89168.6
87304.3
85493
83653.4
81701.3
79621
77414.7
75084.8
72636.6
70328.9
68428
66836.2
68946.8
71109.3
73696.8
76194.3
78560.3
80793.2
82889.5
84850.2
86677
88429.1
90193
92011.9
93820.9
95371.8
96532.9
97300.8
97675.9
97658.6
97249.8
96451.5
95265.3
93693.4
91805.7
89837.7
87959.3
86134.3
84280.6
82313.5
80217.2
77993.9
75646
73178.9
70853.4
68937.7
67333.6
69486
71667.1
74277.2
76796.7
79183.6
81436.6
83551.9
85530.5
87374.2
89142.7
90923.3
92759.7
94586.5
96153.1
97326.6
98103.4
98483.8
98468.4
98057.8
97254.2
96059
94474.7
92571.5
90587.1
88692.9
86852.5
84982.9
82999.1
80884.8
78642.4
76274.3
73785.9
71440.3
69508.2
67890.3
70099.6
72302.1
74937.9
77482.4
79893.3
82169.2
84306.1
86305.1
88168
89955.2
91754.8
93611.2
95458.2
97042.8
98230.3
99017.2
99403.6
99390.3
98977.6
98167.8
96962.4
95363.8
93443
91439.8
89527.6
87669.4
85781.9
83778.8
81644
79379.8
76988.6
74476
72107.6
70156.7
68523.1
70807.3
73034.5
75700
78273.5
80712.1
83014.2
85176.1
87198.8
89083.9
90892.7
92714.3
94593.7
96464.1
98069.2
99272.9
100071
100465
100454
100038
99221.4
98004.1
96388.9
94447.6
92422.6
90489.4
88610.8
86702.3
84677
82518.5
80229
77811.2
75270.6
72875.8
70903.2
69251.5
71632.8
73888.7
76588.9
79196.2
81667.1
84000
86191.1
88241.2
90152.3
91986.2
93833.4
95739.6
97637.2
99266.3
100489
101300
101702
101693
101275
100449
99217.8
97583.1
95617.7
93567.2
91609.4
89706.8
87773.9
85722.7
83536.4
81217.5
78768.6
76195.3
73769.8
71771.9
70099
72604.4
74894.2
77635.2
80282.2
82791.1
85160.2
87385.5
89468.1
91409.6
93273
95150.2
97087.8
99017.2
100674
101919
102746
103156
103150
102728
101892
100644
98985.7
96991.7
94911
92924.2
90993.3
89031.7
86949.7
84730.7
82377.1
79891.5
77279.8
74818
72790.4
71092.6
73756.6
76086.4
78875.8
81569.9
84123.7
86535.6
88801.4
90922.2
92899.6
94797.8
96710.4
98685
100652
102342
103611
104457
104877
104874
104446
103598
102329
100644
98615.4
96498.7
94477.4
92512.8
90516.9
88398.5
86140.7
83746
81217
78559.6
76055
73992.1
72264.9
75130.9
77508.5
80355.3
83105.3
85712.5
88175.2
90489
92655.1
94675.1
96614.4
98568.9
100587
102598
104326
105626
106491
106924
106923
106489
105625
104331
102612
100543
98382.9
96320.2
94315.4
92278.6
90116.8
87812.8
85369
82788.3
80076.7
77521.1
75416.3
73654.1
76778
79212.5
82127.9
84944.5
87615.2
90138.3
92509.2
94729
96799.4
98787.5
100791
102861
104923
106697
108030
108920
109365
109366
108924
108040
106716
104956
102837
100625
98513
96459.9
94374.1
92160.4
89801
87298.6
84656.2
81880
79263.5
77108.8
75304.9
78759.2
81261.7
84258.9
87154.9
89901.2
92496.1
94934.8
97218.3
99348.4
101394
103456
105586
107709
109535
110908
111824
112283
112285
111831
110922
109562
107751
105573
103298
101126
99014.8
96870.2
94594.2
92168.6
89596.2
86879.9
84026.4
81337.4
79123.1
77269.5
81149.2
83732.8
86827.5
89818
92654.2
95334.3
97853.2
100212
102412
104525
106656
108856
111049
112935
114354
115300
115773
115774
115304
114364
112957
111086
108834
106484
104239
102059
99843.4
97492.8
94988
92331.8
89527.4
86581.6
83806
81520.7
79607.7
84038.4
86718.8
89929.3
93031.8
95974.4
98754.9
101368
103815
106098
108290
110499
112781
115055
117009
118478
119456
119943
119940
119447
118467
117003
115057
112717
110275
107944
105680
103380
100941
98341
95584.9
92675.5
89619.9
86741.2
84371.2
82387.8
87537.2
90331.9
93679.2
96913.7
99981
102879
105602
108152
110529
112812
115112
117487
119851
121881
123404
124415
124913
124901
124377
123347
121811
119774
117326
114775
112340
109976
107576
105030
102318
99443.5
96409.5
93223.7
90223
87753
85686
91779.7
94708.5
98215.6
101603
104815
107849
110698
113364
115850
118235
120636
123114
125577
127688
129267
130309
130814
130783
130218
129122
127498
125350
122773
120091
117533
115051
112531
109860
107016
104002
100821
97482.7
94338.6
91751
89586
96929.6
100013
103703
107266
110641
113827
116818
119614
122219
124715
127227
129814
132382
134575
136207
137274
137776
137715
137093
135914
134180
131898
129168
126330
123627
121006
118348
115531
112533
109357
106007
102491
99180.2
96456.4
94177.7
103186
106443
110337
114092
117647
120999
124141
127076
129806
132420
135045
137743
140413
142683
144359
145439
145923
145814
145114
143829
141962
139519
136608
133589
130719
127938
125121
122137
118962
115602
112058
108340
104841
101962
99554
110788
114229
118338
122295
126035
129556
132852
135926
138780
141507
144240
147041
149800
152131
153834
154905
155349
155168
154365
152948
150919
148285
145163
141937
138877
135916
132919
129748
126378
122812
119054
115113
111405
108355
105804
120001
123622
127937
132086
136000
139678
143114
146313
149276
152101
154925
157808
160633
162995
164694
165728
166100
165815
164878
163295
161073
158218
154856
151397
148123
144963
141769
138394
134811
131023
127036
122857
118927
115697
112995
127506
131304
135825
140164
144250
148084
151659
154980
158052
160973
163886
166849
169737
172132
173829
174826
175131
174747
173681
171942
169535
166469
162878
159197
155723
152375
148995
145429
141645
137650
133447
129046
124910
121510
118669
133415
137368
142067
146572
150810
154780
158478
161909
165076
168084
171075
174109
177053
179475
181168
182132
182374
181899
180717
178835
176261
173005
169209
165331
161678
158163
154620
150884
146926
142750
138360
133767
129454
125912
122951
137946
142022
146864
151501
155860
159940
163736
167254
170498
173573
176626
179715
182700
185139
186822
187750
187931
187373
186084
184075
181355
177933
173960
169912
166107
162451
158769
154892
150788
146462
141920
137171
132717
129060
126006
141282
145448
150393
155126
159571
163729
167596
171175
174472
177594
180688
183810
186817
189257
190920
191808
191930
191294
189910
187790
184943
181381
177261
173073
169144
165373
161580
157590
153372
148930
144270
139404
134843
131102
127980
143554
147776
152785
157577
162075
166280
170187
173801
177126
180272
183384
186518
189524
191949
193581
194423
194486
193777
192309
190094
187142
183466
179228
174931
170906
167048
163172
159098
154796
150271
145528
140581
135950
132153
128986
144843
149090
154125
158941
163459
167679
171598
175220
178549
181694
184801
187923
190908
193300
194889
195680
195683
194907
193366
191071
188036
184272
179948
175573
171481
167563
163630
159502
155146
150570
145779
140787
136117
132292
129103
145183
149423
154449
159253
163758
167963
171866
175470
178780
181903
184982
188070
191011
193352
194888
195623
195566
194730
193126
190769
187672
183848
179468
175046
170915
166965
163003
158849
154470
149873
145067
140063
135388
131561
128373
144557
148760
153740
158498
162957
167119
170977
174537
177804
180883
183915
186948
189825
192101
193573
194246
194132
193241
191588
189186
186050
182194
177789
173352
169212
165257
161294
157142
152769
148184
143394
138413
133763
129961
126794
142892
147027
151926
156604
160986
165073
168860
172352
175554
178568
181531
184490
187286
189484
190885
191496
191328
190393
188702
186274
183122
179261
174865
170444
166325
162393
158457
154336
150000
145457
140716
135792
131199
127447
124325
140053
144088
148867
153431
157704
161689
165380
168781
171897
174828
177707
180576
183279
185390
186718
187269
187055
186085
184374
181940
178795
174957
170598
166226
162157
158278
154397
150336
146066
141597
136938
132103
127600
123925
120868
135819
139722
144347
148764
152900
156757
160330
163622
166639
169475
172259
175030
177636
179661
180923
181423
181173
180185
178472
176051
172936
169147
164854
160557
156565
152764
148964
144991
140817
136451
131904
127193
122811
119239
116271
129867
133606
138045
142288
146267
149980
153424
156601
159513
162255
164948
167629
170152
172110
173324
173795
173533
172547
170851
168462
165396
161674
157466
153262
149364
145658
141958
138094
134038
129801
125393
120833
116600
113156
110298
121713
125268
129503
133563
137381
140956
144282
147359
150190
152861
155494
158125
160610
162551
163763
164246
164006
163050
161393
159050
156041
152387
148261
144147
140340
136728
133130
129379
125448
121349
117092
112699
108632
105333
102602
110639
114010
118058
121965
125667
129156
132424
135468
138285
140960
143615
146289
148840
150863
152162
152729
152565
151678
150078
147784
144816
141201
137115
133044
129285
125726
122191
118518
114683
110695
106568
102324
98415
95257.9
92656.3
95518.2
98768.9
102735
106621
110352
113914
117287
120462
123428
126272
129121
132024
134836
137117
138646
139407
139399
138625
137097
134834
131858
128199
124043
119895
116065
112447
108862
105151
101294
97307
93206
89016.1
85186.9
82119.8
79612.6
74421
77805.2
82055.1
86319.1
90487.2
94521.1
98382.2
102046
105493
108817
112168
115608
118980
121775
123729
124826
125066
124455
123003
120729
117656
113812
109392
104945
100817
96904.9
93023.4
89005.2
84836.5
80543.5
76155.2
71710.2
67693.7
64516.8
61956.1
43462.7
48110.6
53987.4
59859.3
65538.4
70961.5
76080.8
80874.6
85332.3
89588.8
93843.6
98184.9
102432
105978
108523
110069
110628
110213
108836
106513
103258
99087.3
94193.4
89176.7
84445.4
79894.2
75314
70502.4
65433.7
60133
54634.6
48993.4
43849.5
39769.5
36492.9
4129.52
14832.4
28118.6
41458.2
54617.9
67567.8
80256.5
92658
104748
116903
129803
143981
159300
173991
186704
197152
205074
210222
212350
211233
206674
198506
187025
173895
160667
147360
133523
118600
102533
85423.1
67388.1
48591.9
31136.5
17002.3
5368.87
3597.77
12912.9
24443.2
35974.5
47297.7
58383.2
69184.7
79678.8
89844.6
99995.3
110683
122316
134721
146405
156283
164141
169792
173065
173798
171854
167123
159528
149400
138179
127099
116118
104835
92794.9
79959.6
66412
52246.7
37587
24050.2
13123.8
4143.47
3131.38
11231.4
21236.4
31214.2
40979.3
50502.8
59742.7
68677.4
77288
85837.5
94780.1
104432
114608
124040
131849
137874
141982
144059
143999
141725
137181
130343
121537
111994
102706
93596.1
84313.9
74480.8
64064.6
53130.7
41750.4
30014.4
19201.8
10480.5
3310.87
2739.12
9817.74
18543.8
27225.1
35698
43935.4
51899.8
59571.8
66934.5
74211.2
81780.9
89893.9
98366.4
106113
112410
117137
120200
121521
121035
118700
114494
108420
100784
92637.6
84787.4
77144.2
69400.5
61236.4
52623.3
43611.8
34256.4
24625.1
15758.7
8605.69
2720.74
2416.79
8656.38
16333.4
23954
31373.6
38567.8
45503.5
52163.4
58532.9
64804.4
71299.3
78221.1
85393.1
91877.9
97069.5
100876
103230
104079
103383
101123
97294
91914.3
85261.8
78240.5
71521.6
65012.3
58441.9
51536.1
44268.4
36679.1
28810.5
20715.5
13263.6
7248.18
2293.91
2155.99
7716.9
14546.1
21311.3
27883.6
34241.7
40356.3
46212.7
51798
57280.8
62939
68942.1
75124.5
80665.8
85049.3
88203.2
90077.7
90637.6
89858.1
87732.6
84266.3
79482.9
73632.7
67502.4
61662.6
56022.6
50342.9
44383.9
38121.1
31587.3
24816.4
17851.1
11436.5
6254.62
1981.99
1947.22
6965
13116.3
19198.3
25095.7
30789.7
36254.8
41478.1
46448.9
51317.3
56328.1
61627
67060.1
71899.7
75695.7
78390.1
79945.2
80335.8
79546.2
77576.5
74436.4
70150.3
64943.4
59510.1
54347.4
49369.6
44362.3
39112.7
33598.2
27846.1
21884.7
15749.7
10096.2
5525.56
1753.17
1781.17
6366.99
11979.4
17519.3
22882.4
28052.3
33006.7
37734.7
42227.2
46620.2
51133.9
55897.4
60768.6
65092.1
68467.4
70845.6
72196.2
72499.9
71745.8
69936.6
67082.7
63206.9
58511.9
53620.2
48975.3
44497.9
39993.9
35271.1
30308.3
25128.9
19757.4
14225.4
9123.13
4995.35
1586.25
1649.04
5891.1
11074.9
16184.6
21125
25882.1
30436.2
34778.4
38900.9
42929.1
47065
51426.5
55883.3
59836.2
62920.5
65093
66326.8
66605.4
65919.9
64272.5
61672.3
58138.4
53853.1
49382.7
45132.5
41030.4
36898.7
32560.7
27995.7
23225
18270.5
13161
8443.11
4623.68
1468.42
1542.47
5507
10345.2
15109.3
19712.2
24142.4
28382.5
32424.8
36262.9
40014
43867.1
47933.4
52094.1
55793.4
58691.3
60747.7
61937
62243.1
61656.7
60178.2
57813.2
54575.6
50628.7
46493.3
42547.6
38727.4
34868.5
30805
26516.4
22021.4
17340.2
12500.4
8022.17
4393.08
1394.66
1452.54
5180.89
9726.93
14203.6
18531
22699.1
26691.8
30502.2
34124.3
37669.1
41316.6
45175
49137
52679.8
55479.7
57497.2
58706.3
59090.1
58637.2
57345.2
55215.6
52255.8
48610.1
44759.8
41063.3
37465.3
33812.4
29946
25843.2
21518.3
16987.4
12274.6
7888.92
4322.02
1371.05
1943.94
1933.78
1911.58
1891.59
1877.33
1869.22
1866.64
1868.67
1874.44
1883.15
1893.89
1905.25
1914.42
1914.93
1889.35
6025.24
5994.54
5927.83
5867.39
5824.55
5800.74
5794.08
5801.79
5821.2
5849.82
5884.84
5921.91
5952.35
5956.14
5881.76
10861
10798.6
10678.2
10570
10493.9
10452.3
10441.8
10457.4
10494.2
10547.7
10613
10682.3
10740.3
10751.7
10630.1
16688.9
16568.9
16378.1
16210.8
16094.5
16032.3
16018.2
16044.5
16103.8
16189.1
16293
16404
16499.7
16529
16372.3
22823.1
22610.9
22334.7
22101.1
21941.6
21858
21841.4
21880.7
21965.7
22086.8
22234.5
22394.1
22537
22600.2
22440.7
28627.8
28296.5
27926.2
27624.6
27422.8
27319.3
27301.6
27354.9
27466
27623.6
27816
28026.6
28222.8
28334.2
28206.5
34095
33621.3
33148.5
32777.4
32534.1
32412.3
32394.7
32462.8
32600.7
32795
33033
33296.7
33552.1
33725.8
33660.8
39221.5
38586.2
38003.7
37561.7
37277.9
37139.1
37122.9
37206.7
37371.7
37603
37886.9
38205.7
38525.6
38774.4
38799
44003.1
43191
42493.1
41979.5
41656.3
41502.3
41488.6
41588.7
41781
42049.2
42379.4
42754.8
43143.7
43478.3
43615.4
48479.1
47477.1
46658.6
46072.7
45711.3
45543.5
45533.6
45650.7
45870.7
46175.8
46552.6
46985.9
47448.1
47878.4
48148
52852
51639.5
50690.5
50028.6
49628.7
49448.1
49443.5
49579.2
49828.3
50172.1
50597.8
51093
51635.6
52175.3
52602
57307.2
55850.5
54753.4
54008.2
53567.9
53375.3
53378.2
53535.2
53816.6
54202.9
54682.5
55247
55882
56551.8
57171.3
61908.9
60160.6
58891.4
58052.9
57569.7
57366.6
57380.1
57562.5
57880.7
58314.9
58855.4
59499.2
60243.1
61071.1
61931.9
66220.9
64145.6
62690.2
61755.5
61231.7
61021.5
61049.2
61260
61617.6
62101.9
62706
63434.1
64296.7
65303.2
66445.1
69685.2
67283.8
65651.2
64630.9
64074.7
63863
63907.3
64146.2
64540.9
65071.1
65733.5
66539.8
67515.7
68698.5
70127.7
72149.6
69443.2
67655
66565.6
65987.9
65780.2
65842.5
66107.6
66534.5
67103.8
67815.2
68688.1
69763.4
71107
72808.7
73616.1
70634.6
68717.3
67577.8
66990
66791.7
66872.6
67161.1
67614.9
68215.1
68964.9
69890.7
71048.1
72530.8
74479.8
74089.7
70871.3
68855.9
67687
67100.8
66916.8
67016.4
67324.8
67799
68421.3
69197.8
70161.4
71380.7
72975.6
75137.9
73575.4
70166.9
68089
66912.7
66339.6
66174
66291.5
66615.6
67103.3
67738.2
68528.9
69513.7
70772.3
72448.4
74781.7
72084.2
68541.1
66439.4
65278.5
64729.5
64585.6
64719.5
65054.3
65547.9
66185.4
66977.3
67965.9
69239.8
70962.6
73418.3
69628
66014.5
63930.6
62807.5
62292.7
62173.1
62321
62660.9
63152.4
63782
64561.8
65536.5
66800.6
68533.5
71057.4
66223.4
62612.2
60589.3
59526
59054.3
58960.4
59119
59457.8
59938.8
60549.9
61304.1
62247
63476.2
65180.9
67714.5
61899.7
58371.1
56452.6
55469.4
55048.2
54979.9
55145.3
55476.4
55938.2
56520
57235.4
58129
59298.2
60936.5
63417.9
57038
53666.8
51885.3
50993.5
50624.5
50579.2
50746.4
51063.6
51499.2
52044
52710.9
53542.8
54633.6
56174.4
58547.5
52273.2
49099.4
47463.2
46660.7
46339
46311.8
46476.8
46777
47184
47689.7
48306.5
49074.3
50082.1
51513.9
53749.5
47741.8
44784.5
43292.7
42573.7
42293.8
42280.7
42440.7
42722.4
43100.2
43567.1
44134.4
44839.2
45764.5
47084.8
49169.8
43314.1
40589.7
39242.1
38603
38361.3
38359.2
38512.2
38774
39121.8
39549.4
40067.3
40709.2
41551.8
42757.9
44681.3
38767.7
36299.5
35101.9
34542.7
34337.3
34344.2
34487.9
34727.7
35043.4
35429.7
35895.8
36472.3
37228.4
38313.4
40059.4
33963.5
31781.5
30742.7
30265.1
30095.2
30109.1
30241.1
30455.9
30736.4
31078
31488.7
31995.3
32658.7
33612.7
35161
28908.5
27040.5
26168
25772.8
25637.2
25655.8
25773.4
25960.5
26202.7
26496.2
26847.8
27280.2
27845.5
28659.3
29990.5
23612.6
22083.8
21382.8
21070.3
20967.1
20987.9
21088.4
21244.9
21445.6
21687.8
21976.8
22331.2
22793.1
23458.4
24554.9
18098.7
16929.7
16403.4
16172.2
16099.2
16119.7
16200.3
16323
16479.4
16667.1
16890.3
17163
17517.4
18027.3
18873.7
12384.9
11591.1
11240
11088.2
11042.6
11059.9
11117.6
11203.8
11312.8
11443
11597.3
11785
12028.2
12377.1
12960.7
6582.98
6167.48
5986.81
5909.86
5888.23
5899.33
5931.55
5978.75
6037.97
6108.48
6191.76
6292.83
6423.25
6609.37
6923.59
1840.67
1727.06
1678.23
1657.69
1652.28
1655.85
1665.25
1678.79
1695.71
1715.8
1739.52
1768.28
1805.37
2.00166e+07
1.934e+07
1.86331e+07
1.78983e+07
1.71349e+07
1.63351e+07
2.92896e+07
3.07298e+07
3.21268e+07
3.34835e+07
3.47978e+07
3.60642e+07
3.72755e+07
3.84235e+07
3.94997e+07
4.04954e+07
4.14021e+07
4.22117e+07
4.2917e+07
4.35112e+07
4.39887e+07
4.43449e+07
4.45761e+07
4.46801e+07
4.46557e+07
4.45031e+07
4.42236e+07
4.38199e+07
4.32959e+07
4.26564e+07
4.19074e+07
4.10558e+07
4.01091e+07
3.90754e+07
3.79634e+07
3.67814e+07
3.55378e+07
3.42398e+07
3.28929e+07
3.14996e+07
3.00567e+07
4.60369e+07
4.82635e+07
5.04431e+07
5.25702e+07
5.46359e+07
5.66293e+07
5.85376e+07
6.03472e+07
6.20442e+07
6.36146e+07
6.5045e+07
6.63226e+07
6.74356e+07
6.83737e+07
6.91277e+07
6.96904e+07
7.0056e+07
7.02209e+07
7.01833e+07
6.99435e+07
6.95036e+07
6.88677e+07
6.8042e+07
6.70342e+07
6.58537e+07
6.45114e+07
6.30193e+07
6.13904e+07
5.96384e+07
5.77771e+07
5.58201e+07
5.37804e+07
5.16692e+07
4.94958e+07
4.72661e+07
6.44894e+07
6.7579e+07
7.06231e+07
7.36058e+07
7.65098e+07
7.93163e+07
8.20059e+07
8.45581e+07
8.69526e+07
8.91693e+07
9.11888e+07
9.29931e+07
9.45653e+07
9.58908e+07
9.69566e+07
9.77523e+07
9.827e+07
9.85044e+07
9.84529e+07
9.81159e+07
9.74964e+07
9.66004e+07
9.54362e+07
9.4015e+07
9.23501e+07
9.04569e+07
8.83525e+07
8.60556e+07
8.35858e+07
8.09633e+07
7.82086e+07
7.53417e+07
7.23818e+07
6.93469e+07
6.62534e+07
8.26845e+07
8.6643e+07
9.0558e+07
9.44044e+07
9.81563e+07
1.01787e+08
1.05269e+08
1.08576e+08
1.1168e+08
1.14554e+08
1.17173e+08
1.19514e+08
1.21554e+08
1.23274e+08
1.24658e+08
1.25692e+08
1.26365e+08
1.26672e+08
1.26607e+08
1.26172e+08
1.25371e+08
1.24211e+08
1.22704e+08
1.20863e+08
1.18706e+08
1.16253e+08
1.13527e+08
1.10552e+08
1.07353e+08
1.03959e+08
1.00396e+08
9.6692e+07
9.28749e+07
8.89714e+07
8.50077e+07
1.00504e+08
1.05346e+08
1.10146e+08
1.1487e+08
1.19485e+08
1.23954e+08
1.28244e+08
1.3232e+08
1.36147e+08
1.39692e+08
1.42923e+08
1.45812e+08
1.4833e+08
1.50454e+08
1.52163e+08
1.53441e+08
1.54274e+08
1.54655e+08
1.54578e+08
1.54045e+08
1.5306e+08
1.51632e+08
1.49776e+08
1.47508e+08
1.4485e+08
1.41828e+08
1.38468e+08
1.34802e+08
1.30861e+08
1.2668e+08
1.22294e+08
1.17739e+08
1.1305e+08
1.08263e+08
1.03413e+08
1.17862e+08
1.23608e+08
1.29314e+08
1.34936e+08
1.40432e+08
1.4576e+08
1.50876e+08
1.55738e+08
1.60305e+08
1.64537e+08
1.68395e+08
1.71844e+08
1.74852e+08
1.7739e+08
1.79433e+08
1.80961e+08
1.81959e+08
1.82417e+08
1.8233e+08
1.81697e+08
1.80526e+08
1.78826e+08
1.76614e+08
1.7391e+08
1.70742e+08
1.67137e+08
1.6313e+08
1.58757e+08
1.54058e+08
1.49073e+08
1.43845e+08
1.38419e+08
1.32837e+08
1.27145e+08
1.21385e+08
1.34677e+08
1.41355e+08
1.47991e+08
1.54535e+08
1.60937e+08
1.67145e+08
1.73109e+08
1.78778e+08
1.84104e+08
1.8904e+08
1.93541e+08
1.97566e+08
2.01076e+08
2.04039e+08
2.06425e+08
2.08212e+08
2.0938e+08
2.09919e+08
2.09821e+08
2.09089e+08
2.07728e+08
2.0575e+08
2.03175e+08
2.00027e+08
1.96336e+08
1.92136e+08
1.87466e+08
1.82369e+08
1.76892e+08
1.71082e+08
1.6499e+08
1.58668e+08
1.52169e+08
1.45545e+08
1.38847e+08
1.51035e+08
1.58684e+08
1.66289e+08
1.73793e+08
1.81135e+08
1.88257e+08
1.95101e+08
2.01608e+08
2.07722e+08
2.13389e+08
2.18557e+08
2.23179e+08
2.27211e+08
2.30615e+08
2.33358e+08
2.35412e+08
2.36759e+08
2.37382e+08
2.37277e+08
2.36443e+08
2.34887e+08
2.32624e+08
2.29675e+08
2.26067e+08
2.21836e+08
2.1702e+08
2.11663e+08
2.05817e+08
1.99532e+08
1.92866e+08
1.85876e+08
1.78624e+08
1.71168e+08
1.63572e+08
1.55894e+08
1.6768e+08
1.76396e+08
1.85066e+08
1.93621e+08
2.01994e+08
2.10117e+08
2.17924e+08
2.25347e+08
2.32322e+08
2.38787e+08
2.44684e+08
2.49959e+08
2.54561e+08
2.58447e+08
2.6158e+08
2.63929e+08
2.6547e+08
2.66189e+08
2.66076e+08
2.65133e+08
2.63367e+08
2.60794e+08
2.57439e+08
2.53333e+08
2.48513e+08
2.43026e+08
2.36921e+08
2.30255e+08
2.23089e+08
2.15485e+08
2.07512e+08
1.99239e+08
1.90734e+08
1.82068e+08
1.7331e+08
1.85481e+08
1.9545e+08
2.05367e+08
2.15153e+08
2.24731e+08
2.34023e+08
2.42953e+08
2.51445e+08
2.59424e+08
2.66819e+08
2.73565e+08
2.796e+08
2.84866e+08
2.89314e+08
2.92903e+08
2.95595e+08
2.97366e+08
2.98197e+08
2.98079e+08
2.97012e+08
2.95004e+08
2.92075e+08
2.8825e+08
2.83566e+08
2.78064e+08
2.71797e+08
2.64822e+08
2.57202e+08
2.49007e+08
2.4031e+08
2.31187e+08
2.21717e+08
2.11981e+08
2.02058e+08
1.92029e+08
2.05054e+08
2.16568e+08
2.28021e+08
2.39321e+08
2.50379e+08
2.61106e+08
2.71413e+08
2.81213e+08
2.9042e+08
2.98953e+08
3.06737e+08
3.13699e+08
3.19777e+08
3.24912e+08
3.29057e+08
3.32172e+08
3.34225e+08
3.35196e+08
3.35075e+08
3.33861e+08
3.31563e+08
3.28203e+08
3.23809e+08
3.18422e+08
3.12091e+08
3.04874e+08
2.96836e+08
2.8805e+08
2.78595e+08
2.68555e+08
2.58019e+08
2.47076e+08
2.3582e+08
2.24343e+08
2.12738e+08
2.25149e+08
2.38509e+08
2.51794e+08
2.64898e+08
2.77717e+08
2.90149e+08
3.0209e+08
3.1344e+08
3.24101e+08
3.33981e+08
3.42991e+08
3.51051e+08
3.58087e+08
3.64036e+08
3.6884e+08
3.72454e+08
3.74844e+08
3.75986e+08
3.75867e+08
3.74485e+08
3.71852e+08
3.6799e+08
3.62931e+08
3.56721e+08
3.49416e+08
3.41079e+08
3.31786e+08
3.21619e+08
3.1067e+08
2.99034e+08
2.86813e+08
2.74111e+08
2.61036e+08
2.47696e+08
2.34198e+08
2.43501e+08
2.58875e+08
2.74161e+08
2.89231e+08
3.03968e+08
3.18252e+08
3.31966e+08
3.44997e+08
3.57232e+08
3.68567e+08
3.78902e+08
3.88146e+08
3.96217e+08
4.03042e+08
4.08559e+08
4.12716e+08
4.15473e+08
4.16804e+08
4.16693e+08
4.15139e+08
4.12153e+08
4.07758e+08
4.0199e+08
3.94901e+08
3.86549e+08
3.77008e+08
3.66362e+08
3.54702e+08
3.42133e+08
3.28761e+08
3.14704e+08
3.00081e+08
2.85015e+08
2.6963e+08
2.54049e+08
2.59279e+08
2.76771e+08
2.94157e+08
3.11289e+08
3.28032e+08
3.44252e+08
3.59817e+08
3.74597e+08
3.88468e+08
4.01313e+08
4.13022e+08
4.23494e+08
4.32636e+08
4.4037e+08
4.46625e+08
4.51346e+08
4.54487e+08
4.56019e+08
4.55925e+08
4.542e+08
4.50857e+08
4.4592e+08
4.39429e+08
4.31436e+08
4.22008e+08
4.11224e+08
3.99175e+08
3.85965e+08
3.71707e+08
3.56522e+08
3.4054e+08
3.23897e+08
3.06732e+08
2.89187e+08
2.71403e+08
2.72403e+08
2.92112e+08
3.11693e+08
3.30977e+08
3.49811e+08
3.68044e+08
3.85528e+08
4.02119e+08
4.17681e+08
4.32083e+08
4.45207e+08
4.5694e+08
4.67185e+08
4.75852e+08
4.82868e+08
4.8817e+08
4.9171e+08
4.93455e+08
4.93384e+08
4.91494e+08
4.87794e+08
4.82312e+08
4.75086e+08
4.66174e+08
4.55646e+08
4.43587e+08
4.30095e+08
4.15283e+08
3.99273e+08
3.82201e+08
3.64211e+08
3.45453e+08
3.26085e+08
3.06266e+08
2.86156e+08
2.82832e+08
3.04856e+08
3.26726e+08
3.4825e+08
3.69255e+08
3.89572e+08
4.09038e+08
4.27494e+08
4.44792e+08
4.60791e+08
4.75361e+08
4.88383e+08
4.99751e+08
5.09371e+08
5.17163e+08
5.2306e+08
5.27011e+08
5.28979e+08
5.28941e+08
5.26891e+08
5.22839e+08
5.16811e+08
5.08848e+08
4.99007e+08
4.87363e+08
4.74004e+08
4.59036e+08
4.42577e+08
4.2476e+08
4.05733e+08
3.85653e+08
3.64686e+08
3.43009e+08
3.20799e+08
2.98239e+08
2.90531e+08
3.14965e+08
3.39217e+08
3.63063e+08
3.86312e+08
4.08776e+08
4.30276e+08
4.5064e+08
4.69707e+08
4.87327e+08
5.03363e+08
5.17688e+08
5.30191e+08
5.40773e+08
5.49349e+08
5.5585e+08
5.60219e+08
5.62419e+08
5.62422e+08
5.60222e+08
5.55826e+08
5.49258e+08
5.40561e+08
5.29792e+08
5.17026e+08
5.02354e+08
4.85887e+08
4.67747e+08
4.48078e+08
4.27035e+08
4.04789e+08
3.81524e+08
3.57433e+08
3.32716e+08
3.0758e+08
2.9549e+08
3.22434e+08
3.49157e+08
3.75406e+08
4.00965e+08
4.25628e+08
4.49202e+08
4.71501e+08
4.92355e+08
5.11606e+08
5.29111e+08
5.4474e+08
5.58376e+08
5.69917e+08
5.79277e+08
5.86381e+08
5.91173e+08
5.93609e+08
5.93662e+08
5.91322e+08
5.86595e+08
5.79502e+08
5.70084e+08
5.58396e+08
5.44515e+08
5.28531e+08
5.10555e+08
4.90715e+08
4.69159e+08
4.4605e+08
4.21571e+08
3.95921e+08
3.69313e+08
3.4197e+08
3.14124e+08
2.97719e+08
3.27284e+08
3.56577e+08
3.8531e+08
4.13243e+08
4.40152e+08
4.65827e+08
4.90074e+08
5.12717e+08
5.33592e+08
5.52555e+08
5.69471e+08
5.84225e+08
5.96712e+08
6.06843e+08
6.14544e+08
6.19756e+08
6.22432e+08
6.22543e+08
6.20077e+08
6.15035e+08
6.07437e+08
5.97319e+08
5.84736e+08
5.69758e+08
5.52476e+08
5.32997e+08
5.11451e+08
4.87985e+08
4.62769e+08
4.35995e+08
4.07874e+08
3.78639e+08
3.48538e+08
3.17835e+08
2.97218e+08
3.29538e+08
3.61515e+08
3.92822e+08
4.23191e+08
4.5238e+08
4.80168e+08
5.06358e+08
5.3077e+08
5.53242e+08
5.73628e+08
5.91799e+08
6.07637e+08
6.21041e+08
6.31922e+08
6.40204e+08
6.45826e+08
6.48742e+08
6.48919e+08
6.46341e+08
6.41006e+08
6.32931e+08
6.22146e+08
6.08702e+08
5.92663e+08
5.74113e+08
5.53157e+08
5.29916e+08
5.04536e+08
4.77187e+08
4.48062e+08
4.17385e+08
3.85405e+08
3.524e+08
3.18666e+08
2.93997e+08
3.29238e+08
3.64037e+08
3.98016e+08
4.30879e+08
4.62371e+08
4.92267e+08
5.2037e+08
5.46505e+08
5.70519e+08
5.92272e+08
6.1164e+08
6.28511e+08
6.42786e+08
6.54378e+08
6.63213e+08
6.6923e+08
6.7238e+08
6.72629e+08
6.69956e+08
6.64356e+08
6.55839e+08
6.44432e+08
6.30177e+08
6.1313e+08
5.93367e+08
5.70979e+08
5.46081e+08
5.18807e+08
4.89317e+08
4.57802e+08
4.24487e+08
3.89635e+08
3.53551e+08
3.16576e+08
2.88391e+08
3.26577e+08
3.64184e+08
4.00776e+08
4.36031e+08
4.6969e+08
5.01534e+08
5.31379e+08
5.59066e+08
5.84454e+08
6.07416e+08
6.27838e+08
6.45614e+08
6.60653e+08
6.72869e+08
6.82192e+08
6.88559e+08
6.91922e+08
6.92244e+08
6.895e+08
6.83681e+08
6.74794e+08
6.62856e+08
6.47901e+08
6.29977e+08
6.09147e+08
5.85488e+08
5.59097e+08
5.30091e+08
4.98611e+08
4.64833e+08
4.2897e+08
3.9129e+08
3.52117e+08
3.11842e+08
2.81652e+08
3.22592e+08
3.62772e+08
4.01702e+08
4.39046e+08
4.74554e+08
5.08029e+08
5.39309e+08
5.68257e+08
5.94751e+08
6.1868e+08
6.3994e+08
6.58436e+08
6.7408e+08
6.86792e+08
6.96503e+08
7.03151e+08
7.06688e+08
7.07075e+08
7.04285e+08
6.98305e+08
6.89135e+08
6.76788e+08
6.61289e+08
6.42676e+08
6.20999e+08
5.96319e+08
5.68714e+08
5.38277e+08
5.05124e+08
4.694e+08
4.31296e+08
3.91066e+08
3.49043e+08
3.0566e+08
2.74434e+08
3.17985e+08
3.60538e+08
4.0156e+08
4.40722e+08
4.77799e+08
5.12628e+08
5.45081e+08
5.75047e+08
6.02426e+08
6.27123e+08
6.49047e+08
6.68111e+08
6.84232e+08
6.97336e+08
7.07355e+08
7.14228e+08
7.17907e+08
7.18352e+08
7.15532e+08
7.09432e+08
7.00049e+08
6.87388e+08
6.71468e+08
6.52316e+08
6.29969e+08
6.04475e+08
5.75889e+08
5.44278e+08
5.09726e+08
4.7234e+08
4.32273e+08
3.89743e+08
3.45075e+08
2.98734e+08
2.66773e+08
3.12947e+08
3.57802e+08
4.00783e+08
4.4159e+08
4.80048e+08
5.16044e+08
5.49489e+08
5.80307e+08
6.08419e+08
6.33749e+08
6.56218e+08
6.75747e+08
6.92261e+08
7.05687e+08
7.1596e+08
7.23021e+08
7.2682e+08
7.27316e+08
7.24479e+08
7.18288e+08
7.08737e+08
6.95825e+08
6.79565e+08
6.59976e+08
6.37081e+08
6.10912e+08
5.81504e+08
5.48894e+08
5.13129e+08
4.74269e+08
4.32411e+08
3.87715e+08
3.40469e+08
2.9115e+08
2.58371e+08
3.07389e+08
3.5463e+08
3.99553e+08
4.41931e+08
4.81666e+08
5.18714e+08
5.53039e+08
5.84601e+08
6.13349e+08
6.39224e+08
6.62161e+08
6.8209e+08
6.9894e+08
7.12643e+08
7.23136e+08
7.3036e+08
7.34266e+08
7.34811e+08
7.31964e+08
7.25701e+08
7.16011e+08
7.02892e+08
6.86345e+08
6.66383e+08
6.43018e+08
6.16264e+08
5.86133e+08
5.52633e+08
5.15766e+08
4.75534e+08
4.31954e+08
3.85099e+08
3.35171e+08
2.82624e+08
2.48927e+08
3.01213e+08
3.51037e+08
3.97948e+08
4.41858e+08
4.82794e+08
5.20804e+08
5.55918e+08
5.88137e+08
6.17442e+08
6.43792e+08
6.67136e+08
6.87411e+08
7.04554e+08
7.185e+08
7.29185e+08
7.36555e+08
7.40558e+08
7.41151e+08
7.38301e+08
7.31982e+08
7.22179e+08
7.08884e+08
6.92095e+08
6.71813e+08
6.4804e+08
6.20773e+08
5.90002e+08
5.55699e+08
5.17816e+08
4.76283e+08
4.31013e+08
3.81937e+08
3.29099e+08
2.72846e+08
2.38405e+08
2.94545e+08
3.47175e+08
3.96098e+08
4.41471e+08
4.83505e+08
5.22368e+08
5.58164e+08
5.90946e+08
6.20721e+08
6.47472e+08
6.71157e+08
6.91723e+08
7.09111e+08
7.23261e+08
7.3411e+08
7.41605e+08
7.45694e+08
7.46332e+08
7.43484e+08
7.37124e+08
7.27232e+08
7.13796e+08
6.96808e+08
6.76261e+08
6.52146e+08
6.24446e+08
5.93124e+08
5.58119e+08
5.19329e+08
4.76597e+08
4.29702e+08
3.78372e+08
3.22371e+08
2.61766e+08
2.26808e+08
2.87592e+08
3.43254e+08
3.9416e+08
4.40881e+08
4.83878e+08
5.23463e+08
5.59824e+08
5.93062e+08
6.23216e+08
6.50285e+08
6.7424e+08
6.95037e+08
7.1262e+08
7.26932e+08
7.37913e+08
7.45508e+08
7.49668e+08
7.50345e+08
7.47504e+08
7.41114e+08
7.31156e+08
7.17611e+08
7.00468e+08
6.79713e+08
6.55327e+08
6.27276e+08
5.95504e+08
5.59914e+08
5.20348e+08
4.76557e+08
4.28159e+08
3.74603e+08
3.15192e+08
2.49372e+08
2.14274e+08
2.80713e+08
3.39556e+08
1858.05
1948.21
4198.6
14112.6
24875.9
34440.8
42912.5
50481.2
57275
63398.8
68931.1
74100
79179.6
84295.5
89259.9
93404.3
96414.9
98317.4
99137.1
98893
97598.2
95264.4
91894.8
87487.7
82219.5
76716.4
71428.2
66238.1
60895.9
55126.3
48831.3
41944
34367.9
25972.6
17498.5
10019.6
3340.42
2744.57
9778.82
18224.4
26325.6
33913
40975.2
47507.6
53527.8
59057.3
64289.5
69485.8
74769.7
79946.8
84317.6
87540.6
89633.8
90618
90509.1
89317.6
87052.9
83716.8
79308
74008.1
68461.1
63136.9
57931
52606.4
46912.7
40793.2
34244.1
27265.4
19873
12865.8
7086.54
2258.39
2333.08
8316.32
15568.2
22629.4
29354.3
35719.3
41700.5
47292.9
52497
57479.6
62484.6
67633
72741.2
77115.9
80396.2
82583
83685
83710
82663.2
80551.7
77378.5
73146.9
68042.1
62701.6
57590.4
52615.3
47556.6
42188
36472.2
30424.9
24066.1
17428.7
11230.5
6171.36
1966.82
2107.83
7505.23
14047
20434
26545.5
32364.7
37870.2
43055.3
47916.5
52605.9
57354.5
62284.3
67230.6
71527.1
74807
77056.9
78274.2
78458.1
77608
75726.8
72816.4
68880.6
64096.2
59071.3
54254.3
49563.1
44793.1
39732.6
34347.6
28653
22667
16418.5
10580.9
5814.27
1852.62
1295.71
4644.2
8771.39
12869.9
16859.3
20725.5
24450.1
28024.2
31440.6
34802.8
38284.5
41997.4
45853.8
49362.1
52200.4
54324.8
55703.2
56312.1
56133.7
55158.1
53378.9
50793.7
47520.7
43996.4
40569.4
37198.5
33745.1
30055.9
26103.1
21893
17430.8
12725.6
8267.15
4577.23
1471.94
1226.49
4388.22
8274.05
12127.9
15879
19517.6
23028.9
26406
29643.2
32839.9
36164.1
39729.1
43461.5
46897.2
49722.2
51890
53364.8
54118.1
54125.8
53370.7
51838.6
49518.3
46507.9
43212.6
39971.8
36755.6
33435.7
29863.4
26008.9
21874.7
17463
12780.4
8316.51
4608.06
1482.03
1185.08
4241.1
7996
11718.4
15340.4
18853.3
22243.8
25506.1
28635.6
31729
34950.6
38413.1
42050.6
45416.9
48206.1
50372
51877.9
52693.6
52792.1
52152.3
50755.7
48585.7
45729.2
42571.4
39445
36326.1
33092.2
29598
25812.7
21737.6
17374.1
12728.2
8288.25
4594.18
1477.96
1160.56
4153.31
7829.99
11474.2
15019.7
18458.3
21777
24970.6
28035
31065.2
34223
37620.1
41194.7
44511.4
47269.6
49424
50937.8
51780.5
51923.6
51344.5
50022.2
47937.7
45170.9
42095.6
39039.4
35981.5
32803.2
29361
25624.2
21593.2
17269.1
12658.1
8245.56
4571.49
1470.81
1145.07
4097.92
7725.53
11321
14819.1
18211.7
21486.3
24637.9
27662.4
30654.1
33773
37130.1
40665.9
43951.4
46689.4
48834.6
50350.7
51206.8
51373.9
50828.3
49548.1
47512.9
44798.9
41772.8
38759.4
35739.4
32596.1
29187.6
25482.9
21482.2
17186.3
12601.3
8210.4
4552.6
1464.82
1134.83
4061.49
7657.2
11221.3
14689.2
18052.9
21300.1
24425.9
27426.3
30395
33491
36825.2
40339.5
43608.6
46336.6
48478.5
49997.7
50863.2
51045.6
50520.5
49265.6
47259.6
44576.8
41579.7
38591.4
35593.8
32471.4
29083.1
25397.7
21415.2
17136.4
12567.2
8189.45
4541.4
1461.26
1127.92
4037.11
7611.88
11155.8
14604.6
17950.4
21181
24291.6
27278.4
30234.5
33318.6
36641.9
40147.3
43411.2
46138.2
48282.6
49807.9
50682.7
50877.1
50366.3
49127.4
47139.1
44474
41492.8
38518
35532
32420.2
29041.8
25365.5
21391.3
17119.7
12556.7
8183.51
4538.4
1460.3
1123.39
4021.35
7583.08
11114.8
14552.5
17888.4
21110.3
24213.5
27194.2
30145.5
33226.2
36547.8
40054.1
43322.2
46055.5
48208
49742.8
50627.9
50833
50332.9
49104.4
47125.9
44469.4
41494.5
38524.4
35541.9
32432.6
29055.9
25380.4
21406.1
17133.2
12567.9
8191.4
4542.98
1461.76
1120.94
4013.11
7568.6
11095.1
14528.6
17861.4
21081.5
24184.1
27165.6
30119
33203.7
36531.8
40048.1
43328.6
46074.9
48240.4
49787.5
50683.9
50898.6
50406.1
49182.8
47207.2
44551.1
41574.3
38601.2
35614.9
32501.1
29118.9
25436.9
21454.9
17173.4
12598.1
8211.55
4554.3
1465.36
1120.86
4013.31
7570.12
11099
14535.9
17873.3
21099.2
24208.7
27198.2
30161.3
33258
36601.6
40137.2
43438.4
46204.1
48386.7
49948.1
50855.3
51077
50587.2
49362.7
47381.7
44716.4
41728.6
38744.2
35746.6
32621.1
29226.2
25530.7
21534.1
17236.9
12645
8242.28
4571.4
1470.8
1123.85
4024.62
7592.99
11134.7
14585.6
17937.9
21179.7
24306.1
27313.6
30296.1
33415.2
36785.4
40351.5
43682.6
46473.7
48676.2
50251.5
51166.3
51388.8
50893.2
49656.5
47657.4
44969.8
41958.7
38952.6
35934.6
32789
29373.5
25656.8
21638.6
17319.4
12704.9
8281.12
4592.87
1477.61
1131.71
4053.49
7649.43
11220.3
14701.2
18084.4
21357.6
24516
27555.9
30572.2
33728.2
37140.1
40751.1
44122.5
46944
49166.4
50750.5
51663.3
51873.5
51355.9
50088.2
48050.7
45320.2
42267.8
39225.4
36174.6
32998.2
29552.6
25806.4
21759.5
17412.5
12771
8323.43
4616.07
1484.94
1148.11
4113.09
7764.14
11391.7
14929.8
18370.2
21700.3
24915
28010.3
31082.6
34297.9
37773
41446.5
44866.9
47719.3
49953.9
51532.2
52421.9
52593.3
52023.2
50691.6
48581.6
45775.3
42654.1
39553.5
36452.7
33231.1
29743.3
25958.2
21876
17497.6
12828.6
8358.96
4635.21
1490.92
1179.82
4228.1
7984.97
11720.4
15365.7
18911.7
22344.5
25658.2
28847.7
32011.2
35317.3
38881.5
42633.3
46104.4
48974.3
51194.8
52730.3
53551.6
53632.8
52955
51503
49264.3
46330.6
43098.3
39907.5
36731.5
33444.7
29899
26063.9
21941.1
17532.2
12843
8363.8
4636.63
1491.14
1245.85
4468
8443.58
12397.5
16253.6
19999.4
23618.3
27102.2
30444.1
33744.7
37175
40845.8
44669.8
48157
50987.6
53120.8
54528.7
55190.3
55087.2
54207.9
52544.2
50090.2
46951
43545.5
40217.3
36929.2
33547.7
29921.1
26020.8
21851.6
17418.7
12730.7
8276.84
4584.01
1473.49
1396.25
4982.62
9364
13682.5
17857.7
21879.3
25732.5
29410.8
32908.4
36331.9
39853.8
43576.6
47393.9
50801.4
53495.6
55448
56641.8
57064.5
56705.1
55558.1
53620.7
50890.3
47486.7
43856.3
40344.2
36901.7
33384.2
29637.1
25636.1
21393.7
16925.3
12254.8
7888.65
4325.58
1371.5
1490.48
5321.46
9995.66
14587.3
19008.6
23248.5
27291.4
31130.5
34760.3
38291.7
41900.2
45684.5
49527.2
52914.7
55551.9
57419.4
58507.5
58809.4
58318.6
57032.3
54950.4
52069.8
48516.1
44750.1
41120.1
37570.7
33951.1
30102.6
26001.9
21664.4
17109.1
12364.9
7947.5
4353.72
1379.69
1620.96
5787.52
10850
15792.7
20520.1
25019.1
29273.8
33279.7
37035.1
40658.5
44329.6
48144.4
51977.6
55316
57878.8
59657.3
60649.9
60855.4
60270.9
58895.7
56731.2
53770.4
50138.8
46300.2
42599.7
38976.6
35274.2
31326.7
27106.1
22623.8
17896.5
12952.4
8333.01
4567.52
1447.96
1866.07
6629.2
12320.6
17772.2
22885.5
27662.6
32105.8
36228.7
40045.2
43687.5
47340.5
51098.9
54837.2
58057.4
60499.9
62165.7
63059.8
63185.5
62542.5
61131.4
58955
56000.6
52390.4
48576.3
44890.4
41267
37543.6
33544.2
29225.9
24582.3
19609.6
14315.5
9274.25
5107.5
1626.29
2714.23
9027.34
15813.5
21841.3
27211.1
32054.1
36451.3
40464.1
44135.3
47609
51069.3
54608.5
58108.8
61104.6
63358.2
64873.9
65658.2
65715.8
65047.8
63656.2
61547.1
58705.3
55251.4
51613.1
48099.6
44640.6
41073.6
37217.3
33007.9
28401.6
23331.8
17702.5
11990.6
6908.32
2322.88
5.01518e+06
5.2715e+06
5.51403e+06
5.74786e+06
5.97373e+06
6.19108e+06
6.39884e+06
6.59564e+06
6.78007e+06
6.95065e+06
7.10595e+06
7.24459e+06
7.36532e+06
7.46703e+06
7.54872e+06
7.6096e+06
7.64908e+06
7.66676e+06
7.66244e+06
7.63614e+06
7.58812e+06
7.51882e+06
7.42889e+06
7.31918e+06
7.19071e+06
7.04465e+06
6.88228e+06
6.70499e+06
6.51421e+06
6.31135e+06
6.09781e+06
5.87464e+06
5.64243e+06
5.40042e+06
5.14342e+06
1.59238e+07
1.67218e+07
1.7487e+07
1.82271e+07
1.89426e+07
1.96315e+07
2.02901e+07
2.0914e+07
2.14988e+07
2.20397e+07
2.25322e+07
2.29719e+07
2.33549e+07
2.36776e+07
2.39368e+07
2.413e+07
2.42554e+07
2.43116e+07
2.42981e+07
2.4215e+07
2.40629e+07
2.38433e+07
2.35584e+07
2.32107e+07
2.28035e+07
2.23406e+07
2.1826e+07
2.12641e+07
2.06594e+07
7.47141e+07
8.75968e+07
1.02297e+08
1.1906e+08
1.3816e+08
1.59886e+08
1.84526e+08
2.12341e+08
2.43564e+08
160370
243353
378294
587478
898202
1.34268e+06
1.95699e+06
2.78081e+06
3.85694e+06
5.23118e+06
6.95229e+06
9.07227e+06
1.16467e+07
1.47355e+07
1.84038e+07
2.27231e+07
2.77735e+07
3.36453e+07
4.04425e+07
4.82861e+07
5.73194e+07
6.77135e+07
7.96742e+07
9.34497e+07
1.09337e+08
1.27686e+08
1.48891e+08
1.7338e+08
2.01575e+08
2.33878e+08
143473
217714
336671
523871
798991
1.19437e+06
1.73999e+06
2.47197e+06
3.4283e+06
4.64993e+06
6.18067e+06
8.06737e+06
1.03605e+07
1.31149e+07
1.63904e+07
2.02538e+07
2.47806e+07
3.00571e+07
3.61843e+07
4.3282e+07
5.14946e+07
6.09992e+07
7.20147e+07
8.48142e+07
9.97384e+07
1.17208e+08
1.3773e+08
1.61889e+08
1.9031e+08
2.23625e+08
126789
191956
296403
460610
702014
1.04879e+06
1.52738e+06
2.16946e+06
3.00848e+06
4.08059e+06
5.42458e+06
7.08212e+06
9.09838e+06
1.15226e+07
1.44094e+07
1.78198e+07
2.18237e+07
2.65021e+07
3.19513e+07
3.8287e+07
4.56515e+07
5.42231e+07
6.42279e+07
7.59569e+07
8.97872e+07
1.06207e+08
1.2584e+08
1.49456e+08
1.77946e+08
2.12269e+08
109697
165697
255467
396484
603838
901598
1.31254e+06
1.86391e+06
2.58451e+06
3.50558e+06
4.66073e+06
6.08624e+06
7.8216e+06
9.91022e+06
1.24005e+07
1.53471e+07
1.88134e+07
2.28735e+07
2.76166e+07
3.31518e+07
3.96154e+07
4.71818e+07
5.60774e+07
6.66024e+07
7.91606e+07
9.43002e+07
1.12765e+08
1.35541e+08
1.63876e+08
1.99221e+08
92232.3
138995
213964
331646
504710
753150
1.09604e+06
1.55611e+06
2.15752e+06
2.92645e+06
3.8912e+06
5.08245e+06
6.53376e+06
8.28223e+06
1.03695e+07
1.28433e+07
1.57589e+07
1.91823e+07
2.31935e+07
2.78919e+07
3.34037e+07
3.98934e+07
4.75796e+07
5.67604e+07
6.78518e+07
8.14453e+07
9.83949e+07
1.19929e+08
1.47758e+08
1.84089e+08
74435.4
111915
172003
266266
404899
603858
878461
1.24694e+06
1.72868e+06
2.34481e+06
3.11817e+06
4.07366e+06
5.23863e+06
6.64352e+06
8.32276e+06
1.0316e+07
1.26698e+07
1.54402e+07
1.86959e+07
2.25236e+07
2.70349e+07
3.23777e+07
3.87533e+07
4.64434e+07
5.58554e+07
6.75964e+07
8.26006e+07
1.02335e+08
1.29087e+08
1.6623e+08
56385.5
84581
129780
200650
304879
454429
660845
937842
1.30006e+06
1.76345e+06
2.34536e+06
3.06473e+06
3.9425e+06
5.00209e+06
6.27018e+06
7.77772e+06
9.56146e+06
1.16659e+07
1.41465e+07
1.70737e+07
2.05399e+07
2.46694e+07
2.96351e+07
3.5685e+07
4.31904e+07
5.27308e+07
6.52587e+07
8.24176e+07
1.07139e+08
1.44554e+08
38137.4
57076
87429.9
135003
204966
305333
443872
629801
872987
1.1842e+06
1.5752e+06
2.05885e+06
2.64948e+06
3.36319e+06
4.21844e+06
5.23682e+06
6.44418e+06
7.87216e+06
9.56051e+06
1.15605e+07
1.39402e+07
1.67927e+07
2.025e+07
2.45066e+07
2.98628e+07
3.68099e+07
4.62111e+07
5.97174e+07
8.07812e+07
1.16971e+08
20037
29917.8
45748.9
70553.2
107029
159351
231579
328530
455371
617762
821890
1.07458e+06
1.38343e+06
1.75706e+06
2.20542e+06
2.74023e+06
3.37565e+06
4.12918e+06
5.02304e+06
6.08625e+06
7.35783e+06
8.89211e+06
1.07675e+07
1.31027e+07
1.60866e+07
2.00434e+07
2.55824e+07
3.40074e+07
4.86324e+07
7.948e+07
5556.13
8281.32
12645.3
19482.4
29535.4
43955
63861.9
90586.5
125559
170348
226674
296440
381776
485109
609252
757544
934042
1.1438e+06
1.3933e+06
1.69105e+06
2.04867e+06
2.4825e+06
3.01651e+06
3.6876e+06
4.55622e+06
5.72956e+06
7.42026e+06
1.01267e+07
1.53958e+07
3.0843e+07
3.92323e+08
4.40212e+08
4.83998e+08
5.24153e+08
5.60948e+08
5.9453e+08
6.24965e+08
6.52267e+08
6.7642e+08
6.97383e+08
7.15107e+08
7.29536e+08
7.40611e+08
7.48279e+08
7.5249e+08
7.53196e+08
7.50359e+08
7.43949e+08
7.33942e+08
7.2032e+08
7.03063e+08
6.82155e+08
6.57565e+08
6.29251e+08
5.97134e+08
5.61089e+08
5.20907e+08
4.76243e+08
4.2654e+08
3.70899e+08
3.07931e+08
2.35806e+08
2.01288e+08
2.7449e+08
3.36437e+08
3.9079e+08
4.39592e+08
4.83962e+08
5.24522e+08
5.61616e+08
5.95429e+08
6.26049e+08
6.53503e+08
6.7778e+08
6.98848e+08
7.16658e+08
7.31156e+08
7.42288e+08
7.49997e+08
7.54235e+08
7.54954e+08
7.52115e+08
7.45687e+08
7.35644e+08
7.21966e+08
7.0463e+08
6.83616e+08
6.58887e+08
6.30391e+08
5.98036e+08
5.61671e+08
5.21045e+08
4.75734e+08
4.25014e+08
3.67607e+08
3.0119e+08
2.21588e+08
1.89468e+08
2.69906e+08
3.3434e+08
3.89775e+08
4.39148e+08
4.83866e+08
5.24658e+08
5.6192e+08
5.95859e+08
6.26578e+08
6.54109e+08
6.78449e+08
6.99568e+08
7.17418e+08
7.31947e+08
7.431e+08
7.50822e+08
7.55065e+08
7.55781e+08
7.52931e+08
7.46485e+08
7.36414e+08
7.22696e+08
7.05311e+08
6.84231e+08
6.59419e+08
6.30816e+08
5.98322e+08
5.61771e+08
5.20885e+08
4.75185e+08
4.23827e+08
3.6522e+08
2.96057e+08
2.08491e+08
1.83346e+08
2.68265e+08
3.33653e+08
3.89438e+08
4.38988e+08
4.83811e+08
5.24674e+08
5.61985e+08
5.95961e+08
6.26707e+08
6.54261e+08
6.78618e+08
6.9975e+08
7.1761e+08
7.32146e+08
7.43302e+08
7.51024e+08
7.55263e+08
7.55973e+08
7.53114e+08
7.46657e+08
7.36572e+08
7.22839e+08
7.05433e+08
6.84329e+08
6.59489e+08
6.30849e+08
5.98311e+08
5.61701e+08
5.20735e+08
4.74916e+08
4.23362e+08
3.64368e+08
2.9416e+08
2.01697e+08
4.80327e+06
4.49823e+06
4.21224e+06
3.93163e+06
3.65222e+06
3.37301e+06
3.09455e+06
2.81821e+06
2.54587e+06
2.2797e+06
2.02199e+06
1.77502e+06
1.54095e+06
1.32173e+06
1.119e+06
934051
767766
620586
492507
383090
291491
216503
156622
110114
75098.6
49638.1
31828.2
19889.9
12255.2
7640.23
1.53588e+07
1.4388e+07
1.34643e+07
1.25568e+07
1.16542e+07
1.07537e+07
9.85731e+06
8.96938e+06
8.09587e+06
7.2436e+06
6.41976e+06
5.63145e+06
4.88537e+06
4.18754e+06
3.54299e+06
2.95566e+06
2.42814e+06
1.96168e+06
1.55611e+06
1.2099e+06
920277
683319
494195
347373
236871
156544
100367
62716.9
38642.1
24091.3
2.83614e+07
2.65906e+07
2.48778e+07
2.31876e+07
2.15055e+07
1.98288e+07
1.81617e+07
1.65128e+07
1.48932e+07
1.33153e+07
1.17923e+07
1.0337e+07
8.96152e+06
7.67658e+06
6.49115e+06
5.41211e+06
4.44392e+06
3.58857e+06
2.84549e+06
2.21165e+06
1.68173e+06
1.24841e+06
902716
634443
432591
285887
183299
114547
70583
44006.9
4.47133e+07
4.1965e+07
3.9261e+07
3.65749e+07
3.38962e+07
3.12263e+07
2.85745e+07
2.59555e+07
2.33874e+07
2.08899e+07
1.84834e+07
1.6188e+07
1.40219e+07
1.20016e+07
1.01406e+07
8.44889e+06
6.93293e+06
5.59522e+06
4.43431e+06
3.44499e+06
2.61855e+06
1.94325e+06
1.40483e+06
987185
673051
444796
285202
178249
109851
68490
6.27799e+07
5.89748e+07
5.5177e+07
5.13776e+07
4.7578e+07
4.37891e+07
4.00288e+07
3.63202e+07
3.26901e+07
2.91666e+07
2.57784e+07
2.25527e+07
1.95149e+07
1.66867e+07
1.40861e+07
1.1726e+07
9.61435e+06
7.75363e+06
6.14093e+06
4.76817e+06
3.62259e+06
2.68733e+06
1.94218e+06
1.3645e+06
930195
614719
394180
246393
151871
94683
8.06192e+07
7.57758e+07
7.0893e+07
6.59814e+07
6.10573e+07
5.61441e+07
5.12708e+07
4.64706e+07
4.17795e+07
3.72346e+07
3.28726e+07
2.8728e+07
2.48322e+07
2.12121e+07
1.78892e+07
1.48787e+07
1.21894e+07
9.82305e+06
7.77481e+06
6.03338e+06
4.58164e+06
3.39746e+06
2.45468e+06
1.72422e+06
1.1753e+06
776688
498080
311388
191970
119675
9.81049e+07
9.22341e+07
8.62751e+07
8.02568e+07
7.42121e+07
6.81784e+07
6.21972e+07
5.63128e+07
5.05714e+07
4.50189e+07
3.97e+07
3.46562e+07
2.99244e+07
2.55357e+07
2.15146e+07
1.78779e+07
1.46343e+07
1.17845e+07
9.32109e+06
7.22916e+06
5.48704e+06
4.06727e+06
2.93777e+06
2.06316e+06
1.40619e+06
929271
595987
372664
229797
143251
1.15145e+08
1.08252e+08
1.01223e+08
9.41046e+07
8.69474e+07
7.98029e+07
7.27258e+07
6.57722e+07
5.89986e+07
5.24599e+07
4.62084e+07
4.0292e+07
3.47525e+07
2.96247e+07
2.49351e+07
2.07011e+07
1.69311e+07
1.36237e+07
1.07686e+07
8.34695e+06
6.3324e+06
4.69208e+06
3.38809e+06
2.37896e+06
1.62129e+06
1.07143e+06
687235
429808
265100
165255
1.31656e+08
1.23741e+08
1.15646e+08
1.07437e+08
9.91785e+07
9.09379e+07
8.27831e+07
7.47819e+07
6.70011e+07
5.95044e+07
5.23512e+07
4.55952e+07
3.92825e+07
3.34504e+07
2.81268e+07
2.33291e+07
1.90642e+07
1.53284e+07
1.21079e+07
9.37964e+06
7.11243e+06
5.26805e+06
3.80292e+06
2.66976e+06
1.81933e+06
1.20233e+06
771290
482485
297673
185563
1.47721e+08
1.3877e+08
1.29603e+08
1.20301e+08
1.10945e+08
1.01617e+08
9.23977e+07
8.33666e+07
7.46003e+07
6.61709e+07
5.81447e+07
5.05802e+07
4.35267e+07
3.70236e+07
3.10991e+07
2.57697e+07
2.10403e+07
1.6904e+07
1.33434e+07
1.03308e+07
7.82989e+06
5.79727e+06
4.18381e+06
2.93665e+06
2.00106e+06
1.32248e+06
848485
530906
327647
204262
1.64064e+08
1.54006e+08
1.43703e+08
1.33251e+08
1.22748e+08
1.1229e+08
1.0197e+08
9.18803e+07
8.21071e+07
7.27306e+07
6.3823e+07
5.54471e+07
4.76549e+07
4.04867e+07
3.39701e+07
2.81197e+07
2.29375e+07
1.8413e+07
1.4524e+07
1.12379e+07
8.51314e+06
6.30069e+06
4.54585e+06
3.19022e+06
2.17372e+06
1.43666e+06
921901
577007
356226
222106
1.81531e+08
1.70214e+08
1.58632e+08
1.46898e+08
1.35126e+08
1.23428e+08
1.1191e+08
1.00677e+08
8.98237e+07
7.94393e+07
6.96009e+07
6.0375e+07
5.18149e+07
4.39604e+07
3.68374e+07
3.04573e+07
2.48179e+07
1.99036e+07
1.56868e+07
1.21292e+07
9.1832e+06
6.79365e+06
4.90001e+06
3.43815e+06
2.34253e+06
1.54835e+06
993787
622216
384308
239667
2.00705e+08
1.87887e+08
1.74802e+08
1.61581e+08
1.48353e+08
1.35247e+08
1.22384e+08
1.0988e+08
9.78397e+07
8.63586e+07
7.55184e+07
6.5387e+07
5.60175e+07
4.74473e+07
3.96982e+07
3.27765e+07
2.66739e+07
2.13681e+07
1.68249e+07
1.29986e+07
9.83494e+06
7.27213e+06
5.24327e+06
3.67827e+06
2.50602e+06
1.6566e+06
1.06356e+06
666201
411714
256851
2.20343e+08
2.05805e+08
1.91027e+08
1.76157e+08
1.61342e+08
1.46726e+08
1.32443e+08
1.18618e+08
1.05364e+08
9.2779e+07
8.09466e+07
6.99331e+07
5.97879e+07
5.05428e+07
4.22126e+07
3.4796e+07
2.82763e+07
2.2623e+07
1.77935e+07
1.37344e+07
1.0384e+07
7.67388e+06
5.53083e+06
3.8792e+06
2.64282e+06
1.74729e+06
1.12217e+06
703311
434965
271510
2.38214e+08
2.21875e+08
2.0536e+08
1.88834e+08
1.72459e+08
1.56388e+08
1.40765e+08
1.2572e+08
1.11369e+08
9.78087e+07
8.51203e+07
7.33638e+07
6.2581e+07
5.27948e+07
4.40103e+07
3.62162e+07
2.93861e+07
2.34801e+07
1.84469e+07
1.42256e+07
1.07475e+07
7.9381e+06
5.71915e+06
4.01052e+06
2.73227e+06
1.80676e+06
1.16082e+06
727986
450602
281485
2.53494e+08
2.35338e+08
2.17113e+08
1.98996e+08
1.81155e+08
1.63753e+08
1.46936e+08
1.30834e+08
1.1556e+08
1.01206e+08
8.78436e+07
7.5523e+07
6.42744e+07
5.41088e+07
4.50194e+07
3.69832e+07
2.99633e+07
2.39101e+07
1.87641e+07
1.44572e+07
1.09147e+07
8.05733e+06
5.80305e+06
4.06868e+06
2.77194e+06
1.83338e+06
1.17842e+06
739518
458160
286472
2.66078e+08
2.46099e+08
2.26201e+08
2.06568e+08
1.87373e+08
1.68779e+08
1.50929e+08
1.33949e+08
1.1794e+08
1.02984e+08
8.91382e+07
7.64382e+07
6.4899e+07
5.4517e+07
4.52712e+07
3.71263e+07
3.00341e+07
2.39358e+07
1.8764e+07
1.44444e+07
1.08976e+07
8.04069e+06
5.78921e+06
4.05841e+06
2.76505e+06
1.82925e+06
1.1763e+06
738709
458111
286756
2.75895e+08
2.5409e+08
2.32566e+08
2.11506e+08
1.91083e+08
1.71451e+08
1.52745e+08
1.35077e+08
1.18534e+08
1.03177e+08
8.90444e+07
7.61534e+07
6.45e+07
5.40631e+07
4.48069e+07
3.66826e+07
2.96311e+07
2.35848e+07
1.84693e+07
1.42054e+07
1.07101e+07
7.89863e+06
5.68524e+06
3.98504e+06
2.71523e+06
1.79675e+06
1.15595e+06
726476
451000
282660
2.82869e+08
2.59243e+08
2.3615e+08
2.13768e+08
1.92259e+08
1.71762e+08
1.52395e+08
1.34246e+08
1.1738e+08
1.01832e+08
8.76162e+07
7.47248e+07
6.31327e+07
5.28001e+07
4.36748e+07
3.5695e+07
2.87911e+07
2.28878e+07
1.79051e+07
1.376e+07
1.03677e+07
7.64264e+06
5.49946e+06
3.85442e+06
2.62643e+06
1.73846e+06
1.11902e+06
703816
437421
274537
2.86941e+08
2.61502e+08
2.36911e+08
2.13328e+08
1.90894e+08
1.69725e+08
1.49909e+08
1.31504e+08
1.14539e+08
9.90179e+07
8.49243e+07
7.2223e+07
6.08649e+07
5.07902e+07
4.19307e+07
3.4212e+07
2.75555e+07
2.18791e+07
1.7099e+07
1.31301e+07
9.88711e+06
7.28518e+06
5.24087e+06
3.67285e+06
2.50293e+06
1.65718e+06
1.06725e+06
671805
418017
262766
2.88052e+08
2.6081e+08
2.34802e+08
2.10157e+08
1.86983e+08
1.65358e+08
1.45327e+08
1.26905e+08
1.10078e+08
9.48091e+07
8.10463e+07
6.8724e+07
5.77679e+07
4.80983e+07
3.96318e+07
3.2283e+07
2.59654e+07
2.05926e+07
1.60783e+07
1.23369e+07
9.28448e+06
6.83837e+06
4.91826e+06
3.4465e+06
2.34891e+06
1.55567e+06
1.0024e+06
631507
393421
247724
2.86127e+08
2.5709e+08
2.29759e+08
2.04216e+08
1.80515e+08
1.5868e+08
1.38695e+08
1.20517e+08
1.04077e+08
8.92926e+07
7.60702e+07
6.43124e+07
5.39201e+07
4.47947e+07
3.68394e+07
2.99598e+07
2.40642e+07
1.90634e+07
1.48707e+07
1.14022e+07
8.57635e+06
6.31445e+06
4.54048e+06
3.1816e+06
2.16862e+06
1.4367e+06
926245
584023
364296
229798
2.81079e+08
2.50249e+08
2.21708e+08
1.95462e+08
1.71489e+08
1.49727e+08
1.30081e+08
1.1243e+08
9.66402e+07
8.25759e+07
7.01014e+07
5.90873e+07
4.94111e+07
4.09582e+07
3.36212e+07
2.72996e+07
2.18986e+07
1.73291e+07
1.35061e+07
1.03488e+07
7.7801e+06
5.72624e+06
4.11675e+06
2.88459e+06
1.96643e+06
1.30316e+06
840625
530497
331335
209404
2.73306e+08
2.40788e+08
2.11246e+08
1.84574e+08
1.60637e+08
1.39259e+08
1.20239e+08
1.0337e+08
8.84475e+07
7.52811e+07
6.36968e+07
5.35378e+07
4.46637e+07
3.69484e+07
3.02784e+07
2.45505e+07
1.96705e+07
1.5551e+07
1.2111e+07
9.27441e+06
6.96938e+06
5.12807e+06
3.68616e+06
2.58286e+06
1.76099e+06
1.16739e+06
753444
475872
297583
188422
2.64216e+08
2.30229e+08
1.99952e+08
1.73135e+08
1.49496e+08
1.28724e+08
1.10505e+08
9.45411e+07
8.05634e+07
6.83358e+07
5.76539e+07
4.83416e+07
4.0247e+07
3.32381e+07
2.71993e+07
2.2028e+07
1.76323e+07
1.39287e+07
1.08408e+07
8.29773e+06
6.23326e+06
4.58539e+06
3.29571e+06
2.30929e+06
1.57468e+06
1.04417e+06
674233
426151
266777
169195
2.54458e+08
2.19177e+08
1.88388e+08
1.61655e+08
1.38515e+08
1.18505e+08
1.01191e+08
8.6192e+07
7.31812e+07
6.18866e+07
5.20818e+07
4.35783e+07
3.62182e+07
2.98675e+07
2.44117e+07
1.97507e+07
1.57965e+07
1.24703e+07
9.70071e+06
7.42209e+06
5.57387e+06
4.09955e+06
2.94626e+06
2.06445e+06
1.4079e+06
933808
603218
381507
239055
151836
2.43935e+08
2.07455e+08
1.76337e+08
1.49896e+08
1.27446e+08
1.08348e+08
9.20448e+07
7.80752e+07
6.60648e+07
5.57131e+07
4.67789e+07
3.90671e+07
3.24179e+07
2.66988e+07
2.17983e+07
1.76206e+07
1.40827e+07
1.11109e+07
8.63921e+06
6.6076e+06
4.96094e+06
3.64815e+06
2.62165e+06
1.83702e+06
1.25294e+06
831217
537149
339918
213180
135586
2.32094e+08
1.94433e+08
1.63172e+08
1.37267e+08
1.15742e+08
9.77511e+07
8.26095e+07
6.97799e+07
5.88474e+07
4.94914e+07
4.14624e+07
3.45637e+07
2.86377e+07
2.35561e+07
1.92126e+07
1.55174e+07
1.23933e+07
9.77255e+06
7.59526e+06
5.80721e+06
4.35897e+06
3.20499e+06
2.30302e+06
1.61378e+06
1.1008e+06
730447
472202
298988
187669
119521
2.18293e+08
1.79447e+08
1.483e+08
1.23268e+08
1.02984e+08
8.63633e+07
7.25863e+07
6.105e+07
5.13094e+07
4.30334e+07
3.59717e+07
2.9932e+07
2.4763e+07
2.03439e+07
1.6576e+07
1.33768e+07
1.06764e+07
8.41419e+06
6.53675e+06
4.99627e+06
3.7494e+06
2.75639e+06
1.98054e+06
1.38784e+06
946780
628388
406376
257455
161738
103146
2.02088e+08
1.62107e+08
1.31473e+08
1.07771e+08
8.9121e+07
7.41717e+07
6.19823e+07
5.19006e+07
4.34682e+07
3.63559e+07
3.03222e+07
2.51852e+07
2.08051e+07
1.70715e+07
1.38958e+07
1.12047e+07
8.9369e+06
7.03954e+06
5.46654e+06
4.17695e+06
3.13384e+06
2.30353e+06
1.65505e+06
1.15978e+06
791288
525305
339839
215426
135452
86501.1
1.82765e+08
1.41853e+08
1.12373e+08
9.0628e+07
7.40982e+07
6.11683e+07
5.08091e+07
4.23508e+07
3.53444e+07
2.94787e+07
2.45312e+07
2.03383e+07
1.67763e+07
1.37491e+07
1.11804e+07
9.00792e+06
7.18003e+06
5.6527e+06
4.38779e+06
3.35164e+06
2.51408e+06
1.84771e+06
1.32747e+06
930252
634761
421489
272780
173017
108882
69629.2
1.59121e+08
1.17887e+08
9.06282e+07
7.17064e+07
5.78925e+07
4.73751e+07
3.91046e+07
3.24415e+07
2.69766e+07
2.24358e+07
1.86281e+07
1.54161e+07
1.26974e+07
1.03937e+07
8.4435e+06
6.7974e+06
5.41455e+06
4.26056e+06
3.30583e+06
2.5244e+06
1.89314e+06
1.39116e+06
999410
700371
477956
317441
205520
130433
82155
52610.1
1.28866e+08
8.89724e+07
6.57392e+07
5.08391e+07
4.04672e+07
3.28032e+07
2.68957e+07
2.22028e+07
1.83932e+07
1.52524e+07
1.26344e+07
1.04364e+07
8.58287e+06
7.01703e+06
5.69471e+06
4.58075e+06
3.64644e+06
2.86776e+06
2.22421e+06
1.69791e+06
1.27303e+06
935344
671905
470869
321372
213492
138273
87807.2
55355.9
35497.2
8.76099e+07
5.36011e+07
3.74681e+07
2.81726e+07
2.20601e+07
1.76933e+07
1.44002e+07
1.18237e+07
9.75515e+06
8.06384e+06
6.66311e+06
5.49293e+06
4.5101e+06
3.68244e+06
2.9853e+06
2.39924e+06
1.90852e+06
1.5001e+06
1.16293e+06
887444
665202
488664
351001
245980
167899
111562
72283.3
45929.3
28981.1
18609.3
3.40082e+07
1.69742e+07
1.11622e+07
8.17647e+06
6.31084e+06
5.01577e+06
4.05692e+06
3.31614e+06
2.72681e+06
2.24823e+06
1.85393e+06
1.52587e+06
1.25121e+06
1.02052e+06
826607
663864
527782
414648
321333
245143
183714
134940
96918.7
67920.2
46364.2
30812.6
19970.2
12695.3
8016.33
5152.47
7771.99
12207.7
19533.3
30966
48004.2
72344.4
105813
150270
207529
279270
366965
471805
594648
735965
895820
1.07385e+06
1.26929e+06
1.48096e+06
1.70735e+06
1.94666e+06
2.19687e+06
2.45584e+06
2.72143e+06
2.99158e+06
3.26451e+06
3.53892e+06
3.81431e+06
4.09168e+06
4.37509e+06
4.67793e+06
24505.3
38495.7
61594.5
97646.3
151380
228156
333754
474067
654865
881505
1.15872e+06
1.49035e+06
1.87924e+06
2.327e+06
2.83398e+06
3.3992e+06
4.02036e+06
4.69396e+06
5.41534e+06
6.17897e+06
6.97859e+06
7.80755e+06
8.65911e+06
9.52685e+06
1.04051e+07
1.12898e+07
1.21791e+07
1.30757e+07
1.39907e+07
1.49544e+07
44754.5
70309.1
112484
178304
276408
416592
609434
865738
1.19611e+06
1.61043e+06
2.11747e+06
2.72444e+06
3.43669e+06
4.25744e+06
5.18758e+06
6.22558e+06
7.36756e+06
8.60734e+06
9.93675e+06
1.13458e+07
1.28234e+07
1.43575e+07
1.59357e+07
1.75464e+07
1.9179e+07
2.08255e+07
2.2482e+07
2.41512e+07
2.58474e+07
2.76051e+07
69644.4
109414
175014
277382
429959
648001
948012
1.34688e+06
1.86124e+06
2.50667e+06
3.29708e+06
4.24403e+06
5.35626e+06
6.63925e+06
8.09489e+06
9.7214e+06
1.15133e+07
1.34615e+07
1.55537e+07
1.77751e+07
2.01083e+07
2.2535e+07
2.50359e+07
2.75926e+07
3.01879e+07
3.28081e+07
3.54444e+07
3.80957e+07
4.07722e+07
4.34999e+07
96278
151257
241889
383299
594073
895325
1.30994e+06
1.86141e+06
2.57295e+06
3.46643e+06
4.56153e+06
5.87483e+06
7.41909e+06
9.2027e+06
1.12292e+07
1.3497e+07
1.59994e+07
1.87249e+07
2.16574e+07
2.47768e+07
2.80597e+07
3.14808e+07
3.50134e+07
3.86309e+07
4.23083e+07
4.60237e+07
4.97601e+07
5.35074e+07
5.72642e+07
6.10391e+07
121704
191190
305664
484243
750424
1.13092e+06
1.65474e+06
2.35175e+06
3.25159e+06
4.38233e+06
5.76942e+06
7.43455e+06
9.39479e+06
1.16618e+07
1.42411e+07
1.71321e+07
2.03275e+07
2.3814e+07
2.75721e+07
3.15772e+07
3.58006e+07
4.021e+07
4.47713e+07
4.94497e+07
5.42114e+07
5.90248e+07
6.38625e+07
6.87022e+07
7.35281e+07
7.83299e+07
145708
228871
365784
579331
897636
1.3527e+06
1.97936e+06
2.81355e+06
3.89111e+06
5.24614e+06
6.90983e+06
8.90904e+06
1.12653e+07
1.39939e+07
1.7103e+07
2.05932e+07
2.44575e+07
2.86813e+07
3.32426e+07
3.81131e+07
4.32587e+07
4.86411e+07
5.42187e+07
5.99482e+07
6.57865e+07
7.16913e+07
7.76234e+07
8.3547e+07
8.94302e+07
9.52446e+07
168140
264053
421851
667924
1.03472e+06
1.55916e+06
2.28158e+06
3.24363e+06
4.48707e+06
6.05182e+06
7.97469e+06
1.02878e+07
1.30172e+07
1.61821e+07
1.97937e+07
2.38546e+07
2.83584e+07
3.329e+07
3.86259e+07
4.43343e+07
5.03769e+07
5.67094e+07
6.3283e+07
7.00463e+07
7.69461e+07
8.39295e+07
9.09443e+07
9.79407e+07
1.04871e+08
1.11689e+08
188876
296538
473542
749510
1.16086e+06
1.7491e+06
2.5596e+06
3.63942e+06
5.03585e+06
6.79441e+06
8.95735e+06
1.15619e+07
1.4639e+07
1.82119e+07
2.22952e+07
2.68938e+07
3.20029e+07
3.76077e+07
4.36835e+07
5.01962e+07
5.71037e+07
6.43563e+07
7.18988e+07
7.96714e+07
8.76114e+07
9.56547e+07
1.03737e+08
1.11793e+08
1.19761e+08
1.27578e+08
208009
326461
521071
824421
1.27659e+06
1.92326e+06
2.81453e+06
4.00243e+06
5.53951e+06
7.4766e+06
9.86125e+06
1.27358e+07
1.61361e+07
2.00896e+07
2.46147e+07
2.97194e+07
3.5401e+07
4.16455e+07
4.8428e+07
5.57129e+07
6.3455e+07
7.16001e+07
8.00868e+07
8.88476e+07
9.78105e+07
1.06901e+08
1.16041e+08
1.25153e+08
1.3416e+08
1.42984e+08
226320
355032
566347
895654
1.3865e+06
2.08858e+06
3.05646e+06
4.34703e+06
6.01793e+06
8.12528e+06
1.07219e+07
1.38556e+07
1.7567e+07
2.18887e+07
2.68432e+07
3.24422e+07
3.86859e+07
4.55621e+07
5.30466e+07
6.1103e+07
6.96838e+07
7.8731e+07
8.81774e+07
9.79484e+07
1.07963e+08
1.18135e+08
1.28375e+08
1.38593e+08
1.48695e+08
1.58589e+08
244415
383168
610789
965401
1.49395e+06
2.25004e+06
3.29268e+06
4.68358e+06
6.48555e+06
8.76011e+06
1.15657e+07
1.49558e+07
1.89767e+07
2.36665e+07
2.90529e+07
3.51525e+07
4.19692e+07
4.94941e+07
5.77047e+07
6.65651e+07
7.60265e+07
8.6028e+07
9.64976e+07
1.07353e+08
1.18506e+08
1.29858e+08
1.41308e+08
1.5275e+08
1.64079e+08
1.75184e+08
262239
410727
654102
1.03312e+06
1.59802e+06
2.40619e+06
3.52101e+06
5.00896e+06
6.9381e+06
9.37555e+06
1.23857e+07
1.60282e+07
2.0356e+07
2.54134e+07
3.12349e+07
3.78431e+07
4.52477e+07
5.34445e+07
6.24151e+07
7.21257e+07
8.25284e+07
9.35606e+07
1.05147e+08
1.17199e+08
1.29619e+08
1.423e+08
1.55128e+08
1.67983e+08
1.80743e+08
1.93283e+08
277623
434265
690769
1.09005e+06
1.68515e+06
2.53658e+06
3.71149e+06
5.28054e+06
7.31648e+06
9.89167e+06
1.30762e+07
1.69361e+07
2.1531e+07
2.69127e+07
3.3123e+07
4.01923e+07
4.81382e+07
5.69636e+07
6.66563e+07
7.71883e+07
8.85148e+07
1.00575e+08
1.13293e+08
1.26577e+08
1.40324e+08
1.54417e+08
1.68732e+08
1.83135e+08
1.97489e+08
2.11653e+08
288337
450316
715338
1.12767e+06
1.74221e+06
2.62149e+06
3.83525e+06
5.45708e+06
7.56321e+06
1.02301e+07
1.35325e+07
1.7542e+07
2.23245e+07
2.79388e+07
3.44347e+07
4.18511e+07
5.02144e+07
5.95369e+07
6.98153e+07
8.10297e+07
9.31427e+07
1.06099e+08
1.19826e+08
1.34233e+08
1.49215e+08
1.64651e+08
1.80408e+08
1.96345e+08
2.12311e+08
2.28152e+08
294036
458384
727092
1.14493e+06
1.76765e+06
2.65866e+06
3.88898e+06
5.53378e+06
7.67138e+06
1.03809e+07
1.37407e+07
1.78264e+07
2.27093e+07
2.84547e+07
3.51199e+07
4.27524e+07
5.13883e+07
6.10503e+07
7.17462e+07
8.3467e+07
9.61861e+07
1.09858e+08
1.24417e+08
1.39779e+08
1.55842e+08
1.72486e+08
1.89576e+08
2.06965e+08
2.24495e+08
2.42005e+08
294980
458913
726788
1.14307e+06
1.76349e+06
2.65114e+06
3.87719e+06
5.51703e+06
7.64975e+06
1.03558e+07
1.37155e+07
1.78076e+07
2.27076e+07
2.84861e+07
3.52074e+07
4.29275e+07
5.16923e+07
6.1536e+07
7.2479e+07
8.45258e+07
9.76636e+07
1.1186e+08
1.27064e+08
1.43202e+08
1.6018e+08
1.77884e+08
1.96184e+08
2.14933e+08
2.33972e+08
2.53136e+08
291471
452414
715297
1.12353e+06
1.73198e+06
2.60241e+06
3.80499e+06
5.41414e+06
7.50838e+06
1.01681e+07
1.34743e+07
1.75075e+07
2.2346e+07
2.80648e+07
3.4734e+07
4.24176e+07
5.11713e+07
6.1041e+07
7.2061e+07
8.42516e+07
9.76168e+07
1.12143e+08
1.27795e+08
1.44517e+08
1.62231e+08
1.80837e+08
2.00214e+08
2.20221e+08
2.40706e+08
2.61503e+08
283837
439447
693568
1.08786e+06
1.6756e+06
2.51626e+06
3.67799e+06
5.23309e+06
7.25828e+06
9.83258e+06
1.30364e+07
1.69505e+07
2.16547e+07
2.7227e+07
3.37424e+07
4.12715e+07
4.98793e+07
5.96235e+07
7.05529e+07
8.27048e+07
9.61032e+07
1.10755e+08
1.26651e+08
1.43756e+08
1.62015e+08
1.8135e+08
2.01655e+08
2.22808e+08
2.44665e+08
2.67072e+08
272438
420627
662645
1.03775e+06
1.59703e+06
2.39677e+06
3.50222e+06
4.98251e+06
6.91141e+06
9.36541e+06
1.2423e+07
1.61637e+07
2.06675e+07
2.60139e+07
3.22813e+07
3.95457e+07
4.78803e+07
5.73539e+07
6.80297e+07
7.9963e+07
9.31993e+07
1.07771e+08
1.23696e+08
1.4097e+08
1.5957e+08
1.79444e+08
2.00517e+08
2.22688e+08
2.45836e+08
2.69824e+08
257628
396554
623545
974865
1.49891e+06
2.24797e+06
3.28361e+06
4.67085e+06
6.47954e+06
8.78245e+06
1.16549e+07
1.51739e+07
1.94181e+07
2.44668e+07
3.04002e+07
3.72984e+07
4.52409e+07
5.43065e+07
6.45717e+07
7.611e+07
8.89895e+07
1.03271e+08
1.19003e+08
1.36221e+08
1.54938e+08
1.75146e+08
1.96807e+08
2.19857e+08
2.44207e+08
2.69751e+08
239771
367850
577317
900906
1.38393e+06
2.07396e+06
3.02825e+06
4.30685e+06
5.97476e+06
8.10005e+06
1.07536e+07
1.40089e+07
1.79415e+07
2.26291e+07
2.81519e+07
3.45918e+07
4.20332e+07
5.05623e+07
6.02679e+07
7.124e+07
8.35694e+07
9.73458e+07
1.12655e+08
1.29574e+08
1.48167e+08
1.68478e+08
1.90525e+08
2.14296e+08
2.3975e+08
2.66829e+08
219260
335177
525074
817678
1.25493e+06
1.87911e+06
2.74254e+06
3.89969e+06
5.40988e+06
7.33557e+06
9.74229e+06
1.26985e+07
1.62755e+07
2.05479e+07
2.55936e+07
3.14945e+07
3.83372e+07
4.62132e+07
5.52205e+07
6.54636e+07
7.7054e+07
9.01103e+07
1.04756e+08
1.21118e+08
1.39319e+08
1.59473e+08
1.81671e+08
2.05978e+08
2.32425e+08
2.61022e+08
197975
301545
471651
732878
1.12387e+06
1.68147e+06
2.453e+06
3.48715e+06
4.83735e+06
6.5601e+06
8.71501e+06
1.13649e+07
1.45759e+07
1.84179e+07
2.29653e+07
2.82978e+07
3.45011e+07
4.16692e+07
4.99053e+07
5.93238e+07
7.00525e+07
8.22344e+07
9.60284e+07
1.11609e+08
1.29164e+08
1.48886e+08
1.70961e+08
1.95556e+08
2.22803e+08
2.52808e+08
178331
270720
422945
655803
1.00502e+06
1.50251e+06
2.19102e+06
3.114e+06
4.31941e+06
5.85817e+06
7.78425e+06
1.01549e+07
1.30309e+07
1.64773e+07
2.05639e+07
2.53667e+07
3.09692e+07
3.74645e+07
4.49574e+07
5.35677e+07
6.34332e+07
)
;

boundaryField
{
    front
    {
        type            wedge;
    }
    back
    {
        type            wedge;
    }
    bottomwall
    {
        type            zeroGradient;
    }
    topwall
    {
        type            zeroGradient;
    }
    reflector
    {
        type            zeroGradient;
    }
    hx
    {
        type            zeroGradient;
    }
}


// ************************************************************************* //
