/*--------------------------------*- C++ -*----------------------------------*\
| =========                 |                                                 |
| \\      /  F ield         | OpenFOAM: The Open Source CFD Toolbox           |
|  \\    /   O peration     | Version:  v1812                                 |
|   \\  /    A nd           | Web:      www.OpenFOAM.com                      |
|    \\/     M anipulation  |                                                 |
\*---------------------------------------------------------------------------*/
FoamFile
{
    version     2.0;
    format      ascii;
    class       labelList;
    location    "constant/neutroRegion/polyMesh";
    object      pointProcAddressing;
}
// * * * * * * * * * * * * * * * * * * * * * * * * * * * * * * * * * * * * * //


3619
(
38
39
40
41
42
43
45
47
80
81
82
83
84
85
86
87
90
91
94
95
106
107
140
141
142
143
144
145
146
147
150
151
154
155
173
175
176
177
178
179
190
191
224
225
226
227
228
229
230
231
233
234
235
237
238
239
256
257
258
259
260
261
262
263
284
285
286
287
298
299
332
333
334
335
336
337
338
339
340
341
342
343
344
345
346
347
364
365
366
367
368
369
370
371
389
391
392
393
394
395
416
417
418
419
430
431
464
465
466
467
468
469
470
471
472
473
474
475
476
477
478
479
496
497
498
499
500
501
502
503
520
521
522
523
524
525
526
527
545
547
548
549
550
551
572
573
574
575
576
577
586
587
620
621
622
623
624
625
626
627
628
629
630
631
632
633
634
635
652
653
654
655
656
657
658
659
676
677
678
679
680
681
682
683
700
701
702
703
704
705
706
707
728
729
730
731
733
735
752
753
754
755
756
757
766
767
787
788
789
791
808
809
810
811
814
815
821
838
839
840
841
844
845
855
856
857
863
880
881
882
883
885
886
887
896
897
898
899
910
911
917
934
935
936
937
938
939
940
941
950
951
952
953
963
964
965
976
977
983
1000
1001
1002
1003
1004
1005
1006
1007
1016
1017
1018
1019
1028
1029
1030
1031
1041
1042
1043
1054
1055
1056
1061
1078
1079
1080
1081
1082
1083
1084
1085
1094
1095
1096
1097
1106
1107
1108
1109
1118
1119
1120
1121
1132
1133
1135
1144
1145
1146
1151
1171
1172
1173
1175
1192
1193
1194
1195
1198
1199
1205
1222
1223
1224
1225
1228
1229
1238
1239
1240
1241
1247
1264
1265
1266
1267
1269
1270
1271
1280
1281
1282
1283
1293
1294
1295
1301
1318
1319
1320
1321
1322
1323
1324
1325
1334
1335
1336
1337
1346
1347
1348
1349
1360
1361
1367
1384
1385
1386
1387
1388
1389
1390
1391
1400
1401
1402
1403
1412
1413
1414
1415
1425
1426
1427
1438
1439
1440
1445
1462
1463
1464
1465
1466
1467
1468
1469
1478
1479
1480
1481
1490
1491
1492
1493
1502
1503
1504
1505
1516
1517
1519
1528
1529
1530
1535
1553
1555
1556
1557
1576
1577
1578
1579
1582
1583
1588
1589
1606
1607
1608
1609
1612
1613
1622
1623
1624
1625
1631
1648
1649
1650
1651
1653
1654
1655
1664
1665
1666
1667
1677
1678
1679
1685
1702
1703
1704
1705
1706
1707
1708
1709
1718
1719
1720
1721
1730
1731
1732
1733
1744
1745
1751
1768
1769
1770
1771
1772
1773
1774
1775
1784
1785
1786
1787
1796
1797
1798
1799
1809
1810
1811
1822
1823
1824
1829
1846
1847
1848
1849
1850
1851
1852
1853
1862
1863
1864
1865
1874
1875
1876
1877
1886
1887
1888
1889
1900
1901
1903
1912
1913
1914
1919
1937
1939
1940
1941
1960
1961
1962
1963
1966
1967
1972
1973
1990
1991
1992
1993
1996
1997
2006
2007
2008
2009
2015
2032
2033
2034
2035
2037
2038
2039
2048
2049
2050
2051
2061
2062
2063
2069
2086
2087
2088
2089
2090
2091
2092
2093
2102
2103
2104
2105
2114
2115
2116
2117
2128
2129
2135
2152
2153
2154
2155
2156
2157
2158
2159
2168
2169
2170
2171
2180
2181
2182
2183
2193
2194
2195
2206
2207
2208
2213
2230
2231
2232
2233
2234
2235
2236
2237
2246
2247
2248
2249
2258
2259
2260
2261
2270
2271
2272
2273
2284
2285
2287
2296
2297
2298
2303
2321
2323
2324
2325
2344
2345
2346
2347
2350
2351
2356
2357
2374
2375
2376
2377
2380
2381
2390
2391
2392
2393
2399
2416
2417
2418
2419
2421
2422
2423
2432
2433
2434
2435
2445
2446
2447
2453
2470
2471
2472
2473
2474
2475
2476
2477
2486
2487
2488
2489
2498
2499
2500
2501
2512
2513
2519
2536
2537
2538
2539
2540
2541
2542
2543
2552
2553
2554
2555
2564
2565
2566
2567
2577
2578
2579
2590
2591
2592
2597
2614
2615
2616
2617
2618
2619
2620
2621
2630
2631
2632
2633
2642
2643
2644
2645
2654
2655
2656
2657
2668
2669
2671
2680
2681
2682
2687
2726
2727
2728
2729
2730
2731
2734
2735
2768
2769
2770
2771
2772
2773
2774
2775
2780
2781
2782
2783
2794
2795
2828
2829
2830
2831
2832
2833
2834
2835
2840
2841
2842
2843
2862
2863
2864
2865
2866
2867
2878
2879
2912
2913
2914
2915
2916
2917
2918
2919
2922
2923
2924
2925
2926
2927
2944
2945
2946
2947
2948
2949
2950
2951
2972
2973
2974
2975
2986
2987
3020
3021
3022
3023
3024
3025
3026
3027
3028
3029
3030
3031
3032
3033
3034
3035
3052
3053
3054
3055
3056
3057
3058
3059
3078
3079
3080
3081
3082
3083
3104
3105
3106
3107
3118
3119
3152
3153
3154
3155
3156
3157
3158
3159
3160
3161
3162
3163
3164
3165
3166
3167
3184
3185
3186
3187
3188
3189
3190
3191
3208
3209
3210
3211
3212
3213
3214
3215
3234
3235
3236
3237
3238
3239
3260
3261
3262
3263
3264
3265
3274
3275
3308
3309
3310
3311
3312
3313
3314
3315
3316
3317
3318
3319
3320
3321
3322
3323
3340
3341
3342
3343
3344
3345
3346
3347
3364
3365
3366
3367
3368
3369
3370
3371
3388
3389
3390
3391
3392
3393
3394
3395
3416
3417
3418
3419
3422
3423
3440
3441
3442
3443
3444
3445
3454
3455
3627
3628
3629
3630
3631
3632
3633
3634
3635
3636
3637
3638
3639
3640
3641
3642
3643
3644
3645
3646
3647
3648
3649
3650
3651
3652
3653
3663
3664
3665
3666
3667
3668
3669
3670
3671
3816
3817
3818
3819
3820
3821
3822
3823
3824
3825
3826
3827
3828
3829
3830
3831
3832
3833
3834
3835
3836
3837
3838
3839
3840
3841
3842
3843
3844
3845
3846
3847
3848
3849
3850
3851
3870
3871
3872
3873
3874
3875
3876
3877
3878
3879
3880
3881
3882
3883
3884
3885
3886
3887
3933
3934
3935
3936
3937
3938
3939
3940
3941
4086
4087
4088
4089
4090
4091
4092
4093
4094
4095
4096
4097
4098
4099
4100
4101
4102
4103
4104
4105
4106
4107
4108
4109
4110
4111
4112
4113
4114
4115
4116
4117
4118
4119
4120
4121
4140
4141
4142
4143
4144
4145
4146
4147
4148
4149
4150
4151
4152
4153
4154
4155
4156
4157
4230
4239
4240
4241
4242
4243
4244
4245
4246
4247
4248
4249
4250
4251
4252
4253
4254
4255
4256
4257
4258
4259
4260
4261
4262
4263
4264
4265
4311
4312
4313
4314
4315
4316
4317
4318
4319
4464
4465
4466
4467
4468
4469
4470
4471
4472
4473
4474
4475
4476
4477
4478
4479
4480
4481
4482
4483
4484
4485
4486
4487
4488
4489
4490
4491
4492
4493
4494
4495
4496
4497
4498
4499
4509
4510
4511
4512
4513
4514
4515
4516
4517
4518
4519
4520
4521
4522
4523
4524
4525
4526
4527
4528
4529
4530
4531
4532
4533
4534
4535
4608
4609
4610
4611
4612
4613
4614
4615
4616
4617
4618
4619
4620
4621
4622
4623
4624
4625
4626
4627
4628
4629
4630
4631
4632
4633
4634
4635
4636
4637
4638
4639
4640
4641
4642
4643
4725
4734
4735
4736
4737
4738
4739
4740
4741
4742
4743
4744
4745
4746
4747
4748
4749
4750
4751
4797
4798
4799
4800
4801
4802
4803
4804
4805
4950
4951
4952
4953
4954
4955
4956
4957
4958
4959
4960
4961
4962
4963
4964
4965
4966
4967
4968
4969
4970
4971
4972
4973
4974
4975
4976
4977
4978
4979
4980
4981
4982
4983
4984
4985
4986
4987
4988
4989
4990
4991
4992
4993
4994
4995
4996
4997
4998
4999
5000
5001
5002
5003
5004
5005
5006
5007
5008
5009
5010
5011
5012
5013
5014
5015
5016
5017
5018
5019
5020
5021
5094
5095
5096
5097
5098
5099
5100
5101
5102
5103
5104
5105
5106
5107
5108
5109
5110
5111
5112
5113
5114
5115
5116
5117
5118
5119
5120
5121
5122
5123
5124
5125
5126
5127
5128
5129
5202
5203
5204
5205
5211
5212
5213
5214
5215
5216
5217
5218
5219
5220
5221
5222
5223
5224
5225
5226
5227
5228
5229
5230
5231
5232
5233
5234
5235
5236
5237
5328
5329
5330
5331
5332
5333
5334
5335
5336
5337
5338
5339
5340
5341
5342
5343
5344
5345
5391
5392
5393
5394
5395
5396
5397
5398
5399
5544
5545
5546
5547
5548
5549
5550
5551
5552
5553
5554
5555
5556
5557
5558
5559
5560
5561
5562
5563
5564
5565
5566
5567
5568
5569
5570
5571
5572
5573
5574
5575
5576
5577
5578
5579
5580
5581
5582
5583
5584
5585
5586
5587
5588
5589
5590
5591
5592
5593
5594
5595
5596
5597
5598
5599
5600
5601
5602
5603
5604
5605
5606
5607
5608
5609
5610
5611
5612
5613
5614
5615
5688
5689
5690
5691
5692
5693
5694
5695
5696
5697
5698
5699
5700
5701
5702
5703
5704
5705
5706
5707
5708
5709
5710
5711
5712
5713
5714
5715
5716
5717
5718
5719
5720
5721
5722
5723
5796
5797
5798
5799
5800
5801
5802
5803
5804
5805
5806
5807
5808
5809
5810
5811
5812
5813
5814
5815
5816
5817
5818
5819
5820
5821
5822
5823
5824
5825
5826
5827
5828
5829
5830
5831
5913
5914
5915
5916
5917
5918
5919
5920
5921
5922
5923
5924
5925
5926
5927
5928
5929
5930
5931
5932
5933
5934
5935
5936
5937
5938
5939
6030
6031
6032
6033
6034
6035
6036
6037
6038
6039
6040
6041
6042
6043
6044
6045
6046
6047
6048
6049
6050
6051
6052
6053
6054
6055
6056
6093
6094
6095
6096
6097
6098
6099
6100
6101
6246
6247
6248
6249
6250
6251
6252
6253
6254
6255
6256
6257
6258
6259
6260
6261
6262
6263
6264
6265
6266
6267
6268
6269
6270
6271
6272
6273
6274
6275
6276
6277
6278
6279
6280
6281
6282
6283
6284
6285
6286
6287
6288
6289
6290
6291
6292
6293
6294
6295
6296
6297
6298
6299
6300
6301
6302
6303
6304
6305
6306
6307
6308
6309
6310
6311
6312
6313
6314
6315
6316
6317
6390
6391
6392
6393
6394
6395
6396
6397
6398
6399
6400
6401
6402
6403
6404
6405
6406
6407
6408
6409
6410
6411
6412
6413
6414
6415
6416
6417
6418
6419
6420
6421
6422
6423
6424
6425
6498
6499
6500
6501
6502
6503
6504
6505
6506
6507
6508
6509
6510
6511
6512
6513
6514
6515
6516
6517
6518
6519
6520
6521
6522
6523
6524
6525
6526
6527
6528
6529
6530
6531
6532
6533
6606
6607
6608
6609
6610
6611
6612
6613
6614
6615
6616
6617
6618
6619
6620
6621
6622
6623
6624
6625
6626
6627
6628
6629
6630
6631
6632
6633
6634
6635
6636
6637
6638
6639
6640
6641
6732
6733
6734
6735
6736
6737
6738
6739
6740
6741
6742
6743
6744
6745
6746
6747
6748
6749
6759
6760
6761
6762
6763
6764
6765
6766
6767
6840
6841
6842
6843
6844
6845
6846
6847
6848
6849
6850
6851
6852
6853
6854
6855
6856
6857
6858
6859
6860
6861
6862
6863
6864
6865
6866
6903
6904
6905
6906
6907
6908
6909
6910
6911
6946
6950
6951
6952
6953
6954
6955
6958
6959
6992
6993
6994
6995
6996
6997
6998
6999
7004
7005
7006
7007
7016
7018
7019
7052
7053
7054
7055
7056
7057
7058
7059
7064
7065
7066
7067
7084
7085
7086
7087
7088
7089
7090
7091
7102
7103
7136
7137
7138
7139
7140
7141
7142
7143
7146
7147
7148
7149
7150
7151
7168
7169
7170
7171
7172
7173
7174
7175
7194
7195
7196
7197
7198
7199
7210
7211
7244
7245
7246
7247
7248
7249
7250
7251
7252
7253
7254
7255
7256
7257
7258
7259
7276
7277
7278
7279
7280
7281
7282
7283
7300
7301
7302
7303
7304
7305
7306
7307
7328
7329
7330
7331
7342
7343
7376
7377
7378
7379
7380
7381
7382
7383
7384
7385
7386
7387
7388
7389
7390
7391
7408
7409
7410
7411
7412
7413
7414
7415
7432
7433
7434
7435
7436
7437
7438
7439
7458
7459
7460
7461
7462
7463
7484
7485
7486
7487
7488
7489
7498
7499
7532
7533
7534
7535
7536
7537
7538
7539
7540
7541
7542
7543
7544
7545
7546
7547
7564
7565
7566
7567
7568
7569
7570
7571
7588
7589
7590
7591
7592
7593
7594
7595
7612
7613
7614
7615
7616
7617
7618
7619
7640
7641
7642
7643
7646
7647
7664
7665
7666
7667
7668
7669
7678
7679
7714
7715
7718
7719
7720
7721
7722
7723
7760
7761
7762
7763
7764
7765
7766
7767
7772
7773
7774
7775
7784
7785
7786
7787
7820
7821
7822
7823
7824
7825
7826
7827
7832
7833
7834
7835
7852
7853
7854
7855
7856
7857
7858
7859
7870
7871
7904
7905
7906
7907
7908
7909
7910
7911
7914
7915
7916
7917
7918
7919
7936
7937
7938
7939
7940
7941
7942
7943
7962
7963
7964
7965
7966
7967
7978
7979
8012
8013
8014
8015
8016
8017
8018
8019
8020
8021
8022
8023
8024
8025
8026
8027
8044
8045
8046
8047
8048
8049
8050
8051
8068
8069
8070
8071
8072
8073
8074
8075
8096
8097
8098
8099
8110
8111
8144
8145
8146
8147
8148
8149
8150
8151
8152
8153
8154
8155
8156
8157
8158
8159
8176
8177
8178
8179
8180
8181
8182
8183
8200
8201
8202
8203
8204
8205
8206
8207
8226
8227
8228
8229
8230
8231
8252
8253
8254
8255
8256
8257
8266
8267
8300
8301
8302
8303
8304
8305
8306
8307
8308
8309
8310
8311
8312
8313
8314
8315
8332
8333
8334
8335
8336
8337
8338
8339
8356
8357
8358
8359
8360
8361
8362
8363
8380
8381
8382
8383
8384
8385
8386
8387
8408
8409
8410
8411
8414
8415
8432
8433
8434
8435
8436
8437
8446
8447
8482
8483
8486
8487
8488
8489
8490
8491
8528
8529
8530
8531
8532
8533
8534
8535
8540
8541
8542
8543
8552
8553
8554
8555
8588
8589
8590
8591
8592
8593
8594
8595
8600
8601
8602
8603
8620
8621
8622
8623
8624
8625
8626
8627
8638
8639
8672
8673
8674
8675
8676
8677
8678
8679
8682
8683
8684
8685
8686
8687
8704
8705
8706
8707
8708
8709
8710
8711
8730
8731
8732
8733
8734
8735
8746
8747
8780
8781
8782
8783
8784
8785
8786
8787
8788
8789
8790
8791
8792
8793
8794
8795
8812
8813
8814
8815
8816
8817
8818
8819
8836
8837
8838
8839
8840
8841
8842
8843
8864
8865
8866
8867
8878
8879
8912
8913
8914
8915
8916
8917
8918
8919
8920
8921
8922
8923
8924
8925
8926
8927
8944
8945
8946
8947
8948
8949
8950
8951
8968
8969
8970
8971
8972
8973
8974
8975
8994
8995
8996
8997
8998
8999
9020
9021
9022
9023
9024
9025
9034
9035
9068
9069
9070
9071
9072
9073
9074
9075
9076
9077
9078
9079
9080
9081
9082
9083
9100
9101
9102
9103
9104
9105
9106
9107
9124
9125
9126
9127
9128
9129
9130
9131
9148
9149
9150
9151
9152
9153
9154
9155
9176
9177
9178
9179
9182
9183
9200
9201
9202
9203
9204
9205
9214
9215
9226
9227
9238
9239
9240
9241
9252
9253
9262
9263
9264
9265
9274
9275
9276
9277
9288
9289
9298
9299
9300
9301
9310
9311
9312
9313
9324
9325
9336
9337
9346
9347
9348
9349
9358
9359
9360
9361
9370
9371
9372
9373
9384
9385
9396
9397
9406
9407
9408
9409
9418
9419
9420
9421
9430
9431
9432
9433
9444
9445
9456
9457
9458
9459
9468
9469
9478
9479
9480
9481
9490
9491
9492
9493
9502
9503
9504
9505
9514
9515
9516
9517
9528
9529
9540
9541
9542
9543
9552
9553
9559
9565
9566
9572
9577
9578
9583
9584
9590
9595
9596
9601
9602
9608
9614
9619
9620
9625
9626
9631
9632
9638
9644
9649
9650
9655
9656
9661
9662
9668
9674
9675
9680
9685
9686
9691
9692
9697
9698
9703
9704
9710
9716
9717
9722
9728
9734
9741
9746
9747
9752
9753
9759
9764
9765
9770
9771
9776
9777
9783
9788
9789
9794
9795
9800
9801
9807
9813
9818
9819
9824
9825
9830
9831
9836
9837
9843
9844
9849
9854
9855
9860
9861
9866
9867
9872
9873
9879
9885
9886
9891
9897
9903
9909
9910
9915
9916
9921
9922
9928
9933
9934
9939
9940
9945
9946
9952
9957
9958
9963
9964
9969
9970
9976
9982
9987
9988
9993
9994
9999
10000
10005
10006
10012
10013
10018
10023
10024
10029
10030
10035
10036
10041
10042
10048
10054
10055
10060
10066
10072
10078
10079
10084
10085
10090
10091
10097
10102
10103
10108
10109
10114
10115
10121
10126
10127
10132
10133
10138
10139
10145
10151
10156
10157
10162
10163
10168
10169
10174
10175
10181
10182
10187
10192
10193
10198
10199
10204
10205
10210
10211
10217
10223
10224
10229
10235
10241
10247
10248
10253
10254
10259
10260
10266
10271
10272
10277
10278
10283
10284
10290
10295
10296
10301
10302
10307
10308
10314
10320
10325
10326
10331
10332
10337
10338
10343
10344
10350
10351
10356
10361
10362
10367
10368
10373
10374
10379
10380
10386
10392
10393
10398
10409
10410
10421
10422
10423
10424
10435
10436
10445
10446
10447
10448
10457
10458
10459
10460
10471
10472
10481
10482
10483
10484
10493
10494
10495
10496
10507
10508
10519
10520
10529
10530
10531
10532
10541
10542
10543
10544
10553
10554
10555
10556
10567
10568
10579
10580
10589
10590
10591
10592
10601
10602
10603
10604
10613
10614
10615
10616
10627
10628
10639
10640
10641
10642
10651
10652
10661
10662
10663
10664
10673
10674
10675
10676
10685
10686
10687
10688
10697
10698
10699
10700
10711
10712
10723
10724
10725
10726
10735
10736
10782
10783
10784
10785
10786
10787
10788
10789
10790
10836
10837
10838
10839
10840
10841
10842
10843
10844
10846
10847
10848
10849
10850
10851
10852
10853
10899
10900
10901
10902
10903
10904
10905
10906
10907
10944
10945
10946
10947
10948
10949
10950
10951
10952
10953
10954
10955
10956
10957
10958
10959
10960
10961
10998
10999
11000
11001
11002
11003
11004
11005
11006
11007
11008
11009
11010
11011
11012
11013
11014
11015
11061
11062
11063
11064
11065
11066
11067
11068
11069
11106
11107
11108
11109
11110
11111
11112
11113
11114
11115
11116
11117
11118
11119
11120
11121
11122
11123
11160
11161
11162
11163
11164
11165
11166
11167
11168
11169
11170
11171
11172
11173
11174
11175
11176
11177
11214
11223
11224
11225
11226
11227
11228
11229
11230
11231
11277
11278
11279
11280
11281
11282
11283
11284
11285
11322
11323
11324
11325
11326
11327
11328
11329
11330
11331
11332
11333
11334
11335
11336
11337
11338
11339
11376
11377
11378
11379
11380
11381
11382
11383
11384
11385
11386
11387
11388
11389
11390
11391
11392
11393
11430
11431
11432
11433
11434
11435
11436
11437
11438
11439
11440
11441
11442
11443
11444
11445
11446
11447
11493
11494
11495
11496
11497
11498
11499
11500
11501
11547
11548
11549
11550
11551
11552
11553
11554
11555
11592
11593
11594
11595
11596
11597
11598
11599
11600
11601
11602
11603
11604
11605
11606
11607
11608
11609
11646
11647
11648
11649
11650
11651
11652
11653
11654
11655
11656
11657
11658
11659
11660
11661
11662
11663
11700
11701
11702
11703
11704
11705
11706
11707
11708
11709
11710
11711
11712
11713
11714
11715
11716
11717
11754
11755
11756
11757
11763
11764
11765
11766
11767
11768
11769
11770
11771
11817
11818
11819
11820
11821
11822
11823
11824
11825
11826
11827
11828
11829
11830
11831
11832
11833
11834
11871
11872
11873
11874
11875
11876
11877
11878
11879
11916
11917
11918
11919
11920
11921
11922
11923
11924
11925
11926
11927
11928
11929
11930
11931
11932
11933
11970
11971
11972
11973
11974
11975
11976
11977
11978
11979
11980
11981
11982
11983
11984
11985
11986
11987
12024
12025
12026
12027
12028
12029
12030
12031
12032
12033
12034
12035
12036
12037
12038
12039
12040
12041
12078
12079
12080
12081
12082
12083
12084
12085
12086
12087
12088
12089
12090
12091
12092
12093
12094
12095
12141
12142
12143
12144
12145
12146
12147
12148
12149
12195
12196
12197
12198
12199
12200
12201
12202
12203
12204
12205
12206
12207
12208
12209
12210
12211
12212
12249
12250
12251
12252
12253
12254
12255
12256
12257
12268
12269
12280
12281
12292
12294
12295
12304
12305
12306
12307
12316
12317
12318
12319
12330
12331
12340
12341
12342
12343
12352
12353
12354
12355
12364
12365
12366
12367
12378
12379
12388
12389
12390
12391
12400
12401
12402
12403
12412
12413
12414
12415
12426
12427
12438
12439
12448
12449
12450
12451
12460
12461
12462
12463
12472
12473
12474
12475
12484
12485
12486
12487
12498
12499
12500
12501
12510
12511
12520
12521
12522
12523
12532
12533
12534
12535
12544
12545
12546
12547
12556
12557
12558
12559
12570
12571
12582
12583
12584
12585
12594
12595
12606
12607
12618
12619
12630
12631
12632
12633
12642
12643
12644
12645
12654
12655
12656
12657
12668
12669
12678
12679
12680
12681
12690
12691
12692
12693
12702
12703
12704
12705
12716
12717
12726
12727
12728
12729
12738
12739
12740
12741
12750
12751
12752
12753
12764
12765
12776
12777
12786
12787
12788
12789
12798
12799
12800
12801
12810
12811
12812
12813
12822
12823
12824
12825
12836
12837
12838
12839
12848
12849
12858
12859
12860
12861
12870
12871
12872
12873
12882
12883
12884
12885
12894
12895
12896
12897
12908
12909
12920
12921
12922
12923
12932
12933
12944
12945
12956
12957
12968
12969
12970
12971
12980
12981
12982
12983
12992
12993
12994
12995
13006
13007
13016
13017
13018
13019
13028
13029
13030
13031
13040
13041
13042
13043
13054
13055
13064
13065
13066
13067
13076
13077
13078
13079
13088
13089
13090
13091
13102
13103
13114
13115
13124
13125
13126
13127
13136
13137
13138
13139
13148
13149
13150
13151
13160
13161
13162
13163
13174
13175
13176
13177
13186
13187
13196
13197
13198
13199
13208
13209
13210
13211
13220
13221
13222
13223
13232
13233
13234
13235
13246
13247
13258
13259
13260
13261
13270
13271
)


// ************************************************************************* //
