/*--------------------------------*- C++ -*----------------------------------*\
| =========                 |                                                 |
| \\      /  F ield         | OpenFOAM: The Open Source CFD Toolbox           |
|  \\    /   O peration     | Version:  2412                                  |
|   \\  /    A nd           | Website:  www.openfoam.com                      |
|    \\/     M anipulation  |                                                 |
\*---------------------------------------------------------------------------*/
FoamFile
{
    version     2.0;
    format      ascii;
    arch        "LSB;label=32;scalar=64";
    class       volScalarField;
    location    "583.522882481/fuelBehaviourRegion";
    object      fastFlux;
}
// * * * * * * * * * * * * * * * * * * * * * * * * * * * * * * * * * * * * * //

dimensions      [0 0 0 0 0 0 0];

internalField   nonuniform List<scalar> 
4720
(
2.223e+15
2.223e+15
2.223e+15
2.223e+15
2.223e+15
2.223e+15
2.223e+15
2.223e+15
2.223e+15
2.223e+15
2.223e+15
2.223e+15
2.223e+15
2.223e+15
2.223e+15
2.223e+15
2.223e+15
2.223e+15
2.223e+15
2.223e+15
2.223e+15
2.223e+15
2.223e+15
2.223e+15
2.223e+15
2.223e+15
2.223e+15
2.223e+15
2.223e+15
2.223e+15
2.23332e+15
2.23332e+15
2.23332e+15
2.23332e+15
2.23332e+15
2.23332e+15
2.23332e+15
2.23332e+15
2.23332e+15
2.23332e+15
2.23332e+15
2.23332e+15
2.23332e+15
2.23332e+15
2.23332e+15
2.23332e+15
2.23332e+15
2.23332e+15
2.23332e+15
2.23332e+15
2.23332e+15
2.23332e+15
2.23332e+15
2.23332e+15
2.23332e+15
2.23332e+15
2.23332e+15
2.23332e+15
2.23332e+15
2.23332e+15
2.2403e+15
2.2403e+15
2.2403e+15
2.2403e+15
2.2403e+15
2.2403e+15
2.2403e+15
2.2403e+15
2.2403e+15
2.2403e+15
2.2403e+15
2.2403e+15
2.2403e+15
2.2403e+15
2.2403e+15
2.2403e+15
2.2403e+15
2.2403e+15
2.2403e+15
2.2403e+15
2.2403e+15
2.2403e+15
2.2403e+15
2.2403e+15
2.2403e+15
2.2403e+15
2.2403e+15
2.2403e+15
2.2403e+15
2.2403e+15
2.24729e+15
2.24729e+15
2.24729e+15
2.24729e+15
2.24729e+15
2.24729e+15
2.24729e+15
2.24729e+15
2.24729e+15
2.24729e+15
2.24729e+15
2.24729e+15
2.24729e+15
2.24729e+15
2.24729e+15
2.24729e+15
2.24729e+15
2.24729e+15
2.24729e+15
2.24729e+15
2.24729e+15
2.24729e+15
2.24729e+15
2.24729e+15
2.24729e+15
2.24729e+15
2.24729e+15
2.24729e+15
2.24729e+15
2.24729e+15
2.25427e+15
2.25427e+15
2.25427e+15
2.25427e+15
2.25427e+15
2.25427e+15
2.25427e+15
2.25427e+15
2.25427e+15
2.25427e+15
2.25427e+15
2.25427e+15
2.25427e+15
2.25427e+15
2.25427e+15
2.25427e+15
2.25427e+15
2.25427e+15
2.25427e+15
2.25427e+15
2.25427e+15
2.25427e+15
2.25427e+15
2.25427e+15
2.25427e+15
2.25427e+15
2.25427e+15
2.25427e+15
2.25427e+15
2.25427e+15
2.26126e+15
2.26126e+15
2.26126e+15
2.26126e+15
2.26126e+15
2.26126e+15
2.26126e+15
2.26126e+15
2.26126e+15
2.26126e+15
2.26126e+15
2.26126e+15
2.26126e+15
2.26126e+15
2.26126e+15
2.26126e+15
2.26126e+15
2.26126e+15
2.26126e+15
2.26126e+15
2.26126e+15
2.26126e+15
2.26126e+15
2.26126e+15
2.26126e+15
2.26126e+15
2.26126e+15
2.26126e+15
2.26126e+15
2.26126e+15
2.26825e+15
2.26825e+15
2.26825e+15
2.26825e+15
2.26825e+15
2.26825e+15
2.26825e+15
2.26825e+15
2.26825e+15
2.26825e+15
2.26825e+15
2.26825e+15
2.26825e+15
2.26825e+15
2.26825e+15
2.26825e+15
2.26825e+15
2.26825e+15
2.26825e+15
2.26825e+15
2.26825e+15
2.26825e+15
2.26825e+15
2.26825e+15
2.26825e+15
2.26825e+15
2.26825e+15
2.26825e+15
2.26825e+15
2.26825e+15
2.27523e+15
2.27523e+15
2.27523e+15
2.27523e+15
2.27523e+15
2.27523e+15
2.27523e+15
2.27523e+15
2.27523e+15
2.27523e+15
2.27523e+15
2.27523e+15
2.27523e+15
2.27523e+15
2.27523e+15
2.27523e+15
2.27523e+15
2.27523e+15
2.27523e+15
2.27523e+15
2.27523e+15
2.27523e+15
2.27523e+15
2.27523e+15
2.27523e+15
2.27523e+15
2.27523e+15
2.27523e+15
2.27523e+15
2.27523e+15
2.28222e+15
2.28222e+15
2.28222e+15
2.28222e+15
2.28222e+15
2.28222e+15
2.28222e+15
2.28222e+15
2.28222e+15
2.28222e+15
2.28222e+15
2.28222e+15
2.28222e+15
2.28222e+15
2.28222e+15
2.28222e+15
2.28222e+15
2.28222e+15
2.28222e+15
2.28222e+15
2.28222e+15
2.28222e+15
2.28222e+15
2.28222e+15
2.28222e+15
2.28222e+15
2.28222e+15
2.28222e+15
2.28222e+15
2.28222e+15
2.28921e+15
2.28921e+15
2.28921e+15
2.28921e+15
2.28921e+15
2.28921e+15
2.28921e+15
2.28921e+15
2.28921e+15
2.28921e+15
2.28921e+15
2.28921e+15
2.28921e+15
2.28921e+15
2.28921e+15
2.28921e+15
2.28921e+15
2.28921e+15
2.28921e+15
2.28921e+15
2.28921e+15
2.28921e+15
2.28921e+15
2.28921e+15
2.28921e+15
2.28921e+15
2.28921e+15
2.28921e+15
2.28921e+15
2.28921e+15
2.29619e+15
2.29619e+15
2.29619e+15
2.29619e+15
2.29619e+15
2.29619e+15
2.29619e+15
2.29619e+15
2.29619e+15
2.29619e+15
2.29619e+15
2.29619e+15
2.29619e+15
2.29619e+15
2.29619e+15
2.29619e+15
2.29619e+15
2.29619e+15
2.29619e+15
2.29619e+15
2.29619e+15
2.29619e+15
2.29619e+15
2.29619e+15
2.29619e+15
2.29619e+15
2.29619e+15
2.29619e+15
2.29619e+15
2.29619e+15
2.30318e+15
2.30318e+15
2.30318e+15
2.30318e+15
2.30318e+15
2.30318e+15
2.30318e+15
2.30318e+15
2.30318e+15
2.30318e+15
2.30318e+15
2.30318e+15
2.30318e+15
2.30318e+15
2.30318e+15
2.30318e+15
2.30318e+15
2.30318e+15
2.30318e+15
2.30318e+15
2.30318e+15
2.30318e+15
2.30318e+15
2.30318e+15
2.30318e+15
2.30318e+15
2.30318e+15
2.30318e+15
2.30318e+15
2.30318e+15
2.31017e+15
2.31017e+15
2.31017e+15
2.31017e+15
2.31017e+15
2.31017e+15
2.31017e+15
2.31017e+15
2.31017e+15
2.31017e+15
2.31017e+15
2.31017e+15
2.31017e+15
2.31017e+15
2.31017e+15
2.31017e+15
2.31017e+15
2.31017e+15
2.31017e+15
2.31017e+15
2.31017e+15
2.31017e+15
2.31017e+15
2.31017e+15
2.31017e+15
2.31017e+15
2.31017e+15
2.31017e+15
2.31017e+15
2.31017e+15
2.31613e+15
2.31613e+15
2.31613e+15
2.31613e+15
2.31613e+15
2.31613e+15
2.31613e+15
2.31613e+15
2.31613e+15
2.31613e+15
2.31613e+15
2.31613e+15
2.31613e+15
2.31613e+15
2.31613e+15
2.31613e+15
2.31613e+15
2.31613e+15
2.31613e+15
2.31613e+15
2.31613e+15
2.31613e+15
2.31613e+15
2.31613e+15
2.31613e+15
2.31613e+15
2.31613e+15
2.31613e+15
2.31613e+15
2.31613e+15
2.31961e+15
2.31961e+15
2.31961e+15
2.31961e+15
2.31961e+15
2.31961e+15
2.31961e+15
2.31961e+15
2.31961e+15
2.31961e+15
2.31961e+15
2.31961e+15
2.31961e+15
2.31961e+15
2.31961e+15
2.31961e+15
2.31961e+15
2.31961e+15
2.31961e+15
2.31961e+15
2.31961e+15
2.31961e+15
2.31961e+15
2.31961e+15
2.31961e+15
2.31961e+15
2.31961e+15
2.31961e+15
2.31961e+15
2.31961e+15
2.32308e+15
2.32308e+15
2.32308e+15
2.32308e+15
2.32308e+15
2.32308e+15
2.32308e+15
2.32308e+15
2.32308e+15
2.32308e+15
2.32308e+15
2.32308e+15
2.32308e+15
2.32308e+15
2.32308e+15
2.32308e+15
2.32308e+15
2.32308e+15
2.32308e+15
2.32308e+15
2.32308e+15
2.32308e+15
2.32308e+15
2.32308e+15
2.32308e+15
2.32308e+15
2.32308e+15
2.32308e+15
2.32308e+15
2.32308e+15
2.32655e+15
2.32655e+15
2.32655e+15
2.32655e+15
2.32655e+15
2.32655e+15
2.32655e+15
2.32655e+15
2.32655e+15
2.32655e+15
2.32655e+15
2.32655e+15
2.32655e+15
2.32655e+15
2.32655e+15
2.32655e+15
2.32655e+15
2.32655e+15
2.32655e+15
2.32655e+15
2.32655e+15
2.32655e+15
2.32655e+15
2.32655e+15
2.32655e+15
2.32655e+15
2.32655e+15
2.32655e+15
2.32655e+15
2.32655e+15
2.33003e+15
2.33003e+15
2.33003e+15
2.33003e+15
2.33003e+15
2.33003e+15
2.33003e+15
2.33003e+15
2.33003e+15
2.33003e+15
2.33003e+15
2.33003e+15
2.33003e+15
2.33003e+15
2.33003e+15
2.33003e+15
2.33003e+15
2.33003e+15
2.33003e+15
2.33003e+15
2.33003e+15
2.33003e+15
2.33003e+15
2.33003e+15
2.33003e+15
2.33003e+15
2.33003e+15
2.33003e+15
2.33003e+15
2.33003e+15
2.3335e+15
2.3335e+15
2.3335e+15
2.3335e+15
2.3335e+15
2.3335e+15
2.3335e+15
2.3335e+15
2.3335e+15
2.3335e+15
2.3335e+15
2.3335e+15
2.3335e+15
2.3335e+15
2.3335e+15
2.3335e+15
2.3335e+15
2.3335e+15
2.3335e+15
2.3335e+15
2.3335e+15
2.3335e+15
2.3335e+15
2.3335e+15
2.3335e+15
2.3335e+15
2.3335e+15
2.3335e+15
2.3335e+15
2.3335e+15
2.33697e+15
2.33697e+15
2.33697e+15
2.33697e+15
2.33697e+15
2.33697e+15
2.33697e+15
2.33697e+15
2.33697e+15
2.33697e+15
2.33697e+15
2.33697e+15
2.33697e+15
2.33697e+15
2.33697e+15
2.33697e+15
2.33697e+15
2.33697e+15
2.33697e+15
2.33697e+15
2.33697e+15
2.33697e+15
2.33697e+15
2.33697e+15
2.33697e+15
2.33697e+15
2.33697e+15
2.33697e+15
2.33697e+15
2.33697e+15
2.34045e+15
2.34045e+15
2.34045e+15
2.34045e+15
2.34045e+15
2.34045e+15
2.34045e+15
2.34045e+15
2.34045e+15
2.34045e+15
2.34045e+15
2.34045e+15
2.34045e+15
2.34045e+15
2.34045e+15
2.34045e+15
2.34045e+15
2.34045e+15
2.34045e+15
2.34045e+15
2.34045e+15
2.34045e+15
2.34045e+15
2.34045e+15
2.34045e+15
2.34045e+15
2.34045e+15
2.34045e+15
2.34045e+15
2.34045e+15
2.34392e+15
2.34392e+15
2.34392e+15
2.34392e+15
2.34392e+15
2.34392e+15
2.34392e+15
2.34392e+15
2.34392e+15
2.34392e+15
2.34392e+15
2.34392e+15
2.34392e+15
2.34392e+15
2.34392e+15
2.34392e+15
2.34392e+15
2.34392e+15
2.34392e+15
2.34392e+15
2.34392e+15
2.34392e+15
2.34392e+15
2.34392e+15
2.34392e+15
2.34392e+15
2.34392e+15
2.34392e+15
2.34392e+15
2.34392e+15
2.34739e+15
2.34739e+15
2.34739e+15
2.34739e+15
2.34739e+15
2.34739e+15
2.34739e+15
2.34739e+15
2.34739e+15
2.34739e+15
2.34739e+15
2.34739e+15
2.34739e+15
2.34739e+15
2.34739e+15
2.34739e+15
2.34739e+15
2.34739e+15
2.34739e+15
2.34739e+15
2.34739e+15
2.34739e+15
2.34739e+15
2.34739e+15
2.34739e+15
2.34739e+15
2.34739e+15
2.34739e+15
2.34739e+15
2.34739e+15
2.35087e+15
2.35087e+15
2.35087e+15
2.35087e+15
2.35087e+15
2.35087e+15
2.35087e+15
2.35087e+15
2.35087e+15
2.35087e+15
2.35087e+15
2.35087e+15
2.35087e+15
2.35087e+15
2.35087e+15
2.35087e+15
2.35087e+15
2.35087e+15
2.35087e+15
2.35087e+15
2.35087e+15
2.35087e+15
2.35087e+15
2.35087e+15
2.35087e+15
2.35087e+15
2.35087e+15
2.35087e+15
2.35087e+15
2.35087e+15
2.35434e+15
2.35434e+15
2.35434e+15
2.35434e+15
2.35434e+15
2.35434e+15
2.35434e+15
2.35434e+15
2.35434e+15
2.35434e+15
2.35434e+15
2.35434e+15
2.35434e+15
2.35434e+15
2.35434e+15
2.35434e+15
2.35434e+15
2.35434e+15
2.35434e+15
2.35434e+15
2.35434e+15
2.35434e+15
2.35434e+15
2.35434e+15
2.35434e+15
2.35434e+15
2.35434e+15
2.35434e+15
2.35434e+15
2.35434e+15
2.35653e+15
2.35653e+15
2.35653e+15
2.35653e+15
2.35653e+15
2.35653e+15
2.35653e+15
2.35653e+15
2.35653e+15
2.35653e+15
2.35653e+15
2.35653e+15
2.35653e+15
2.35653e+15
2.35653e+15
2.35653e+15
2.35653e+15
2.35653e+15
2.35653e+15
2.35653e+15
2.35653e+15
2.35653e+15
2.35653e+15
2.35653e+15
2.35653e+15
2.35653e+15
2.35653e+15
2.35653e+15
2.35653e+15
2.35653e+15
2.35694e+15
2.35694e+15
2.35694e+15
2.35694e+15
2.35694e+15
2.35694e+15
2.35694e+15
2.35694e+15
2.35694e+15
2.35694e+15
2.35694e+15
2.35694e+15
2.35694e+15
2.35694e+15
2.35694e+15
2.35694e+15
2.35694e+15
2.35694e+15
2.35694e+15
2.35694e+15
2.35694e+15
2.35694e+15
2.35694e+15
2.35694e+15
2.35694e+15
2.35694e+15
2.35694e+15
2.35694e+15
2.35694e+15
2.35694e+15
2.35735e+15
2.35735e+15
2.35735e+15
2.35735e+15
2.35735e+15
2.35735e+15
2.35735e+15
2.35735e+15
2.35735e+15
2.35735e+15
2.35735e+15
2.35735e+15
2.35735e+15
2.35735e+15
2.35735e+15
2.35735e+15
2.35735e+15
2.35735e+15
2.35735e+15
2.35735e+15
2.35735e+15
2.35735e+15
2.35735e+15
2.35735e+15
2.35735e+15
2.35735e+15
2.35735e+15
2.35735e+15
2.35735e+15
2.35735e+15
2.35776e+15
2.35776e+15
2.35776e+15
2.35776e+15
2.35776e+15
2.35776e+15
2.35776e+15
2.35776e+15
2.35776e+15
2.35776e+15
2.35776e+15
2.35776e+15
2.35776e+15
2.35776e+15
2.35776e+15
2.35776e+15
2.35776e+15
2.35776e+15
2.35776e+15
2.35776e+15
2.35776e+15
2.35776e+15
2.35776e+15
2.35776e+15
2.35776e+15
2.35776e+15
2.35776e+15
2.35776e+15
2.35776e+15
2.35776e+15
2.35817e+15
2.35817e+15
2.35817e+15
2.35817e+15
2.35817e+15
2.35817e+15
2.35817e+15
2.35817e+15
2.35817e+15
2.35817e+15
2.35817e+15
2.35817e+15
2.35817e+15
2.35817e+15
2.35817e+15
2.35817e+15
2.35817e+15
2.35817e+15
2.35817e+15
2.35817e+15
2.35817e+15
2.35817e+15
2.35817e+15
2.35817e+15
2.35817e+15
2.35817e+15
2.35817e+15
2.35817e+15
2.35817e+15
2.35817e+15
2.35861e+15
2.35861e+15
2.35861e+15
2.35861e+15
2.35861e+15
2.35861e+15
2.35861e+15
2.35861e+15
2.35861e+15
2.35861e+15
2.35861e+15
2.35861e+15
2.35861e+15
2.35861e+15
2.35861e+15
2.35861e+15
2.35861e+15
2.35861e+15
2.35861e+15
2.35861e+15
2.35861e+15
2.35861e+15
2.35861e+15
2.35861e+15
2.35861e+15
2.35861e+15
2.35861e+15
2.35861e+15
2.35861e+15
2.35861e+15
2.35907e+15
2.35907e+15
2.35907e+15
2.35907e+15
2.35907e+15
2.35907e+15
2.35907e+15
2.35907e+15
2.35907e+15
2.35907e+15
2.35907e+15
2.35907e+15
2.35907e+15
2.35907e+15
2.35907e+15
2.35907e+15
2.35907e+15
2.35907e+15
2.35907e+15
2.35907e+15
2.35907e+15
2.35907e+15
2.35907e+15
2.35907e+15
2.35907e+15
2.35907e+15
2.35907e+15
2.35907e+15
2.35907e+15
2.35907e+15
2.35953e+15
2.35953e+15
2.35953e+15
2.35953e+15
2.35953e+15
2.35953e+15
2.35953e+15
2.35953e+15
2.35953e+15
2.35953e+15
2.35953e+15
2.35953e+15
2.35953e+15
2.35953e+15
2.35953e+15
2.35953e+15
2.35953e+15
2.35953e+15
2.35953e+15
2.35953e+15
2.35953e+15
2.35953e+15
2.35953e+15
2.35953e+15
2.35953e+15
2.35953e+15
2.35953e+15
2.35953e+15
2.35953e+15
2.35953e+15
2.35999e+15
2.35999e+15
2.35999e+15
2.35999e+15
2.35999e+15
2.35999e+15
2.35999e+15
2.35999e+15
2.35999e+15
2.35999e+15
2.35999e+15
2.35999e+15
2.35999e+15
2.35999e+15
2.35999e+15
2.35999e+15
2.35999e+15
2.35999e+15
2.35999e+15
2.35999e+15
2.35999e+15
2.35999e+15
2.35999e+15
2.35999e+15
2.35999e+15
2.35999e+15
2.35999e+15
2.35999e+15
2.35999e+15
2.35999e+15
2.36045e+15
2.36045e+15
2.36045e+15
2.36045e+15
2.36045e+15
2.36045e+15
2.36045e+15
2.36045e+15
2.36045e+15
2.36045e+15
2.36045e+15
2.36045e+15
2.36045e+15
2.36045e+15
2.36045e+15
2.36045e+15
2.36045e+15
2.36045e+15
2.36045e+15
2.36045e+15
2.36045e+15
2.36045e+15
2.36045e+15
2.36045e+15
2.36045e+15
2.36045e+15
2.36045e+15
2.36045e+15
2.36045e+15
2.36045e+15
2.36091e+15
2.36091e+15
2.36091e+15
2.36091e+15
2.36091e+15
2.36091e+15
2.36091e+15
2.36091e+15
2.36091e+15
2.36091e+15
2.36091e+15
2.36091e+15
2.36091e+15
2.36091e+15
2.36091e+15
2.36091e+15
2.36091e+15
2.36091e+15
2.36091e+15
2.36091e+15
2.36091e+15
2.36091e+15
2.36091e+15
2.36091e+15
2.36091e+15
2.36091e+15
2.36091e+15
2.36091e+15
2.36091e+15
2.36091e+15
2.36011e+15
2.36011e+15
2.36011e+15
2.36011e+15
2.36011e+15
2.36011e+15
2.36011e+15
2.36011e+15
2.36011e+15
2.36011e+15
2.36011e+15
2.36011e+15
2.36011e+15
2.36011e+15
2.36011e+15
2.36011e+15
2.36011e+15
2.36011e+15
2.36011e+15
2.36011e+15
2.36011e+15
2.36011e+15
2.36011e+15
2.36011e+15
2.36011e+15
2.36011e+15
2.36011e+15
2.36011e+15
2.36011e+15
2.36011e+15
2.35659e+15
2.35659e+15
2.35659e+15
2.35659e+15
2.35659e+15
2.35659e+15
2.35659e+15
2.35659e+15
2.35659e+15
2.35659e+15
2.35659e+15
2.35659e+15
2.35659e+15
2.35659e+15
2.35659e+15
2.35659e+15
2.35659e+15
2.35659e+15
2.35659e+15
2.35659e+15
2.35659e+15
2.35659e+15
2.35659e+15
2.35659e+15
2.35659e+15
2.35659e+15
2.35659e+15
2.35659e+15
2.35659e+15
2.35659e+15
2.35307e+15
2.35307e+15
2.35307e+15
2.35307e+15
2.35307e+15
2.35307e+15
2.35307e+15
2.35307e+15
2.35307e+15
2.35307e+15
2.35307e+15
2.35307e+15
2.35307e+15
2.35307e+15
2.35307e+15
2.35307e+15
2.35307e+15
2.35307e+15
2.35307e+15
2.35307e+15
2.35307e+15
2.35307e+15
2.35307e+15
2.35307e+15
2.35307e+15
2.35307e+15
2.35307e+15
2.35307e+15
2.35307e+15
2.35307e+15
2.34955e+15
2.34955e+15
2.34955e+15
2.34955e+15
2.34955e+15
2.34955e+15
2.34955e+15
2.34955e+15
2.34955e+15
2.34955e+15
2.34955e+15
2.34955e+15
2.34955e+15
2.34955e+15
2.34955e+15
2.34955e+15
2.34955e+15
2.34955e+15
2.34955e+15
2.34955e+15
2.34955e+15
2.34955e+15
2.34955e+15
2.34955e+15
2.34955e+15
2.34955e+15
2.34955e+15
2.34955e+15
2.34955e+15
2.34955e+15
2.34603e+15
2.34603e+15
2.34603e+15
2.34603e+15
2.34603e+15
2.34603e+15
2.34603e+15
2.34603e+15
2.34603e+15
2.34603e+15
2.34603e+15
2.34603e+15
2.34603e+15
2.34603e+15
2.34603e+15
2.34603e+15
2.34603e+15
2.34603e+15
2.34603e+15
2.34603e+15
2.34603e+15
2.34603e+15
2.34603e+15
2.34603e+15
2.34603e+15
2.34603e+15
2.34603e+15
2.34603e+15
2.34603e+15
2.34603e+15
2.34251e+15
2.34251e+15
2.34251e+15
2.34251e+15
2.34251e+15
2.34251e+15
2.34251e+15
2.34251e+15
2.34251e+15
2.34251e+15
2.34251e+15
2.34251e+15
2.34251e+15
2.34251e+15
2.34251e+15
2.34251e+15
2.34251e+15
2.34251e+15
2.34251e+15
2.34251e+15
2.34251e+15
2.34251e+15
2.34251e+15
2.34251e+15
2.34251e+15
2.34251e+15
2.34251e+15
2.34251e+15
2.34251e+15
2.34251e+15
2.33898e+15
2.33898e+15
2.33898e+15
2.33898e+15
2.33898e+15
2.33898e+15
2.33898e+15
2.33898e+15
2.33898e+15
2.33898e+15
2.33898e+15
2.33898e+15
2.33898e+15
2.33898e+15
2.33898e+15
2.33898e+15
2.33898e+15
2.33898e+15
2.33898e+15
2.33898e+15
2.33898e+15
2.33898e+15
2.33898e+15
2.33898e+15
2.33898e+15
2.33898e+15
2.33898e+15
2.33898e+15
2.33898e+15
2.33898e+15
2.33546e+15
2.33546e+15
2.33546e+15
2.33546e+15
2.33546e+15
2.33546e+15
2.33546e+15
2.33546e+15
2.33546e+15
2.33546e+15
2.33546e+15
2.33546e+15
2.33546e+15
2.33546e+15
2.33546e+15
2.33546e+15
2.33546e+15
2.33546e+15
2.33546e+15
2.33546e+15
2.33546e+15
2.33546e+15
2.33546e+15
2.33546e+15
2.33546e+15
2.33546e+15
2.33546e+15
2.33546e+15
2.33546e+15
2.33546e+15
2.33194e+15
2.33194e+15
2.33194e+15
2.33194e+15
2.33194e+15
2.33194e+15
2.33194e+15
2.33194e+15
2.33194e+15
2.33194e+15
2.33194e+15
2.33194e+15
2.33194e+15
2.33194e+15
2.33194e+15
2.33194e+15
2.33194e+15
2.33194e+15
2.33194e+15
2.33194e+15
2.33194e+15
2.33194e+15
2.33194e+15
2.33194e+15
2.33194e+15
2.33194e+15
2.33194e+15
2.33194e+15
2.33194e+15
2.33194e+15
2.32842e+15
2.32842e+15
2.32842e+15
2.32842e+15
2.32842e+15
2.32842e+15
2.32842e+15
2.32842e+15
2.32842e+15
2.32842e+15
2.32842e+15
2.32842e+15
2.32842e+15
2.32842e+15
2.32842e+15
2.32842e+15
2.32842e+15
2.32842e+15
2.32842e+15
2.32842e+15
2.32842e+15
2.32842e+15
2.32842e+15
2.32842e+15
2.32842e+15
2.32842e+15
2.32842e+15
2.32842e+15
2.32842e+15
2.32842e+15
2.3249e+15
2.3249e+15
2.3249e+15
2.3249e+15
2.3249e+15
2.3249e+15
2.3249e+15
2.3249e+15
2.3249e+15
2.3249e+15
2.3249e+15
2.3249e+15
2.3249e+15
2.3249e+15
2.3249e+15
2.3249e+15
2.3249e+15
2.3249e+15
2.3249e+15
2.3249e+15
2.3249e+15
2.3249e+15
2.3249e+15
2.3249e+15
2.3249e+15
2.3249e+15
2.3249e+15
2.3249e+15
2.3249e+15
2.3249e+15
2.31837e+15
2.31837e+15
2.31837e+15
2.31837e+15
2.31837e+15
2.31837e+15
2.31837e+15
2.31837e+15
2.31837e+15
2.31837e+15
2.31837e+15
2.31837e+15
2.31837e+15
2.31837e+15
2.31837e+15
2.31837e+15
2.31837e+15
2.31837e+15
2.31837e+15
2.31837e+15
2.31837e+15
2.31837e+15
2.31837e+15
2.31837e+15
2.31837e+15
2.31837e+15
2.31837e+15
2.31837e+15
2.31837e+15
2.31837e+15
2.31091e+15
2.31091e+15
2.31091e+15
2.31091e+15
2.31091e+15
2.31091e+15
2.31091e+15
2.31091e+15
2.31091e+15
2.31091e+15
2.31091e+15
2.31091e+15
2.31091e+15
2.31091e+15
2.31091e+15
2.31091e+15
2.31091e+15
2.31091e+15
2.31091e+15
2.31091e+15
2.31091e+15
2.31091e+15
2.31091e+15
2.31091e+15
2.31091e+15
2.31091e+15
2.31091e+15
2.31091e+15
2.31091e+15
2.31091e+15
2.30345e+15
2.30345e+15
2.30345e+15
2.30345e+15
2.30345e+15
2.30345e+15
2.30345e+15
2.30345e+15
2.30345e+15
2.30345e+15
2.30345e+15
2.30345e+15
2.30345e+15
2.30345e+15
2.30345e+15
2.30345e+15
2.30345e+15
2.30345e+15
2.30345e+15
2.30345e+15
2.30345e+15
2.30345e+15
2.30345e+15
2.30345e+15
2.30345e+15
2.30345e+15
2.30345e+15
2.30345e+15
2.30345e+15
2.30345e+15
2.29599e+15
2.29599e+15
2.29599e+15
2.29599e+15
2.29599e+15
2.29599e+15
2.29599e+15
2.29599e+15
2.29599e+15
2.29599e+15
2.29599e+15
2.29599e+15
2.29599e+15
2.29599e+15
2.29599e+15
2.29599e+15
2.29599e+15
2.29599e+15
2.29599e+15
2.29599e+15
2.29599e+15
2.29599e+15
2.29599e+15
2.29599e+15
2.29599e+15
2.29599e+15
2.29599e+15
2.29599e+15
2.29599e+15
2.29599e+15
2.28853e+15
2.28853e+15
2.28853e+15
2.28853e+15
2.28853e+15
2.28853e+15
2.28853e+15
2.28853e+15
2.28853e+15
2.28853e+15
2.28853e+15
2.28853e+15
2.28853e+15
2.28853e+15
2.28853e+15
2.28853e+15
2.28853e+15
2.28853e+15
2.28853e+15
2.28853e+15
2.28853e+15
2.28853e+15
2.28853e+15
2.28853e+15
2.28853e+15
2.28853e+15
2.28853e+15
2.28853e+15
2.28853e+15
2.28853e+15
2.28107e+15
2.28107e+15
2.28107e+15
2.28107e+15
2.28107e+15
2.28107e+15
2.28107e+15
2.28107e+15
2.28107e+15
2.28107e+15
2.28107e+15
2.28107e+15
2.28107e+15
2.28107e+15
2.28107e+15
2.28107e+15
2.28107e+15
2.28107e+15
2.28107e+15
2.28107e+15
2.28107e+15
2.28107e+15
2.28107e+15
2.28107e+15
2.28107e+15
2.28107e+15
2.28107e+15
2.28107e+15
2.28107e+15
2.28107e+15
2.27361e+15
2.27361e+15
2.27361e+15
2.27361e+15
2.27361e+15
2.27361e+15
2.27361e+15
2.27361e+15
2.27361e+15
2.27361e+15
2.27361e+15
2.27361e+15
2.27361e+15
2.27361e+15
2.27361e+15
2.27361e+15
2.27361e+15
2.27361e+15
2.27361e+15
2.27361e+15
2.27361e+15
2.27361e+15
2.27361e+15
2.27361e+15
2.27361e+15
2.27361e+15
2.27361e+15
2.27361e+15
2.27361e+15
2.27361e+15
2.26616e+15
2.26616e+15
2.26616e+15
2.26616e+15
2.26616e+15
2.26616e+15
2.26616e+15
2.26616e+15
2.26616e+15
2.26616e+15
2.26616e+15
2.26616e+15
2.26616e+15
2.26616e+15
2.26616e+15
2.26616e+15
2.26616e+15
2.26616e+15
2.26616e+15
2.26616e+15
2.26616e+15
2.26616e+15
2.26616e+15
2.26616e+15
2.26616e+15
2.26616e+15
2.26616e+15
2.26616e+15
2.26616e+15
2.26616e+15
2.2587e+15
2.2587e+15
2.2587e+15
2.2587e+15
2.2587e+15
2.2587e+15
2.2587e+15
2.2587e+15
2.2587e+15
2.2587e+15
2.2587e+15
2.2587e+15
2.2587e+15
2.2587e+15
2.2587e+15
2.2587e+15
2.2587e+15
2.2587e+15
2.2587e+15
2.2587e+15
2.2587e+15
2.2587e+15
2.2587e+15
2.2587e+15
2.2587e+15
2.2587e+15
2.2587e+15
2.2587e+15
2.2587e+15
2.2587e+15
2.25124e+15
2.25124e+15
2.25124e+15
2.25124e+15
2.25124e+15
2.25124e+15
2.25124e+15
2.25124e+15
2.25124e+15
2.25124e+15
2.25124e+15
2.25124e+15
2.25124e+15
2.25124e+15
2.25124e+15
2.25124e+15
2.25124e+15
2.25124e+15
2.25124e+15
2.25124e+15
2.25124e+15
2.25124e+15
2.25124e+15
2.25124e+15
2.25124e+15
2.25124e+15
2.25124e+15
2.25124e+15
2.25124e+15
2.25124e+15
2.24289e+15
2.24289e+15
2.24289e+15
2.24289e+15
2.24289e+15
2.24289e+15
2.24289e+15
2.24289e+15
2.24289e+15
2.24289e+15
2.24289e+15
2.24289e+15
2.24289e+15
2.24289e+15
2.24289e+15
2.24289e+15
2.24289e+15
2.24289e+15
2.24289e+15
2.24289e+15
2.24289e+15
2.24289e+15
2.24289e+15
2.24289e+15
2.24289e+15
2.24289e+15
2.24289e+15
2.24289e+15
2.24289e+15
2.24289e+15
2.23123e+15
2.23123e+15
2.23123e+15
2.23123e+15
2.23123e+15
2.23123e+15
2.23123e+15
2.23123e+15
2.23123e+15
2.23123e+15
2.23123e+15
2.23123e+15
2.23123e+15
2.23123e+15
2.23123e+15
2.23123e+15
2.23123e+15
2.23123e+15
2.23123e+15
2.23123e+15
2.23123e+15
2.23123e+15
2.23123e+15
2.23123e+15
2.23123e+15
2.23123e+15
2.23123e+15
2.23123e+15
2.23123e+15
2.23123e+15
2.21956e+15
2.21956e+15
2.21956e+15
2.21956e+15
2.21956e+15
2.21956e+15
2.21956e+15
2.21956e+15
2.21956e+15
2.21956e+15
2.21956e+15
2.21956e+15
2.21956e+15
2.21956e+15
2.21956e+15
2.21956e+15
2.21956e+15
2.21956e+15
2.21956e+15
2.21956e+15
2.21956e+15
2.21956e+15
2.21956e+15
2.21956e+15
2.21956e+15
2.21956e+15
2.21956e+15
2.21956e+15
2.21956e+15
2.21956e+15
2.2079e+15
2.2079e+15
2.2079e+15
2.2079e+15
2.2079e+15
2.2079e+15
2.2079e+15
2.2079e+15
2.2079e+15
2.2079e+15
2.2079e+15
2.2079e+15
2.2079e+15
2.2079e+15
2.2079e+15
2.2079e+15
2.2079e+15
2.2079e+15
2.2079e+15
2.2079e+15
2.2079e+15
2.2079e+15
2.2079e+15
2.2079e+15
2.2079e+15
2.2079e+15
2.2079e+15
2.2079e+15
2.2079e+15
2.2079e+15
2.19623e+15
2.19623e+15
2.19623e+15
2.19623e+15
2.19623e+15
2.19623e+15
2.19623e+15
2.19623e+15
2.19623e+15
2.19623e+15
2.19623e+15
2.19623e+15
2.19623e+15
2.19623e+15
2.19623e+15
2.19623e+15
2.19623e+15
2.19623e+15
2.19623e+15
2.19623e+15
2.19623e+15
2.19623e+15
2.19623e+15
2.19623e+15
2.19623e+15
2.19623e+15
2.19623e+15
2.19623e+15
2.19623e+15
2.19623e+15
2.18457e+15
2.18457e+15
2.18457e+15
2.18457e+15
2.18457e+15
2.18457e+15
2.18457e+15
2.18457e+15
2.18457e+15
2.18457e+15
2.18457e+15
2.18457e+15
2.18457e+15
2.18457e+15
2.18457e+15
2.18457e+15
2.18457e+15
2.18457e+15
2.18457e+15
2.18457e+15
2.18457e+15
2.18457e+15
2.18457e+15
2.18457e+15
2.18457e+15
2.18457e+15
2.18457e+15
2.18457e+15
2.18457e+15
2.18457e+15
2.1729e+15
2.1729e+15
2.1729e+15
2.1729e+15
2.1729e+15
2.1729e+15
2.1729e+15
2.1729e+15
2.1729e+15
2.1729e+15
2.1729e+15
2.1729e+15
2.1729e+15
2.1729e+15
2.1729e+15
2.1729e+15
2.1729e+15
2.1729e+15
2.1729e+15
2.1729e+15
2.1729e+15
2.1729e+15
2.1729e+15
2.1729e+15
2.1729e+15
2.1729e+15
2.1729e+15
2.1729e+15
2.1729e+15
2.1729e+15
2.16124e+15
2.16124e+15
2.16124e+15
2.16124e+15
2.16124e+15
2.16124e+15
2.16124e+15
2.16124e+15
2.16124e+15
2.16124e+15
2.16124e+15
2.16124e+15
2.16124e+15
2.16124e+15
2.16124e+15
2.16124e+15
2.16124e+15
2.16124e+15
2.16124e+15
2.16124e+15
2.16124e+15
2.16124e+15
2.16124e+15
2.16124e+15
2.16124e+15
2.16124e+15
2.16124e+15
2.16124e+15
2.16124e+15
2.16124e+15
2.14957e+15
2.14957e+15
2.14957e+15
2.14957e+15
2.14957e+15
2.14957e+15
2.14957e+15
2.14957e+15
2.14957e+15
2.14957e+15
2.14957e+15
2.14957e+15
2.14957e+15
2.14957e+15
2.14957e+15
2.14957e+15
2.14957e+15
2.14957e+15
2.14957e+15
2.14957e+15
2.14957e+15
2.14957e+15
2.14957e+15
2.14957e+15
2.14957e+15
2.14957e+15
2.14957e+15
2.14957e+15
2.14957e+15
2.14957e+15
2.13791e+15
2.13791e+15
2.13791e+15
2.13791e+15
2.13791e+15
2.13791e+15
2.13791e+15
2.13791e+15
2.13791e+15
2.13791e+15
2.13791e+15
2.13791e+15
2.13791e+15
2.13791e+15
2.13791e+15
2.13791e+15
2.13791e+15
2.13791e+15
2.13791e+15
2.13791e+15
2.13791e+15
2.13791e+15
2.13791e+15
2.13791e+15
2.13791e+15
2.13791e+15
2.13791e+15
2.13791e+15
2.13791e+15
2.13791e+15
2.12624e+15
2.12624e+15
2.12624e+15
2.12624e+15
2.12624e+15
2.12624e+15
2.12624e+15
2.12624e+15
2.12624e+15
2.12624e+15
2.12624e+15
2.12624e+15
2.12624e+15
2.12624e+15
2.12624e+15
2.12624e+15
2.12624e+15
2.12624e+15
2.12624e+15
2.12624e+15
2.12624e+15
2.12624e+15
2.12624e+15
2.12624e+15
2.12624e+15
2.12624e+15
2.12624e+15
2.12624e+15
2.12624e+15
2.12624e+15
2.11191e+15
2.11191e+15
2.11191e+15
2.11191e+15
2.11191e+15
2.11191e+15
2.11191e+15
2.11191e+15
2.11191e+15
2.11191e+15
2.11191e+15
2.11191e+15
2.11191e+15
2.11191e+15
2.11191e+15
2.11191e+15
2.11191e+15
2.11191e+15
2.11191e+15
2.11191e+15
2.11191e+15
2.11191e+15
2.11191e+15
2.11191e+15
2.11191e+15
2.11191e+15
2.11191e+15
2.11191e+15
2.11191e+15
2.11191e+15
2.09617e+15
2.09617e+15
2.09617e+15
2.09617e+15
2.09617e+15
2.09617e+15
2.09617e+15
2.09617e+15
2.09617e+15
2.09617e+15
2.09617e+15
2.09617e+15
2.09617e+15
2.09617e+15
2.09617e+15
2.09617e+15
2.09617e+15
2.09617e+15
2.09617e+15
2.09617e+15
2.09617e+15
2.09617e+15
2.09617e+15
2.09617e+15
2.09617e+15
2.09617e+15
2.09617e+15
2.09617e+15
2.09617e+15
2.09617e+15
2.08044e+15
2.08044e+15
2.08044e+15
2.08044e+15
2.08044e+15
2.08044e+15
2.08044e+15
2.08044e+15
2.08044e+15
2.08044e+15
2.08044e+15
2.08044e+15
2.08044e+15
2.08044e+15
2.08044e+15
2.08044e+15
2.08044e+15
2.08044e+15
2.08044e+15
2.08044e+15
2.08044e+15
2.08044e+15
2.08044e+15
2.08044e+15
2.08044e+15
2.08044e+15
2.08044e+15
2.08044e+15
2.08044e+15
2.08044e+15
2.06471e+15
2.06471e+15
2.06471e+15
2.06471e+15
2.06471e+15
2.06471e+15
2.06471e+15
2.06471e+15
2.06471e+15
2.06471e+15
2.06471e+15
2.06471e+15
2.06471e+15
2.06471e+15
2.06471e+15
2.06471e+15
2.06471e+15
2.06471e+15
2.06471e+15
2.06471e+15
2.06471e+15
2.06471e+15
2.06471e+15
2.06471e+15
2.06471e+15
2.06471e+15
2.06471e+15
2.06471e+15
2.06471e+15
2.06471e+15
2.04898e+15
2.04898e+15
2.04898e+15
2.04898e+15
2.04898e+15
2.04898e+15
2.04898e+15
2.04898e+15
2.04898e+15
2.04898e+15
2.04898e+15
2.04898e+15
2.04898e+15
2.04898e+15
2.04898e+15
2.04898e+15
2.04898e+15
2.04898e+15
2.04898e+15
2.04898e+15
2.04898e+15
2.04898e+15
2.04898e+15
2.04898e+15
2.04898e+15
2.04898e+15
2.04898e+15
2.04898e+15
2.04898e+15
2.04898e+15
2.03325e+15
2.03325e+15
2.03325e+15
2.03325e+15
2.03325e+15
2.03325e+15
2.03325e+15
2.03325e+15
2.03325e+15
2.03325e+15
2.03325e+15
2.03325e+15
2.03325e+15
2.03325e+15
2.03325e+15
2.03325e+15
2.03325e+15
2.03325e+15
2.03325e+15
2.03325e+15
2.03325e+15
2.03325e+15
2.03325e+15
2.03325e+15
2.03325e+15
2.03325e+15
2.03325e+15
2.03325e+15
2.03325e+15
2.03325e+15
2.01752e+15
2.01752e+15
2.01752e+15
2.01752e+15
2.01752e+15
2.01752e+15
2.01752e+15
2.01752e+15
2.01752e+15
2.01752e+15
2.01752e+15
2.01752e+15
2.01752e+15
2.01752e+15
2.01752e+15
2.01752e+15
2.01752e+15
2.01752e+15
2.01752e+15
2.01752e+15
2.01752e+15
2.01752e+15
2.01752e+15
2.01752e+15
2.01752e+15
2.01752e+15
2.01752e+15
2.01752e+15
2.01752e+15
2.01752e+15
2.00179e+15
2.00179e+15
2.00179e+15
2.00179e+15
2.00179e+15
2.00179e+15
2.00179e+15
2.00179e+15
2.00179e+15
2.00179e+15
2.00179e+15
2.00179e+15
2.00179e+15
2.00179e+15
2.00179e+15
2.00179e+15
2.00179e+15
2.00179e+15
2.00179e+15
2.00179e+15
2.00179e+15
2.00179e+15
2.00179e+15
2.00179e+15
2.00179e+15
2.00179e+15
2.00179e+15
2.00179e+15
2.00179e+15
2.00179e+15
1.98606e+15
1.98606e+15
1.98606e+15
1.98606e+15
1.98606e+15
1.98606e+15
1.98606e+15
1.98606e+15
1.98606e+15
1.98606e+15
1.98606e+15
1.98606e+15
1.98606e+15
1.98606e+15
1.98606e+15
1.98606e+15
1.98606e+15
1.98606e+15
1.98606e+15
1.98606e+15
1.98606e+15
1.98606e+15
1.98606e+15
1.98606e+15
1.98606e+15
1.98606e+15
1.98606e+15
1.98606e+15
1.98606e+15
1.98606e+15
1.97033e+15
1.97033e+15
1.97033e+15
1.97033e+15
1.97033e+15
1.97033e+15
1.97033e+15
1.97033e+15
1.97033e+15
1.97033e+15
1.97033e+15
1.97033e+15
1.97033e+15
1.97033e+15
1.97033e+15
1.97033e+15
1.97033e+15
1.97033e+15
1.97033e+15
1.97033e+15
1.97033e+15
1.97033e+15
1.97033e+15
1.97033e+15
1.97033e+15
1.97033e+15
1.97033e+15
1.97033e+15
1.97033e+15
1.97033e+15
1.95427e+15
1.95427e+15
1.95427e+15
1.95427e+15
1.95427e+15
1.95427e+15
1.95427e+15
1.95427e+15
1.95427e+15
1.95427e+15
1.95427e+15
1.95427e+15
1.95427e+15
1.95427e+15
1.95427e+15
1.95427e+15
1.95427e+15
1.95427e+15
1.95427e+15
1.95427e+15
1.95427e+15
1.95427e+15
1.95427e+15
1.95427e+15
1.95427e+15
1.95427e+15
1.95427e+15
1.95427e+15
1.95427e+15
1.95427e+15
1.93532e+15
1.93532e+15
1.93532e+15
1.93532e+15
1.93532e+15
1.93532e+15
1.93532e+15
1.93532e+15
1.93532e+15
1.93532e+15
1.93532e+15
1.93532e+15
1.93532e+15
1.93532e+15
1.93532e+15
1.93532e+15
1.93532e+15
1.93532e+15
1.93532e+15
1.93532e+15
1.93532e+15
1.93532e+15
1.93532e+15
1.93532e+15
1.93532e+15
1.93532e+15
1.93532e+15
1.93532e+15
1.93532e+15
1.93532e+15
1.91637e+15
1.91637e+15
1.91637e+15
1.91637e+15
1.91637e+15
1.91637e+15
1.91637e+15
1.91637e+15
1.91637e+15
1.91637e+15
1.91637e+15
1.91637e+15
1.91637e+15
1.91637e+15
1.91637e+15
1.91637e+15
1.91637e+15
1.91637e+15
1.91637e+15
1.91637e+15
1.91637e+15
1.91637e+15
1.91637e+15
1.91637e+15
1.91637e+15
1.91637e+15
1.91637e+15
1.91637e+15
1.91637e+15
1.91637e+15
1.89742e+15
1.89742e+15
1.89742e+15
1.89742e+15
1.89742e+15
1.89742e+15
1.89742e+15
1.89742e+15
1.89742e+15
1.89742e+15
1.89742e+15
1.89742e+15
1.89742e+15
1.89742e+15
1.89742e+15
1.89742e+15
1.89742e+15
1.89742e+15
1.89742e+15
1.89742e+15
1.89742e+15
1.89742e+15
1.89742e+15
1.89742e+15
1.89742e+15
1.89742e+15
1.89742e+15
1.89742e+15
1.89742e+15
1.89742e+15
1.87847e+15
1.87847e+15
1.87847e+15
1.87847e+15
1.87847e+15
1.87847e+15
1.87847e+15
1.87847e+15
1.87847e+15
1.87847e+15
1.87847e+15
1.87847e+15
1.87847e+15
1.87847e+15
1.87847e+15
1.87847e+15
1.87847e+15
1.87847e+15
1.87847e+15
1.87847e+15
1.87847e+15
1.87847e+15
1.87847e+15
1.87847e+15
1.87847e+15
1.87847e+15
1.87847e+15
1.87847e+15
1.87847e+15
1.87847e+15
1.85953e+15
1.85953e+15
1.85953e+15
1.85953e+15
1.85953e+15
1.85953e+15
1.85953e+15
1.85953e+15
1.85953e+15
1.85953e+15
1.85953e+15
1.85953e+15
1.85953e+15
1.85953e+15
1.85953e+15
1.85953e+15
1.85953e+15
1.85953e+15
1.85953e+15
1.85953e+15
1.85953e+15
1.85953e+15
1.85953e+15
1.85953e+15
1.85953e+15
1.85953e+15
1.85953e+15
1.85953e+15
1.85953e+15
1.85953e+15
1.84058e+15
1.84058e+15
1.84058e+15
1.84058e+15
1.84058e+15
1.84058e+15
1.84058e+15
1.84058e+15
1.84058e+15
1.84058e+15
1.84058e+15
1.84058e+15
1.84058e+15
1.84058e+15
1.84058e+15
1.84058e+15
1.84058e+15
1.84058e+15
1.84058e+15
1.84058e+15
1.84058e+15
1.84058e+15
1.84058e+15
1.84058e+15
1.84058e+15
1.84058e+15
1.84058e+15
1.84058e+15
1.84058e+15
1.84058e+15
1.82163e+15
1.82163e+15
1.82163e+15
1.82163e+15
1.82163e+15
1.82163e+15
1.82163e+15
1.82163e+15
1.82163e+15
1.82163e+15
1.82163e+15
1.82163e+15
1.82163e+15
1.82163e+15
1.82163e+15
1.82163e+15
1.82163e+15
1.82163e+15
1.82163e+15
1.82163e+15
1.82163e+15
1.82163e+15
1.82163e+15
1.82163e+15
1.82163e+15
1.82163e+15
1.82163e+15
1.82163e+15
1.82163e+15
1.82163e+15
1.80268e+15
1.80268e+15
1.80268e+15
1.80268e+15
1.80268e+15
1.80268e+15
1.80268e+15
1.80268e+15
1.80268e+15
1.80268e+15
1.80268e+15
1.80268e+15
1.80268e+15
1.80268e+15
1.80268e+15
1.80268e+15
1.80268e+15
1.80268e+15
1.80268e+15
1.80268e+15
1.80268e+15
1.80268e+15
1.80268e+15
1.80268e+15
1.80268e+15
1.80268e+15
1.80268e+15
1.80268e+15
1.80268e+15
1.80268e+15
1.78373e+15
1.78373e+15
1.78373e+15
1.78373e+15
1.78373e+15
1.78373e+15
1.78373e+15
1.78373e+15
1.78373e+15
1.78373e+15
1.78373e+15
1.78373e+15
1.78373e+15
1.78373e+15
1.78373e+15
1.78373e+15
1.78373e+15
1.78373e+15
1.78373e+15
1.78373e+15
1.78373e+15
1.78373e+15
1.78373e+15
1.78373e+15
1.78373e+15
1.78373e+15
1.78373e+15
1.78373e+15
1.78373e+15
1.78373e+15
1.76478e+15
1.76478e+15
1.76478e+15
1.76478e+15
1.76478e+15
1.76478e+15
1.76478e+15
1.76478e+15
1.76478e+15
1.76478e+15
1.76478e+15
1.76478e+15
1.76478e+15
1.76478e+15
1.76478e+15
1.76478e+15
1.76478e+15
1.76478e+15
1.76478e+15
1.76478e+15
1.76478e+15
1.76478e+15
1.76478e+15
1.76478e+15
1.76478e+15
1.76478e+15
1.76478e+15
1.76478e+15
1.76478e+15
1.76478e+15
1.74325e+15
1.74325e+15
1.74325e+15
1.74325e+15
1.74325e+15
1.74325e+15
1.74325e+15
1.74325e+15
1.74325e+15
1.74325e+15
1.74325e+15
1.74325e+15
1.74325e+15
1.74325e+15
1.74325e+15
1.74325e+15
1.74325e+15
1.74325e+15
1.74325e+15
1.74325e+15
1.74325e+15
1.74325e+15
1.74325e+15
1.74325e+15
1.74325e+15
1.74325e+15
1.74325e+15
1.74325e+15
1.74325e+15
1.74325e+15
1.71961e+15
1.71961e+15
1.71961e+15
1.71961e+15
1.71961e+15
1.71961e+15
1.71961e+15
1.71961e+15
1.71961e+15
1.71961e+15
1.71961e+15
1.71961e+15
1.71961e+15
1.71961e+15
1.71961e+15
1.71961e+15
1.71961e+15
1.71961e+15
1.71961e+15
1.71961e+15
1.71961e+15
1.71961e+15
1.71961e+15
1.71961e+15
1.71961e+15
1.71961e+15
1.71961e+15
1.71961e+15
1.71961e+15
1.71961e+15
1.69597e+15
1.69597e+15
1.69597e+15
1.69597e+15
1.69597e+15
1.69597e+15
1.69597e+15
1.69597e+15
1.69597e+15
1.69597e+15
1.69597e+15
1.69597e+15
1.69597e+15
1.69597e+15
1.69597e+15
1.69597e+15
1.69597e+15
1.69597e+15
1.69597e+15
1.69597e+15
1.69597e+15
1.69597e+15
1.69597e+15
1.69597e+15
1.69597e+15
1.69597e+15
1.69597e+15
1.69597e+15
1.69597e+15
1.69597e+15
1.67233e+15
1.67233e+15
1.67233e+15
1.67233e+15
1.67233e+15
1.67233e+15
1.67233e+15
1.67233e+15
1.67233e+15
1.67233e+15
1.67233e+15
1.67233e+15
1.67233e+15
1.67233e+15
1.67233e+15
1.67233e+15
1.67233e+15
1.67233e+15
1.67233e+15
1.67233e+15
1.67233e+15
1.67233e+15
1.67233e+15
1.67233e+15
1.67233e+15
1.67233e+15
1.67233e+15
1.67233e+15
1.67233e+15
1.67233e+15
1.64868e+15
1.64868e+15
1.64868e+15
1.64868e+15
1.64868e+15
1.64868e+15
1.64868e+15
1.64868e+15
1.64868e+15
1.64868e+15
1.64868e+15
1.64868e+15
1.64868e+15
1.64868e+15
1.64868e+15
1.64868e+15
1.64868e+15
1.64868e+15
1.64868e+15
1.64868e+15
1.64868e+15
1.64868e+15
1.64868e+15
1.64868e+15
1.64868e+15
1.64868e+15
1.64868e+15
1.64868e+15
1.64868e+15
1.64868e+15
1.62504e+15
1.62504e+15
1.62504e+15
1.62504e+15
1.62504e+15
1.62504e+15
1.62504e+15
1.62504e+15
1.62504e+15
1.62504e+15
1.62504e+15
1.62504e+15
1.62504e+15
1.62504e+15
1.62504e+15
1.62504e+15
1.62504e+15
1.62504e+15
1.62504e+15
1.62504e+15
1.62504e+15
1.62504e+15
1.62504e+15
1.62504e+15
1.62504e+15
1.62504e+15
1.62504e+15
1.62504e+15
1.62504e+15
1.62504e+15
1.6014e+15
1.6014e+15
1.6014e+15
1.6014e+15
1.6014e+15
1.6014e+15
1.6014e+15
1.6014e+15
1.6014e+15
1.6014e+15
1.6014e+15
1.6014e+15
1.6014e+15
1.6014e+15
1.6014e+15
1.6014e+15
1.6014e+15
1.6014e+15
1.6014e+15
1.6014e+15
1.6014e+15
1.6014e+15
1.6014e+15
1.6014e+15
1.6014e+15
1.6014e+15
1.6014e+15
1.6014e+15
1.6014e+15
1.6014e+15
1.57776e+15
1.57776e+15
1.57776e+15
1.57776e+15
1.57776e+15
1.57776e+15
1.57776e+15
1.57776e+15
1.57776e+15
1.57776e+15
1.57776e+15
1.57776e+15
1.57776e+15
1.57776e+15
1.57776e+15
1.57776e+15
1.57776e+15
1.57776e+15
1.57776e+15
1.57776e+15
1.57776e+15
1.57776e+15
1.57776e+15
1.57776e+15
1.57776e+15
1.57776e+15
1.57776e+15
1.57776e+15
1.57776e+15
1.57776e+15
1.55411e+15
1.55411e+15
1.55411e+15
1.55411e+15
1.55411e+15
1.55411e+15
1.55411e+15
1.55411e+15
1.55411e+15
1.55411e+15
1.55411e+15
1.55411e+15
1.55411e+15
1.55411e+15
1.55411e+15
1.55411e+15
1.55411e+15
1.55411e+15
1.55411e+15
1.55411e+15
1.55411e+15
1.55411e+15
1.55411e+15
1.55411e+15
1.55411e+15
1.55411e+15
1.55411e+15
1.55411e+15
1.55411e+15
1.55411e+15
1.53047e+15
1.53047e+15
1.53047e+15
1.53047e+15
1.53047e+15
1.53047e+15
1.53047e+15
1.53047e+15
1.53047e+15
1.53047e+15
1.53047e+15
1.53047e+15
1.53047e+15
1.53047e+15
1.53047e+15
1.53047e+15
1.53047e+15
1.53047e+15
1.53047e+15
1.53047e+15
1.53047e+15
1.53047e+15
1.53047e+15
1.53047e+15
1.53047e+15
1.53047e+15
1.53047e+15
1.53047e+15
1.53047e+15
1.53047e+15
1.50683e+15
1.50683e+15
1.50683e+15
1.50683e+15
1.50683e+15
1.50683e+15
1.50683e+15
1.50683e+15
1.50683e+15
1.50683e+15
1.50683e+15
1.50683e+15
1.50683e+15
1.50683e+15
1.50683e+15
1.50683e+15
1.50683e+15
1.50683e+15
1.50683e+15
1.50683e+15
1.50683e+15
1.50683e+15
1.50683e+15
1.50683e+15
1.50683e+15
1.50683e+15
1.50683e+15
1.50683e+15
1.50683e+15
1.50683e+15
1.487e+15
1.487e+15
1.487e+15
1.487e+15
1.487e+15
1.487e+15
1.487e+15
1.487e+15
1.487e+15
1.487e+15
1.487e+15
1.487e+15
1.487e+15
1.487e+15
1.487e+15
1.487e+15
1.487e+15
1.487e+15
1.487e+15
1.487e+15
1.487e+15
1.487e+15
1.487e+15
1.487e+15
1.487e+15
1.487e+15
1.487e+15
1.487e+15
1.487e+15
1.487e+15
1.46719e+15
1.46719e+15
1.46719e+15
1.46719e+15
1.46719e+15
1.46719e+15
1.46719e+15
1.46719e+15
1.46719e+15
1.46719e+15
1.46719e+15
1.46719e+15
1.46719e+15
1.46719e+15
1.46719e+15
1.46719e+15
1.46719e+15
1.46719e+15
1.46719e+15
1.46719e+15
1.46719e+15
1.46719e+15
1.46719e+15
1.46719e+15
1.46719e+15
1.46719e+15
1.46719e+15
1.46719e+15
1.46719e+15
1.46719e+15
1.44737e+15
1.44737e+15
1.44737e+15
1.44737e+15
1.44737e+15
1.44737e+15
1.44737e+15
1.44737e+15
1.44737e+15
1.44737e+15
1.44737e+15
1.44737e+15
1.44737e+15
1.44737e+15
1.44737e+15
1.44737e+15
1.44737e+15
1.44737e+15
1.44737e+15
1.44737e+15
1.44737e+15
1.44737e+15
1.44737e+15
1.44737e+15
1.44737e+15
1.44737e+15
1.44737e+15
1.44737e+15
1.44737e+15
1.44737e+15
1.42756e+15
1.42756e+15
1.42756e+15
1.42756e+15
1.42756e+15
1.42756e+15
1.42756e+15
1.42756e+15
1.42756e+15
1.42756e+15
1.42756e+15
1.42756e+15
1.42756e+15
1.42756e+15
1.42756e+15
1.42756e+15
1.42756e+15
1.42756e+15
1.42756e+15
1.42756e+15
1.42756e+15
1.42756e+15
1.42756e+15
1.42756e+15
1.42756e+15
1.42756e+15
1.42756e+15
1.42756e+15
1.42756e+15
1.42756e+15
1.40775e+15
1.40775e+15
1.40775e+15
1.40775e+15
1.40775e+15
1.40775e+15
1.40775e+15
1.40775e+15
1.40775e+15
1.40775e+15
1.40775e+15
1.40775e+15
1.40775e+15
1.40775e+15
1.40775e+15
1.40775e+15
1.40775e+15
1.40775e+15
1.40775e+15
1.40775e+15
1.40775e+15
1.40775e+15
1.40775e+15
1.40775e+15
1.40775e+15
1.40775e+15
1.40775e+15
1.40775e+15
1.40775e+15
1.40775e+15
1.38793e+15
1.38793e+15
1.38793e+15
1.38793e+15
1.38793e+15
1.38793e+15
1.38793e+15
1.38793e+15
1.38793e+15
1.38793e+15
1.38793e+15
1.38793e+15
1.38793e+15
1.38793e+15
1.38793e+15
1.38793e+15
1.38793e+15
1.38793e+15
1.38793e+15
1.38793e+15
1.38793e+15
1.38793e+15
1.38793e+15
1.38793e+15
1.38793e+15
1.38793e+15
1.38793e+15
1.38793e+15
1.38793e+15
1.38793e+15
1.36812e+15
1.36812e+15
1.36812e+15
1.36812e+15
1.36812e+15
1.36812e+15
1.36812e+15
1.36812e+15
1.36812e+15
1.36812e+15
1.36812e+15
1.36812e+15
1.36812e+15
1.36812e+15
1.36812e+15
1.36812e+15
1.36812e+15
1.36812e+15
1.36812e+15
1.36812e+15
1.36812e+15
1.36812e+15
1.36812e+15
1.36812e+15
1.36812e+15
1.36812e+15
1.36812e+15
1.36812e+15
1.36812e+15
1.36812e+15
1.3483e+15
1.3483e+15
1.3483e+15
1.3483e+15
1.3483e+15
1.3483e+15
1.3483e+15
1.3483e+15
1.3483e+15
1.3483e+15
1.3483e+15
1.3483e+15
1.3483e+15
1.3483e+15
1.3483e+15
1.3483e+15
1.3483e+15
1.3483e+15
1.3483e+15
1.3483e+15
1.3483e+15
1.3483e+15
1.3483e+15
1.3483e+15
1.3483e+15
1.3483e+15
1.3483e+15
1.3483e+15
1.3483e+15
1.3483e+15
1.32849e+15
1.32849e+15
1.32849e+15
1.32849e+15
1.32849e+15
1.32849e+15
1.32849e+15
1.32849e+15
1.32849e+15
1.32849e+15
1.32849e+15
1.32849e+15
1.32849e+15
1.32849e+15
1.32849e+15
1.32849e+15
1.32849e+15
1.32849e+15
1.32849e+15
1.32849e+15
1.32849e+15
1.32849e+15
1.32849e+15
1.32849e+15
1.32849e+15
1.32849e+15
1.32849e+15
1.32849e+15
1.32849e+15
1.32849e+15
1.30868e+15
1.30868e+15
1.30868e+15
1.30868e+15
1.30868e+15
1.30868e+15
1.30868e+15
1.30868e+15
1.30868e+15
1.30868e+15
1.30868e+15
1.30868e+15
1.30868e+15
1.30868e+15
1.30868e+15
1.30868e+15
1.30868e+15
1.30868e+15
1.30868e+15
1.30868e+15
1.30868e+15
1.30868e+15
1.30868e+15
1.30868e+15
1.30868e+15
1.30868e+15
1.30868e+15
1.30868e+15
1.30868e+15
1.30868e+15
3.27621e+14
3.27621e+14
3.27621e+14
3.27621e+14
3.27621e+14
3.27621e+14
3.27621e+14
3.27621e+14
3.27621e+14
3.27621e+14
3.50508e+14
3.50508e+14
3.50508e+14
3.50508e+14
3.50508e+14
3.50508e+14
3.50508e+14
3.50508e+14
3.50508e+14
3.50508e+14
3.73395e+14
3.73395e+14
3.73395e+14
3.73395e+14
3.73395e+14
3.73395e+14
3.73395e+14
3.73395e+14
3.73395e+14
3.73395e+14
3.96283e+14
3.96283e+14
3.96283e+14
3.96283e+14
3.96283e+14
3.96283e+14
3.96283e+14
3.96283e+14
3.96283e+14
3.96283e+14
4.1917e+14
4.1917e+14
4.1917e+14
4.1917e+14
4.1917e+14
4.1917e+14
4.1917e+14
4.1917e+14
4.1917e+14
4.1917e+14
4.5613e+14
4.5613e+14
4.5613e+14
4.5613e+14
4.5613e+14
4.5613e+14
4.5613e+14
4.5613e+14
4.5613e+14
4.5613e+14
4.98941e+14
4.98941e+14
4.98941e+14
4.98941e+14
4.98941e+14
4.98941e+14
4.98941e+14
4.98941e+14
4.98941e+14
4.98941e+14
5.41752e+14
5.41752e+14
5.41752e+14
5.41752e+14
5.41752e+14
5.41752e+14
5.41752e+14
5.41752e+14
5.41752e+14
5.41752e+14
5.92657e+14
5.92657e+14
5.92657e+14
5.92657e+14
5.92657e+14
5.92657e+14
5.92657e+14
5.92657e+14
5.92657e+14
5.92657e+14
6.51321e+14
6.51321e+14
6.51321e+14
6.51321e+14
6.51321e+14
6.51321e+14
6.51321e+14
6.51321e+14
6.51321e+14
6.51321e+14
7.09985e+14
7.09985e+14
7.09985e+14
7.09985e+14
7.09985e+14
7.09985e+14
7.09985e+14
7.09985e+14
7.09985e+14
7.09985e+14
7.76586e+14
7.76586e+14
7.76586e+14
7.76586e+14
7.76586e+14
7.76586e+14
7.76586e+14
7.76586e+14
7.76586e+14
7.76586e+14
8.60465e+14
8.60465e+14
8.60465e+14
8.60465e+14
8.60465e+14
8.60465e+14
8.60465e+14
8.60465e+14
8.60465e+14
8.60465e+14
9.44344e+14
9.44344e+14
9.44344e+14
9.44344e+14
9.44344e+14
9.44344e+14
9.44344e+14
9.44344e+14
9.44344e+14
9.44344e+14
1.03253e+15
1.03253e+15
1.03253e+15
1.03253e+15
1.03253e+15
1.03253e+15
1.03253e+15
1.03253e+15
1.03253e+15
1.03253e+15
1.15266e+15
1.15266e+15
1.15266e+15
1.15266e+15
1.15266e+15
1.15266e+15
1.15266e+15
1.15266e+15
1.15266e+15
1.15266e+15
1.27278e+15
1.27278e+15
1.27278e+15
1.27278e+15
1.27278e+15
1.27278e+15
1.27278e+15
1.27278e+15
1.27278e+15
1.27278e+15
1.3929e+15
1.3929e+15
1.3929e+15
1.3929e+15
1.3929e+15
1.3929e+15
1.3929e+15
1.3929e+15
1.3929e+15
1.3929e+15
1.48645e+15
1.48645e+15
1.48645e+15
1.48645e+15
1.48645e+15
1.48645e+15
1.48645e+15
1.48645e+15
1.48645e+15
1.48645e+15
1.5778e+15
1.5778e+15
1.5778e+15
1.5778e+15
1.5778e+15
1.5778e+15
1.5778e+15
1.5778e+15
1.5778e+15
1.5778e+15
1.66914e+15
1.66914e+15
1.66914e+15
1.66914e+15
1.66914e+15
1.66914e+15
1.66914e+15
1.66914e+15
1.66914e+15
1.66914e+15
1.74662e+15
1.74662e+15
1.74662e+15
1.74662e+15
1.74662e+15
1.74662e+15
1.74662e+15
1.74662e+15
1.74662e+15
1.74662e+15
1.8189e+15
1.8189e+15
1.8189e+15
1.8189e+15
1.8189e+15
1.8189e+15
1.8189e+15
1.8189e+15
1.8189e+15
1.8189e+15
1.89119e+15
1.89119e+15
1.89119e+15
1.89119e+15
1.89119e+15
1.89119e+15
1.89119e+15
1.89119e+15
1.89119e+15
1.89119e+15
1.95448e+15
1.95448e+15
1.95448e+15
1.95448e+15
1.95448e+15
1.95448e+15
1.95448e+15
1.95448e+15
1.95448e+15
1.95448e+15
2.00984e+15
2.00984e+15
2.00984e+15
2.00984e+15
2.00984e+15
2.00984e+15
2.00984e+15
2.00984e+15
2.00984e+15
2.00984e+15
2.06521e+15
2.06521e+15
2.06521e+15
2.06521e+15
2.06521e+15
2.06521e+15
2.06521e+15
2.06521e+15
2.06521e+15
2.06521e+15
2.11566e+15
2.11566e+15
2.11566e+15
2.11566e+15
2.11566e+15
2.11566e+15
2.11566e+15
2.11566e+15
2.11566e+15
2.11566e+15
2.1564e+15
2.1564e+15
2.1564e+15
2.1564e+15
2.1564e+15
2.1564e+15
2.1564e+15
2.1564e+15
2.1564e+15
2.1564e+15
2.19714e+15
2.19714e+15
2.19714e+15
2.19714e+15
2.19714e+15
2.19714e+15
2.19714e+15
2.19714e+15
2.19714e+15
2.19714e+15
2.2235e+15
2.2235e+15
2.2235e+15
2.2235e+15
2.2235e+15
2.2235e+15
2.2235e+15
2.2235e+15
2.2235e+15
2.2235e+15
2.23427e+15
2.23427e+15
2.23427e+15
2.23427e+15
2.23427e+15
2.23427e+15
2.23427e+15
2.23427e+15
2.23427e+15
2.23427e+15
2.24189e+15
2.24189e+15
2.24189e+15
2.24189e+15
2.24189e+15
2.24189e+15
2.24189e+15
2.24189e+15
2.24189e+15
2.24189e+15
2.24951e+15
2.24951e+15
2.24951e+15
2.24951e+15
2.24951e+15
2.24951e+15
2.24951e+15
2.24951e+15
2.24951e+15
2.24951e+15
2.25713e+15
2.25713e+15
2.25713e+15
2.25713e+15
2.25713e+15
2.25713e+15
2.25713e+15
2.25713e+15
2.25713e+15
2.25713e+15
2.26475e+15
2.26475e+15
2.26475e+15
2.26475e+15
2.26475e+15
2.26475e+15
2.26475e+15
2.26475e+15
2.26475e+15
2.26475e+15
2.27238e+15
2.27238e+15
2.27238e+15
2.27238e+15
2.27238e+15
2.27238e+15
2.27238e+15
2.27238e+15
2.27238e+15
2.27238e+15
2.28e+15
2.28e+15
2.28e+15
2.28e+15
2.28e+15
2.28e+15
2.28e+15
2.28e+15
2.28e+15
2.28e+15
2.28762e+15
2.28762e+15
2.28762e+15
2.28762e+15
2.28762e+15
2.28762e+15
2.28762e+15
2.28762e+15
2.28762e+15
2.28762e+15
2.29524e+15
2.29524e+15
2.29524e+15
2.29524e+15
2.29524e+15
2.29524e+15
2.29524e+15
2.29524e+15
2.29524e+15
2.29524e+15
2.30286e+15
2.30286e+15
2.30286e+15
2.30286e+15
2.30286e+15
2.30286e+15
2.30286e+15
2.30286e+15
2.30286e+15
2.30286e+15
2.31048e+15
2.31048e+15
2.31048e+15
2.31048e+15
2.31048e+15
2.31048e+15
2.31048e+15
2.31048e+15
2.31048e+15
2.31048e+15
2.31661e+15
2.31661e+15
2.31661e+15
2.31661e+15
2.31661e+15
2.31661e+15
2.31661e+15
2.31661e+15
2.31661e+15
2.31661e+15
2.3204e+15
2.3204e+15
2.3204e+15
2.3204e+15
2.3204e+15
2.3204e+15
2.3204e+15
2.3204e+15
2.3204e+15
2.3204e+15
2.32419e+15
2.32419e+15
2.32419e+15
2.32419e+15
2.32419e+15
2.32419e+15
2.32419e+15
2.32419e+15
2.32419e+15
2.32419e+15
2.32797e+15
2.32797e+15
2.32797e+15
2.32797e+15
2.32797e+15
2.32797e+15
2.32797e+15
2.32797e+15
2.32797e+15
2.32797e+15
2.33176e+15
2.33176e+15
2.33176e+15
2.33176e+15
2.33176e+15
2.33176e+15
2.33176e+15
2.33176e+15
2.33176e+15
2.33176e+15
2.33555e+15
2.33555e+15
2.33555e+15
2.33555e+15
2.33555e+15
2.33555e+15
2.33555e+15
2.33555e+15
2.33555e+15
2.33555e+15
2.33934e+15
2.33934e+15
2.33934e+15
2.33934e+15
2.33934e+15
2.33934e+15
2.33934e+15
2.33934e+15
2.33934e+15
2.33934e+15
2.34313e+15
2.34313e+15
2.34313e+15
2.34313e+15
2.34313e+15
2.34313e+15
2.34313e+15
2.34313e+15
2.34313e+15
2.34313e+15
2.34692e+15
2.34692e+15
2.34692e+15
2.34692e+15
2.34692e+15
2.34692e+15
2.34692e+15
2.34692e+15
2.34692e+15
2.34692e+15
2.35071e+15
2.35071e+15
2.35071e+15
2.35071e+15
2.35071e+15
2.35071e+15
2.35071e+15
2.35071e+15
2.35071e+15
2.35071e+15
2.3545e+15
2.3545e+15
2.3545e+15
2.3545e+15
2.3545e+15
2.3545e+15
2.3545e+15
2.3545e+15
2.3545e+15
2.3545e+15
2.35659e+15
2.35659e+15
2.35659e+15
2.35659e+15
2.35659e+15
2.35659e+15
2.35659e+15
2.35659e+15
2.35659e+15
2.35659e+15
2.35704e+15
2.35704e+15
2.35704e+15
2.35704e+15
2.35704e+15
2.35704e+15
2.35704e+15
2.35704e+15
2.35704e+15
2.35704e+15
2.35748e+15
2.35748e+15
2.35748e+15
2.35748e+15
2.35748e+15
2.35748e+15
2.35748e+15
2.35748e+15
2.35748e+15
2.35748e+15
2.35793e+15
2.35793e+15
2.35793e+15
2.35793e+15
2.35793e+15
2.35793e+15
2.35793e+15
2.35793e+15
2.35793e+15
2.35793e+15
2.35838e+15
2.35838e+15
2.35838e+15
2.35838e+15
2.35838e+15
2.35838e+15
2.35838e+15
2.35838e+15
2.35838e+15
2.35838e+15
2.35883e+15
2.35883e+15
2.35883e+15
2.35883e+15
2.35883e+15
2.35883e+15
2.35883e+15
2.35883e+15
2.35883e+15
2.35883e+15
2.35927e+15
2.35927e+15
2.35927e+15
2.35927e+15
2.35927e+15
2.35927e+15
2.35927e+15
2.35927e+15
2.35927e+15
2.35927e+15
2.35972e+15
2.35972e+15
2.35972e+15
2.35972e+15
2.35972e+15
2.35972e+15
2.35972e+15
2.35972e+15
2.35972e+15
2.35972e+15
2.36017e+15
2.36017e+15
2.36017e+15
2.36017e+15
2.36017e+15
2.36017e+15
2.36017e+15
2.36017e+15
2.36017e+15
2.36017e+15
2.36061e+15
2.36061e+15
2.36061e+15
2.36061e+15
2.36061e+15
2.36061e+15
2.36061e+15
2.36061e+15
2.36061e+15
2.36061e+15
2.36106e+15
2.36106e+15
2.36106e+15
2.36106e+15
2.36106e+15
2.36106e+15
2.36106e+15
2.36106e+15
2.36106e+15
2.36106e+15
2.3591e+15
2.3591e+15
2.3591e+15
2.3591e+15
2.3591e+15
2.3591e+15
2.3591e+15
2.3591e+15
2.3591e+15
2.3591e+15
2.35568e+15
2.35568e+15
2.35568e+15
2.35568e+15
2.35568e+15
2.35568e+15
2.35568e+15
2.35568e+15
2.35568e+15
2.35568e+15
2.35227e+15
2.35227e+15
2.35227e+15
2.35227e+15
2.35227e+15
2.35227e+15
2.35227e+15
2.35227e+15
2.35227e+15
2.35227e+15
2.34885e+15
2.34885e+15
2.34885e+15
2.34885e+15
2.34885e+15
2.34885e+15
2.34885e+15
2.34885e+15
2.34885e+15
2.34885e+15
2.34544e+15
2.34544e+15
2.34544e+15
2.34544e+15
2.34544e+15
2.34544e+15
2.34544e+15
2.34544e+15
2.34544e+15
2.34544e+15
2.34203e+15
2.34203e+15
2.34203e+15
2.34203e+15
2.34203e+15
2.34203e+15
2.34203e+15
2.34203e+15
2.34203e+15
2.34203e+15
2.33861e+15
2.33861e+15
2.33861e+15
2.33861e+15
2.33861e+15
2.33861e+15
2.33861e+15
2.33861e+15
2.33861e+15
2.33861e+15
2.3352e+15
2.3352e+15
2.3352e+15
2.3352e+15
2.3352e+15
2.3352e+15
2.3352e+15
2.3352e+15
2.3352e+15
2.3352e+15
2.33178e+15
2.33178e+15
2.33178e+15
2.33178e+15
2.33178e+15
2.33178e+15
2.33178e+15
2.33178e+15
2.33178e+15
2.33178e+15
2.32837e+15
2.32837e+15
2.32837e+15
2.32837e+15
2.32837e+15
2.32837e+15
2.32837e+15
2.32837e+15
2.32837e+15
2.32837e+15
2.32495e+15
2.32495e+15
2.32495e+15
2.32495e+15
2.32495e+15
2.32495e+15
2.32495e+15
2.32495e+15
2.32495e+15
2.32495e+15
2.31871e+15
2.31871e+15
2.31871e+15
2.31871e+15
2.31871e+15
2.31871e+15
2.31871e+15
2.31871e+15
2.31871e+15
2.31871e+15
2.31148e+15
2.31148e+15
2.31148e+15
2.31148e+15
2.31148e+15
2.31148e+15
2.31148e+15
2.31148e+15
2.31148e+15
2.31148e+15
2.30424e+15
2.30424e+15
2.30424e+15
2.30424e+15
2.30424e+15
2.30424e+15
2.30424e+15
2.30424e+15
2.30424e+15
2.30424e+15
2.29701e+15
2.29701e+15
2.29701e+15
2.29701e+15
2.29701e+15
2.29701e+15
2.29701e+15
2.29701e+15
2.29701e+15
2.29701e+15
2.28978e+15
2.28978e+15
2.28978e+15
2.28978e+15
2.28978e+15
2.28978e+15
2.28978e+15
2.28978e+15
2.28978e+15
2.28978e+15
2.28254e+15
2.28254e+15
2.28254e+15
2.28254e+15
2.28254e+15
2.28254e+15
2.28254e+15
2.28254e+15
2.28254e+15
2.28254e+15
2.27531e+15
2.27531e+15
2.27531e+15
2.27531e+15
2.27531e+15
2.27531e+15
2.27531e+15
2.27531e+15
2.27531e+15
2.27531e+15
2.26808e+15
2.26808e+15
2.26808e+15
2.26808e+15
2.26808e+15
2.26808e+15
2.26808e+15
2.26808e+15
2.26808e+15
2.26808e+15
2.26084e+15
2.26084e+15
2.26084e+15
2.26084e+15
2.26084e+15
2.26084e+15
2.26084e+15
2.26084e+15
2.26084e+15
2.26084e+15
2.25361e+15
2.25361e+15
2.25361e+15
2.25361e+15
2.25361e+15
2.25361e+15
2.25361e+15
2.25361e+15
2.25361e+15
2.25361e+15
2.24638e+15
2.24638e+15
2.24638e+15
2.24638e+15
2.24638e+15
2.24638e+15
2.24638e+15
2.24638e+15
2.24638e+15
2.24638e+15
2.23564e+15
2.23564e+15
2.23564e+15
2.23564e+15
2.23564e+15
2.23564e+15
2.23564e+15
2.23564e+15
2.23564e+15
2.23564e+15
2.22433e+15
2.22433e+15
2.22433e+15
2.22433e+15
2.22433e+15
2.22433e+15
2.22433e+15
2.22433e+15
2.22433e+15
2.22433e+15
2.21302e+15
2.21302e+15
2.21302e+15
2.21302e+15
2.21302e+15
2.21302e+15
2.21302e+15
2.21302e+15
2.21302e+15
2.21302e+15
2.20171e+15
2.20171e+15
2.20171e+15
2.20171e+15
2.20171e+15
2.20171e+15
2.20171e+15
2.20171e+15
2.20171e+15
2.20171e+15
2.1904e+15
2.1904e+15
2.1904e+15
2.1904e+15
2.1904e+15
2.1904e+15
2.1904e+15
2.1904e+15
2.1904e+15
2.1904e+15
2.17909e+15
2.17909e+15
2.17909e+15
2.17909e+15
2.17909e+15
2.17909e+15
2.17909e+15
2.17909e+15
2.17909e+15
2.17909e+15
2.16778e+15
2.16778e+15
2.16778e+15
2.16778e+15
2.16778e+15
2.16778e+15
2.16778e+15
2.16778e+15
2.16778e+15
2.16778e+15
2.15646e+15
2.15646e+15
2.15646e+15
2.15646e+15
2.15646e+15
2.15646e+15
2.15646e+15
2.15646e+15
2.15646e+15
2.15646e+15
2.14515e+15
2.14515e+15
2.14515e+15
2.14515e+15
2.14515e+15
2.14515e+15
2.14515e+15
2.14515e+15
2.14515e+15
2.14515e+15
2.13384e+15
2.13384e+15
2.13384e+15
2.13384e+15
2.13384e+15
2.13384e+15
2.13384e+15
2.13384e+15
2.13384e+15
2.13384e+15
2.12253e+15
2.12253e+15
2.12253e+15
2.12253e+15
2.12253e+15
2.12253e+15
2.12253e+15
2.12253e+15
2.12253e+15
2.12253e+15
2.10738e+15
2.10738e+15
2.10738e+15
2.10738e+15
2.10738e+15
2.10738e+15
2.10738e+15
2.10738e+15
2.10738e+15
2.10738e+15
2.09212e+15
2.09212e+15
2.09212e+15
2.09212e+15
2.09212e+15
2.09212e+15
2.09212e+15
2.09212e+15
2.09212e+15
2.09212e+15
2.07687e+15
2.07687e+15
2.07687e+15
2.07687e+15
2.07687e+15
2.07687e+15
2.07687e+15
2.07687e+15
2.07687e+15
2.07687e+15
2.06162e+15
2.06162e+15
2.06162e+15
2.06162e+15
2.06162e+15
2.06162e+15
2.06162e+15
2.06162e+15
2.06162e+15
2.06162e+15
2.04636e+15
2.04636e+15
2.04636e+15
2.04636e+15
2.04636e+15
2.04636e+15
2.04636e+15
2.04636e+15
2.04636e+15
2.04636e+15
2.03111e+15
2.03111e+15
2.03111e+15
2.03111e+15
2.03111e+15
2.03111e+15
2.03111e+15
2.03111e+15
2.03111e+15
2.03111e+15
2.01585e+15
2.01585e+15
2.01585e+15
2.01585e+15
2.01585e+15
2.01585e+15
2.01585e+15
2.01585e+15
2.01585e+15
2.01585e+15
2.0006e+15
2.0006e+15
2.0006e+15
2.0006e+15
2.0006e+15
2.0006e+15
2.0006e+15
2.0006e+15
2.0006e+15
2.0006e+15
1.98535e+15
1.98535e+15
1.98535e+15
1.98535e+15
1.98535e+15
1.98535e+15
1.98535e+15
1.98535e+15
1.98535e+15
1.98535e+15
1.97009e+15
1.97009e+15
1.97009e+15
1.97009e+15
1.97009e+15
1.97009e+15
1.97009e+15
1.97009e+15
1.97009e+15
1.97009e+15
1.95455e+15
1.95455e+15
1.95455e+15
1.95455e+15
1.95455e+15
1.95455e+15
1.95455e+15
1.95455e+15
1.95455e+15
1.95455e+15
1.93618e+15
1.93618e+15
1.93618e+15
1.93618e+15
1.93618e+15
1.93618e+15
1.93618e+15
1.93618e+15
1.93618e+15
1.93618e+15
1.91781e+15
1.91781e+15
1.91781e+15
1.91781e+15
1.91781e+15
1.91781e+15
1.91781e+15
1.91781e+15
1.91781e+15
1.91781e+15
1.89943e+15
1.89943e+15
1.89943e+15
1.89943e+15
1.89943e+15
1.89943e+15
1.89943e+15
1.89943e+15
1.89943e+15
1.89943e+15
1.88106e+15
1.88106e+15
1.88106e+15
1.88106e+15
1.88106e+15
1.88106e+15
1.88106e+15
1.88106e+15
1.88106e+15
1.88106e+15
1.86268e+15
1.86268e+15
1.86268e+15
1.86268e+15
1.86268e+15
1.86268e+15
1.86268e+15
1.86268e+15
1.86268e+15
1.86268e+15
1.84431e+15
1.84431e+15
1.84431e+15
1.84431e+15
1.84431e+15
1.84431e+15
1.84431e+15
1.84431e+15
1.84431e+15
1.84431e+15
1.82594e+15
1.82594e+15
1.82594e+15
1.82594e+15
1.82594e+15
1.82594e+15
1.82594e+15
1.82594e+15
1.82594e+15
1.82594e+15
1.80756e+15
1.80756e+15
1.80756e+15
1.80756e+15
1.80756e+15
1.80756e+15
1.80756e+15
1.80756e+15
1.80756e+15
1.80756e+15
1.78919e+15
1.78919e+15
1.78919e+15
1.78919e+15
1.78919e+15
1.78919e+15
1.78919e+15
1.78919e+15
1.78919e+15
1.78919e+15
1.77081e+15
1.77081e+15
1.77081e+15
1.77081e+15
1.77081e+15
1.77081e+15
1.77081e+15
1.77081e+15
1.77081e+15
1.77081e+15
1.75149e+15
1.75149e+15
1.75149e+15
1.75149e+15
1.75149e+15
1.75149e+15
1.75149e+15
1.75149e+15
1.75149e+15
1.75149e+15
1.72857e+15
1.72857e+15
1.72857e+15
1.72857e+15
1.72857e+15
1.72857e+15
1.72857e+15
1.72857e+15
1.72857e+15
1.72857e+15
1.70564e+15
1.70564e+15
1.70564e+15
1.70564e+15
1.70564e+15
1.70564e+15
1.70564e+15
1.70564e+15
1.70564e+15
1.70564e+15
1.68271e+15
1.68271e+15
1.68271e+15
1.68271e+15
1.68271e+15
1.68271e+15
1.68271e+15
1.68271e+15
1.68271e+15
1.68271e+15
1.65979e+15
1.65979e+15
1.65979e+15
1.65979e+15
1.65979e+15
1.65979e+15
1.65979e+15
1.65979e+15
1.65979e+15
1.65979e+15
1.63686e+15
1.63686e+15
1.63686e+15
1.63686e+15
1.63686e+15
1.63686e+15
1.63686e+15
1.63686e+15
1.63686e+15
1.63686e+15
1.61394e+15
1.61394e+15
1.61394e+15
1.61394e+15
1.61394e+15
1.61394e+15
1.61394e+15
1.61394e+15
1.61394e+15
1.61394e+15
1.59101e+15
1.59101e+15
1.59101e+15
1.59101e+15
1.59101e+15
1.59101e+15
1.59101e+15
1.59101e+15
1.59101e+15
1.59101e+15
1.56808e+15
1.56808e+15
1.56808e+15
1.56808e+15
1.56808e+15
1.56808e+15
1.56808e+15
1.56808e+15
1.56808e+15
1.56808e+15
1.54516e+15
1.54516e+15
1.54516e+15
1.54516e+15
1.54516e+15
1.54516e+15
1.54516e+15
1.54516e+15
1.54516e+15
1.54516e+15
1.52223e+15
1.52223e+15
1.52223e+15
1.52223e+15
1.52223e+15
1.52223e+15
1.52223e+15
1.52223e+15
1.52223e+15
1.52223e+15
1.50051e+15
1.50051e+15
1.50051e+15
1.50051e+15
1.50051e+15
1.50051e+15
1.50051e+15
1.50051e+15
1.50051e+15
1.50051e+15
1.4813e+15
1.4813e+15
1.4813e+15
1.4813e+15
1.4813e+15
1.4813e+15
1.4813e+15
1.4813e+15
1.4813e+15
1.4813e+15
1.46208e+15
1.46208e+15
1.46208e+15
1.46208e+15
1.46208e+15
1.46208e+15
1.46208e+15
1.46208e+15
1.46208e+15
1.46208e+15
1.44287e+15
1.44287e+15
1.44287e+15
1.44287e+15
1.44287e+15
1.44287e+15
1.44287e+15
1.44287e+15
1.44287e+15
1.44287e+15
1.42366e+15
1.42366e+15
1.42366e+15
1.42366e+15
1.42366e+15
1.42366e+15
1.42366e+15
1.42366e+15
1.42366e+15
1.42366e+15
1.40444e+15
1.40444e+15
1.40444e+15
1.40444e+15
1.40444e+15
1.40444e+15
1.40444e+15
1.40444e+15
1.40444e+15
1.40444e+15
1.38523e+15
1.38523e+15
1.38523e+15
1.38523e+15
1.38523e+15
1.38523e+15
1.38523e+15
1.38523e+15
1.38523e+15
1.38523e+15
1.36602e+15
1.36602e+15
1.36602e+15
1.36602e+15
1.36602e+15
1.36602e+15
1.36602e+15
1.36602e+15
1.36602e+15
1.36602e+15
1.3468e+15
1.3468e+15
1.3468e+15
1.3468e+15
1.3468e+15
1.3468e+15
1.3468e+15
1.3468e+15
1.3468e+15
1.3468e+15
1.32759e+15
1.32759e+15
1.32759e+15
1.32759e+15
1.32759e+15
1.32759e+15
1.32759e+15
1.32759e+15
1.32759e+15
1.32759e+15
1.30838e+15
1.30838e+15
1.30838e+15
1.30838e+15
1.30838e+15
1.30838e+15
1.30838e+15
1.30838e+15
1.30838e+15
1.30838e+15
1.27235e+15
1.27235e+15
1.27235e+15
1.27235e+15
1.27235e+15
1.27235e+15
1.27235e+15
1.27235e+15
1.27235e+15
1.27235e+15
1.21951e+15
1.21951e+15
1.21951e+15
1.21951e+15
1.21951e+15
1.21951e+15
1.21951e+15
1.21951e+15
1.21951e+15
1.21951e+15
)
;

boundaryField
{
    fuelBottom
    {
        type            empty;
    }
    fuelTop_1
    {
        type            empty;
    }
    fuelOuter
    {
        type            zeroGradient;
    }
    fuelTop
    {
        type            empty;
    }
    fuelInner
    {
        type            zeroGradient;
    }
    cladBottom
    {
        type            empty;
    }
    cladInner
    {
        type            zeroGradient;
    }
    cladOuter
    {
        type            zeroGradient;
    }
    cladTop
    {
        type            empty;
    }
    front
    {
        type            wedge;
    }
    back
    {
        type            wedge;
    }
}


// ************************************************************************* //
