/*--------------------------------*- C++ -*----------------------------------*\
| =========                 |                                                 |
| \\      /  F ield         | OpenFOAM: The Open Source CFD Toolbox           |
|  \\    /   O peration     | Version:  2412                                  |
|   \\  /    A nd           | Website:  www.openfoam.com                      |
|    \\/     M anipulation  |                                                 |
\*---------------------------------------------------------------------------*/
FoamFile
{
    version     2.0;
    format      ascii;
    arch        "LSB;label=32;scalar=64";
    class       volScalarField;
    location    "51801860.86068268/fuelBehaviourRegion";
    object      grainRadius;
}
// * * * * * * * * * * * * * * * * * * * * * * * * * * * * * * * * * * * * * //

dimensions      [0 0 0 0 0 0 0];

internalField   nonuniform List<scalar> 
4720
(
5.99981e-06
5.99981e-06
5.99981e-06
5.99982e-06
5.99982e-06
5.99982e-06
5.99983e-06
5.99984e-06
5.99984e-06
5.99985e-06
5.99986e-06
5.99986e-06
5.99987e-06
5.99988e-06
5.99989e-06
5.9999e-06
5.99991e-06
5.99991e-06
5.99992e-06
5.99993e-06
5.99994e-06
5.99994e-06
5.99995e-06
5.99996e-06
5.99996e-06
5.99997e-06
5.99997e-06
5.99997e-06
5.99998e-06
5.99998e-06
5.99981e-06
5.99981e-06
5.99981e-06
5.99981e-06
5.99982e-06
5.99982e-06
5.99983e-06
5.99983e-06
5.99984e-06
5.99985e-06
5.99986e-06
5.99986e-06
5.99987e-06
5.99988e-06
5.99989e-06
5.9999e-06
5.9999e-06
5.99991e-06
5.99992e-06
5.99993e-06
5.99994e-06
5.99994e-06
5.99995e-06
5.99995e-06
5.99996e-06
5.99997e-06
5.99997e-06
5.99997e-06
5.99998e-06
5.99998e-06
5.9998e-06
5.9998e-06
5.99981e-06
5.99981e-06
5.99981e-06
5.99982e-06
5.99982e-06
5.99983e-06
5.99984e-06
5.99984e-06
5.99985e-06
5.99986e-06
5.99987e-06
5.99988e-06
5.99988e-06
5.99989e-06
5.9999e-06
5.99991e-06
5.99992e-06
5.99993e-06
5.99993e-06
5.99994e-06
5.99995e-06
5.99995e-06
5.99996e-06
5.99996e-06
5.99997e-06
5.99997e-06
5.99998e-06
5.99998e-06
5.9998e-06
5.9998e-06
5.9998e-06
5.99981e-06
5.99981e-06
5.99981e-06
5.99982e-06
5.99983e-06
5.99983e-06
5.99984e-06
5.99985e-06
5.99986e-06
5.99987e-06
5.99987e-06
5.99988e-06
5.99989e-06
5.9999e-06
5.99991e-06
5.99992e-06
5.99992e-06
5.99993e-06
5.99994e-06
5.99995e-06
5.99995e-06
5.99996e-06
5.99996e-06
5.99997e-06
5.99997e-06
5.99998e-06
5.99998e-06
5.9998e-06
5.9998e-06
5.9998e-06
5.9998e-06
5.99981e-06
5.99981e-06
5.99982e-06
5.99982e-06
5.99983e-06
5.99984e-06
5.99985e-06
5.99986e-06
5.99986e-06
5.99987e-06
5.99988e-06
5.99989e-06
5.9999e-06
5.99991e-06
5.99992e-06
5.99992e-06
5.99993e-06
5.99994e-06
5.99995e-06
5.99995e-06
5.99996e-06
5.99996e-06
5.99997e-06
5.99997e-06
5.99998e-06
5.99998e-06
5.9998e-06
5.9998e-06
5.9998e-06
5.9998e-06
5.99981e-06
5.99981e-06
5.99982e-06
5.99982e-06
5.99983e-06
5.99984e-06
5.99985e-06
5.99985e-06
5.99986e-06
5.99987e-06
5.99988e-06
5.99989e-06
5.9999e-06
5.99991e-06
5.99992e-06
5.99992e-06
5.99993e-06
5.99994e-06
5.99995e-06
5.99995e-06
5.99996e-06
5.99996e-06
5.99997e-06
5.99997e-06
5.99998e-06
5.99998e-06
5.99968e-06
5.99969e-06
5.99969e-06
5.99969e-06
5.9997e-06
5.99971e-06
5.99972e-06
5.99973e-06
5.99974e-06
5.99975e-06
5.99976e-06
5.99978e-06
5.99979e-06
5.99981e-06
5.99982e-06
5.99983e-06
5.99985e-06
5.99986e-06
5.99988e-06
5.99989e-06
5.9999e-06
5.99991e-06
5.99992e-06
5.99993e-06
5.99994e-06
5.99995e-06
5.99996e-06
5.99996e-06
5.99997e-06
5.99997e-06
5.99964e-06
5.99965e-06
5.99965e-06
5.99965e-06
5.99966e-06
5.99967e-06
5.99968e-06
5.99969e-06
5.99971e-06
5.99972e-06
5.99973e-06
5.99975e-06
5.99977e-06
5.99978e-06
5.9998e-06
5.99981e-06
5.99983e-06
5.99984e-06
5.99986e-06
5.99987e-06
5.99989e-06
5.9999e-06
5.99991e-06
5.99992e-06
5.99993e-06
5.99994e-06
5.99995e-06
5.99996e-06
5.99996e-06
5.99997e-06
5.99963e-06
5.99964e-06
5.99964e-06
5.99965e-06
5.99965e-06
5.99966e-06
5.99967e-06
5.99968e-06
5.9997e-06
5.99971e-06
5.99973e-06
5.99974e-06
5.99976e-06
5.99978e-06
5.99979e-06
5.99981e-06
5.99982e-06
5.99984e-06
5.99986e-06
5.99987e-06
5.99988e-06
5.9999e-06
5.99991e-06
5.99992e-06
5.99993e-06
5.99994e-06
5.99995e-06
5.99996e-06
5.99996e-06
5.99997e-06
5.99963e-06
5.99963e-06
5.99964e-06
5.99964e-06
5.99965e-06
5.99966e-06
5.99967e-06
5.99968e-06
5.99969e-06
5.99971e-06
5.99972e-06
5.99974e-06
5.99976e-06
5.99977e-06
5.99979e-06
5.99981e-06
5.99982e-06
5.99984e-06
5.99985e-06
5.99987e-06
5.99988e-06
5.9999e-06
5.99991e-06
5.99992e-06
5.99993e-06
5.99994e-06
5.99995e-06
5.99996e-06
5.99996e-06
5.99997e-06
5.99962e-06
5.99962e-06
5.99963e-06
5.99963e-06
5.99964e-06
5.99965e-06
5.99966e-06
5.99967e-06
5.99969e-06
5.9997e-06
5.99972e-06
5.99973e-06
5.99975e-06
5.99977e-06
5.99979e-06
5.9998e-06
5.99982e-06
5.99984e-06
5.99985e-06
5.99987e-06
5.99988e-06
5.99989e-06
5.99991e-06
5.99992e-06
5.99993e-06
5.99994e-06
5.99995e-06
5.99995e-06
5.99996e-06
5.99997e-06
5.99958e-06
5.99958e-06
5.99959e-06
5.99959e-06
5.9996e-06
5.99961e-06
5.99962e-06
5.99964e-06
5.99965e-06
5.99967e-06
5.99969e-06
5.99971e-06
5.99973e-06
5.99974e-06
5.99976e-06
5.99978e-06
5.9998e-06
5.99982e-06
5.99984e-06
5.99985e-06
5.99987e-06
5.99989e-06
5.9999e-06
5.99991e-06
5.99992e-06
5.99993e-06
5.99994e-06
5.99995e-06
5.99996e-06
5.99997e-06
5.99864e-06
5.99865e-06
5.99866e-06
5.99869e-06
5.99872e-06
5.99876e-06
5.9988e-06
5.99885e-06
5.9989e-06
5.99896e-06
5.99902e-06
5.99908e-06
5.99915e-06
5.99921e-06
5.99928e-06
5.99934e-06
5.9994e-06
5.99946e-06
5.99952e-06
5.99958e-06
5.99963e-06
5.99967e-06
5.99972e-06
5.99976e-06
5.99979e-06
5.99982e-06
5.99985e-06
5.99988e-06
5.9999e-06
5.99992e-06
5.99832e-06
5.99833e-06
5.99835e-06
5.99838e-06
5.99841e-06
5.99846e-06
5.99851e-06
5.99857e-06
5.99864e-06
5.99871e-06
5.99879e-06
5.99887e-06
5.99895e-06
5.99903e-06
5.99911e-06
5.99919e-06
5.99927e-06
5.99934e-06
5.99941e-06
5.99948e-06
5.99954e-06
5.9996e-06
5.99965e-06
5.9997e-06
5.99975e-06
5.99979e-06
5.99982e-06
5.99985e-06
5.99988e-06
5.9999e-06
5.99826e-06
5.99826e-06
5.99828e-06
5.99831e-06
5.99835e-06
5.9984e-06
5.99846e-06
5.99852e-06
5.99859e-06
5.99867e-06
5.99875e-06
5.99883e-06
5.99891e-06
5.99899e-06
5.99908e-06
5.99916e-06
5.99924e-06
5.99932e-06
5.99939e-06
5.99946e-06
5.99953e-06
5.99959e-06
5.99964e-06
5.99969e-06
5.99974e-06
5.99978e-06
5.99981e-06
5.99985e-06
5.99987e-06
5.9999e-06
5.99823e-06
5.99824e-06
5.99826e-06
5.99829e-06
5.99833e-06
5.99838e-06
5.99844e-06
5.9985e-06
5.99857e-06
5.99865e-06
5.99873e-06
5.99881e-06
5.99889e-06
5.99898e-06
5.99906e-06
5.99915e-06
5.99923e-06
5.99931e-06
5.99938e-06
5.99945e-06
5.99952e-06
5.99958e-06
5.99964e-06
5.99969e-06
5.99973e-06
5.99978e-06
5.99981e-06
5.99984e-06
5.99987e-06
5.99989e-06
5.99818e-06
5.99819e-06
5.99821e-06
5.99824e-06
5.99828e-06
5.99833e-06
5.99839e-06
5.99846e-06
5.99853e-06
5.99861e-06
5.99869e-06
5.99878e-06
5.99886e-06
5.99895e-06
5.99904e-06
5.99912e-06
5.99921e-06
5.99929e-06
5.99937e-06
5.99944e-06
5.99951e-06
5.99957e-06
5.99963e-06
5.99968e-06
5.99973e-06
5.99977e-06
5.99981e-06
5.99984e-06
5.99987e-06
5.99989e-06
5.99788e-06
5.99789e-06
5.99791e-06
5.99795e-06
5.998e-06
5.99806e-06
5.99813e-06
5.99821e-06
5.9983e-06
5.99839e-06
5.99849e-06
5.99859e-06
5.99869e-06
5.9988e-06
5.9989e-06
5.999e-06
5.9991e-06
5.99919e-06
5.99928e-06
5.99937e-06
5.99945e-06
5.99952e-06
5.99959e-06
5.99965e-06
5.9997e-06
5.99975e-06
5.99979e-06
5.99983e-06
5.99986e-06
5.99988e-06
5.98996e-06
5.99002e-06
5.99014e-06
5.99033e-06
5.99059e-06
5.99089e-06
5.99125e-06
5.99165e-06
5.99208e-06
5.99255e-06
5.99304e-06
5.99354e-06
5.99405e-06
5.99457e-06
5.99507e-06
5.99557e-06
5.99605e-06
5.9965e-06
5.99693e-06
5.99733e-06
5.9977e-06
5.99804e-06
5.99834e-06
5.99861e-06
5.99885e-06
5.99906e-06
5.99923e-06
5.99939e-06
5.99951e-06
5.99962e-06
5.9871e-06
5.98718e-06
5.98734e-06
5.98759e-06
5.98791e-06
5.9883e-06
5.98876e-06
5.98927e-06
5.98983e-06
5.99043e-06
5.99106e-06
5.99171e-06
5.99237e-06
5.99303e-06
5.99368e-06
5.99432e-06
5.99493e-06
5.99552e-06
5.99607e-06
5.99658e-06
5.99706e-06
5.99749e-06
5.99788e-06
5.99823e-06
5.99853e-06
5.9988e-06
5.99903e-06
5.99922e-06
5.99938e-06
5.99952e-06
5.98659e-06
5.98667e-06
5.98684e-06
5.9871e-06
5.98743e-06
5.98784e-06
5.98831e-06
5.98885e-06
5.98943e-06
5.99005e-06
5.99071e-06
5.99138e-06
5.99207e-06
5.99275e-06
5.99343e-06
5.9941e-06
5.99474e-06
5.99535e-06
5.99592e-06
5.99646e-06
5.99695e-06
5.9974e-06
5.9978e-06
5.99816e-06
5.99848e-06
5.99875e-06
5.99899e-06
5.99919e-06
5.99936e-06
5.9995e-06
5.98641e-06
5.98649e-06
5.98667e-06
5.98692e-06
5.98726e-06
5.98768e-06
5.98816e-06
5.9887e-06
5.98929e-06
5.98992e-06
5.99058e-06
5.99126e-06
5.99196e-06
5.99265e-06
5.99334e-06
5.99401e-06
5.99466e-06
5.99528e-06
5.99586e-06
5.9964e-06
5.9969e-06
5.99736e-06
5.99777e-06
5.99814e-06
5.99846e-06
5.99874e-06
5.99898e-06
5.99918e-06
5.99935e-06
5.99949e-06
5.98621e-06
5.98629e-06
5.98646e-06
5.98672e-06
5.98707e-06
5.98749e-06
5.98798e-06
5.98852e-06
5.98912e-06
5.98977e-06
5.99044e-06
5.99113e-06
5.99184e-06
5.99254e-06
5.99324e-06
5.99392e-06
5.99458e-06
5.99521e-06
5.9958e-06
5.99635e-06
5.99686e-06
5.99732e-06
5.99774e-06
5.99811e-06
5.99843e-06
5.99872e-06
5.99896e-06
5.99917e-06
5.99934e-06
5.99948e-06
5.98474e-06
5.98483e-06
5.98503e-06
5.98533e-06
5.98572e-06
5.98619e-06
5.98675e-06
5.98737e-06
5.98805e-06
5.98877e-06
5.98953e-06
5.99031e-06
5.9911e-06
5.99189e-06
5.99267e-06
5.99343e-06
5.99416e-06
5.99486e-06
5.99551e-06
5.99612e-06
5.99667e-06
5.99718e-06
5.99763e-06
5.99803e-06
5.99838e-06
5.99868e-06
5.99894e-06
5.99915e-06
5.99934e-06
5.99948e-06
5.93515e-06
5.93552e-06
5.93632e-06
5.93751e-06
5.93909e-06
5.94103e-06
5.9433e-06
5.94586e-06
5.94869e-06
5.95173e-06
5.95495e-06
5.95829e-06
5.96171e-06
5.96515e-06
5.96857e-06
5.97192e-06
5.97515e-06
5.97824e-06
5.98114e-06
5.98383e-06
5.98629e-06
5.98851e-06
5.99049e-06
5.99223e-06
5.99373e-06
5.99501e-06
5.99609e-06
5.99697e-06
5.99769e-06
5.99827e-06
5.92165e-06
5.92207e-06
5.923e-06
5.9244e-06
5.92624e-06
5.92851e-06
5.93117e-06
5.9342e-06
5.93754e-06
5.94116e-06
5.94499e-06
5.949e-06
5.9531e-06
5.95726e-06
5.9614e-06
5.96546e-06
5.96941e-06
5.97318e-06
5.97673e-06
5.98004e-06
5.98307e-06
5.98581e-06
5.98825e-06
5.9904e-06
5.99225e-06
5.99384e-06
5.99517e-06
5.99626e-06
5.99716e-06
5.99787e-06
5.91978e-06
5.92021e-06
5.92116e-06
5.92258e-06
5.92446e-06
5.92678e-06
5.9295e-06
5.93259e-06
5.936e-06
5.9397e-06
5.94362e-06
5.94771e-06
5.95192e-06
5.95617e-06
5.96041e-06
5.96458e-06
5.96863e-06
5.97249e-06
5.97614e-06
5.97953e-06
5.98264e-06
5.98545e-06
5.98796e-06
5.99016e-06
5.99206e-06
5.99369e-06
5.99505e-06
5.99618e-06
5.99709e-06
5.99782e-06
5.919e-06
5.91943e-06
5.92039e-06
5.92182e-06
5.92371e-06
5.92604e-06
5.92878e-06
5.93189e-06
5.93533e-06
5.93906e-06
5.94301e-06
5.94714e-06
5.95138e-06
5.95568e-06
5.95996e-06
5.96417e-06
5.96825e-06
5.97216e-06
5.97584e-06
5.97927e-06
5.98242e-06
5.98526e-06
5.9878e-06
5.99003e-06
5.99196e-06
5.9936e-06
5.99498e-06
5.99612e-06
5.99705e-06
5.99779e-06
5.9181e-06
5.91854e-06
5.9195e-06
5.92095e-06
5.92287e-06
5.92522e-06
5.92799e-06
5.93113e-06
5.93461e-06
5.93837e-06
5.94237e-06
5.94654e-06
5.95083e-06
5.95517e-06
5.9595e-06
5.96376e-06
5.96789e-06
5.97184e-06
5.97557e-06
5.97904e-06
5.98222e-06
5.98509e-06
5.98766e-06
5.98991e-06
5.99186e-06
5.99353e-06
5.99492e-06
5.99608e-06
5.99701e-06
5.99776e-06
5.91072e-06
5.91119e-06
5.91221e-06
5.91376e-06
5.9158e-06
5.91832e-06
5.92128e-06
5.92465e-06
5.92838e-06
5.93243e-06
5.93674e-06
5.94136e-06
5.94622e-06
5.9512e-06
5.95621e-06
5.96115e-06
5.96595e-06
5.97051e-06
5.97478e-06
5.97871e-06
5.98227e-06
5.98544e-06
5.9882e-06
5.99058e-06
5.9926e-06
5.99427e-06
5.99563e-06
5.99672e-06
5.99758e-06
5.99825e-06
1.76039e-05
1.75071e-05
1.73194e-05
1.70462e-05
1.66928e-05
1.62644e-05
1.57664e-05
1.52042e-05
1.45836e-05
1.39103e-05
1.31903e-05
1.24293e-05
1.16326e-05
1.08054e-05
9.95331e-06
9.08489e-06
8.21536e-06
7.37269e-06
6.60353e-06
5.97374e-06
5.55179e-06
5.36821e-06
5.38265e-06
5.50623e-06
5.65632e-06
5.78554e-06
5.87829e-06
5.93682e-06
5.97e-06
5.98701e-06
1.66196e-05
1.65216e-05
1.63318e-05
1.60558e-05
1.56996e-05
1.52688e-05
1.47696e-05
1.42082e-05
1.35914e-05
1.29259e-05
1.22187e-05
1.14762e-05
1.0704e-05
9.90755e-06
9.09273e-06
8.26992e-06
7.45961e-06
6.69986e-06
6.05072e-06
5.58493e-06
5.35225e-06
5.33499e-06
5.45129e-06
5.61012e-06
5.75322e-06
5.85846e-06
5.92591e-06
5.96456e-06
5.98455e-06
5.99389e-06
1.6723e-05
1.6624e-05
1.64322e-05
1.61534e-05
1.57934e-05
1.53579e-05
1.4853e-05
1.42849e-05
1.36604e-05
1.29862e-05
1.22693e-05
1.15162e-05
1.07329e-05
9.92507e-06
9.09941e-06
8.26704e-06
7.44945e-06
6.68574e-06
6.03679e-06
5.57526e-06
5.34897e-06
5.33712e-06
5.45602e-06
5.61503e-06
5.7571e-06
5.86107e-06
5.92747e-06
5.9654e-06
5.98495e-06
5.99407e-06
1.7034e-05
1.69341e-05
1.67405e-05
1.64589e-05
1.6095e-05
1.56545e-05
1.51434e-05
1.45678e-05
1.39344e-05
1.32499e-05
1.25212e-05
1.17551e-05
1.09577e-05
1.0135e-05
9.29357e-06
8.44389e-06
7.60598e-06
6.81668e-06
6.13487e-06
5.63431e-06
5.37001e-06
5.33118e-06
5.43805e-06
5.59603e-06
5.74213e-06
5.85108e-06
5.92158e-06
5.96227e-06
5.98346e-06
5.99342e-06
1.60574e-05
1.59591e-05
1.57688e-05
1.54924e-05
1.51358e-05
1.4705e-05
1.42062e-05
1.36458e-05
1.30305e-05
1.23671e-05
1.16623e-05
1.09223e-05
1.01532e-05
9.36126e-06
8.55562e-06
7.75251e-06
6.98169e-06
6.29234e-06
5.7514e-06
5.42139e-06
5.31727e-06
5.38389e-06
5.53101e-06
5.68523e-06
5.80945e-06
5.89483e-06
5.94688e-06
5.97547e-06
5.98969e-06
5.99608e-06
1.89338e-05
1.88282e-05
1.86186e-05
1.83077e-05
1.79002e-05
1.74017e-05
1.68191e-05
1.61604e-05
1.54341e-05
1.46503e-05
1.38196e-05
1.2954e-05
1.20655e-05
1.1165e-05
1.02602e-05
9.35428e-06
8.44895e-06
7.55518e-06
6.71035e-06
5.99256e-06
5.50776e-06
5.32106e-06
5.38002e-06
5.55096e-06
5.7235e-06
5.85041e-06
5.92789e-06
5.96892e-06
5.98806e-06
5.99594e-06
1.90872e-05
1.89839e-05
1.87771e-05
1.84685e-05
1.80623e-05
1.7564e-05
1.69808e-05
1.63204e-05
1.55918e-05
1.48049e-05
1.39708e-05
1.31018e-05
1.22109e-05
1.13101e-05
1.04082e-05
9.50887e-06
8.61202e-06
7.72303e-06
6.87028e-06
6.12258e-06
5.58492e-06
5.33999e-06
5.36092e-06
5.52067e-06
5.69776e-06
5.83349e-06
5.91847e-06
5.96434e-06
5.98609e-06
5.99519e-06
1.91649e-05
1.90615e-05
1.88543e-05
1.8545e-05
1.81375e-05
1.76376e-05
1.70522e-05
1.63891e-05
1.56572e-05
1.48664e-05
1.40278e-05
1.31537e-05
1.2257e-05
1.13499e-05
1.04417e-05
9.53646e-06
8.63435e-06
7.74085e-06
6.88393e-06
6.13184e-06
5.58943e-06
5.34037e-06
5.35905e-06
5.51843e-06
5.69607e-06
5.83248e-06
5.91796e-06
5.96411e-06
5.986e-06
5.99516e-06
1.93015e-05
1.91984e-05
1.89912e-05
1.86815e-05
1.8273e-05
1.77714e-05
1.71837e-05
1.65177e-05
1.57819e-05
1.49864e-05
1.41421e-05
1.32613e-05
1.2357e-05
1.14416e-05
1.05249e-05
9.61133e-06
8.70159e-06
7.80055e-06
6.9346e-06
6.16988e-06
5.6108e-06
5.34495e-06
5.35298e-06
5.50939e-06
5.68851e-06
5.82756e-06
5.91525e-06
5.9628e-06
5.98544e-06
5.99495e-06
1.94691e-05
1.93663e-05
1.91592e-05
1.88489e-05
1.84393e-05
1.79359e-05
1.73456e-05
1.66761e-05
1.59359e-05
1.51349e-05
1.4284e-05
1.33953e-05
1.24818e-05
1.15562e-05
1.06285e-05
9.70423e-06
8.78425e-06
7.87316e-06
6.99573e-06
6.21576e-06
5.63689e-06
5.35093e-06
5.34585e-06
5.49837e-06
5.67914e-06
5.82138e-06
5.91179e-06
5.96111e-06
5.98472e-06
5.99468e-06
1.87817e-05
1.86758e-05
1.84656e-05
1.81538e-05
1.77449e-05
1.7245e-05
1.6661e-05
1.60008e-05
1.52734e-05
1.44889e-05
1.36586e-05
1.27947e-05
1.19098e-05
1.10153e-05
1.01192e-05
9.22432e-06
8.33226e-06
7.45415e-06
6.62878e-06
5.93619e-06
5.48128e-06
5.32139e-06
5.39524e-06
5.56891e-06
5.7378e-06
5.85967e-06
5.93305e-06
5.97144e-06
5.98914e-06
5.99635e-06
2.05077e-05
2.04366e-05
2.02572e-05
1.99558e-05
1.95362e-05
1.90063e-05
1.83751e-05
1.76522e-05
1.68486e-05
1.59763e-05
1.50494e-05
1.4084e-05
1.30989e-05
1.21149e-05
1.11524e-05
1.02257e-05
9.33419e-06
8.46049e-06
7.58764e-06
6.73705e-06
6.00152e-06
5.52449e-06
5.38392e-06
5.48877e-06
5.67028e-06
5.82205e-06
5.91702e-06
5.9662e-06
5.98797e-06
5.99629e-06
2.05034e-05
2.04375e-05
2.02648e-05
1.99696e-05
1.95556e-05
1.90309e-05
1.84047e-05
1.76867e-05
1.6888e-05
1.60208e-05
1.50992e-05
1.41396e-05
1.31612e-05
1.21852e-05
1.12332e-05
1.03211e-05
9.44979e-06
8.60036e-06
7.74843e-06
6.902e-06
6.1401e-06
5.60541e-06
5.40216e-06
5.47123e-06
5.6458e-06
5.80372e-06
5.90651e-06
5.96117e-06
5.98591e-06
5.99556e-06
2.05758e-05
2.05104e-05
2.03382e-05
2.00431e-05
1.9629e-05
1.91038e-05
1.84768e-05
1.77578e-05
1.69576e-05
1.60884e-05
1.51643e-05
1.42016e-05
1.32193e-05
1.22386e-05
1.12813e-05
1.03637e-05
9.48758e-06
8.63479e-06
7.78051e-06
6.93079e-06
6.16217e-06
5.61685e-06
5.40305e-06
5.46665e-06
5.64074e-06
5.80021e-06
5.90458e-06
5.96028e-06
5.98556e-06
5.99544e-06
2.06541e-05
2.05893e-05
2.04176e-05
2.01229e-05
1.97087e-05
1.91833e-05
1.85557e-05
1.78358e-05
1.70343e-05
1.61634e-05
1.52371e-05
1.42716e-05
1.32856e-05
1.23004e-05
1.1338e-05
1.04151e-05
9.53461e-06
8.679e-06
7.82295e-06
6.96999e-06
6.19323e-06
5.63381e-06
5.4051e-06
5.46033e-06
5.63326e-06
5.7948e-06
5.90152e-06
5.95882e-06
5.98497e-06
5.99523e-06
2.03237e-05
2.02541e-05
2.00767e-05
1.97775e-05
1.93604e-05
1.88335e-05
1.82059e-05
1.74876e-05
1.66895e-05
1.58241e-05
1.49055e-05
1.39503e-05
1.29776e-05
1.20087e-05
1.10643e-05
1.01583e-05
9.28923e-06
8.4371e-06
7.58207e-06
6.74356e-06
6.0141e-06
5.53804e-06
5.3951e-06
5.49654e-06
5.6751e-06
5.82478e-06
5.91842e-06
5.96683e-06
5.98823e-06
5.99638e-06
2.13648e-05
2.13162e-05
2.11617e-05
2.08724e-05
2.04512e-05
1.99077e-05
1.92522e-05
1.84958e-05
1.76509e-05
1.6731e-05
1.57523e-05
1.47333e-05
1.36964e-05
1.26678e-05
1.1677e-05
1.07515e-05
9.90447e-06
9.11683e-06
8.33378e-06
7.50596e-06
6.66147e-06
5.94399e-06
5.54001e-06
5.49028e-06
5.6332e-06
5.7949e-06
5.90475e-06
5.96234e-06
5.98726e-06
5.99633e-06
2.14377e-05
2.13927e-05
2.12447e-05
2.09625e-05
2.0548e-05
2.00108e-05
1.93613e-05
1.86105e-05
1.77709e-05
1.68562e-05
1.58824e-05
1.48682e-05
1.38358e-05
1.28117e-05
1.18257e-05
1.09071e-05
1.00727e-05
9.30816e-06
8.55802e-06
7.75826e-06
6.90996e-06
6.13393e-06
5.62832e-06
5.49183e-06
5.60109e-06
5.76507e-06
5.88672e-06
5.95376e-06
5.98388e-06
5.99521e-06
2.14189e-05
2.13741e-05
2.12266e-05
2.0945e-05
2.05315e-05
1.99955e-05
1.93475e-05
1.85986e-05
1.77611e-05
1.6849e-05
1.58781e-05
1.48671e-05
1.38383e-05
1.28181e-05
1.1836e-05
1.09214e-05
1.00914e-05
9.33181e-06
8.5873e-06
7.7922e-06
6.94435e-06
6.16151e-06
5.64274e-06
5.49391e-06
5.59765e-06
5.76136e-06
5.88438e-06
5.95262e-06
5.98342e-06
5.99506e-06
2.1466e-05
2.14213e-05
2.12737e-05
2.09922e-05
2.05788e-05
2.0043e-05
1.93953e-05
1.86468e-05
1.78097e-05
1.6898e-05
1.59274e-05
1.49166e-05
1.38877e-05
1.28667e-05
1.18833e-05
1.09666e-05
1.01342e-05
9.37348e-06
8.62993e-06
7.83669e-06
6.98727e-06
6.19464e-06
5.65824e-06
5.4933e-06
5.59048e-06
5.75478e-06
5.88038e-06
5.9507e-06
5.98265e-06
5.99481e-06
2.09771e-05
2.09286e-05
2.07751e-05
2.04884e-05
2.00718e-05
1.9535e-05
1.88885e-05
1.81438e-05
1.73135e-05
1.6412e-05
1.54556e-05
1.44638e-05
1.34593e-05
1.24686e-05
1.15209e-05
1.06422e-05
9.84226e-06
9.09635e-06
8.34416e-06
7.53376e-06
6.69469e-06
5.97405e-06
5.56191e-06
5.50325e-06
5.63975e-06
5.79789e-06
5.90601e-06
5.96283e-06
5.98743e-06
5.99639e-06
2.20635e-05
2.20235e-05
2.18804e-05
2.1595e-05
2.1167e-05
2.06071e-05
1.99267e-05
1.91384e-05
1.82563e-05
1.7296e-05
1.62759e-05
1.52173e-05
1.41458e-05
1.30914e-05
1.20882e-05
1.11712e-05
1.03652e-05
9.6617e-06
8.99591e-06
8.26395e-06
7.41125e-06
6.52845e-06
5.84716e-06
5.56183e-06
5.60738e-06
5.76152e-06
5.88633e-06
5.95526e-06
5.98524e-06
5.99593e-06
2.21714e-05
2.21347e-05
2.19979e-05
2.17186e-05
2.12951e-05
2.07377e-05
2.00583e-05
1.92697e-05
1.83861e-05
1.74239e-05
1.6402e-05
1.53426e-05
1.42719e-05
1.32207e-05
1.22237e-05
1.13166e-05
1.05259e-05
9.84881e-06
9.22661e-06
8.54982e-06
7.7347e-06
6.83011e-06
6.0473e-06
5.62727e-06
5.58982e-06
5.72665e-06
5.8618e-06
5.94303e-06
5.9804e-06
5.99437e-06
2.22834e-05
2.2246e-05
2.21073e-05
2.18252e-05
2.13979e-05
2.08359e-05
2.01511e-05
1.93561e-05
1.84654e-05
1.74954e-05
1.64652e-05
1.53972e-05
1.43181e-05
1.32589e-05
1.22549e-05
1.13418e-05
1.05467e-05
9.86739e-06
9.2461e-06
8.57304e-06
7.76152e-06
6.85604e-06
6.06542e-06
5.63398e-06
5.58891e-06
5.72389e-06
5.8598e-06
5.94203e-06
5.98001e-06
5.99424e-06
2.23623e-05
2.2325e-05
2.21865e-05
2.19041e-05
2.14758e-05
2.09121e-05
2.02248e-05
1.94266e-05
1.85318e-05
1.7557e-05
1.65212e-05
1.54472e-05
1.43618e-05
1.32967e-05
1.22874e-05
1.13703e-05
1.05729e-05
9.89366e-06
9.27554e-06
8.60829e-06
7.80173e-06
6.89476e-06
6.09258e-06
5.64388e-06
5.58699e-06
5.71907e-06
5.85627e-06
5.94023e-06
5.97929e-06
5.994e-06
2.24422e-05
2.24044e-05
2.22648e-05
2.19806e-05
2.15503e-05
2.09842e-05
2.0294e-05
1.94924e-05
1.85938e-05
1.76145e-05
1.6574e-05
1.54949e-05
1.44046e-05
1.3335e-05
1.23222e-05
1.14028e-05
1.06046e-05
9.92653e-06
9.31217e-06
8.65099e-06
7.84941e-06
6.94028e-06
6.12457e-06
5.6556e-06
5.58455e-06
5.71308e-06
5.85186e-06
5.93797e-06
5.97837e-06
5.9937e-06
2.22289e-05
2.21881e-05
2.20424e-05
2.17516e-05
2.13157e-05
2.07451e-05
2.00515e-05
1.92478e-05
1.83484e-05
1.73699e-05
1.63318e-05
1.52575e-05
1.41745e-05
1.31153e-05
1.2116e-05
1.12125e-05
1.04286e-05
9.75519e-06
9.12528e-06
8.42809e-06
7.59336e-06
6.69318e-06
5.95359e-06
5.59721e-06
5.60117e-06
5.7466e-06
5.87583e-06
5.95009e-06
5.98324e-06
5.9953e-06
2.39774e-05
2.39412e-05
2.38006e-05
2.35063e-05
2.30537e-05
2.24529e-05
2.17151e-05
2.0852e-05
1.98767e-05
1.88041e-05
1.76523e-05
1.64434e-05
1.52059e-05
1.39766e-05
1.28016e-05
1.17339e-05
1.08228e-05
1.00879e-05
9.48084e-06
8.86854e-06
8.10615e-06
7.18108e-06
6.28979e-06
5.72986e-06
5.60614e-06
5.72072e-06
5.85771e-06
5.94235e-06
5.98083e-06
5.99475e-06
2.45234e-05
2.44902e-05
2.43558e-05
2.40677e-05
2.3619e-05
2.30195e-05
2.228e-05
2.14117e-05
2.04271e-05
1.93401e-05
1.81672e-05
1.69293e-05
1.56531e-05
1.43742e-05
1.31395e-05
1.20059e-05
1.10318e-05
1.02521e-05
9.63644e-06
9.05947e-06
8.35405e-06
7.45731e-06
6.51982e-06
5.8447e-06
5.61629e-06
5.69257e-06
5.83286e-06
5.92909e-06
5.97546e-06
5.99301e-06
2.46651e-05
2.46314e-05
2.44959e-05
2.42059e-05
2.37551e-05
2.31531e-05
2.24107e-05
2.1539e-05
2.05504e-05
1.94586e-05
1.828e-05
1.70349e-05
1.57495e-05
1.44593e-05
1.32108e-05
1.20616e-05
1.10718e-05
1.02792e-05
9.65664e-06
9.08055e-06
8.38098e-06
7.48817e-06
6.54634e-06
5.85846e-06
5.61771e-06
5.68928e-06
5.82993e-06
5.92754e-06
5.97484e-06
5.99282e-06
2.4776e-05
2.47415e-05
2.46041e-05
2.43118e-05
2.38584e-05
2.32538e-05
2.25086e-05
2.16341e-05
2.06423e-05
1.95471e-05
1.83644e-05
1.71143e-05
1.5823e-05
1.45252e-05
1.32677e-05
1.21083e-05
1.11086e-05
1.03084e-05
9.68362e-06
9.11198e-06
8.42088e-06
7.53314e-06
6.58532e-06
5.87963e-06
5.62076e-06
5.68474e-06
5.8255e-06
5.92508e-06
5.97382e-06
5.99248e-06
2.45169e-05
2.44795e-05
2.43357e-05
2.40362e-05
2.35768e-05
2.29673e-05
2.22187e-05
2.13422e-05
2.03504e-05
1.92571e-05
1.8079e-05
1.68368e-05
1.55575e-05
1.42769e-05
1.30426e-05
1.19122e-05
1.09439e-05
1.0169e-05
9.54874e-06
8.94981e-06
8.21144e-06
7.29588e-06
6.38125e-06
5.77186e-06
5.60753e-06
5.70923e-06
5.84848e-06
5.93768e-06
5.97902e-06
5.99419e-06
2.5347e-05
2.53129e-05
2.5175e-05
2.48793e-05
2.44189e-05
2.38036e-05
2.3044e-05
2.21517e-05
2.11385e-05
2.00178e-05
1.88051e-05
1.75192e-05
1.61843e-05
1.48334e-05
1.35125e-05
1.22823e-05
1.12128e-05
1.03589e-05
9.70993e-06
9.14248e-06
8.46269e-06
7.57181e-06
6.6063e-06
5.88709e-06
5.62974e-06
5.69831e-06
5.83767e-06
5.93263e-06
5.97739e-06
5.99381e-06
2.58103e-05
2.57793e-05
2.56485e-05
2.53608e-05
2.49066e-05
2.42956e-05
2.35383e-05
2.26459e-05
2.16301e-05
2.05039e-05
1.92819e-05
1.79817e-05
1.6626e-05
1.52453e-05
1.38831e-05
1.25992e-05
1.14674e-05
1.05551e-05
9.87435e-06
9.32362e-06
8.70244e-06
7.86252e-06
6.8783e-06
6.05083e-06
5.66552e-06
5.67313e-06
5.80912e-06
5.9164e-06
5.97066e-06
5.99162e-06
2.59455e-05
2.59146e-05
2.57841e-05
2.54964e-05
2.5042e-05
2.44302e-05
2.36718e-05
2.27779e-05
2.176e-05
2.06311e-05
1.94055e-05
1.81007e-05
1.67387e-05
1.53494e-05
1.39752e-05
1.26752e-05
1.1524e-05
1.05919e-05
9.89653e-06
9.34202e-06
8.72731e-06
7.89581e-06
6.91183e-06
6.0724e-06
5.67089e-06
5.67008e-06
5.8054e-06
5.91426e-06
5.96978e-06
5.99133e-06
2.6028e-05
2.59966e-05
2.58648e-05
2.55754e-05
2.51191e-05
2.45056e-05
2.37453e-05
2.28494e-05
2.18295e-05
2.06984e-05
1.94705e-05
1.81631e-05
1.67979e-05
1.54047e-05
1.40255e-05
1.27196e-05
1.15616e-05
1.06232e-05
9.92447e-06
9.3718e-06
8.76419e-06
7.93947e-06
6.95346e-06
6.09903e-06
5.6778e-06
5.66641e-06
5.80068e-06
5.91147e-06
5.96859e-06
5.99093e-06
2.57202e-05
2.56854e-05
2.55456e-05
2.5247e-05
2.47828e-05
2.41628e-05
2.33979e-05
2.2499e-05
2.14782e-05
2.03484e-05
1.91246e-05
1.78244e-05
1.64708e-05
1.50946e-05
1.37397e-05
1.24663e-05
1.13474e-05
1.04472e-05
9.7689e-06
9.19914e-06
8.53792e-06
7.66364e-06
6.68963e-06
5.93295e-06
5.63596e-06
5.68842e-06
5.82855e-06
5.92782e-06
5.9755e-06
5.99322e-06
2.57726e-05
2.57389e-05
2.56018e-05
2.53065e-05
2.48455e-05
2.42285e-05
2.34663e-05
2.25701e-05
2.15517e-05
2.0424e-05
1.92018e-05
1.79027e-05
1.6549e-05
1.51712e-05
1.38122e-05
1.25316e-05
1.14035e-05
1.0495e-05
9.81575e-06
9.25777e-06
8.61707e-06
7.75607e-06
6.77198e-06
5.98088e-06
5.64785e-06
5.68447e-06
5.82352e-06
5.92518e-06
5.97454e-06
5.99295e-06
2.62938e-05
2.62639e-05
2.61355e-05
2.58502e-05
2.53974e-05
2.47864e-05
2.40279e-05
2.31329e-05
2.21129e-05
2.09804e-05
1.97495e-05
1.84369e-05
1.70633e-05
1.56565e-05
1.42564e-05
1.29203e-05
1.17234e-05
1.07444e-05
1.00184e-05
9.46897e-06
8.89564e-06
8.10797e-06
7.12256e-06
6.21434e-06
5.71599e-06
5.65979e-06
5.78675e-06
5.90292e-06
5.96501e-06
5.98978e-06
2.64297e-05
2.63999e-05
2.6272e-05
2.5987e-05
2.55341e-05
2.49228e-05
2.41635e-05
2.32672e-05
2.22454e-05
2.11106e-05
1.98767e-05
1.85602e-05
1.71812e-05
1.57669e-05
1.43561e-05
1.30047e-05
1.17877e-05
1.07859e-05
1.004e-05
9.4811e-06
8.91109e-06
8.13253e-06
7.1511e-06
6.23553e-06
5.72315e-06
5.65796e-06
5.78345e-06
5.90087e-06
5.96413e-06
5.98949e-06
2.65253e-05
2.64957e-05
2.63681e-05
2.60832e-05
2.56304e-05
2.50188e-05
2.4259e-05
2.33619e-05
2.2339e-05
2.12027e-05
1.99669e-05
1.86479e-05
1.72655e-05
1.58465e-05
1.4429e-05
1.30682e-05
1.18389e-05
1.08231e-05
1.00655e-05
9.50236e-06
8.93744e-06
8.1678e-06
7.18899e-06
6.26319e-06
5.73278e-06
5.65579e-06
5.77913e-06
5.89812e-06
5.96292e-06
5.98908e-06
2.65554e-05
2.65266e-05
2.6401e-05
2.61186e-05
2.56681e-05
2.50586e-05
2.43007e-05
2.34052e-05
2.23837e-05
2.12485e-05
2.00135e-05
1.86947e-05
1.73121e-05
1.58921e-05
1.44725e-05
1.31082e-05
1.18742e-05
1.08532e-05
1.00919e-05
9.52981e-06
8.97231e-06
8.21206e-06
7.23533e-06
6.29729e-06
5.74534e-06
5.65365e-06
5.77393e-06
5.89467e-06
5.96137e-06
5.98854e-06
2.62642e-05
2.62325e-05
2.61e-05
2.58094e-05
2.53519e-05
2.47369e-05
2.39751e-05
2.30775e-05
2.20556e-05
2.09222e-05
1.96914e-05
1.83797e-05
1.70079e-05
1.56038e-05
1.42067e-05
1.28732e-05
1.1678e-05
1.06983e-05
9.96675e-06
9.40263e-06
8.80447e-06
7.9929e-06
7.00512e-06
6.13003e-06
5.68475e-06
5.66295e-06
5.79727e-06
5.91004e-06
5.96824e-06
5.99091e-06
2.55323e-05
2.5499e-05
2.53642e-05
2.50744e-05
2.46226e-05
2.40182e-05
2.32718e-05
2.23944e-05
2.13975e-05
2.02939e-05
1.9098e-05
1.78271e-05
1.65029e-05
1.51552e-05
1.38257e-05
1.25718e-05
1.14641e-05
1.0567e-05
9.89227e-06
9.34343e-06
8.72732e-06
7.89582e-06
6.91398e-06
6.0736e-06
5.66691e-06
5.66295e-06
5.79939e-06
5.91079e-06
5.96824e-06
5.99079e-06
2.59212e-05
2.58915e-05
2.57651e-05
2.54851e-05
2.50417e-05
2.44443e-05
2.37032e-05
2.28293e-05
2.18338e-05
2.07293e-05
1.95297e-05
1.82513e-05
1.69149e-05
1.55479e-05
1.41894e-05
1.28944e-05
1.17343e-05
1.07817e-05
1.00689e-05
9.52611e-06
8.96695e-06
8.20335e-06
7.23157e-06
6.30001e-06
5.74562e-06
5.64685e-06
5.76511e-06
5.88834e-06
5.95811e-06
5.98724e-06
2.59757e-05
2.59474e-05
2.58243e-05
2.55485e-05
2.51091e-05
2.45151e-05
2.37769e-05
2.29053e-05
2.19117e-05
2.08084e-05
1.96092e-05
1.83304e-05
1.69922e-05
1.56219e-05
1.42577e-05
1.29541e-05
1.1782e-05
1.08154e-05
1.00899e-05
9.54096e-06
8.98465e-06
8.22871e-06
7.26059e-06
6.32237e-06
5.754e-06
5.64524e-06
5.76141e-06
5.88589e-06
5.95701e-06
5.98686e-06
2.59822e-05
2.59548e-05
2.58341e-05
2.55612e-05
2.51247e-05
2.45335e-05
2.3798e-05
2.29288e-05
2.19375e-05
2.08362e-05
1.96389e-05
1.83616e-05
1.70247e-05
1.5655e-05
1.42906e-05
1.29857e-05
1.1811e-05
1.08409e-05
1.01128e-05
9.56524e-06
9.01613e-06
8.2696e-06
7.30465e-06
6.35636e-06
5.76799e-06
5.64417e-06
5.75646e-06
5.88235e-06
5.95533e-06
5.98625e-06
2.57344e-05
2.57041e-05
2.55765e-05
2.52953e-05
2.48516e-05
2.42545e-05
2.35146e-05
2.26427e-05
2.16503e-05
2.05499e-05
1.93555e-05
1.80839e-05
1.67562e-05
1.54004e-05
1.40562e-05
1.27788e-05
1.16384e-05
1.07035e-05
9.99841e-06
9.4447e-06
8.85517e-06
8.05862e-06
7.07982e-06
6.18671e-06
5.69989e-06
5.64864e-06
5.77877e-06
5.89814e-06
5.96272e-06
5.9889e-06
2.42398e-05
2.4206e-05
2.40732e-05
2.37927e-05
2.33591e-05
2.27819e-05
2.20715e-05
2.12386e-05
2.02948e-05
1.92533e-05
1.81291e-05
1.6941e-05
1.57131e-05
1.44776e-05
1.32776e-05
1.21671e-05
1.12041e-05
1.04281e-05
9.82292e-06
9.28269e-06
8.64097e-06
7.79426e-06
6.83045e-06
6.0271e-06
5.64583e-06
5.6483e-06
5.78679e-06
5.90214e-06
5.96369e-06
5.98892e-06
2.45727e-05
2.45425e-05
2.44178e-05
2.41465e-05
2.37211e-05
2.31505e-05
2.2445e-05
2.16153e-05
2.06727e-05
1.96299e-05
1.85015e-05
1.73055e-05
1.60648e-05
1.48104e-05
1.35837e-05
1.24386e-05
1.14351e-05
1.06212e-05
9.99705e-06
9.47589e-06
8.89194e-06
8.10432e-06
7.14137e-06
6.24488e-06
5.72058e-06
5.63117e-06
5.75117e-06
5.87807e-06
5.95238e-06
5.98476e-06
2.46105e-05
2.4582e-05
2.44613e-05
2.4195e-05
2.37742e-05
2.32078e-05
2.2506e-05
2.16793e-05
2.07392e-05
1.96982e-05
1.85709e-05
1.73748e-05
1.61326e-05
1.48747e-05
1.36422e-05
1.24883e-05
1.14735e-05
1.06478e-05
1.00147e-05
9.49126e-06
8.9125e-06
8.1327e-06
7.17242e-06
6.26824e-06
5.72934e-06
5.62951e-06
5.74716e-06
5.87531e-06
5.95108e-06
5.98428e-06
2.45915e-05
2.45642e-05
2.44466e-05
2.41842e-05
2.37671e-05
2.32043e-05
2.25059e-05
2.16825e-05
2.07454e-05
1.97072e-05
1.85824e-05
1.73886e-05
1.61485e-05
1.48923e-05
1.36612e-05
1.25084e-05
1.14946e-05
1.06697e-05
1.00377e-05
9.51734e-06
8.94455e-06
8.17126e-06
7.2119e-06
6.29777e-06
5.74108e-06
5.62805e-06
5.74228e-06
5.87177e-06
5.94934e-06
5.98362e-06
2.42786e-05
2.42483e-05
2.41234e-05
2.38527e-05
2.3429e-05
2.28614e-05
2.21603e-05
2.13365e-05
2.04014e-05
1.93681e-05
1.82517e-05
1.70707e-05
1.58488e-05
1.46174e-05
1.34182e-05
1.23033e-05
1.13289e-05
1.0536e-05
9.91515e-06
9.37249e-06
8.7464e-06
7.91885e-06
6.95084e-06
6.1044e-06
5.66343e-06
5.63252e-06
5.76807e-06
5.89076e-06
5.95861e-06
5.98712e-06
2.18794e-05
2.18449e-05
2.17163e-05
2.1453e-05
2.1053e-05
2.05255e-05
1.98811e-05
1.91311e-05
1.82882e-05
1.73672e-05
1.63858e-05
1.53658e-05
1.43339e-05
1.33222e-05
1.23678e-05
1.15077e-05
1.07693e-05
1.01534e-05
9.61274e-06
9.04533e-06
8.33857e-06
7.46549e-06
6.55842e-06
5.87396e-06
5.59724e-06
5.64174e-06
5.78514e-06
5.89897e-06
5.96083e-06
5.9873e-06
2.22529e-05
2.22222e-05
2.21015e-05
2.18467e-05
2.14534e-05
2.09307e-05
2.02889e-05
1.9539e-05
1.86935e-05
1.77669e-05
1.67763e-05
1.57431e-05
1.46935e-05
1.36598e-05
1.26792e-05
1.17902e-05
1.10241e-05
1.03893e-05
9.85116e-06
9.3188e-06
8.67011e-06
7.83676e-06
6.89728e-06
6.08695e-06
5.65359e-06
5.60922e-06
5.7395e-06
5.86893e-06
5.94636e-06
5.98172e-06
2.23077e-05
2.22782e-05
2.216e-05
2.1908e-05
2.15172e-05
2.09965e-05
2.03561e-05
1.9607e-05
1.87616e-05
1.78341e-05
1.68415e-05
1.5805e-05
1.47507e-05
1.37104e-05
1.27215e-05
1.18232e-05
1.10475e-05
1.0405e-05
9.86315e-06
9.33281e-06
8.69064e-06
7.86379e-06
6.92513e-06
6.10694e-06
5.66096e-06
5.60802e-06
5.73623e-06
5.86656e-06
5.94517e-06
5.98125e-06
2.23827e-05
2.23532e-05
2.22353e-05
2.19834e-05
2.15925e-05
2.10713e-05
2.04302e-05
1.968e-05
1.8833e-05
1.79034e-05
1.6908e-05
1.58678e-05
1.48087e-05
1.37625e-05
1.27667e-05
1.18606e-05
1.10773e-05
1.04284e-05
9.88351e-06
9.35469e-06
8.71807e-06
7.89666e-06
6.95749e-06
6.12951e-06
5.66871e-06
5.60587e-06
5.73189e-06
5.86349e-06
5.94364e-06
5.98065e-06
2.23669e-05
2.2339e-05
2.22247e-05
2.19774e-05
2.15909e-05
2.10739e-05
2.04368e-05
1.96904e-05
1.88468e-05
1.79203e-05
1.69277e-05
1.58898e-05
1.48325e-05
1.37874e-05
1.2792e-05
1.18857e-05
1.11018e-05
1.04526e-05
9.9088e-06
9.38382e-06
8.75362e-06
7.93774e-06
6.99736e-06
6.1575e-06
5.67855e-06
5.60321e-06
5.72627e-06
5.85943e-06
5.94158e-06
5.97982e-06
2.20923e-05
2.20622e-05
2.19429e-05
2.16905e-05
2.13007e-05
2.07825e-05
2.01463e-05
1.94033e-05
1.85659e-05
1.76488e-05
1.66692e-05
1.56485e-05
1.46127e-05
1.35935e-05
1.26271e-05
1.17506e-05
1.0993e-05
1.03604e-05
9.81659e-06
9.27033e-06
8.60339e-06
7.75647e-06
6.8188e-06
6.03093e-06
5.63072e-06
5.60909e-06
5.74588e-06
5.87406e-06
5.94905e-06
5.98282e-06
1.92823e-05
1.92481e-05
1.91302e-05
1.88993e-05
1.85567e-05
1.8112e-05
1.75759e-05
1.69602e-05
1.6278e-05
1.5544e-05
1.47746e-05
1.3988e-05
1.32039e-05
1.24424e-05
1.17228e-05
1.10595e-05
1.04559e-05
9.8947e-06
9.3282e-06
8.68592e-06
7.91755e-06
7.05589e-06
6.2496e-06
5.70948e-06
5.53951e-06
5.62351e-06
5.77343e-06
5.88909e-06
5.95416e-06
5.98384e-06
1.94967e-05
1.94658e-05
1.93542e-05
1.91301e-05
1.87934e-05
1.83534e-05
1.78209e-05
1.72074e-05
1.65261e-05
1.57915e-05
1.502e-05
1.42296e-05
1.34401e-05
1.2672e-05
1.19453e-05
1.1276e-05
1.06706e-05
1.01175e-05
9.57562e-06
8.97479e-06
8.24826e-06
7.39538e-06
6.53107e-06
5.86582e-06
5.56665e-06
5.58551e-06
5.72898e-06
5.85956e-06
5.93918e-06
5.9776e-06
1.95411e-05
1.9511e-05
1.94011e-05
1.91785e-05
1.88428e-05
1.84032e-05
1.78705e-05
1.72562e-05
1.65735e-05
1.58368e-05
1.50625e-05
1.42687e-05
1.34753e-05
1.2703e-05
1.19719e-05
1.12982e-05
1.06892e-05
1.01339e-05
9.59215e-06
8.99432e-06
8.27219e-06
7.42184e-06
6.5547e-06
5.88038e-06
5.57041e-06
5.58309e-06
5.72553e-06
5.85717e-06
5.93795e-06
5.97709e-06
1.95537e-05
1.95244e-05
1.94163e-05
1.91957e-05
1.88619e-05
1.8424e-05
1.78926e-05
1.72795e-05
1.65976e-05
1.58614e-05
1.50872e-05
1.42933e-05
1.34995e-05
1.27264e-05
1.19944e-05
1.132e-05
1.07106e-05
1.0156e-05
9.61711e-06
9.02447e-06
8.30837e-06
7.46111e-06
6.58979e-06
5.90252e-06
5.57666e-06
5.57973e-06
5.72022e-06
5.85332e-06
5.9359e-06
5.9762e-06
1.95546e-05
1.95236e-05
1.9412e-05
1.91883e-05
1.88524e-05
1.84137e-05
1.78823e-05
1.72695e-05
1.65881e-05
1.5852e-05
1.50769e-05
1.42804e-05
1.34815e-05
1.27005e-05
1.19569e-05
1.12668e-05
1.06377e-05
1.00591e-05
9.49178e-06
8.86816e-06
8.12587e-06
7.27122e-06
6.42621e-06
5.80102e-06
5.5454e-06
5.58949e-06
5.73887e-06
5.86703e-06
5.94318e-06
5.97932e-06
1.76453e-05
1.76058e-05
1.74896e-05
1.72799e-05
1.69798e-05
1.65971e-05
1.61407e-05
1.56201e-05
1.50457e-05
1.44291e-05
1.37829e-05
1.31205e-05
1.2456e-05
1.18035e-05
1.11744e-05
1.0574e-05
9.99553e-06
9.41398e-06
8.78847e-06
8.08249e-06
7.2999e-06
6.51693e-06
5.88008e-06
5.53327e-06
5.48966e-06
5.61554e-06
5.76845e-06
5.88183e-06
5.94768e-06
5.97978e-06
1.80909e-05
1.8055e-05
1.79441e-05
1.77385e-05
1.74407e-05
1.70582e-05
1.65996e-05
1.60742e-05
1.54921e-05
1.48643e-05
1.42028e-05
1.35209e-05
1.28324e-05
1.21516e-05
1.14915e-05
1.08611e-05
1.026e-05
9.67128e-06
9.0585e-06
8.37806e-06
7.61188e-06
6.80634e-06
6.0882e-06
5.62031e-06
5.47712e-06
5.56329e-06
5.71956e-06
5.84992e-06
5.9308e-06
5.9722e-06
1.81047e-05
1.80695e-05
1.79595e-05
1.77549e-05
1.74577e-05
1.70758e-05
1.66176e-05
1.60924e-05
1.55103e-05
1.48824e-05
1.42207e-05
1.35384e-05
1.28494e-05
1.2168e-05
1.15075e-05
1.08768e-05
1.02761e-05
9.68895e-06
9.07904e-06
8.40216e-06
7.63851e-06
6.83221e-06
6.10841e-06
5.63094e-06
5.47886e-06
5.56067e-06
5.71641e-06
5.84771e-06
5.9296e-06
5.97165e-06
1.81197e-05
1.8085e-05
1.79761e-05
1.77726e-05
1.74766e-05
1.70958e-05
1.66387e-05
1.61147e-05
1.55337e-05
1.4907e-05
1.42465e-05
1.35654e-05
1.28776e-05
1.21973e-05
1.15375e-05
1.09073e-05
1.03069e-05
9.72007e-06
9.11131e-06
8.43628e-06
7.67375e-06
6.86521e-06
6.13344e-06
5.64313e-06
5.4792e-06
5.5554e-06
5.71085e-06
5.84389e-06
5.9275e-06
5.97069e-06
1.80493e-05
1.80119e-05
1.78989e-05
1.76919e-05
1.73933e-05
1.70107e-05
1.65527e-05
1.60285e-05
1.5448e-05
1.48222e-05
1.41629e-05
1.3483e-05
1.27959e-05
1.21152e-05
1.14531e-05
1.08171e-05
1.02051e-05
9.59905e-06
8.96308e-06
8.25829e-06
7.47568e-06
6.67264e-06
5.98336e-06
5.56459e-06
5.46665e-06
5.5752e-06
5.7347e-06
5.86077e-06
5.93682e-06
5.97499e-06
1.64245e-05
1.63608e-05
1.62236e-05
1.60101e-05
1.57232e-05
1.53684e-05
1.49522e-05
1.44823e-05
1.3967e-05
1.34153e-05
1.28371e-05
1.22425e-05
1.16415e-05
1.10425e-05
1.04501e-05
9.86157e-06
9.26459e-06
8.63916e-06
7.96846e-06
7.25755e-06
6.55254e-06
5.94613e-06
5.54861e-06
5.41298e-06
5.48008e-06
5.63119e-06
5.77662e-06
5.88095e-06
5.94345e-06
5.976e-06
1.69305e-05
1.6873e-05
1.67427e-05
1.65342e-05
1.62498e-05
1.58952e-05
1.54768e-05
1.50022e-05
1.44796e-05
1.3918e-05
1.33268e-05
1.27163e-05
1.20967e-05
1.14775e-05
1.08653e-05
1.0261e-05
9.65642e-06
9.03349e-06
8.37042e-06
7.65801e-06
6.92095e-06
6.23316e-06
5.70839e-06
5.44227e-06
5.42837e-06
5.558e-06
5.71583e-06
5.84127e-06
5.92143e-06
5.9653e-06
1.69647e-05
1.69077e-05
1.6778e-05
1.65698e-05
1.62855e-05
1.59306e-05
1.55116e-05
1.50361e-05
1.45122e-05
1.39487e-05
1.33554e-05
1.27423e-05
1.21199e-05
1.14978e-05
1.0883e-05
1.02768e-05
9.67147e-06
9.04906e-06
8.38747e-06
7.67649e-06
6.93946e-06
6.24909e-06
5.71889e-06
5.44627e-06
5.42767e-06
5.55551e-06
5.71349e-06
5.83969e-06
5.92055e-06
5.96488e-06
1.69946e-05
1.69381e-05
1.6809e-05
1.66013e-05
1.63173e-05
1.59626e-05
1.55437e-05
1.50682e-05
1.4544e-05
1.398e-05
1.33859e-05
1.27717e-05
1.21478e-05
1.15239e-05
1.09072e-05
1.02994e-05
9.69315e-06
9.07068e-06
8.40977e-06
7.69943e-06
6.96164e-06
6.2677e-06
5.73076e-06
5.45016e-06
5.42579e-06
5.55153e-06
5.70985e-06
5.83721e-06
5.91913e-06
5.96418e-06
1.70189e-05
1.69631e-05
1.68348e-05
1.6628e-05
1.63447e-05
1.59907e-05
1.55724e-05
1.50974e-05
1.45738e-05
1.40104e-05
1.34168e-05
1.28031e-05
1.21797e-05
1.15563e-05
1.094e-05
1.03329e-05
9.72764e-06
9.10673e-06
8.44759e-06
7.73817e-06
6.99872e-06
6.29866e-06
5.75067e-06
5.45703e-06
5.42308e-06
5.54514e-06
5.70386e-06
5.83305e-06
5.91673e-06
5.96297e-06
1.69251e-05
1.68652e-05
1.67317e-05
1.652e-05
1.62325e-05
1.58744e-05
1.54525e-05
1.49741e-05
1.44473e-05
1.3881e-05
1.3285e-05
1.26694e-05
1.20447e-05
1.14203e-05
1.08029e-05
1.01932e-05
9.58251e-06
8.95256e-06
8.28264e-06
7.56638e-06
6.83284e-06
6.16011e-06
5.66215e-06
5.42638e-06
5.43374e-06
5.57108e-06
5.72792e-06
5.84952e-06
5.92612e-06
5.96762e-06
1.56103e-05
1.55393e-05
1.53994e-05
1.51933e-05
1.49247e-05
1.45982e-05
1.42193e-05
1.37941e-05
1.33291e-05
1.28311e-05
1.23074e-05
1.17649e-05
1.12094e-05
1.06447e-05
1.00708e-05
9.48285e-06
8.87147e-06
8.2279e-06
7.55329e-06
6.87102e-06
6.23624e-06
5.73226e-06
5.43796e-06
5.37035e-06
5.4624e-06
5.61542e-06
5.75904e-06
5.86478e-06
5.93137e-06
5.96842e-06
1.60554e-05
1.59853e-05
1.58456e-05
1.56381e-05
1.53661e-05
1.50339e-05
1.46472e-05
1.42118e-05
1.37346e-05
1.32227e-05
1.26837e-05
1.21252e-05
1.15542e-05
1.09762e-05
1.03932e-05
9.80206e-06
9.19414e-06
8.55783e-06
7.88684e-06
7.19259e-06
6.51669e-06
5.93488e-06
5.53762e-06
5.37634e-06
5.41479e-06
5.55502e-06
5.70855e-06
5.83047e-06
5.91116e-06
5.95784e-06
1.60726e-05
1.60028e-05
1.58636e-05
1.56565e-05
1.53847e-05
1.50529e-05
1.46663e-05
1.42311e-05
1.3754e-05
1.32421e-05
1.27031e-05
1.21445e-05
1.15735e-05
1.09954e-05
1.04126e-05
9.82195e-06
9.21484e-06
8.57956e-06
7.90933e-06
7.2148e-06
6.53666e-06
5.95011e-06
5.54613e-06
5.37834e-06
5.41274e-06
5.55171e-06
5.70564e-06
5.82849e-06
5.91e-06
5.95725e-06
1.59764e-05
1.5908e-05
1.57713e-05
1.55676e-05
1.52999e-05
1.49726e-05
1.45912e-05
1.41617e-05
1.36908e-05
1.31856e-05
1.26538e-05
1.21028e-05
1.15397e-05
1.09699e-05
1.03951e-05
9.81219e-06
9.21212e-06
8.58285e-06
7.91733e-06
7.22591e-06
6.54898e-06
5.96139e-06
5.55423e-06
5.38226e-06
5.41323e-06
5.55044e-06
5.70398e-06
5.8271e-06
5.90907e-06
5.95671e-06
1.59448e-05
1.58735e-05
1.5732e-05
1.55226e-05
1.52489e-05
1.49156e-05
1.45281e-05
1.40927e-05
1.36161e-05
1.31054e-05
1.25682e-05
1.20121e-05
1.1444e-05
1.0869e-05
1.02888e-05
9.69988e-06
9.09314e-06
8.45747e-06
7.78812e-06
7.09929e-06
6.43602e-06
5.87625e-06
5.50795e-06
5.37367e-06
5.42818e-06
5.5726e-06
5.72347e-06
5.84072e-06
5.91724e-06
5.96105e-06
0
0
0
0
0
0
0
0
0
0
0
0
0
0
0
0
0
0
0
0
0
0
0
0
0
0
0
0
0
0
0
0
0
0
0
0
0
0
0
0
0
0
0
0
0
0
0
0
0
0
0
0
0
0
0
0
0
0
0
0
0
0
0
0
0
0
0
0
0
0
0
0
0
0
0
0
0
0
0
0
0
0
0
0
0
0
0
0
0
0
0
0
0
0
0
0
0
0
0
0
0
0
0
0
0
0
0
0
0
0
0
0
0
0
0
0
0
0
0
0
0
0
0
0
0
0
0
0
0
0
0
0
0
0
0
0
0
0
0
0
0
0
0
0
0
0
0
0
0
0
0
0
0
0
0
0
0
0
0
0
0
0
0
0
0
0
0
0
0
0
0
0
0
0
0
0
0
0
0
0
0
0
0
0
0
0
0
0
0
0
0
0
0
0
0
0
0
0
0
0
0
0
0
0
0
0
0
0
0
0
0
0
0
0
0
0
0
0
0
0
0
0
0
0
0
0
0
0
0
0
0
0
0
0
0
0
0
0
0
0
0
0
0
0
0
0
0
0
0
0
0
0
0
0
0
0
0
0
0
0
0
0
0
0
0
0
0
0
0
0
0
0
0
0
0
0
0
0
0
0
0
0
0
0
0
0
0
0
0
0
0
0
0
0
0
0
0
0
0
0
0
0
0
0
0
0
0
0
0
0
0
0
0
0
0
0
0
0
0
0
0
0
0
0
0
0
0
0
0
0
0
0
0
0
0
0
0
0
0
0
0
0
0
0
0
0
0
0
0
0
0
0
0
0
0
0
0
0
0
0
0
0
0
0
0
0
0
0
0
0
0
0
0
0
0
0
0
0
0
0
0
0
0
0
0
0
0
0
0
0
0
0
0
0
0
0
0
0
0
0
0
0
0
0
0
0
0
0
0
0
0
0
0
0
0
0
0
0
0
0
0
0
0
0
0
0
0
0
0
0
0
0
0
0
0
0
0
0
0
0
0
0
0
0
0
0
0
0
0
0
0
0
0
0
0
0
0
0
0
0
0
0
0
0
0
0
0
0
0
0
0
0
0
0
0
0
0
0
0
0
0
0
0
0
0
0
0
0
0
0
0
0
0
0
0
0
0
0
0
0
0
0
0
0
0
0
0
0
0
0
0
0
0
0
0
0
0
0
0
0
0
0
0
0
0
0
0
0
0
0
0
0
0
0
0
0
0
0
0
0
0
0
0
0
0
0
0
0
0
0
0
0
0
0
0
0
0
0
0
0
0
0
0
0
0
0
0
0
0
0
0
0
0
0
0
0
0
0
0
0
0
0
0
0
0
0
0
0
0
0
0
0
0
0
0
0
0
0
0
0
0
0
0
0
0
0
0
0
0
0
0
0
0
0
0
0
0
0
0
0
0
0
0
0
0
0
0
0
0
0
0
0
0
0
0
0
0
0
0
0
0
0
0
0
0
0
0
0
0
0
0
0
0
0
0
0
0
0
0
0
0
0
0
0
0
0
0
0
0
0
0
0
0
0
0
0
0
0
0
0
0
0
0
0
0
0
0
0
0
0
0
0
0
0
0
0
0
0
0
0
0
0
0
0
0
0
0
0
0
0
0
0
0
0
0
0
0
0
0
0
0
0
0
0
0
0
0
0
0
0
0
0
0
0
0
0
0
0
0
0
0
0
0
0
0
0
0
0
0
0
0
0
0
0
0
0
0
0
0
0
0
0
0
0
0
0
0
0
0
0
0
0
0
0
0
0
0
0
0
0
0
0
0
0
0
0
0
0
0
0
0
0
0
0
0
0
0
0
0
0
0
0
0
0
0
0
0
0
0
0
0
0
0
0
0
0
0
0
0
0
0
0
0
0
0
0
0
0
0
0
0
0
0
0
0
0
0
0
0
0
0
0
0
0
0
0
0
0
0
0
0
0
0
0
0
0
0
0
0
0
0
0
0
0
0
0
0
0
0
0
0
0
0
0
0
0
0
0
0
0
0
0
0
0
0
0
0
0
0
0
0
0
0
0
0
0
0
0
0
0
0
0
0
0
0
0
0
0
0
0
0
0
0
0
0
0
0
0
0
0
0
0
0
0
0
0
0
0
0
0
0
0
0
0
0
0
0
0
0
0
0
0
0
0
0
0
0
0
0
0
0
0
0
0
0
0
0
0
0
0
0
0
0
0
0
0
0
0
0
0
0
0
0
0
0
0
0
0
0
0
0
0
0
0
0
0
0
0
0
0
0
0
0
0
0
0
0
0
0
0
0
0
0
0
0
0
0
0
0
0
0
0
0
0
0
0
0
0
0
0
0
0
0
0
0
0
0
0
0
0
0
0
0
0
0
0
0
0
0
0
0
0
0
0
0
0
0
0
0
0
0
0
0
0
0
0
0
0
0
0
0
0
0
0
0
0
0
0
0
0
0
0
0
0
0
0
0
0
0
0
0
0
0
0
0
0
0
0
0
0
0
0
0
0
0
0
0
0
0
0
0
0
0
0
0
0
0
0
0
0
0
0
0
0
0
0
0
0
0
0
0
0
0
0
0
0
0
0
0
0
0
0
0
0
0
0
0
0
0
0
0
0
0
0
0
0
0
0
0
0
0
0
0
0
0
0
0
0
0
0
0
0
0
0
0
0
0
0
0
0
0
0
0
0
0
0
0
0
0
0
0
0
0
0
0
0
0
0
0
0
0
0
0
0
0
0
0
0
0
0
0
0
0
0
0
0
0
0
0
0
0
0
0
0
0
0
0
0
0
0
0
0
0
0
0
0
0
0
0
0
0
0
0
0
0
0
0
0
0
0
0
0
0
0
0
0
0
0
0
0
0
0
0
0
0
0
0
0
0
0
0
0
0
0
0
0
0
0
0
0
0
0
0
0
0
0
0
0
0
0
0
0
0
0
0
0
0
0
0
0
0
0
0
0
0
0
0
0
0
0
0
0
0
0
0
0
0
0
0
0
0
0
0
0
0
0
0
0
0
0
0
0
0
0
0
0
0
0
0
0
0
0
0
0
0
0
0
0
0
0
0
0
0
0
0
0
0
0
0
0
0
0
0
0
0
0
0
0
0
0
0
0
0
0
0
0
0
0
0
0
0
0
0
0
0
0
0
0
0
0
0
0
0
0
0
0
0
0
0
0
0
0
0
0
0
0
0
0
0
0
0
0
0
0
0
0
0
0
0
0
0
0
0
0
0
0
0
0
0
0
)
;

boundaryField
{
    fuelBottom
    {
        type            empty;
    }
    fuelTop_1
    {
        type            empty;
    }
    fuelOuter
    {
        type            zeroGradient;
    }
    fuelTop
    {
        type            empty;
    }
    fuelInner
    {
        type            zeroGradient;
    }
    cladBottom
    {
        type            empty;
    }
    cladInner
    {
        type            zeroGradient;
    }
    cladOuter
    {
        type            zeroGradient;
    }
    cladTop
    {
        type            empty;
    }
    front
    {
        type            wedge;
    }
    back
    {
        type            wedge;
    }
}


// ************************************************************************* //
