/*--------------------------------*- C++ -*----------------------------------*\
| =========                 |                                                 |
| \\      /  F ield         | OpenFOAM: The Open Source CFD Toolbox           |
|  \\    /   O peration     | Version:  2412                                  |
|   \\  /    A nd           | Website:  www.openfoam.com                      |
|    \\/     M anipulation  |                                                 |
\*---------------------------------------------------------------------------*/
FoamFile
{
    version     2.0;
    format      ascii;
    arch        "LSB;label=32;scalar=64";
    class       volScalarField;
    location    "51801860.86068268/fuelBehaviourRegion";
    object      mu;
}
// * * * * * * * * * * * * * * * * * * * * * * * * * * * * * * * * * * * * * //

dimensions      [1 -1 -2 0 0 0 0];

internalField   nonuniform List<scalar> 
4720
(
6.69673e+10
6.69688e+10
6.69721e+10
6.69772e+10
6.69839e+10
6.69924e+10
6.70026e+10
6.70144e+10
6.7028e+10
6.70432e+10
6.70601e+10
6.70786e+10
6.70988e+10
6.71206e+10
6.71441e+10
6.71692e+10
6.71959e+10
6.72242e+10
6.7254e+10
6.72855e+10
6.73184e+10
6.7353e+10
6.7389e+10
6.74265e+10
6.74655e+10
6.7506e+10
6.75479e+10
6.75912e+10
6.7636e+10
6.76821e+10
6.69635e+10
6.6965e+10
6.69684e+10
6.69734e+10
6.69802e+10
6.69887e+10
6.69989e+10
6.70107e+10
6.70243e+10
6.70395e+10
6.70564e+10
6.7075e+10
6.70952e+10
6.7117e+10
6.71405e+10
6.71656e+10
6.71923e+10
6.72206e+10
6.72505e+10
6.7282e+10
6.7315e+10
6.73495e+10
6.73856e+10
6.74232e+10
6.74622e+10
6.75027e+10
6.75447e+10
6.7588e+10
6.76328e+10
6.7679e+10
6.69514e+10
6.69529e+10
6.69562e+10
6.69613e+10
6.6968e+10
6.69765e+10
6.69867e+10
6.69986e+10
6.70121e+10
6.70273e+10
6.70442e+10
6.70628e+10
6.7083e+10
6.71048e+10
6.71283e+10
6.71534e+10
6.71801e+10
6.72084e+10
6.72383e+10
6.72697e+10
6.73027e+10
6.73372e+10
6.73733e+10
6.74108e+10
6.74499e+10
6.74903e+10
6.75323e+10
6.75756e+10
6.76204e+10
6.76665e+10
6.69459e+10
6.69475e+10
6.69508e+10
6.69559e+10
6.69626e+10
6.69711e+10
6.69813e+10
6.69932e+10
6.70067e+10
6.7022e+10
6.70389e+10
6.70575e+10
6.70777e+10
6.70995e+10
6.7123e+10
6.71482e+10
6.71749e+10
6.72032e+10
6.72331e+10
6.72646e+10
6.72976e+10
6.73322e+10
6.73683e+10
6.74058e+10
6.74449e+10
6.74854e+10
6.75274e+10
6.75708e+10
6.76156e+10
6.76618e+10
6.6943e+10
6.69445e+10
6.69478e+10
6.69529e+10
6.69597e+10
6.69682e+10
6.69784e+10
6.69902e+10
6.70038e+10
6.7019e+10
6.7036e+10
6.70545e+10
6.70748e+10
6.70966e+10
6.71202e+10
6.71453e+10
6.7172e+10
6.72004e+10
6.72303e+10
6.72618e+10
6.72948e+10
6.73294e+10
6.73655e+10
6.74031e+10
6.74421e+10
6.74827e+10
6.75246e+10
6.7568e+10
6.76129e+10
6.7659e+10
6.69399e+10
6.69414e+10
6.69448e+10
6.695e+10
6.69569e+10
6.69655e+10
6.69758e+10
6.69879e+10
6.70016e+10
6.70171e+10
6.70342e+10
6.70531e+10
6.70736e+10
6.70958e+10
6.71197e+10
6.71451e+10
6.71723e+10
6.7201e+10
6.72313e+10
6.72633e+10
6.72968e+10
6.73318e+10
6.73684e+10
6.74065e+10
6.74461e+10
6.74871e+10
6.75297e+10
6.75736e+10
6.7619e+10
6.76658e+10
6.48492e+10
6.48508e+10
6.48543e+10
6.48597e+10
6.48668e+10
6.48758e+10
6.48866e+10
6.48992e+10
6.49135e+10
6.49296e+10
6.49475e+10
6.49672e+10
6.49886e+10
6.50117e+10
6.50366e+10
6.50631e+10
6.50914e+10
6.51214e+10
6.5153e+10
6.51863e+10
6.52212e+10
6.52577e+10
6.52959e+10
6.53356e+10
6.53769e+10
6.54197e+10
6.54641e+10
6.55099e+10
6.55572e+10
6.5606e+10
6.48058e+10
6.48075e+10
6.4811e+10
6.48164e+10
6.48237e+10
6.48328e+10
6.48436e+10
6.48563e+10
6.48708e+10
6.48871e+10
6.49052e+10
6.4925e+10
6.49467e+10
6.497e+10
6.49951e+10
6.5022e+10
6.50505e+10
6.50808e+10
6.51127e+10
6.51463e+10
6.51815e+10
6.52184e+10
6.52569e+10
6.5297e+10
6.53387e+10
6.53819e+10
6.54266e+10
6.54729e+10
6.55206e+10
6.55698e+10
6.47964e+10
6.4798e+10
6.48016e+10
6.4807e+10
6.48143e+10
6.48234e+10
6.48343e+10
6.48471e+10
6.48616e+10
6.4878e+10
6.48961e+10
6.4916e+10
6.49377e+10
6.49612e+10
6.49864e+10
6.50133e+10
6.5042e+10
6.50723e+10
6.51044e+10
6.51381e+10
6.51735e+10
6.52105e+10
6.52491e+10
6.52893e+10
6.53312e+10
6.53745e+10
6.54194e+10
6.54658e+10
6.55137e+10
6.55631e+10
6.47917e+10
6.47934e+10
6.4797e+10
6.48024e+10
6.48097e+10
6.48188e+10
6.48297e+10
6.48425e+10
6.48571e+10
6.48734e+10
6.48916e+10
6.49115e+10
6.49333e+10
6.49567e+10
6.4982e+10
6.50089e+10
6.50376e+10
6.5068e+10
6.51001e+10
6.51338e+10
6.51692e+10
6.52063e+10
6.5245e+10
6.52853e+10
6.53271e+10
6.53705e+10
6.54155e+10
6.54619e+10
6.55098e+10
6.55592e+10
6.47846e+10
6.47862e+10
6.47898e+10
6.47953e+10
6.48026e+10
6.48117e+10
6.48227e+10
6.48355e+10
6.48501e+10
6.48666e+10
6.48848e+10
6.49048e+10
6.49266e+10
6.49501e+10
6.49754e+10
6.50025e+10
6.50312e+10
6.50617e+10
6.50939e+10
6.51277e+10
6.51632e+10
6.52004e+10
6.52392e+10
6.52796e+10
6.53215e+10
6.5365e+10
6.54101e+10
6.54567e+10
6.55047e+10
6.55542e+10
6.47466e+10
6.47483e+10
6.47521e+10
6.47577e+10
6.47653e+10
6.47748e+10
6.47862e+10
6.47995e+10
6.48146e+10
6.48316e+10
6.48505e+10
6.48713e+10
6.48938e+10
6.49182e+10
6.49445e+10
6.49725e+10
6.50023e+10
6.50338e+10
6.50671e+10
6.51021e+10
6.51389e+10
6.51773e+10
6.52174e+10
6.52591e+10
6.53025e+10
6.53474e+10
6.53939e+10
6.5442e+10
6.54915e+10
6.55426e+10
5.78104e+10
5.78123e+10
5.78164e+10
5.78225e+10
5.78308e+10
5.78411e+10
5.78535e+10
5.7868e+10
5.78845e+10
5.7903e+10
5.79236e+10
5.79461e+10
5.79707e+10
5.79973e+10
5.80258e+10
5.80563e+10
5.80887e+10
5.8123e+10
5.81593e+10
5.81974e+10
5.82374e+10
5.82792e+10
5.83228e+10
5.83682e+10
5.84153e+10
5.84642e+10
5.85148e+10
5.85671e+10
5.8621e+10
5.86766e+10
5.7732e+10
5.77339e+10
5.77381e+10
5.77445e+10
5.7753e+10
5.77636e+10
5.77764e+10
5.77912e+10
5.78082e+10
5.78273e+10
5.78485e+10
5.78717e+10
5.7897e+10
5.79243e+10
5.79536e+10
5.7985e+10
5.80183e+10
5.80536e+10
5.80908e+10
5.81299e+10
5.8171e+10
5.82139e+10
5.82587e+10
5.83052e+10
5.83536e+10
5.84037e+10
5.84556e+10
5.85091e+10
5.85644e+10
5.86212e+10
5.7718e+10
5.772e+10
5.77242e+10
5.77306e+10
5.77391e+10
5.77498e+10
5.77627e+10
5.77776e+10
5.77947e+10
5.78139e+10
5.78352e+10
5.78586e+10
5.7884e+10
5.79115e+10
5.7941e+10
5.79725e+10
5.8006e+10
5.80415e+10
5.80789e+10
5.81183e+10
5.81596e+10
5.82027e+10
5.82477e+10
5.82946e+10
5.83432e+10
5.83936e+10
5.84457e+10
5.84995e+10
5.85551e+10
5.86122e+10
5.77122e+10
5.77141e+10
5.77183e+10
5.77247e+10
5.77333e+10
5.7744e+10
5.77569e+10
5.77719e+10
5.7789e+10
5.78082e+10
5.78295e+10
5.78529e+10
5.78784e+10
5.79059e+10
5.79354e+10
5.7967e+10
5.80006e+10
5.80361e+10
5.80736e+10
5.8113e+10
5.81544e+10
5.81976e+10
5.82426e+10
5.82895e+10
5.83382e+10
5.83887e+10
5.84409e+10
5.84948e+10
5.85504e+10
5.86076e+10
5.77027e+10
5.77047e+10
5.77089e+10
5.77153e+10
5.77239e+10
5.77347e+10
5.77476e+10
5.77626e+10
5.77798e+10
5.77991e+10
5.78205e+10
5.7844e+10
5.78696e+10
5.78972e+10
5.79269e+10
5.79586e+10
5.79922e+10
5.80279e+10
5.80655e+10
5.81051e+10
5.81466e+10
5.81899e+10
5.82351e+10
5.82822e+10
5.8331e+10
5.83816e+10
5.8434e+10
5.8488e+10
5.85438e+10
5.86011e+10
5.76501e+10
5.76521e+10
5.76565e+10
5.76633e+10
5.76723e+10
5.76835e+10
5.7697e+10
5.77128e+10
5.77307e+10
5.77509e+10
5.77733e+10
5.77978e+10
5.78245e+10
5.78534e+10
5.78843e+10
5.79174e+10
5.79526e+10
5.79897e+10
5.8029e+10
5.80702e+10
5.81134e+10
5.81585e+10
5.82056e+10
5.82545e+10
5.83053e+10
5.83579e+10
5.84123e+10
5.84684e+10
5.85262e+10
5.85857e+10
4.67654e+10
4.67675e+10
4.67722e+10
4.67794e+10
4.67889e+10
4.68009e+10
4.68153e+10
4.6832e+10
4.68511e+10
4.68725e+10
4.68962e+10
4.69223e+10
4.69507e+10
4.69813e+10
4.70142e+10
4.70492e+10
4.70865e+10
4.7126e+10
4.71675e+10
4.72112e+10
4.7257e+10
4.73048e+10
4.73545e+10
4.74063e+10
4.746e+10
4.75156e+10
4.7573e+10
4.76323e+10
4.76933e+10
4.77561e+10
4.66725e+10
4.66747e+10
4.66796e+10
4.6687e+10
4.66969e+10
4.67093e+10
4.67242e+10
4.67415e+10
4.67613e+10
4.67835e+10
4.68081e+10
4.68351e+10
4.68644e+10
4.68961e+10
4.69302e+10
4.69665e+10
4.7005e+10
4.70458e+10
4.70888e+10
4.71339e+10
4.71812e+10
4.72305e+10
4.72819e+10
4.73353e+10
4.73906e+10
4.74479e+10
4.75071e+10
4.75681e+10
4.76309e+10
4.76955e+10
4.6658e+10
4.66602e+10
4.66652e+10
4.66726e+10
4.66826e+10
4.66951e+10
4.671e+10
4.67275e+10
4.67474e+10
4.67697e+10
4.67945e+10
4.68217e+10
4.68512e+10
4.68831e+10
4.69173e+10
4.69538e+10
4.69926e+10
4.70337e+10
4.70769e+10
4.71223e+10
4.71698e+10
4.72195e+10
4.72712e+10
4.73249e+10
4.73806e+10
4.74382e+10
4.74977e+10
4.7559e+10
4.76221e+10
4.7687e+10
4.66528e+10
4.66551e+10
4.666e+10
4.66674e+10
4.66774e+10
4.66899e+10
4.67049e+10
4.67224e+10
4.67423e+10
4.67647e+10
4.67895e+10
4.68167e+10
4.68462e+10
4.68782e+10
4.69124e+10
4.6949e+10
4.69878e+10
4.70289e+10
4.70722e+10
4.71177e+10
4.71652e+10
4.72149e+10
4.72667e+10
4.73204e+10
4.73762e+10
4.74338e+10
4.74934e+10
4.75548e+10
4.7618e+10
4.7683e+10
4.66478e+10
4.665e+10
4.6655e+10
4.66624e+10
4.66725e+10
4.6685e+10
4.67e+10
4.67175e+10
4.67375e+10
4.67599e+10
4.67847e+10
4.6812e+10
4.68416e+10
4.68736e+10
4.6908e+10
4.69446e+10
4.69835e+10
4.70247e+10
4.70681e+10
4.71136e+10
4.71613e+10
4.7211e+10
4.72629e+10
4.73167e+10
4.73725e+10
4.74303e+10
4.74899e+10
4.75514e+10
4.76146e+10
4.76797e+10
4.66161e+10
4.66184e+10
4.66236e+10
4.66314e+10
4.66418e+10
4.66548e+10
4.66705e+10
4.66887e+10
4.67095e+10
4.67328e+10
4.67587e+10
4.6787e+10
4.68178e+10
4.68511e+10
4.68868e+10
4.69248e+10
4.69652e+10
4.70079e+10
4.70529e+10
4.71001e+10
4.71496e+10
4.72011e+10
4.72548e+10
4.73105e+10
4.73683e+10
4.7428e+10
4.74896e+10
4.75531e+10
4.76184e+10
4.76855e+10
3.58263e+10
3.58286e+10
3.58338e+10
3.58416e+10
3.58521e+10
3.58653e+10
3.5881e+10
3.58993e+10
3.59202e+10
3.59437e+10
3.59697e+10
3.59982e+10
3.60292e+10
3.60626e+10
3.60984e+10
3.61366e+10
3.61772e+10
3.622e+10
3.62652e+10
3.63125e+10
3.6362e+10
3.64137e+10
3.64674e+10
3.65231e+10
3.65809e+10
3.66405e+10
3.6702e+10
3.67654e+10
3.68305e+10
3.68973e+10
3.57466e+10
3.57491e+10
3.57544e+10
3.57625e+10
3.57734e+10
3.5787e+10
3.58032e+10
3.58222e+10
3.58438e+10
3.5868e+10
3.58949e+10
3.59243e+10
3.59563e+10
3.59908e+10
3.60278e+10
3.60673e+10
3.61091e+10
3.61533e+10
3.61998e+10
3.62486e+10
3.62996e+10
3.63528e+10
3.64081e+10
3.64655e+10
3.65249e+10
3.65862e+10
3.66494e+10
3.67144e+10
3.67813e+10
3.68498e+10
3.57364e+10
3.57389e+10
3.57443e+10
3.57524e+10
3.57633e+10
3.5777e+10
3.57933e+10
3.58124e+10
3.58341e+10
3.58585e+10
3.58855e+10
3.59151e+10
3.59472e+10
3.59819e+10
3.60191e+10
3.60587e+10
3.61008e+10
3.61452e+10
3.6192e+10
3.6241e+10
3.62923e+10
3.63457e+10
3.64013e+10
3.64589e+10
3.65186e+10
3.65802e+10
3.66437e+10
3.6709e+10
3.67761e+10
3.6845e+10
3.57318e+10
3.57342e+10
3.57396e+10
3.57478e+10
3.57587e+10
3.57724e+10
3.57887e+10
3.58078e+10
3.58296e+10
3.5854e+10
3.5881e+10
3.59106e+10
3.59428e+10
3.59775e+10
3.60147e+10
3.60544e+10
3.60965e+10
3.6141e+10
3.61878e+10
3.62368e+10
3.62881e+10
3.63416e+10
3.63972e+10
3.64549e+10
3.65146e+10
3.65763e+10
3.66398e+10
3.67052e+10
3.67724e+10
3.68413e+10
3.57272e+10
3.57296e+10
3.5735e+10
3.57432e+10
3.57541e+10
3.57678e+10
3.57842e+10
3.58033e+10
3.58251e+10
3.58495e+10
3.58766e+10
3.59063e+10
3.59385e+10
3.59733e+10
3.60106e+10
3.60503e+10
3.60925e+10
3.6137e+10
3.61838e+10
3.6233e+10
3.62843e+10
3.63379e+10
3.63935e+10
3.64513e+10
3.6511e+10
3.65727e+10
3.66362e+10
3.67016e+10
3.67688e+10
3.68377e+10
3.57055e+10
3.57079e+10
3.57133e+10
3.57215e+10
3.57324e+10
3.57461e+10
3.57625e+10
3.57816e+10
3.58034e+10
3.58279e+10
3.58549e+10
3.58853e+10
3.59188e+10
3.59554e+10
3.59951e+10
3.60376e+10
3.6083e+10
3.61311e+10
3.61819e+10
3.62353e+10
3.62911e+10
3.63493e+10
3.64098e+10
3.64724e+10
3.65371e+10
3.66037e+10
3.66722e+10
3.67424e+10
3.68142e+10
3.68875e+10
4.09295e+09
4.09429e+09
4.09688e+09
4.10069e+09
4.10566e+09
4.11175e+09
4.11895e+09
4.12721e+09
4.13651e+09
4.14684e+09
4.15817e+09
4.17048e+09
4.18375e+09
4.19797e+09
4.21311e+09
4.22915e+09
4.24607e+09
4.26385e+09
4.28246e+09
4.30187e+09
4.32204e+09
4.34295e+09
4.36454e+09
4.38679e+09
4.40964e+09
4.43304e+09
4.45694e+09
4.48129e+09
4.50603e+09
4.5311e+09
4.10595e+09
4.10734e+09
4.11005e+09
4.11401e+09
4.11919e+09
4.12553e+09
4.13302e+09
4.14161e+09
4.15129e+09
4.16202e+09
4.17379e+09
4.18656e+09
4.20032e+09
4.21505e+09
4.23071e+09
4.2473e+09
4.26477e+09
4.2831e+09
4.30225e+09
4.3222e+09
4.3429e+09
4.36432e+09
4.3864e+09
4.40909e+09
4.43236e+09
4.45613e+09
4.48036e+09
4.50499e+09
4.52994e+09
4.55518e+09
4.10353e+09
4.10492e+09
4.10762e+09
4.11158e+09
4.11675e+09
4.12309e+09
4.13057e+09
4.13915e+09
4.14881e+09
4.15953e+09
4.17128e+09
4.18404e+09
4.19779e+09
4.2125e+09
4.22814e+09
4.24471e+09
4.26216e+09
4.28048e+09
4.29962e+09
4.31955e+09
4.34024e+09
4.36165e+09
4.38372e+09
4.40641e+09
4.42967e+09
4.45345e+09
4.47768e+09
4.5023e+09
4.52727e+09
4.55251e+09
4.0988e+09
4.10019e+09
4.10288e+09
4.10682e+09
4.11197e+09
4.11829e+09
4.12575e+09
4.1343e+09
4.14394e+09
4.15463e+09
4.16635e+09
4.17908e+09
4.1928e+09
4.20748e+09
4.2231e+09
4.23964e+09
4.25708e+09
4.27537e+09
4.2945e+09
4.31442e+09
4.3351e+09
4.3565e+09
4.37857e+09
4.40127e+09
4.42455e+09
4.44834e+09
4.4726e+09
4.49726e+09
4.52227e+09
4.54755e+09
4.11244e+09
4.11384e+09
4.11657e+09
4.12057e+09
4.12579e+09
4.13218e+09
4.13971e+09
4.14835e+09
4.15808e+09
4.16886e+09
4.18067e+09
4.19349e+09
4.20729e+09
4.22206e+09
4.23776e+09
4.25438e+09
4.27187e+09
4.29022e+09
4.30939e+09
4.32934e+09
4.35004e+09
4.37144e+09
4.39349e+09
4.41615e+09
4.43936e+09
4.46307e+09
4.48723e+09
4.51176e+09
4.53662e+09
4.56174e+09
3.25614e+09
3.25727e+09
3.25952e+09
3.26289e+09
3.26736e+09
3.27291e+09
3.27951e+09
3.28714e+09
3.29577e+09
3.30539e+09
3.31597e+09
3.3275e+09
3.33994e+09
3.35328e+09
3.36749e+09
3.38255e+09
3.39843e+09
3.4151e+09
3.43251e+09
3.45065e+09
3.46947e+09
3.48891e+09
3.50894e+09
3.5295e+09
3.55054e+09
3.57199e+09
3.5938e+09
3.6159e+09
3.63824e+09
3.66074e+09
3.25457e+09
3.25567e+09
3.25788e+09
3.26122e+09
3.26566e+09
3.27118e+09
3.27776e+09
3.28538e+09
3.29401e+09
3.30363e+09
3.31422e+09
3.32576e+09
3.33822e+09
3.35158e+09
3.36582e+09
3.38091e+09
3.39682e+09
3.41352e+09
3.43098e+09
3.44916e+09
3.46801e+09
3.4875e+09
3.50757e+09
3.52818e+09
3.54926e+09
3.57076e+09
3.59261e+09
3.61476e+09
3.63713e+09
3.65968e+09
3.25362e+09
3.25472e+09
3.25693e+09
3.26026e+09
3.26469e+09
3.27022e+09
3.2768e+09
3.28441e+09
3.29304e+09
3.30266e+09
3.31325e+09
3.32479e+09
3.33725e+09
3.35061e+09
3.36485e+09
3.37994e+09
3.39586e+09
3.41256e+09
3.43003e+09
3.44821e+09
3.46708e+09
3.48657e+09
3.50666e+09
3.52728e+09
3.54837e+09
3.56989e+09
3.59176e+09
3.61392e+09
3.63632e+09
3.65889e+09
3.2521e+09
3.25318e+09
3.25538e+09
3.2587e+09
3.26312e+09
3.26863e+09
3.2752e+09
3.28281e+09
3.29143e+09
3.30104e+09
3.31163e+09
3.32316e+09
3.33561e+09
3.34897e+09
3.36321e+09
3.37831e+09
3.39422e+09
3.41093e+09
3.4284e+09
3.44659e+09
3.46547e+09
3.48498e+09
3.50508e+09
3.52571e+09
3.54683e+09
3.56837e+09
3.59026e+09
3.61246e+09
3.63488e+09
3.65748e+09
3.2502e+09
3.25127e+09
3.25346e+09
3.25676e+09
3.26117e+09
3.26666e+09
3.27322e+09
3.28081e+09
3.28941e+09
3.29901e+09
3.30957e+09
3.32108e+09
3.33353e+09
3.34687e+09
3.3611e+09
3.37617e+09
3.39208e+09
3.40878e+09
3.42624e+09
3.44442e+09
3.46329e+09
3.4828e+09
3.5029e+09
3.52354e+09
3.54467e+09
3.56621e+09
3.58812e+09
3.61033e+09
3.63278e+09
3.6554e+09
3.25761e+09
3.25874e+09
3.26101e+09
3.2644e+09
3.26889e+09
3.27447e+09
3.28111e+09
3.28878e+09
3.29746e+09
3.30713e+09
3.31777e+09
3.32936e+09
3.34186e+09
3.35527e+09
3.36954e+09
3.38467e+09
3.40061e+09
3.41734e+09
3.43482e+09
3.45301e+09
3.47188e+09
3.49137e+09
3.51144e+09
3.53204e+09
3.5531e+09
3.57457e+09
3.59639e+09
3.61849e+09
3.64082e+09
3.6633e+09
2.73886e+09
2.73949e+09
2.74107e+09
2.74376e+09
2.74754e+09
2.75238e+09
2.75826e+09
2.76514e+09
2.773e+09
2.78182e+09
2.79158e+09
2.80226e+09
2.81383e+09
2.82628e+09
2.83957e+09
2.85369e+09
2.86858e+09
2.88423e+09
2.90058e+09
2.91761e+09
2.93525e+09
2.95348e+09
2.97222e+09
2.99142e+09
3.01103e+09
3.03098e+09
3.05121e+09
3.07165e+09
3.09223e+09
3.11289e+09
2.73915e+09
2.73973e+09
2.74126e+09
2.74391e+09
2.74765e+09
2.75246e+09
2.75831e+09
2.76517e+09
2.77301e+09
2.78181e+09
2.79156e+09
2.80223e+09
2.8138e+09
2.82625e+09
2.83956e+09
2.85368e+09
2.86859e+09
2.88424e+09
2.90061e+09
2.91765e+09
2.93532e+09
2.95355e+09
2.97231e+09
2.99152e+09
3.01114e+09
3.0311e+09
3.05133e+09
3.07177e+09
3.09236e+09
3.11302e+09
2.73853e+09
2.73911e+09
2.74063e+09
2.74327e+09
2.74701e+09
2.75181e+09
2.75766e+09
2.76451e+09
2.77235e+09
2.78115e+09
2.79089e+09
2.80156e+09
2.81313e+09
2.82558e+09
2.83888e+09
2.853e+09
2.86791e+09
2.88357e+09
2.89994e+09
2.91698e+09
2.93465e+09
2.95289e+09
2.97166e+09
2.99088e+09
3.01051e+09
3.03048e+09
3.05073e+09
3.07118e+09
3.09178e+09
3.11246e+09
2.73786e+09
2.73843e+09
2.73995e+09
2.74258e+09
2.74631e+09
2.7511e+09
2.75694e+09
2.76379e+09
2.77161e+09
2.78041e+09
2.79014e+09
2.8008e+09
2.81237e+09
2.82481e+09
2.8381e+09
2.85222e+09
2.86712e+09
2.88278e+09
2.89915e+09
2.91619e+09
2.93386e+09
2.9521e+09
2.97087e+09
2.9901e+09
3.00973e+09
3.02971e+09
3.04996e+09
3.07043e+09
3.09103e+09
3.11172e+09
2.74072e+09
2.74133e+09
2.74291e+09
2.7456e+09
2.74939e+09
2.75425e+09
2.76014e+09
2.76704e+09
2.77493e+09
2.78377e+09
2.79356e+09
2.80427e+09
2.81587e+09
2.82836e+09
2.84169e+09
2.85583e+09
2.87076e+09
2.88644e+09
2.90282e+09
2.91986e+09
2.93753e+09
2.95576e+09
2.97451e+09
2.99371e+09
3.01331e+09
3.03325e+09
3.05345e+09
3.07385e+09
3.0944e+09
3.11502e+09
2.45271e+09
2.4531e+09
2.45432e+09
2.45662e+09
2.46e+09
2.46442e+09
2.46986e+09
2.47628e+09
2.48367e+09
2.49199e+09
2.50124e+09
2.51139e+09
2.52243e+09
2.53433e+09
2.54707e+09
2.56062e+09
2.57495e+09
2.59001e+09
2.60576e+09
2.62215e+09
2.63913e+09
2.65665e+09
2.67464e+09
2.69306e+09
2.71182e+09
2.73087e+09
2.75014e+09
2.76956e+09
2.78907e+09
2.8086e+09
2.45238e+09
2.45273e+09
2.4539e+09
2.45615e+09
2.45948e+09
2.46386e+09
2.46926e+09
2.47564e+09
2.48298e+09
2.49127e+09
2.50049e+09
2.51061e+09
2.52161e+09
2.53349e+09
2.54621e+09
2.55974e+09
2.57406e+09
2.58912e+09
2.60487e+09
2.62127e+09
2.63825e+09
2.65578e+09
2.67378e+09
2.6922e+09
2.71098e+09
2.73004e+09
2.74932e+09
2.76876e+09
2.78828e+09
2.80782e+09
2.45266e+09
2.45301e+09
2.45418e+09
2.45643e+09
2.45976e+09
2.46414e+09
2.46953e+09
2.47592e+09
2.48326e+09
2.49155e+09
2.50077e+09
2.51089e+09
2.5219e+09
2.53378e+09
2.5465e+09
2.56004e+09
2.57436e+09
2.58942e+09
2.60517e+09
2.62157e+09
2.63856e+09
2.65609e+09
2.67409e+09
2.69252e+09
2.71129e+09
2.73035e+09
2.74963e+09
2.76907e+09
2.78858e+09
2.80812e+09
2.4524e+09
2.45276e+09
2.45392e+09
2.45617e+09
2.4595e+09
2.46388e+09
2.46927e+09
2.47566e+09
2.483e+09
2.49129e+09
2.5005e+09
2.51061e+09
2.52162e+09
2.53349e+09
2.54621e+09
2.55975e+09
2.57406e+09
2.58912e+09
2.60487e+09
2.62127e+09
2.63825e+09
2.65578e+09
2.67378e+09
2.6922e+09
2.71098e+09
2.73004e+09
2.74932e+09
2.76875e+09
2.78827e+09
2.80781e+09
2.45616e+09
2.45654e+09
2.45778e+09
2.46009e+09
2.4635e+09
2.46795e+09
2.47342e+09
2.47987e+09
2.48729e+09
2.49565e+09
2.50493e+09
2.51512e+09
2.52619e+09
2.53812e+09
2.5509e+09
2.56448e+09
2.57883e+09
2.59392e+09
2.60968e+09
2.62608e+09
2.64306e+09
2.66057e+09
2.67855e+09
2.69693e+09
2.71565e+09
2.73465e+09
2.75386e+09
2.77321e+09
2.79264e+09
2.81208e+09
2.23978e+09
2.24007e+09
2.24109e+09
2.24314e+09
2.24625e+09
2.25037e+09
2.25548e+09
2.26156e+09
2.26857e+09
2.27649e+09
2.28533e+09
2.29504e+09
2.30562e+09
2.31706e+09
2.32932e+09
2.34238e+09
2.35621e+09
2.37077e+09
2.38601e+09
2.40187e+09
2.4183e+09
2.43524e+09
2.45262e+09
2.47038e+09
2.48845e+09
2.50677e+09
2.52526e+09
2.54386e+09
2.5625e+09
2.58111e+09
2.23847e+09
2.23873e+09
2.23969e+09
2.24168e+09
2.24473e+09
2.2488e+09
2.25385e+09
2.25987e+09
2.26683e+09
2.27471e+09
2.28349e+09
2.29317e+09
2.30371e+09
2.31511e+09
2.32733e+09
2.34037e+09
2.35417e+09
2.36872e+09
2.38395e+09
2.39982e+09
2.41626e+09
2.43321e+09
2.45062e+09
2.4684e+09
2.48651e+09
2.50486e+09
2.52339e+09
2.54203e+09
2.56072e+09
2.57938e+09
2.23751e+09
2.23777e+09
2.23875e+09
2.24075e+09
2.2438e+09
2.24787e+09
2.25293e+09
2.25896e+09
2.26592e+09
2.27381e+09
2.28259e+09
2.29227e+09
2.30282e+09
2.31422e+09
2.32645e+09
2.33949e+09
2.35331e+09
2.36786e+09
2.38311e+09
2.39899e+09
2.41544e+09
2.43241e+09
2.44984e+09
2.46764e+09
2.48577e+09
2.50414e+09
2.5227e+09
2.54136e+09
2.56007e+09
2.57876e+09
2.23691e+09
2.23717e+09
2.23814e+09
2.24013e+09
2.24317e+09
2.24724e+09
2.25229e+09
2.25831e+09
2.26527e+09
2.27315e+09
2.28193e+09
2.2916e+09
2.30214e+09
2.31354e+09
2.32577e+09
2.3388e+09
2.35262e+09
2.36717e+09
2.38242e+09
2.3983e+09
2.41476e+09
2.43174e+09
2.44917e+09
2.46699e+09
2.48513e+09
2.50352e+09
2.52209e+09
2.54077e+09
2.5595e+09
2.5782e+09
2.23634e+09
2.2366e+09
2.23757e+09
2.23957e+09
2.24262e+09
2.24669e+09
2.25175e+09
2.25777e+09
2.26473e+09
2.27261e+09
2.28139e+09
2.29106e+09
2.3016e+09
2.313e+09
2.32523e+09
2.33827e+09
2.35209e+09
2.36664e+09
2.38189e+09
2.39778e+09
2.41425e+09
2.43124e+09
2.44867e+09
2.4665e+09
2.48465e+09
2.50305e+09
2.52163e+09
2.54032e+09
2.55906e+09
2.57778e+09
2.2379e+09
2.23819e+09
2.23921e+09
2.24127e+09
2.24438e+09
2.24851e+09
2.25363e+09
2.25971e+09
2.26673e+09
2.27467e+09
2.28351e+09
2.29324e+09
2.30385e+09
2.3153e+09
2.32759e+09
2.34068e+09
2.35454e+09
2.36914e+09
2.38442e+09
2.40034e+09
2.41682e+09
2.43382e+09
2.45126e+09
2.46908e+09
2.48722e+09
2.5056e+09
2.52415e+09
2.54281e+09
2.56151e+09
2.58019e+09
2.09431e+09
2.09454e+09
2.09543e+09
2.09729e+09
2.10018e+09
2.10407e+09
2.10892e+09
2.1147e+09
2.1214e+09
2.129e+09
2.13749e+09
2.14685e+09
2.15706e+09
2.16812e+09
2.18001e+09
2.19269e+09
2.20615e+09
2.22035e+09
2.23525e+09
2.25078e+09
2.2669e+09
2.28353e+09
2.3006e+09
2.31806e+09
2.33582e+09
2.35383e+09
2.372e+09
2.39026e+09
2.40855e+09
2.4268e+09
2.09085e+09
2.09106e+09
2.0919e+09
2.0937e+09
2.09653e+09
2.10035e+09
2.10514e+09
2.11086e+09
2.1175e+09
2.12504e+09
2.13347e+09
2.14278e+09
2.15294e+09
2.16395e+09
2.1758e+09
2.18845e+09
2.20188e+09
2.21606e+09
2.23094e+09
2.24649e+09
2.26262e+09
2.27929e+09
2.29641e+09
2.31393e+09
2.33176e+09
2.34984e+09
2.3681e+09
2.38646e+09
2.40486e+09
2.42322e+09
2.08997e+09
2.09018e+09
2.09102e+09
2.09283e+09
2.09567e+09
2.09949e+09
2.10428e+09
2.11001e+09
2.11665e+09
2.1242e+09
2.13263e+09
2.14194e+09
2.15211e+09
2.16313e+09
2.17498e+09
2.18763e+09
2.20107e+09
2.21526e+09
2.23016e+09
2.24572e+09
2.26187e+09
2.27855e+09
2.2957e+09
2.31323e+09
2.33109e+09
2.3492e+09
2.36748e+09
2.38587e+09
2.40429e+09
2.42268e+09
2.0893e+09
2.08951e+09
2.09037e+09
2.09219e+09
2.09503e+09
2.09887e+09
2.10366e+09
2.1094e+09
2.11605e+09
2.1236e+09
2.13204e+09
2.14135e+09
2.15153e+09
2.16255e+09
2.1744e+09
2.18706e+09
2.2005e+09
2.2147e+09
2.22961e+09
2.24517e+09
2.26133e+09
2.27802e+09
2.29518e+09
2.31273e+09
2.3306e+09
2.34872e+09
2.36702e+09
2.38542e+09
2.40385e+09
2.42226e+09
2.09096e+09
2.09119e+09
2.09209e+09
2.09397e+09
2.09687e+09
2.10076e+09
2.10561e+09
2.11141e+09
2.11811e+09
2.12572e+09
2.13422e+09
2.14359e+09
2.15382e+09
2.16489e+09
2.1768e+09
2.18951e+09
2.20299e+09
2.21723e+09
2.23217e+09
2.24775e+09
2.26393e+09
2.28063e+09
2.29778e+09
2.31532e+09
2.33317e+09
2.35126e+09
2.36953e+09
2.38789e+09
2.40628e+09
2.42463e+09
2.01611e+09
2.01631e+09
2.01713e+09
2.0189e+09
2.02166e+09
2.0254e+09
2.03008e+09
2.03569e+09
2.04219e+09
2.04957e+09
2.05783e+09
2.06695e+09
2.07692e+09
2.08772e+09
2.09934e+09
2.11175e+09
2.12495e+09
2.13888e+09
2.15352e+09
2.1688e+09
2.18468e+09
2.20108e+09
2.21794e+09
2.23518e+09
2.25273e+09
2.27052e+09
2.28848e+09
2.30654e+09
2.32462e+09
2.34265e+09
2.01335e+09
2.01353e+09
2.0143e+09
2.01601e+09
2.01871e+09
2.02239e+09
2.027e+09
2.03254e+09
2.03898e+09
2.0463e+09
2.0545e+09
2.06356e+09
2.07347e+09
2.08421e+09
2.09578e+09
2.10815e+09
2.12131e+09
2.13521e+09
2.14982e+09
2.1651e+09
2.18098e+09
2.1974e+09
2.21429e+09
2.23157e+09
2.24917e+09
2.26702e+09
2.28505e+09
2.30318e+09
2.32135e+09
2.33948e+09
2.01257e+09
2.01275e+09
2.01351e+09
2.01521e+09
2.01791e+09
2.02158e+09
2.02619e+09
2.03172e+09
2.03815e+09
2.04547e+09
2.05366e+09
2.06272e+09
2.07262e+09
2.08336e+09
2.09493e+09
2.1073e+09
2.12045e+09
2.13436e+09
2.14897e+09
2.16426e+09
2.18015e+09
2.19658e+09
2.21348e+09
2.23078e+09
2.2484e+09
2.26627e+09
2.28432e+09
2.30248e+09
2.32067e+09
2.33882e+09
2.01209e+09
2.01228e+09
2.01305e+09
2.01475e+09
2.01746e+09
2.02114e+09
2.02575e+09
2.03129e+09
2.03773e+09
2.04505e+09
2.05324e+09
2.0623e+09
2.0722e+09
2.08295e+09
2.09452e+09
2.10689e+09
2.12004e+09
2.13395e+09
2.14857e+09
2.16386e+09
2.17975e+09
2.19619e+09
2.2131e+09
2.2304e+09
2.24803e+09
2.26591e+09
2.28397e+09
2.30214e+09
2.32034e+09
2.3385e+09
2.01395e+09
2.01416e+09
2.01498e+09
2.01675e+09
2.01953e+09
2.02327e+09
2.02795e+09
2.03355e+09
2.04006e+09
2.04744e+09
2.0557e+09
2.06482e+09
2.07479e+09
2.08559e+09
2.09722e+09
2.10964e+09
2.12284e+09
2.13679e+09
2.15145e+09
2.16676e+09
2.18267e+09
2.19911e+09
2.21601e+09
2.23329e+09
2.2509e+09
2.26875e+09
2.28677e+09
2.30488e+09
2.32303e+09
2.34113e+09
1.99433e+09
1.99453e+09
1.99533e+09
1.99706e+09
1.99979e+09
2.00348e+09
2.0081e+09
2.01363e+09
2.02005e+09
2.02735e+09
2.03551e+09
2.04452e+09
2.05438e+09
2.06507e+09
2.07656e+09
2.08886e+09
2.10192e+09
2.11572e+09
2.13023e+09
2.14539e+09
2.16114e+09
2.17742e+09
2.19416e+09
2.21129e+09
2.22873e+09
2.24641e+09
2.26427e+09
2.28222e+09
2.3002e+09
2.31814e+09
1.99126e+09
1.99143e+09
1.99217e+09
1.99383e+09
1.99648e+09
2.00009e+09
2.00463e+09
2.01008e+09
2.01643e+09
2.02365e+09
2.03173e+09
2.04067e+09
2.05045e+09
2.06106e+09
2.07249e+09
2.08472e+09
2.09773e+09
2.11148e+09
2.12595e+09
2.14109e+09
2.15683e+09
2.17312e+09
2.18988e+09
2.20705e+09
2.22454e+09
2.24228e+09
2.26021e+09
2.27824e+09
2.29631e+09
2.31435e+09
1.99049e+09
1.99066e+09
1.9914e+09
1.99305e+09
1.99569e+09
1.9993e+09
2.00383e+09
2.00928e+09
2.01561e+09
2.02282e+09
2.0309e+09
2.03984e+09
2.04961e+09
2.06022e+09
2.07165e+09
2.08387e+09
2.09688e+09
2.11064e+09
2.12511e+09
2.14025e+09
2.15601e+09
2.17231e+09
2.18908e+09
2.20626e+09
2.22377e+09
2.24153e+09
2.25948e+09
2.27754e+09
2.29564e+09
2.31371e+09
1.98994e+09
1.99011e+09
1.99085e+09
1.9925e+09
1.99514e+09
1.99874e+09
2.00327e+09
2.00871e+09
2.01504e+09
2.02224e+09
2.03032e+09
2.03924e+09
2.04901e+09
2.05962e+09
2.07104e+09
2.08326e+09
2.09627e+09
2.11002e+09
2.12449e+09
2.13964e+09
2.1554e+09
2.1717e+09
2.18848e+09
2.20567e+09
2.22319e+09
2.24097e+09
2.25893e+09
2.27701e+09
2.29512e+09
2.31321e+09
1.98977e+09
1.98994e+09
1.99066e+09
1.99229e+09
1.99492e+09
1.9985e+09
2.00302e+09
2.00844e+09
2.01476e+09
2.02195e+09
2.03001e+09
2.03892e+09
2.04868e+09
2.05927e+09
2.07067e+09
2.08289e+09
2.09588e+09
2.10962e+09
2.12408e+09
2.13921e+09
2.15496e+09
2.17126e+09
2.18804e+09
2.20522e+09
2.22274e+09
2.24052e+09
2.25849e+09
2.27656e+09
2.29468e+09
2.31277e+09
1.9915e+09
1.99168e+09
1.99245e+09
1.99414e+09
1.99682e+09
2.00046e+09
2.00504e+09
2.01052e+09
2.01689e+09
2.02414e+09
2.03225e+09
2.04121e+09
2.05102e+09
2.06166e+09
2.07311e+09
2.08537e+09
2.0984e+09
2.11217e+09
2.12666e+09
2.14181e+09
2.15757e+09
2.17387e+09
2.19064e+09
2.2078e+09
2.22529e+09
2.24303e+09
2.26096e+09
2.27899e+09
2.29705e+09
2.31508e+09
2.03169e+09
2.03189e+09
2.0327e+09
2.03444e+09
2.03718e+09
2.04088e+09
2.04551e+09
2.05105e+09
2.05749e+09
2.0648e+09
2.07297e+09
2.082e+09
2.09186e+09
2.10256e+09
2.11406e+09
2.12636e+09
2.13944e+09
2.15325e+09
2.16776e+09
2.18294e+09
2.19871e+09
2.21501e+09
2.23178e+09
2.24895e+09
2.26644e+09
2.28418e+09
2.30211e+09
2.32015e+09
2.33823e+09
2.35628e+09
2.02938e+09
2.02956e+09
2.03031e+09
2.03198e+09
2.03464e+09
2.03827e+09
2.04283e+09
2.04829e+09
2.05465e+09
2.06189e+09
2.06999e+09
2.07895e+09
2.08874e+09
2.09937e+09
2.11081e+09
2.12305e+09
2.13606e+09
2.14982e+09
2.16429e+09
2.17943e+09
2.19519e+09
2.21149e+09
2.22826e+09
2.24545e+09
2.26297e+09
2.28075e+09
2.29873e+09
2.31682e+09
2.33497e+09
2.3531e+09
2.02906e+09
2.02923e+09
2.02996e+09
2.0316e+09
2.03424e+09
2.03784e+09
2.04238e+09
2.04782e+09
2.05416e+09
2.06137e+09
2.06945e+09
2.07839e+09
2.08816e+09
2.09877e+09
2.11019e+09
2.12241e+09
2.13541e+09
2.14916e+09
2.16362e+09
2.17876e+09
2.1945e+09
2.2108e+09
2.22758e+09
2.24476e+09
2.26229e+09
2.28008e+09
2.29807e+09
2.31617e+09
2.33433e+09
2.35248e+09
2.02904e+09
2.0292e+09
2.02992e+09
2.03155e+09
2.03417e+09
2.03775e+09
2.04227e+09
2.0477e+09
2.05402e+09
2.06122e+09
2.06928e+09
2.0782e+09
2.08796e+09
2.09855e+09
2.10996e+09
2.12217e+09
2.13515e+09
2.14889e+09
2.16334e+09
2.17846e+09
2.1942e+09
2.21048e+09
2.22725e+09
2.24443e+09
2.26196e+09
2.27974e+09
2.29773e+09
2.31584e+09
2.334e+09
2.35214e+09
2.03053e+09
2.03071e+09
2.03148e+09
2.03316e+09
2.03584e+09
2.03948e+09
2.04405e+09
2.04953e+09
2.0559e+09
2.06315e+09
2.07126e+09
2.08023e+09
2.09003e+09
2.10067e+09
2.11212e+09
2.12436e+09
2.13738e+09
2.15114e+09
2.16561e+09
2.18074e+09
2.19648e+09
2.21277e+09
2.22952e+09
2.24668e+09
2.26417e+09
2.28193e+09
2.29987e+09
2.31793e+09
2.33604e+09
2.35414e+09
2.13166e+09
2.13187e+09
2.13273e+09
2.13454e+09
2.13736e+09
2.14115e+09
2.1459e+09
2.15156e+09
2.15813e+09
2.16558e+09
2.1739e+09
2.18307e+09
2.1931e+09
2.20395e+09
2.21562e+09
2.22807e+09
2.2413e+09
2.25527e+09
2.26993e+09
2.28525e+09
2.30116e+09
2.31761e+09
2.33452e+09
2.35183e+09
2.36948e+09
2.38739e+09
2.4055e+09
2.42373e+09
2.44203e+09
2.46031e+09
2.1295e+09
2.1297e+09
2.13049e+09
2.13223e+09
2.13498e+09
2.1387e+09
2.14337e+09
2.14895e+09
2.15544e+09
2.16282e+09
2.17106e+09
2.18017e+09
2.19012e+09
2.2009e+09
2.21249e+09
2.22488e+09
2.23805e+09
2.25196e+09
2.26658e+09
2.28186e+09
2.29775e+09
2.31418e+09
2.33109e+09
2.34841e+09
2.36608e+09
2.38402e+09
2.40216e+09
2.42045e+09
2.43879e+09
2.45715e+09
2.12927e+09
2.12945e+09
2.13022e+09
2.13193e+09
2.13464e+09
2.13833e+09
2.14297e+09
2.14853e+09
2.15499e+09
2.16234e+09
2.17056e+09
2.17964e+09
2.18956e+09
2.20032e+09
2.21189e+09
2.22427e+09
2.23741e+09
2.25131e+09
2.26591e+09
2.28118e+09
2.29706e+09
2.31349e+09
2.33039e+09
2.34771e+09
2.36538e+09
2.38333e+09
2.40148e+09
2.41977e+09
2.43813e+09
2.4565e+09
2.1294e+09
2.12957e+09
2.13032e+09
2.132e+09
2.13469e+09
2.13836e+09
2.14297e+09
2.14851e+09
2.15495e+09
2.16228e+09
2.17048e+09
2.17954e+09
2.18944e+09
2.20018e+09
2.21174e+09
2.22409e+09
2.23722e+09
2.2511e+09
2.26568e+09
2.28094e+09
2.2968e+09
2.31321e+09
2.33011e+09
2.34742e+09
2.36508e+09
2.38302e+09
2.40116e+09
2.41945e+09
2.4378e+09
2.45617e+09
2.13145e+09
2.13165e+09
2.13245e+09
2.1342e+09
2.13695e+09
2.14068e+09
2.14536e+09
2.15096e+09
2.15745e+09
2.16483e+09
2.17308e+09
2.18219e+09
2.19214e+09
2.20292e+09
2.21451e+09
2.2269e+09
2.24006e+09
2.25396e+09
2.26856e+09
2.28381e+09
2.29967e+09
2.31607e+09
2.33293e+09
2.35021e+09
2.36782e+09
2.38571e+09
2.4038e+09
2.42202e+09
2.44031e+09
2.4586e+09
2.31219e+09
2.31244e+09
2.31338e+09
2.31532e+09
2.3183e+09
2.32228e+09
2.32722e+09
2.33311e+09
2.33991e+09
2.34761e+09
2.3562e+09
2.36565e+09
2.37595e+09
2.38708e+09
2.39903e+09
2.41176e+09
2.42526e+09
2.43949e+09
2.4544e+09
2.46996e+09
2.4861e+09
2.50276e+09
2.51989e+09
2.53742e+09
2.5553e+09
2.57345e+09
2.59182e+09
2.61034e+09
2.62895e+09
2.64757e+09
2.30938e+09
2.3096e+09
2.31047e+09
2.31233e+09
2.31522e+09
2.31911e+09
2.32397e+09
2.32977e+09
2.33648e+09
2.3441e+09
2.35259e+09
2.36195e+09
2.37217e+09
2.38322e+09
2.39508e+09
2.40774e+09
2.42117e+09
2.43533e+09
2.45019e+09
2.46571e+09
2.48182e+09
2.49847e+09
2.51559e+09
2.53313e+09
2.55103e+09
2.56921e+09
2.58762e+09
2.60619e+09
2.62486e+09
2.64355e+09
2.309e+09
2.30922e+09
2.31008e+09
2.31191e+09
2.31478e+09
2.31865e+09
2.32348e+09
2.32926e+09
2.33595e+09
2.34355e+09
2.35203e+09
2.36137e+09
2.37157e+09
2.38261e+09
2.39446e+09
2.40711e+09
2.42052e+09
2.43468e+09
2.44954e+09
2.46505e+09
2.48116e+09
2.49781e+09
2.51494e+09
2.53248e+09
2.55039e+09
2.56858e+09
2.587e+09
2.60559e+09
2.62426e+09
2.64298e+09
2.30848e+09
2.30869e+09
2.30954e+09
2.31137e+09
2.31424e+09
2.3181e+09
2.32293e+09
2.3287e+09
2.33539e+09
2.34298e+09
2.35146e+09
2.3608e+09
2.37099e+09
2.38202e+09
2.39387e+09
2.40651e+09
2.41993e+09
2.43409e+09
2.44894e+09
2.46445e+09
2.48057e+09
2.49722e+09
2.51436e+09
2.53191e+09
2.54983e+09
2.56803e+09
2.58646e+09
2.60506e+09
2.62375e+09
2.64248e+09
2.3086e+09
2.3088e+09
2.30963e+09
2.31143e+09
2.31426e+09
2.3181e+09
2.3229e+09
2.32864e+09
2.3353e+09
2.34287e+09
2.35131e+09
2.36063e+09
2.3708e+09
2.38181e+09
2.39363e+09
2.40625e+09
2.41964e+09
2.43378e+09
2.44862e+09
2.46411e+09
2.48021e+09
2.49685e+09
2.51397e+09
2.53151e+09
2.54941e+09
2.56761e+09
2.58604e+09
2.60463e+09
2.62331e+09
2.64204e+09
2.31062e+09
2.31084e+09
2.31171e+09
2.31356e+09
2.31645e+09
2.32033e+09
2.32518e+09
2.33096e+09
2.33766e+09
2.34526e+09
2.35374e+09
2.36309e+09
2.37328e+09
2.38431e+09
2.39615e+09
2.40879e+09
2.42219e+09
2.43633e+09
2.45116e+09
2.46664e+09
2.48271e+09
2.49932e+09
2.51641e+09
2.53391e+09
2.55176e+09
2.5699e+09
2.58827e+09
2.6068e+09
2.62542e+09
2.64408e+09
2.60218e+09
2.60249e+09
2.60357e+09
2.60571e+09
2.60893e+09
2.61318e+09
2.61843e+09
2.62465e+09
2.63181e+09
2.6399e+09
2.64889e+09
2.65877e+09
2.66951e+09
2.68109e+09
2.69349e+09
2.70668e+09
2.72063e+09
2.73531e+09
2.75066e+09
2.76665e+09
2.78322e+09
2.80032e+09
2.81789e+09
2.83589e+09
2.85424e+09
2.87291e+09
2.89181e+09
2.9109e+09
2.93012e+09
2.9494e+09
2.60019e+09
2.60047e+09
2.60149e+09
2.60355e+09
2.60669e+09
2.61086e+09
2.61603e+09
2.62217e+09
2.62925e+09
2.63726e+09
2.64617e+09
2.65596e+09
2.66662e+09
2.67812e+09
2.69045e+09
2.70357e+09
2.71745e+09
2.73207e+09
2.74737e+09
2.76332e+09
2.77986e+09
2.79693e+09
2.81449e+09
2.83247e+09
2.85083e+09
2.8695e+09
2.88842e+09
2.90753e+09
2.92677e+09
2.94609e+09
2.59974e+09
2.60001e+09
2.60101e+09
2.60305e+09
2.60617e+09
2.61032e+09
2.61547e+09
2.62159e+09
2.62866e+09
2.63665e+09
2.64554e+09
2.65532e+09
2.66597e+09
2.67746e+09
2.68977e+09
2.70288e+09
2.71676e+09
2.73137e+09
2.74667e+09
2.76261e+09
2.77915e+09
2.79622e+09
2.81378e+09
2.83178e+09
2.85014e+09
2.86882e+09
2.88775e+09
2.90687e+09
2.92613e+09
2.94546e+09
2.59978e+09
2.60004e+09
2.60103e+09
2.60305e+09
2.60614e+09
2.61028e+09
2.61541e+09
2.62152e+09
2.62857e+09
2.63654e+09
2.64542e+09
2.65519e+09
2.66582e+09
2.6773e+09
2.6896e+09
2.70269e+09
2.71656e+09
2.73116e+09
2.74645e+09
2.76239e+09
2.77892e+09
2.79599e+09
2.81354e+09
2.83153e+09
2.84989e+09
2.86856e+09
2.88749e+09
2.90661e+09
2.92587e+09
2.9452e+09
2.60078e+09
2.60106e+09
2.60208e+09
2.60414e+09
2.60728e+09
2.61145e+09
2.61661e+09
2.62275e+09
2.62983e+09
2.63782e+09
2.64672e+09
2.65651e+09
2.66715e+09
2.67863e+09
2.69094e+09
2.70404e+09
2.7179e+09
2.73249e+09
2.74777e+09
2.76369e+09
2.7802e+09
2.79724e+09
2.81477e+09
2.83272e+09
2.85105e+09
2.86969e+09
2.88858e+09
2.90767e+09
2.92689e+09
2.94618e+09
3.04591e+09
3.04637e+09
3.04775e+09
3.05025e+09
3.05388e+09
3.0586e+09
3.06437e+09
3.07117e+09
3.07895e+09
3.0877e+09
3.09739e+09
3.10799e+09
3.11949e+09
3.13187e+09
3.14508e+09
3.1591e+09
3.1739e+09
3.18943e+09
3.20566e+09
3.22255e+09
3.24004e+09
3.25809e+09
3.27665e+09
3.29567e+09
3.3151e+09
3.33488e+09
3.35496e+09
3.37527e+09
3.39577e+09
3.41639e+09
3.04205e+09
3.04246e+09
3.04375e+09
3.04617e+09
3.04972e+09
3.05435e+09
3.06004e+09
3.06674e+09
3.07444e+09
3.0831e+09
3.09271e+09
3.10323e+09
3.11466e+09
3.12695e+09
3.1401e+09
3.15406e+09
3.1688e+09
3.1843e+09
3.20049e+09
3.21735e+09
3.23482e+09
3.25286e+09
3.27143e+09
3.29046e+09
3.30991e+09
3.32972e+09
3.34984e+09
3.3702e+09
3.39076e+09
3.41144e+09
3.04197e+09
3.04238e+09
3.04366e+09
3.04606e+09
3.0496e+09
3.05422e+09
3.0599e+09
3.06659e+09
3.07428e+09
3.08294e+09
3.09254e+09
3.10306e+09
3.11448e+09
3.12677e+09
3.13992e+09
3.15388e+09
3.16862e+09
3.18412e+09
3.20031e+09
3.21718e+09
3.23465e+09
3.2527e+09
3.27127e+09
3.29031e+09
3.30977e+09
3.32959e+09
3.34971e+09
3.37009e+09
3.39065e+09
3.41135e+09
3.04187e+09
3.04227e+09
3.04354e+09
3.04593e+09
3.04945e+09
3.05406e+09
3.05973e+09
3.06642e+09
3.07409e+09
3.08274e+09
3.09233e+09
3.10284e+09
3.11425e+09
3.12654e+09
3.13967e+09
3.15363e+09
3.16836e+09
3.18385e+09
3.20004e+09
3.2169e+09
3.23438e+09
3.25242e+09
3.27099e+09
3.29002e+09
3.30948e+09
3.3293e+09
3.34942e+09
3.3698e+09
3.39036e+09
3.41106e+09
3.04287e+09
3.0433e+09
3.04462e+09
3.04707e+09
3.05064e+09
3.05529e+09
3.06099e+09
3.06771e+09
3.07542e+09
3.0841e+09
3.09371e+09
3.10424e+09
3.11567e+09
3.12797e+09
3.14111e+09
3.15506e+09
3.1698e+09
3.18528e+09
3.20146e+09
3.2183e+09
3.23576e+09
3.25378e+09
3.27233e+09
3.29134e+09
3.31077e+09
3.33057e+09
3.35067e+09
3.37102e+09
3.39156e+09
3.41223e+09
3.66564e+09
3.66656e+09
3.66857e+09
3.67171e+09
3.676e+09
3.68141e+09
3.6879e+09
3.69546e+09
3.70404e+09
3.71363e+09
3.72419e+09
3.7357e+09
3.74815e+09
3.76149e+09
3.7757e+09
3.79075e+09
3.8066e+09
3.82323e+09
3.84061e+09
3.85868e+09
3.87741e+09
3.89677e+09
3.91671e+09
3.93717e+09
3.95812e+09
3.9795e+09
4.00125e+09
4.02332e+09
4.04567e+09
4.06822e+09
3.65952e+09
3.66034e+09
3.66221e+09
3.66523e+09
3.6694e+09
3.6747e+09
3.68109e+09
3.68855e+09
3.69703e+09
3.70653e+09
3.71701e+09
3.72845e+09
3.74082e+09
3.7541e+09
3.76826e+09
3.78326e+09
3.79909e+09
3.81569e+09
3.83304e+09
3.85111e+09
3.86985e+09
3.88922e+09
3.90918e+09
3.92967e+09
3.95067e+09
3.9721e+09
3.99392e+09
4.01608e+09
4.03852e+09
4.06117e+09
3.65916e+09
3.65997e+09
3.66182e+09
3.66483e+09
3.669e+09
3.67429e+09
3.68068e+09
3.68813e+09
3.69662e+09
3.70612e+09
3.7166e+09
3.72804e+09
3.74041e+09
3.7537e+09
3.76786e+09
3.78287e+09
3.7987e+09
3.81532e+09
3.83268e+09
3.85076e+09
3.86951e+09
3.88889e+09
3.90886e+09
3.92938e+09
3.95039e+09
3.97184e+09
3.99368e+09
4.01585e+09
4.03831e+09
4.06098e+09
3.65883e+09
3.65963e+09
3.66148e+09
3.66448e+09
3.66864e+09
3.67393e+09
3.68031e+09
3.68775e+09
3.69624e+09
3.70573e+09
3.71621e+09
3.72765e+09
3.74002e+09
3.7533e+09
3.76746e+09
3.78248e+09
3.79831e+09
3.81492e+09
3.83229e+09
3.85037e+09
3.86912e+09
3.88851e+09
3.90848e+09
3.929e+09
3.95002e+09
3.97147e+09
3.99332e+09
4.0155e+09
4.03796e+09
4.06064e+09
3.6585e+09
3.65929e+09
3.66112e+09
3.66411e+09
3.66826e+09
3.67354e+09
3.67991e+09
3.68735e+09
3.69583e+09
3.70531e+09
3.71579e+09
3.72722e+09
3.73958e+09
3.75286e+09
3.76702e+09
3.78203e+09
3.79786e+09
3.81447e+09
3.83183e+09
3.84991e+09
3.86867e+09
3.88805e+09
3.90803e+09
3.92855e+09
3.94956e+09
3.97102e+09
3.99287e+09
4.01506e+09
4.03752e+09
4.06021e+09
3.65897e+09
3.65982e+09
3.66172e+09
3.66477e+09
3.66896e+09
3.67428e+09
3.68068e+09
3.68814e+09
3.69664e+09
3.70614e+09
3.71662e+09
3.72806e+09
3.74043e+09
3.7537e+09
3.76785e+09
3.78284e+09
3.79865e+09
3.81525e+09
3.83259e+09
3.85065e+09
3.86938e+09
3.88874e+09
3.90869e+09
3.92919e+09
3.95018e+09
3.97161e+09
3.99344e+09
4.0156e+09
4.03804e+09
4.06071e+09
4.24627e+09
4.2475e+09
4.24995e+09
4.2536e+09
4.25842e+09
4.26438e+09
4.27147e+09
4.27964e+09
4.28888e+09
4.29916e+09
4.31045e+09
4.32272e+09
4.33595e+09
4.35011e+09
4.36518e+09
4.38113e+09
4.39792e+09
4.41553e+09
4.43393e+09
4.45308e+09
4.47294e+09
4.49348e+09
4.51465e+09
4.53641e+09
4.55871e+09
4.58151e+09
4.60474e+09
4.62837e+09
4.65234e+09
4.67659e+09
4.23815e+09
4.23933e+09
4.24171e+09
4.24527e+09
4.25e+09
4.25589e+09
4.26289e+09
4.27099e+09
4.28016e+09
4.29036e+09
4.30158e+09
4.31379e+09
4.32696e+09
4.34107e+09
4.3561e+09
4.372e+09
4.38876e+09
4.40635e+09
4.42473e+09
4.44386e+09
4.46372e+09
4.48427e+09
4.50546e+09
4.52724e+09
4.54959e+09
4.57244e+09
4.59574e+09
4.61944e+09
4.6435e+09
4.66785e+09
4.23799e+09
4.23917e+09
4.24154e+09
4.24509e+09
4.24982e+09
4.2557e+09
4.26271e+09
4.27081e+09
4.27997e+09
4.29018e+09
4.3014e+09
4.31361e+09
4.32679e+09
4.34091e+09
4.35594e+09
4.37185e+09
4.38862e+09
4.40622e+09
4.42461e+09
4.44376e+09
4.46363e+09
4.48418e+09
4.50539e+09
4.52719e+09
4.54954e+09
4.57241e+09
4.59572e+09
4.61945e+09
4.64352e+09
4.66788e+09
4.23992e+09
4.24109e+09
4.24343e+09
4.24696e+09
4.25166e+09
4.25751e+09
4.26448e+09
4.27255e+09
4.28168e+09
4.29186e+09
4.30306e+09
4.31524e+09
4.32839e+09
4.34248e+09
4.35749e+09
4.37338e+09
4.39012e+09
4.40769e+09
4.42605e+09
4.44517e+09
4.46502e+09
4.48555e+09
4.50672e+09
4.5285e+09
4.55082e+09
4.57366e+09
4.59694e+09
4.62063e+09
4.64467e+09
4.669e+09
4.23985e+09
4.24106e+09
4.24348e+09
4.24709e+09
4.25188e+09
4.25782e+09
4.26488e+09
4.27303e+09
4.28224e+09
4.2925e+09
4.30376e+09
4.31602e+09
4.32924e+09
4.34339e+09
4.35845e+09
4.37439e+09
4.39119e+09
4.40881e+09
4.42721e+09
4.44638e+09
4.46626e+09
4.48683e+09
4.50803e+09
4.52984e+09
4.55219e+09
4.57504e+09
4.59835e+09
4.62206e+09
4.64611e+09
4.67045e+09
6.54791e+10
6.54791e+10
6.54791e+10
6.54791e+10
6.54791e+10
6.54791e+10
6.54791e+10
6.54791e+10
6.54791e+10
6.54791e+10
6.54791e+10
6.54791e+10
6.54791e+10
6.54791e+10
6.54791e+10
6.54791e+10
6.54791e+10
6.54791e+10
6.54791e+10
6.54791e+10
6.54791e+10
6.54791e+10
6.54791e+10
6.54791e+10
6.54791e+10
6.54791e+10
6.54791e+10
6.54791e+10
6.54791e+10
6.54791e+10
6.54791e+10
6.54791e+10
6.54791e+10
6.54791e+10
6.54791e+10
6.54791e+10
6.54791e+10
6.54791e+10
6.54791e+10
6.54791e+10
6.54791e+10
6.54791e+10
6.54791e+10
6.54791e+10
6.54791e+10
6.54791e+10
6.54791e+10
6.54791e+10
6.54791e+10
6.54791e+10
6.54791e+10
6.54791e+10
6.54791e+10
6.54791e+10
6.54791e+10
6.54791e+10
6.54791e+10
6.54791e+10
6.54791e+10
6.54791e+10
6.54791e+10
6.54791e+10
6.54791e+10
6.54791e+10
6.54791e+10
6.54791e+10
6.54791e+10
6.54791e+10
6.54791e+10
6.54791e+10
6.54791e+10
6.54791e+10
6.54791e+10
6.54791e+10
6.54791e+10
6.54791e+10
6.54791e+10
6.54791e+10
6.54791e+10
6.54791e+10
6.54791e+10
6.54791e+10
6.54791e+10
6.54791e+10
6.54791e+10
6.54791e+10
6.54791e+10
6.54791e+10
6.54791e+10
6.54791e+10
6.54791e+10
6.54791e+10
6.54791e+10
6.54791e+10
6.54791e+10
6.54791e+10
6.54791e+10
6.54791e+10
6.54791e+10
6.54791e+10
6.54791e+10
6.54791e+10
6.54791e+10
6.54791e+10
6.54791e+10
6.54791e+10
6.54791e+10
6.54791e+10
6.54791e+10
6.54791e+10
6.54791e+10
6.54791e+10
6.54791e+10
6.54791e+10
6.54791e+10
6.54791e+10
6.54791e+10
6.54791e+10
6.54791e+10
6.54791e+10
6.54791e+10
6.54791e+10
6.54791e+10
6.54791e+10
6.54791e+10
6.54791e+10
6.54791e+10
6.54791e+10
6.54791e+10
6.54791e+10
6.54791e+10
6.54791e+10
6.54791e+10
6.54791e+10
6.54791e+10
6.54791e+10
6.54791e+10
6.54791e+10
6.54791e+10
6.54791e+10
6.54791e+10
6.54791e+10
6.54791e+10
6.54791e+10
6.54791e+10
6.54791e+10
6.54791e+10
6.54791e+10
6.54791e+10
6.54791e+10
6.54791e+10
6.54791e+10
6.54791e+10
6.54791e+10
6.54791e+10
6.54791e+10
6.54791e+10
6.54791e+10
6.54791e+10
6.54791e+10
6.54791e+10
6.54791e+10
6.54791e+10
6.54791e+10
6.54791e+10
6.54791e+10
6.54791e+10
6.54791e+10
6.54791e+10
6.54791e+10
6.54791e+10
6.54791e+10
6.54791e+10
6.54791e+10
6.54791e+10
6.54791e+10
6.54791e+10
6.54791e+10
6.54791e+10
6.54791e+10
6.54791e+10
6.54791e+10
6.54791e+10
6.54791e+10
6.54791e+10
6.54791e+10
6.54791e+10
6.54791e+10
6.54791e+10
6.54791e+10
6.54791e+10
6.54791e+10
6.54791e+10
6.54791e+10
6.54791e+10
6.54791e+10
6.54791e+10
6.54791e+10
6.54791e+10
6.54791e+10
6.54791e+10
6.54791e+10
6.54791e+10
6.54791e+10
6.54791e+10
6.54791e+10
6.54791e+10
6.54791e+10
6.54791e+10
6.54791e+10
6.54791e+10
6.54791e+10
6.54791e+10
6.54791e+10
6.54791e+10
6.54791e+10
6.54791e+10
6.54791e+10
6.54791e+10
6.54791e+10
6.54791e+10
6.54791e+10
6.54791e+10
6.54791e+10
6.54791e+10
6.54791e+10
6.54791e+10
6.54791e+10
6.54791e+10
6.54791e+10
6.54791e+10
6.54791e+10
6.54791e+10
6.54791e+10
6.54791e+10
6.54791e+10
6.54791e+10
6.54791e+10
6.54791e+10
6.54791e+10
6.54791e+10
6.54791e+10
6.54791e+10
6.54791e+10
6.54791e+10
6.54791e+10
6.54791e+10
6.54791e+10
6.54791e+10
6.54791e+10
6.54791e+10
6.54791e+10
6.54791e+10
6.54791e+10
6.54791e+10
6.54791e+10
6.54791e+10
6.54791e+10
6.54791e+10
6.54791e+10
6.54791e+10
6.54791e+10
6.54791e+10
6.54791e+10
6.54791e+10
6.54791e+10
6.54791e+10
6.54791e+10
6.54791e+10
6.54791e+10
6.54791e+10
6.54791e+10
6.54791e+10
6.54791e+10
6.54791e+10
6.54791e+10
6.54791e+10
6.54791e+10
6.54791e+10
6.54791e+10
6.5479e+10
6.5479e+10
6.54791e+10
6.54791e+10
6.54791e+10
6.54791e+10
6.54791e+10
6.54791e+10
6.54791e+10
6.54791e+10
6.54231e+10
6.54292e+10
6.54353e+10
6.54413e+10
6.54473e+10
6.54532e+10
6.5459e+10
6.54648e+10
6.54706e+10
6.54762e+10
6.53651e+10
6.53772e+10
6.53892e+10
6.54011e+10
6.54129e+10
6.54245e+10
6.54361e+10
6.54475e+10
6.54588e+10
6.54701e+10
6.53581e+10
6.53702e+10
6.53822e+10
6.53941e+10
6.54059e+10
6.54176e+10
6.54291e+10
6.54406e+10
6.54519e+10
6.54632e+10
6.53513e+10
6.53634e+10
6.53754e+10
6.53873e+10
6.53991e+10
6.54107e+10
6.54223e+10
6.54337e+10
6.54451e+10
6.54563e+10
6.53435e+10
6.53557e+10
6.53678e+10
6.53798e+10
6.53917e+10
6.54034e+10
6.54151e+10
6.54266e+10
6.5438e+10
6.54493e+10
6.53306e+10
6.53435e+10
6.53563e+10
6.53689e+10
6.53814e+10
6.53938e+10
6.5406e+10
6.54182e+10
6.54302e+10
6.54422e+10
6.53217e+10
6.53348e+10
6.53478e+10
6.53606e+10
6.53734e+10
6.5386e+10
6.53984e+10
6.54108e+10
6.5423e+10
6.54352e+10
6.53146e+10
6.53277e+10
6.53407e+10
6.53536e+10
6.53663e+10
6.5379e+10
6.53915e+10
6.54038e+10
6.54161e+10
6.54283e+10
6.53076e+10
6.53207e+10
6.53338e+10
6.53466e+10
6.53594e+10
6.5372e+10
6.53845e+10
6.53969e+10
6.54092e+10
6.54214e+10
6.52993e+10
6.53125e+10
6.53256e+10
6.53386e+10
6.53514e+10
6.53642e+10
6.53768e+10
6.53893e+10
6.54016e+10
6.54139e+10
6.52762e+10
6.5291e+10
6.53056e+10
6.532e+10
6.53344e+10
6.53486e+10
6.53626e+10
6.53765e+10
6.53903e+10
6.5404e+10
6.52564e+10
6.52723e+10
6.52881e+10
6.53037e+10
6.53192e+10
6.53345e+10
6.53496e+10
6.53646e+10
6.53795e+10
6.53943e+10
6.52453e+10
6.52615e+10
6.52774e+10
6.52932e+10
6.53089e+10
6.53244e+10
6.53398e+10
6.5355e+10
6.53701e+10
6.5385e+10
6.5236e+10
6.52521e+10
6.52681e+10
6.52839e+10
6.52996e+10
6.53151e+10
6.53305e+10
6.53458e+10
6.53609e+10
6.53758e+10
6.52264e+10
6.52426e+10
6.52586e+10
6.52745e+10
6.52902e+10
6.53058e+10
6.53212e+10
6.53365e+10
6.53516e+10
6.53666e+10
6.52088e+10
6.52256e+10
6.52423e+10
6.52588e+10
6.52752e+10
6.52914e+10
6.53075e+10
6.53234e+10
6.53391e+10
6.53548e+10
6.51657e+10
6.51859e+10
6.52059e+10
6.52257e+10
6.52454e+10
6.52648e+10
6.52841e+10
6.53032e+10
6.53221e+10
6.53409e+10
6.51469e+10
6.51678e+10
6.51885e+10
6.5209e+10
6.52294e+10
6.52495e+10
6.52695e+10
6.52892e+10
6.53088e+10
6.53282e+10
6.5134e+10
6.51549e+10
6.51757e+10
6.51963e+10
6.52167e+10
6.52369e+10
6.52569e+10
6.52767e+10
6.52964e+10
6.53158e+10
6.51216e+10
6.51426e+10
6.51633e+10
6.51839e+10
6.52043e+10
6.52245e+10
6.52446e+10
6.52644e+10
6.5284e+10
6.53035e+10
6.51077e+10
6.51288e+10
6.51496e+10
6.51703e+10
6.51908e+10
6.5211e+10
6.52311e+10
6.5251e+10
6.52708e+10
6.52903e+10
6.50679e+10
6.50916e+10
6.51151e+10
6.51384e+10
6.51614e+10
6.51842e+10
6.52068e+10
6.52292e+10
6.52514e+10
6.52734e+10
6.50285e+10
6.50549e+10
6.50809e+10
6.51067e+10
6.51323e+10
6.51576e+10
6.51827e+10
6.52076e+10
6.52322e+10
6.52566e+10
6.50086e+10
6.50354e+10
6.50619e+10
6.50882e+10
6.51142e+10
6.514e+10
6.51655e+10
6.51908e+10
6.52159e+10
6.52407e+10
6.49928e+10
6.50196e+10
6.50461e+10
6.50724e+10
6.50984e+10
6.51242e+10
6.51498e+10
6.51751e+10
6.52002e+10
6.52251e+10
6.49774e+10
6.50041e+10
6.50306e+10
6.50569e+10
6.50829e+10
6.51087e+10
6.51342e+10
6.51595e+10
6.51846e+10
6.52094e+10
6.49237e+10
6.495e+10
6.49761e+10
6.5002e+10
6.50276e+10
6.5053e+10
6.50782e+10
6.51032e+10
6.51279e+10
6.51524e+10
6.44322e+10
6.45044e+10
6.45759e+10
6.46468e+10
6.47172e+10
6.47869e+10
6.4856e+10
6.49246e+10
6.49926e+10
6.50601e+10
6.42905e+10
6.43703e+10
6.44494e+10
6.45279e+10
6.46057e+10
6.46829e+10
6.47594e+10
6.48354e+10
6.49107e+10
6.49854e+10
6.42146e+10
6.4295e+10
6.43746e+10
6.44536e+10
6.45319e+10
6.46096e+10
6.46867e+10
6.47631e+10
6.48389e+10
6.49141e+10
6.41466e+10
6.42266e+10
6.43059e+10
6.43846e+10
6.44626e+10
6.454e+10
6.46167e+10
6.46928e+10
6.47683e+10
6.48433e+10
6.41299e+10
6.42044e+10
6.42782e+10
6.43515e+10
6.44241e+10
6.44961e+10
6.45675e+10
6.46383e+10
6.47086e+10
6.47783e+10
6.40255e+10
6.41051e+10
6.4184e+10
6.42623e+10
6.43399e+10
6.44168e+10
6.44932e+10
6.45689e+10
6.4644e+10
6.47186e+10
6.39057e+10
6.39921e+10
6.40778e+10
6.41627e+10
6.42469e+10
6.43305e+10
6.44134e+10
6.44956e+10
6.45772e+10
6.46581e+10
6.38101e+10
6.39006e+10
6.39904e+10
6.40794e+10
6.41677e+10
6.42553e+10
6.43422e+10
6.44284e+10
6.4514e+10
6.45988e+10
6.37528e+10
6.38433e+10
6.39331e+10
6.40221e+10
6.41104e+10
6.4198e+10
6.42849e+10
6.43711e+10
6.44567e+10
6.45416e+10
6.36972e+10
6.37876e+10
6.38772e+10
6.3966e+10
6.40541e+10
6.41416e+10
6.42283e+10
6.43143e+10
6.43997e+10
6.44844e+10
6.3662e+10
6.37496e+10
6.38364e+10
6.39224e+10
6.40078e+10
6.40925e+10
6.41765e+10
6.42598e+10
6.43425e+10
6.44245e+10
6.36101e+10
6.36965e+10
6.37821e+10
6.38671e+10
6.39513e+10
6.40349e+10
6.41178e+10
6.42e+10
6.42816e+10
6.43626e+10
6.34934e+10
6.35857e+10
6.36772e+10
6.37679e+10
6.38579e+10
6.39472e+10
6.40357e+10
6.41236e+10
6.42108e+10
6.42973e+10
6.3365e+10
6.34644e+10
6.3563e+10
6.36607e+10
6.37577e+10
6.3854e+10
6.39494e+10
6.40442e+10
6.41382e+10
6.42315e+10
6.33028e+10
6.34021e+10
6.35007e+10
6.35984e+10
6.36954e+10
6.37916e+10
6.3887e+10
6.39817e+10
6.40757e+10
6.4169e+10
6.32431e+10
6.3342e+10
6.34402e+10
6.35376e+10
6.36342e+10
6.373e+10
6.38251e+10
6.39194e+10
6.4013e+10
6.4106e+10
6.32519e+10
6.33429e+10
6.3433e+10
6.35224e+10
6.36111e+10
6.36991e+10
6.37864e+10
6.3873e+10
6.39589e+10
6.40441e+10
6.31255e+10
6.3223e+10
6.33197e+10
6.34156e+10
6.35108e+10
6.36051e+10
6.36988e+10
6.37917e+10
6.38839e+10
6.39754e+10
6.30029e+10
6.31066e+10
6.32094e+10
6.33114e+10
6.34126e+10
6.3513e+10
6.36126e+10
6.37114e+10
6.38096e+10
6.39069e+10
6.2919e+10
6.30246e+10
6.31294e+10
6.32333e+10
6.33365e+10
6.34388e+10
6.35403e+10
6.36411e+10
6.37411e+10
6.38404e+10
6.28568e+10
6.29621e+10
6.30665e+10
6.31701e+10
6.32728e+10
6.33748e+10
6.3476e+10
6.35764e+10
6.36761e+10
6.3775e+10
6.28494e+10
6.29482e+10
6.30461e+10
6.31432e+10
6.32395e+10
6.33351e+10
6.34299e+10
6.35241e+10
6.36174e+10
6.37101e+10
6.27666e+10
6.28668e+10
6.29663e+10
6.30649e+10
6.31627e+10
6.32598e+10
6.33561e+10
6.34516e+10
6.35465e+10
6.36406e+10
6.26634e+10
6.27674e+10
6.28705e+10
6.29728e+10
6.30743e+10
6.31749e+10
6.32749e+10
6.3374e+10
6.34724e+10
6.35701e+10
6.25352e+10
6.26456e+10
6.2755e+10
6.28637e+10
6.29715e+10
6.30784e+10
6.31846e+10
6.32899e+10
6.33945e+10
6.34983e+10
6.24636e+10
6.25743e+10
6.26841e+10
6.2793e+10
6.29011e+10
6.30083e+10
6.31148e+10
6.32204e+10
6.33253e+10
6.34294e+10
6.23969e+10
6.25073e+10
6.26169e+10
6.27255e+10
6.28333e+10
6.29403e+10
6.30465e+10
6.31519e+10
6.32565e+10
6.33603e+10
6.2351e+10
6.24587e+10
6.25656e+10
6.26717e+10
6.27769e+10
6.28813e+10
6.29849e+10
6.30878e+10
6.31898e+10
6.32911e+10
6.23421e+10
6.24432e+10
6.25435e+10
6.2643e+10
6.27417e+10
6.28396e+10
6.29367e+10
6.30332e+10
6.31288e+10
6.32238e+10
6.22486e+10
6.23522e+10
6.24549e+10
6.25569e+10
6.2658e+10
6.27584e+10
6.2858e+10
6.29568e+10
6.30548e+10
6.31522e+10
6.20857e+10
6.21993e+10
6.2312e+10
6.24238e+10
6.25347e+10
6.26448e+10
6.27541e+10
6.28625e+10
6.29702e+10
6.3077e+10
6.20127e+10
6.21266e+10
6.22395e+10
6.23516e+10
6.24628e+10
6.25732e+10
6.26827e+10
6.27915e+10
6.28994e+10
6.30065e+10
6.19464e+10
6.20598e+10
6.21723e+10
6.2284e+10
6.23947e+10
6.25047e+10
6.26138e+10
6.27221e+10
6.28295e+10
6.29362e+10
6.19545e+10
6.20594e+10
6.21635e+10
6.22668e+10
6.23692e+10
6.24709e+10
6.25717e+10
6.26718e+10
6.27712e+10
6.28698e+10
6.18859e+10
6.19907e+10
6.20946e+10
6.21976e+10
6.22999e+10
6.24013e+10
6.2502e+10
6.26019e+10
6.2701e+10
6.27994e+10
6.17628e+10
6.18732e+10
6.19827e+10
6.20914e+10
6.21993e+10
6.23063e+10
6.24124e+10
6.25178e+10
6.26224e+10
6.27263e+10
6.16559e+10
6.17703e+10
6.18837e+10
6.19963e+10
6.2108e+10
6.22188e+10
6.23288e+10
6.2438e+10
6.25464e+10
6.2654e+10
6.15885e+10
6.17025e+10
6.18157e+10
6.19279e+10
6.20393e+10
6.21499e+10
6.22596e+10
6.23685e+10
6.24766e+10
6.25839e+10
6.15737e+10
6.16818e+10
6.17891e+10
6.18955e+10
6.20011e+10
6.21059e+10
6.22098e+10
6.2313e+10
6.24154e+10
6.2517e+10
6.15573e+10
6.16596e+10
6.17612e+10
6.18619e+10
6.19619e+10
6.2061e+10
6.21594e+10
6.2257e+10
6.23539e+10
6.24501e+10
6.14725e+10
6.15765e+10
6.16797e+10
6.1782e+10
6.18836e+10
6.19843e+10
6.20843e+10
6.21835e+10
6.22819e+10
6.23796e+10
6.13162e+10
6.14296e+10
6.15421e+10
6.16537e+10
6.17644e+10
6.18743e+10
6.19833e+10
6.20915e+10
6.2199e+10
6.23056e+10
6.12435e+10
6.13572e+10
6.147e+10
6.15819e+10
6.1693e+10
6.18032e+10
6.19126e+10
6.20211e+10
6.21289e+10
6.22358e+10
6.11769e+10
6.12904e+10
6.14031e+10
6.15148e+10
6.16258e+10
6.17358e+10
6.1845e+10
6.19534e+10
6.2061e+10
6.21678e+10
6.11182e+10
6.12308e+10
6.13425e+10
6.14533e+10
6.15633e+10
6.16724e+10
6.17807e+10
6.18882e+10
6.19949e+10
6.21008e+10
6.11389e+10
6.1242e+10
6.13442e+10
6.14456e+10
6.15462e+10
6.16461e+10
6.17451e+10
6.18434e+10
6.19409e+10
6.20377e+10
6.10819e+10
6.11838e+10
6.12849e+10
6.13852e+10
6.14847e+10
6.15834e+10
6.16814e+10
6.17786e+10
6.18751e+10
6.19708e+10
6.09524e+10
6.1061e+10
6.11688e+10
6.12757e+10
6.13818e+10
6.1487e+10
6.15915e+10
6.16951e+10
6.1798e+10
6.19001e+10
6.08657e+10
6.09765e+10
6.10864e+10
6.11954e+10
6.13036e+10
6.1411e+10
6.15175e+10
6.16233e+10
6.17282e+10
6.18324e+10
6.08055e+10
6.09158e+10
6.10253e+10
6.11339e+10
6.12416e+10
6.13486e+10
6.14547e+10
6.156e+10
6.16645e+10
6.17682e+10
6.08001e+10
6.09041e+10
6.10072e+10
6.11095e+10
6.1211e+10
6.13117e+10
6.14116e+10
6.15108e+10
6.16092e+10
6.17068e+10
6.07772e+10
6.08767e+10
6.09754e+10
6.10733e+10
6.11704e+10
6.12667e+10
6.13623e+10
6.14571e+10
6.15512e+10
6.16446e+10
6.0695e+10
6.07964e+10
6.0897e+10
6.09968e+10
6.10958e+10
6.1194e+10
6.12915e+10
6.13882e+10
6.14841e+10
6.15793e+10
6.05864e+10
6.06926e+10
6.0798e+10
6.09025e+10
6.10062e+10
6.1109e+10
6.12111e+10
6.13124e+10
6.14129e+10
6.15127e+10
6.05258e+10
6.0632e+10
6.07373e+10
6.08418e+10
6.09454e+10
6.10483e+10
6.11503e+10
6.12516e+10
6.13521e+10
6.14518e+10
6.04999e+10
6.06024e+10
6.07041e+10
6.0805e+10
6.09051e+10
6.10043e+10
6.11028e+10
6.12006e+10
6.12976e+10
6.13939e+10
6.05115e+10
6.06063e+10
6.07004e+10
6.07936e+10
6.08861e+10
6.09779e+10
6.10689e+10
6.11592e+10
6.12488e+10
6.13378e+10
6.04897e+10
6.05804e+10
6.06704e+10
6.07596e+10
6.08481e+10
6.09358e+10
6.10229e+10
6.11093e+10
6.1195e+10
6.128e+10
6.03415e+10
6.04418e+10
6.05412e+10
6.06399e+10
6.07378e+10
6.08349e+10
6.09312e+10
6.10268e+10
6.11217e+10
6.12158e+10
6.02827e+10
6.03831e+10
6.04826e+10
6.05813e+10
6.06792e+10
6.07764e+10
6.08727e+10
6.09684e+10
6.10633e+10
6.11574e+10
6.02295e+10
6.03297e+10
6.04291e+10
6.05277e+10
6.06255e+10
6.07226e+10
6.08188e+10
6.09144e+10
6.10091e+10
6.11032e+10
6.01788e+10
6.02787e+10
6.03777e+10
6.04759e+10
6.05733e+10
6.067e+10
6.07659e+10
6.0861e+10
6.09554e+10
6.10491e+10
6.01906e+10
6.02833e+10
6.03752e+10
6.04664e+10
6.05568e+10
6.06465e+10
6.07355e+10
6.08238e+10
6.09113e+10
6.09982e+10
6.01852e+10
6.02726e+10
6.03593e+10
6.04452e+10
6.05305e+10
6.0615e+10
6.06989e+10
6.07821e+10
6.08646e+10
6.09465e+10
6.01076e+10
6.01975e+10
6.02867e+10
6.03752e+10
6.04629e+10
6.05499e+10
6.06362e+10
6.07218e+10
6.08068e+10
6.0891e+10
6.0036e+10
6.01283e+10
6.02198e+10
6.03105e+10
6.04005e+10
6.04897e+10
6.05783e+10
6.06661e+10
6.07532e+10
6.08397e+10
5.9989e+10
6.00811e+10
6.01723e+10
6.02629e+10
6.03526e+10
6.04417e+10
6.053e+10
6.06177e+10
6.07046e+10
6.07909e+10
5.99762e+10
6.00643e+10
6.01517e+10
6.02384e+10
6.03243e+10
6.04096e+10
6.04941e+10
6.0578e+10
6.06613e+10
6.07438e+10
5.99706e+10
6.0054e+10
6.01368e+10
6.02188e+10
6.03002e+10
6.03809e+10
6.04609e+10
6.05403e+10
6.0619e+10
6.06971e+10
5.99516e+10
6.00318e+10
6.01113e+10
6.01902e+10
6.02684e+10
6.03459e+10
6.04228e+10
6.04991e+10
6.05747e+10
6.06498e+10
5.98698e+10
5.99537e+10
6.0037e+10
6.01195e+10
6.02013e+10
6.02825e+10
6.0363e+10
6.04428e+10
6.0522e+10
6.06006e+10
5.98264e+10
5.99104e+10
5.99937e+10
6.00762e+10
6.01581e+10
6.02394e+10
6.03199e+10
6.03998e+10
6.04791e+10
6.05577e+10
5.98002e+10
5.98824e+10
5.99639e+10
6.00447e+10
6.01249e+10
6.02043e+10
6.02831e+10
6.03613e+10
6.04388e+10
6.05158e+10
5.98057e+10
5.98827e+10
5.9959e+10
6.00346e+10
6.01096e+10
6.0184e+10
6.02577e+10
6.03309e+10
6.04034e+10
6.04754e+10
5.98401e+10
5.99086e+10
5.99766e+10
6.0044e+10
6.01108e+10
6.0177e+10
6.02427e+10
6.03078e+10
6.03724e+10
6.04364e+10
5.97405e+10
5.98152e+10
5.98893e+10
5.99628e+10
6.00356e+10
6.01078e+10
6.01794e+10
6.02504e+10
6.03209e+10
6.03907e+10
5.96964e+10
5.97715e+10
5.98459e+10
5.99197e+10
5.99929e+10
6.00654e+10
6.01373e+10
6.02087e+10
6.02794e+10
6.03496e+10
5.96566e+10
5.97316e+10
5.9806e+10
5.98797e+10
5.99528e+10
6.00253e+10
6.00972e+10
6.01685e+10
6.02392e+10
6.03093e+10
5.96177e+10
5.96926e+10
5.97668e+10
5.98404e+10
5.99133e+10
5.99857e+10
6.00574e+10
6.01285e+10
6.01991e+10
6.02691e+10
5.96199e+10
5.96901e+10
5.97598e+10
5.98288e+10
5.98972e+10
5.99651e+10
6.00324e+10
6.00991e+10
6.01653e+10
6.02309e+10
5.96193e+10
5.96853e+10
5.97506e+10
5.98154e+10
5.98796e+10
5.99433e+10
6.00064e+10
6.0069e+10
6.01311e+10
6.01926e+10
5.95722e+10
5.96389e+10
5.97049e+10
5.97705e+10
5.98354e+10
5.98998e+10
5.99636e+10
6.00269e+10
6.00897e+10
6.0152e+10
5.95144e+10
5.9583e+10
5.9651e+10
5.97183e+10
5.97851e+10
5.98514e+10
5.9917e+10
5.99822e+10
6.00467e+10
6.01108e+10
5.94814e+10
5.95492e+10
5.96164e+10
5.9683e+10
5.97491e+10
5.98145e+10
5.98794e+10
5.99438e+10
6.00076e+10
6.00709e+10
5.97294e+10
5.9768e+10
5.98062e+10
5.98441e+10
5.98816e+10
5.99188e+10
5.99557e+10
5.99922e+10
6.00284e+10
6.00643e+10
6.0082e+10
6.0082e+10
6.0082e+10
6.0082e+10
6.0082e+10
6.0082e+10
6.0082e+10
6.0082e+10
6.0082e+10
6.0082e+10
)
;

boundaryField
{
    fuelBottom
    {
        type            empty;
    }
    fuelTop_1
    {
        type            empty;
    }
    fuelOuter
    {
        type            zeroGradient;
    }
    fuelTop
    {
        type            empty;
    }
    fuelInner
    {
        type            zeroGradient;
    }
    cladBottom
    {
        type            empty;
    }
    cladInner
    {
        type            zeroGradient;
    }
    cladOuter
    {
        type            zeroGradient;
    }
    cladTop
    {
        type            empty;
    }
    front
    {
        type            wedge;
    }
    back
    {
        type            wedge;
    }
}


// ************************************************************************* //
