/*--------------------------------*- C++ -*----------------------------------*\
| =========                 |                                                 |
| \\      /  F ield         | OpenFOAM: The Open Source CFD Toolbox           |
|  \\    /   O peration     | Version:  2412                                  |
|   \\  /    A nd           | Website:  www.openfoam.com                      |
|    \\/     M anipulation  |                                                 |
\*---------------------------------------------------------------------------*/
FoamFile
{
    version     2.0;
    format      ascii;
    arch        "LSB;label=32;scalar=64";
    class       volScalarField;
    location    "583.522882481/fuelBehaviourRegion";
    object      SCIANTIX::grainModes_17;
}
// * * * * * * * * * * * * * * * * * * * * * * * * * * * * * * * * * * * * * //

dimensions      [0 0 0 0 0 0 0];

internalField   nonuniform List<scalar> 
4720
(
-1.79659e+19
-1.79659e+19
-1.79659e+19
-1.79659e+19
-1.79659e+19
-1.79659e+19
-1.79659e+19
-1.79659e+19
-1.79659e+19
-1.79659e+19
-1.79659e+19
-1.79659e+19
-1.79659e+19
-1.79659e+19
-1.79659e+19
-1.79659e+19
-1.79659e+19
-1.79659e+19
-1.79659e+19
-1.79659e+19
-1.79659e+19
-1.79659e+19
-1.79659e+19
-1.79659e+19
-1.79659e+19
-1.79659e+19
-1.79659e+19
-1.79659e+19
-1.79659e+19
-1.79659e+19
-1.79659e+19
-1.79659e+19
-1.79659e+19
-1.79659e+19
-1.79659e+19
-1.79659e+19
-1.79659e+19
-1.79659e+19
-1.79659e+19
-1.79659e+19
-1.79659e+19
-1.79659e+19
-1.79659e+19
-1.79659e+19
-1.79659e+19
-1.79659e+19
-1.79659e+19
-1.79659e+19
-1.79659e+19
-1.79659e+19
-1.79659e+19
-1.79659e+19
-1.79659e+19
-1.79659e+19
-1.79659e+19
-1.79659e+19
-1.79659e+19
-1.79659e+19
-1.79659e+19
-1.79659e+19
-1.79659e+19
-1.79659e+19
-1.79659e+19
-1.79659e+19
-1.79659e+19
-1.79659e+19
-1.79659e+19
-1.79659e+19
-1.79659e+19
-1.79659e+19
-1.79659e+19
-1.79659e+19
-1.79659e+19
-1.79659e+19
-1.79659e+19
-1.79659e+19
-1.79659e+19
-1.79659e+19
-1.79659e+19
-1.79659e+19
-1.79659e+19
-1.79659e+19
-1.79659e+19
-1.79659e+19
-1.79659e+19
-1.79659e+19
-1.79659e+19
-1.79659e+19
-1.79659e+19
-1.79659e+19
-1.79659e+19
-1.79659e+19
-1.79659e+19
-1.79659e+19
-1.79659e+19
-1.79659e+19
-1.79659e+19
-1.79659e+19
-1.79659e+19
-1.79659e+19
-1.79659e+19
-1.79659e+19
-1.79659e+19
-1.79659e+19
-1.79659e+19
-1.79659e+19
-1.79659e+19
-1.79659e+19
-1.79659e+19
-1.79659e+19
-1.79659e+19
-1.79659e+19
-1.79659e+19
-1.79659e+19
-1.79659e+19
-1.79659e+19
-1.79659e+19
-1.79659e+19
-1.79659e+19
-1.79659e+19
-1.79659e+19
-1.79659e+19
-1.79659e+19
-1.79659e+19
-1.79659e+19
-1.79659e+19
-1.79659e+19
-1.79659e+19
-1.79659e+19
-1.79659e+19
-1.79659e+19
-1.79659e+19
-1.79659e+19
-1.79659e+19
-1.79659e+19
-1.79659e+19
-1.79659e+19
-1.79659e+19
-1.79659e+19
-1.79659e+19
-1.79659e+19
-1.79659e+19
-1.79659e+19
-1.79659e+19
-1.79659e+19
-1.79659e+19
-1.79659e+19
-1.79659e+19
-1.79659e+19
-1.79659e+19
-1.79659e+19
-1.79659e+19
-1.79659e+19
-1.79659e+19
-1.79659e+19
-1.79659e+19
-1.79659e+19
-1.79659e+19
-1.79659e+19
-1.79659e+19
-1.79659e+19
-1.79659e+19
-1.79659e+19
-1.79659e+19
-1.79659e+19
-1.79659e+19
-1.79659e+19
-1.79659e+19
-1.79659e+19
-1.79659e+19
-1.79659e+19
-1.79659e+19
-1.79659e+19
-1.79659e+19
-1.79659e+19
-1.79659e+19
-1.79659e+19
-1.79659e+19
-1.79659e+19
-1.79659e+19
-1.98387e+19
-1.98387e+19
-1.98387e+19
-1.98387e+19
-1.98387e+19
-1.98387e+19
-1.98387e+19
-1.98387e+19
-1.98387e+19
-1.98387e+19
-1.98387e+19
-1.98387e+19
-1.98387e+19
-1.98387e+19
-1.98387e+19
-1.98387e+19
-1.98387e+19
-1.98387e+19
-1.98387e+19
-1.98387e+19
-1.98387e+19
-1.98387e+19
-1.98387e+19
-1.98387e+19
-1.98387e+19
-1.98387e+19
-1.98387e+19
-1.98387e+19
-1.98387e+19
-1.98387e+19
-1.98387e+19
-1.98387e+19
-1.98387e+19
-1.98387e+19
-1.98387e+19
-1.98387e+19
-1.98387e+19
-1.98387e+19
-1.98387e+19
-1.98387e+19
-1.98387e+19
-1.98387e+19
-1.98387e+19
-1.98387e+19
-1.98387e+19
-1.98387e+19
-1.98387e+19
-1.98387e+19
-1.98387e+19
-1.98387e+19
-1.98387e+19
-1.98387e+19
-1.98387e+19
-1.98387e+19
-1.98387e+19
-1.98387e+19
-1.98387e+19
-1.98387e+19
-1.98387e+19
-1.98387e+19
-1.98387e+19
-1.98387e+19
-1.98387e+19
-1.98387e+19
-1.98387e+19
-1.98387e+19
-1.98387e+19
-1.98387e+19
-1.98387e+19
-1.98387e+19
-1.98387e+19
-1.98387e+19
-1.98387e+19
-1.98387e+19
-1.98387e+19
-1.98387e+19
-1.98387e+19
-1.98387e+19
-1.98387e+19
-1.98387e+19
-1.98387e+19
-1.98387e+19
-1.98387e+19
-1.98387e+19
-1.98387e+19
-1.98387e+19
-1.98387e+19
-1.98387e+19
-1.98387e+19
-1.98387e+19
-1.98387e+19
-1.98387e+19
-1.98387e+19
-1.98387e+19
-1.98387e+19
-1.98387e+19
-1.98387e+19
-1.98387e+19
-1.98387e+19
-1.98387e+19
-1.98387e+19
-1.98387e+19
-1.98387e+19
-1.98387e+19
-1.98387e+19
-1.98387e+19
-1.98387e+19
-1.98387e+19
-1.98387e+19
-1.98387e+19
-1.98387e+19
-1.98387e+19
-1.98387e+19
-1.98387e+19
-1.98387e+19
-1.98387e+19
-1.98387e+19
-1.98387e+19
-1.98387e+19
-1.98387e+19
-1.98387e+19
-1.98387e+19
-1.98387e+19
-1.98387e+19
-1.98387e+19
-1.98387e+19
-1.98387e+19
-1.98387e+19
-1.98387e+19
-1.98387e+19
-1.98387e+19
-1.98387e+19
-1.98387e+19
-1.98387e+19
-1.98387e+19
-1.98387e+19
-1.98387e+19
-1.98387e+19
-1.98387e+19
-1.98387e+19
-1.98387e+19
-1.98387e+19
-1.98387e+19
-1.98387e+19
-1.98387e+19
-1.98387e+19
-1.98387e+19
-1.98387e+19
-1.98387e+19
-1.98387e+19
-1.98387e+19
-1.98387e+19
-1.98387e+19
-1.98387e+19
-1.98387e+19
-1.98387e+19
-1.98387e+19
-1.98387e+19
-1.98387e+19
-1.98387e+19
-1.98387e+19
-1.98387e+19
-1.98387e+19
-1.98387e+19
-1.98387e+19
-1.98387e+19
-1.98387e+19
-1.98387e+19
-1.98387e+19
-1.98387e+19
-1.98387e+19
-1.98387e+19
-1.98387e+19
-1.98387e+19
-1.98387e+19
-1.98387e+19
-1.98387e+19
-1.98387e+19
-1.98387e+19
-1.98387e+19
-2.47553e+19
-2.47553e+19
-2.47553e+19
-2.47553e+19
-2.47553e+19
-2.47553e+19
-2.47553e+19
-2.47553e+19
-2.47553e+19
-2.47553e+19
-2.47553e+19
-2.47553e+19
-2.47553e+19
-2.47553e+19
-2.47553e+19
-2.47553e+19
-2.47553e+19
-2.47553e+19
-2.47553e+19
-2.47553e+19
-2.47553e+19
-2.47553e+19
-2.47553e+19
-2.47553e+19
-2.47553e+19
-2.47553e+19
-2.47553e+19
-2.47553e+19
-2.47553e+19
-2.47553e+19
-2.47553e+19
-2.47553e+19
-2.47553e+19
-2.47553e+19
-2.47553e+19
-2.47553e+19
-2.47553e+19
-2.47553e+19
-2.47553e+19
-2.47553e+19
-2.47553e+19
-2.47553e+19
-2.47553e+19
-2.47553e+19
-2.47553e+19
-2.47553e+19
-2.47553e+19
-2.47553e+19
-2.47553e+19
-2.47553e+19
-2.47553e+19
-2.47553e+19
-2.47553e+19
-2.47553e+19
-2.47553e+19
-2.47553e+19
-2.47553e+19
-2.47553e+19
-2.47553e+19
-2.47553e+19
-2.47553e+19
-2.47553e+19
-2.47553e+19
-2.47553e+19
-2.47553e+19
-2.47553e+19
-2.47553e+19
-2.47553e+19
-2.47553e+19
-2.47553e+19
-2.47553e+19
-2.47553e+19
-2.47553e+19
-2.47553e+19
-2.47553e+19
-2.47553e+19
-2.47553e+19
-2.47553e+19
-2.47553e+19
-2.47553e+19
-2.47553e+19
-2.47553e+19
-2.47553e+19
-2.47553e+19
-2.47553e+19
-2.47553e+19
-2.47553e+19
-2.47553e+19
-2.47553e+19
-2.47553e+19
-2.47553e+19
-2.47553e+19
-2.47553e+19
-2.47553e+19
-2.47553e+19
-2.47553e+19
-2.47553e+19
-2.47553e+19
-2.47553e+19
-2.47553e+19
-2.47553e+19
-2.47553e+19
-2.47553e+19
-2.47553e+19
-2.47553e+19
-2.47553e+19
-2.47553e+19
-2.47553e+19
-2.47553e+19
-2.47553e+19
-2.47553e+19
-2.47553e+19
-2.47553e+19
-2.47553e+19
-2.47553e+19
-2.47553e+19
-2.47553e+19
-2.47553e+19
-2.47553e+19
-2.47553e+19
-2.47553e+19
-2.47553e+19
-2.47553e+19
-2.47553e+19
-2.47553e+19
-2.47553e+19
-2.47553e+19
-2.47553e+19
-2.47553e+19
-2.47553e+19
-2.47553e+19
-2.47553e+19
-2.47553e+19
-2.47553e+19
-2.47553e+19
-2.47553e+19
-2.47553e+19
-2.47553e+19
-2.47553e+19
-2.47553e+19
-2.47553e+19
-2.47553e+19
-2.47553e+19
-2.47553e+19
-2.47553e+19
-2.47553e+19
-2.47553e+19
-2.47553e+19
-2.47553e+19
-2.47553e+19
-2.47553e+19
-2.47553e+19
-2.47553e+19
-2.47553e+19
-2.47553e+19
-2.47553e+19
-2.47553e+19
-2.47553e+19
-2.47553e+19
-2.47553e+19
-2.47553e+19
-2.47553e+19
-2.47553e+19
-2.47553e+19
-2.47553e+19
-2.47553e+19
-2.47553e+19
-2.47553e+19
-2.47553e+19
-2.47553e+19
-2.47553e+19
-2.47553e+19
-2.47553e+19
-2.47553e+19
-2.47553e+19
-2.47553e+19
-2.47553e+19
-2.47553e+19
-2.47553e+19
-2.47553e+19
-3.29442e+19
-3.29442e+19
-3.29442e+19
-3.29442e+19
-3.29442e+19
-3.29442e+19
-3.29442e+19
-3.29442e+19
-3.29442e+19
-3.29442e+19
-3.29442e+19
-3.29442e+19
-3.29442e+19
-3.29442e+19
-3.29442e+19
-3.29442e+19
-3.29442e+19
-3.29442e+19
-3.29442e+19
-3.29443e+19
-3.29443e+19
-3.29443e+19
-3.29443e+19
-3.29443e+19
-3.29443e+19
-3.29443e+19
-3.29443e+19
-3.29443e+19
-3.29443e+19
-3.29443e+19
-3.29442e+19
-3.29442e+19
-3.29442e+19
-3.29442e+19
-3.29442e+19
-3.29442e+19
-3.29442e+19
-3.29442e+19
-3.29442e+19
-3.29442e+19
-3.29442e+19
-3.29442e+19
-3.29442e+19
-3.29442e+19
-3.29442e+19
-3.29442e+19
-3.29442e+19
-3.29442e+19
-3.29442e+19
-3.29442e+19
-3.29443e+19
-3.29443e+19
-3.29443e+19
-3.29443e+19
-3.29443e+19
-3.29443e+19
-3.29443e+19
-3.29443e+19
-3.29443e+19
-3.29443e+19
-3.29442e+19
-3.29442e+19
-3.29442e+19
-3.29442e+19
-3.29442e+19
-3.29442e+19
-3.29442e+19
-3.29442e+19
-3.29442e+19
-3.29442e+19
-3.29442e+19
-3.29442e+19
-3.29442e+19
-3.29442e+19
-3.29442e+19
-3.29442e+19
-3.29442e+19
-3.29442e+19
-3.29442e+19
-3.29442e+19
-3.29443e+19
-3.29443e+19
-3.29443e+19
-3.29443e+19
-3.29443e+19
-3.29443e+19
-3.29443e+19
-3.29443e+19
-3.29443e+19
-3.29443e+19
-3.29442e+19
-3.29442e+19
-3.29442e+19
-3.29442e+19
-3.29442e+19
-3.29442e+19
-3.29442e+19
-3.29442e+19
-3.29442e+19
-3.29442e+19
-3.29442e+19
-3.29442e+19
-3.29442e+19
-3.29442e+19
-3.29442e+19
-3.29442e+19
-3.29442e+19
-3.29442e+19
-3.29442e+19
-3.29442e+19
-3.29443e+19
-3.29443e+19
-3.29443e+19
-3.29443e+19
-3.29443e+19
-3.29443e+19
-3.29443e+19
-3.29443e+19
-3.29443e+19
-3.29443e+19
-3.29442e+19
-3.29442e+19
-3.29442e+19
-3.29442e+19
-3.29442e+19
-3.29442e+19
-3.29442e+19
-3.29442e+19
-3.29442e+19
-3.29442e+19
-3.29442e+19
-3.29442e+19
-3.29442e+19
-3.29442e+19
-3.29442e+19
-3.29442e+19
-3.29442e+19
-3.29442e+19
-3.29442e+19
-3.29442e+19
-3.29443e+19
-3.29443e+19
-3.29443e+19
-3.29443e+19
-3.29443e+19
-3.29443e+19
-3.29443e+19
-3.29443e+19
-3.29443e+19
-3.29443e+19
-3.29442e+19
-3.29442e+19
-3.29442e+19
-3.29442e+19
-3.29442e+19
-3.29442e+19
-3.29442e+19
-3.29442e+19
-3.29442e+19
-3.29442e+19
-3.29442e+19
-3.29442e+19
-3.29442e+19
-3.29442e+19
-3.29442e+19
-3.29442e+19
-3.29442e+19
-3.29442e+19
-3.29442e+19
-3.29442e+19
-3.29442e+19
-3.29443e+19
-3.29443e+19
-3.29443e+19
-3.29443e+19
-3.29443e+19
-3.29443e+19
-3.29443e+19
-3.29443e+19
-3.29443e+19
-4.41994e+19
-4.41994e+19
-4.41994e+19
-4.41994e+19
-4.41994e+19
-4.41995e+19
-4.41995e+19
-4.41995e+19
-4.41995e+19
-4.41995e+19
-4.41996e+19
-4.41996e+19
-4.41996e+19
-4.41996e+19
-4.41996e+19
-4.41997e+19
-4.41997e+19
-4.41997e+19
-4.41997e+19
-4.41998e+19
-4.41998e+19
-4.41998e+19
-4.41998e+19
-4.41998e+19
-4.41999e+19
-4.41999e+19
-4.41999e+19
-4.41999e+19
-4.41999e+19
-4.41999e+19
-4.41993e+19
-4.41994e+19
-4.41994e+19
-4.41994e+19
-4.41994e+19
-4.41994e+19
-4.41994e+19
-4.41994e+19
-4.41995e+19
-4.41995e+19
-4.41995e+19
-4.41995e+19
-4.41996e+19
-4.41996e+19
-4.41996e+19
-4.41996e+19
-4.41997e+19
-4.41997e+19
-4.41997e+19
-4.41997e+19
-4.41998e+19
-4.41998e+19
-4.41998e+19
-4.41998e+19
-4.41998e+19
-4.41999e+19
-4.41999e+19
-4.41999e+19
-4.41999e+19
-4.41999e+19
-4.41993e+19
-4.41993e+19
-4.41993e+19
-4.41994e+19
-4.41994e+19
-4.41994e+19
-4.41994e+19
-4.41994e+19
-4.41994e+19
-4.41995e+19
-4.41995e+19
-4.41995e+19
-4.41996e+19
-4.41996e+19
-4.41996e+19
-4.41996e+19
-4.41997e+19
-4.41997e+19
-4.41997e+19
-4.41997e+19
-4.41998e+19
-4.41998e+19
-4.41998e+19
-4.41998e+19
-4.41998e+19
-4.41999e+19
-4.41999e+19
-4.41999e+19
-4.41999e+19
-4.41999e+19
-4.41993e+19
-4.41993e+19
-4.41993e+19
-4.41994e+19
-4.41994e+19
-4.41994e+19
-4.41994e+19
-4.41994e+19
-4.41994e+19
-4.41995e+19
-4.41995e+19
-4.41995e+19
-4.41995e+19
-4.41996e+19
-4.41996e+19
-4.41996e+19
-4.41997e+19
-4.41997e+19
-4.41997e+19
-4.41997e+19
-4.41998e+19
-4.41998e+19
-4.41998e+19
-4.41998e+19
-4.41998e+19
-4.41999e+19
-4.41999e+19
-4.41999e+19
-4.41999e+19
-4.41999e+19
-4.41993e+19
-4.41993e+19
-4.41993e+19
-4.41993e+19
-4.41993e+19
-4.41993e+19
-4.41994e+19
-4.41994e+19
-4.41994e+19
-4.41994e+19
-4.41995e+19
-4.41995e+19
-4.41995e+19
-4.41996e+19
-4.41996e+19
-4.41996e+19
-4.41996e+19
-4.41997e+19
-4.41997e+19
-4.41997e+19
-4.41998e+19
-4.41998e+19
-4.41998e+19
-4.41998e+19
-4.41998e+19
-4.41999e+19
-4.41999e+19
-4.41999e+19
-4.41999e+19
-4.41999e+19
-4.41989e+19
-4.41989e+19
-4.41989e+19
-4.4199e+19
-4.4199e+19
-4.4199e+19
-4.4199e+19
-4.41991e+19
-4.41991e+19
-4.41991e+19
-4.41992e+19
-4.41992e+19
-4.41993e+19
-4.41993e+19
-4.41994e+19
-4.41994e+19
-4.41995e+19
-4.41995e+19
-4.41996e+19
-4.41996e+19
-4.41997e+19
-4.41997e+19
-4.41997e+19
-4.41998e+19
-4.41998e+19
-4.41998e+19
-4.41998e+19
-4.41999e+19
-4.41999e+19
-4.41999e+19
-2.12137e+20
-2.12166e+20
-2.12221e+20
-2.12302e+20
-2.12408e+20
-2.12539e+20
-2.12692e+20
-2.12867e+20
-2.13063e+20
-2.13278e+20
-2.1351e+20
-2.13753e+20
-2.14004e+20
-2.14257e+20
-2.14506e+20
-2.14745e+20
-2.14969e+20
-2.15175e+20
-2.15359e+20
-2.15522e+20
-2.15662e+20
-2.15782e+20
-2.15881e+20
-2.15962e+20
-2.16027e+20
-2.16077e+20
-2.16115e+20
-2.16143e+20
-2.16162e+20
-2.16175e+20
-2.11527e+20
-2.11557e+20
-2.11615e+20
-2.11699e+20
-2.11809e+20
-2.11945e+20
-2.12106e+20
-2.12292e+20
-2.12502e+20
-2.12735e+20
-2.1299e+20
-2.13264e+20
-2.13552e+20
-2.13848e+20
-2.14145e+20
-2.14434e+20
-2.14709e+20
-2.14962e+20
-2.1519e+20
-2.15389e+20
-2.15561e+20
-2.15706e+20
-2.15826e+20
-2.15924e+20
-2.16001e+20
-2.1606e+20
-2.16105e+20
-2.16137e+20
-2.16159e+20
-2.16174e+20
-2.1151e+20
-2.1154e+20
-2.11597e+20
-2.11682e+20
-2.11793e+20
-2.11929e+20
-2.1209e+20
-2.12276e+20
-2.12486e+20
-2.1272e+20
-2.12976e+20
-2.1325e+20
-2.1354e+20
-2.13837e+20
-2.14135e+20
-2.14426e+20
-2.14702e+20
-2.14957e+20
-2.15186e+20
-2.15386e+20
-2.15559e+20
-2.15705e+20
-2.15826e+20
-2.15923e+20
-2.16001e+20
-2.1606e+20
-2.16105e+20
-2.16137e+20
-2.16159e+20
-2.16174e+20
-2.1149e+20
-2.11519e+20
-2.11577e+20
-2.11661e+20
-2.11772e+20
-2.11907e+20
-2.12068e+20
-2.12254e+20
-2.12464e+20
-2.12698e+20
-2.12954e+20
-2.13228e+20
-2.13518e+20
-2.13816e+20
-2.14116e+20
-2.14408e+20
-2.14686e+20
-2.14943e+20
-2.15173e+20
-2.15376e+20
-2.15551e+20
-2.15698e+20
-2.1582e+20
-2.15919e+20
-2.15997e+20
-2.16058e+20
-2.16103e+20
-2.16136e+20
-2.16158e+20
-2.16173e+20
-2.11617e+20
-2.11647e+20
-2.11706e+20
-2.11792e+20
-2.11904e+20
-2.12042e+20
-2.12205e+20
-2.12393e+20
-2.12606e+20
-2.12842e+20
-2.13099e+20
-2.13374e+20
-2.13661e+20
-2.13954e+20
-2.14246e+20
-2.14529e+20
-2.14795e+20
-2.15038e+20
-2.15256e+20
-2.15446e+20
-2.15609e+20
-2.15746e+20
-2.15858e+20
-2.15949e+20
-2.1602e+20
-2.16075e+20
-2.16115e+20
-2.16144e+20
-2.16164e+20
-2.16177e+20
-2.40588e+20
-2.40632e+20
-2.40717e+20
-2.40838e+20
-2.40992e+20
-2.41176e+20
-2.41386e+20
-2.41623e+20
-2.41885e+20
-2.42173e+20
-2.4249e+20
-2.42839e+20
-2.4322e+20
-2.43636e+20
-2.44083e+20
-2.44554e+20
-2.45034e+20
-2.45508e+20
-2.45956e+20
-2.46364e+20
-2.4672e+20
-2.47023e+20
-2.47272e+20
-2.47472e+20
-2.4763e+20
-2.47749e+20
-2.47837e+20
-2.47899e+20
-2.4794e+20
-2.47967e+20
-2.40253e+20
-2.403e+20
-2.4039e+20
-2.40519e+20
-2.40683e+20
-2.40876e+20
-2.41096e+20
-2.4134e+20
-2.41607e+20
-2.41898e+20
-2.42215e+20
-2.4256e+20
-2.42938e+20
-2.43351e+20
-2.43797e+20
-2.44272e+20
-2.44766e+20
-2.45261e+20
-2.45737e+20
-2.46177e+20
-2.46567e+20
-2.469e+20
-2.47176e+20
-2.474e+20
-2.47576e+20
-2.4771e+20
-2.4781e+20
-2.47881e+20
-2.47929e+20
-2.4796e+20
-2.40225e+20
-2.40272e+20
-2.40363e+20
-2.40493e+20
-2.40657e+20
-2.40851e+20
-2.41072e+20
-2.41317e+20
-2.41585e+20
-2.41876e+20
-2.42193e+20
-2.42539e+20
-2.42916e+20
-2.43329e+20
-2.43775e+20
-2.44251e+20
-2.44746e+20
-2.45242e+20
-2.45721e+20
-2.46163e+20
-2.46556e+20
-2.46891e+20
-2.4717e+20
-2.47395e+20
-2.47572e+20
-2.47708e+20
-2.47808e+20
-2.4788e+20
-2.47928e+20
-2.47959e+20
-2.40196e+20
-2.40244e+20
-2.40335e+20
-2.40465e+20
-2.4063e+20
-2.40825e+20
-2.41047e+20
-2.41293e+20
-2.41561e+20
-2.41853e+20
-2.4217e+20
-2.42515e+20
-2.42893e+20
-2.43304e+20
-2.4375e+20
-2.44226e+20
-2.44722e+20
-2.4522e+20
-2.45701e+20
-2.46146e+20
-2.46541e+20
-2.46879e+20
-2.4716e+20
-2.47387e+20
-2.47566e+20
-2.47704e+20
-2.47805e+20
-2.47878e+20
-2.47927e+20
-2.47959e+20
-2.40173e+20
-2.40221e+20
-2.40312e+20
-2.40443e+20
-2.40609e+20
-2.40805e+20
-2.41027e+20
-2.41273e+20
-2.41542e+20
-2.41834e+20
-2.42151e+20
-2.42496e+20
-2.42872e+20
-2.43284e+20
-2.43729e+20
-2.44205e+20
-2.447e+20
-2.45199e+20
-2.45682e+20
-2.46129e+20
-2.46527e+20
-2.46868e+20
-2.47151e+20
-2.4738e+20
-2.47561e+20
-2.477e+20
-2.47802e+20
-2.47876e+20
-2.47926e+20
-2.47958e+20
-2.40346e+20
-2.40392e+20
-2.40481e+20
-2.40609e+20
-2.4077e+20
-2.40962e+20
-2.41181e+20
-2.41424e+20
-2.41692e+20
-2.41984e+20
-2.42303e+20
-2.42652e+20
-2.43034e+20
-2.43451e+20
-2.43902e+20
-2.4438e+20
-2.44873e+20
-2.45363e+20
-2.45832e+20
-2.46261e+20
-2.46639e+20
-2.4696e+20
-2.47225e+20
-2.47438e+20
-2.47605e+20
-2.47732e+20
-2.47826e+20
-2.47891e+20
-2.47936e+20
-2.47964e+20
-2.6489e+20
-2.64988e+20
-2.65174e+20
-2.65435e+20
-2.6576e+20
-2.66133e+20
-2.66541e+20
-2.66972e+20
-2.67417e+20
-2.67868e+20
-2.68322e+20
-2.6878e+20
-2.69249e+20
-2.69738e+20
-2.70259e+20
-2.70822e+20
-2.71434e+20
-2.7209e+20
-2.72773e+20
-2.73452e+20
-2.74089e+20
-2.74656e+20
-2.75135e+20
-2.75524e+20
-2.75829e+20
-2.7606e+20
-2.7623e+20
-2.76348e+20
-2.76427e+20
-2.76477e+20
-2.64267e+20
-2.64374e+20
-2.64579e+20
-2.64866e+20
-2.65222e+20
-2.65632e+20
-2.66079e+20
-2.66549e+20
-2.67032e+20
-2.67518e+20
-2.68001e+20
-2.68483e+20
-2.68968e+20
-2.69464e+20
-2.69984e+20
-2.70541e+20
-2.71146e+20
-2.71801e+20
-2.72491e+20
-2.7319e+20
-2.73859e+20
-2.74465e+20
-2.74984e+20
-2.75408e+20
-2.75743e+20
-2.75999e+20
-2.76187e+20
-2.7632e+20
-2.7641e+20
-2.76466e+20
-2.64196e+20
-2.64304e+20
-2.64511e+20
-2.64801e+20
-2.65161e+20
-2.65575e+20
-2.66026e+20
-2.66502e+20
-2.66989e+20
-2.67479e+20
-2.67966e+20
-2.68451e+20
-2.68937e+20
-2.69435e+20
-2.69955e+20
-2.70512e+20
-2.71117e+20
-2.71771e+20
-2.72462e+20
-2.73163e+20
-2.73836e+20
-2.74445e+20
-2.74968e+20
-2.75396e+20
-2.75734e+20
-2.75992e+20
-2.76183e+20
-2.76317e+20
-2.76408e+20
-2.76465e+20
-2.64144e+20
-2.64253e+20
-2.64461e+20
-2.64754e+20
-2.65116e+20
-2.65532e+20
-2.65987e+20
-2.66466e+20
-2.66956e+20
-2.67448e+20
-2.67938e+20
-2.68425e+20
-2.68913e+20
-2.6941e+20
-2.69931e+20
-2.70487e+20
-2.71091e+20
-2.71744e+20
-2.72435e+20
-2.73136e+20
-2.73812e+20
-2.74425e+20
-2.74951e+20
-2.75383e+20
-2.75724e+20
-2.75985e+20
-2.76178e+20
-2.76314e+20
-2.76406e+20
-2.76464e+20
-2.64518e+20
-2.64622e+20
-2.64819e+20
-2.65098e+20
-2.65443e+20
-2.6584e+20
-2.66273e+20
-2.66729e+20
-2.67197e+20
-2.6767e+20
-2.68143e+20
-2.68617e+20
-2.69096e+20
-2.69591e+20
-2.70114e+20
-2.70677e+20
-2.7129e+20
-2.7195e+20
-2.72641e+20
-2.73333e+20
-2.7399e+20
-2.74577e+20
-2.75075e+20
-2.7548e+20
-2.75798e+20
-2.76039e+20
-2.76216e+20
-2.7634e+20
-2.76422e+20
-2.76474e+20
-2.81946e+20
-2.82133e+20
-2.82487e+20
-2.82987e+20
-2.83605e+20
-2.84314e+20
-2.85084e+20
-2.85889e+20
-2.86701e+20
-2.87501e+20
-2.88271e+20
-2.89003e+20
-2.89694e+20
-2.90351e+20
-2.90991e+20
-2.91635e+20
-2.92311e+20
-2.93042e+20
-2.9384e+20
-2.94691e+20
-2.95556e+20
-2.96378e+20
-2.97106e+20
-2.97711e+20
-2.98189e+20
-2.98552e+20
-2.98817e+20
-2.99002e+20
-2.99123e+20
-2.99198e+20
-2.80767e+20
-2.80971e+20
-2.81359e+20
-2.81907e+20
-2.82586e+20
-2.83365e+20
-2.84214e+20
-2.85101e+20
-2.85998e+20
-2.86881e+20
-2.8773e+20
-2.88532e+20
-2.89282e+20
-2.89985e+20
-2.90655e+20
-2.91314e+20
-2.91989e+20
-2.9271e+20
-2.93495e+20
-2.94344e+20
-2.95226e+20
-2.96085e+20
-2.96863e+20
-2.9752e+20
-2.98047e+20
-2.98449e+20
-2.98746e+20
-2.98955e+20
-2.99094e+20
-2.99182e+20
-2.80619e+20
-2.80825e+20
-2.81218e+20
-2.81772e+20
-2.82458e+20
-2.83247e+20
-2.84105e+20
-2.85003e+20
-2.85911e+20
-2.86804e+20
-2.87663e+20
-2.88474e+20
-2.89232e+20
-2.89942e+20
-2.90616e+20
-2.91277e+20
-2.91952e+20
-2.92673e+20
-2.93457e+20
-2.94306e+20
-2.95189e+20
-2.96052e+20
-2.96836e+20
-2.97499e+20
-2.98031e+20
-2.98438e+20
-2.98739e+20
-2.9895e+20
-2.99091e+20
-2.9918e+20
-2.80525e+20
-2.80733e+20
-2.81128e+20
-2.81685e+20
-2.82376e+20
-2.83169e+20
-2.84033e+20
-2.84937e+20
-2.85851e+20
-2.86751e+20
-2.87616e+20
-2.88433e+20
-2.89196e+20
-2.89909e+20
-2.90586e+20
-2.91248e+20
-2.91924e+20
-2.92642e+20
-2.93425e+20
-2.94273e+20
-2.95156e+20
-2.96022e+20
-2.9681e+20
-2.97478e+20
-2.98015e+20
-2.98426e+20
-2.9873e+20
-2.98944e+20
-2.99088e+20
-2.99178e+20
-2.81521e+20
-2.81715e+20
-2.82084e+20
-2.82604e+20
-2.83247e+20
-2.83984e+20
-2.84786e+20
-2.85622e+20
-2.86467e+20
-2.87298e+20
-2.88098e+20
-2.88855e+20
-2.89567e+20
-2.90241e+20
-2.90891e+20
-2.91542e+20
-2.92221e+20
-2.92953e+20
-2.93752e+20
-2.94607e+20
-2.95481e+20
-2.96316e+20
-2.97058e+20
-2.97676e+20
-2.98165e+20
-2.98536e+20
-2.98807e+20
-2.98996e+20
-2.9912e+20
-2.99197e+20
-2.93451e+20
-2.93751e+20
-2.94324e+20
-2.95133e+20
-2.96138e+20
-2.97296e+20
-2.98561e+20
-2.99887e+20
-3.0123e+20
-3.0255e+20
-3.03813e+20
-3.04993e+20
-3.06074e+20
-3.07053e+20
-3.07939e+20
-3.08758e+20
-3.09544e+20
-3.10343e+20
-3.11198e+20
-3.12133e+20
-3.1314e+20
-3.14165e+20
-3.15127e+20
-3.15958e+20
-3.16628e+20
-3.1714e+20
-3.17513e+20
-3.17772e+20
-3.17942e+20
-3.18046e+20
-2.91355e+20
-2.91683e+20
-2.92309e+20
-2.93194e+20
-2.94297e+20
-2.95571e+20
-2.96967e+20
-2.98436e+20
-2.99929e+20
-3.01403e+20
-3.02817e+20
-3.04141e+20
-3.05354e+20
-3.06446e+20
-3.07424e+20
-3.08308e+20
-3.0913e+20
-3.09938e+20
-3.1078e+20
-3.11695e+20
-3.12694e+20
-3.13738e+20
-3.14752e+20
-3.15654e+20
-3.16397e+20
-3.16972e+20
-3.17397e+20
-3.17696e+20
-3.17895e+20
-3.18019e+20
-2.91161e+20
-2.91491e+20
-2.92122e+20
-2.93015e+20
-2.94127e+20
-2.95412e+20
-2.96821e+20
-2.98303e+20
-2.99811e+20
-3.01299e+20
-3.02728e+20
-3.04065e+20
-3.0529e+20
-3.06394e+20
-3.07381e+20
-3.0827e+20
-3.09097e+20
-3.09907e+20
-3.10749e+20
-3.11663e+20
-3.12661e+20
-3.13707e+20
-3.14725e+20
-3.15633e+20
-3.16381e+20
-3.16961e+20
-3.17389e+20
-3.17691e+20
-3.17892e+20
-3.18017e+20
-2.90973e+20
-2.91305e+20
-2.91941e+20
-2.9284e+20
-2.93961e+20
-2.95256e+20
-2.96676e+20
-2.98171e+20
-2.99692e+20
-3.01194e+20
-3.02636e+20
-3.03986e+20
-3.05224e+20
-3.06338e+20
-3.07333e+20
-3.0823e+20
-3.0906e+20
-3.09871e+20
-3.10712e+20
-3.11625e+20
-3.12622e+20
-3.13669e+20
-3.1469e+20
-3.15604e+20
-3.16359e+20
-3.16945e+20
-3.17378e+20
-3.17683e+20
-3.17887e+20
-3.18014e+20
-2.90807e+20
-2.91142e+20
-2.91781e+20
-2.92686e+20
-2.93813e+20
-2.95116e+20
-2.96545e+20
-2.98051e+20
-2.99583e+20
-3.01097e+20
-3.02551e+20
-3.03913e+20
-3.0516e+20
-3.06284e+20
-3.07288e+20
-3.0819e+20
-3.09024e+20
-3.09836e+20
-3.10676e+20
-3.11587e+20
-3.12582e+20
-3.13629e+20
-3.14653e+20
-3.15573e+20
-3.16335e+20
-3.16927e+20
-3.17365e+20
-3.17675e+20
-3.17882e+20
-3.18011e+20
-2.92178e+20
-2.92496e+20
-2.93103e+20
-2.93962e+20
-2.9503e+20
-2.96263e+20
-2.97611e+20
-2.99027e+20
-3.00465e+20
-3.0188e+20
-3.03236e+20
-3.04503e+20
-3.05663e+20
-3.06709e+20
-3.07649e+20
-3.08505e+20
-3.09313e+20
-3.10117e+20
-3.10967e+20
-3.11895e+20
-3.12902e+20
-3.13942e+20
-3.14936e+20
-3.15807e+20
-3.16515e+20
-3.17059e+20
-3.17458e+20
-3.17737e+20
-3.17921e+20
-3.18034e+20
-2.98578e+20
-2.98991e+20
-2.99782e+20
-3.00903e+20
-3.02303e+20
-3.03927e+20
-3.05713e+20
-3.07602e+20
-3.0953e+20
-3.1144e+20
-3.13279e+20
-3.15001e+20
-3.16575e+20
-3.17981e+20
-3.19219e+20
-3.20305e+20
-3.21274e+20
-3.22181e+20
-3.23087e+20
-3.24056e+20
-3.2512e+20
-3.26262e+20
-3.27404e+20
-3.28444e+20
-3.2931e+20
-3.29981e+20
-3.30475e+20
-3.3082e+20
-3.31047e+20
-3.31186e+20
-2.96215e+20
-2.96655e+20
-2.97497e+20
-2.98694e+20
-3.00192e+20
-3.01933e+20
-3.03855e+20
-3.05894e+20
-3.07985e+20
-3.10066e+20
-3.12078e+20
-3.13971e+20
-3.15707e+20
-3.17261e+20
-3.18626e+20
-3.19814e+20
-3.20856e+20
-3.21803e+20
-3.22719e+20
-3.23674e+20
-3.24717e+20
-3.25854e+20
-3.27022e+20
-3.2812e+20
-3.29057e+20
-3.29796e+20
-3.30346e+20
-3.30734e+20
-3.30994e+20
-3.31155e+20
-2.95953e+20
-2.96396e+20
-2.97245e+20
-2.9845e+20
-2.99959e+20
-3.01713e+20
-3.03651e+20
-3.05707e+20
-3.07817e+20
-3.09916e+20
-3.11948e+20
-3.1386e+20
-3.15614e+20
-3.17185e+20
-3.18564e+20
-3.19764e+20
-3.20815e+20
-3.21766e+20
-3.22685e+20
-3.23639e+20
-3.24681e+20
-3.25817e+20
-3.26988e+20
-3.28091e+20
-3.29035e+20
-3.2978e+20
-3.30335e+20
-3.30727e+20
-3.3099e+20
-3.31153e+20
-2.95745e+20
-2.9619e+20
-2.97043e+20
-2.98253e+20
-2.9977e+20
-3.01533e+20
-3.03482e+20
-3.0555e+20
-3.07673e+20
-3.09787e+20
-3.11833e+20
-3.1376e+20
-3.15529e+20
-3.17113e+20
-3.18505e+20
-3.19714e+20
-3.20772e+20
-3.21728e+20
-3.22648e+20
-3.236e+20
-3.2464e+20
-3.25774e+20
-3.26946e+20
-3.28054e+20
-3.29005e+20
-3.29758e+20
-3.30319e+20
-3.30717e+20
-3.30983e+20
-3.31149e+20
-2.9754e+20
-2.97966e+20
-2.98782e+20
-2.99939e+20
-3.01386e+20
-3.03064e+20
-3.04914e+20
-3.06872e+20
-3.08875e+20
-3.10862e+20
-3.12778e+20
-3.14576e+20
-3.1622e+20
-3.17689e+20
-3.18981e+20
-3.20109e+20
-3.21108e+20
-3.22031e+20
-3.22942e+20
-3.23907e+20
-3.24966e+20
-3.26109e+20
-3.27265e+20
-3.28329e+20
-3.29222e+20
-3.29919e+20
-3.30432e+20
-3.30792e+20
-3.3103e+20
-3.31176e+20
-3.00242e+20
-3.00723e+20
-3.01644e+20
-3.02953e+20
-3.04594e+20
-3.06503e+20
-3.08614e+20
-3.10857e+20
-3.13161e+20
-3.15457e+20
-3.17679e+20
-3.19771e+20
-3.21689e+20
-3.23403e+20
-3.24903e+20
-3.26199e+20
-3.27322e+20
-3.28328e+20
-3.29286e+20
-3.30274e+20
-3.31355e+20
-3.32539e+20
-3.33766e+20
-3.34923e+20
-3.35911e+20
-3.36688e+20
-3.37262e+20
-3.37664e+20
-3.3793e+20
-3.38093e+20
-2.97623e+20
-2.9813e+20
-2.99103e+20
-3.00488e+20
-3.02227e+20
-3.04256e+20
-3.06506e+20
-3.08907e+20
-3.11384e+20
-3.13864e+20
-3.16277e+20
-3.18561e+20
-3.20665e+20
-3.22553e+20
-3.24207e+20
-3.25633e+20
-3.26855e+20
-3.27924e+20
-3.2891e+20
-3.29894e+20
-3.30951e+20
-3.32117e+20
-3.33356e+20
-3.34563e+20
-3.35623e+20
-3.36474e+20
-3.37112e+20
-3.37565e+20
-3.37868e+20
-3.38058e+20
-2.97282e+20
-2.97793e+20
-2.98772e+20
-3.00167e+20
-3.01919e+20
-3.03965e+20
-3.06234e+20
-3.08656e+20
-3.11156e+20
-3.1366e+20
-3.16098e+20
-3.18407e+20
-3.20535e+20
-3.22446e+20
-3.24121e+20
-3.25563e+20
-3.26799e+20
-3.27877e+20
-3.28867e+20
-3.29852e+20
-3.30908e+20
-3.32072e+20
-3.33312e+20
-3.34524e+20
-3.35593e+20
-3.36452e+20
-3.37097e+20
-3.37555e+20
-3.37862e+20
-3.38054e+20
-2.97072e+20
-2.97585e+20
-2.98568e+20
-2.99968e+20
-3.01726e+20
-3.0378e+20
-3.06059e+20
-3.08492e+20
-3.11004e+20
-3.13522e+20
-3.15975e+20
-3.18299e+20
-3.20443e+20
-3.22368e+20
-3.24056e+20
-3.2551e+20
-3.26755e+20
-3.27839e+20
-3.28832e+20
-3.29817e+20
-3.3087e+20
-3.32031e+20
-3.33271e+20
-3.34486e+20
-3.35562e+20
-3.36428e+20
-3.37079e+20
-3.37543e+20
-3.37854e+20
-3.38049e+20
-2.99539e+20
-3.00028e+20
-3.00964e+20
-3.02296e+20
-3.03965e+20
-3.05908e+20
-3.08059e+20
-3.10347e+20
-3.12699e+20
-3.15045e+20
-3.1732e+20
-3.19463e+20
-3.21431e+20
-3.2319e+20
-3.2473e+20
-3.26058e+20
-3.27206e+20
-3.28227e+20
-3.29192e+20
-3.30179e+20
-3.31255e+20
-3.32437e+20
-3.33669e+20
-3.3484e+20
-3.35847e+20
-3.36641e+20
-3.3723e+20
-3.37643e+20
-3.37917e+20
-3.38086e+20
-2.99855e+20
-3.00351e+20
-3.01303e+20
-3.02657e+20
-3.04355e+20
-3.06333e+20
-3.08524e+20
-3.10855e+20
-3.13254e+20
-3.15649e+20
-3.17973e+20
-3.20165e+20
-3.22178e+20
-3.23979e+20
-3.25554e+20
-3.26912e+20
-3.28081e+20
-3.29115e+20
-3.30086e+20
-3.31075e+20
-3.32152e+20
-3.33339e+20
-3.34584e+20
-3.35774e+20
-3.368e+20
-3.37612e+20
-3.38215e+20
-3.38638e+20
-3.38919e+20
-3.39092e+20
-2.96669e+20
-2.97196e+20
-2.98207e+20
-2.99648e+20
-3.0146e+20
-3.03578e+20
-3.05932e+20
-3.08449e+20
-3.11054e+20
-3.13669e+20
-3.16223e+20
-3.18648e+20
-3.2089e+20
-3.22906e+20
-3.24676e+20
-3.26199e+20
-3.27497e+20
-3.28618e+20
-3.29631e+20
-3.30621e+20
-3.3167e+20
-3.32829e+20
-3.34079e+20
-3.35322e+20
-3.36434e+20
-3.37338e+20
-3.38021e+20
-3.38508e+20
-3.38837e+20
-3.39044e+20
-2.9634e+20
-2.9687e+20
-2.97888e+20
-2.99339e+20
-3.01164e+20
-3.03297e+20
-3.05669e+20
-3.08206e+20
-3.10833e+20
-3.13472e+20
-3.1605e+20
-3.18499e+20
-3.20764e+20
-3.22803e+20
-3.24593e+20
-3.26132e+20
-3.27444e+20
-3.28574e+20
-3.29593e+20
-3.30584e+20
-3.31632e+20
-3.3279e+20
-3.3404e+20
-3.35287e+20
-3.36406e+20
-3.37318e+20
-3.38007e+20
-3.38499e+20
-3.38832e+20
-3.39041e+20
-2.96057e+20
-2.9659e+20
-2.97613e+20
-2.99071e+20
-3.00905e+20
-3.03051e+20
-3.05437e+20
-3.07991e+20
-3.10635e+20
-3.13293e+20
-3.15892e+20
-3.18362e+20
-3.20647e+20
-3.22705e+20
-3.24513e+20
-3.26068e+20
-3.27392e+20
-3.28531e+20
-3.29554e+20
-3.30546e+20
-3.31592e+20
-3.32748e+20
-3.33998e+20
-3.35248e+20
-3.36375e+20
-3.37294e+20
-3.3799e+20
-3.38488e+20
-3.38824e+20
-3.39037e+20
-2.95799e+20
-2.96333e+20
-2.9736e+20
-2.98825e+20
-3.00667e+20
-3.02822e+20
-3.0522e+20
-3.07787e+20
-3.10447e+20
-3.13122e+20
-3.15738e+20
-3.18227e+20
-3.20531e+20
-3.22608e+20
-3.24432e+20
-3.26002e+20
-3.27337e+20
-3.28485e+20
-3.29513e+20
-3.30505e+20
-3.31549e+20
-3.32701e+20
-3.3395e+20
-3.35204e+20
-3.36337e+20
-3.37265e+20
-3.37969e+20
-3.38473e+20
-3.38815e+20
-3.39031e+20
-2.98061e+20
-2.98575e+20
-2.99561e+20
-3.00965e+20
-3.02728e+20
-3.04786e+20
-3.0707e+20
-3.09507e+20
-3.12022e+20
-3.14542e+20
-3.16996e+20
-3.19319e+20
-3.2146e+20
-3.23382e+20
-3.25066e+20
-3.26514e+20
-3.27754e+20
-3.28835e+20
-3.29827e+20
-3.30814e+20
-3.31875e+20
-3.33048e+20
-3.34298e+20
-3.35521e+20
-3.36597e+20
-3.37461e+20
-3.38108e+20
-3.38567e+20
-3.38875e+20
-3.39066e+20
-2.96214e+20
-2.96689e+20
-2.97598e+20
-2.98891e+20
-3.00513e+20
-3.02402e+20
-3.04495e+20
-3.06723e+20
-3.09016e+20
-3.11306e+20
-3.13531e+20
-3.15631e+20
-3.17564e+20
-3.19296e+20
-3.20815e+20
-3.22128e+20
-3.23262e+20
-3.24266e+20
-3.25208e+20
-3.26165e+20
-3.27206e+20
-3.28356e+20
-3.29569e+20
-3.3074e+20
-3.31761e+20
-3.32577e+20
-3.33186e+20
-3.33619e+20
-3.3391e+20
-3.34092e+20
-2.93624e+20
-2.94123e+20
-2.9508e+20
-2.96444e+20
-2.98157e+20
-3.0016e+20
-3.02385e+20
-3.04763e+20
-3.07222e+20
-3.0969e+20
-3.121e+20
-3.14389e+20
-3.16506e+20
-3.18413e+20
-3.20089e+20
-3.21536e+20
-3.22774e+20
-3.23849e+20
-3.24825e+20
-3.25782e+20
-3.26799e+20
-3.27923e+20
-3.29138e+20
-3.3035e+20
-3.31442e+20
-3.32336e+20
-3.33015e+20
-3.33503e+20
-3.33835e+20
-3.34048e+20
-2.93323e+20
-2.93825e+20
-2.94788e+20
-2.96161e+20
-2.97886e+20
-2.99902e+20
-3.02144e+20
-3.0454e+20
-3.07019e+20
-3.09509e+20
-3.11941e+20
-3.14252e+20
-3.1639e+20
-3.18317e+20
-3.20012e+20
-3.21474e+20
-3.22724e+20
-3.23807e+20
-3.24788e+20
-3.25746e+20
-3.26762e+20
-3.27885e+20
-3.291e+20
-3.30316e+20
-3.31415e+20
-3.32315e+20
-3.33e+20
-3.33493e+20
-3.3383e+20
-3.34044e+20
-2.9309e+20
-2.93594e+20
-2.94561e+20
-2.95939e+20
-2.97672e+20
-2.99697e+20
-3.01949e+20
-3.04358e+20
-3.06851e+20
-3.09356e+20
-3.11804e+20
-3.14131e+20
-3.16286e+20
-3.18229e+20
-3.19939e+20
-3.21414e+20
-3.22675e+20
-3.23765e+20
-3.2475e+20
-3.25709e+20
-3.26722e+20
-3.27842e+20
-3.29055e+20
-3.30275e+20
-3.3138e+20
-3.32288e+20
-3.32981e+20
-3.3348e+20
-3.33821e+20
-3.34039e+20
-2.95276e+20
-2.95758e+20
-2.96684e+20
-2.98001e+20
-2.99655e+20
-3.01584e+20
-3.03723e+20
-3.06003e+20
-3.08355e+20
-3.10709e+20
-3.13e+20
-3.15168e+20
-3.17167e+20
-3.18963e+20
-3.2054e+20
-3.21901e+20
-3.23073e+20
-3.24101e+20
-3.25054e+20
-3.26009e+20
-3.27038e+20
-3.28177e+20
-3.29392e+20
-3.30581e+20
-3.31631e+20
-3.32478e+20
-3.33116e+20
-3.33572e+20
-3.33879e+20
-3.34074e+20
-2.9082e+20
-2.91221e+20
-2.9199e+20
-2.93081e+20
-2.94447e+20
-2.96034e+20
-2.97785e+20
-2.99642e+20
-3.01547e+20
-3.03442e+20
-3.05277e+20
-3.07005e+20
-3.08592e+20
-3.10017e+20
-3.11273e+20
-3.12372e+20
-3.13341e+20
-3.14227e+20
-3.15089e+20
-3.15992e+20
-3.16984e+20
-3.18073e+20
-3.19203e+20
-3.20275e+20
-3.212e+20
-3.21937e+20
-3.2249e+20
-3.22885e+20
-3.23154e+20
-3.23324e+20
-2.88682e+20
-2.89105e+20
-2.89916e+20
-2.91069e+20
-2.92515e+20
-2.942e+20
-2.96065e+20
-2.9805e+20
-3.00094e+20
-3.02138e+20
-3.04125e+20
-3.06006e+20
-3.07741e+20
-3.09304e+20
-3.10682e+20
-3.11882e+20
-3.12927e+20
-3.1386e+20
-3.14738e+20
-3.15631e+20
-3.16598e+20
-3.17667e+20
-3.18805e+20
-3.1992e+20
-3.20912e+20
-3.21719e+20
-3.22333e+20
-3.22778e+20
-3.23084e+20
-3.23283e+20
-2.88414e+20
-2.8884e+20
-2.89657e+20
-2.90818e+20
-2.92275e+20
-2.93973e+20
-2.95853e+20
-2.97855e+20
-2.99918e+20
-3.0198e+20
-3.03987e+20
-3.05887e+20
-3.07641e+20
-3.09221e+20
-3.10615e+20
-3.11827e+20
-3.12882e+20
-3.13821e+20
-3.14703e+20
-3.15595e+20
-3.16561e+20
-3.17629e+20
-3.18768e+20
-3.19887e+20
-3.20885e+20
-3.21699e+20
-3.22319e+20
-3.22769e+20
-3.23078e+20
-3.23279e+20
-2.88262e+20
-2.8869e+20
-2.89509e+20
-2.90674e+20
-2.92136e+20
-2.93839e+20
-2.95727e+20
-2.97737e+20
-2.99808e+20
-3.01881e+20
-3.03898e+20
-3.05809e+20
-3.07573e+20
-3.09163e+20
-3.10566e+20
-3.11787e+20
-3.12848e+20
-3.1379e+20
-3.14674e+20
-3.15565e+20
-3.16529e+20
-3.17594e+20
-3.18732e+20
-3.19855e+20
-3.20858e+20
-3.21678e+20
-3.22304e+20
-3.22758e+20
-3.23071e+20
-3.23275e+20
-2.90555e+20
-2.90958e+20
-2.91729e+20
-2.92825e+20
-2.94197e+20
-2.95791e+20
-2.97553e+20
-2.99422e+20
-3.0134e+20
-3.03252e+20
-3.05103e+20
-3.06849e+20
-3.08455e+20
-3.09898e+20
-3.11172e+20
-3.12284e+20
-3.13264e+20
-3.14155e+20
-3.15017e+20
-3.15915e+20
-3.169e+20
-3.17982e+20
-3.19113e+20
-3.20194e+20
-3.21133e+20
-3.21885e+20
-3.22452e+20
-3.22859e+20
-3.23136e+20
-3.23314e+20
-2.8195e+20
-2.82241e+20
-2.82798e+20
-2.83587e+20
-2.8457e+20
-2.85706e+20
-2.86953e+20
-2.88268e+20
-2.89607e+20
-2.90933e+20
-2.92209e+20
-2.93408e+20
-2.94512e+20
-2.95511e+20
-2.96409e+20
-2.97221e+20
-2.97977e+20
-2.98716e+20
-2.99486e+20
-3.00326e+20
-3.01253e+20
-3.02242e+20
-3.03228e+20
-3.04129e+20
-3.04888e+20
-3.05486e+20
-3.05936e+20
-3.0626e+20
-3.06483e+20
-3.06627e+20
-2.80221e+20
-2.80532e+20
-2.81127e+20
-2.81972e+20
-2.83026e+20
-2.84248e+20
-2.85593e+20
-2.87017e+20
-2.88472e+20
-2.89919e+20
-2.91317e+20
-2.92636e+20
-2.93852e+20
-2.94951e+20
-2.95934e+20
-2.96812e+20
-2.9761e+20
-2.98367e+20
-2.99131e+20
-2.99948e+20
-3.00851e+20
-3.01833e+20
-3.02843e+20
-3.03796e+20
-3.04621e+20
-3.05285e+20
-3.05791e+20
-3.0616e+20
-3.06417e+20
-3.06586e+20
-2.80013e+20
-2.80327e+20
-2.80928e+20
-2.81779e+20
-2.82843e+20
-2.84076e+20
-2.85434e+20
-2.86871e+20
-2.88341e+20
-2.89803e+20
-2.91216e+20
-2.92549e+20
-2.93778e+20
-2.9489e+20
-2.95883e+20
-2.96769e+20
-2.97573e+20
-2.98333e+20
-2.99097e+20
-2.99914e+20
-3.00815e+20
-3.01797e+20
-3.02809e+20
-3.03767e+20
-3.04599e+20
-3.05268e+20
-3.05779e+20
-3.06152e+20
-3.06412e+20
-3.06583e+20
-2.79855e+20
-2.80171e+20
-2.80775e+20
-2.81632e+20
-2.82702e+20
-2.83943e+20
-2.8531e+20
-2.86757e+20
-2.88238e+20
-2.89711e+20
-2.91135e+20
-2.92479e+20
-2.93719e+20
-2.9484e+20
-2.95841e+20
-2.96734e+20
-2.97542e+20
-2.98304e+20
-2.99069e+20
-2.99884e+20
-3.00783e+20
-3.01765e+20
-3.02778e+20
-3.0374e+20
-3.04577e+20
-3.05252e+20
-3.05767e+20
-3.06144e+20
-3.06406e+20
-3.0658e+20
-2.7972e+20
-2.80038e+20
-2.80644e+20
-2.81505e+20
-2.8258e+20
-2.83827e+20
-2.85202e+20
-2.86656e+20
-2.88146e+20
-2.89628e+20
-2.91062e+20
-2.92415e+20
-2.93664e+20
-2.94793e+20
-2.95801e+20
-2.96699e+20
-2.97511e+20
-2.98276e+20
-2.9904e+20
-2.99853e+20
-3.0075e+20
-3.0173e+20
-3.02744e+20
-3.0371e+20
-3.04552e+20
-3.05233e+20
-3.05753e+20
-3.06134e+20
-3.064e+20
-3.06576e+20
-2.81161e+20
-2.8146e+20
-2.82033e+20
-2.82844e+20
-2.83856e+20
-2.85028e+20
-2.86317e+20
-2.87677e+20
-2.89067e+20
-2.90446e+20
-2.91776e+20
-2.9303e+20
-2.94184e+20
-2.9523e+20
-2.96166e+20
-2.97008e+20
-2.97782e+20
-2.98527e+20
-2.9929e+20
-3.00114e+20
-3.01026e+20
-3.0201e+20
-3.03008e+20
-3.03938e+20
-3.04734e+20
-3.05369e+20
-3.05851e+20
-3.06201e+20
-3.06444e+20
-3.06603e+20
-2.67488e+20
-2.67669e+20
-2.68015e+20
-2.68502e+20
-2.69108e+20
-2.69805e+20
-2.70567e+20
-2.71367e+20
-2.72179e+20
-2.72982e+20
-2.73758e+20
-2.74493e+20
-2.75183e+20
-2.75827e+20
-2.76436e+20
-2.77027e+20
-2.77626e+20
-2.78259e+20
-2.78953e+20
-2.79719e+20
-2.80541e+20
-2.81376e+20
-2.82167e+20
-2.82862e+20
-2.83435e+20
-2.83885e+20
-2.84226e+20
-2.84475e+20
-2.84649e+20
-2.84765e+20
-2.66546e+20
-2.66739e+20
-2.67107e+20
-2.67628e+20
-2.68276e+20
-2.69023e+20
-2.6984e+20
-2.707e+20
-2.71576e+20
-2.72443e+20
-2.73281e+20
-2.74075e+20
-2.74816e+20
-2.75504e+20
-2.76145e+20
-2.76756e+20
-2.77359e+20
-2.77984e+20
-2.78661e+20
-2.79407e+20
-2.80221e+20
-2.81067e+20
-2.81889e+20
-2.82629e+20
-2.83251e+20
-2.83746e+20
-2.84125e+20
-2.84403e+20
-2.84601e+20
-2.84734e+20
-2.66421e+20
-2.66616e+20
-2.66988e+20
-2.67514e+20
-2.68167e+20
-2.68921e+20
-2.69747e+20
-2.70615e+20
-2.715e+20
-2.72376e+20
-2.73222e+20
-2.74024e+20
-2.74773e+20
-2.75467e+20
-2.76113e+20
-2.76726e+20
-2.77331e+20
-2.77956e+20
-2.78632e+20
-2.79377e+20
-2.8019e+20
-2.81037e+20
-2.81863e+20
-2.82608e+20
-2.83234e+20
-2.83734e+20
-2.84116e+20
-2.84398e+20
-2.84597e+20
-2.84732e+20
-2.66334e+20
-2.6653e+20
-2.66904e+20
-2.67433e+20
-2.6809e+20
-2.68848e+20
-2.69679e+20
-2.70553e+20
-2.71443e+20
-2.72324e+20
-2.73177e+20
-2.73984e+20
-2.74738e+20
-2.75436e+20
-2.76085e+20
-2.767e+20
-2.77306e+20
-2.77931e+20
-2.78605e+20
-2.79348e+20
-2.80159e+20
-2.81007e+20
-2.81835e+20
-2.82584e+20
-2.83215e+20
-2.83719e+20
-2.84105e+20
-2.8439e+20
-2.84592e+20
-2.84728e+20
-2.67265e+20
-2.67448e+20
-2.67797e+20
-2.6829e+20
-2.68902e+20
-2.69608e+20
-2.70379e+20
-2.7119e+20
-2.72014e+20
-2.7283e+20
-2.73619e+20
-2.74367e+20
-2.75068e+20
-2.75722e+20
-2.76338e+20
-2.76932e+20
-2.77528e+20
-2.78154e+20
-2.78838e+20
-2.79593e+20
-2.80408e+20
-2.81246e+20
-2.82047e+20
-2.8276e+20
-2.83352e+20
-2.83822e+20
-2.84179e+20
-2.84441e+20
-2.84626e+20
-2.8475e+20
-2.48284e+20
-2.48378e+20
-2.48557e+20
-2.48809e+20
-2.49122e+20
-2.49482e+20
-2.49877e+20
-2.50294e+20
-2.50722e+20
-2.51152e+20
-2.51581e+20
-2.52005e+20
-2.52427e+20
-2.52855e+20
-2.53299e+20
-2.53773e+20
-2.54291e+20
-2.54862e+20
-2.55483e+20
-2.56138e+20
-2.56797e+20
-2.57421e+20
-2.57979e+20
-2.58451e+20
-2.58834e+20
-2.59136e+20
-2.59366e+20
-2.59536e+20
-2.59658e+20
-2.5974e+20
-2.47807e+20
-2.47907e+20
-2.48098e+20
-2.48367e+20
-2.48701e+20
-2.49086e+20
-2.49508e+20
-2.49953e+20
-2.50409e+20
-2.50867e+20
-2.5132e+20
-2.51764e+20
-2.52202e+20
-2.52638e+20
-2.53083e+20
-2.53551e+20
-2.54057e+20
-2.54613e+20
-2.55223e+20
-2.55876e+20
-2.56545e+20
-2.57194e+20
-2.57784e+20
-2.58292e+20
-2.5871e+20
-2.59041e+20
-2.59296e+20
-2.59486e+20
-2.59623e+20
-2.59718e+20
-2.47741e+20
-2.47842e+20
-2.48034e+20
-2.48306e+20
-2.48644e+20
-2.49032e+20
-2.49458e+20
-2.49908e+20
-2.50368e+20
-2.5083e+20
-2.51287e+20
-2.51734e+20
-2.52174e+20
-2.52612e+20
-2.53059e+20
-2.53527e+20
-2.54032e+20
-2.54587e+20
-2.55196e+20
-2.55849e+20
-2.5652e+20
-2.57171e+20
-2.57765e+20
-2.58277e+20
-2.58698e+20
-2.59032e+20
-2.5929e+20
-2.59482e+20
-2.5962e+20
-2.59716e+20
-2.47705e+20
-2.47807e+20
-2.48e+20
-2.48273e+20
-2.48612e+20
-2.49003e+20
-2.4943e+20
-2.49882e+20
-2.50344e+20
-2.50808e+20
-2.51266e+20
-2.51716e+20
-2.52157e+20
-2.52596e+20
-2.53042e+20
-2.53509e+20
-2.54014e+20
-2.54567e+20
-2.55175e+20
-2.55827e+20
-2.56499e+20
-2.57152e+20
-2.57748e+20
-2.58263e+20
-2.58687e+20
-2.59024e+20
-2.59283e+20
-2.59477e+20
-2.59617e+20
-2.59714e+20
-2.48309e+20
-2.48402e+20
-2.48578e+20
-2.48827e+20
-2.49136e+20
-2.49493e+20
-2.49883e+20
-2.50296e+20
-2.5072e+20
-2.51147e+20
-2.51572e+20
-2.51993e+20
-2.52413e+20
-2.52838e+20
-2.53278e+20
-2.53748e+20
-2.5426e+20
-2.54825e+20
-2.5544e+20
-2.56091e+20
-2.56748e+20
-2.57374e+20
-2.57935e+20
-2.58413e+20
-2.58803e+20
-2.5911e+20
-2.59346e+20
-2.59521e+20
-2.59647e+20
-2.59733e+20
-2.25128e+20
-2.25171e+20
-2.25253e+20
-2.25371e+20
-2.25519e+20
-2.25694e+20
-2.2589e+20
-2.26105e+20
-2.26338e+20
-2.26588e+20
-2.26857e+20
-2.27147e+20
-2.27463e+20
-2.27811e+20
-2.28195e+20
-2.28617e+20
-2.29074e+20
-2.29556e+20
-2.30046e+20
-2.30523e+20
-2.30967e+20
-2.31363e+20
-2.31701e+20
-2.31983e+20
-2.32211e+20
-2.32392e+20
-2.32532e+20
-2.32637e+20
-2.32713e+20
-2.32767e+20
-2.2489e+20
-2.24936e+20
-2.25023e+20
-2.25147e+20
-2.25302e+20
-2.25484e+20
-2.25689e+20
-2.25912e+20
-2.26151e+20
-2.26404e+20
-2.26674e+20
-2.26962e+20
-2.27273e+20
-2.27613e+20
-2.27987e+20
-2.28398e+20
-2.28847e+20
-2.29327e+20
-2.29824e+20
-2.30316e+20
-2.30783e+20
-2.31205e+20
-2.31571e+20
-2.31878e+20
-2.32128e+20
-2.32328e+20
-2.32484e+20
-2.32602e+20
-2.32688e+20
-2.3275e+20
-2.24859e+20
-2.24905e+20
-2.24992e+20
-2.25117e+20
-2.25274e+20
-2.25457e+20
-2.25663e+20
-2.25887e+20
-2.26128e+20
-2.26382e+20
-2.26653e+20
-2.26941e+20
-2.27252e+20
-2.27591e+20
-2.27964e+20
-2.28375e+20
-2.28824e+20
-2.29304e+20
-2.29802e+20
-2.30296e+20
-2.30765e+20
-2.3119e+20
-2.31559e+20
-2.31868e+20
-2.32121e+20
-2.32323e+20
-2.3248e+20
-2.32599e+20
-2.32687e+20
-2.32749e+20
-2.24836e+20
-2.24882e+20
-2.2497e+20
-2.25096e+20
-2.25253e+20
-2.25438e+20
-2.25645e+20
-2.2587e+20
-2.26111e+20
-2.26366e+20
-2.26637e+20
-2.26925e+20
-2.27236e+20
-2.27575e+20
-2.27947e+20
-2.28358e+20
-2.28806e+20
-2.29286e+20
-2.29784e+20
-2.3028e+20
-2.3075e+20
-2.31177e+20
-2.31549e+20
-2.3186e+20
-2.32115e+20
-2.32318e+20
-2.32476e+20
-2.32596e+20
-2.32685e+20
-2.32747e+20
-2.24822e+20
-2.24868e+20
-2.24957e+20
-2.25082e+20
-2.2524e+20
-2.25425e+20
-2.25633e+20
-2.25858e+20
-2.26099e+20
-2.26355e+20
-2.26626e+20
-2.26914e+20
-2.27225e+20
-2.27563e+20
-2.27935e+20
-2.28344e+20
-2.28792e+20
-2.29272e+20
-2.2977e+20
-2.30266e+20
-2.30738e+20
-2.31167e+20
-2.3154e+20
-2.31853e+20
-2.32109e+20
-2.32313e+20
-2.32473e+20
-2.32594e+20
-2.32683e+20
-2.32746e+20
-2.2505e+20
-2.25094e+20
-2.25177e+20
-2.25296e+20
-2.25445e+20
-2.25621e+20
-2.25819e+20
-2.26035e+20
-2.26268e+20
-2.26518e+20
-2.26785e+20
-2.27072e+20
-2.27384e+20
-2.27726e+20
-2.28103e+20
-2.28519e+20
-2.2897e+20
-2.29449e+20
-2.2994e+20
-2.30423e+20
-2.30876e+20
-2.31283e+20
-2.31635e+20
-2.31928e+20
-2.32167e+20
-2.32357e+20
-2.32505e+20
-2.32617e+20
-2.32699e+20
-2.32757e+20
-2.08212e+20
-2.08241e+20
-2.08296e+20
-2.08376e+20
-2.08478e+20
-2.08603e+20
-2.08748e+20
-2.08914e+20
-2.091e+20
-2.09309e+20
-2.09543e+20
-2.09804e+20
-2.10093e+20
-2.10412e+20
-2.10758e+20
-2.11127e+20
-2.1151e+20
-2.11895e+20
-2.12269e+20
-2.12617e+20
-2.12931e+20
-2.13205e+20
-2.13438e+20
-2.13632e+20
-2.13791e+20
-2.13918e+20
-2.14017e+20
-2.14093e+20
-2.1415e+20
-2.1419e+20
-2.08078e+20
-2.08107e+20
-2.08163e+20
-2.08244e+20
-2.08348e+20
-2.08473e+20
-2.08619e+20
-2.08784e+20
-2.08969e+20
-2.09175e+20
-2.09404e+20
-2.09659e+20
-2.09942e+20
-2.10255e+20
-2.10596e+20
-2.10964e+20
-2.11349e+20
-2.11741e+20
-2.12126e+20
-2.12489e+20
-2.12821e+20
-2.13112e+20
-2.13362e+20
-2.13571e+20
-2.13742e+20
-2.1388e+20
-2.13988e+20
-2.14072e+20
-2.14134e+20
-2.14179e+20
-2.08058e+20
-2.08087e+20
-2.08143e+20
-2.08225e+20
-2.08329e+20
-2.08455e+20
-2.086e+20
-2.08765e+20
-2.0895e+20
-2.09157e+20
-2.09386e+20
-2.0964e+20
-2.09923e+20
-2.10235e+20
-2.10576e+20
-2.10943e+20
-2.11329e+20
-2.11722e+20
-2.12109e+20
-2.12474e+20
-2.12808e+20
-2.13102e+20
-2.13354e+20
-2.13564e+20
-2.13737e+20
-2.13876e+20
-2.13985e+20
-2.1407e+20
-2.14133e+20
-2.14178e+20
-2.08045e+20
-2.08075e+20
-2.08131e+20
-2.08212e+20
-2.08317e+20
-2.08443e+20
-2.08588e+20
-2.08754e+20
-2.08939e+20
-2.09144e+20
-2.09373e+20
-2.09627e+20
-2.09909e+20
-2.10221e+20
-2.10562e+20
-2.10929e+20
-2.11315e+20
-2.11709e+20
-2.12096e+20
-2.12463e+20
-2.12798e+20
-2.13094e+20
-2.13347e+20
-2.13559e+20
-2.13733e+20
-2.13873e+20
-2.13983e+20
-2.14068e+20
-2.14131e+20
-2.14177e+20
-2.0809e+20
-2.08119e+20
-2.08175e+20
-2.08256e+20
-2.0836e+20
-2.08485e+20
-2.0863e+20
-2.08795e+20
-2.0898e+20
-2.09187e+20
-2.09417e+20
-2.09672e+20
-2.09956e+20
-2.10269e+20
-2.10612e+20
-2.10979e+20
-2.11365e+20
-2.11756e+20
-2.1214e+20
-2.12502e+20
-2.12832e+20
-2.13122e+20
-2.1337e+20
-2.13577e+20
-2.13747e+20
-2.13884e+20
-2.13991e+20
-2.14074e+20
-2.14136e+20
-2.1418e+20
0
0
0
0
0
0
0
0
0
0
0
0
0
0
0
0
0
0
0
0
0
0
0
0
0
0
0
0
0
0
0
0
0
0
0
0
0
0
0
0
0
0
0
0
0
0
0
0
0
0
0
0
0
0
0
0
0
0
0
0
0
0
0
0
0
0
0
0
0
0
0
0
0
0
0
0
0
0
0
0
0
0
0
0
0
0
0
0
0
0
0
0
0
0
0
0
0
0
0
0
0
0
0
0
0
0
0
0
0
0
0
0
0
0
0
0
0
0
0
0
0
0
0
0
0
0
0
0
0
0
0
0
0
0
0
0
0
0
0
0
0
0
0
0
0
0
0
0
0
0
0
0
0
0
0
0
0
0
0
0
0
0
0
0
0
0
0
0
0
0
0
0
0
0
0
0
0
0
0
0
0
0
0
0
0
0
0
0
0
0
0
0
0
0
0
0
0
0
0
0
0
0
0
0
0
0
0
0
0
0
0
0
0
0
0
0
0
0
0
0
0
0
0
0
0
0
0
0
0
0
0
0
0
0
0
0
0
0
0
0
0
0
0
0
0
0
0
0
0
0
0
0
0
0
0
0
0
0
0
0
0
0
0
0
0
0
0
0
0
0
0
0
0
0
0
0
0
0
0
0
0
0
0
0
0
0
0
0
0
0
0
0
0
0
0
0
0
0
0
0
0
0
0
0
0
0
0
0
0
0
0
0
0
0
0
0
0
0
0
0
0
0
0
0
0
0
0
0
0
0
0
0
0
0
0
0
0
0
0
0
0
0
0
0
0
0
0
0
0
0
0
0
0
0
0
0
0
0
0
0
0
0
0
0
0
0
0
0
0
0
0
0
0
0
0
0
0
0
0
0
0
0
0
0
0
0
0
0
0
0
0
0
0
0
0
0
0
0
0
0
0
0
0
0
0
0
0
0
0
0
0
0
0
0
0
0
0
0
0
0
0
0
0
0
0
0
0
0
0
0
0
0
0
0
0
0
0
0
0
0
0
0
0
0
0
0
0
0
0
0
0
0
0
0
0
0
0
0
0
0
0
0
0
0
0
0
0
0
0
0
0
0
0
0
0
0
0
0
0
0
0
0
0
0
0
0
0
0
0
0
0
0
0
0
0
0
0
0
0
0
0
0
0
0
0
0
0
0
0
0
0
0
0
0
0
0
0
0
0
0
0
0
0
0
0
0
0
0
0
0
0
0
0
0
0
0
0
0
0
0
0
0
0
0
0
0
0
0
0
0
0
0
0
0
0
0
0
0
0
0
0
0
0
0
0
0
0
0
0
0
0
0
0
0
0
0
0
0
0
0
0
0
0
0
0
0
0
0
0
0
0
0
0
0
0
0
0
0
0
0
0
0
0
0
0
0
0
0
0
0
0
0
0
0
0
0
0
0
0
0
0
0
0
0
0
0
0
0
0
0
0
0
0
0
0
0
0
0
0
0
0
0
0
0
0
0
0
0
0
0
0
0
0
0
0
0
0
0
0
0
0
0
0
0
0
0
0
0
0
0
0
0
0
0
0
0
0
0
0
0
0
0
0
0
0
0
0
0
0
0
0
0
0
0
0
0
0
0
0
0
0
0
0
0
0
0
0
0
0
0
0
0
0
0
0
0
0
0
0
0
0
0
0
0
0
0
0
0
0
0
0
0
0
0
0
0
0
0
0
0
0
0
0
0
0
0
0
0
0
0
0
0
0
0
0
0
0
0
0
0
0
0
0
0
0
0
0
0
0
0
0
0
0
0
0
0
0
0
0
0
0
0
0
0
0
0
0
0
0
0
0
0
0
0
0
0
0
0
0
0
0
0
0
0
0
0
0
0
0
0
0
0
0
0
0
0
0
0
0
0
0
0
0
0
0
0
0
0
0
0
0
0
0
0
0
0
0
0
0
0
0
0
0
0
0
0
0
0
0
0
0
0
0
0
0
0
0
0
0
0
0
0
0
0
0
0
0
0
0
0
0
0
0
0
0
0
0
0
0
0
0
0
0
0
0
0
0
0
0
0
0
0
0
0
0
0
0
0
0
0
0
0
0
0
0
0
0
0
0
0
0
0
0
0
0
0
0
0
0
0
0
0
0
0
0
0
0
0
0
0
0
0
0
0
0
0
0
0
0
0
0
0
0
0
0
0
0
0
0
0
0
0
0
0
0
0
0
0
0
0
0
0
0
0
0
0
0
0
0
0
0
0
0
0
0
0
0
0
0
0
0
0
0
0
0
0
0
0
0
0
0
0
0
0
0
0
0
0
0
0
0
0
0
0
0
0
0
0
0
0
0
0
0
0
0
0
0
0
0
0
0
0
0
0
0
0
0
0
0
0
0
0
0
0
0
0
0
0
0
0
0
0
0
0
0
0
0
0
0
0
0
0
0
0
0
0
0
0
0
0
0
0
0
0
0
0
0
0
0
0
0
0
0
0
0
0
0
0
0
0
0
0
0
0
0
0
0
0
0
0
0
0
0
0
0
0
0
0
0
0
0
0
0
0
0
0
0
0
0
0
0
0
0
0
0
0
0
0
0
0
0
0
0
0
0
0
0
0
0
0
0
0
0
0
0
0
0
0
0
0
0
0
0
0
0
0
0
0
0
0
0
0
0
0
0
0
0
0
0
0
0
0
0
0
0
0
0
0
0
0
0
0
0
0
0
0
0
0
0
0
0
0
0
0
0
0
0
0
0
0
0
0
0
0
0
0
0
0
0
0
0
0
0
0
0
0
0
0
0
0
0
0
0
0
0
0
0
0
0
0
0
0
0
0
0
0
0
0
0
0
0
0
0
0
0
0
0
0
0
0
0
0
0
0
0
0
0
0
0
0
0
0
0
0
0
0
0
0
0
0
0
0
0
0
0
0
0
0
0
0
0
0
0
0
0
0
0
0
0
0
0
0
0
0
0
0
0
0
0
0
0
0
0
0
0
0
0
0
0
0
0
0
0
0
0
0
0
0
0
0
0
0
0
0
0
0
0
0
0
0
0
0
0
0
0
0
0
0
0
0
0
0
0
0
0
0
0
0
0
0
0
0
0
0
0
0
0
0
0
0
0
0
0
0
0
0
0
0
0
0
0
0
0
0
0
0
0
0
0
0
0
0
0
0
0
0
0
0
0
0
0
0
0
0
0
0
0
0
0
0
0
0
0
0
0
0
0
0
0
0
0
0
0
0
0
0
0
0
0
0
0
0
0
0
0
0
0
0
0
0
)
;

boundaryField
{
    fuelBottom
    {
        type            empty;
    }
    fuelTop_1
    {
        type            empty;
    }
    fuelOuter
    {
        type            zeroGradient;
    }
    fuelTop
    {
        type            empty;
    }
    fuelInner
    {
        type            zeroGradient;
    }
    cladBottom
    {
        type            empty;
    }
    cladInner
    {
        type            zeroGradient;
    }
    cladOuter
    {
        type            zeroGradient;
    }
    cladTop
    {
        type            empty;
    }
    front
    {
        type            wedge;
    }
    back
    {
        type            wedge;
    }
}


// ************************************************************************* //
