/*--------------------------------*- C++ -*----------------------------------*\
| =========                 |                                                 |
| \\      /  F ield         | OpenFOAM: The Open Source CFD Toolbox           |
|  \\    /   O peration     | Version:  2412                                  |
|   \\  /    A nd           | Website:  www.openfoam.com                      |
|    \\/     M anipulation  |                                                 |
\*---------------------------------------------------------------------------*/
FoamFile
{
    version     2.0;
    format      ascii;
    arch        "LSB;label=32;scalar=64";
    class       volScalarField;
    location    "583.522882481/fuelBehaviourRegion";
    object      SCIANTIX::grainModes_12;
}
// * * * * * * * * * * * * * * * * * * * * * * * * * * * * * * * * * * * * * //

dimensions      [0 0 0 0 0 0 0];

internalField   nonuniform List<scalar> 
4720
(
2.48759e+19
2.48759e+19
2.48759e+19
2.48759e+19
2.48759e+19
2.48759e+19
2.48759e+19
2.48759e+19
2.48759e+19
2.48759e+19
2.48759e+19
2.48759e+19
2.48759e+19
2.48759e+19
2.48759e+19
2.48759e+19
2.48759e+19
2.48759e+19
2.48759e+19
2.48759e+19
2.48759e+19
2.48759e+19
2.48759e+19
2.48759e+19
2.48759e+19
2.48759e+19
2.48759e+19
2.48759e+19
2.48759e+19
2.48759e+19
2.48759e+19
2.48759e+19
2.48759e+19
2.48759e+19
2.48759e+19
2.48759e+19
2.48759e+19
2.48759e+19
2.48759e+19
2.48759e+19
2.48759e+19
2.48759e+19
2.48759e+19
2.48759e+19
2.48759e+19
2.48759e+19
2.48759e+19
2.48759e+19
2.48759e+19
2.48759e+19
2.48759e+19
2.48759e+19
2.48759e+19
2.48759e+19
2.48759e+19
2.48759e+19
2.48759e+19
2.48759e+19
2.48759e+19
2.48759e+19
2.48759e+19
2.48759e+19
2.48759e+19
2.48759e+19
2.48759e+19
2.48759e+19
2.48759e+19
2.48759e+19
2.48759e+19
2.48759e+19
2.48759e+19
2.48759e+19
2.48759e+19
2.48759e+19
2.48759e+19
2.48759e+19
2.48759e+19
2.48759e+19
2.48759e+19
2.48759e+19
2.48759e+19
2.48759e+19
2.48759e+19
2.48759e+19
2.48759e+19
2.48759e+19
2.48759e+19
2.48759e+19
2.48759e+19
2.48759e+19
2.48759e+19
2.48759e+19
2.48759e+19
2.48759e+19
2.48759e+19
2.48759e+19
2.48759e+19
2.48759e+19
2.48759e+19
2.48759e+19
2.48759e+19
2.48759e+19
2.48759e+19
2.48759e+19
2.48759e+19
2.48759e+19
2.48759e+19
2.48759e+19
2.48759e+19
2.48759e+19
2.48759e+19
2.48759e+19
2.48759e+19
2.48759e+19
2.48759e+19
2.48759e+19
2.48759e+19
2.48759e+19
2.48759e+19
2.48759e+19
2.48759e+19
2.48759e+19
2.48759e+19
2.48759e+19
2.48759e+19
2.48759e+19
2.48759e+19
2.48759e+19
2.48759e+19
2.48759e+19
2.48759e+19
2.48759e+19
2.48759e+19
2.48759e+19
2.48759e+19
2.48759e+19
2.48759e+19
2.48759e+19
2.48759e+19
2.48759e+19
2.48759e+19
2.48759e+19
2.48759e+19
2.48759e+19
2.48759e+19
2.48759e+19
2.48759e+19
2.48759e+19
2.48759e+19
2.48759e+19
2.48759e+19
2.48759e+19
2.48759e+19
2.48759e+19
2.48759e+19
2.48759e+19
2.48759e+19
2.48759e+19
2.48759e+19
2.48759e+19
2.48759e+19
2.48759e+19
2.48759e+19
2.48759e+19
2.48759e+19
2.48759e+19
2.48759e+19
2.48759e+19
2.48759e+19
2.48759e+19
2.48759e+19
2.48759e+19
2.48759e+19
2.48759e+19
2.48759e+19
2.48759e+19
2.48759e+19
2.48759e+19
2.48759e+19
2.48759e+19
2.74691e+19
2.74691e+19
2.74691e+19
2.74691e+19
2.74691e+19
2.74691e+19
2.74691e+19
2.74691e+19
2.74691e+19
2.74691e+19
2.74691e+19
2.74691e+19
2.74691e+19
2.74691e+19
2.74691e+19
2.74691e+19
2.74691e+19
2.74691e+19
2.74691e+19
2.74691e+19
2.74691e+19
2.74691e+19
2.74691e+19
2.74691e+19
2.74691e+19
2.74691e+19
2.74691e+19
2.74691e+19
2.74691e+19
2.74691e+19
2.74691e+19
2.74691e+19
2.74691e+19
2.74691e+19
2.74691e+19
2.74691e+19
2.74691e+19
2.74691e+19
2.74691e+19
2.74691e+19
2.74691e+19
2.74691e+19
2.74691e+19
2.74691e+19
2.74691e+19
2.74691e+19
2.74691e+19
2.74691e+19
2.74691e+19
2.74691e+19
2.74691e+19
2.74691e+19
2.74691e+19
2.74691e+19
2.74691e+19
2.74691e+19
2.74691e+19
2.74691e+19
2.74691e+19
2.74691e+19
2.74691e+19
2.74691e+19
2.74691e+19
2.74691e+19
2.74691e+19
2.74691e+19
2.74691e+19
2.74691e+19
2.74691e+19
2.74691e+19
2.74691e+19
2.74691e+19
2.74691e+19
2.74691e+19
2.74691e+19
2.74691e+19
2.74691e+19
2.74691e+19
2.74691e+19
2.74691e+19
2.74691e+19
2.74691e+19
2.74691e+19
2.74691e+19
2.74691e+19
2.74691e+19
2.74691e+19
2.74691e+19
2.74691e+19
2.74691e+19
2.74691e+19
2.74691e+19
2.74691e+19
2.74691e+19
2.74691e+19
2.74691e+19
2.74691e+19
2.74691e+19
2.74691e+19
2.74691e+19
2.74691e+19
2.74691e+19
2.74691e+19
2.74691e+19
2.74691e+19
2.74691e+19
2.74691e+19
2.74691e+19
2.74691e+19
2.74691e+19
2.74691e+19
2.74691e+19
2.74691e+19
2.74691e+19
2.74691e+19
2.74691e+19
2.74691e+19
2.74691e+19
2.74691e+19
2.74691e+19
2.74691e+19
2.74691e+19
2.74691e+19
2.74691e+19
2.74691e+19
2.74691e+19
2.74691e+19
2.74691e+19
2.74691e+19
2.74691e+19
2.74691e+19
2.74691e+19
2.74691e+19
2.74691e+19
2.74691e+19
2.74691e+19
2.74691e+19
2.74691e+19
2.74691e+19
2.74691e+19
2.74691e+19
2.74691e+19
2.74691e+19
2.74691e+19
2.74691e+19
2.74691e+19
2.74691e+19
2.74691e+19
2.74691e+19
2.74691e+19
2.74691e+19
2.74691e+19
2.74691e+19
2.74691e+19
2.74691e+19
2.74691e+19
2.74691e+19
2.74691e+19
2.74691e+19
2.74691e+19
2.74691e+19
2.74691e+19
2.74691e+19
2.74691e+19
2.74691e+19
2.74691e+19
2.74691e+19
2.74691e+19
2.74691e+19
2.74691e+19
2.74691e+19
2.74691e+19
2.74691e+19
2.74691e+19
2.74691e+19
2.74691e+19
2.74691e+19
2.74691e+19
2.74691e+19
2.74691e+19
3.42767e+19
3.42767e+19
3.42767e+19
3.42767e+19
3.42767e+19
3.42767e+19
3.42767e+19
3.42767e+19
3.42767e+19
3.42767e+19
3.42767e+19
3.42767e+19
3.42767e+19
3.42767e+19
3.42767e+19
3.42767e+19
3.42767e+19
3.42767e+19
3.42767e+19
3.42767e+19
3.42767e+19
3.42767e+19
3.42767e+19
3.42767e+19
3.42767e+19
3.42767e+19
3.42767e+19
3.42767e+19
3.42767e+19
3.42767e+19
3.42767e+19
3.42767e+19
3.42767e+19
3.42767e+19
3.42767e+19
3.42767e+19
3.42767e+19
3.42767e+19
3.42767e+19
3.42767e+19
3.42767e+19
3.42767e+19
3.42767e+19
3.42767e+19
3.42767e+19
3.42767e+19
3.42767e+19
3.42767e+19
3.42767e+19
3.42767e+19
3.42767e+19
3.42767e+19
3.42767e+19
3.42767e+19
3.42767e+19
3.42767e+19
3.42767e+19
3.42767e+19
3.42767e+19
3.42767e+19
3.42767e+19
3.42767e+19
3.42767e+19
3.42767e+19
3.42767e+19
3.42767e+19
3.42767e+19
3.42767e+19
3.42767e+19
3.42767e+19
3.42767e+19
3.42767e+19
3.42767e+19
3.42767e+19
3.42767e+19
3.42767e+19
3.42767e+19
3.42767e+19
3.42767e+19
3.42767e+19
3.42767e+19
3.42767e+19
3.42767e+19
3.42767e+19
3.42767e+19
3.42767e+19
3.42767e+19
3.42767e+19
3.42767e+19
3.42767e+19
3.42767e+19
3.42767e+19
3.42767e+19
3.42767e+19
3.42767e+19
3.42767e+19
3.42767e+19
3.42767e+19
3.42767e+19
3.42767e+19
3.42767e+19
3.42767e+19
3.42767e+19
3.42767e+19
3.42767e+19
3.42767e+19
3.42767e+19
3.42767e+19
3.42767e+19
3.42767e+19
3.42767e+19
3.42767e+19
3.42767e+19
3.42767e+19
3.42767e+19
3.42767e+19
3.42767e+19
3.42767e+19
3.42767e+19
3.42767e+19
3.42767e+19
3.42767e+19
3.42767e+19
3.42767e+19
3.42767e+19
3.42767e+19
3.42767e+19
3.42767e+19
3.42767e+19
3.42767e+19
3.42767e+19
3.42767e+19
3.42767e+19
3.42767e+19
3.42767e+19
3.42767e+19
3.42767e+19
3.42767e+19
3.42767e+19
3.42767e+19
3.42767e+19
3.42767e+19
3.42767e+19
3.42767e+19
3.42767e+19
3.42767e+19
3.42767e+19
3.42767e+19
3.42767e+19
3.42767e+19
3.42767e+19
3.42767e+19
3.42767e+19
3.42767e+19
3.42767e+19
3.42767e+19
3.42767e+19
3.42767e+19
3.42767e+19
3.42767e+19
3.42767e+19
3.42767e+19
3.42767e+19
3.42767e+19
3.42767e+19
3.42767e+19
3.42767e+19
3.42767e+19
3.42767e+19
3.42767e+19
3.42767e+19
3.42767e+19
3.42767e+19
3.42767e+19
3.42767e+19
3.42767e+19
3.42767e+19
3.42767e+19
3.42767e+19
3.42767e+19
4.56153e+19
4.56153e+19
4.56153e+19
4.56153e+19
4.56153e+19
4.56154e+19
4.56154e+19
4.56154e+19
4.56154e+19
4.56154e+19
4.56154e+19
4.56154e+19
4.56154e+19
4.56154e+19
4.56154e+19
4.56154e+19
4.56154e+19
4.56154e+19
4.56154e+19
4.56154e+19
4.56154e+19
4.56154e+19
4.56154e+19
4.56154e+19
4.56154e+19
4.56154e+19
4.56154e+19
4.56154e+19
4.56154e+19
4.56154e+19
4.56153e+19
4.56153e+19
4.56153e+19
4.56153e+19
4.56153e+19
4.56153e+19
4.56153e+19
4.56153e+19
4.56154e+19
4.56154e+19
4.56154e+19
4.56154e+19
4.56154e+19
4.56154e+19
4.56154e+19
4.56154e+19
4.56154e+19
4.56154e+19
4.56154e+19
4.56154e+19
4.56154e+19
4.56154e+19
4.56154e+19
4.56154e+19
4.56154e+19
4.56154e+19
4.56154e+19
4.56154e+19
4.56154e+19
4.56154e+19
4.56153e+19
4.56153e+19
4.56153e+19
4.56153e+19
4.56153e+19
4.56153e+19
4.56153e+19
4.56153e+19
4.56153e+19
4.56154e+19
4.56154e+19
4.56154e+19
4.56154e+19
4.56154e+19
4.56154e+19
4.56154e+19
4.56154e+19
4.56154e+19
4.56154e+19
4.56154e+19
4.56154e+19
4.56154e+19
4.56154e+19
4.56154e+19
4.56154e+19
4.56154e+19
4.56154e+19
4.56154e+19
4.56154e+19
4.56154e+19
4.56153e+19
4.56153e+19
4.56153e+19
4.56153e+19
4.56153e+19
4.56153e+19
4.56153e+19
4.56153e+19
4.56153e+19
4.56154e+19
4.56154e+19
4.56154e+19
4.56154e+19
4.56154e+19
4.56154e+19
4.56154e+19
4.56154e+19
4.56154e+19
4.56154e+19
4.56154e+19
4.56154e+19
4.56154e+19
4.56154e+19
4.56154e+19
4.56154e+19
4.56154e+19
4.56154e+19
4.56154e+19
4.56154e+19
4.56154e+19
4.56153e+19
4.56153e+19
4.56153e+19
4.56153e+19
4.56153e+19
4.56153e+19
4.56153e+19
4.56153e+19
4.56153e+19
4.56154e+19
4.56154e+19
4.56154e+19
4.56154e+19
4.56154e+19
4.56154e+19
4.56154e+19
4.56154e+19
4.56154e+19
4.56154e+19
4.56154e+19
4.56154e+19
4.56154e+19
4.56154e+19
4.56154e+19
4.56154e+19
4.56154e+19
4.56154e+19
4.56154e+19
4.56154e+19
4.56154e+19
4.56153e+19
4.56153e+19
4.56153e+19
4.56153e+19
4.56153e+19
4.56153e+19
4.56153e+19
4.56153e+19
4.56153e+19
4.56153e+19
4.56153e+19
4.56154e+19
4.56154e+19
4.56154e+19
4.56154e+19
4.56154e+19
4.56154e+19
4.56154e+19
4.56154e+19
4.56154e+19
4.56154e+19
4.56154e+19
4.56154e+19
4.56154e+19
4.56154e+19
4.56154e+19
4.56154e+19
4.56154e+19
4.56154e+19
4.56154e+19
6.12e+19
6.12e+19
6.12e+19
6.12e+19
6.12e+19
6.12e+19
6.12e+19
6.12e+19
6.12001e+19
6.12001e+19
6.12001e+19
6.12001e+19
6.12001e+19
6.12001e+19
6.12002e+19
6.12002e+19
6.12002e+19
6.12002e+19
6.12002e+19
6.12002e+19
6.12003e+19
6.12003e+19
6.12003e+19
6.12003e+19
6.12003e+19
6.12003e+19
6.12003e+19
6.12003e+19
6.12003e+19
6.12003e+19
6.11999e+19
6.11999e+19
6.11999e+19
6.11999e+19
6.12e+19
6.12e+19
6.12e+19
6.12e+19
6.12e+19
6.12e+19
6.12e+19
6.12001e+19
6.12001e+19
6.12001e+19
6.12001e+19
6.12001e+19
6.12002e+19
6.12002e+19
6.12002e+19
6.12002e+19
6.12002e+19
6.12003e+19
6.12003e+19
6.12003e+19
6.12003e+19
6.12003e+19
6.12003e+19
6.12003e+19
6.12003e+19
6.12003e+19
6.11999e+19
6.11999e+19
6.11999e+19
6.11999e+19
6.12e+19
6.12e+19
6.12e+19
6.12e+19
6.12e+19
6.12e+19
6.12e+19
6.12001e+19
6.12001e+19
6.12001e+19
6.12001e+19
6.12001e+19
6.12002e+19
6.12002e+19
6.12002e+19
6.12002e+19
6.12002e+19
6.12003e+19
6.12003e+19
6.12003e+19
6.12003e+19
6.12003e+19
6.12003e+19
6.12003e+19
6.12003e+19
6.12003e+19
6.11999e+19
6.11999e+19
6.11999e+19
6.11999e+19
6.11999e+19
6.12e+19
6.12e+19
6.12e+19
6.12e+19
6.12e+19
6.12e+19
6.12001e+19
6.12001e+19
6.12001e+19
6.12001e+19
6.12001e+19
6.12002e+19
6.12002e+19
6.12002e+19
6.12002e+19
6.12002e+19
6.12002e+19
6.12003e+19
6.12003e+19
6.12003e+19
6.12003e+19
6.12003e+19
6.12003e+19
6.12003e+19
6.12003e+19
6.11999e+19
6.11999e+19
6.11999e+19
6.11999e+19
6.11999e+19
6.11999e+19
6.11999e+19
6.12e+19
6.12e+19
6.12e+19
6.12e+19
6.12e+19
6.12001e+19
6.12001e+19
6.12001e+19
6.12001e+19
6.12002e+19
6.12002e+19
6.12002e+19
6.12002e+19
6.12002e+19
6.12002e+19
6.12003e+19
6.12003e+19
6.12003e+19
6.12003e+19
6.12003e+19
6.12003e+19
6.12003e+19
6.12003e+19
6.11996e+19
6.11996e+19
6.11996e+19
6.11997e+19
6.11997e+19
6.11997e+19
6.11997e+19
6.11997e+19
6.11998e+19
6.11998e+19
6.11998e+19
6.11998e+19
6.11999e+19
6.11999e+19
6.12e+19
6.12e+19
6.12e+19
6.12001e+19
6.12001e+19
6.12001e+19
6.12002e+19
6.12002e+19
6.12002e+19
6.12002e+19
6.12003e+19
6.12003e+19
6.12003e+19
6.12003e+19
6.12003e+19
6.12003e+19
2.96295e+20
2.96319e+20
2.96365e+20
2.96432e+20
2.96519e+20
2.96625e+20
2.96748e+20
2.96887e+20
2.9704e+20
2.97207e+20
2.97383e+20
2.97568e+20
2.97756e+20
2.97945e+20
2.98129e+20
2.98305e+20
2.98469e+20
2.98619e+20
2.98753e+20
2.98871e+20
2.98973e+20
2.99059e+20
2.99131e+20
2.9919e+20
2.99236e+20
2.99273e+20
2.993e+20
2.9932e+20
2.99334e+20
2.99343e+20
2.95772e+20
2.95798e+20
2.9585e+20
2.95925e+20
2.96021e+20
2.96138e+20
2.96274e+20
2.96428e+20
2.96599e+20
2.96785e+20
2.96985e+20
2.97197e+20
2.97417e+20
2.9764e+20
2.97862e+20
2.98076e+20
2.98278e+20
2.98464e+20
2.9863e+20
2.98775e+20
2.989e+20
2.99005e+20
2.99092e+20
2.99162e+20
2.99218e+20
2.9926e+20
2.99293e+20
2.99316e+20
2.99332e+20
2.99342e+20
2.95756e+20
2.95783e+20
2.95835e+20
2.9591e+20
2.96007e+20
2.96124e+20
2.96261e+20
2.96415e+20
2.96586e+20
2.96773e+20
2.96974e+20
2.97187e+20
2.97407e+20
2.97632e+20
2.97855e+20
2.9807e+20
2.98274e+20
2.9846e+20
2.98627e+20
2.98773e+20
2.98898e+20
2.99004e+20
2.99091e+20
2.99161e+20
2.99217e+20
2.9926e+20
2.99292e+20
2.99316e+20
2.99332e+20
2.99342e+20
2.95738e+20
2.95765e+20
2.95817e+20
2.95892e+20
2.95989e+20
2.96106e+20
2.96243e+20
2.96397e+20
2.96569e+20
2.96756e+20
2.96957e+20
2.9717e+20
2.97391e+20
2.97616e+20
2.9784e+20
2.98057e+20
2.98262e+20
2.9845e+20
2.98618e+20
2.98766e+20
2.98892e+20
2.98999e+20
2.99087e+20
2.99158e+20
2.99215e+20
2.99259e+20
2.99291e+20
2.99315e+20
2.99331e+20
2.99342e+20
2.95853e+20
2.9588e+20
2.95932e+20
2.96006e+20
2.96103e+20
2.9622e+20
2.96357e+20
2.96511e+20
2.96683e+20
2.9687e+20
2.9707e+20
2.97281e+20
2.97499e+20
2.9772e+20
2.97937e+20
2.98146e+20
2.98342e+20
2.9852e+20
2.98678e+20
2.98816e+20
2.98934e+20
2.99033e+20
2.99114e+20
2.9918e+20
2.99232e+20
2.99271e+20
2.993e+20
2.99321e+20
2.99335e+20
2.99344e+20
3.37172e+20
3.37225e+20
3.37324e+20
3.37466e+20
3.37642e+20
3.37849e+20
3.38079e+20
3.38328e+20
3.38594e+20
3.38874e+20
3.39168e+20
3.39476e+20
3.39801e+20
3.40141e+20
3.40496e+20
3.4086e+20
3.41226e+20
3.4158e+20
3.41913e+20
3.42212e+20
3.42472e+20
3.42692e+20
3.42873e+20
3.43018e+20
3.43131e+20
3.43218e+20
3.43281e+20
3.43326e+20
3.43356e+20
3.43375e+20
3.36766e+20
3.36824e+20
3.36934e+20
3.3709e+20
3.37284e+20
3.3751e+20
3.3776e+20
3.38028e+20
3.38312e+20
3.38607e+20
3.38913e+20
3.39231e+20
3.39562e+20
3.39909e+20
3.4027e+20
3.40644e+20
3.41022e+20
3.41396e+20
3.41751e+20
3.42075e+20
3.4236e+20
3.42603e+20
3.42804e+20
3.42965e+20
3.43092e+20
3.4319e+20
3.43262e+20
3.43313e+20
3.43347e+20
3.4337e+20
3.36731e+20
3.36789e+20
3.369e+20
3.37057e+20
3.37253e+20
3.37481e+20
3.37733e+20
3.38003e+20
3.38288e+20
3.38585e+20
3.38893e+20
3.39212e+20
3.39544e+20
3.39891e+20
3.40253e+20
3.40627e+20
3.41007e+20
3.41382e+20
3.41738e+20
3.42065e+20
3.42352e+20
3.42597e+20
3.42799e+20
3.42962e+20
3.4309e+20
3.43188e+20
3.4326e+20
3.43312e+20
3.43347e+20
3.4337e+20
3.36695e+20
3.36754e+20
3.36866e+20
3.37025e+20
3.37222e+20
3.37451e+20
3.37705e+20
3.37977e+20
3.38264e+20
3.38562e+20
3.38871e+20
3.3919e+20
3.39523e+20
3.39871e+20
3.40233e+20
3.40608e+20
3.40989e+20
3.41365e+20
3.41723e+20
3.42052e+20
3.42341e+20
3.42588e+20
3.42792e+20
3.42956e+20
3.43086e+20
3.43185e+20
3.43258e+20
3.43311e+20
3.43346e+20
3.43369e+20
3.36667e+20
3.36726e+20
3.36839e+20
3.36998e+20
3.37197e+20
3.37427e+20
3.37682e+20
3.37956e+20
3.38244e+20
3.38543e+20
3.38852e+20
3.39173e+20
3.39506e+20
3.39853e+20
3.40216e+20
3.40591e+20
3.40973e+20
3.4135e+20
3.4171e+20
3.4204e+20
3.42331e+20
3.4258e+20
3.42785e+20
3.42951e+20
3.43082e+20
3.43182e+20
3.43256e+20
3.43309e+20
3.43345e+20
3.43368e+20
3.3688e+20
3.36937e+20
3.37045e+20
3.37198e+20
3.37388e+20
3.3761e+20
3.37855e+20
3.3812e+20
3.38399e+20
3.38692e+20
3.38996e+20
3.39313e+20
3.39644e+20
3.39991e+20
3.40354e+20
3.40727e+20
3.41104e+20
3.41472e+20
3.41821e+20
3.42137e+20
3.42413e+20
3.42646e+20
3.42839e+20
3.42993e+20
3.43114e+20
3.43205e+20
3.43273e+20
3.43321e+20
3.43353e+20
3.43373e+20
3.71608e+20
3.71741e+20
3.71995e+20
3.72352e+20
3.72791e+20
3.73293e+20
3.73836e+20
3.74401e+20
3.74972e+20
3.75535e+20
3.76081e+20
3.76606e+20
3.77112e+20
3.77606e+20
3.78095e+20
3.7859e+20
3.79098e+20
3.79621e+20
3.80147e+20
3.80659e+20
3.81132e+20
3.81549e+20
3.81899e+20
3.82181e+20
3.82402e+20
3.82569e+20
3.82692e+20
3.82777e+20
3.82834e+20
3.8287e+20
3.7075e+20
3.70898e+20
3.71179e+20
3.71574e+20
3.72062e+20
3.72618e+20
3.7322e+20
3.73847e+20
3.74478e+20
3.75099e+20
3.75698e+20
3.76269e+20
3.76812e+20
3.77333e+20
3.77841e+20
3.78347e+20
3.78863e+20
3.79393e+20
3.79931e+20
3.80462e+20
3.80962e+20
3.81409e+20
3.81788e+20
3.82097e+20
3.8234e+20
3.82525e+20
3.82661e+20
3.82757e+20
3.82821e+20
3.82862e+20
3.70651e+20
3.70801e+20
3.71085e+20
3.71485e+20
3.71978e+20
3.72541e+20
3.7315e+20
3.73784e+20
3.74422e+20
3.7505e+20
3.75655e+20
3.76231e+20
3.76779e+20
3.77303e+20
3.77814e+20
3.78322e+20
3.78838e+20
3.79369e+20
3.79909e+20
3.80442e+20
3.80945e+20
3.81394e+20
3.81777e+20
3.82088e+20
3.82333e+20
3.8252e+20
3.82658e+20
3.82755e+20
3.8282e+20
3.82862e+20
3.7058e+20
3.70731e+20
3.71017e+20
3.7142e+20
3.71917e+20
3.72484e+20
3.73097e+20
3.73736e+20
3.74379e+20
3.75012e+20
3.75621e+20
3.76201e+20
3.76752e+20
3.77279e+20
3.7779e+20
3.78299e+20
3.78817e+20
3.79348e+20
3.79888e+20
3.80422e+20
3.80927e+20
3.8138e+20
3.81765e+20
3.82079e+20
3.82326e+20
3.82515e+20
3.82654e+20
3.82752e+20
3.82819e+20
3.82861e+20
3.71096e+20
3.71239e+20
3.71511e+20
3.71893e+20
3.72363e+20
3.729e+20
3.73481e+20
3.74084e+20
3.74693e+20
3.75291e+20
3.75869e+20
3.76422e+20
3.76951e+20
3.77461e+20
3.77962e+20
3.78466e+20
3.78981e+20
3.79511e+20
3.80046e+20
3.8057e+20
3.81059e+20
3.81491e+20
3.81855e+20
3.82149e+20
3.82379e+20
3.82554e+20
3.82681e+20
3.82771e+20
3.8283e+20
3.82868e+20
3.95628e+20
3.9589e+20
3.9639e+20
3.97092e+20
3.9796e+20
3.98952e+20
4.00027e+20
4.01144e+20
4.02264e+20
4.03355e+20
4.04389e+20
4.05349e+20
4.06225e+20
4.07019e+20
4.07742e+20
4.08413e+20
4.09058e+20
4.097e+20
4.10357e+20
4.11025e+20
4.11683e+20
4.12296e+20
4.12832e+20
4.13273e+20
4.13621e+20
4.13884e+20
4.14075e+20
4.14208e+20
4.14296e+20
4.1435e+20
3.93964e+20
3.94252e+20
3.948e+20
3.95572e+20
3.96528e+20
3.97622e+20
3.98811e+20
4.00049e+20
4.01295e+20
4.02509e+20
4.03663e+20
4.04733e+20
4.05707e+20
4.06583e+20
4.07369e+20
4.08085e+20
4.08757e+20
4.09414e+20
4.10078e+20
4.10755e+20
4.11433e+20
4.12078e+20
4.12653e+20
4.13135e+20
4.13517e+20
4.13809e+20
4.14024e+20
4.14175e+20
4.14275e+20
4.14338e+20
3.93755e+20
3.94046e+20
3.94601e+20
3.95382e+20
3.96348e+20
3.97456e+20
3.98659e+20
3.99913e+20
4.01174e+20
4.02404e+20
4.03573e+20
4.04657e+20
4.05644e+20
4.0653e+20
4.07325e+20
4.08047e+20
4.08723e+20
4.09382e+20
4.10046e+20
4.10725e+20
4.11406e+20
4.12054e+20
4.12633e+20
4.13119e+20
4.13506e+20
4.13801e+20
4.14018e+20
4.14171e+20
4.14273e+20
4.14337e+20
3.93623e+20
3.93916e+20
3.94474e+20
3.9526e+20
3.96232e+20
3.97347e+20
3.98559e+20
3.99821e+20
4.01092e+20
4.02332e+20
4.0351e+20
4.04603e+20
4.05597e+20
4.0649e+20
4.07291e+20
4.08017e+20
4.08695e+20
4.09355e+20
4.1002e+20
4.10699e+20
4.11381e+20
4.12031e+20
4.12614e+20
4.13104e+20
4.13494e+20
4.13793e+20
4.14012e+20
4.14167e+20
4.1427e+20
4.14335e+20
3.9503e+20
3.95303e+20
3.95823e+20
3.96554e+20
3.97458e+20
3.98491e+20
3.99611e+20
4.00775e+20
4.01943e+20
4.03081e+20
4.04159e+20
4.05158e+20
4.06068e+20
4.0689e+20
4.07634e+20
4.0832e+20
4.08975e+20
4.09624e+20
4.10286e+20
4.1096e+20
4.11627e+20
4.1225e+20
4.12797e+20
4.13248e+20
4.13603e+20
4.13872e+20
4.14068e+20
4.14204e+20
4.14294e+20
4.14349e+20
4.11742e+20
4.12167e+20
4.12979e+20
4.14126e+20
4.1555e+20
4.17188e+20
4.18976e+20
4.20847e+20
4.22736e+20
4.24585e+20
4.26343e+20
4.27969e+20
4.29435e+20
4.3073e+20
4.31857e+20
4.32837e+20
4.33703e+20
4.345e+20
4.35272e+20
4.36053e+20
4.36846e+20
4.37626e+20
4.38342e+20
4.38953e+20
4.39442e+20
4.39813e+20
4.40083e+20
4.4027e+20
4.40393e+20
4.40467e+20
4.08767e+20
4.09232e+20
4.1012e+20
4.11376e+20
4.1294e+20
4.14745e+20
4.16721e+20
4.18798e+20
4.20905e+20
4.22978e+20
4.24957e+20
4.26796e+20
4.28461e+20
4.29932e+20
4.31208e+20
4.32306e+20
4.33257e+20
4.34106e+20
4.34903e+20
4.35694e+20
4.36499e+20
4.37304e+20
4.38064e+20
4.3873e+20
4.39273e+20
4.39691e+20
4.39999e+20
4.40215e+20
4.40358e+20
4.40448e+20
4.08491e+20
4.0896e+20
4.09855e+20
4.11122e+20
4.12699e+20
4.1452e+20
4.16515e+20
4.18611e+20
4.20739e+20
4.22832e+20
4.24833e+20
4.26692e+20
4.28375e+20
4.29862e+20
4.31153e+20
4.32261e+20
4.3322e+20
4.34074e+20
4.34875e+20
4.35667e+20
4.36473e+20
4.3728e+20
4.38044e+20
4.38715e+20
4.39262e+20
4.39683e+20
4.39993e+20
4.40211e+20
4.40356e+20
4.40447e+20
4.08224e+20
4.08696e+20
4.09598e+20
4.10874e+20
4.12463e+20
4.14299e+20
4.16309e+20
4.18424e+20
4.20571e+20
4.22684e+20
4.24704e+20
4.26583e+20
4.28284e+20
4.29788e+20
4.31092e+20
4.32212e+20
4.33179e+20
4.34039e+20
4.34842e+20
4.35636e+20
4.36442e+20
4.37251e+20
4.38019e+20
4.38694e+20
4.39246e+20
4.39671e+20
4.39985e+20
4.40206e+20
4.40353e+20
4.40445e+20
4.07989e+20
4.08464e+20
4.09371e+20
4.10655e+20
4.12254e+20
4.14101e+20
4.16125e+20
4.18255e+20
4.20418e+20
4.22548e+20
4.24585e+20
4.26481e+20
4.28198e+20
4.29716e+20
4.31033e+20
4.32164e+20
4.33139e+20
4.34003e+20
4.34809e+20
4.35603e+20
4.3641e+20
4.37221e+20
4.37991e+20
4.38671e+20
4.39228e+20
4.39658e+20
4.39976e+20
4.40199e+20
4.40349e+20
4.40442e+20
4.09935e+20
4.10387e+20
4.11248e+20
4.12466e+20
4.1398e+20
4.15726e+20
4.17634e+20
4.19635e+20
4.2166e+20
4.23648e+20
4.25542e+20
4.27296e+20
4.28881e+20
4.3028e+20
4.31494e+20
4.32542e+20
4.33456e+20
4.34283e+20
4.35071e+20
4.35859e+20
4.36662e+20
4.37458e+20
4.38201e+20
4.38842e+20
4.39359e+20
4.39754e+20
4.40043e+20
4.40245e+20
4.40377e+20
4.40459e+20
4.1884e+20
4.19427e+20
4.20551e+20
4.22144e+20
4.24133e+20
4.26439e+20
4.28975e+20
4.31653e+20
4.34384e+20
4.37084e+20
4.39676e+20
4.42092e+20
4.44283e+20
4.46215e+20
4.4788e+20
4.49289e+20
4.50475e+20
4.51493e+20
4.52407e+20
4.53282e+20
4.54165e+20
4.55059e+20
4.55923e+20
4.56694e+20
4.57328e+20
4.57816e+20
4.58174e+20
4.58423e+20
4.58587e+20
4.58687e+20
4.1548e+20
4.16106e+20
4.17303e+20
4.19004e+20
4.21132e+20
4.23606e+20
4.26336e+20
4.2923e+20
4.32195e+20
4.35141e+20
4.37983e+20
4.40648e+20
4.43076e+20
4.45229e+20
4.47088e+20
4.4866e+20
4.49974e+20
4.51081e+20
4.52048e+20
4.52947e+20
4.53838e+20
4.54744e+20
4.55636e+20
4.56455e+20
4.57143e+20
4.57682e+20
4.5808e+20
4.58361e+20
4.58549e+20
4.58665e+20
4.15108e+20
4.15738e+20
4.16944e+20
4.18657e+20
4.20802e+20
4.23294e+20
4.26046e+20
4.28965e+20
4.31957e+20
4.3493e+20
4.378e+20
4.40492e+20
4.42947e+20
4.45124e+20
4.47005e+20
4.48595e+20
4.49923e+20
4.5104e+20
4.52013e+20
4.52916e+20
4.53808e+20
4.54715e+20
4.55611e+20
4.56433e+20
4.57127e+20
4.5767e+20
4.58072e+20
4.58356e+20
4.58545e+20
4.58663e+20
4.14812e+20
4.15445e+20
4.16656e+20
4.18378e+20
4.20533e+20
4.23039e+20
4.25806e+20
4.28742e+20
4.31753e+20
4.34747e+20
4.37639e+20
4.40352e+20
4.42829e+20
4.45026e+20
4.46925e+20
4.48531e+20
4.49871e+20
4.50998e+20
4.51976e+20
4.52882e+20
4.53775e+20
4.54682e+20
4.55579e+20
4.56406e+20
4.57105e+20
4.57654e+20
4.58061e+20
4.58348e+20
4.5854e+20
4.5866e+20
4.17364e+20
4.1797e+20
4.19129e+20
4.20774e+20
4.22829e+20
4.25214e+20
4.27841e+20
4.30619e+20
4.33457e+20
4.36269e+20
4.38972e+20
4.41497e+20
4.43791e+20
4.45818e+20
4.47564e+20
4.4904e+20
4.50279e+20
4.51332e+20
4.52267e+20
4.53153e+20
4.54041e+20
4.54942e+20
4.55819e+20
4.56609e+20
4.57264e+20
4.57771e+20
4.58143e+20
4.58403e+20
4.58575e+20
4.5868e+20
4.21094e+20
4.21778e+20
4.23088e+20
4.2495e+20
4.27283e+20
4.29998e+20
4.32999e+20
4.36185e+20
4.39456e+20
4.4271e+20
4.45855e+20
4.48806e+20
4.51498e+20
4.53883e+20
4.55939e+20
4.5767e+20
4.59107e+20
4.60303e+20
4.61334e+20
4.62279e+20
4.63211e+20
4.64158e+20
4.65097e+20
4.65961e+20
4.66687e+20
4.67253e+20
4.67669e+20
4.6796e+20
4.68152e+20
4.68269e+20
4.17368e+20
4.1809e+20
4.19473e+20
4.21443e+20
4.23916e+20
4.26801e+20
4.30001e+20
4.33414e+20
4.36932e+20
4.40451e+20
4.4387e+20
4.47099e+20
4.50061e+20
4.52702e+20
4.5499e+20
4.5692e+20
4.58519e+20
4.59835e+20
4.60943e+20
4.61928e+20
4.62872e+20
4.63827e+20
4.64787e+20
4.65693e+20
4.66476e+20
4.67097e+20
4.6756e+20
4.67888e+20
4.68107e+20
4.68244e+20
4.16883e+20
4.17609e+20
4.19003e+20
4.20987e+20
4.23479e+20
4.26387e+20
4.29614e+20
4.33057e+20
4.36608e+20
4.40162e+20
4.43617e+20
4.46882e+20
4.4988e+20
4.52554e+20
4.54871e+20
4.56828e+20
4.58447e+20
4.59779e+20
4.60898e+20
4.61889e+20
4.62835e+20
4.63791e+20
4.64754e+20
4.65665e+20
4.66454e+20
4.67081e+20
4.67549e+20
4.6788e+20
4.68102e+20
4.68241e+20
4.16585e+20
4.17313e+20
4.18712e+20
4.20703e+20
4.23204e+20
4.26124e+20
4.29365e+20
4.32824e+20
4.36393e+20
4.39967e+20
4.43443e+20
4.4673e+20
4.4975e+20
4.52445e+20
4.54782e+20
4.56757e+20
4.58391e+20
4.59734e+20
4.6086e+20
4.61855e+20
4.62803e+20
4.63759e+20
4.64722e+20
4.65637e+20
4.66431e+20
4.67064e+20
4.67537e+20
4.67872e+20
4.68097e+20
4.68238e+20
4.20094e+20
4.20789e+20
4.22121e+20
4.24015e+20
4.26388e+20
4.29152e+20
4.3221e+20
4.3546e+20
4.388e+20
4.42127e+20
4.45347e+20
4.48373e+20
4.51136e+20
4.53588e+20
4.55704e+20
4.57486e+20
4.58963e+20
4.60189e+20
4.61238e+20
4.62193e+20
4.63128e+20
4.64079e+20
4.65024e+20
4.65899e+20
4.6664e+20
4.67219e+20
4.67645e+20
4.67945e+20
4.68142e+20
4.68264e+20
4.20521e+20
4.21228e+20
4.22582e+20
4.24508e+20
4.26923e+20
4.29736e+20
4.32851e+20
4.36165e+20
4.39572e+20
4.42971e+20
4.46262e+20
4.49359e+20
4.5219e+20
4.54703e+20
4.56874e+20
4.58701e+20
4.60213e+20
4.61465e+20
4.6253e+20
4.63496e+20
4.64437e+20
4.65395e+20
4.66352e+20
4.67242e+20
4.67998e+20
4.6859e+20
4.69026e+20
4.69333e+20
4.69535e+20
4.6966e+20
4.15987e+20
4.16737e+20
4.18175e+20
4.20226e+20
4.22803e+20
4.25816e+20
4.29164e+20
4.32744e+20
4.36446e+20
4.40161e+20
4.43783e+20
4.47217e+20
4.50379e+20
4.53208e+20
4.55668e+20
4.57747e+20
4.59467e+20
4.60876e+20
4.62045e+20
4.63066e+20
4.64026e+20
4.64991e+20
4.65968e+20
4.66906e+20
4.67729e+20
4.6839e+20
4.68886e+20
4.69239e+20
4.69476e+20
4.69626e+20
4.1552e+20
4.16274e+20
4.17722e+20
4.19786e+20
4.22381e+20
4.25416e+20
4.2879e+20
4.32399e+20
4.36132e+20
4.3988e+20
4.43537e+20
4.47006e+20
4.50202e+20
4.53064e+20
4.55552e+20
4.57657e+20
4.59398e+20
4.60823e+20
4.62003e+20
4.6303e+20
4.63993e+20
4.64959e+20
4.65938e+20
4.6688e+20
4.67709e+20
4.68375e+20
4.68876e+20
4.69232e+20
4.69472e+20
4.69624e+20
4.15117e+20
4.15874e+20
4.1733e+20
4.19405e+20
4.22014e+20
4.25066e+20
4.2846e+20
4.32092e+20
4.35851e+20
4.39627e+20
4.43313e+20
4.46812e+20
4.50038e+20
4.52928e+20
4.55442e+20
4.5757e+20
4.5933e+20
4.6077e+20
4.6196e+20
4.62993e+20
4.63959e+20
4.64925e+20
4.65906e+20
4.66851e+20
4.67685e+20
4.68358e+20
4.68864e+20
4.69224e+20
4.69467e+20
4.69621e+20
4.14749e+20
4.15509e+20
4.16971e+20
4.19054e+20
4.21675e+20
4.2474e+20
4.28152e+20
4.31803e+20
4.35584e+20
4.39384e+20
4.43096e+20
4.46621e+20
4.49874e+20
4.52791e+20
4.5533e+20
4.57481e+20
4.5926e+20
4.60714e+20
4.61915e+20
4.62953e+20
4.63921e+20
4.64888e+20
4.65869e+20
4.66818e+20
4.67658e+20
4.68337e+20
4.68849e+20
4.69214e+20
4.6946e+20
4.69617e+20
4.17969e+20
4.187e+20
4.20102e+20
4.221e+20
4.24607e+20
4.27535e+20
4.30783e+20
4.34248e+20
4.37823e+20
4.41401e+20
4.44879e+20
4.48166e+20
4.51183e+20
4.53873e+20
4.56205e+20
4.58172e+20
4.59799e+20
4.61136e+20
4.62258e+20
4.63252e+20
4.64203e+20
4.65165e+20
4.66136e+20
4.67054e+20
4.67849e+20
4.6848e+20
4.68949e+20
4.69281e+20
4.69503e+20
4.69642e+20
4.15417e+20
4.16092e+20
4.17385e+20
4.19225e+20
4.21532e+20
4.2422e+20
4.27195e+20
4.30361e+20
4.33618e+20
4.36868e+20
4.40019e+20
4.42986e+20
4.45703e+20
4.48121e+20
4.50213e+20
4.51981e+20
4.53448e+20
4.54666e+20
4.55704e+20
4.56644e+20
4.57559e+20
4.58491e+20
4.59427e+20
4.60304e+20
4.61056e+20
4.61651e+20
4.62094e+20
4.62407e+20
4.62617e+20
4.62748e+20
4.1173e+20
4.1244e+20
4.13802e+20
4.15742e+20
4.1818e+20
4.21029e+20
4.24194e+20
4.27575e+20
4.31069e+20
4.34575e+20
4.37992e+20
4.41232e+20
4.44217e+20
4.4689e+20
4.49217e+20
4.51189e+20
4.52826e+20
4.54172e+20
4.55296e+20
4.56281e+20
4.57211e+20
4.58147e+20
4.59098e+20
4.60014e+20
4.60822e+20
4.61476e+20
4.61969e+20
4.62323e+20
4.62563e+20
4.62716e+20
4.11302e+20
4.12016e+20
4.13386e+20
4.15339e+20
4.17794e+20
4.20663e+20
4.23851e+20
4.27258e+20
4.30781e+20
4.34317e+20
4.37766e+20
4.41038e+20
4.44054e+20
4.46756e+20
4.4911e+20
4.51105e+20
4.52761e+20
4.54122e+20
4.55256e+20
4.56246e+20
4.57179e+20
4.58117e+20
4.59069e+20
4.59989e+20
4.60802e+20
4.61461e+20
4.61959e+20
4.62316e+20
4.62559e+20
4.62714e+20
4.10971e+20
4.11688e+20
4.13064e+20
4.15024e+20
4.17489e+20
4.20371e+20
4.23574e+20
4.26999e+20
4.30542e+20
4.341e+20
4.37572e+20
4.40868e+20
4.43908e+20
4.46634e+20
4.4901e+20
4.51025e+20
4.52697e+20
4.54071e+20
4.55214e+20
4.56209e+20
4.57144e+20
4.58082e+20
4.59035e+20
4.59958e+20
4.60776e+20
4.61441e+20
4.61945e+20
4.62306e+20
4.62552e+20
4.6271e+20
4.14081e+20
4.14768e+20
4.16085e+20
4.17959e+20
4.20311e+20
4.23055e+20
4.26097e+20
4.29338e+20
4.3268e+20
4.36021e+20
4.39267e+20
4.42333e+20
4.45147e+20
4.47658e+20
4.49837e+20
4.5168e+20
4.53209e+20
4.54474e+20
4.55543e+20
4.56498e+20
4.57417e+20
4.5835e+20
4.59292e+20
4.60186e+20
4.60961e+20
4.6158e+20
4.62043e+20
4.62372e+20
4.62595e+20
4.62735e+20
4.07912e+20
4.08483e+20
4.09576e+20
4.11128e+20
4.1307e+20
4.15325e+20
4.17813e+20
4.2045e+20
4.23152e+20
4.25837e+20
4.28428e+20
4.3086e+20
4.3308e+20
4.35053e+20
4.36763e+20
4.38215e+20
4.39435e+20
4.40469e+20
4.41379e+20
4.42231e+20
4.4308e+20
4.43949e+20
4.44814e+20
4.45614e+20
4.46294e+20
4.46831e+20
4.47233e+20
4.47519e+20
4.47712e+20
4.47836e+20
4.0487e+20
4.05472e+20
4.06625e+20
4.08266e+20
4.10322e+20
4.12717e+20
4.15368e+20
4.18189e+20
4.21091e+20
4.23989e+20
4.26801e+20
4.29454e+20
4.31891e+20
4.34068e+20
4.35963e+20
4.37574e+20
4.38923e+20
4.40052e+20
4.41021e+20
4.41901e+20
4.42758e+20
4.43631e+20
4.44512e+20
4.45351e+20
4.46083e+20
4.46673e+20
4.47119e+20
4.47441e+20
4.47662e+20
4.47805e+20
4.04489e+20
4.05095e+20
4.06257e+20
4.07909e+20
4.09981e+20
4.12395e+20
4.15067e+20
4.17912e+20
4.2084e+20
4.23766e+20
4.26606e+20
4.29288e+20
4.31751e+20
4.33954e+20
4.35871e+20
4.37501e+20
4.38866e+20
4.40007e+20
4.40984e+20
4.41868e+20
4.42727e+20
4.436e+20
4.44484e+20
4.45326e+20
4.46064e+20
4.46658e+20
4.47109e+20
4.47434e+20
4.47658e+20
4.47803e+20
4.04273e+20
4.04881e+20
4.06046e+20
4.07704e+20
4.09783e+20
4.12205e+20
4.14888e+20
4.17744e+20
4.20685e+20
4.23625e+20
4.2648e+20
4.29177e+20
4.31657e+20
4.33874e+20
4.35805e+20
4.37448e+20
4.38822e+20
4.39971e+20
4.40954e+20
4.4184e+20
4.42699e+20
4.43573e+20
4.44457e+20
4.45302e+20
4.46044e+20
4.46643e+20
4.47098e+20
4.47426e+20
4.47653e+20
4.478e+20
4.07535e+20
4.08108e+20
4.09206e+20
4.10764e+20
4.12714e+20
4.14981e+20
4.17483e+20
4.20137e+20
4.22859e+20
4.25567e+20
4.28183e+20
4.30642e+20
4.3289e+20
4.3489e+20
4.36626e+20
4.38101e+20
4.39341e+20
4.40389e+20
4.41307e+20
4.42162e+20
4.4301e+20
4.43878e+20
4.44745e+20
4.45554e+20
4.46245e+20
4.46794e+20
4.47205e+20
4.47499e+20
4.477e+20
4.47828e+20
3.95552e+20
3.95966e+20
3.96757e+20
3.97877e+20
3.99272e+20
4.00884e+20
4.02651e+20
4.04511e+20
4.06403e+20
4.08269e+20
4.10058e+20
4.11727e+20
4.13246e+20
4.14596e+20
4.15775e+20
4.16793e+20
4.17678e+20
4.18469e+20
4.19211e+20
4.19948e+20
4.20703e+20
4.21472e+20
4.22216e+20
4.22884e+20
4.23439e+20
4.23875e+20
4.24201e+20
4.24435e+20
4.24596e+20
4.247e+20
3.93094e+20
3.93537e+20
3.94383e+20
3.95582e+20
3.9708e+20
3.98814e+20
4.00723e+20
4.02739e+20
4.04799e+20
4.06841e+20
4.08808e+20
4.10652e+20
4.12338e+20
4.13842e+20
4.15156e+20
4.16286e+20
4.17257e+20
4.18105e+20
4.18878e+20
4.19624e+20
4.20381e+20
4.21158e+20
4.21927e+20
4.22638e+20
4.23245e+20
4.23729e+20
4.24096e+20
4.24363e+20
4.24548e+20
4.24671e+20
3.92799e+20
3.93245e+20
3.94099e+20
3.95309e+20
3.96819e+20
3.9857e+20
4.00496e+20
4.02533e+20
4.04614e+20
4.06677e+20
4.08666e+20
4.10532e+20
4.12238e+20
4.1376e+20
4.15089e+20
4.16233e+20
4.17214e+20
4.18069e+20
4.18846e+20
4.19594e+20
4.20352e+20
4.2113e+20
4.21902e+20
4.22617e+20
4.23228e+20
4.23717e+20
4.24087e+20
4.24357e+20
4.24545e+20
4.24668e+20
3.92574e+20
3.93023e+20
3.93882e+20
3.95099e+20
3.96619e+20
3.98381e+20
4.00321e+20
4.02372e+20
4.04468e+20
4.06547e+20
4.08552e+20
4.10435e+20
4.12156e+20
4.13692e+20
4.15034e+20
4.16188e+20
4.17177e+20
4.18038e+20
4.18818e+20
4.19568e+20
4.20327e+20
4.21105e+20
4.21878e+20
4.22596e+20
4.23212e+20
4.23705e+20
4.24079e+20
4.24351e+20
4.24541e+20
4.24666e+20
3.92383e+20
3.92834e+20
3.93696e+20
3.94919e+20
3.96446e+20
3.98217e+20
4.00167e+20
4.02229e+20
4.04338e+20
4.06431e+20
4.08449e+20
4.10345e+20
4.12079e+20
4.13628e+20
4.14981e+20
4.16144e+20
4.17141e+20
4.18007e+20
4.18791e+20
4.19541e+20
4.203e+20
4.21078e+20
4.21853e+20
4.22574e+20
4.23194e+20
4.23691e+20
4.24068e+20
4.24344e+20
4.24536e+20
4.24663e+20
3.94431e+20
3.94856e+20
3.9567e+20
3.96822e+20
3.98259e+20
3.99922e+20
4.01749e+20
4.03676e+20
4.0564e+20
4.07584e+20
4.09452e+20
4.11201e+20
4.12797e+20
4.14219e+20
4.15461e+20
4.16532e+20
4.17457e+20
4.18275e+20
4.19029e+20
4.19768e+20
4.20522e+20
4.21294e+20
4.22052e+20
4.22743e+20
4.23327e+20
4.2379e+20
4.24139e+20
4.24392e+20
4.24568e+20
4.24682e+20
3.75305e+20
3.75562e+20
3.7605e+20
3.76739e+20
3.77594e+20
3.78577e+20
3.79647e+20
3.80768e+20
3.81901e+20
3.83013e+20
3.84075e+20
3.85068e+20
3.85977e+20
3.86797e+20
3.87534e+20
3.88202e+20
3.88823e+20
3.89423e+20
3.90028e+20
3.90654e+20
3.91296e+20
3.9193e+20
3.92519e+20
3.9303e+20
3.93448e+20
3.93776e+20
3.94022e+20
3.94202e+20
3.94328e+20
3.94411e+20
3.73971e+20
3.74245e+20
3.74766e+20
3.75503e+20
3.76418e+20
3.77472e+20
3.78624e+20
3.79833e+20
3.81059e+20
3.82265e+20
3.83422e+20
3.84504e+20
3.85496e+20
3.86389e+20
3.87187e+20
3.87901e+20
3.88553e+20
3.89169e+20
3.89779e+20
3.90404e+20
3.91049e+20
3.91697e+20
3.92313e+20
3.92859e+20
3.93314e+20
3.93675e+20
3.93949e+20
3.9415e+20
3.94293e+20
3.94389e+20
3.73795e+20
3.74071e+20
3.74597e+20
3.75341e+20
3.76265e+20
3.77329e+20
3.78493e+20
3.79714e+20
3.80952e+20
3.82172e+20
3.83341e+20
3.84436e+20
3.85438e+20
3.86341e+20
3.87147e+20
3.87868e+20
3.88523e+20
3.89142e+20
3.89753e+20
3.90379e+20
3.91025e+20
3.91675e+20
3.92293e+20
3.92844e+20
3.93302e+20
3.93666e+20
3.93942e+20
3.94146e+20
3.9429e+20
3.94387e+20
3.73672e+20
3.73949e+20
3.74478e+20
3.75226e+20
3.76156e+20
3.77226e+20
3.78397e+20
3.79626e+20
3.80873e+20
3.82101e+20
3.83279e+20
3.84382e+20
3.85392e+20
3.86302e+20
3.87113e+20
3.87838e+20
3.88498e+20
3.89118e+20
3.8973e+20
3.90355e+20
3.91001e+20
3.91652e+20
3.92273e+20
3.92826e+20
3.93289e+20
3.93655e+20
3.93935e+20
3.94141e+20
3.94286e+20
3.94385e+20
3.7499e+20
3.75249e+20
3.75742e+20
3.76439e+20
3.77303e+20
3.78298e+20
3.79383e+20
3.8052e+20
3.81671e+20
3.82802e+20
3.83886e+20
3.84899e+20
3.85827e+20
3.86666e+20
3.87418e+20
3.88097e+20
3.88725e+20
3.89327e+20
3.89931e+20
3.90553e+20
3.91194e+20
3.91832e+20
3.9243e+20
3.92955e+20
3.93388e+20
3.93729e+20
3.93988e+20
3.94177e+20
3.94311e+20
3.944e+20
3.48326e+20
3.48456e+20
3.48704e+20
3.49053e+20
3.49485e+20
3.4998e+20
3.50518e+20
3.5108e+20
3.5165e+20
3.52212e+20
3.52757e+20
3.53277e+20
3.53771e+20
3.54242e+20
3.54697e+20
3.55149e+20
3.55608e+20
3.56084e+20
3.5658e+20
3.57086e+20
3.57583e+20
3.58048e+20
3.58458e+20
3.58803e+20
3.59081e+20
3.593e+20
3.59466e+20
3.59589e+20
3.59677e+20
3.59737e+20
3.4766e+20
3.478e+20
3.48066e+20
3.4844e+20
3.48903e+20
3.49435e+20
3.50014e+20
3.5062e+20
3.51234e+20
3.51841e+20
3.52427e+20
3.52984e+20
3.5351e+20
3.54007e+20
3.5448e+20
3.54941e+20
3.55404e+20
3.5588e+20
3.56375e+20
3.56885e+20
3.57394e+20
3.57879e+20
3.58315e+20
3.58687e+20
3.58991e+20
3.59231e+20
3.59416e+20
3.59553e+20
3.59652e+20
3.5972e+20
3.47568e+20
3.47709e+20
3.47977e+20
3.48355e+20
3.48824e+20
3.49361e+20
3.49946e+20
3.50559e+20
3.51179e+20
3.51792e+20
3.52384e+20
3.52947e+20
3.53478e+20
3.53978e+20
3.54455e+20
3.54918e+20
3.55382e+20
3.55858e+20
3.56353e+20
3.56864e+20
3.57375e+20
3.57862e+20
3.58301e+20
3.58676e+20
3.58983e+20
3.59225e+20
3.59411e+20
3.5955e+20
3.5965e+20
3.59719e+20
3.47519e+20
3.4766e+20
3.4793e+20
3.4831e+20
3.4878e+20
3.4932e+20
3.49908e+20
3.50524e+20
3.51147e+20
3.51763e+20
3.52358e+20
3.52924e+20
3.53458e+20
3.5396e+20
3.54437e+20
3.54902e+20
3.55365e+20
3.55841e+20
3.56337e+20
3.56847e+20
3.57359e+20
3.57848e+20
3.58289e+20
3.58666e+20
3.58975e+20
3.59219e+20
3.59406e+20
3.59547e+20
3.59648e+20
3.59717e+20
3.4836e+20
3.48489e+20
3.48734e+20
3.49079e+20
3.49505e+20
3.49994e+20
3.50527e+20
3.51083e+20
3.51648e+20
3.52206e+20
3.52747e+20
3.53264e+20
3.53755e+20
3.54224e+20
3.54677e+20
3.55125e+20
3.55581e+20
3.56054e+20
3.56546e+20
3.5705e+20
3.57547e+20
3.58012e+20
3.58426e+20
3.58775e+20
3.59058e+20
3.59281e+20
3.59452e+20
3.59579e+20
3.59669e+20
3.59731e+20
3.15672e+20
3.15728e+20
3.15834e+20
3.15984e+20
3.1617e+20
3.16386e+20
3.16624e+20
3.16879e+20
3.17145e+20
3.17419e+20
3.177e+20
3.17988e+20
3.18286e+20
3.18596e+20
3.18922e+20
3.19267e+20
3.19628e+20
3.19999e+20
3.2037e+20
3.20726e+20
3.21054e+20
3.21344e+20
3.21591e+20
3.21796e+20
3.21961e+20
3.22092e+20
3.22193e+20
3.22269e+20
3.22324e+20
3.22363e+20
3.15363e+20
3.15423e+20
3.15536e+20
3.15696e+20
3.15895e+20
3.16126e+20
3.1638e+20
3.1665e+20
3.16931e+20
3.17218e+20
3.1751e+20
3.17807e+20
3.18109e+20
3.18421e+20
3.18747e+20
3.1909e+20
3.1945e+20
3.19824e+20
3.20203e+20
3.20572e+20
3.20918e+20
3.21229e+20
3.21496e+20
3.2172e+20
3.21901e+20
3.22046e+20
3.22158e+20
3.22243e+20
3.22306e+20
3.2235e+20
3.15321e+20
3.15382e+20
3.15496e+20
3.15658e+20
3.15859e+20
3.16092e+20
3.16348e+20
3.16621e+20
3.16904e+20
3.17194e+20
3.17488e+20
3.17785e+20
3.18089e+20
3.18402e+20
3.18728e+20
3.19071e+20
3.19432e+20
3.19806e+20
3.20186e+20
3.20557e+20
3.20905e+20
3.21218e+20
3.21487e+20
3.21713e+20
3.21896e+20
3.22042e+20
3.22155e+20
3.22241e+20
3.22305e+20
3.2235e+20
3.15292e+20
3.15352e+20
3.15468e+20
3.15631e+20
3.15833e+20
3.16067e+20
3.16325e+20
3.166e+20
3.16884e+20
3.17176e+20
3.17471e+20
3.1777e+20
3.18074e+20
3.18387e+20
3.18714e+20
3.19057e+20
3.19417e+20
3.19792e+20
3.20172e+20
3.20545e+20
3.20894e+20
3.21209e+20
3.2148e+20
3.21707e+20
3.21891e+20
3.22038e+20
3.22153e+20
3.2224e+20
3.22303e+20
3.22349e+20
3.15273e+20
3.15334e+20
3.1545e+20
3.15613e+20
3.15817e+20
3.16052e+20
3.1631e+20
3.16586e+20
3.16871e+20
3.17163e+20
3.17459e+20
3.17759e+20
3.18063e+20
3.18377e+20
3.18703e+20
3.19046e+20
3.19406e+20
3.19781e+20
3.20162e+20
3.20535e+20
3.20885e+20
3.21201e+20
3.21473e+20
3.21702e+20
3.21887e+20
3.22035e+20
3.2215e+20
3.22238e+20
3.22302e+20
3.22348e+20
3.15572e+20
3.15628e+20
3.15736e+20
3.15888e+20
3.16077e+20
3.16296e+20
3.16538e+20
3.16797e+20
3.17066e+20
3.17343e+20
3.17626e+20
3.17916e+20
3.18213e+20
3.18522e+20
3.18846e+20
3.19188e+20
3.19547e+20
3.19918e+20
3.2029e+20
3.20652e+20
3.20987e+20
3.21286e+20
3.21543e+20
3.21756e+20
3.21929e+20
3.22067e+20
3.22174e+20
3.22255e+20
3.22314e+20
3.22356e+20
2.91747e+20
2.91779e+20
2.91841e+20
2.91931e+20
2.92043e+20
2.92177e+20
2.92328e+20
2.92495e+20
2.92677e+20
2.92873e+20
2.93084e+20
2.9331e+20
2.93552e+20
2.93811e+20
2.94085e+20
2.9437e+20
2.94662e+20
2.94951e+20
2.95229e+20
2.95486e+20
2.95716e+20
2.95916e+20
2.96085e+20
2.96226e+20
2.96341e+20
2.96432e+20
2.96504e+20
2.96559e+20
2.966e+20
2.96629e+20
2.91592e+20
2.91625e+20
2.9169e+20
2.91783e+20
2.919e+20
2.92037e+20
2.92193e+20
2.92364e+20
2.9255e+20
2.92748e+20
2.9296e+20
2.93186e+20
2.93427e+20
2.93684e+20
2.93958e+20
2.94245e+20
2.9454e+20
2.94835e+20
2.95123e+20
2.95392e+20
2.95635e+20
2.95848e+20
2.9603e+20
2.96181e+20
2.96305e+20
2.96405e+20
2.96483e+20
2.96543e+20
2.96588e+20
2.96621e+20
2.91568e+20
2.91602e+20
2.91668e+20
2.91761e+20
2.91878e+20
2.92017e+20
2.92174e+20
2.92346e+20
2.92532e+20
2.92731e+20
2.92943e+20
2.93169e+20
2.93411e+20
2.93668e+20
2.93942e+20
2.94229e+20
2.94525e+20
2.94821e+20
2.9511e+20
2.9538e+20
2.95626e+20
2.9584e+20
2.96024e+20
2.96176e+20
2.96302e+20
2.96402e+20
2.96481e+20
2.96542e+20
2.96587e+20
2.9662e+20
2.91553e+20
2.91588e+20
2.91653e+20
2.91747e+20
2.91865e+20
2.92004e+20
2.92161e+20
2.92334e+20
2.9252e+20
2.92719e+20
2.92932e+20
2.93158e+20
2.93399e+20
2.93657e+20
2.93931e+20
2.94218e+20
2.94514e+20
2.94811e+20
2.95101e+20
2.95372e+20
2.95618e+20
2.95834e+20
2.96019e+20
2.96173e+20
2.96298e+20
2.964e+20
2.96479e+20
2.96541e+20
2.96586e+20
2.9662e+20
2.91606e+20
2.9164e+20
2.91704e+20
2.91797e+20
2.91913e+20
2.9205e+20
2.92205e+20
2.92376e+20
2.92561e+20
2.92759e+20
2.92971e+20
2.93197e+20
2.93439e+20
2.93696e+20
2.9397e+20
2.94257e+20
2.94552e+20
2.94847e+20
2.95133e+20
2.95401e+20
2.95643e+20
2.95855e+20
2.96036e+20
2.96186e+20
2.96309e+20
2.96408e+20
2.96485e+20
2.96545e+20
2.9659e+20
2.96622e+20
0
0
0
0
0
0
0
0
0
0
0
0
0
0
0
0
0
0
0
0
0
0
0
0
0
0
0
0
0
0
0
0
0
0
0
0
0
0
0
0
0
0
0
0
0
0
0
0
0
0
0
0
0
0
0
0
0
0
0
0
0
0
0
0
0
0
0
0
0
0
0
0
0
0
0
0
0
0
0
0
0
0
0
0
0
0
0
0
0
0
0
0
0
0
0
0
0
0
0
0
0
0
0
0
0
0
0
0
0
0
0
0
0
0
0
0
0
0
0
0
0
0
0
0
0
0
0
0
0
0
0
0
0
0
0
0
0
0
0
0
0
0
0
0
0
0
0
0
0
0
0
0
0
0
0
0
0
0
0
0
0
0
0
0
0
0
0
0
0
0
0
0
0
0
0
0
0
0
0
0
0
0
0
0
0
0
0
0
0
0
0
0
0
0
0
0
0
0
0
0
0
0
0
0
0
0
0
0
0
0
0
0
0
0
0
0
0
0
0
0
0
0
0
0
0
0
0
0
0
0
0
0
0
0
0
0
0
0
0
0
0
0
0
0
0
0
0
0
0
0
0
0
0
0
0
0
0
0
0
0
0
0
0
0
0
0
0
0
0
0
0
0
0
0
0
0
0
0
0
0
0
0
0
0
0
0
0
0
0
0
0
0
0
0
0
0
0
0
0
0
0
0
0
0
0
0
0
0
0
0
0
0
0
0
0
0
0
0
0
0
0
0
0
0
0
0
0
0
0
0
0
0
0
0
0
0
0
0
0
0
0
0
0
0
0
0
0
0
0
0
0
0
0
0
0
0
0
0
0
0
0
0
0
0
0
0
0
0
0
0
0
0
0
0
0
0
0
0
0
0
0
0
0
0
0
0
0
0
0
0
0
0
0
0
0
0
0
0
0
0
0
0
0
0
0
0
0
0
0
0
0
0
0
0
0
0
0
0
0
0
0
0
0
0
0
0
0
0
0
0
0
0
0
0
0
0
0
0
0
0
0
0
0
0
0
0
0
0
0
0
0
0
0
0
0
0
0
0
0
0
0
0
0
0
0
0
0
0
0
0
0
0
0
0
0
0
0
0
0
0
0
0
0
0
0
0
0
0
0
0
0
0
0
0
0
0
0
0
0
0
0
0
0
0
0
0
0
0
0
0
0
0
0
0
0
0
0
0
0
0
0
0
0
0
0
0
0
0
0
0
0
0
0
0
0
0
0
0
0
0
0
0
0
0
0
0
0
0
0
0
0
0
0
0
0
0
0
0
0
0
0
0
0
0
0
0
0
0
0
0
0
0
0
0
0
0
0
0
0
0
0
0
0
0
0
0
0
0
0
0
0
0
0
0
0
0
0
0
0
0
0
0
0
0
0
0
0
0
0
0
0
0
0
0
0
0
0
0
0
0
0
0
0
0
0
0
0
0
0
0
0
0
0
0
0
0
0
0
0
0
0
0
0
0
0
0
0
0
0
0
0
0
0
0
0
0
0
0
0
0
0
0
0
0
0
0
0
0
0
0
0
0
0
0
0
0
0
0
0
0
0
0
0
0
0
0
0
0
0
0
0
0
0
0
0
0
0
0
0
0
0
0
0
0
0
0
0
0
0
0
0
0
0
0
0
0
0
0
0
0
0
0
0
0
0
0
0
0
0
0
0
0
0
0
0
0
0
0
0
0
0
0
0
0
0
0
0
0
0
0
0
0
0
0
0
0
0
0
0
0
0
0
0
0
0
0
0
0
0
0
0
0
0
0
0
0
0
0
0
0
0
0
0
0
0
0
0
0
0
0
0
0
0
0
0
0
0
0
0
0
0
0
0
0
0
0
0
0
0
0
0
0
0
0
0
0
0
0
0
0
0
0
0
0
0
0
0
0
0
0
0
0
0
0
0
0
0
0
0
0
0
0
0
0
0
0
0
0
0
0
0
0
0
0
0
0
0
0
0
0
0
0
0
0
0
0
0
0
0
0
0
0
0
0
0
0
0
0
0
0
0
0
0
0
0
0
0
0
0
0
0
0
0
0
0
0
0
0
0
0
0
0
0
0
0
0
0
0
0
0
0
0
0
0
0
0
0
0
0
0
0
0
0
0
0
0
0
0
0
0
0
0
0
0
0
0
0
0
0
0
0
0
0
0
0
0
0
0
0
0
0
0
0
0
0
0
0
0
0
0
0
0
0
0
0
0
0
0
0
0
0
0
0
0
0
0
0
0
0
0
0
0
0
0
0
0
0
0
0
0
0
0
0
0
0
0
0
0
0
0
0
0
0
0
0
0
0
0
0
0
0
0
0
0
0
0
0
0
0
0
0
0
0
0
0
0
0
0
0
0
0
0
0
0
0
0
0
0
0
0
0
0
0
0
0
0
0
0
0
0
0
0
0
0
0
0
0
0
0
0
0
0
0
0
0
0
0
0
0
0
0
0
0
0
0
0
0
0
0
0
0
0
0
0
0
0
0
0
0
0
0
0
0
0
0
0
0
0
0
0
0
0
0
0
0
0
0
0
0
0
0
0
0
0
0
0
0
0
0
0
0
0
0
0
0
0
0
0
0
0
0
0
0
0
0
0
0
0
0
0
0
0
0
0
0
0
0
0
0
0
0
0
0
0
0
0
0
0
0
0
0
0
0
0
0
0
0
0
0
0
0
0
0
0
0
0
0
0
0
0
0
0
0
0
0
0
0
0
0
0
0
0
0
0
0
0
0
0
0
0
0
0
0
0
0
0
0
0
0
0
0
0
0
0
0
0
0
0
0
0
0
0
0
0
0
0
0
0
0
0
0
0
0
0
0
0
0
0
0
0
0
0
0
0
0
0
0
0
0
0
0
0
0
0
0
0
0
0
0
0
0
0
0
0
0
0
0
0
0
0
0
0
0
0
0
0
0
0
0
0
0
0
0
0
0
0
0
0
0
0
0
0
0
0
0
0
0
0
0
0
0
0
0
0
0
0
0
0
0
0
0
0
0
0
0
0
0
0
0
0
0
0
0
0
0
0
0
0
0
0
0
0
0
0
0
0
0
0
0
0
0
0
0
0
0
0
0
0
0
0
0
0
0
0
0
0
0
0
0
0
0
0
0
0
0
0
0
0
0
0
0
0
0
0
0
0
0
0
0
0
0
0
0
0
0
0
0
0
0
0
0
0
0
0
0
0
0
0
0
0
0
0
0
0
0
0
0
0
0
0
0
0
0
0
0
0
0
0
0
0
)
;

boundaryField
{
    fuelBottom
    {
        type            empty;
    }
    fuelTop_1
    {
        type            empty;
    }
    fuelOuter
    {
        type            zeroGradient;
    }
    fuelTop
    {
        type            empty;
    }
    fuelInner
    {
        type            zeroGradient;
    }
    cladBottom
    {
        type            empty;
    }
    cladInner
    {
        type            zeroGradient;
    }
    cladOuter
    {
        type            zeroGradient;
    }
    cladTop
    {
        type            empty;
    }
    front
    {
        type            wedge;
    }
    back
    {
        type            wedge;
    }
}


// ************************************************************************* //
