/*--------------------------------*- C++ -*----------------------------------*\
| =========                 |                                                 |
| \\      /  F ield         | OpenFOAM: The Open Source CFD Toolbox           |
|  \\    /   O peration     | Version:  2412                                  |
|   \\  /    A nd           | Website:  www.openfoam.com                      |
|    \\/     M anipulation  |                                                 |
\*---------------------------------------------------------------------------*/
FoamFile
{
    version     2.0;
    format      ascii;
    arch        "LSB;label=32;scalar=64";
    class       volScalarField;
    location    "51801860.86068268/fuelBehaviourRegion";
    object      SCIANTIX::grainModes_19;
}
// * * * * * * * * * * * * * * * * * * * * * * * * * * * * * * * * * * * * * //

dimensions      [0 0 0 0 0 0 0];

internalField   nonuniform List<scalar> 
4720
(
-5.94049e+23
-5.94481e+23
-5.95429e+23
-5.96864e+23
-5.98776e+23
-6.01152e+23
-6.03981e+23
-6.07249e+23
-6.10938e+23
-6.15031e+23
-6.19505e+23
-6.24337e+23
-6.29502e+23
-6.34971e+23
-6.40716e+23
-6.46703e+23
-6.52899e+23
-6.5927e+23
-6.6578e+23
-6.72392e+23
-6.79069e+23
-6.85772e+23
-6.92466e+23
-6.99115e+23
-7.05682e+23
-7.12135e+23
-7.18442e+23
-7.24574e+23
-7.30504e+23
-7.36209e+23
-5.92874e+23
-5.93308e+23
-5.9426e+23
-5.95701e+23
-5.9762e+23
-6.00006e+23
-6.02848e+23
-6.06129e+23
-6.09835e+23
-6.13945e+23
-6.18439e+23
-6.23293e+23
-6.28482e+23
-6.33977e+23
-6.39749e+23
-6.45765e+23
-6.51992e+23
-6.58396e+23
-6.6494e+23
-6.71586e+23
-6.78299e+23
-6.85039e+23
-6.91771e+23
-6.98457e+23
-7.05063e+23
-7.11554e+23
-7.17899e+23
-7.24068e+23
-7.30036e+23
-7.35777e+23
-5.89619e+23
-5.90057e+23
-5.91018e+23
-5.92472e+23
-5.94409e+23
-5.96817e+23
-5.99686e+23
-6.02999e+23
-6.0674e+23
-6.10892e+23
-6.15432e+23
-6.20337e+23
-6.25581e+23
-6.31137e+23
-6.36974e+23
-6.43061e+23
-6.49363e+23
-6.55845e+23
-6.62472e+23
-6.69206e+23
-6.76008e+23
-6.82843e+23
-6.89671e+23
-6.96456e+23
-7.03161e+23
-7.09754e+23
-7.16201e+23
-7.22473e+23
-7.28541e+23
-7.34383e+23
-5.88242e+23
-5.88682e+23
-5.89648e+23
-5.91109e+23
-5.93055e+23
-5.95476e+23
-5.98358e+23
-6.01688e+23
-6.05449e+23
-6.09622e+23
-6.14186e+23
-6.19117e+23
-6.2439e+23
-6.29977e+23
-6.35847e+23
-6.41968e+23
-6.48307e+23
-6.54828e+23
-6.61495e+23
-6.6827e+23
-6.75116e+23
-6.81994e+23
-6.88866e+23
-6.95696e+23
-7.02447e+23
-7.09085e+23
-7.15577e+23
-7.21893e+23
-7.28005e+23
-7.33889e+23
-5.87397e+23
-5.87838e+23
-5.88806e+23
-5.90272e+23
-5.92224e+23
-5.94652e+23
-5.97543e+23
-6.00884e+23
-6.04656e+23
-6.08842e+23
-6.13421e+23
-6.18368e+23
-6.23658e+23
-6.29263e+23
-6.35153e+23
-6.41295e+23
-6.47656e+23
-6.542e+23
-6.6089e+23
-6.6769e+23
-6.74561e+23
-6.81464e+23
-6.88363e+23
-6.95219e+23
-7.01996e+23
-7.0866e+23
-7.15177e+23
-7.21519e+23
-7.27656e+23
-7.33565e+23
-5.86041e+23
-5.86491e+23
-5.87477e+23
-5.8897e+23
-5.90958e+23
-5.9343e+23
-5.96374e+23
-5.99775e+23
-6.03616e+23
-6.07877e+23
-6.12536e+23
-6.1757e+23
-6.22951e+23
-6.2865e+23
-6.34637e+23
-6.40879e+23
-6.4734e+23
-6.53984e+23
-6.60773e+23
-6.67669e+23
-6.74633e+23
-6.81626e+23
-6.88608e+23
-6.95541e+23
-7.02389e+23
-7.09117e+23
-7.1569e+23
-7.22078e+23
-7.28254e+23
-7.34193e+23
-5.59448e+23
-5.60021e+23
-5.61279e+23
-5.63185e+23
-5.65725e+23
-5.68889e+23
-5.72662e+23
-5.77029e+23
-5.81971e+23
-5.87466e+23
-5.9349e+23
-6.00014e+23
-6.07008e+23
-6.14437e+23
-6.22263e+23
-6.30445e+23
-6.38939e+23
-6.47698e+23
-6.56673e+23
-6.65813e+23
-6.75064e+23
-6.84373e+23
-6.93686e+23
-7.0295e+23
-7.12112e+23
-7.21121e+23
-7.2993e+23
-7.38493e+23
-7.4677e+23
-7.54724e+23
-5.44327e+23
-5.4492e+23
-5.46223e+23
-5.48196e+23
-5.50828e+23
-5.54107e+23
-5.58019e+23
-5.6255e+23
-5.6768e+23
-5.73389e+23
-5.79653e+23
-5.86444e+23
-5.93731e+23
-6.01478e+23
-6.09648e+23
-6.18199e+23
-6.27087e+23
-6.36262e+23
-6.45674e+23
-6.55271e+23
-6.64995e+23
-6.74793e+23
-6.84605e+23
-6.94377e+23
-7.04052e+23
-7.13575e+23
-7.22897e+23
-7.31967e+23
-7.40743e+23
-7.49184e+23
-5.41087e+23
-5.41685e+23
-5.42998e+23
-5.44988e+23
-5.47642e+23
-5.50948e+23
-5.54895e+23
-5.59465e+23
-5.64641e+23
-5.70402e+23
-5.76724e+23
-5.83579e+23
-5.90935e+23
-5.98759e+23
-6.07011e+23
-6.15649e+23
-6.24629e+23
-6.33903e+23
-6.43417e+23
-6.5312e+23
-6.62954e+23
-6.72864e+23
-6.82791e+23
-6.92678e+23
-7.02468e+23
-7.12107e+23
-7.21543e+23
-7.30725e+23
-7.3961e+23
-7.48156e+23
-5.39549e+23
-5.40149e+23
-5.41467e+23
-5.43463e+23
-5.46126e+23
-5.49444e+23
-5.53404e+23
-5.5799e+23
-5.63185e+23
-5.68967e+23
-5.75313e+23
-5.82194e+23
-5.8958e+23
-5.97435e+23
-6.05721e+23
-6.14397e+23
-6.23417e+23
-6.32732e+23
-6.42291e+23
-6.52039e+23
-6.61922e+23
-6.71881e+23
-6.81859e+23
-6.91798e+23
-7.01641e+23
-7.11333e+23
-7.20821e+23
-7.30056e+23
-7.38992e+23
-7.47588e+23
-5.37051e+23
-5.37655e+23
-5.38982e+23
-5.40992e+23
-5.43673e+23
-5.47015e+23
-5.51002e+23
-5.55622e+23
-5.60854e+23
-5.66679e+23
-5.73072e+23
-5.80005e+23
-5.87447e+23
-5.95364e+23
-6.03716e+23
-6.12461e+23
-6.21555e+23
-6.30947e+23
-6.40585e+23
-6.50417e+23
-6.60384e+23
-6.7043e+23
-6.80495e+23
-6.90522e+23
-7.00452e+23
-7.1023e+23
-7.19803e+23
-7.29121e+23
-7.38137e+23
-7.46811e+23
-5.22764e+23
-5.23402e+23
-5.24803e+23
-5.26927e+23
-5.2976e+23
-5.33291e+23
-5.37507e+23
-5.42392e+23
-5.47928e+23
-5.54094e+23
-5.60863e+23
-5.68207e+23
-5.76094e+23
-5.84486e+23
-5.93343e+23
-6.0262e+23
-6.12266e+23
-6.22231e+23
-6.32457e+23
-6.42886e+23
-6.53457e+23
-6.64106e+23
-6.74769e+23
-6.85384e+23
-6.95888e+23
-7.06219e+23
-7.16321e+23
-7.26139e+23
-7.35623e+23
-7.4473e+23
-3.66943e+23
-3.67809e+23
-3.69717e+23
-3.7262e+23
-3.76518e+23
-3.81415e+23
-3.87317e+23
-3.94232e+23
-4.02167e+23
-4.11127e+23
-4.21115e+23
-4.32128e+23
-4.44158e+23
-4.5719e+23
-4.71199e+23
-4.86151e+23
-5.01999e+23
-5.18686e+23
-5.36138e+23
-5.5427e+23
-5.72983e+23
-5.92165e+23
-6.11691e+23
-6.31427e+23
-6.51233e+23
-6.70962e+23
-6.90467e+23
-7.09603e+23
-7.28232e+23
-7.46222e+23
-3.31877e+23
-3.32732e+23
-3.34616e+23
-3.37487e+23
-3.41346e+23
-3.46203e+23
-3.52069e+23
-3.58961e+23
-3.66891e+23
-3.75875e+23
-3.85925e+23
-3.97048e+23
-4.09248e+23
-4.22521e+23
-4.36853e+23
-4.52221e+23
-4.68587e+23
-4.85903e+23
-5.04101e+23
-5.23101e+23
-5.42803e+23
-5.63094e+23
-5.83845e+23
-6.04912e+23
-6.26143e+23
-6.47377e+23
-6.68449e+23
-6.89195e+23
-7.09455e+23
-7.29078e+23
-3.25946e+23
-3.26798e+23
-3.28677e+23
-3.31541e+23
-3.35392e+23
-3.40239e+23
-3.46097e+23
-3.52981e+23
-3.60907e+23
-3.69892e+23
-3.79948e+23
-3.91087e+23
-4.03313e+23
-4.16624e+23
-4.3101e+23
-4.46447e+23
-4.62903e+23
-4.80327e+23
-4.98655e+23
-5.17807e+23
-5.37684e+23
-5.58172e+23
-5.7914e+23
-6.00444e+23
-6.21929e+23
-6.43432e+23
-6.64783e+23
-6.85816e+23
-7.06366e+23
-7.26278e+23
-3.23498e+23
-3.24349e+23
-3.26224e+23
-3.29082e+23
-3.32925e+23
-3.37763e+23
-3.43611e+23
-3.50485e+23
-3.58402e+23
-3.67377e+23
-3.77426e+23
-3.8856e+23
-4.00784e+23
-4.14098e+23
-4.28491e+23
-4.43942e+23
-4.60418e+23
-4.77871e+23
-4.96237e+23
-5.15435e+23
-5.35368e+23
-5.55922e+23
-5.76966e+23
-5.98356e+23
-6.19936e+23
-6.4154e+23
-6.63001e+23
-6.84148e+23
-7.04816e+23
-7.24849e+23
-3.19197e+23
-3.20045e+23
-3.21916e+23
-3.24767e+23
-3.28601e+23
-3.33431e+23
-3.39269e+23
-3.46134e+23
-3.54043e+23
-3.63015e+23
-3.73063e+23
-3.84202e+23
-3.96439e+23
-4.09773e+23
-4.24197e+23
-4.39691e+23
-4.56222e+23
-4.73745e+23
-4.92196e+23
-5.11495e+23
-5.31546e+23
-5.52232e+23
-5.73425e+23
-5.94978e+23
-6.16733e+23
-6.38524e+23
-6.60181e+23
-6.81529e+23
-7.02403e+23
-7.22642e+23
-2.94908e+23
-2.95757e+23
-2.97628e+23
-3.00483e+23
-3.04327e+23
-3.09176e+23
-3.15049e+23
-3.21971e+23
-3.29964e+23
-3.39056e+23
-3.49269e+23
-3.60627e+23
-3.73144e+23
-3.8683e+23
-4.01686e+23
-4.177e+23
-4.34845e+23
-4.53079e+23
-4.72342e+23
-4.92552e+23
-5.13609e+23
-5.3539e+23
-5.57754e+23
-5.80542e+23
-6.03579e+23
-6.2668e+23
-6.49653e+23
-6.72305e+23
-6.94447e+23
-7.15901e+23
-1.18987e+23
-1.19426e+23
-1.20399e+23
-1.21896e+23
-1.23937e+23
-1.26551e+23
-1.29781e+23
-1.33677e+23
-1.38302e+23
-1.43733e+23
-1.50058e+23
-1.57381e+23
-1.65822e+23
-1.75518e+23
-1.86619e+23
-1.99291e+23
-2.13711e+23
-2.30061e+23
-2.48521e+23
-2.69262e+23
-2.92427e+23
-3.1812e+23
-3.46391e+23
-3.77217e+23
-4.10488e+23
-4.45996e+23
-4.83433e+23
-5.22392e+23
-5.62375e+23
-6.02823e+23
-1.01753e+23
-1.02123e+23
-1.02944e+23
-1.04207e+23
-1.05929e+23
-1.08136e+23
-1.10866e+23
-1.14162e+23
-1.18082e+23
-1.22693e+23
-1.28077e+23
-1.34333e+23
-1.41573e+23
-1.49931e+23
-1.59559e+23
-1.70629e+23
-1.83331e+23
-1.97872e+23
-2.14466e+23
-2.33332e+23
-2.54674e+23
-2.7867e+23
-3.05452e+23
-3.35085e+23
-3.67545e+23
-4.02704e+23
-4.40315e+23
-4.80007e+23
-5.21294e+23
-5.63587e+23
-9.93583e+22
-9.97191e+22
-1.00519e+23
-1.0175e+23
-1.03428e+23
-1.0558e+23
-1.08241e+23
-1.11454e+23
-1.15276e+23
-1.19774e+23
-1.25027e+23
-1.31133e+23
-1.38204e+23
-1.46371e+23
-1.55788e+23
-1.66627e+23
-1.79078e+23
-1.93352e+23
-2.09669e+23
-2.28251e+23
-2.49315e+23
-2.73048e+23
-2.99596e+23
-3.29037e+23
-3.61363e+23
-3.96458e+23
-4.34085e+23
-4.73882e+23
-5.15363e+23
-5.57938e+23
-9.85321e+22
-9.88893e+22
-9.9681e+22
-1.009e+23
-1.02561e+23
-1.04692e+23
-1.07326e+23
-1.10508e+23
-1.14292e+23
-1.18745e+23
-1.23947e+23
-1.29993e+23
-1.36996e+23
-1.45087e+23
-1.54418e+23
-1.6516e+23
-1.77506e+23
-1.91665e+23
-2.07858e+23
-2.26312e+23
-2.47243e+23
-2.70845e+23
-2.97267e+23
-3.26594e+23
-3.58823e+23
-3.93845e+23
-4.31429e+23
-4.71217e+23
-5.12725e+23
-5.55366e+23
-9.76891e+22
-9.80429e+22
-9.88272e+22
-1.00034e+23
-1.0168e+23
-1.03791e+23
-1.064e+23
-1.09551e+23
-1.133e+23
-1.17711e+23
-1.22864e+23
-1.28855e+23
-1.35794e+23
-1.43813e+23
-1.53063e+23
-1.63715e+23
-1.75963e+23
-1.90016e+23
-2.06097e+23
-2.24434e+23
-2.45248e+23
-2.68734e+23
-2.95049e+23
-3.24281e+23
-3.56434e+23
-3.91403e+23
-4.28962e+23
-4.68757e+23
-5.10306e+23
-5.5302e+23
-9.24829e+22
-9.28236e+22
-9.35789e+22
-9.47418e+22
-9.63279e+22
-9.83627e+22
-1.0088e+23
-1.03923e+23
-1.07546e+23
-1.11814e+23
-1.16808e+23
-1.22623e+23
-1.29374e+23
-1.37195e+23
-1.46243e+23
-1.56697e+23
-1.68763e+23
-1.82665e+23
-1.98645e+23
-2.16955e+23
-2.3784e+23
-2.61524e+23
-2.88187e+23
-3.17939e+23
-3.50795e+23
-3.86651e+23
-4.25267e+23
-4.66257e+23
-5.09095e+23
-5.53135e+23
-4.23317e+22
-4.24842e+22
-4.2822e+22
-4.33415e+22
-4.40491e+22
-4.49551e+22
-4.60735e+22
-4.7422e+22
-4.90228e+22
-5.09032e+22
-5.30968e+22
-5.56441e+22
-5.85951e+22
-6.20102e+22
-6.5964e+22
-7.05477e+22
-7.58746e+22
-8.20853e+22
-8.93559e+22
-9.79075e+22
-1.08019e+23
-1.20042e+23
-1.34412e+23
-1.51666e+23
-1.72437e+23
-1.97437e+23
-2.27408e+23
-2.63032e+23
-3.04807e+23
-3.52899e+23
-3.75545e+22
-3.76897e+22
-3.79891e+22
-3.84495e+22
-3.90766e+22
-3.98795e+22
-4.08704e+22
-4.2065e+22
-4.34827e+22
-4.51477e+22
-4.70891e+22
-4.93428e+22
-5.19522e+22
-5.49703e+22
-5.84621e+22
-6.25072e+22
-6.72041e+22
-7.26749e+22
-7.90728e+22
-8.65902e+22
-9.54713e+22
-1.06026e+23
-1.18649e+23
-1.33834e+23
-1.52191e+23
-1.74442e+23
-2.01393e+23
-2.33868e+23
-2.72583e+23
-3.17996e+23
-3.69949e+22
-3.71282e+22
-3.74234e+22
-3.78775e+22
-3.84959e+22
-3.92877e+22
-4.0265e+22
-4.14431e+22
-4.28414e+22
-4.44835e+22
-4.63983e+22
-4.86212e+22
-5.11949e+22
-5.41718e+22
-5.76159e+22
-6.16058e+22
-6.62386e+22
-7.16348e+22
-7.79454e+22
-8.53602e+22
-9.41202e+22
-1.04532e+23
-1.16984e+23
-1.31969e+23
-1.50093e+23
-1.72079e+23
-1.98742e+23
-2.30917e+23
-2.69349e+23
-3.14523e+23
-3.67497e+22
-3.68819e+22
-3.71749e+22
-3.76256e+22
-3.82393e+22
-3.90251e+22
-3.99948e+22
-4.11639e+22
-4.25514e+22
-4.41808e+22
-4.60806e+22
-4.82859e+22
-5.08392e+22
-5.37922e+22
-5.72084e+22
-6.11655e+22
-6.57597e+22
-7.11103e+22
-7.73666e+22
-8.47167e+22
-9.33989e+22
-1.03717e+23
-1.16055e+23
-1.30903e+23
-1.48861e+23
-1.70652e+23
-1.97089e+23
-2.29015e+23
-2.67183e+23
-3.12101e+23
-3.65176e+22
-3.66491e+22
-3.69403e+22
-3.73881e+22
-3.79981e+22
-3.87791e+22
-3.97429e+22
-4.09048e+22
-4.22838e+22
-4.39032e+22
-4.57915e+22
-4.79835e+22
-5.05213e+22
-5.34564e+22
-5.68518e+22
-6.07848e+22
-6.53507e+22
-7.06681e+22
-7.6885e+22
-8.4188e+22
-9.28133e+22
-1.03061e+23
-1.15315e+23
-1.30057e+23
-1.47885e+23
-1.69517e+23
-1.95763e+23
-2.27465e+23
-2.65384e+23
-3.10035e+23
-3.53951e+22
-3.55217e+22
-3.58022e+22
-3.62334e+22
-3.68208e+22
-3.75726e+22
-3.85003e+22
-3.96184e+22
-4.0945e+22
-4.25022e+22
-4.43197e+22
-4.64758e+22
-4.90188e+22
-5.20067e+22
-5.55118e+22
-5.96246e+22
-6.44587e+22
-7.01569e+22
-7.69008e+22
-8.49217e+22
-9.45177e+22
-1.06072e+23
-1.20079e+23
-1.37166e+23
-1.58109e+23
-1.83817e+23
-2.15275e+23
-2.53407e+23
-2.98883e+23
-3.51879e+23
-4.23812e+22
-4.21776e+22
-4.17832e+22
-4.12158e+22
-4.04965e+22
-3.96484e+22
-3.86965e+22
-3.76662e+22
-3.6583e+22
-3.547e+22
-3.43455e+22
-3.32181e+22
-3.2082e+22
-3.09123e+22
-2.96665e+22
-2.8299e+22
-2.67973e+22
-2.52471e+22
-2.39221e+22
-2.33757e+22
-2.44842e+22
-2.83749e+22
-3.62853e+22
-4.95692e+22
-7.00192e+22
-1.00443e+23
-1.45299e+23
-2.11072e+23
-3.0554e+23
-4.34161e+23
-3.74218e+22
-3.72556e+22
-3.69329e+22
-3.64683e+22
-3.58808e+22
-3.51924e+22
-3.44276e+22
-3.36117e+22
-3.27703e+22
-3.19263e+22
-3.10965e+22
-3.02858e+22
-2.94807e+22
-2.86451e+22
-2.77262e+22
-2.66805e+22
-2.5533e+22
-2.44712e+22
-2.39606e+22
-2.4834e+22
-2.82748e+22
-3.56698e+22
-4.85176e+22
-6.86681e+22
-9.8904e+22
-1.43649e+23
-2.09434e+23
-3.0424e+23
-4.33772e+23
-5.93307e+23
-3.8113e+22
-3.7933e+22
-3.75841e+22
-3.70816e+22
-3.64455e+22
-3.56981e+22
-3.48642e+22
-3.39697e+22
-3.30406e+22
-3.21004e+22
-3.11668e+22
-3.02461e+22
-2.93266e+22
-2.83753e+22
-2.73439e+22
-2.61948e+22
-2.49591e+22
-2.38283e+22
-2.32646e+22
-2.40832e+22
-2.74253e+22
-3.46075e+22
-4.70394e+22
-6.64692e+22
-9.55595e+22
-1.38592e+23
-2.0199e+23
-2.93849e+23
-4.20563e+23
-5.78792e+23
-3.91774e+22
-3.89855e+22
-3.86129e+22
-3.80758e+22
-3.73943e+22
-3.65916e+22
-3.56926e+22
-3.4724e+22
-3.37123e+22
-3.26827e+22
-3.16548e+22
-3.06379e+22
-2.96246e+22
-2.85861e+22
-2.74761e+22
-2.62535e+22
-2.49349e+22
-2.36816e+22
-2.29086e+22
-2.33732e+22
-2.61628e+22
-3.25492e+22
-4.38781e+22
-6.17654e+22
-8.86383e+22
-1.2844e+23
-1.87236e+23
-2.73055e+23
-3.93262e+23
-5.47225e+23
-3.69359e+22
-3.67608e+22
-3.64232e+22
-3.59391e+22
-3.53279e+22
-3.46119e+22
-3.38149e+22
-3.29615e+22
-3.20753e+22
-3.11759e+22
-3.02747e+22
-2.93696e+22
-2.84403e+22
-2.74496e+22
-2.63588e+22
-2.51671e+22
-2.39819e+22
-2.31159e+22
-2.31825e+22
-2.51272e+22
-3.01349e+22
-3.94906e+22
-5.46391e+22
-7.75836e+22
-1.11515e+23
-1.61467e+23
-2.34577e+23
-3.38814e+23
-4.77971e+23
-6.42646e+23
-3.6852e+22
-3.68734e+22
-3.66836e+22
-3.62984e+22
-3.57574e+22
-3.50989e+22
-3.43569e+22
-3.35646e+22
-3.27572e+22
-3.19724e+22
-3.12507e+22
-3.06333e+22
-3.01564e+22
-2.98384e+22
-2.96592e+22
-2.9538e+22
-2.93422e+22
-2.89748e+22
-2.85833e+22
-2.8871e+22
-3.139e+22
-3.85766e+22
-5.34335e+22
-7.9436e+22
-1.21319e+23
-1.8627e+23
-2.83944e+23
-4.22356e+23
-5.96785e+23
-7.79111e+23
-3.63983e+22
-3.64858e+22
-3.63339e+22
-3.59689e+22
-3.54416e+22
-3.47954e+22
-3.40656e+22
-3.32857e+22
-3.24908e+22
-3.17191e+22
-3.10125e+22
-3.0415e+22
-2.99691e+22
-2.97043e+22
-2.96166e+22
-2.96411e+22
-2.96459e+22
-2.94982e+22
-2.92566e+22
-2.94916e+22
-3.1628e+22
-3.8074e+22
-5.19517e+22
-7.68756e+22
-1.17583e+23
-1.81141e+23
-2.77142e+23
-4.13894e+23
-5.87562e+23
-7.70933e+23
-3.66809e+22
-3.67627e+22
-3.6601e+22
-3.62234e+22
-3.56812e+22
-3.50173e+22
-3.42669e+22
-3.34629e+22
-3.26403e+22
-3.18372e+22
-3.10953e+22
-3.04588e+22
-2.99704e+22
-2.96607e+22
-2.95275e+22
-2.95093e+22
-2.94772e+22
-2.92989e+22
-2.90278e+22
-2.92198e+22
-3.12747e+22
-3.75679e+22
-5.11826e+22
-7.56826e+22
-1.15734e+23
-1.78331e+23
-2.73066e+23
-4.08516e+23
-5.81522e+23
-7.6552e+23
-3.70364e+22
-3.71189e+22
-3.69493e+22
-3.6559e+22
-3.60008e+22
-3.5318e+22
-3.45452e+22
-3.37152e+22
-3.28627e+22
-3.20255e+22
-3.12451e+22
-3.05658e+22
-3.00308e+22
-2.96726e+22
-2.94924e+22
-2.94335e+22
-2.93709e+22
-2.91689e+22
-2.88624e+22
-2.89683e+22
-3.08312e+22
-3.67707e+22
-4.9827e+22
-7.35072e+22
-1.12365e+23
-1.73238e+23
-2.65663e+23
-3.9861e+23
-5.70114e+23
-7.54973e+23
-3.75345e+22
-3.76117e+22
-3.74287e+22
-3.70201e+22
-3.644e+22
-3.57317e+22
-3.49291e+22
-3.40643e+22
-3.31716e+22
-3.22887e+22
-3.14567e+22
-3.07198e+22
-3.01218e+22
-2.96966e+22
-2.94488e+22
-2.93271e+22
-2.92116e+22
-2.89642e+22
-2.86005e+22
-2.85931e+22
-3.02173e+22
-3.57145e+22
-4.80524e+22
-7.06441e+22
-1.07874e+23
-1.66345e+23
-2.55471e+23
-3.84695e+23
-5.53699e+23
-7.39379e+23
-3.63409e+22
-3.63752e+22
-3.61961e+22
-3.582e+22
-3.52875e+22
-3.46377e+22
-3.39046e+22
-3.31219e+22
-3.23247e+22
-3.15513e+22
-3.08433e+22
-3.02434e+22
-2.97904e+22
-2.95058e+22
-2.93721e+22
-2.93095e+22
-2.91863e+22
-2.8912e+22
-2.86589e+22
-2.91846e+22
-3.21253e+22
-4.0008e+22
-5.59236e+22
-8.34872e+22
-1.27695e+23
-1.96085e+23
-2.9846e+23
-4.42025e+23
-6.19529e+23
-8.00051e+23
-3.34189e+22
-3.40998e+22
-3.44452e+22
-3.42034e+22
-3.37626e+22
-3.323e+22
-3.26344e+22
-3.20066e+22
-3.13835e+22
-3.08079e+22
-3.03292e+22
-3.00054e+22
-2.99053e+22
-3.0111e+22
-3.07131e+22
-3.17807e+22
-3.32858e+22
-3.50182e+22
-3.66531e+22
-3.81808e+22
-4.07192e+22
-4.73854e+22
-6.35818e+22
-9.64089e+22
-1.54496e+23
-2.48656e+23
-3.89106e+23
-5.73264e+23
-7.70308e+23
-9.32031e+23
-3.26936e+22
-3.32955e+22
-3.37378e+22
-3.35318e+22
-3.31214e+22
-3.26267e+22
-3.20753e+22
-3.14981e+22
-3.09319e+22
-3.04199e+22
-3.00122e+22
-2.9768e+22
-2.97585e+22
-3.00708e+22
-3.08063e+22
-3.2057e+22
-3.38307e+22
-3.59448e+22
-3.80404e+22
-3.99624e+22
-4.25882e+22
-4.88219e+22
-6.41092e+22
-9.59485e+22
-1.53398e+23
-2.47398e+23
-3.88003e+23
-5.72353e+23
-7.6953e+23
-9.31449e+23
-3.28761e+22
-3.33973e+22
-3.38266e+22
-3.36152e+22
-3.32016e+22
-3.27034e+22
-3.21477e+22
-3.15652e+22
-3.09925e+22
-3.04723e+22
-3.00546e+22
-2.97979e+22
-2.97727e+22
-3.00651e+22
-3.0776e+22
-3.19987e+22
-3.37468e+22
-3.58462e+22
-3.79398e+22
-3.98524e+22
-4.24107e+22
-4.84461e+22
-6.33383e+22
-9.45461e+22
-1.51083e+23
-2.43853e+23
-3.83075e+23
-5.6654e+23
-7.64156e+23
-9.27729e+23
-3.30613e+22
-3.34969e+22
-3.39126e+22
-3.36961e+22
-3.32789e+22
-3.2777e+22
-3.22168e+22
-3.16286e+22
-3.10491e+22
-3.05207e+22
-3.0093e+22
-2.98241e+22
-2.97838e+22
-3.00572e+22
-3.07449e+22
-3.19422e+22
-3.36691e+22
-3.5762e+22
-3.78659e+22
-3.97802e+22
-4.22659e+22
-4.80572e+22
-6.24457e+22
-9.28448e+22
-1.48224e+23
-2.39436e+23
-3.76886e+23
-5.59144e+23
-7.57195e+23
-9.22809e+23
-3.25123e+22
-3.32898e+22
-3.37151e+22
-3.35071e+22
-3.31006e+22
-3.26102e+22
-3.2065e+22
-3.14963e+22
-3.09411e+22
-3.04424e+22
-3.00502e+22
-2.98235e+22
-2.98332e+22
-3.01655e+22
-3.09182e+22
-3.217e+22
-3.39002e+22
-3.58941e+22
-3.78061e+22
-3.96088e+22
-4.24517e+22
-4.95863e+22
-6.66868e+22
-1.01241e+23
-1.62286e+23
-2.60794e+23
-4.06185e+23
-5.93324e+23
-7.88549e+23
-9.44425e+23
-3.29711e+22
-3.07457e+22
-3.16389e+22
-3.16382e+22
-3.13274e+22
-3.09461e+22
-3.05264e+22
-3.01017e+22
-2.97124e+22
-2.94067e+22
-2.9242e+22
-2.92891e+22
-2.96367e+22
-3.04021e+22
-3.17448e+22
-3.38742e+22
-3.70071e+22
-4.11963e+22
-4.60647e+22
-5.08939e+22
-5.56726e+22
-6.30401e+22
-8.01575e+22
-1.18885e+23
-1.93707e+23
-3.18511e+23
-4.97431e+23
-7.06464e+23
-8.92432e+23
-1.01438e+24
-3.30471e+22
-2.99517e+22
-3.09488e+22
-3.1019e+22
-3.07368e+22
-3.03869e+22
-3.00036e+22
-2.96206e+22
-2.92782e+22
-2.90248e+22
-2.89188e+22
-2.9032e+22
-2.94554e+22
-3.03102e+22
-3.17636e+22
-3.40432e+22
-3.741e+22
-4.2007e+22
-4.75561e+22
-5.32752e+22
-5.87379e+22
-6.58558e+22
-8.11438e+22
-1.16576e+23
-1.87571e+23
-3.08917e+23
-4.85587e+23
-6.94814e+23
-8.83773e+23
-1.00962e+24
-3.28461e+22
-2.97354e+22
-3.07592e+22
-3.08411e+22
-3.05693e+22
-3.02328e+22
-2.98664e+22
-2.95037e+22
-2.91852e+22
-2.89596e+22
-2.88854e+22
-2.90346e+22
-2.94989e+22
-3.04e+22
-3.19067e+22
-3.42493e+22
-3.76959e+22
-4.24017e+22
-4.81026e+22
-5.40093e+22
-5.96452e+22
-6.6844e+22
-8.20844e+22
-1.17448e+23
-1.88587e+23
-3.10387e+23
-4.87546e+23
-6.96804e+23
-8.85227e+23
-1.0104e+24
-3.28781e+22
-2.96763e+22
-3.06924e+22
-3.07751e+22
-3.05076e+22
-3.01772e+22
-2.98185e+22
-2.94651e+22
-2.91576e+22
-2.89445e+22
-2.88843e+22
-2.9049e+22
-2.95297e+22
-3.04476e+22
-3.19704e+22
-3.43274e+22
-3.77886e+22
-4.25204e+22
-4.82798e+22
-5.42819e+22
-5.99922e+22
-6.71077e+22
-8.19452e+22
-1.16523e+23
-1.86584e+23
-3.07159e+23
-4.83248e+23
-6.92253e+23
-8.81647e+23
-1.00835e+24
-3.10368e+22
-2.93955e+22
-3.04901e+22
-3.05496e+22
-3.02945e+22
-2.99861e+22
-2.96579e+22
-2.93446e+22
-2.90882e+22
-2.8939e+22
-2.89578e+22
-2.92196e+22
-2.98207e+22
-3.08894e+22
-3.2603e+22
-3.51958e+22
-3.89099e+22
-4.38024e+22
-4.94539e+22
-5.50685e+22
-6.0619e+22
-6.89647e+22
-8.79122e+22
-1.30413e+23
-2.11962e+23
-3.45945e+23
-5.32434e+23
-7.40922e+23
-9.17222e+23
-1.02751e+24
-3.32037e+22
-2.76394e+22
-2.90329e+22
-2.92991e+22
-2.90611e+22
-2.87545e+22
-2.84256e+22
-2.81124e+22
-2.78612e+22
-2.77286e+22
-2.77844e+22
-2.81165e+22
-2.88391e+22
-3.01077e+22
-3.2145e+22
-3.52774e+22
-3.99491e+22
-4.65996e+22
-5.52457e+22
-6.49733e+22
-7.44414e+22
-8.45015e+22
-1.0225e+23
-1.43879e+23
-2.31909e+23
-3.84201e+23
-5.93349e+23
-8.09399e+23
-9.7019e+23
-1.05682e+24
-3.36621e+22
-2.68901e+22
-2.83636e+22
-2.87061e+22
-2.84603e+22
-2.81321e+22
-2.77747e+22
-2.74267e+22
-2.71361e+22
-2.69618e+22
-2.69768e+22
-2.72738e+22
-2.79728e+22
-2.92364e+22
-3.12961e+22
-3.44922e+22
-3.93027e+22
-4.62615e+22
-5.55797e+22
-6.65314e+22
-7.75394e+22
-8.83776e+22
-1.04397e+23
-1.4051e+23
-2.20233e+23
-3.64985e+23
-5.71923e+23
-7.9255e+23
-9.60606e+23
-1.05271e+24
-3.4022e+22
-2.71505e+22
-2.85631e+22
-2.88729e+22
-2.86046e+22
-2.82483e+22
-2.78561e+22
-2.74669e+22
-2.71289e+22
-2.69017e+22
-2.68592e+22
-2.70951e+22
-2.77303e+22
-2.89279e+22
-3.09187e+22
-3.40398e+22
-3.87646e+22
-4.56264e+22
-5.48501e+22
-6.57366e+22
-7.67086e+22
-8.7447e+22
-1.03077e+23
-1.38191e+23
-2.16119e+23
-3.58698e+23
-5.64608e+23
-7.86601e+23
-9.57206e+23
-1.05126e+24
-3.44403e+22
-2.73091e+22
-2.86985e+22
-2.90042e+22
-2.87232e+22
-2.83487e+22
-2.79331e+22
-2.75154e+22
-2.71435e+22
-2.68774e+22
-2.67914e+22
-2.69798e+22
-2.75647e+22
-2.87103e+22
-3.06483e+22
-3.37164e+22
-3.83883e+22
-4.52018e+22
-5.43996e+22
-6.53107e+22
-7.63495e+22
-8.70731e+22
-1.02334e+23
-1.36385e+23
-2.12416e+23
-3.52685e+23
-5.5726e+23
-7.8031e+23
-9.53445e+23
-1.04961e+24
-3.46103e+22
-2.74354e+22
-2.87945e+22
-2.90821e+22
-2.87902e+22
-2.84026e+22
-2.79705e+22
-2.75328e+22
-2.71375e+22
-2.68446e+22
-2.6729e+22
-2.68859e+22
-2.74387e+22
-2.85534e+22
-3.04641e+22
-3.35103e+22
-3.81679e+22
-4.49814e+22
-5.42124e+22
-6.52184e+22
-7.64033e+22
-8.71909e+22
-1.02155e+23
-1.35237e+23
-2.09575e+23
-3.47868e+23
-5.51282e+23
-7.75103e+23
-9.50285e+23
-1.0482e+24
-3.35753e+22
-2.77198e+22
-2.90771e+22
-2.93035e+22
-2.90053e+22
-2.86186e+22
-2.81904e+22
-2.776e+22
-2.73761e+22
-2.70994e+22
-2.70063e+22
-2.71939e+22
-2.77888e+22
-2.89619e+22
-3.0954e+22
-3.41115e+22
-3.89039e+22
-4.58145e+22
-5.49323e+22
-6.53887e+22
-7.56643e+22
-8.60313e+22
-1.02711e+23
-1.41305e+23
-2.2496e+23
-3.73686e+23
-5.83006e+23
-8.02931e+23
-9.67493e+23
-1.05599e+24
-4.29162e+22
-3.08101e+22
-3.18189e+22
-3.20985e+22
-3.17126e+22
-3.11797e+22
-3.05526e+22
-2.98631e+22
-2.91504e+22
-2.84646e+22
-2.78708e+22
-2.74566e+22
-2.73419e+22
-2.76961e+22
-2.87663e+22
-3.0926e+22
-3.47339e+22
-4.09215e+22
-5.00683e+22
-6.17966e+22
-7.42996e+22
-8.6075e+22
-1.00556e+23
-1.31372e+23
-2.03186e+23
-3.41702e+23
-5.50248e+23
-7.81503e+23
-9.5946e+23
-1.05465e+24
-4.77747e+22
-3.21258e+22
-3.28478e+22
-3.31631e+22
-3.27601e+22
-3.2188e+22
-3.1505e+22
-3.07401e+22
-2.99285e+22
-2.91145e+22
-2.83564e+22
-2.7733e+22
-2.73551e+22
-2.73812e+22
-2.80463e+22
-2.97084e+22
-3.29154e+22
-3.84288e+22
-4.69908e+22
-5.85583e+22
-7.15419e+22
-8.38843e+22
-9.72274e+22
-1.22526e+23
-1.82663e+23
-3.0526e+23
-5.01662e+23
-7.35916e+23
-9.30617e+23
-1.04185e+24
-4.84469e+22
-3.24993e+22
-3.3141e+22
-3.34295e+22
-3.30169e+22
-3.24346e+22
-3.17389e+22
-3.09585e+22
-3.01278e+22
-2.92904e+22
-2.85027e+22
-2.78417e+22
-2.74154e+22
-2.73797e+22
-2.79661e+22
-2.95292e+22
-3.26126e+22
-3.79782e+22
-4.63856e+22
-5.7837e+22
-7.07847e+22
-8.3124e+22
-9.62872e+22
-1.20876e+23
-1.79459e+23
-2.99791e+23
-4.9428e+23
-7.28765e+23
-9.2595e+23
-1.03974e+24
-4.86099e+22
-3.27176e+22
-3.33135e+22
-3.35717e+22
-3.31514e+22
-3.25628e+22
-3.18601e+22
-3.10715e+22
-3.02311e+22
-2.93816e+22
-2.85784e+22
-2.7897e+22
-2.74437e+22
-2.73722e+22
-2.79123e+22
-2.94166e+22
-3.24285e+22
-3.77157e+22
-4.60615e+22
-5.75175e+22
-7.05751e+22
-8.30642e+22
-9.6171e+22
-1.20121e+23
-1.77227e+23
-2.95475e+23
-4.88225e+23
-7.22767e+23
-9.2195e+23
-1.03789e+24
-4.60469e+22
-3.24706e+22
-3.3186e+22
-3.33861e+22
-3.29609e+22
-3.23789e+22
-3.16885e+22
-3.09189e+22
-3.01054e+22
-2.92926e+22
-2.85383e+22
-2.79213e+22
-2.7552e+22
-2.75909e+22
-2.8277e+22
-2.99778e+22
-3.32519e+22
-3.88552e+22
-4.7454e+22
-5.88233e+22
-7.12332e+22
-8.28929e+22
-9.63636e+22
-1.23903e+23
-1.89068e+23
-3.18379e+23
-5.1997e+23
-7.53642e+23
-9.42219e+23
-1.04717e+24
-5.16003e+22
-3.35865e+22
-3.4048e+22
-3.43228e+22
-3.39055e+22
-3.33163e+22
-3.26108e+22
-3.18164e+22
-3.09648e+22
-3.00951e+22
-2.92567e+22
-2.85157e+22
-2.79659e+22
-2.77465e+22
-2.8073e+22
-2.92908e+22
-3.19565e+22
-3.6901e+22
-4.50523e+22
-5.66288e+22
-7.01003e+22
-8.30147e+22
-9.63506e+22
-1.20729e+23
-1.79563e+23
-3.01798e+23
-4.99977e+23
-7.37459e+23
-9.33909e+23
-1.04444e+24
-5.65399e+22
-3.44386e+22
-3.45722e+22
-3.49002e+22
-3.44865e+22
-3.38844e+22
-3.31578e+22
-3.2333e+22
-3.14402e+22
-3.05157e+22
-2.96049e+22
-2.87676e+22
-2.80884e+22
-2.76931e+22
-2.77786e+22
-2.86646e+22
-3.08765e+22
-3.52337e+22
-4.27649e+22
-5.40368e+22
-6.79434e+22
-8.18282e+22
-9.51154e+22
-1.15674e+23
-1.64602e+23
-2.71892e+23
-4.56716e+23
-6.93619e+23
-9.04321e+23
-1.03078e+24
-5.76496e+22
-3.47929e+22
-3.48225e+22
-3.51397e+22
-3.47223e+22
-3.41148e+22
-3.3381e+22
-3.25471e+22
-3.16432e+22
-3.07048e+22
-2.97763e+22
-2.89158e+22
-2.82049e+22
-2.77649e+22
-2.77864e+22
-2.85798e+22
-3.06593e+22
-3.48352e+22
-4.21468e+22
-5.32168e+22
-6.70214e+22
-8.09052e+22
-9.40958e+22
-1.14048e+23
-1.61382e+23
-2.66012e+23
-4.481e+23
-6.84495e+23
-8.97882e+23
-1.02772e+24
-5.76078e+22
-3.48787e+22
-3.48904e+22
-3.5187e+22
-3.47647e+22
-3.41542e+22
-3.34174e+22
-3.25803e+22
-3.16728e+22
-3.07304e+22
-2.9797e+22
-2.893e+22
-2.82102e+22
-2.77574e+22
-2.77605e+22
-2.85282e+22
-3.05731e+22
-3.47065e+22
-4.1979e+22
-5.3052e+22
-6.6957e+22
-8.10267e+22
-9.43025e+22
-1.13888e+23
-1.60108e+23
-2.63012e+23
-4.43495e+23
-6.79592e+23
-8.94407e+23
-1.02605e+24
-5.36469e+22
-3.4489e+22
-3.47242e+22
-3.49446e+22
-3.45122e+22
-3.39072e+22
-3.31824e+22
-3.23646e+22
-3.14847e+22
-3.058e+22
-2.96964e+22
-2.88944e+22
-2.8259e+22
-2.79168e+22
-2.80669e+22
-2.90348e+22
-3.13567e+22
-3.58569e+22
-4.35146e+22
-5.47036e+22
-6.80622e+22
-8.10395e+22
-9.39981e+22
-1.16472e+23
-1.70864e+23
-2.86355e+23
-4.78434e+23
-7.16014e+23
-9.19693e+23
-1.038e+24
-5.41391e+22
-3.41654e+22
-3.44302e+22
-3.46985e+22
-3.42836e+22
-3.36959e+22
-3.29913e+22
-3.21962e+22
-3.1341e+22
-3.0462e+22
-2.96041e+22
-2.88262e+22
-2.82103e+22
-2.7879e+22
-2.80263e+22
-2.8972e+22
-3.12495e+22
-3.56937e+22
-4.33357e+22
-5.46662e+22
-6.84145e+22
-8.18916e+22
-9.49938e+22
-1.16666e+23
-1.69072e+23
-2.81899e+23
-4.71782e+23
-7.09219e+23
-9.15085e+23
-1.03587e+24
-6.00996e+22
-3.50555e+22
-3.49197e+22
-3.5257e+22
-3.48493e+22
-3.42492e+22
-3.35231e+22
-3.26964e+22
-3.17981e+22
-3.08621e+22
-2.99298e+22
-2.90547e+22
-2.83106e+22
-2.78071e+22
-2.7718e+22
-2.8332e+22
-3.01385e+22
-3.39374e+22
-4.08322e+22
-5.16905e+22
-6.58352e+22
-8.05712e+22
-9.41757e+22
-1.12307e+23
-1.53921e+23
-2.49218e+23
-4.2193e+23
-6.5585e+23
-8.77019e+23
-1.0175e+24
-6.13661e+22
-3.54131e+22
-3.51553e+22
-3.54823e+22
-3.50723e+22
-3.44682e+22
-3.37369e+22
-3.29036e+22
-3.19972e+22
-3.10512e+22
-3.01065e+22
-2.92149e+22
-2.84478e+22
-2.79103e+22
-2.77692e+22
-2.83022e+22
-2.99838e+22
-3.35972e+22
-4.02437e+22
-5.08369e+22
-6.47964e+22
-7.94746e+22
-9.30124e+22
-1.10699e+23
-1.50992e+23
-2.43848e+23
-4.1372e+23
-6.4659e+23
-8.70025e+23
-1.01398e+24
-6.21556e+22
-3.56108e+22
-3.52773e+22
-3.5598e+22
-3.51866e+22
-3.45803e+22
-3.38459e+22
-3.30086e+22
-3.20973e+22
-3.11453e+22
-3.01929e+22
-2.92912e+22
-2.85099e+22
-2.79517e+22
-2.77792e+22
-2.82641e+22
-2.98722e+22
-3.33777e+22
-3.98836e+22
-5.03416e+22
-6.42519e+22
-7.90009e+22
-9.25853e+22
-1.09931e+23
-1.49055e+23
-2.39802e+23
-4.0731e+23
-6.39271e+23
-8.64433e+23
-1.01114e+24
-6.29838e+22
-3.56267e+22
-3.52499e+22
-3.55952e+22
-3.51897e+22
-3.45856e+22
-3.38528e+22
-3.30165e+22
-3.21053e+22
-3.11522e+22
-3.01974e+22
-2.92914e+22
-2.85034e+22
-2.79349e+22
-2.7747e+22
-2.82091e+22
-2.9784e+22
-3.32431e+22
-3.96944e+22
-5.01217e+22
-6.40906e+22
-7.90106e+22
-9.27301e+22
-1.09806e+23
-1.47836e+23
-2.36615e+23
-4.01966e+23
-6.33037e+23
-8.59581e+23
-1.00862e+24
-5.85389e+22
-3.50476e+22
-3.49638e+22
-3.52451e+22
-3.48306e+22
-3.42338e+22
-3.35148e+22
-3.26994e+22
-3.18171e+22
-3.09025e+22
-2.99975e+22
-2.91553e+22
-2.8449e+22
-2.79863e+22
-2.79383e+22
-2.85905e+22
-3.04306e+22
-3.42546e+22
-4.11428e+22
-5.18772e+22
-6.56407e+22
-7.97345e+22
-9.28431e+22
-1.11482e+23
-1.55417e+23
-2.54589e+23
-4.30978e+23
-6.65793e+23
-8.84223e+23
-1.02104e+24
-5.25978e+22
-3.32865e+22
-3.36252e+22
-3.39097e+22
-3.35176e+22
-3.29615e+22
-3.22961e+22
-3.1547e+22
-3.07439e+22
-2.99222e+22
-2.91258e+22
-2.84121e+22
-2.78615e+22
-2.75942e+22
-2.77995e+22
-2.87874e+22
-3.10695e+22
-3.54407e+22
-4.28937e+22
-5.39736e+22
-6.76083e+22
-8.11682e+22
-9.3885e+22
-1.12976e+23
-1.58358e+23
-2.58875e+23
-4.34599e+23
-6.66205e+23
-8.81744e+23
-1.01837e+24
-5.72705e+22
-3.3728e+22
-3.37772e+22
-3.41414e+22
-3.37642e+22
-3.32076e+22
-3.25368e+22
-3.17768e+22
-3.09561e+22
-3.01085e+22
-2.92752e+22
-2.85096e+22
-2.78851e+22
-2.75111e+22
-2.75592e+22
-2.83124e+22
-3.02449e+22
-3.41224e+22
-4.09962e+22
-5.17201e+22
-6.57387e+22
-8.05047e+22
-9.40167e+22
-1.10791e+23
-1.47898e+23
-2.3418e+23
-3.94853e+23
-6.20933e+23
-8.46886e+23
-1.00022e+24
-5.89708e+22
-3.38911e+22
-3.38377e+22
-3.42407e+22
-3.38723e+22
-3.33176e+22
-3.26472e+22
-3.18859e+22
-3.10621e+22
-3.02092e+22
-2.93678e+22
-2.85903e+22
-2.79486e+22
-2.75496e+22
-2.75609e+22
-2.82588e+22
-3.01073e+22
-3.38593e+22
-4.05599e+22
-5.10905e+22
-6.49691e+22
-7.96954e+22
-9.31662e+22
-1.09583e+23
-1.45568e+23
-2.2971e+23
-3.87739e+23
-6.12461e+23
-8.40006e+23
-9.96476e+23
-5.97442e+22
-3.38206e+22
-3.37366e+22
-3.41738e+22
-3.38147e+22
-3.32652e+22
-3.26002e+22
-3.18444e+22
-3.10261e+22
-3.01787e+22
-2.93425e+22
-2.85698e+22
-2.7932e+22
-2.7535e+22
-2.75449e+22
-2.82358e+22
-3.00683e+22
-3.37925e+22
-4.04591e+22
-5.09824e+22
-6.49444e+22
-7.98708e+22
-9.35293e+22
-1.09795e+23
-1.44919e+23
-2.27445e+23
-3.83649e+23
-6.07436e+23
-8.35845e+23
-9.94168e+23
-5.55959e+22
-3.34268e+22
-3.35956e+22
-3.39534e+22
-3.35802e+22
-3.30331e+22
-3.23754e+22
-3.16321e+22
-3.08326e+22
-3.00111e+22
-2.921e+22
-2.84842e+22
-2.79095e+22
-2.75982e+22
-2.77267e+22
-2.85842e+22
-3.0651e+22
-3.46905e+22
-4.17123e+22
-5.24338e+22
-6.60912e+22
-8.01095e+22
-9.29913e+22
-1.10357e+23
-1.50423e+23
-2.41939e+23
-4.08004e+23
-6.36039e+23
-8.5853e+23
-1.00628e+24
-4.47052e+22
-3.04547e+22
-3.13152e+22
-3.16381e+22
-3.12963e+22
-3.08153e+22
-3.02463e+22
-2.96156e+22
-2.89544e+22
-2.83014e+22
-2.77065e+22
-2.72372e+22
-2.69891e+22
-2.71031e+22
-2.7794e+22
-2.93966e+22
-3.24293e+22
-3.76275e+22
-4.57783e+22
-5.70719e+22
-7.02225e+22
-8.28764e+22
-9.48857e+22
-1.13687e+23
-1.58221e+23
-2.55163e+23
-4.23154e+23
-6.46382e+23
-8.60903e+23
-1.00441e+24
-4.81285e+22
-3.06363e+22
-3.1333e+22
-3.17433e+22
-3.1413e+22
-3.09284e+22
-3.03504e+22
-2.97041e+22
-2.90194e+22
-2.83332e+22
-2.76928e+22
-2.71618e+22
-2.68302e+22
-2.68306e+22
-2.73646e+22
-2.8747e+22
-3.14698e+22
-3.62587e+22
-4.39856e+22
-5.51442e+22
-6.88713e+22
-8.27755e+22
-9.54676e+22
-1.11885e+23
-1.48463e+23
-2.3205e+23
-3.85944e+23
-6.0329e+23
-8.26306e+23
-9.85254e+23
-4.96144e+22
-3.07118e+22
-3.13488e+22
-3.18129e+22
-3.14935e+22
-3.1012e+22
-3.04357e+22
-2.97895e+22
-2.91032e+22
-2.84129e+22
-2.77652e+22
-2.72225e+22
-2.68727e+22
-2.68453e+22
-2.73376e+22
-2.86572e+22
-3.12875e+22
-3.59462e+22
-4.351e+22
-5.45095e+22
-6.81443e+22
-8.20448e+22
-9.47025e+22
-1.10746e+23
-1.46193e+23
-2.27671e+23
-3.78958e+23
-5.94809e+23
-8.191e+23
-9.81072e+23
-5.02383e+22
-3.05682e+22
-3.12086e+22
-3.17223e+22
-3.14139e+22
-3.09377e+22
-3.03664e+22
-2.9725e+22
-2.9043e+22
-2.83566e+22
-2.77123e+22
-2.71722e+22
-2.68246e+22
-2.67989e+22
-2.72924e+22
-2.86131e+22
-3.12442e+22
-3.59035e+22
-4.34719e+22
-5.4501e+22
-6.82309e+22
-8.23019e+22
-9.50923e+22
-1.1096e+23
-1.45618e+23
-2.25674e+23
-3.75367e+23
-5.90348e+23
-8.15268e+23
-9.78812e+23
-4.60413e+22
-3.002e+22
-3.08738e+22
-3.1298e+22
-3.09836e+22
-3.05225e+22
-2.99752e+22
-2.93677e+22
-2.87313e+22
-2.81048e+22
-2.7538e+22
-2.70979e+22
-2.68786e+22
-2.70176e+22
-2.77215e+22
-2.931e+22
-3.22761e+22
-3.73265e+22
-4.5256e+22
-5.63723e+22
-6.95891e+22
-8.25536e+22
-9.45528e+22
-1.11875e+23
-1.52328e+23
-2.42635e+23
-4.03508e+23
-6.23622e+23
-8.42481e+23
-9.941e+23
-3.25643e+22
-2.5839e+22
-2.74256e+22
-2.78063e+22
-2.75763e+22
-2.72606e+22
-2.69071e+22
-2.65468e+22
-2.62193e+22
-2.59756e+22
-2.58825e+22
-2.60294e+22
-2.65382e+22
-2.7579e+22
-2.93941e+22
-3.23303e+22
-3.68629e+22
-4.35478e+22
-5.27567e+22
-6.41103e+22
-7.60918e+22
-8.70728e+22
-9.85358e+22
-1.19358e+23
-1.6802e+23
-2.67675e+23
-4.32115e+23
-6.44818e+23
-8.49975e+23
-9.92749e+23
-3.4755e+22
-2.57245e+22
-2.72629e+22
-2.77344e+22
-2.75049e+22
-2.71724e+22
-2.67931e+22
-2.63969e+22
-2.60217e+22
-2.57167e+22
-2.55467e+22
-2.55985e+22
-2.59905e+22
-2.68867e+22
-2.85199e+22
-3.12232e+22
-3.54613e+22
-4.18151e+22
-5.07953e+22
-6.23339e+22
-7.52002e+22
-8.74078e+22
-9.88407e+22
-1.15715e+23
-1.54299e+23
-2.38625e+23
-3.87751e+23
-5.94297e+23
-8.08517e+23
-9.68384e+23
-3.55452e+22
-2.58007e+22
-2.73293e+22
-2.78364e+22
-2.76104e+22
-2.72758e+22
-2.68923e+22
-2.64894e+22
-2.61044e+22
-2.57857e+22
-2.55968e+22
-2.56232e+22
-2.59812e+22
-2.68322e+22
-2.84055e+22
-3.10292e+22
-3.51637e+22
-4.13903e+22
-5.0235e+22
-6.16682e+22
-7.4502e+22
-8.67399e+22
-9.81363e+22
-1.14639e+23
-1.52187e+23
-2.3469e+23
-3.81662e+23
-5.86987e+23
-8.02167e+23
-9.64488e+23
-3.59622e+22
-2.59055e+22
-2.74007e+22
-2.79068e+22
-2.76787e+22
-2.73404e+22
-2.69518e+22
-2.65421e+22
-2.61483e+22
-2.58181e+22
-2.56144e+22
-2.56215e+22
-2.59545e+22
-2.67732e+22
-2.83044e+22
-3.08732e+22
-3.49368e+22
-4.10768e+22
-4.98317e+22
-6.12055e+22
-7.40512e+22
-8.63621e+22
-9.77582e+22
-1.13917e+23
-1.50477e+23
-2.3129e+23
-3.76332e+23
-5.80588e+23
-7.96603e+23
-9.61061e+23
-3.64621e+22
-2.57319e+22
-2.72586e+22
-2.78242e+22
-2.76078e+22
-2.72753e+22
-2.68925e+22
-2.64883e+22
-2.60994e+22
-2.57734e+22
-2.55727e+22
-2.55814e+22
-2.59138e+22
-2.67291e+22
-2.82534e+22
-3.0811e+22
-3.48586e+22
-4.09801e+22
-4.97253e+22
-6.11258e+22
-7.40682e+22
-8.65291e+22
-9.79863e+22
-1.13839e+23
-1.49441e+23
-2.28651e+23
-3.71909e+23
-5.75097e+23
-7.91663e+23
-9.57905e+23
-3.39384e+22
-2.53782e+22
-2.69905e+22
-2.74859e+22
-2.72749e+22
-2.69662e+22
-2.66171e+22
-2.62579e+22
-2.59271e+22
-2.56746e+22
-2.55657e+22
-2.56877e+22
-2.61596e+22
-2.71456e+22
-2.88781e+22
-3.16877e+22
-3.60314e+22
-4.24702e+22
-5.14707e+22
-6.28936e+22
-7.54513e+22
-8.72229e+22
-9.83903e+22
-1.15673e+23
-1.55777e+23
-2.42568e+23
-3.94097e+23
-6.01475e+23
-8.14201e+23
-9.71569e+23
-2.2583e+22
-2.1879e+22
-2.39179e+22
-2.438e+22
-2.43873e+22
-2.44074e+22
-2.44855e+22
-2.46595e+22
-2.49769e+22
-2.54973e+22
-2.62955e+22
-2.74666e+22
-2.91332e+22
-3.14551e+22
-3.46431e+22
-3.89675e+22
-4.47428e+22
-5.22266e+22
-6.13578e+22
-7.14105e+22
-8.11038e+22
-8.99783e+22
-1.01109e+23
-1.24086e+23
-1.75627e+23
-2.7439e+23
-4.29735e+23
-6.26384e+23
-8.19953e+23
-9.65128e+23
-2.30207e+22
-2.13341e+22
-2.34479e+22
-2.39866e+22
-2.3995e+22
-2.40072e+22
-2.40735e+22
-2.42309e+22
-2.4526e+22
-2.50173e+22
-2.57785e+22
-2.69035e+22
-2.85137e+22
-3.07684e+22
-3.38794e+22
-3.81243e+22
-4.38427e+22
-5.13646e+22
-6.07851e+22
-7.15849e+22
-8.24795e+22
-9.23692e+22
-1.02859e+23
-1.21622e+23
-1.64379e+23
-2.51314e+23
-3.95941e+23
-5.88619e+23
-7.87843e+23
-9.44354e+23
-2.32997e+22
-2.13084e+22
-2.34407e+22
-2.40023e+22
-2.40071e+22
-2.40108e+22
-2.40657e+22
-2.42086e+22
-2.44858e+22
-2.49554e+22
-2.56906e+22
-2.67845e+22
-2.83575e+22
-3.05678e+22
-3.3625e+22
-3.78044e+22
-4.34437e+22
-5.0876e+22
-6.02104e+22
-7.0954e+22
-8.18395e+22
-9.1728e+22
-1.0209e+23
-1.20369e+23
-1.62046e+23
-2.47285e+23
-3.90076e+23
-5.81879e+23
-7.81999e+23
-9.40546e+23
-2.34647e+22
-2.12564e+22
-2.34271e+22
-2.4018e+22
-2.40264e+22
-2.40312e+22
-2.40869e+22
-2.42301e+22
-2.45069e+22
-2.49753e+22
-2.57085e+22
-2.67996e+22
-2.8369e+22
-3.05748e+22
-3.36271e+22
-3.78019e+22
-4.34404e+22
-5.08847e+22
-6.02635e+22
-7.11109e+22
-8.21691e+22
-9.22408e+22
-1.0264e+23
-1.20592e+23
-1.61425e+23
-2.45383e+23
-3.86787e+23
-5.77757e+23
-7.78218e+23
-9.37981e+23
-2.35637e+22
-2.19361e+22
-2.40499e+22
-2.45911e+22
-2.46129e+22
-2.46426e+22
-2.4729e+22
-2.49078e+22
-2.52238e+22
-2.57334e+22
-2.65073e+22
-2.7635e+22
-2.92319e+22
-3.14483e+22
-3.44824e+22
-3.85924e+22
-4.40931e+22
-5.12855e+22
-6.02366e+22
-7.04104e+22
-8.05666e+22
-8.97947e+22
-1.00052e+23
-1.19375e+23
-1.63406e+23
-2.51265e+23
-3.94951e+23
-5.85109e+23
-7.82844e+23
-9.40163e+23
-2.06415e+22
-2.34244e+22
-2.53491e+22
-2.57822e+22
-2.59586e+22
-2.61991e+22
-2.65419e+22
-2.70207e+22
-2.76767e+22
-2.85606e+22
-2.97351e+22
-3.1278e+22
-3.32871e+22
-3.58856e+22
-3.92238e+22
-4.34654e+22
-4.87295e+22
-5.49539e+22
-6.17198e+22
-6.82695e+22
-7.40743e+22
-8.00906e+22
-9.04291e+22
-1.13591e+23
-1.61594e+23
-2.46208e+23
-3.7385e+23
-5.3912e+23
-7.1911e+23
-8.79206e+23
-2.11999e+22
-2.33397e+22
-2.53501e+22
-2.58159e+22
-2.59759e+22
-2.61948e+22
-2.651e+22
-2.69529e+22
-2.75623e+22
-2.83853e+22
-2.94801e+22
-3.09179e+22
-3.27881e+22
-3.52035e+22
-3.83052e+22
-4.226e+22
-4.72267e+22
-5.32524e+22
-6.00864e+22
-6.7061e+22
-7.34112e+22
-7.93322e+22
-8.76572e+22
-1.05508e+23
-1.44373e+23
-2.1698e+23
-3.32078e+23
-4.88289e+23
-6.67667e+23
-8.37232e+23
-2.11923e+22
-2.32622e+22
-2.53034e+22
-2.57817e+22
-2.59414e+22
-2.61591e+22
-2.64729e+22
-2.69141e+22
-2.75216e+22
-2.83427e+22
-2.94353e+22
-3.08709e+22
-3.27387e+22
-3.51516e+22
-3.82515e+22
-4.22069e+22
-4.71811e+22
-5.32305e+22
-6.0117e+22
-6.71789e+22
-7.36333e+22
-7.96213e+22
-8.78922e+22
-1.05488e+23
-1.43891e+23
-2.1594e+23
-3.30566e+23
-4.86574e+23
-6.66116e+23
-8.36115e+23
-2.11492e+22
-2.31649e+22
-2.52339e+22
-2.57248e+22
-2.58866e+22
-2.61066e+22
-2.64233e+22
-2.68684e+22
-2.74808e+22
-2.83083e+22
-2.94092e+22
-3.08555e+22
-3.27369e+22
-3.51665e+22
-3.82859e+22
-4.22631e+22
-4.72618e+22
-5.33428e+22
-6.02792e+22
-6.74192e+22
-7.39658e+22
-7.99994e+22
-8.81618e+22
-1.05382e+23
-1.43121e+23
-2.1435e+23
-3.28198e+23
-4.83676e+23
-6.63142e+23
-8.33607e+23
-2.12929e+22
-2.36787e+22
-2.5634e+22
-2.60867e+22
-2.62561e+22
-2.64866e+22
-2.68159e+22
-2.72759e+22
-2.79054e+22
-2.87517e+22
-2.98722e+22
-3.1337e+22
-3.32322e+22
-3.56651e+22
-3.87667e+22
-4.26854e+22
-4.75478e+22
-5.33515e+22
-5.97906e+22
-6.61899e+22
-7.19016e+22
-7.7403e+22
-8.59292e+22
-1.04941e+23
-1.45848e+23
-2.20743e+23
-3.37605e+23
-4.94523e+23
-6.73353e+23
-8.41433e+23
-2.4215e+22
-2.56809e+22
-2.64974e+22
-2.68654e+22
-2.70862e+22
-2.73051e+22
-2.75811e+22
-2.79512e+22
-2.84502e+22
-2.91163e+22
-2.99934e+22
-3.11326e+22
-3.25931e+22
-3.4438e+22
-3.67197e+22
-3.94436e+22
-4.25096e+22
-4.5663e+22
-4.85436e+22
-5.09349e+22
-5.32483e+22
-5.71506e+22
-6.60988e+22
-8.53417e+22
-1.21155e+23
-1.80025e+23
-2.68126e+23
-3.8938e+23
-5.40431e+23
-7.05116e+23
-2.36035e+22
-2.54626e+22
-2.64565e+22
-2.68215e+22
-2.70075e+22
-2.7196e+22
-2.74429e+22
-2.77822e+22
-2.82464e+22
-2.88723e+22
-2.97021e+22
-3.07851e+22
-3.21786e+22
-3.39467e+22
-3.61519e+22
-3.88298e+22
-4.19378e+22
-4.52882e+22
-4.85304e+22
-5.12985e+22
-5.36102e+22
-5.64929e+22
-6.26642e+22
-7.68847e+22
-1.05472e+23
-1.5522e+23
-2.32644e+23
-3.42746e+23
-4.85168e+23
-6.48306e+23
-2.35814e+22
-2.54737e+22
-2.64857e+22
-2.68511e+22
-2.70345e+22
-2.72205e+22
-2.74646e+22
-2.77999e+22
-2.82588e+22
-2.88773e+22
-2.96973e+22
-3.07678e+22
-3.2146e+22
-3.38968e+22
-3.60842e+22
-3.87479e+22
-4.18511e+22
-4.52127e+22
-4.84854e+22
-5.12963e+22
-5.36425e+22
-5.65191e+22
-6.26085e+22
-7.66506e+22
-1.04975e+23
-1.54413e+23
-2.31516e+23
-3.41334e+23
-4.83563e+23
-6.46667e+23
-2.35412e+22
-2.5459e+22
-2.64843e+22
-2.68502e+22
-2.7033e+22
-2.72195e+22
-2.74647e+22
-2.78012e+22
-2.82611e+22
-2.88802e+22
-2.96996e+22
-3.07682e+22
-3.21426e+22
-3.38874e+22
-3.60673e+22
-3.87241e+22
-4.18255e+22
-4.51964e+22
-4.84928e+22
-5.13364e+22
-5.3704e+22
-5.65544e+22
-6.25264e+22
-7.63285e+22
-1.04295e+23
-1.53287e+23
-2.29889e+23
-3.392e+23
-4.81023e+23
-6.43984e+23
-2.34167e+22
-2.53718e+22
-2.64181e+22
-2.67861e+22
-2.69683e+22
-2.71552e+22
-2.74019e+22
-2.77408e+22
-2.82042e+22
-2.88277e+22
-2.96531e+22
-3.07289e+22
-3.21124e+22
-3.38684e+22
-3.60625e+22
-3.87384e+22
-4.18679e+22
-4.52804e+22
-4.86336e+22
-5.15387e+22
-5.39431e+22
-5.67554e+22
-6.25534e+22
-7.60054e+22
-1.03462e+23
-1.51843e+23
-2.2779e+23
-3.36469e+23
-4.7783e+23
-6.40706e+23
-2.40372e+22
-2.57247e+22
-2.66327e+22
-2.69785e+22
-2.71518e+22
-2.73199e+22
-2.7539e+22
-2.78431e+22
-2.82647e+22
-2.88396e+22
-2.96094e+22
-3.06227e+22
-3.19359e+22
-3.36119e+22
-3.57105e+22
-3.82614e+22
-4.12111e+22
-4.43606e+22
-4.73616e+22
-4.98811e+22
-5.20108e+22
-5.4878e+22
-6.1277e+22
-7.5935e+22
-1.04973e+23
-1.54942e+23
-2.32276e+23
-3.42136e+23
-4.84442e+23
-6.47749e+23
-2.67674e+22
-2.70879e+22
-2.73811e+22
-2.76223e+22
-2.78423e+22
-2.80791e+22
-2.83662e+22
-2.8733e+22
-2.92082e+22
-2.98211e+22
-3.06022e+22
-3.15828e+22
-3.27902e+22
-3.42388e+22
-3.59117e+22
-3.77347e+22
-3.95567e+22
-4.11675e+22
-4.2399e+22
-4.33368e+22
-4.4628e+22
-4.78102e+22
-5.5499e+22
-7.12167e+22
-9.89401e+22
-1.42934e+23
-2.07968e+23
-2.9893e+23
-4.18505e+23
-5.62644e+23
-2.63961e+22
-2.68366e+22
-2.71776e+22
-2.74109e+22
-2.75904e+22
-2.77681e+22
-2.79828e+22
-2.82657e+22
-2.86459e+22
-2.91538e+22
-2.98216e+22
-3.0684e+22
-3.17754e+22
-3.31232e+22
-3.47325e+22
-3.65609e+22
-3.84885e+22
-4.03114e+22
-4.18024e+22
-4.2883e+22
-4.39112e+22
-4.6032e+22
-5.14635e+22
-6.3492e+22
-8.60649e+22
-1.23425e+23
-1.80245e+23
-2.61648e+23
-3.71693e+23
-5.09386e+23
-2.63297e+22
-2.67897e+22
-2.71422e+22
-2.73812e+22
-2.75642e+22
-2.77449e+22
-2.7963e+22
-2.82499e+22
-2.86349e+22
-2.91483e+22
-2.98227e+22
-3.06925e+22
-3.17928e+22
-3.31514e+22
-3.47749e+22
-3.66228e+22
-3.85775e+22
-4.04353e+22
-4.19658e+22
-4.30804e+22
-4.41214e+22
-4.62164e+22
-5.15736e+22
-6.34886e+22
-8.59411e+22
-1.23208e+23
-1.79982e+23
-2.61382e+23
-3.71454e+23
-5.09185e+23
-2.60846e+22
-2.65835e+22
-2.69756e+22
-2.72478e+22
-2.74589e+22
-2.76665e+22
-2.79126e+22
-2.82302e+22
-2.86497e+22
-2.92022e+22
-2.99209e+22
-3.08415e+22
-3.19996e+22
-3.3424e+22
-3.51217e+22
-3.70514e+22
-3.90934e+22
-4.10405e+22
-4.26566e+22
-4.38482e+22
-4.49558e+22
-4.71148e+22
-5.25595e+22
-6.46405e+22
-8.74197e+22
-1.2526e+23
-1.82899e+23
-2.65413e+23
-3.76638e+23
-5.15152e+23
-2.65507e+22
-2.69308e+22
-2.72318e+22
-2.74456e+22
-2.76189e+22
-2.77974e+22
-2.80168e+22
-2.83073e+22
-2.86975e+22
-2.92176e+22
-2.98998e+22
-3.07783e+22
-3.1887e+22
-3.32515e+22
-3.48734e+22
-3.67044e+22
-3.86181e+22
-4.04086e+22
-4.18613e+22
-4.29353e+22
-4.40593e+22
-4.64792e+22
-5.25235e+22
-6.55563e+22
-8.9554e+22
-1.28789e+23
-1.87998e+23
-2.723e+23
-3.85437e+23
-5.25556e+23
0
0
0
0
0
0
0
0
0
0
0
0
0
0
0
0
0
0
0
0
0
0
0
0
0
0
0
0
0
0
0
0
0
0
0
0
0
0
0
0
0
0
0
0
0
0
0
0
0
0
0
0
0
0
0
0
0
0
0
0
0
0
0
0
0
0
0
0
0
0
0
0
0
0
0
0
0
0
0
0
0
0
0
0
0
0
0
0
0
0
0
0
0
0
0
0
0
0
0
0
0
0
0
0
0
0
0
0
0
0
0
0
0
0
0
0
0
0
0
0
0
0
0
0
0
0
0
0
0
0
0
0
0
0
0
0
0
0
0
0
0
0
0
0
0
0
0
0
0
0
0
0
0
0
0
0
0
0
0
0
0
0
0
0
0
0
0
0
0
0
0
0
0
0
0
0
0
0
0
0
0
0
0
0
0
0
0
0
0
0
0
0
0
0
0
0
0
0
0
0
0
0
0
0
0
0
0
0
0
0
0
0
0
0
0
0
0
0
0
0
0
0
0
0
0
0
0
0
0
0
0
0
0
0
0
0
0
0
0
0
0
0
0
0
0
0
0
0
0
0
0
0
0
0
0
0
0
0
0
0
0
0
0
0
0
0
0
0
0
0
0
0
0
0
0
0
0
0
0
0
0
0
0
0
0
0
0
0
0
0
0
0
0
0
0
0
0
0
0
0
0
0
0
0
0
0
0
0
0
0
0
0
0
0
0
0
0
0
0
0
0
0
0
0
0
0
0
0
0
0
0
0
0
0
0
0
0
0
0
0
0
0
0
0
0
0
0
0
0
0
0
0
0
0
0
0
0
0
0
0
0
0
0
0
0
0
0
0
0
0
0
0
0
0
0
0
0
0
0
0
0
0
0
0
0
0
0
0
0
0
0
0
0
0
0
0
0
0
0
0
0
0
0
0
0
0
0
0
0
0
0
0
0
0
0
0
0
0
0
0
0
0
0
0
0
0
0
0
0
0
0
0
0
0
0
0
0
0
0
0
0
0
0
0
0
0
0
0
0
0
0
0
0
0
0
0
0
0
0
0
0
0
0
0
0
0
0
0
0
0
0
0
0
0
0
0
0
0
0
0
0
0
0
0
0
0
0
0
0
0
0
0
0
0
0
0
0
0
0
0
0
0
0
0
0
0
0
0
0
0
0
0
0
0
0
0
0
0
0
0
0
0
0
0
0
0
0
0
0
0
0
0
0
0
0
0
0
0
0
0
0
0
0
0
0
0
0
0
0
0
0
0
0
0
0
0
0
0
0
0
0
0
0
0
0
0
0
0
0
0
0
0
0
0
0
0
0
0
0
0
0
0
0
0
0
0
0
0
0
0
0
0
0
0
0
0
0
0
0
0
0
0
0
0
0
0
0
0
0
0
0
0
0
0
0
0
0
0
0
0
0
0
0
0
0
0
0
0
0
0
0
0
0
0
0
0
0
0
0
0
0
0
0
0
0
0
0
0
0
0
0
0
0
0
0
0
0
0
0
0
0
0
0
0
0
0
0
0
0
0
0
0
0
0
0
0
0
0
0
0
0
0
0
0
0
0
0
0
0
0
0
0
0
0
0
0
0
0
0
0
0
0
0
0
0
0
0
0
0
0
0
0
0
0
0
0
0
0
0
0
0
0
0
0
0
0
0
0
0
0
0
0
0
0
0
0
0
0
0
0
0
0
0
0
0
0
0
0
0
0
0
0
0
0
0
0
0
0
0
0
0
0
0
0
0
0
0
0
0
0
0
0
0
0
0
0
0
0
0
0
0
0
0
0
0
0
0
0
0
0
0
0
0
0
0
0
0
0
0
0
0
0
0
0
0
0
0
0
0
0
0
0
0
0
0
0
0
0
0
0
0
0
0
0
0
0
0
0
0
0
0
0
0
0
0
0
0
0
0
0
0
0
0
0
0
0
0
0
0
0
0
0
0
0
0
0
0
0
0
0
0
0
0
0
0
0
0
0
0
0
0
0
0
0
0
0
0
0
0
0
0
0
0
0
0
0
0
0
0
0
0
0
0
0
0
0
0
0
0
0
0
0
0
0
0
0
0
0
0
0
0
0
0
0
0
0
0
0
0
0
0
0
0
0
0
0
0
0
0
0
0
0
0
0
0
0
0
0
0
0
0
0
0
0
0
0
0
0
0
0
0
0
0
0
0
0
0
0
0
0
0
0
0
0
0
0
0
0
0
0
0
0
0
0
0
0
0
0
0
0
0
0
0
0
0
0
0
0
0
0
0
0
0
0
0
0
0
0
0
0
0
0
0
0
0
0
0
0
0
0
0
0
0
0
0
0
0
0
0
0
0
0
0
0
0
0
0
0
0
0
0
0
0
0
0
0
0
0
0
0
0
0
0
0
0
0
0
0
0
0
0
0
0
0
0
0
0
0
0
0
0
0
0
0
0
0
0
0
0
0
0
0
0
0
0
0
0
0
0
0
0
0
0
0
0
0
0
0
0
0
0
0
0
0
0
0
0
0
0
0
0
0
0
0
0
0
0
0
0
0
0
0
0
0
0
0
0
0
0
0
0
0
0
0
0
0
0
0
0
0
0
0
0
0
0
0
0
0
0
0
0
0
0
0
0
0
0
0
0
0
0
0
0
0
0
0
0
0
0
0
0
0
0
0
0
0
0
0
0
0
0
0
0
0
0
0
0
0
0
0
0
0
0
0
0
0
0
0
0
0
0
0
0
0
0
0
0
0
0
0
0
0
0
0
0
0
0
0
0
0
0
0
0
0
0
0
0
0
0
0
0
0
0
0
0
0
0
0
0
0
0
0
0
0
0
0
0
0
0
0
0
0
0
0
0
0
0
0
0
0
0
0
0
0
0
0
0
0
0
0
0
0
0
0
0
0
0
0
0
0
0
0
0
0
0
0
0
0
0
0
0
0
0
0
0
0
0
0
0
0
0
0
0
0
0
0
0
0
0
0
0
0
0
0
0
0
0
0
0
0
0
0
0
0
0
0
0
0
0
0
0
0
0
0
0
0
0
0
0
0
0
0
0
0
0
0
0
0
0
0
0
0
0
0
0
0
0
0
0
0
0
0
0
0
0
0
0
0
0
0
0
0
0
0
0
0
0
0
0
0
0
0
0
0
0
0
0
0
0
0
0
0
0
0
0
0
0
0
0
0
0
0
0
0
0
0
0
0
0
0
0
0
0
0
0
0
0
0
0
0
0
0
0
0
0
0
0
0
0
0
)
;

boundaryField
{
    fuelBottom
    {
        type            empty;
    }
    fuelTop_1
    {
        type            empty;
    }
    fuelOuter
    {
        type            zeroGradient;
    }
    fuelTop
    {
        type            empty;
    }
    fuelInner
    {
        type            zeroGradient;
    }
    cladBottom
    {
        type            empty;
    }
    cladInner
    {
        type            zeroGradient;
    }
    cladOuter
    {
        type            zeroGradient;
    }
    cladTop
    {
        type            empty;
    }
    front
    {
        type            wedge;
    }
    back
    {
        type            wedge;
    }
}


// ************************************************************************* //
