/*--------------------------------*- C++ -*----------------------------------*\
| =========                 |                                                 |
| \\      /  F ield         | OpenFOAM: The Open Source CFD Toolbox           |
|  \\    /   O peration     | Version:  2412                                  |
|   \\  /    A nd           | Website:  www.openfoam.com                      |
|    \\/     M anipulation  |                                                 |
\*---------------------------------------------------------------------------*/
FoamFile
{
    version     2.0;
    format      ascii;
    arch        "LSB;label=32;scalar=64";
    class       volScalarField;
    location    "51801860.86068268/fuelBehaviourRegion";
    object      SCIANTIX::grainModes_1;
}
// * * * * * * * * * * * * * * * * * * * * * * * * * * * * * * * * * * * * * //

dimensions      [0 0 0 0 0 0 0];

internalField   nonuniform List<scalar> 
4720
(
-1.39447e+25
-1.39448e+25
-1.3945e+25
-1.39454e+25
-1.39459e+25
-1.39466e+25
-1.39473e+25
-1.39482e+25
-1.39492e+25
-1.39502e+25
-1.39514e+25
-1.39527e+25
-1.3954e+25
-1.39554e+25
-1.39568e+25
-1.39583e+25
-1.39598e+25
-1.39614e+25
-1.39629e+25
-1.39645e+25
-1.39661e+25
-1.39677e+25
-1.39692e+25
-1.39707e+25
-1.39722e+25
-1.39737e+25
-1.39751e+25
-1.39765e+25
-1.39778e+25
-1.3979e+25
-1.39443e+25
-1.39445e+25
-1.39447e+25
-1.39451e+25
-1.39456e+25
-1.39463e+25
-1.3947e+25
-1.39479e+25
-1.39489e+25
-1.395e+25
-1.39511e+25
-1.39524e+25
-1.39537e+25
-1.39551e+25
-1.39566e+25
-1.39581e+25
-1.39596e+25
-1.39612e+25
-1.39627e+25
-1.39643e+25
-1.39659e+25
-1.39675e+25
-1.39691e+25
-1.39706e+25
-1.39721e+25
-1.39736e+25
-1.3975e+25
-1.39763e+25
-1.39776e+25
-1.39789e+25
-1.39435e+25
-1.39436e+25
-1.39438e+25
-1.39442e+25
-1.39448e+25
-1.39454e+25
-1.39462e+25
-1.39471e+25
-1.39481e+25
-1.39492e+25
-1.39504e+25
-1.39516e+25
-1.3953e+25
-1.39544e+25
-1.39559e+25
-1.39574e+25
-1.3959e+25
-1.39605e+25
-1.39622e+25
-1.39638e+25
-1.39654e+25
-1.3967e+25
-1.39686e+25
-1.39701e+25
-1.39717e+25
-1.39732e+25
-1.39746e+25
-1.3976e+25
-1.39773e+25
-1.39786e+25
-1.39431e+25
-1.39432e+25
-1.39435e+25
-1.39439e+25
-1.39444e+25
-1.39451e+25
-1.39458e+25
-1.39467e+25
-1.39477e+25
-1.39488e+25
-1.395e+25
-1.39513e+25
-1.39527e+25
-1.39541e+25
-1.39556e+25
-1.39571e+25
-1.39587e+25
-1.39603e+25
-1.39619e+25
-1.39635e+25
-1.39652e+25
-1.39668e+25
-1.39684e+25
-1.397e+25
-1.39715e+25
-1.3973e+25
-1.39745e+25
-1.39759e+25
-1.39772e+25
-1.39785e+25
-1.39429e+25
-1.3943e+25
-1.39432e+25
-1.39436e+25
-1.39442e+25
-1.39448e+25
-1.39456e+25
-1.39465e+25
-1.39475e+25
-1.39486e+25
-1.39498e+25
-1.39511e+25
-1.39525e+25
-1.39539e+25
-1.39554e+25
-1.3957e+25
-1.39585e+25
-1.39601e+25
-1.39618e+25
-1.39634e+25
-1.3965e+25
-1.39667e+25
-1.39683e+25
-1.39699e+25
-1.39714e+25
-1.39729e+25
-1.39744e+25
-1.39758e+25
-1.39771e+25
-1.39784e+25
-1.39425e+25
-1.39426e+25
-1.39429e+25
-1.39433e+25
-1.39438e+25
-1.39445e+25
-1.39453e+25
-1.39462e+25
-1.39472e+25
-1.39484e+25
-1.39496e+25
-1.39509e+25
-1.39523e+25
-1.39538e+25
-1.39553e+25
-1.39568e+25
-1.39584e+25
-1.39601e+25
-1.39617e+25
-1.39634e+25
-1.39651e+25
-1.39667e+25
-1.39683e+25
-1.39699e+25
-1.39715e+25
-1.3973e+25
-1.39745e+25
-1.39759e+25
-1.39773e+25
-1.39786e+25
-1.53831e+25
-1.53833e+25
-1.53837e+25
-1.53843e+25
-1.53851e+25
-1.53861e+25
-1.53874e+25
-1.53887e+25
-1.53903e+25
-1.5392e+25
-1.53939e+25
-1.53959e+25
-1.5398e+25
-1.54002e+25
-1.54025e+25
-1.54049e+25
-1.54073e+25
-1.54097e+25
-1.54122e+25
-1.54147e+25
-1.54172e+25
-1.54197e+25
-1.54221e+25
-1.54245e+25
-1.54268e+25
-1.54291e+25
-1.54312e+25
-1.54333e+25
-1.54353e+25
-1.54372e+25
-1.53781e+25
-1.53783e+25
-1.53787e+25
-1.53794e+25
-1.53802e+25
-1.53813e+25
-1.53826e+25
-1.53841e+25
-1.53858e+25
-1.53876e+25
-1.53896e+25
-1.53917e+25
-1.5394e+25
-1.53963e+25
-1.53988e+25
-1.54013e+25
-1.54039e+25
-1.54065e+25
-1.54092e+25
-1.54118e+25
-1.54145e+25
-1.54171e+25
-1.54197e+25
-1.54223e+25
-1.54248e+25
-1.54272e+25
-1.54295e+25
-1.54317e+25
-1.54339e+25
-1.54359e+25
-1.5377e+25
-1.53772e+25
-1.53776e+25
-1.53783e+25
-1.53792e+25
-1.53803e+25
-1.53816e+25
-1.53831e+25
-1.53848e+25
-1.53867e+25
-1.53887e+25
-1.53908e+25
-1.53931e+25
-1.53955e+25
-1.5398e+25
-1.54006e+25
-1.54032e+25
-1.54059e+25
-1.54086e+25
-1.54113e+25
-1.5414e+25
-1.54166e+25
-1.54193e+25
-1.54218e+25
-1.54244e+25
-1.54268e+25
-1.54292e+25
-1.54314e+25
-1.54336e+25
-1.54357e+25
-1.53765e+25
-1.53767e+25
-1.53771e+25
-1.53778e+25
-1.53787e+25
-1.53798e+25
-1.53811e+25
-1.53826e+25
-1.53843e+25
-1.53862e+25
-1.53882e+25
-1.53904e+25
-1.53927e+25
-1.53951e+25
-1.53976e+25
-1.54002e+25
-1.54028e+25
-1.54055e+25
-1.54082e+25
-1.5411e+25
-1.54137e+25
-1.54164e+25
-1.5419e+25
-1.54216e+25
-1.54242e+25
-1.54266e+25
-1.5429e+25
-1.54313e+25
-1.54335e+25
-1.54355e+25
-1.53756e+25
-1.53758e+25
-1.53763e+25
-1.5377e+25
-1.53779e+25
-1.5379e+25
-1.53803e+25
-1.53819e+25
-1.53836e+25
-1.53855e+25
-1.53875e+25
-1.53897e+25
-1.5392e+25
-1.53945e+25
-1.5397e+25
-1.53996e+25
-1.54023e+25
-1.5405e+25
-1.54078e+25
-1.54105e+25
-1.54133e+25
-1.5416e+25
-1.54187e+25
-1.54213e+25
-1.54239e+25
-1.54263e+25
-1.54287e+25
-1.54311e+25
-1.54333e+25
-1.54353e+25
-1.53706e+25
-1.53708e+25
-1.53713e+25
-1.53721e+25
-1.53731e+25
-1.53743e+25
-1.53757e+25
-1.53774e+25
-1.53793e+25
-1.53813e+25
-1.53836e+25
-1.53859e+25
-1.53885e+25
-1.53911e+25
-1.53939e+25
-1.53967e+25
-1.53996e+25
-1.54025e+25
-1.54054e+25
-1.54084e+25
-1.54113e+25
-1.54143e+25
-1.54171e+25
-1.54199e+25
-1.54227e+25
-1.54253e+25
-1.54279e+25
-1.54303e+25
-1.54326e+25
-1.54348e+25
-1.90403e+25
-1.9041e+25
-1.90424e+25
-1.90445e+25
-1.90473e+25
-1.90507e+25
-1.90548e+25
-1.90595e+25
-1.90648e+25
-1.90706e+25
-1.90768e+25
-1.90835e+25
-1.90906e+25
-1.9098e+25
-1.91057e+25
-1.91136e+25
-1.91216e+25
-1.91297e+25
-1.91379e+25
-1.91461e+25
-1.91542e+25
-1.91622e+25
-1.91701e+25
-1.91777e+25
-1.91851e+25
-1.91922e+25
-1.9199e+25
-1.92055e+25
-1.92116e+25
-1.92173e+25
-1.90131e+25
-1.90138e+25
-1.90154e+25
-1.90177e+25
-1.90209e+25
-1.90248e+25
-1.90293e+25
-1.90346e+25
-1.90405e+25
-1.9047e+25
-1.90541e+25
-1.90616e+25
-1.90695e+25
-1.90779e+25
-1.90865e+25
-1.90954e+25
-1.91044e+25
-1.91136e+25
-1.91228e+25
-1.9132e+25
-1.91411e+25
-1.91501e+25
-1.91589e+25
-1.91675e+25
-1.91758e+25
-1.91838e+25
-1.91914e+25
-1.91986e+25
-1.92055e+25
-1.92119e+25
-1.90082e+25
-1.90089e+25
-1.90105e+25
-1.90129e+25
-1.90161e+25
-1.90201e+25
-1.90248e+25
-1.90301e+25
-1.90362e+25
-1.90428e+25
-1.905e+25
-1.90577e+25
-1.90658e+25
-1.90743e+25
-1.90831e+25
-1.90921e+25
-1.91014e+25
-1.91107e+25
-1.91201e+25
-1.91295e+25
-1.91388e+25
-1.9148e+25
-1.9157e+25
-1.91657e+25
-1.91742e+25
-1.91823e+25
-1.91901e+25
-1.91975e+25
-1.92045e+25
-1.9211e+25
-1.90061e+25
-1.90068e+25
-1.90085e+25
-1.90109e+25
-1.90141e+25
-1.90181e+25
-1.90228e+25
-1.90282e+25
-1.90343e+25
-1.9041e+25
-1.90482e+25
-1.9056e+25
-1.90642e+25
-1.90727e+25
-1.90816e+25
-1.90907e+25
-1.91e+25
-1.91094e+25
-1.91189e+25
-1.91284e+25
-1.91377e+25
-1.9147e+25
-1.91561e+25
-1.91649e+25
-1.91734e+25
-1.91816e+25
-1.91895e+25
-1.91969e+25
-1.9204e+25
-1.92106e+25
-1.90023e+25
-1.90031e+25
-1.90047e+25
-1.90072e+25
-1.90105e+25
-1.90145e+25
-1.90193e+25
-1.90248e+25
-1.9031e+25
-1.90378e+25
-1.90451e+25
-1.9053e+25
-1.90613e+25
-1.907e+25
-1.9079e+25
-1.90882e+25
-1.90977e+25
-1.91072e+25
-1.91169e+25
-1.91265e+25
-1.9136e+25
-1.91454e+25
-1.91546e+25
-1.91635e+25
-1.91722e+25
-1.91805e+25
-1.91885e+25
-1.9196e+25
-1.92032e+25
-1.92098e+25
-1.89793e+25
-1.89801e+25
-1.89819e+25
-1.89847e+25
-1.89883e+25
-1.89928e+25
-1.89982e+25
-1.90043e+25
-1.90112e+25
-1.90187e+25
-1.90269e+25
-1.90356e+25
-1.90448e+25
-1.90544e+25
-1.90644e+25
-1.90747e+25
-1.90851e+25
-1.90957e+25
-1.91062e+25
-1.91168e+25
-1.91273e+25
-1.91376e+25
-1.91476e+25
-1.91574e+25
-1.91668e+25
-1.91759e+25
-1.91845e+25
-1.91927e+25
-1.92004e+25
-1.92076e+25
-2.45799e+25
-2.45829e+25
-2.45895e+25
-2.45995e+25
-2.46128e+25
-2.46293e+25
-2.46488e+25
-2.46712e+25
-2.46963e+25
-2.4724e+25
-2.4754e+25
-2.47861e+25
-2.482e+25
-2.48556e+25
-2.48924e+25
-2.49303e+25
-2.49689e+25
-2.5008e+25
-2.50472e+25
-2.50863e+25
-2.51249e+25
-2.51628e+25
-2.51998e+25
-2.52355e+25
-2.52699e+25
-2.53026e+25
-2.53335e+25
-2.53626e+25
-2.53897e+25
-2.54147e+25
-2.44421e+25
-2.44455e+25
-2.44529e+25
-2.44642e+25
-2.44791e+25
-2.44977e+25
-2.45196e+25
-2.45449e+25
-2.45732e+25
-2.46044e+25
-2.46383e+25
-2.46745e+25
-2.47129e+25
-2.47532e+25
-2.47949e+25
-2.48379e+25
-2.48818e+25
-2.49262e+25
-2.49708e+25
-2.50152e+25
-2.50593e+25
-2.51025e+25
-2.51447e+25
-2.51855e+25
-2.52248e+25
-2.52622e+25
-2.52976e+25
-2.53308e+25
-2.53618e+25
-2.53905e+25
-2.44193e+25
-2.44227e+25
-2.44303e+25
-2.44418e+25
-2.4457e+25
-2.44759e+25
-2.44983e+25
-2.4524e+25
-2.45529e+25
-2.45847e+25
-2.46192e+25
-2.46562e+25
-2.46953e+25
-2.47363e+25
-2.47789e+25
-2.48228e+25
-2.48675e+25
-2.49128e+25
-2.49583e+25
-2.50037e+25
-2.50487e+25
-2.50928e+25
-2.51359e+25
-2.51776e+25
-2.52176e+25
-2.52558e+25
-2.5292e+25
-2.53259e+25
-2.53575e+25
-2.53868e+25
-2.44114e+25
-2.44148e+25
-2.44225e+25
-2.4434e+25
-2.44493e+25
-2.44683e+25
-2.44908e+25
-2.45166e+25
-2.45457e+25
-2.45777e+25
-2.46124e+25
-2.46496e+25
-2.4689e+25
-2.47303e+25
-2.47731e+25
-2.48172e+25
-2.48622e+25
-2.49078e+25
-2.49536e+25
-2.49993e+25
-2.50446e+25
-2.5089e+25
-2.51324e+25
-2.51743e+25
-2.52147e+25
-2.52532e+25
-2.52896e+25
-2.53238e+25
-2.53557e+25
-2.53851e+25
-2.44018e+25
-2.44053e+25
-2.4413e+25
-2.44246e+25
-2.444e+25
-2.44592e+25
-2.44819e+25
-2.45079e+25
-2.45372e+25
-2.45695e+25
-2.46045e+25
-2.4642e+25
-2.46817e+25
-2.47233e+25
-2.47665e+25
-2.4811e+25
-2.48564e+25
-2.49023e+25
-2.49485e+25
-2.49946e+25
-2.50402e+25
-2.5085e+25
-2.51287e+25
-2.51711e+25
-2.52117e+25
-2.52505e+25
-2.52872e+25
-2.53217e+25
-2.53538e+25
-2.53835e+25
-2.43354e+25
-2.43392e+25
-2.43475e+25
-2.436e+25
-2.43767e+25
-2.43973e+25
-2.44218e+25
-2.44499e+25
-2.44815e+25
-2.45163e+25
-2.4554e+25
-2.45944e+25
-2.46371e+25
-2.46818e+25
-2.47283e+25
-2.4776e+25
-2.48247e+25
-2.48739e+25
-2.49233e+25
-2.49725e+25
-2.50212e+25
-2.50688e+25
-2.51152e+25
-2.51601e+25
-2.5203e+25
-2.52439e+25
-2.52824e+25
-2.53185e+25
-2.53519e+25
-2.53828e+25
-3.00438e+25
-3.00564e+25
-3.00842e+25
-3.01262e+25
-3.0182e+25
-3.02511e+25
-3.0333e+25
-3.04272e+25
-3.05329e+25
-3.06495e+25
-3.07762e+25
-3.0912e+25
-3.10562e+25
-3.12076e+25
-3.13653e+25
-3.15281e+25
-3.16948e+25
-3.18643e+25
-3.20351e+25
-3.2206e+25
-3.23756e+25
-3.25426e+25
-3.27056e+25
-3.28634e+25
-3.30148e+25
-3.31587e+25
-3.32942e+25
-3.34205e+25
-3.3537e+25
-3.36434e+25
-2.9584e+25
-2.9598e+25
-2.96288e+25
-2.96753e+25
-2.9737e+25
-2.98133e+25
-2.99038e+25
-3.00077e+25
-3.01242e+25
-3.02526e+25
-3.0392e+25
-3.05415e+25
-3.07e+25
-3.08665e+25
-3.10399e+25
-3.1219e+25
-3.14026e+25
-3.15893e+25
-3.17778e+25
-3.19666e+25
-3.21543e+25
-3.23393e+25
-3.25203e+25
-3.26958e+25
-3.28644e+25
-3.3025e+25
-3.31764e+25
-3.33177e+25
-3.34483e+25
-3.35676e+25
-2.95218e+25
-2.95361e+25
-2.95673e+25
-2.96145e+25
-2.9677e+25
-2.97545e+25
-2.98462e+25
-2.99515e+25
-3.00697e+25
-3.01998e+25
-3.03411e+25
-3.04925e+25
-3.06531e+25
-3.08218e+25
-3.09975e+25
-3.11789e+25
-3.13648e+25
-3.1554e+25
-3.17449e+25
-3.19362e+25
-3.21264e+25
-3.23139e+25
-3.24974e+25
-3.26753e+25
-3.28462e+25
-3.3009e+25
-3.31625e+25
-3.33058e+25
-3.34382e+25
-3.35591e+25
-2.94958e+25
-2.95102e+25
-2.95415e+25
-2.95889e+25
-2.96518e+25
-2.97296e+25
-2.98218e+25
-2.99276e+25
-3.00462e+25
-3.0177e+25
-3.03189e+25
-3.0471e+25
-3.06323e+25
-3.08017e+25
-3.09781e+25
-3.11603e+25
-3.13471e+25
-3.15371e+25
-3.1729e+25
-3.19212e+25
-3.21123e+25
-3.23008e+25
-3.24852e+25
-3.26641e+25
-3.2836e+25
-3.29997e+25
-3.31542e+25
-3.32984e+25
-3.34316e+25
-3.35534e+25
-2.94628e+25
-2.94773e+25
-2.95089e+25
-2.95567e+25
-2.962e+25
-2.96984e+25
-2.97913e+25
-2.98979e+25
-3.00174e+25
-3.01492e+25
-3.02921e+25
-3.04453e+25
-3.06078e+25
-3.07784e+25
-3.09561e+25
-3.11396e+25
-3.13277e+25
-3.1519e+25
-3.17122e+25
-3.19057e+25
-3.2098e+25
-3.22878e+25
-3.24733e+25
-3.26533e+25
-3.28263e+25
-3.2991e+25
-3.31464e+25
-3.32914e+25
-3.34255e+25
-3.3548e+25
-2.91916e+25
-2.92065e+25
-2.92393e+25
-2.92888e+25
-2.93545e+25
-2.94358e+25
-2.95321e+25
-2.96426e+25
-2.97666e+25
-2.99032e+25
-3.00537e+25
-3.02174e+25
-3.03947e+25
-3.05838e+25
-3.0783e+25
-3.09903e+25
-3.12039e+25
-3.14216e+25
-3.16415e+25
-3.18612e+25
-3.20787e+25
-3.22919e+25
-3.24986e+25
-3.26969e+25
-3.28853e+25
-3.3062e+25
-3.32261e+25
-3.33766e+25
-3.35129e+25
-3.3635e+25
-3.8704e+25
-3.85482e+25
-3.82451e+25
-3.78054e+25
-3.72422e+25
-3.65706e+25
-3.58062e+25
-3.49645e+25
-3.40589e+25
-3.30996e+25
-3.20911e+25
-3.10306e+25
-2.99081e+25
-2.87104e+25
-2.74307e+25
-2.60874e+25
-2.47538e+25
-2.36027e+25
-2.29775e+25
-2.34933e+25
-2.61246e+25
-3.20615e+25
-4.20554e+25
-5.56994e+25
-7.1658e+25
-8.84592e+25
-1.04841e+26
-1.19739e+26
-1.32329e+26
-1.42159e+26
-3.72576e+25
-3.71129e+25
-3.68351e+25
-3.64393e+25
-3.59432e+25
-3.53655e+25
-3.47253e+25
-3.40402e+25
-3.33242e+25
-3.25844e+25
-3.1818e+25
-3.10095e+25
-3.01315e+25
-2.91534e+25
-2.80602e+25
-2.68863e+25
-2.57645e+25
-2.49967e+25
-2.51528e+25
-2.71706e+25
-3.22887e+25
-4.1492e+25
-5.4661e+25
-7.05105e+25
-8.74158e+25
-1.03975e+26
-1.19065e+26
-1.31839e+26
-1.41832e+26
-1.49028e+26
-3.65239e+25
-3.63803e+25
-3.61041e+25
-3.57096e+25
-3.52136e+25
-3.46343e+25
-3.39904e+25
-3.32989e+25
-3.25738e+25
-3.18225e+25
-3.10431e+25
-3.02216e+25
-2.93334e+25
-2.83506e+25
-2.72614e+25
-2.61032e+25
-2.50119e+25
-2.42928e+25
-2.45216e+25
-2.66462e+25
-3.19125e+25
-4.12874e+25
-5.46048e+25
-7.05495e+25
-8.75034e+25
-1.04082e+26
-1.19172e+26
-1.31933e+26
-1.41906e+26
-1.49079e+26
-3.65674e+25
-3.64202e+25
-3.61363e+25
-3.57294e+25
-3.52161e+25
-3.46146e+25
-3.39434e+25
-3.32204e+25
-3.24602e+25
-3.16721e+25
-3.08565e+25
-3.00026e+25
-2.90884e+25
-2.80869e+25
-2.69838e+25
-2.5807e+25
-2.46739e+25
-2.38592e+25
-2.38932e+25
-2.56733e+25
-3.04398e+25
-3.92705e+25
-5.21819e+25
-6.79518e+25
-8.49435e+25
-1.01728e+26
-1.17153e+26
-1.30326e+26
-1.40725e+26
-1.48281e+26
-3.50506e+25
-3.49183e+25
-3.46647e+25
-3.43031e+25
-3.38491e+25
-3.33194e+25
-3.27303e+25
-3.20959e+25
-3.14259e+25
-3.07226e+25
-2.99786e+25
-2.91757e+25
-2.82899e+25
-2.73038e+25
-2.62314e+25
-2.51578e+25
-2.42958e+25
-2.40698e+25
-2.52207e+25
-2.88476e+25
-3.61167e+25
-4.74792e+25
-6.21459e+25
-7.86e+25
-9.53611e+25
-1.11218e+26
-1.25204e+26
-1.36654e+26
-1.45311e+26
-1.51341e+26
-4.11052e+25
-4.07701e+25
-4.02921e+25
-3.97193e+25
-3.907e+25
-3.83631e+25
-3.76245e+25
-3.68865e+25
-3.61856e+25
-3.55591e+25
-3.50397e+25
-3.4647e+25
-3.43729e+25
-3.41647e+25
-3.39146e+25
-3.34786e+25
-3.27515e+25
-3.17964e+25
-3.10122e+25
-3.13314e+25
-3.43932e+25
-4.2304e+25
-5.63618e+25
-7.5616e+25
-9.74082e+25
-1.18993e+26
-1.38251e+26
-1.53811e+26
-1.65162e+26
-1.72623e+26
-4.15048e+25
-4.10486e+25
-4.04945e+25
-3.98819e+25
-3.92121e+25
-3.84945e+25
-3.7751e+25
-3.70134e+25
-3.63198e+25
-3.57108e+25
-3.52244e+25
-3.48878e+25
-3.47033e+25
-3.46279e+25
-3.45566e+25
-3.43303e+25
-3.38022e+25
-3.29702e+25
-3.21517e+25
-3.21826e+25
-3.46095e+25
-4.15674e+25
-5.46632e+25
-7.33415e+25
-9.5026e+25
-1.16819e+26
-1.36457e+26
-1.52466e+26
-1.64251e+26
-1.72067e+26
-4.14339e+25
-4.09782e+25
-4.04235e+25
-3.98081e+25
-3.9133e+25
-3.84074e+25
-3.76534e+25
-3.69024e+25
-3.61926e+25
-3.55645e+25
-3.50567e+25
-3.46974e+25
-3.4491e+25
-3.43977e+25
-3.43161e+25
-3.40895e+25
-3.35702e+25
-3.27504e+25
-3.19384e+25
-3.19597e+25
-3.4352e+25
-4.12538e+25
-5.42983e+25
-7.29606e+25
-9.46711e+25
-1.1652e+26
-1.36228e+26
-1.52308e+26
-1.64153e+26
-1.72012e+26
-4.15901e+25
-4.11139e+25
-4.05445e+25
-3.99165e+25
-3.9228e+25
-3.84864e+25
-3.77129e+25
-3.69387e+25
-3.62016e+25
-3.55425e+25
-3.50007e+25
-3.46059e+25
-3.43655e+25
-3.42446e+25
-3.41471e+25
-3.39197e+25
-3.34106e+25
-3.25982e+25
-3.17664e+25
-3.17071e+25
-3.39224e+25
-4.05471e+25
-5.32972e+25
-7.17754e+25
-9.34626e+25
-1.1542e+26
-1.35322e+26
-1.51633e+26
-1.63699e+26
-1.71738e+26
-4.17472e+25
-4.12545e+25
-4.06725e+25
-4.00323e+25
-3.93291e+25
-3.85693e+25
-3.7773e+25
-3.6971e+25
-3.62007e+25
-3.5503e+25
-3.49177e+25
-3.4476e+25
-3.41882e+25
-3.40247e+25
-3.38961e+25
-3.36542e+25
-3.31452e+25
-3.23334e+25
-3.14753e+25
-3.13228e+25
-3.33318e+25
-3.96245e+25
-5.20069e+25
-7.02379e+25
-9.18732e+25
-1.13951e+26
-1.34092e+26
-1.50702e+26
-1.63064e+26
-1.71347e+26
-4.03066e+25
-3.99709e+25
-3.95019e+25
-3.89454e+25
-3.83182e+25
-3.76394e+25
-3.69352e+25
-3.62389e+25
-3.55882e+25
-3.50221e+25
-3.45753e+25
-3.42693e+25
-3.40974e+25
-3.40051e+25
-3.38781e+25
-3.35632e+25
-3.29488e+25
-3.2107e+25
-3.14722e+25
-3.20452e+25
-3.55486e+25
-4.41026e+25
-5.88391e+25
-7.85589e+25
-1.00482e+26
-1.21873e+26
-1.40684e+26
-1.55661e+26
-1.66426e+26
-1.734e+26
-5.16852e+25
-4.39034e+25
-4.15449e+25
-4.06481e+25
-3.99489e+25
-3.92344e+25
-3.85011e+25
-3.77882e+25
-3.71517e+25
-3.66583e+25
-3.63824e+25
-3.6403e+25
-3.67953e+25
-3.76087e+25
-3.88193e+25
-4.02558e+25
-4.15534e+25
-4.22711e+25
-4.22339e+25
-4.19478e+25
-4.29473e+25
-4.79825e+25
-6.02289e+25
-8.06447e+25
-1.06273e+26
-1.32456e+26
-1.55492e+26
-1.73356e+26
-1.85613e+26
-1.93054e+26
-5.45413e+25
-4.43986e+25
-4.1548e+25
-4.06258e+25
-3.99479e+25
-3.92556e+25
-3.8546e+25
-3.78606e+25
-3.72578e+25
-3.68071e+25
-3.65868e+25
-3.66815e+25
-3.71744e+25
-3.81275e+25
-3.95346e+25
-4.1241e+25
-4.28774e+25
-4.39478e+25
-4.41702e+25
-4.39163e+25
-4.45666e+25
-4.87381e+25
-5.97271e+25
-7.90412e+25
-1.04181e+26
-1.30415e+26
-1.53792e+26
-1.72106e+26
-1.84799e+26
-1.92586e+26
-5.50291e+25
-4.46059e+25
-4.16839e+25
-4.07522e+25
-4.00682e+25
-3.93667e+25
-3.86449e+25
-3.79444e+25
-3.73237e+25
-3.6852e+25
-3.66075e+25
-3.66746e+25
-3.71371e+25
-3.80589e+25
-3.94384e+25
-4.11292e+25
-4.27704e+25
-4.38652e+25
-4.41132e+25
-4.38554e+25
-4.44364e+25
-4.84422e+25
-5.91889e+25
-7.82949e+25
-1.03367e+26
-1.29674e+26
-1.53204e+26
-1.71693e+26
-1.84544e+26
-1.92446e+26
-5.55666e+25
-4.48451e+25
-4.18422e+25
-4.08995e+25
-4.02089e+25
-3.9498e+25
-3.87639e+25
-3.80482e+25
-3.74094e+25
-3.69166e+25
-3.66479e+25
-3.66877e+25
-3.71205e+25
-3.80121e+25
-3.93661e+25
-4.10451e+25
-4.26979e+25
-4.38262e+25
-4.41083e+25
-4.38468e+25
-4.43375e+25
-4.81191e+25
-5.85222e+25
-7.73103e+25
-1.02248e+26
-1.28619e+26
-1.52338e+26
-1.71066e+26
-1.84141e+26
-1.92218e+26
-5.24269e+25
-4.37125e+25
-4.12348e+25
-4.03584e+25
-3.969e+25
-3.90102e+25
-3.8318e+25
-3.76546e+25
-3.70777e+25
-3.66558e+25
-3.64657e+25
-3.65892e+25
-3.71051e+25
-3.80663e+25
-3.94494e+25
-4.1075e+25
-4.25569e+25
-4.34256e+25
-4.34907e+25
-4.32691e+25
-4.43289e+25
-4.94625e+25
-6.18592e+25
-8.24149e+25
-1.08063e+26
-1.34084e+26
-1.56806e+26
-1.74293e+26
-1.86203e+26
-1.93383e+26
-7.24041e+25
-4.70779e+25
-4.08174e+25
-3.98276e+25
-3.92736e+25
-3.86681e+25
-3.80349e+25
-3.74332e+25
-3.69359e+25
-3.66285e+25
-3.66105e+25
-3.69977e+25
-3.7923e+25
-3.95275e+25
-4.19261e+25
-4.51075e+25
-4.87515e+25
-5.2105e+25
-5.4283e+25
-5.50362e+25
-5.54154e+25
-5.81346e+25
-6.74529e+25
-8.67084e+25
-1.14107e+26
-1.43503e+26
-1.69332e+26
-1.88803e+26
-2.01572e+26
-2.08879e+26
-7.63956e+25
-4.84517e+25
-4.09127e+25
-3.98209e+25
-3.92824e+25
-3.86922e+25
-3.80742e+25
-3.74893e+25
-3.70123e+25
-3.67307e+25
-3.67466e+25
-3.71795e+25
-3.81681e+25
-3.98648e+25
-4.24056e+25
-4.58185e+25
-4.98372e+25
-5.37253e+25
-5.649e+25
-5.76448e+25
-5.79431e+25
-5.97499e+25
-6.71315e+25
-8.40762e+25
-1.10073e+26
-1.39369e+26
-1.65899e+26
-1.86352e+26
-2.00051e+26
-2.08058e+26
-7.70898e+25
-4.8691e+25
-4.10013e+25
-3.98992e+25
-3.9364e+25
-3.87782e+25
-3.81658e+25
-3.75886e+25
-3.71216e+25
-3.68527e+25
-3.68843e+25
-3.73362e+25
-3.8347e+25
-4.00691e+25
-4.26387e+25
-4.6086e+25
-5.01497e+25
-5.40979e+25
-5.69304e+25
-5.81359e+25
-5.8432e+25
-6.01387e+25
-6.72889e+25
-8.39349e+25
-1.09727e+26
-1.38977e+26
-1.65561e+26
-1.86105e+26
-1.99896e+26
-2.07973e+26
-7.76893e+25
-4.90579e+25
-4.12166e+25
-4.00946e+25
-3.9554e+25
-3.89615e+25
-3.83415e+25
-3.77558e+25
-3.728e+25
-3.70021e+25
-3.70244e+25
-3.74662e+25
-3.84654e+25
-4.01736e+25
-4.27265e+25
-4.61575e+25
-5.02161e+25
-5.41855e+25
-5.70653e+25
-5.83108e+25
-5.85816e+25
-6.01237e+25
-6.69119e+25
-8.30901e+25
-1.08573e+26
-1.37806e+26
-1.64583e+26
-1.85403e+26
-1.99458e+26
-2.07735e+26
-7.40531e+25
-4.67856e+25
-4.0441e+25
-3.94995e+25
-3.90011e+25
-3.84668e+25
-3.79245e+25
-3.7436e+25
-3.7077e+25
-3.69365e+25
-3.71178e+25
-3.77407e+25
-3.89416e+25
-4.0862e+25
-4.36084e+25
-4.71434e+25
-5.1096e+25
-5.46566e+25
-5.69267e+25
-5.77026e+25
-5.80931e+25
-6.08503e+25
-7.02406e+25
-8.95296e+25
-1.16776e+26
-1.45763e+26
-1.71014e+26
-1.89896e+26
-2.02193e+26
-2.09188e+26
-8.66642e+25
-5.05845e+25
-3.96105e+25
-3.83594e+25
-3.79094e+25
-3.74193e+25
-3.69198e+25
-3.64814e+25
-3.6188e+25
-3.61385e+25
-3.64501e+25
-3.7264e+25
-3.87501e+25
-4.11074e+25
-4.45422e+25
-4.91882e+25
-5.49014e+25
-6.09389e+25
-6.59366e+25
-6.87791e+25
-6.97532e+25
-7.106e+25
-7.70758e+25
-9.31047e+25
-1.19976e+26
-1.51278e+26
-1.79413e+26
-2.00448e+26
-2.13919e+26
-2.2136e+26
-8.86214e+25
-5.163e+25
-3.87386e+25
-3.73341e+25
-3.69162e+25
-3.64721e+25
-3.60269e+25
-3.56525e+25
-3.54347e+25
-3.54753e+25
-3.58958e+25
-3.68433e+25
-3.84956e+25
-4.10619e+25
-4.47623e+25
-4.97541e+25
-5.59428e+25
-6.26626e+25
-6.85429e+25
-7.22381e+25
-7.36638e+25
-7.45686e+25
-7.87882e+25
-9.176e+25
-1.16027e+26
-1.46563e+26
-1.7533e+26
-1.9752e+26
-2.12126e+26
-2.20417e+26
-8.79869e+25
-5.11128e+25
-3.84229e+25
-3.70351e+25
-3.66135e+25
-3.61642e+25
-3.57132e+25
-3.53329e+25
-3.51094e+25
-3.51453e+25
-3.55633e+25
-3.65117e+25
-3.81707e+25
-4.07516e+25
-4.44768e+25
-4.9506e+25
-5.57491e+25
-6.25488e+25
-6.85349e+25
-7.23352e+25
-7.38243e+25
-7.47139e+25
-7.88018e+25
-9.15374e+25
-1.15607e+26
-1.46109e+26
-1.74964e+26
-1.97274e+26
-2.11984e+26
-2.20346e+26
-8.76682e+25
-5.09983e+25
-3.81893e+25
-3.67898e+25
-3.63652e+25
-3.59116e+25
-3.5455e+25
-3.50676e+25
-3.48361e+25
-3.48638e+25
-3.52746e+25
-3.62194e+25
-3.78817e+25
-4.04777e+25
-4.42356e+25
-4.93197e+25
-5.56433e+25
-6.25506e+25
-6.86647e+25
-7.25839e+25
-7.41382e+25
-7.49884e+25
-7.88672e+25
-9.12222e+25
-1.14944e+26
-1.45346e+26
-1.74308e+26
-1.96805e+26
-2.11697e+26
-2.20195e+26
-8.75835e+25
-5.07632e+25
-3.80319e+25
-3.66369e+25
-3.62069e+25
-3.57461e+25
-3.52813e+25
-3.48852e+25
-3.46453e+25
-3.46658e+25
-3.50725e+25
-3.60188e+25
-3.76923e+25
-4.03138e+25
-4.41158e+25
-4.92648e+25
-5.56729e+25
-6.26824e+25
-6.89123e+25
-7.29384e+25
-7.45492e+25
-7.53469e+25
-7.89811e+25
-9.08823e+25
-1.1417e+26
-1.4442e+26
-1.73491e+26
-1.96208e+26
-2.11324e+26
-2.19995e+26
-8.57709e+25
-4.87479e+25
-3.7816e+25
-3.66103e+25
-3.61886e+25
-3.57342e+25
-3.52812e+25
-3.49028e+25
-3.46872e+25
-3.474e+25
-3.51891e+25
-3.61902e+25
-3.79325e+25
-4.06349e+25
-4.45176e+25
-4.97116e+25
-5.60489e+25
-6.27466e+25
-6.83726e+25
-7.17017e+25
-7.28929e+25
-7.39681e+25
-7.90725e+25
-9.36295e+25
-1.19272e+26
-1.50116e+26
-1.78324e+26
-1.99633e+26
-2.13404e+26
-2.21084e+26
-8.35374e+25
-5.08226e+25
-3.7303e+25
-3.5891e+25
-3.53492e+25
-3.47194e+25
-3.40253e+25
-3.33326e+25
-3.27208e+25
-3.22869e+25
-3.21545e+25
-3.24864e+25
-3.35047e+25
-3.55127e+25
-3.89045e+25
-4.41144e+25
-5.13935e+25
-6.02997e+25
-6.91645e+25
-7.5661e+25
-7.87999e+25
-8.00687e+25
-8.34273e+25
-9.51212e+25
-1.19409e+26
-1.51698e+26
-1.82517e+26
-2.05999e+26
-2.21055e+26
-2.293e+26
-8.08731e+25
-5.28254e+25
-3.76012e+25
-3.60253e+25
-3.54468e+25
-3.47663e+25
-3.39979e+25
-3.32033e+25
-3.2456e+25
-3.18459e+25
-3.14873e+25
-3.15332e+25
-3.21978e+25
-3.37857e+25
-3.67198e+25
-4.1523e+25
-4.86339e+25
-5.78807e+25
-6.77575e+25
-7.56479e+25
-7.99023e+25
-8.14845e+25
-8.38927e+25
-9.30955e+25
-1.14608e+26
-1.45922e+26
-1.77583e+26
-2.0257e+26
-2.19031e+26
-2.28278e+26
-8.06142e+25
-5.2895e+25
-3.77759e+25
-3.61952e+25
-3.56039e+25
-3.49062e+25
-3.41161e+25
-3.32944e+25
-3.25137e+25
-3.18621e+25
-3.14517e+25
-3.1433e+25
-3.2017e+25
-3.35066e+25
-3.63268e+25
-4.10134e+25
-4.80376e+25
-5.72794e+25
-6.72702e+25
-7.53541e+25
-7.97743e+25
-8.14156e+25
-8.37299e+25
-9.26625e+25
-1.13872e+26
-1.45103e+26
-1.76912e+26
-2.0212e+26
-2.18775e+26
-2.28153e+26
-8.08097e+25
-5.27811e+25
-3.78976e+25
-3.63252e+25
-3.57233e+25
-3.50115e+25
-3.42046e+25
-3.3363e+25
-3.25587e+25
-3.18787e+25
-3.14336e+25
-3.13722e+25
-3.19036e+25
-3.33299e+25
-3.60789e+25
-4.06975e+25
-4.76841e+25
-5.69611e+25
-6.70901e+25
-7.53811e+25
-7.99778e+25
-8.16811e+25
-8.38715e+25
-9.24306e+25
-1.13167e+26
-1.44179e+26
-1.76085e+26
-2.01525e+26
-2.18413e+26
-2.27964e+26
-8.15609e+25
-5.08622e+25
-3.77246e+25
-3.63193e+25
-3.57266e+25
-3.50242e+25
-3.42348e+25
-3.34201e+25
-3.26538e+25
-3.2026e+25
-3.16512e+25
-3.16839e+25
-3.23408e+25
-3.39317e+25
-3.68866e+25
-4.17315e+25
-4.88812e+25
-5.80714e+25
-6.76459e+25
-7.49821e+25
-7.87024e+25
-8.00982e+25
-8.30112e+25
-9.36908e+25
-1.17031e+26
-1.49192e+26
-1.80538e+26
-2.04702e+26
-2.20328e+26
-2.28949e+26
-8.075e+25
-5.41116e+25
-3.86457e+25
-3.70488e+25
-3.64195e+25
-3.56666e+25
-3.48029e+25
-3.38857e+25
-3.2982e+25
-3.21711e+25
-3.15528e+25
-3.12614e+25
-3.14894e+25
-3.25249e+25
-3.48007e+25
-3.89265e+25
-4.55842e+25
-5.50079e+25
-6.59527e+25
-7.54024e+25
-8.0874e+25
-8.29631e+25
-8.532e+25
-9.43695e+25
-1.16383e+26
-1.49e+26
-1.81938e+26
-2.07592e+26
-2.24143e+26
-2.3319e+26
-7.82977e+25
-5.71466e+25
-3.92784e+25
-3.74288e+25
-3.67758e+25
-3.59976e+25
-3.50947e+25
-3.41224e+25
-3.31445e+25
-3.22354e+25
-3.14872e+25
-3.10226e+25
-3.10176e+25
-3.17399e+25
-3.36034e+25
-3.72254e+25
-4.33853e+25
-5.25985e+25
-6.40412e+25
-7.47866e+25
-8.16793e+25
-8.44948e+25
-8.63054e+25
-9.29962e+25
-1.11636e+26
-1.42497e+26
-1.76072e+26
-2.03429e+26
-2.21669e+26
-2.31942e+26
-7.77997e+25
-5.76739e+25
-3.95639e+25
-3.76716e+25
-3.70084e+25
-3.62179e+25
-3.52987e+25
-3.43059e+25
-3.33024e+25
-3.23612e+25
-3.15723e+25
-3.10545e+25
-3.09784e+25
-3.16034e+25
-3.33336e+25
-3.67803e+25
-4.27378e+25
-5.17908e+25
-6.3234e+25
-7.41844e+25
-8.13437e+25
-8.43133e+25
-8.60884e+25
-9.25085e+25
-1.10745e+26
-1.41424e+26
-1.75154e+26
-2.02805e+26
-2.21312e+26
-2.31768e+26
-7.82336e+25
-5.76452e+25
-3.96617e+25
-3.77685e+25
-3.70979e+25
-3.62986e+25
-3.53694e+25
-3.43655e+25
-3.33496e+25
-3.23945e+25
-3.15894e+25
-3.10522e+25
-3.09521e+25
-3.15467e+25
-3.32395e+25
-3.66438e+25
-4.25646e+25
-5.16124e+25
-6.31202e+25
-7.42192e+25
-8.15489e+25
-8.46118e+25
-8.63217e+25
-9.24249e+25
-1.10148e+26
-1.40489e+26
-1.74248e+26
-2.02128e+26
-2.20892e+26
-2.31548e+26
-8.0239e+25
-5.49613e+25
-3.94007e+25
-3.77454e+25
-3.70832e+25
-3.62887e+25
-3.53725e+25
-3.4391e+25
-3.34085e+25
-3.25003e+25
-3.17596e+25
-3.13102e+25
-3.13303e+25
-3.20897e+25
-3.40046e+25
-3.76891e+25
-4.38974e+25
-5.30589e+25
-6.41751e+25
-7.42149e+25
-8.02977e+25
-8.2661e+25
-8.47855e+25
-9.30013e+25
-1.14001e+26
-1.46314e+26
-1.79734e+26
-2.06127e+26
-2.23319e+26
-2.32795e+26
-8.05625e+25
-5.57711e+25
-3.93923e+25
-3.76835e+25
-3.70264e+25
-3.62397e+25
-3.5331e+25
-3.43558e+25
-3.33775e+25
-3.247e+25
-3.17243e+25
-3.12611e+25
-3.12545e+25
-3.19688e+25
-3.38158e+25
-3.74128e+25
-4.35429e+25
-5.27205e+25
-6.40765e+25
-7.4594e+25
-8.11461e+25
-8.37106e+25
-8.56419e+25
-9.32001e+25
-1.13387e+26
-1.45408e+26
-1.79122e+26
-2.05983e+26
-2.2356e+26
-2.33272e+26
-7.74929e+25
-5.95505e+25
-4.00839e+25
-3.80405e+25
-3.73593e+25
-3.65513e+25
-3.56075e+25
-3.45818e+25
-3.35352e+25
-3.25372e+25
-3.16719e+25
-3.10488e+25
-3.08246e+25
-3.12394e+25
-3.2675e+25
-3.57315e+25
-4.12502e+25
-5.00141e+25
-6.16932e+25
-7.36069e+25
-8.19842e+25
-8.56835e+25
-8.72854e+25
-9.23028e+25
-1.08239e+26
-1.3751e+26
-1.71612e+26
-2.00499e+26
-2.20234e+26
-2.31566e+26
-7.69088e+25
-6.02459e+25
-4.0445e+25
-3.83403e+25
-3.76477e+25
-3.68273e+25
-3.58673e+25
-3.48215e+25
-3.37502e+25
-3.27222e+25
-3.18195e+25
-3.11484e+25
-3.08597e+25
-3.11844e+25
-3.24911e+25
-3.53644e+25
-4.06423e+25
-4.91563e+25
-6.07112e+25
-7.27464e+25
-8.13951e+25
-8.52997e+25
-8.69327e+25
-9.17637e+25
-1.07353e+26
-1.36429e+26
-1.70671e+26
-1.99858e+26
-2.1987e+26
-2.3139e+26
-7.66275e+25
-6.07225e+25
-4.06579e+25
-3.8508e+25
-3.78078e+25
-3.69795e+25
-3.60093e+25
-3.49509e+25
-3.38644e+25
-3.2818e+25
-3.18926e+25
-3.11927e+25
-3.08657e+25
-3.11375e+25
-3.23696e+25
-3.51388e+25
-4.02835e+25
-4.86662e+25
-6.01767e+25
-7.23349e+25
-8.1212e+25
-8.52862e+25
-8.6925e+25
-9.15225e+25
-1.06661e+26
-1.35406e+26
-1.69691e+26
-1.9914e+26
-2.19434e+26
-2.31166e+26
-7.60624e+25
-6.13683e+25
-4.07133e+25
-3.8504e+25
-3.78039e+25
-3.69776e+25
-3.60083e+25
-3.49494e+25
-3.38609e+25
-3.28106e+25
-3.18788e+25
-3.11692e+25
-3.08281e+25
-3.10796e+25
-3.22832e+25
-3.50148e+25
-4.01173e+25
-4.84738e+25
-6.00193e+25
-7.23146e+25
-8.139e+25
-8.56051e+25
-8.72305e+25
-9.15576e+25
-1.06154e+26
-1.34441e+26
-1.68674e+26
-1.98347e+26
-2.18927e+26
-2.30893e+26
-7.885e+25
-5.87264e+25
-4.03715e+25
-3.84086e+25
-3.77186e+25
-3.68973e+25
-3.59409e+25
-3.49038e+25
-3.38476e+25
-3.28423e+25
-3.19719e+25
-3.13456e+25
-3.11186e+25
-3.15279e+25
-3.29495e+25
-3.59728e+25
-4.14187e+25
-5.00348e+25
-6.14372e+25
-7.29101e+25
-8.07848e+25
-8.41448e+25
-8.57721e+25
-9.14414e+25
-1.08666e+26
-1.39008e+26
-1.73315e+26
-2.01855e+26
-2.2111e+26
-2.32041e+26
-8.15948e+25
-5.61061e+25
-3.92517e+25
-3.74667e+25
-3.68148e+25
-3.60411e+25
-3.51498e+25
-3.41964e+25
-3.3245e+25
-3.23697e+25
-3.16623e+25
-3.12441e+25
-3.12887e+25
-3.20586e+25
-3.39575e+25
-3.75814e+25
-4.36693e+25
-5.26869e+25
-6.38118e+25
-7.42264e+25
-8.08698e+25
-8.34587e+25
-8.48958e+25
-9.08207e+25
-1.08272e+26
-1.3815e+26
-1.7149e+26
-1.99207e+26
-2.18029e+26
-2.2883e+26
-7.92599e+25
-5.97706e+25
-3.9904e+25
-3.77858e+25
-3.71134e+25
-3.6325e+25
-3.54081e+25
-3.44174e+25
-3.34149e+25
-3.24719e+25
-3.16746e+25
-3.11353e+25
-3.10132e+25
-3.15496e+25
-3.31218e+25
-3.63081e+25
-4.18898e+25
-5.05455e+25
-6.18911e+25
-7.34188e+25
-8.16043e+25
-8.52365e+25
-8.65508e+25
-9.05209e+25
-1.04316e+26
-1.31397e+26
-1.64679e+26
-1.94027e+26
-2.14768e+26
-2.27091e+26
-7.79071e+25
-6.09984e+25
-4.01159e+25
-3.78858e+25
-3.72107e+25
-3.64228e+25
-3.55032e+25
-3.45065e+25
-3.34942e+25
-3.2537e+25
-3.17197e+25
-3.11527e+25
-3.09921e+25
-3.14739e+25
-3.29677e+25
-3.60429e+25
-4.14792e+25
-4.99829e+25
-6.12508e+25
-7.28574e+25
-8.12323e+25
-8.50163e+25
-8.6348e+25
-9.01419e+25
-1.03578e+26
-1.30385e+26
-1.63715e+26
-1.93317e+26
-2.14334e+26
-2.26866e+26
-7.73123e+25
-6.18173e+25
-4.01899e+25
-3.78828e+25
-3.72081e+25
-3.64239e+25
-3.55073e+25
-3.45126e+25
-3.35014e+25
-3.2544e+25
-3.17252e+25
-3.11548e+25
-3.09876e+25
-3.14581e+25
-3.29335e+25
-3.59804e+25
-4.13795e+25
-4.98521e+25
-6.11366e+25
-7.28534e+25
-8.14056e+25
-8.53271e+25
-8.66641e+25
-9.02349e+25
-1.03183e+26
-1.29532e+26
-1.62767e+26
-1.92553e+26
-2.1383e+26
-2.26586e+26
-8.01077e+25
-5.89387e+25
-3.98117e+25
-3.77743e+25
-3.71109e+25
-3.63311e+25
-3.54266e+25
-3.44529e+25
-3.34729e+25
-3.25594e+25
-3.18008e+25
-3.13127e+25
-3.12588e+25
-3.18857e+25
-3.35744e+25
-3.68973e+25
-4.25986e+25
-5.1254e+25
-6.23182e+25
-7.32116e+25
-8.06326e+25
-8.37437e+25
-8.50294e+25
-8.97396e+25
-1.05074e+26
-1.33491e+26
-1.67019e+26
-1.95882e+26
-2.15971e+26
-2.2775e+26
-8.47184e+25
-5.34012e+25
-3.77713e+25
-3.61201e+25
-3.5541e+25
-3.48669e+25
-3.41079e+25
-3.33232e+25
-3.25833e+25
-3.1973e+25
-3.16e+25
-3.16085e+25
-3.22013e+25
-3.36708e+25
-3.64295e+25
-4.10014e+25
-4.78582e+25
-5.69358e+25
-6.69277e+25
-7.53026e+25
-8.00595e+25
-8.15691e+25
-8.258e+25
-8.81605e+25
-1.04523e+26
-1.32406e+26
-1.63905e+26
-1.90749e+26
-2.09607e+26
-2.2089e+26
-8.33287e+25
-5.66153e+25
-3.81447e+25
-3.61936e+25
-3.55968e+25
-3.491e+25
-3.4128e+25
-3.3309e+25
-3.25217e+25
-3.18478e+25
-3.13903e+25
-3.12863e+25
-3.17287e+25
-3.29974e+25
-3.54956e+25
-3.97577e+25
-4.63298e+25
-5.53448e+25
-6.57918e+25
-7.52461e+25
-8.12639e+25
-8.35465e+25
-8.43007e+25
-8.79675e+25
-1.00889e+26
-1.26077e+26
-1.57349e+26
-1.85591e+26
-2.06225e+26
-2.18998e+26
-8.20467e+25
-5.79818e+25
-3.83376e+25
-3.62659e+25
-3.56672e+25
-3.49819e+25
-3.41982e+25
-3.33736e+25
-3.25761e+25
-3.18864e+25
-3.14058e+25
-3.12687e+25
-3.16641e+25
-3.28664e+25
-3.52724e+25
-3.94146e+25
-4.5853e+25
-5.47675e+25
-6.52186e+25
-7.48083e+25
-8.10127e+25
-8.34175e+25
-8.41646e+25
-8.76428e+25
-1.00207e+26
-1.25115e+26
-1.56405e+26
-1.8487e+26
-2.05763e+26
-2.18746e+26
-8.14614e+25
-5.88605e+25
-3.83311e+25
-3.61784e+25
-3.55834e+25
-3.49061e+25
-3.41301e+25
-3.33128e+25
-3.25219e+25
-3.18385e+25
-3.13637e+25
-3.12323e+25
-3.16336e+25
-3.28429e+25
-3.52586e+25
-3.94149e+25
-4.5874e+25
-5.48172e+25
-6.53119e+25
-7.49754e+25
-8.12751e+25
-8.3746e+25
-8.44654e+25
-8.77326e+25
-9.98672e+25
-1.24363e+26
-1.55538e+26
-1.8414e+26
-2.05258e+26
-2.1845e+26
-8.4604e+25
-5.61301e+25
-3.81321e+25
-3.62304e+25
-3.56521e+25
-3.49895e+25
-3.42404e+25
-3.3465e+25
-3.27341e+25
-3.21329e+25
-3.17687e+25
-3.17832e+25
-3.23741e+25
-3.38223e+25
-3.65206e+25
-4.0964e+25
-4.76045e+25
-5.64221e+25
-6.62725e+25
-7.47872e+25
-7.98605e+25
-8.15567e+25
-8.23145e+25
-8.68744e+25
-1.01569e+26
-1.28283e+26
-1.59884e+26
-1.8765e+26
-2.07603e+26
-2.19787e+26
-9.00384e+25
-4.97559e+25
-3.62609e+25
-3.48569e+25
-3.44634e+25
-3.40479e+25
-3.3632e+25
-3.32855e+25
-3.30943e+25
-3.31649e+25
-3.36308e+25
-3.46623e+25
-3.64742e+25
-3.93247e+25
-4.34814e+25
-4.91189e+25
-5.61141e+25
-6.37754e+25
-7.07354e+25
-7.54729e+25
-7.7426e+25
-7.75886e+25
-7.85595e+25
-8.48209e+25
-1.01142e+26
-1.27034e+26
-1.55605e+26
-1.80229e+26
-1.98089e+26
-2.09278e+26
-9.09352e+25
-5.29254e+25
-3.64239e+25
-3.46926e+25
-3.4274e+25
-3.38368e+25
-3.33878e+25
-3.29961e+25
-3.27469e+25
-3.27454e+25
-3.31241e+25
-3.4052e+25
-3.57453e+25
-3.84677e+25
-4.25047e+25
-4.80715e+25
-5.51222e+25
-6.30865e+25
-7.07134e+25
-7.64003e+25
-7.92068e+25
-7.96721e+25
-7.98646e+25
-8.36413e+25
-9.61887e+25
-1.19376e+26
-1.47776e+26
-1.73909e+26
-1.9376e+26
-2.06719e+26
-9.03958e+25
-5.37833e+25
-3.65322e+25
-3.47211e+25
-3.42954e+25
-3.38511e+25
-3.33905e+25
-3.29818e+25
-3.27092e+25
-3.26767e+25
-3.30149e+25
-3.38912e+25
-3.55198e+25
-3.81646e+25
-4.21154e+25
-4.7601e+25
-5.46016e+25
-6.25806e+25
-7.0307e+25
-7.6153e+25
-7.91095e+25
-7.96571e+25
-7.98294e+25
-8.34474e+25
-9.57231e+25
-1.1871e+26
-1.47121e+26
-1.73401e+26
-1.93427e+26
-2.0653e+26
-9.02198e+25
-5.41224e+25
-3.66316e+25
-3.47852e+25
-3.43509e+25
-3.38965e+25
-3.34226e+25
-3.29971e+25
-3.27037e+25
-3.26456e+25
-3.29525e+25
-3.37906e+25
-3.53733e+25
-3.79647e+25
-4.1858e+25
-4.72908e+25
-5.42602e+25
-6.22517e+25
-7.00508e+25
-7.60176e+25
-7.90925e+25
-7.97023e+25
-7.98359e+25
-8.32606e+25
-9.52027e+25
-1.17922e+26
-1.4631e+26
-1.72746e+26
-1.92979e+26
-2.06265e+26
-8.99935e+25
-5.52645e+25
-3.67026e+25
-3.47495e+25
-3.43167e+25
-3.38692e+25
-3.34012e+25
-3.29803e+25
-3.26901e+25
-3.26335e+25
-3.29398e+25
-3.37752e+25
-3.53527e+25
-3.79369e+25
-4.18223e+25
-4.72504e+25
-5.42249e+25
-6.22416e+25
-7.00969e+25
-7.61495e+25
-7.93088e+25
-7.99561e+25
-8.00259e+25
-8.32091e+25
-9.47247e+25
-1.17064e+26
-1.45355e+26
-1.71931e+26
-1.92394e+26
-2.05904e+26
-9.18108e+25
-5.32708e+25
-3.66859e+25
-3.49451e+25
-3.45397e+25
-3.41219e+25
-3.36981e+25
-3.33378e+25
-3.31271e+25
-3.31717e+25
-3.36041e+25
-3.4592e+25
-3.63466e+25
-3.9121e+25
-4.31799e+25
-4.8707e+25
-5.56212e+25
-6.33317e+25
-7.06033e+25
-7.59024e+25
-7.8392e+25
-7.8686e+25
-7.89181e+25
-8.3047e+25
-9.62312e+25
-1.19959e+26
-1.48513e+26
-1.74536e+26
-1.94202e+26
-2.06989e+26
-9.68142e+25
-5.20386e+25
-4.00529e+25
-3.87946e+25
-3.86575e+25
-3.86113e+25
-3.86718e+25
-3.8906e+25
-3.93939e+25
-4.02268e+25
-4.15041e+25
-4.33275e+25
-4.57895e+25
-4.89511e+25
-5.28034e+25
-5.72106e+25
-6.18328e+25
-6.60661e+25
-6.91412e+25
-7.05163e+25
-7.03363e+25
-6.96828e+25
-7.08486e+25
-7.75152e+25
-9.29692e+25
-1.16119e+26
-1.41523e+26
-1.64088e+26
-1.81335e+26
-1.92907e+26
-1.01148e+26
-5.48134e+25
-4.03106e+25
-3.87623e+25
-3.86111e+25
-3.85556e+25
-3.86012e+25
-3.88152e+25
-3.92788e+25
-4.00845e+25
-4.13344e+25
-4.31349e+25
-4.55868e+25
-4.87643e+25
-5.26795e+25
-5.7227e+25
-6.21102e+25
-6.67704e+25
-7.04262e+25
-7.24009e+25
-7.26128e+25
-7.18556e+25
-7.20039e+25
-7.63592e+25
-8.8776e+25
-1.09875e+26
-1.35064e+26
-1.58648e+26
-1.7737e+26
-1.90373e+26
-1.0138e+26
-5.53409e+25
-4.02649e+25
-3.86452e+25
-3.84872e+25
-3.84257e+25
-3.84624e+25
-3.86647e+25
-3.91138e+25
-3.99026e+25
-4.11336e+25
-4.29143e+25
-4.53471e+25
-4.85086e+25
-5.24141e+25
-5.69632e+25
-6.18659e+25
-6.65713e+25
-7.02986e+25
-7.23543e+25
-7.26282e+25
-7.18866e+25
-7.19744e+25
-7.61644e+25
-8.8349e+25
-1.09291e+26
-1.34482e+26
-1.58176e+26
-1.77038e+26
-1.90169e+26
-1.01912e+26
-5.59756e+25
-4.03232e+25
-3.86336e+25
-3.8471e+25
-3.84068e+25
-3.84395e+25
-3.86365e+25
-3.90794e+25
-3.98613e+25
-4.10851e+25
-4.28591e+25
-4.52866e+25
-4.84457e+25
-5.23542e+25
-5.69158e+25
-6.18472e+25
-6.66049e+25
-7.0409e+25
-7.25499e+25
-7.28893e+25
-7.21613e+25
-7.21664e+25
-7.61256e+25
-8.79618e+25
-1.08625e+26
-1.33748e+26
-1.57534e+26
-1.76556e+26
-1.89851e+26
-1.00331e+26
-5.5403e+25
-4.1209e+25
-3.96415e+25
-3.94393e+25
-3.93175e+25
-3.92803e+25
-3.93935e+25
-3.97362e+25
-4.0398e+25
-4.14771e+25
-4.30756e+25
-4.52896e+25
-4.81909e+25
-5.17943e+25
-5.60063e+25
-6.05543e+25
-6.49101e+25
-6.83196e+25
-7.01221e+25
-7.02452e+25
-6.95182e+25
-6.99141e+25
-7.48572e+25
-8.81235e+25
-1.09944e+26
-1.35484e+26
-1.59146e+26
-1.7781e+26
-1.90698e+26
-8.23229e+25
-5.21909e+25
-4.50884e+25
-4.40479e+25
-4.38199e+25
-4.37225e+25
-4.37396e+25
-4.3914e+25
-4.43029e+25
-4.49695e+25
-4.59762e+25
-4.7376e+25
-4.91986e+25
-5.14273e+25
-5.39636e+25
-5.65832e+25
-5.89129e+25
-6.04912e+25
-6.09603e+25
-6.03119e+25
-5.90646e+25
-5.84246e+25
-6.05323e+25
-6.82549e+25
-8.33238e+25
-1.04014e+26
-1.26184e+26
-1.46272e+26
-1.62369e+26
-1.73921e+26
-8.95132e+25
-5.51412e+25
-4.61249e+25
-4.48262e+25
-4.45222e+25
-4.43235e+25
-4.42098e+25
-4.42251e+25
-4.44279e+25
-4.4883e+25
-4.56564e+25
-4.68084e+25
-4.83832e+25
-5.03904e+25
-5.27758e+25
-5.53786e+25
-5.7889e+25
-5.98584e+25
-6.08375e+25
-6.06315e+25
-5.95315e+25
-5.84723e+25
-5.92611e+25
-6.46705e+25
-7.72253e+25
-9.65243e+25
-1.18831e+26
-1.40052e+26
-1.57682e+26
-1.70757e+26
-9.03985e+25
-5.54253e+25
-4.6123e+25
-4.47926e+25
-4.449e+25
-4.42931e+25
-4.41807e+25
-4.41968e+25
-4.44001e+25
-4.48556e+25
-4.56295e+25
-4.67827e+25
-4.83602e+25
-5.03738e+25
-5.27723e+25
-5.53991e+25
-5.79479e+25
-5.99696e+25
-6.10066e+25
-6.08499e+25
-5.9775e+25
-5.87001e+25
-5.94109e+25
-6.46695e+25
-7.70454e+25
-9.62284e+25
-1.18518e+26
-1.39782e+26
-1.57478e+26
-1.70619e+26
-9.14855e+25
-5.59195e+25
-4.62984e+25
-4.49282e+25
-4.46265e+25
-4.44325e+25
-4.43233e+25
-4.43432e+25
-4.45509e+25
-4.50113e+25
-4.57904e+25
-4.69482e+25
-4.85288e+25
-5.05422e+25
-5.2936e+25
-5.55542e+25
-5.80947e+25
-6.01151e+25
-6.1162e+25
-6.10201e+25
-5.9947e+25
-5.88322e+25
-5.94215e+25
-6.44485e+25
-7.65368e+25
-9.55165e+25
-1.17764e+26
-1.3911e+26
-1.5695e+26
-1.7025e+26
-8.70483e+25
-5.50705e+25
-4.67339e+25
-4.54616e+25
-4.51333e+25
-4.49152e+25
-4.47823e+25
-4.4776e+25
-4.4952e+25
-4.5372e+25
-4.60974e+25
-4.71819e+25
-4.86607e+25
-5.05315e+25
-5.27263e+25
-5.50726e+25
-5.72595e+25
-5.8862e+25
-5.94847e+25
-5.90009e+25
-5.77664e+25
-5.67882e+25
-5.79725e+25
-6.41366e+25
-7.75774e+25
-9.74679e+25
-1.19931e+26
-1.41045e+26
-1.58467e+26
-1.71314e+26
-5.2098e+25
-4.79016e+25
-4.60001e+25
-4.51568e+25
-4.47013e+25
-4.44129e+25
-4.42451e+25
-4.42076e+25
-4.43287e+25
-4.4641e+25
-4.5171e+25
-4.59291e+25
-4.68939e+25
-4.79927e+25
-4.90807e+25
-4.99372e+25
-5.03052e+25
-4.99911e+25
-4.89943e+25
-4.76182e+25
-4.65716e+25
-4.71099e+25
-5.10667e+25
-6.02189e+25
-7.48073e+25
-9.28601e+25
-1.11551e+26
-1.28675e+26
-1.42939e+26
-1.53797e+26
-5.78746e+25
-5.05367e+25
-4.76361e+25
-4.6548e+25
-4.59942e+25
-4.56143e+25
-4.53411e+25
-4.51823e+25
-4.51683e+25
-4.53355e+25
-4.57166e+25
-4.63312e+25
-4.7173e+25
-4.81916e+25
-4.9272e+25
-5.02211e+25
-5.07846e+25
-5.07206e+25
-4.99222e+25
-4.85406e+25
-4.70821e+25
-4.65355e+25
-4.85148e+25
-5.50293e+25
-6.72743e+25
-8.42148e+25
-1.03099e+26
-1.21281e+26
-1.37041e+26
-1.49506e+26
-5.82704e+25
-5.06235e+25
-4.76361e+25
-4.65302e+25
-4.59672e+25
-4.55758e+25
-4.52882e+25
-4.51126e+25
-4.50803e+25
-4.52287e+25
-4.55923e+25
-4.61931e+25
-4.70278e+25
-4.80497e+25
-4.91474e+25
-5.01292e+25
-5.07386e+25
-5.07259e+25
-4.99733e+25
-4.86213e+25
-4.71676e+25
-4.65928e+25
-4.85041e+25
-5.49205e+25
-6.70772e+25
-8.3981e+25
-1.02882e+26
-1.21106e+26
-1.36916e+26
-1.49424e+26
-5.87558e+25
-5.08369e+25
-4.77707e+25
-4.66487e+25
-4.60783e+25
-4.56782e+25
-4.53793e+25
-4.519e+25
-4.51417e+25
-4.52721e+25
-4.56165e+25
-4.61979e+25
-4.70147e+25
-4.80231e+25
-4.9115e+25
-5.01021e+25
-5.07285e+25
-5.07411e+25
-5.00142e+25
-4.86772e+25
-4.72162e+25
-4.65972e+25
-4.8413e+25
-5.46873e+25
-6.67027e+25
-8.35286e+25
-1.02429e+26
-1.20707e+26
-1.36595e+26
-1.49189e+26
-5.94583e+25
-5.11409e+25
-4.79549e+25
-4.68123e+25
-4.62405e+25
-4.58411e+25
-4.55432e+25
-4.53549e+25
-4.53073e+25
-4.54384e+25
-4.57833e+25
-4.63653e+25
-4.71833e+25
-4.81941e+25
-4.92908e+25
-5.02865e+25
-5.09258e+25
-5.09538e+25
-5.02385e+25
-4.88995e+25
-4.74074e+25
-4.67059e+25
-4.83621e+25
-5.44007e+25
-6.61728e+25
-8.28458e+25
-1.01716e+26
-1.20053e+26
-1.36052e+26
-1.48778e+26
-5.5842e+25
-4.96847e+25
-4.71123e+25
-4.60702e+25
-4.55087e+25
-4.5113e+25
-4.48215e+25
-4.46426e+25
-4.46069e+25
-4.47514e+25
-4.51098e+25
-4.57028e+25
-4.65245e+25
-4.75238e+25
-4.85824e+25
-4.95017e+25
-5.00239e+25
-4.99108e+25
-4.90719e+25
-4.7685e+25
-4.62946e+25
-4.59419e+25
-4.82922e+25
-5.53329e+25
-6.809e+25
-8.53293e+25
-1.04266e+26
-1.22339e+26
-1.3791e+26
-1.50156e+26
-4.84486e+25
-4.78575e+25
-4.72547e+25
-4.67317e+25
-4.62838e+25
-4.58995e+25
-4.55796e+25
-4.53349e+25
-4.51797e+25
-4.51255e+25
-4.51734e+25
-4.5306e+25
-4.54776e+25
-4.5606e+25
-4.55726e+25
-4.52401e+25
-4.44964e+25
-4.33181e+25
-4.18363e+25
-4.04041e+25
-3.96855e+25
-4.07566e+25
-4.50396e+25
-5.37061e+25
-6.66635e+25
-8.23281e+25
-9.8647e+25
-1.13999e+26
-1.27329e+26
-1.3805e+26
-4.94798e+25
-4.84981e+25
-4.76437e+25
-4.69777e+25
-4.64403e+25
-4.59878e+25
-4.5608e+25
-4.53089e+25
-4.51076e+25
-4.50213e+25
-4.50599e+25
-4.52165e+25
-4.54576e+25
-4.57117e+25
-4.58636e+25
-4.57638e+25
-4.52655e+25
-4.42872e+25
-4.28851e+25
-4.13181e+25
-4.01237e+25
-4.02246e+25
-4.2974e+25
-4.98045e+25
-6.12527e+25
-7.62199e+25
-9.26272e+25
-1.08591e+26
-1.22831e+26
-1.34588e+26
-4.96916e+25
-4.86556e+25
-4.77702e+25
-4.70897e+25
-4.65456e+25
-4.60894e+25
-4.57072e+25
-4.54063e+25
-4.52035e+25
-4.51162e+25
-4.51543e+25
-4.53118e+25
-4.55556e+25
-4.58152e+25
-4.59763e+25
-4.58894e+25
-4.54059e+25
-4.44411e+25
-4.3046e+25
-4.14736e+25
-4.02539e+25
-4.03008e+25
-4.29626e+25
-4.96853e+25
-6.10422e+25
-7.59659e+25
-9.23763e+25
-1.0837e+26
-1.22653e+26
-1.34455e+26
-5.00261e+25
-4.89137e+25
-4.79775e+25
-4.72766e+25
-4.67338e+25
-4.62924e+25
-4.59337e+25
-4.56621e+25
-4.54927e+25
-4.54415e+25
-4.55169e+25
-4.57106e+25
-4.59876e+25
-4.62747e+25
-4.6455e+25
-4.6378e+25
-4.58954e+25
-4.49246e+25
-4.35191e+25
-4.19327e+25
-4.06932e+25
-4.07088e+25
-4.33212e+25
-4.99746e+25
-6.12545e+25
-7.61106e+25
-9.24675e+25
-1.08418e+26
-1.22667e+26
-1.34446e+26
-4.86753e+25
-4.78703e+25
-4.71358e+25
-4.654e+25
-4.60461e+25
-4.56258e+25
-4.52747e+25
-4.50038e+25
-4.48313e+25
-4.47741e+25
-4.48409e+25
-4.5023e+25
-4.52844e+25
-4.55506e+25
-4.5704e+25
-4.55952e+25
-4.50821e+25
-4.40946e+25
-4.27063e+25
-4.1201e+25
-4.01519e+25
-4.05283e+25
-4.37137e+25
-5.10859e+25
-6.30095e+25
-7.82252e+25
-9.46357e+25
-1.10423e+26
-1.24376e+26
-1.35792e+26
0
0
0
0
0
0
0
0
0
0
0
0
0
0
0
0
0
0
0
0
0
0
0
0
0
0
0
0
0
0
0
0
0
0
0
0
0
0
0
0
0
0
0
0
0
0
0
0
0
0
0
0
0
0
0
0
0
0
0
0
0
0
0
0
0
0
0
0
0
0
0
0
0
0
0
0
0
0
0
0
0
0
0
0
0
0
0
0
0
0
0
0
0
0
0
0
0
0
0
0
0
0
0
0
0
0
0
0
0
0
0
0
0
0
0
0
0
0
0
0
0
0
0
0
0
0
0
0
0
0
0
0
0
0
0
0
0
0
0
0
0
0
0
0
0
0
0
0
0
0
0
0
0
0
0
0
0
0
0
0
0
0
0
0
0
0
0
0
0
0
0
0
0
0
0
0
0
0
0
0
0
0
0
0
0
0
0
0
0
0
0
0
0
0
0
0
0
0
0
0
0
0
0
0
0
0
0
0
0
0
0
0
0
0
0
0
0
0
0
0
0
0
0
0
0
0
0
0
0
0
0
0
0
0
0
0
0
0
0
0
0
0
0
0
0
0
0
0
0
0
0
0
0
0
0
0
0
0
0
0
0
0
0
0
0
0
0
0
0
0
0
0
0
0
0
0
0
0
0
0
0
0
0
0
0
0
0
0
0
0
0
0
0
0
0
0
0
0
0
0
0
0
0
0
0
0
0
0
0
0
0
0
0
0
0
0
0
0
0
0
0
0
0
0
0
0
0
0
0
0
0
0
0
0
0
0
0
0
0
0
0
0
0
0
0
0
0
0
0
0
0
0
0
0
0
0
0
0
0
0
0
0
0
0
0
0
0
0
0
0
0
0
0
0
0
0
0
0
0
0
0
0
0
0
0
0
0
0
0
0
0
0
0
0
0
0
0
0
0
0
0
0
0
0
0
0
0
0
0
0
0
0
0
0
0
0
0
0
0
0
0
0
0
0
0
0
0
0
0
0
0
0
0
0
0
0
0
0
0
0
0
0
0
0
0
0
0
0
0
0
0
0
0
0
0
0
0
0
0
0
0
0
0
0
0
0
0
0
0
0
0
0
0
0
0
0
0
0
0
0
0
0
0
0
0
0
0
0
0
0
0
0
0
0
0
0
0
0
0
0
0
0
0
0
0
0
0
0
0
0
0
0
0
0
0
0
0
0
0
0
0
0
0
0
0
0
0
0
0
0
0
0
0
0
0
0
0
0
0
0
0
0
0
0
0
0
0
0
0
0
0
0
0
0
0
0
0
0
0
0
0
0
0
0
0
0
0
0
0
0
0
0
0
0
0
0
0
0
0
0
0
0
0
0
0
0
0
0
0
0
0
0
0
0
0
0
0
0
0
0
0
0
0
0
0
0
0
0
0
0
0
0
0
0
0
0
0
0
0
0
0
0
0
0
0
0
0
0
0
0
0
0
0
0
0
0
0
0
0
0
0
0
0
0
0
0
0
0
0
0
0
0
0
0
0
0
0
0
0
0
0
0
0
0
0
0
0
0
0
0
0
0
0
0
0
0
0
0
0
0
0
0
0
0
0
0
0
0
0
0
0
0
0
0
0
0
0
0
0
0
0
0
0
0
0
0
0
0
0
0
0
0
0
0
0
0
0
0
0
0
0
0
0
0
0
0
0
0
0
0
0
0
0
0
0
0
0
0
0
0
0
0
0
0
0
0
0
0
0
0
0
0
0
0
0
0
0
0
0
0
0
0
0
0
0
0
0
0
0
0
0
0
0
0
0
0
0
0
0
0
0
0
0
0
0
0
0
0
0
0
0
0
0
0
0
0
0
0
0
0
0
0
0
0
0
0
0
0
0
0
0
0
0
0
0
0
0
0
0
0
0
0
0
0
0
0
0
0
0
0
0
0
0
0
0
0
0
0
0
0
0
0
0
0
0
0
0
0
0
0
0
0
0
0
0
0
0
0
0
0
0
0
0
0
0
0
0
0
0
0
0
0
0
0
0
0
0
0
0
0
0
0
0
0
0
0
0
0
0
0
0
0
0
0
0
0
0
0
0
0
0
0
0
0
0
0
0
0
0
0
0
0
0
0
0
0
0
0
0
0
0
0
0
0
0
0
0
0
0
0
0
0
0
0
0
0
0
0
0
0
0
0
0
0
0
0
0
0
0
0
0
0
0
0
0
0
0
0
0
0
0
0
0
0
0
0
0
0
0
0
0
0
0
0
0
0
0
0
0
0
0
0
0
0
0
0
0
0
0
0
0
0
0
0
0
0
0
0
0
0
0
0
0
0
0
0
0
0
0
0
0
0
0
0
0
0
0
0
0
0
0
0
0
0
0
0
0
0
0
0
0
0
0
0
0
0
0
0
0
0
0
0
0
0
0
0
0
0
0
0
0
0
0
0
0
0
0
0
0
0
0
0
0
0
0
0
0
0
0
0
0
0
0
0
0
0
0
0
0
0
0
0
0
0
0
0
0
0
0
0
0
0
0
0
0
0
0
0
0
0
0
0
0
0
0
0
0
0
0
0
0
0
0
0
0
0
0
0
0
0
0
0
0
0
0
0
0
0
0
0
0
0
0
0
0
0
0
0
0
0
0
0
0
0
0
0
0
0
0
0
0
0
0
0
0
0
0
0
0
0
0
0
0
0
0
0
0
0
0
0
0
0
0
0
0
0
0
0
0
0
0
0
0
0
0
0
0
0
0
0
0
0
0
0
0
0
0
0
0
0
0
0
0
0
0
0
0
0
0
0
0
0
0
0
0
0
0
0
0
0
0
0
0
0
0
0
0
0
0
0
0
0
0
0
0
0
0
0
0
0
0
0
0
0
0
0
0
0
0
0
0
0
0
0
0
0
0
0
0
0
0
0
0
0
0
0
0
0
0
0
0
0
0
0
0
0
0
0
0
0
0
0
0
0
0
0
0
0
0
0
0
0
0
0
0
0
0
0
0
0
0
0
0
0
0
0
0
0
0
0
0
0
0
0
0
0
0
0
0
0
0
0
0
0
0
0
0
0
0
0
0
0
0
0
0
0
0
0
0
0
0
0
0
0
0
0
0
0
0
0
0
0
0
0
0
0
0
0
0
0
0
0
0
0
0
0
0
0
0
0
0
0
0
0
0
0
0
0
0
0
0
0
0
0
0
0
0
0
0
0
0
0
0
0
0
0
0
0
0
0
0
0
0
0
0
0
0
0
0
0
0
0
0
0
0
0
0
0
0
0
)
;

boundaryField
{
    fuelBottom
    {
        type            empty;
    }
    fuelTop_1
    {
        type            empty;
    }
    fuelOuter
    {
        type            zeroGradient;
    }
    fuelTop
    {
        type            empty;
    }
    fuelInner
    {
        type            zeroGradient;
    }
    cladBottom
    {
        type            empty;
    }
    cladInner
    {
        type            zeroGradient;
    }
    cladOuter
    {
        type            zeroGradient;
    }
    cladTop
    {
        type            empty;
    }
    front
    {
        type            wedge;
    }
    back
    {
        type            wedge;
    }
}


// ************************************************************************* //
