/*--------------------------------*- C++ -*----------------------------------*\
| =========                 |                                                 |
| \\      /  F ield         | OpenFOAM: The Open Source CFD Toolbox           |
|  \\    /   O peration     | Version:  2412                                  |
|   \\  /    A nd           | Website:  www.openfoam.com                      |
|    \\/     M anipulation  |                                                 |
\*---------------------------------------------------------------------------*/
FoamFile
{
    version     2.0;
    format      ascii;
    arch        "LSB;label=32;scalar=64";
    class       volScalarField;
    location    "583.522882481/fuelBehaviourRegion";
    object      SCIANTIX::Gas_boundary;
}
// * * * * * * * * * * * * * * * * * * * * * * * * * * * * * * * * * * * * * //

dimensions      [0 0 0 0 0 0 0];

internalField   nonuniform List<scalar> 
4720
(
6.00853e+18
6.00853e+18
6.00853e+18
6.00853e+18
6.00853e+18
6.00853e+18
6.00853e+18
6.00853e+18
6.00853e+18
6.00853e+18
6.00853e+18
6.00853e+18
6.00853e+18
6.00853e+18
6.00853e+18
6.00853e+18
6.00853e+18
6.00853e+18
6.00853e+18
6.00853e+18
6.00853e+18
6.00853e+18
6.00853e+18
6.00853e+18
6.00853e+18
6.00853e+18
6.00853e+18
6.00853e+18
6.00853e+18
6.00853e+18
6.00853e+18
6.00853e+18
6.00853e+18
6.00853e+18
6.00853e+18
6.00853e+18
6.00853e+18
6.00853e+18
6.00853e+18
6.00853e+18
6.00853e+18
6.00853e+18
6.00853e+18
6.00853e+18
6.00853e+18
6.00853e+18
6.00853e+18
6.00853e+18
6.00853e+18
6.00853e+18
6.00853e+18
6.00853e+18
6.00853e+18
6.00853e+18
6.00853e+18
6.00853e+18
6.00853e+18
6.00853e+18
6.00853e+18
6.00853e+18
6.00853e+18
6.00853e+18
6.00853e+18
6.00853e+18
6.00853e+18
6.00853e+18
6.00853e+18
6.00853e+18
6.00853e+18
6.00853e+18
6.00853e+18
6.00853e+18
6.00853e+18
6.00853e+18
6.00853e+18
6.00853e+18
6.00853e+18
6.00853e+18
6.00853e+18
6.00853e+18
6.00853e+18
6.00853e+18
6.00853e+18
6.00853e+18
6.00853e+18
6.00853e+18
6.00853e+18
6.00853e+18
6.00853e+18
6.00853e+18
6.00853e+18
6.00853e+18
6.00853e+18
6.00853e+18
6.00853e+18
6.00853e+18
6.00853e+18
6.00853e+18
6.00853e+18
6.00853e+18
6.00853e+18
6.00853e+18
6.00853e+18
6.00853e+18
6.00853e+18
6.00853e+18
6.00853e+18
6.00853e+18
6.00853e+18
6.00853e+18
6.00853e+18
6.00853e+18
6.00853e+18
6.00853e+18
6.00853e+18
6.00853e+18
6.00853e+18
6.00853e+18
6.00853e+18
6.00853e+18
6.00853e+18
6.00853e+18
6.00853e+18
6.00853e+18
6.00853e+18
6.00853e+18
6.00853e+18
6.00853e+18
6.00853e+18
6.00853e+18
6.00853e+18
6.00853e+18
6.00853e+18
6.00853e+18
6.00853e+18
6.00853e+18
6.00853e+18
6.00853e+18
6.00853e+18
6.00853e+18
6.00853e+18
6.00853e+18
6.00853e+18
6.00853e+18
6.00853e+18
6.00853e+18
6.00853e+18
6.00853e+18
6.00853e+18
6.00853e+18
6.00853e+18
6.00853e+18
6.00853e+18
6.00853e+18
6.00853e+18
6.00853e+18
6.00853e+18
6.00853e+18
6.00853e+18
6.00853e+18
6.00853e+18
6.00853e+18
6.00853e+18
6.00853e+18
6.00853e+18
6.00853e+18
6.00853e+18
6.00853e+18
6.00853e+18
6.00853e+18
6.00853e+18
6.00853e+18
6.00853e+18
6.00853e+18
6.00853e+18
6.00853e+18
6.00853e+18
6.00853e+18
6.00853e+18
6.00853e+18
6.6349e+18
6.6349e+18
6.6349e+18
6.6349e+18
6.6349e+18
6.6349e+18
6.6349e+18
6.6349e+18
6.6349e+18
6.6349e+18
6.6349e+18
6.6349e+18
6.6349e+18
6.6349e+18
6.6349e+18
6.6349e+18
6.6349e+18
6.6349e+18
6.6349e+18
6.6349e+18
6.6349e+18
6.6349e+18
6.6349e+18
6.6349e+18
6.6349e+18
6.6349e+18
6.6349e+18
6.6349e+18
6.6349e+18
6.6349e+18
6.6349e+18
6.6349e+18
6.6349e+18
6.6349e+18
6.6349e+18
6.6349e+18
6.6349e+18
6.6349e+18
6.6349e+18
6.6349e+18
6.6349e+18
6.6349e+18
6.6349e+18
6.6349e+18
6.6349e+18
6.6349e+18
6.6349e+18
6.6349e+18
6.6349e+18
6.6349e+18
6.6349e+18
6.6349e+18
6.6349e+18
6.6349e+18
6.6349e+18
6.6349e+18
6.6349e+18
6.6349e+18
6.6349e+18
6.6349e+18
6.6349e+18
6.6349e+18
6.6349e+18
6.6349e+18
6.6349e+18
6.6349e+18
6.6349e+18
6.6349e+18
6.6349e+18
6.6349e+18
6.6349e+18
6.6349e+18
6.6349e+18
6.6349e+18
6.6349e+18
6.6349e+18
6.6349e+18
6.6349e+18
6.6349e+18
6.6349e+18
6.6349e+18
6.6349e+18
6.6349e+18
6.6349e+18
6.6349e+18
6.6349e+18
6.6349e+18
6.6349e+18
6.6349e+18
6.6349e+18
6.6349e+18
6.6349e+18
6.6349e+18
6.6349e+18
6.6349e+18
6.6349e+18
6.6349e+18
6.6349e+18
6.6349e+18
6.6349e+18
6.6349e+18
6.6349e+18
6.6349e+18
6.6349e+18
6.6349e+18
6.6349e+18
6.6349e+18
6.6349e+18
6.6349e+18
6.6349e+18
6.6349e+18
6.6349e+18
6.6349e+18
6.6349e+18
6.6349e+18
6.6349e+18
6.6349e+18
6.6349e+18
6.6349e+18
6.6349e+18
6.6349e+18
6.6349e+18
6.6349e+18
6.6349e+18
6.6349e+18
6.6349e+18
6.6349e+18
6.6349e+18
6.6349e+18
6.6349e+18
6.6349e+18
6.6349e+18
6.6349e+18
6.6349e+18
6.6349e+18
6.6349e+18
6.6349e+18
6.6349e+18
6.6349e+18
6.6349e+18
6.6349e+18
6.6349e+18
6.6349e+18
6.6349e+18
6.6349e+18
6.6349e+18
6.6349e+18
6.6349e+18
6.6349e+18
6.6349e+18
6.6349e+18
6.6349e+18
6.6349e+18
6.6349e+18
6.6349e+18
6.6349e+18
6.6349e+18
6.6349e+18
6.6349e+18
6.6349e+18
6.6349e+18
6.6349e+18
6.6349e+18
6.6349e+18
6.6349e+18
6.6349e+18
6.6349e+18
6.6349e+18
6.6349e+18
6.6349e+18
6.6349e+18
6.6349e+18
6.6349e+18
6.6349e+18
6.6349e+18
6.6349e+18
6.6349e+18
6.6349e+18
6.6349e+18
6.6349e+18
8.27925e+18
8.27925e+18
8.27925e+18
8.27925e+18
8.27925e+18
8.27925e+18
8.27925e+18
8.27925e+18
8.27925e+18
8.27925e+18
8.27925e+18
8.27925e+18
8.27925e+18
8.27925e+18
8.27925e+18
8.27925e+18
8.27925e+18
8.27925e+18
8.27925e+18
8.27925e+18
8.27925e+18
8.27925e+18
8.27925e+18
8.27925e+18
8.27925e+18
8.27925e+18
8.27925e+18
8.27925e+18
8.27925e+18
8.27925e+18
8.27926e+18
8.27926e+18
8.27926e+18
8.27925e+18
8.27925e+18
8.27925e+18
8.27925e+18
8.27925e+18
8.27925e+18
8.27925e+18
8.27925e+18
8.27925e+18
8.27925e+18
8.27925e+18
8.27925e+18
8.27925e+18
8.27925e+18
8.27925e+18
8.27925e+18
8.27925e+18
8.27925e+18
8.27925e+18
8.27925e+18
8.27925e+18
8.27925e+18
8.27925e+18
8.27925e+18
8.27925e+18
8.27925e+18
8.27925e+18
8.27926e+18
8.27926e+18
8.27926e+18
8.27926e+18
8.27925e+18
8.27925e+18
8.27925e+18
8.27925e+18
8.27925e+18
8.27925e+18
8.27925e+18
8.27925e+18
8.27925e+18
8.27925e+18
8.27925e+18
8.27925e+18
8.27925e+18
8.27925e+18
8.27925e+18
8.27925e+18
8.27925e+18
8.27925e+18
8.27925e+18
8.27925e+18
8.27925e+18
8.27925e+18
8.27925e+18
8.27925e+18
8.27925e+18
8.27925e+18
8.27926e+18
8.27926e+18
8.27926e+18
8.27926e+18
8.27925e+18
8.27925e+18
8.27925e+18
8.27925e+18
8.27925e+18
8.27925e+18
8.27925e+18
8.27925e+18
8.27925e+18
8.27925e+18
8.27925e+18
8.27925e+18
8.27925e+18
8.27925e+18
8.27925e+18
8.27925e+18
8.27925e+18
8.27925e+18
8.27925e+18
8.27925e+18
8.27925e+18
8.27925e+18
8.27925e+18
8.27925e+18
8.27925e+18
8.27925e+18
8.27926e+18
8.27926e+18
8.27926e+18
8.27926e+18
8.27926e+18
8.27925e+18
8.27925e+18
8.27925e+18
8.27925e+18
8.27925e+18
8.27925e+18
8.27925e+18
8.27925e+18
8.27925e+18
8.27925e+18
8.27925e+18
8.27925e+18
8.27925e+18
8.27925e+18
8.27925e+18
8.27925e+18
8.27925e+18
8.27925e+18
8.27925e+18
8.27925e+18
8.27925e+18
8.27925e+18
8.27925e+18
8.27925e+18
8.27925e+18
8.27926e+18
8.27926e+18
8.27926e+18
8.27926e+18
8.27926e+18
8.27926e+18
8.27926e+18
8.27926e+18
8.27925e+18
8.27925e+18
8.27925e+18
8.27925e+18
8.27925e+18
8.27925e+18
8.27925e+18
8.27925e+18
8.27925e+18
8.27925e+18
8.27925e+18
8.27925e+18
8.27925e+18
8.27925e+18
8.27925e+18
8.27925e+18
8.27925e+18
8.27925e+18
8.27925e+18
8.27925e+18
8.27925e+18
8.27925e+18
1.10181e+19
1.10181e+19
1.10181e+19
1.10181e+19
1.10181e+19
1.10181e+19
1.10181e+19
1.10181e+19
1.10181e+19
1.10181e+19
1.10181e+19
1.10181e+19
1.10181e+19
1.10181e+19
1.10181e+19
1.10181e+19
1.10181e+19
1.10181e+19
1.10181e+19
1.10181e+19
1.10181e+19
1.10181e+19
1.10181e+19
1.10181e+19
1.10181e+19
1.10181e+19
1.10181e+19
1.10181e+19
1.10181e+19
1.10181e+19
1.10181e+19
1.10181e+19
1.10181e+19
1.10181e+19
1.10181e+19
1.10181e+19
1.10181e+19
1.10181e+19
1.10181e+19
1.10181e+19
1.10181e+19
1.10181e+19
1.10181e+19
1.10181e+19
1.10181e+19
1.10181e+19
1.10181e+19
1.10181e+19
1.10181e+19
1.10181e+19
1.10181e+19
1.10181e+19
1.10181e+19
1.10181e+19
1.10181e+19
1.10181e+19
1.10181e+19
1.10181e+19
1.10181e+19
1.10181e+19
1.10181e+19
1.10181e+19
1.10181e+19
1.10181e+19
1.10181e+19
1.10181e+19
1.10181e+19
1.10181e+19
1.10181e+19
1.10181e+19
1.10181e+19
1.10181e+19
1.10181e+19
1.10181e+19
1.10181e+19
1.10181e+19
1.10181e+19
1.10181e+19
1.10181e+19
1.10181e+19
1.10181e+19
1.10181e+19
1.10181e+19
1.10181e+19
1.10181e+19
1.10181e+19
1.10181e+19
1.10181e+19
1.10181e+19
1.10181e+19
1.10181e+19
1.10181e+19
1.10181e+19
1.10181e+19
1.10181e+19
1.10181e+19
1.10181e+19
1.10181e+19
1.10181e+19
1.10181e+19
1.10181e+19
1.10181e+19
1.10181e+19
1.10181e+19
1.10181e+19
1.10181e+19
1.10181e+19
1.10181e+19
1.10181e+19
1.10181e+19
1.10181e+19
1.10181e+19
1.10181e+19
1.10181e+19
1.10181e+19
1.10181e+19
1.10181e+19
1.10181e+19
1.10181e+19
1.10181e+19
1.10181e+19
1.10181e+19
1.10181e+19
1.10181e+19
1.10181e+19
1.10181e+19
1.10181e+19
1.10181e+19
1.10181e+19
1.10181e+19
1.10181e+19
1.10181e+19
1.10181e+19
1.10181e+19
1.10181e+19
1.10181e+19
1.10181e+19
1.10181e+19
1.10181e+19
1.10181e+19
1.10181e+19
1.10181e+19
1.10181e+19
1.10181e+19
1.10181e+19
1.10181e+19
1.10181e+19
1.10181e+19
1.10181e+19
1.10181e+19
1.10181e+19
1.10181e+19
1.10181e+19
1.10181e+19
1.10181e+19
1.10181e+19
1.10181e+19
1.10181e+19
1.10181e+19
1.10181e+19
1.10181e+19
1.10181e+19
1.10181e+19
1.10181e+19
1.10181e+19
1.10181e+19
1.10181e+19
1.10181e+19
1.10181e+19
1.10181e+19
1.10181e+19
1.10181e+19
1.10181e+19
1.10181e+19
1.10181e+19
1.10181e+19
1.10181e+19
1.10181e+19
1.10181e+19
1.10181e+19
1.47828e+19
1.47828e+19
1.47828e+19
1.47828e+19
1.47828e+19
1.47828e+19
1.47828e+19
1.47828e+19
1.47828e+19
1.47828e+19
1.47828e+19
1.47827e+19
1.47827e+19
1.47827e+19
1.47827e+19
1.47827e+19
1.47827e+19
1.47827e+19
1.47827e+19
1.47827e+19
1.47827e+19
1.47827e+19
1.47826e+19
1.47826e+19
1.47826e+19
1.47826e+19
1.47826e+19
1.47826e+19
1.47826e+19
1.47826e+19
1.47828e+19
1.47828e+19
1.47828e+19
1.47828e+19
1.47828e+19
1.47828e+19
1.47828e+19
1.47828e+19
1.47828e+19
1.47828e+19
1.47828e+19
1.47828e+19
1.47828e+19
1.47827e+19
1.47827e+19
1.47827e+19
1.47827e+19
1.47827e+19
1.47827e+19
1.47827e+19
1.47827e+19
1.47827e+19
1.47827e+19
1.47826e+19
1.47826e+19
1.47826e+19
1.47826e+19
1.47826e+19
1.47826e+19
1.47826e+19
1.47828e+19
1.47828e+19
1.47828e+19
1.47828e+19
1.47828e+19
1.47828e+19
1.47828e+19
1.47828e+19
1.47828e+19
1.47828e+19
1.47828e+19
1.47828e+19
1.47828e+19
1.47827e+19
1.47827e+19
1.47827e+19
1.47827e+19
1.47827e+19
1.47827e+19
1.47827e+19
1.47827e+19
1.47827e+19
1.47827e+19
1.47826e+19
1.47826e+19
1.47826e+19
1.47826e+19
1.47826e+19
1.47826e+19
1.47826e+19
1.47828e+19
1.47828e+19
1.47828e+19
1.47828e+19
1.47828e+19
1.47828e+19
1.47828e+19
1.47828e+19
1.47828e+19
1.47828e+19
1.47828e+19
1.47828e+19
1.47828e+19
1.47827e+19
1.47827e+19
1.47827e+19
1.47827e+19
1.47827e+19
1.47827e+19
1.47827e+19
1.47827e+19
1.47827e+19
1.47827e+19
1.47826e+19
1.47826e+19
1.47826e+19
1.47826e+19
1.47826e+19
1.47826e+19
1.47826e+19
1.47829e+19
1.47829e+19
1.47829e+19
1.47829e+19
1.47828e+19
1.47828e+19
1.47828e+19
1.47828e+19
1.47828e+19
1.47828e+19
1.47828e+19
1.47828e+19
1.47828e+19
1.47828e+19
1.47827e+19
1.47827e+19
1.47827e+19
1.47827e+19
1.47827e+19
1.47827e+19
1.47827e+19
1.47827e+19
1.47827e+19
1.47826e+19
1.47826e+19
1.47826e+19
1.47826e+19
1.47826e+19
1.47826e+19
1.47826e+19
1.4783e+19
1.4783e+19
1.4783e+19
1.4783e+19
1.4783e+19
1.4783e+19
1.4783e+19
1.4783e+19
1.47829e+19
1.47829e+19
1.47829e+19
1.47829e+19
1.47829e+19
1.47829e+19
1.47828e+19
1.47828e+19
1.47828e+19
1.47828e+19
1.47827e+19
1.47827e+19
1.47827e+19
1.47827e+19
1.47827e+19
1.47827e+19
1.47827e+19
1.47826e+19
1.47826e+19
1.47826e+19
1.47826e+19
1.47826e+19
7.58422e+19
7.57816e+19
7.5667e+19
7.55066e+19
7.53099e+19
7.50868e+19
7.48466e+19
7.45983e+19
7.43497e+19
7.4107e+19
7.38755e+19
7.36589e+19
7.34599e+19
7.32801e+19
7.31202e+19
7.29802e+19
7.28593e+19
7.27562e+19
7.26692e+19
7.25964e+19
7.25358e+19
7.24858e+19
7.24447e+19
7.24115e+19
7.23851e+19
7.23645e+19
7.23489e+19
7.23375e+19
7.23295e+19
7.2324e+19
7.73265e+19
7.72341e+19
7.70596e+19
7.68163e+19
7.6519e+19
7.61834e+19
7.58248e+19
7.5457e+19
7.5092e+19
7.47396e+19
7.44072e+19
7.40997e+19
7.38204e+19
7.35708e+19
7.33511e+19
7.31608e+19
7.29985e+19
7.2862e+19
7.27486e+19
7.26553e+19
7.25791e+19
7.25172e+19
7.24672e+19
7.24272e+19
7.23957e+19
7.23715e+19
7.23532e+19
7.23401e+19
7.23309e+19
7.23247e+19
7.73762e+19
7.72826e+19
7.7106e+19
7.68596e+19
7.65588e+19
7.62192e+19
7.58564e+19
7.54844e+19
7.51153e+19
7.47592e+19
7.44233e+19
7.41129e+19
7.3831e+19
7.35791e+19
7.33576e+19
7.31657e+19
7.30021e+19
7.28646e+19
7.27505e+19
7.26566e+19
7.258e+19
7.25178e+19
7.24676e+19
7.24275e+19
7.23959e+19
7.23715e+19
7.23533e+19
7.234e+19
7.23308e+19
7.23247e+19
7.74404e+19
7.73457e+19
7.71669e+19
7.69174e+19
7.66127e+19
7.62689e+19
7.59014e+19
7.55246e+19
7.51509e+19
7.47903e+19
7.44502e+19
7.41359e+19
7.38504e+19
7.35954e+19
7.33711e+19
7.31769e+19
7.30112e+19
7.28719e+19
7.27563e+19
7.26612e+19
7.25837e+19
7.25207e+19
7.24698e+19
7.24292e+19
7.23972e+19
7.23725e+19
7.2354e+19
7.23406e+19
7.23312e+19
7.23249e+19
7.70386e+19
7.6951e+19
7.67855e+19
7.65548e+19
7.62732e+19
7.59554e+19
7.56161e+19
7.52683e+19
7.49234e+19
7.45905e+19
7.42767e+19
7.39866e+19
7.37232e+19
7.3488e+19
7.32814e+19
7.31027e+19
7.29506e+19
7.28229e+19
7.27169e+19
7.26298e+19
7.25586e+19
7.25008e+19
7.24542e+19
7.2417e+19
7.23878e+19
7.23655e+19
7.23489e+19
7.2337e+19
7.23288e+19
7.23234e+19
9.92595e+19
9.89195e+19
9.82778e+19
9.73844e+19
9.62961e+19
9.50734e+19
9.37757e+19
9.24588e+19
9.11712e+19
8.99526e+19
8.88319e+19
8.78274e+19
8.69471e+19
8.61903e+19
8.55498e+19
8.50149e+19
8.45732e+19
8.42127e+19
8.39222e+19
8.36913e+19
8.35098e+19
8.33685e+19
8.32588e+19
8.31741e+19
8.31092e+19
8.30603e+19
8.30244e+19
8.29989e+19
8.29817e+19
8.29707e+19
1.01983e+20
1.01589e+20
1.00843e+20
9.98043e+19
9.8537e+19
9.71106e+19
9.55941e+19
9.4052e+19
9.25415e+19
9.11097e+19
8.97917e+19
8.86102e+19
8.75759e+19
8.6689e+19
8.59413e+19
8.53196e+19
8.48085e+19
8.43929e+19
8.40587e+19
8.37936e+19
8.35858e+19
8.34246e+19
8.33002e+19
8.32045e+19
8.31314e+19
8.30762e+19
8.30354e+19
8.30063e+19
8.29864e+19
8.29735e+19
1.02224e+20
1.01824e+20
1.01069e+20
1.00017e+20
9.87337e+19
9.7289e+19
9.57528e+19
9.41905e+19
9.26602e+19
9.12093e+19
8.98738e+19
8.86767e+19
8.76289e+19
8.67305e+19
8.59734e+19
8.53443e+19
8.48274e+19
8.44071e+19
8.40694e+19
8.38014e+19
8.35915e+19
8.34287e+19
8.33032e+19
8.32067e+19
8.31329e+19
8.30772e+19
8.30361e+19
8.30068e+19
8.29867e+19
8.29737e+19
1.02467e+20
1.02063e+20
1.01299e+20
1.00235e+20
9.89359e+19
9.74736e+19
9.59183e+19
9.43363e+19
9.27862e+19
9.13164e+19
8.99631e+19
8.87499e+19
8.76879e+19
8.67776e+19
8.60105e+19
8.53733e+19
8.48499e+19
8.44244e+19
8.40826e+19
8.38114e+19
8.3599e+19
8.34343e+19
8.33073e+19
8.32097e+19
8.31352e+19
8.30788e+19
8.30373e+19
8.30076e+19
8.29872e+19
8.2974e+19
1.02663e+20
1.02255e+20
1.01485e+20
1.0041e+20
9.90996e+19
9.76237e+19
9.60536e+19
9.44562e+19
9.28906e+19
9.14057e+19
9.00382e+19
8.8812e+19
8.77386e+19
8.68183e+19
8.6043e+19
8.53989e+19
8.487e+19
8.44401e+19
8.40947e+19
8.38206e+19
8.3606e+19
8.34396e+19
8.33113e+19
8.32127e+19
8.31374e+19
8.30805e+19
8.30384e+19
8.30084e+19
8.29878e+19
8.29743e+19
1.01193e+20
1.00811e+20
1.0009e+20
9.90861e+19
9.78626e+19
9.64871e+19
9.50266e+19
9.35438e+19
9.2094e+19
9.07221e+19
8.94614e+19
8.83332e+19
8.73469e+19
8.65018e+19
8.57898e+19
8.51979e+19
8.47115e+19
8.4316e+19
8.39985e+19
8.37468e+19
8.35499e+19
8.33971e+19
8.32792e+19
8.31886e+19
8.31193e+19
8.30672e+19
8.3029e+19
8.30018e+19
8.29835e+19
8.29717e+19
1.42319e+20
1.41281e+20
1.39317e+20
1.36568e+20
1.33198e+20
1.29382e+20
1.25299e+20
1.2112e+20
1.17003e+20
1.13085e+20
1.09472e+20
1.06243e+20
1.0344e+20
1.01076e+20
9.91346e+19
9.75762e+19
9.63484e+19
9.53936e+19
9.46571e+19
9.40929e+19
9.36645e+19
9.33428e+19
9.31034e+19
9.29262e+19
9.27952e+19
9.2699e+19
9.26294e+19
9.25807e+19
9.25482e+19
9.25278e+19
1.49014e+20
1.47857e+20
1.45664e+20
1.42592e+20
1.38819e+20
1.34537e+20
1.29942e+20
1.25225e+20
1.20563e+20
1.16108e+20
1.11986e+20
1.08286e+20
1.05063e+20
1.02336e+20
1.00092e+20
9.82908e+19
9.68746e+19
9.57778e+19
9.49364e+19
9.42951e+19
9.38097e+19
9.34461e+19
9.31765e+19
9.29778e+19
9.28316e+19
9.27245e+19
9.26469e+19
9.25923e+19
9.25555e+19
9.2532e+19
1.49786e+20
1.48615e+20
1.46396e+20
1.43286e+20
1.39466e+20
1.3513e+20
1.30476e+20
1.25698e+20
1.20972e+20
1.16455e+20
1.12274e+20
1.08519e+20
1.05248e+20
1.0248e+20
1.00201e+20
9.83712e+19
9.69333e+19
9.58203e+19
9.4967e+19
9.43169e+19
9.38252e+19
9.3457e+19
9.31841e+19
9.29831e+19
9.28353e+19
9.2727e+19
9.26486e+19
9.25934e+19
9.25562e+19
9.25325e+19
1.50341e+20
1.49161e+20
1.46926e+20
1.43792e+20
1.39941e+20
1.3557e+20
1.30876e+20
1.26055e+20
1.21286e+20
1.16726e+20
1.12502e+20
1.08708e+20
1.054e+20
1.026e+20
1.00294e+20
9.84418e+19
9.69861e+19
9.58594e+19
9.49959e+19
9.43382e+19
9.38408e+19
9.34684e+19
9.31923e+19
9.2989e+19
9.28396e+19
9.27301e+19
9.26508e+19
9.25949e+19
9.25571e+19
9.2533e+19
1.46295e+20
1.4518e+20
1.43067e+20
1.40109e+20
1.3648e+20
1.32367e+20
1.27961e+20
1.23448e+20
1.18996e+20
1.14753e+20
1.10837e+20
1.07333e+20
1.0429e+20
1.01722e+20
9.9615e+19
9.79266e+19
9.66002e+19
9.55727e+19
9.47837e+19
9.41818e+19
9.37262e+19
9.33851e+19
9.31322e+19
9.29457e+19
9.28084e+19
9.27077e+19
9.26351e+19
9.25843e+19
9.25503e+19
9.25289e+19
2.05264e+20
2.03184e+20
1.99232e+20
1.93671e+20
1.86804e+20
1.78957e+20
1.70474e+20
1.61693e+20
1.52936e+20
1.44497e+20
1.36622e+20
1.29502e+20
1.23266e+20
1.17976e+20
1.13631e+20
1.10174e+20
1.07502e+20
1.05488e+20
1.03996e+20
1.02901e+20
1.02098e+20
1.01513e+20
1.01091e+20
1.00788e+20
1.00571e+20
1.00416e+20
1.00306e+20
1.0023e+20
1.0018e+20
1.00149e+20
2.185e+20
2.16218e+20
2.11878e+20
2.05762e+20
1.98191e+20
1.89517e+20
1.80106e+20
1.70327e+20
1.60533e+20
1.51046e+20
1.42147e+20
1.34055e+20
1.26924e+20
1.20838e+20
1.15808e+20
1.11785e+20
1.08665e+20
1.06311e+20
1.04571e+20
1.03301e+20
1.02377e+20
1.01707e+20
1.01224e+20
1.00879e+20
1.00634e+20
1.00459e+20
1.00335e+20
1.0025e+20
1.00192e+20
1.00156e+20
2.20161e+20
2.17854e+20
2.13465e+20
2.07279e+20
1.99619e+20
1.9084e+20
1.81312e+20
1.71407e+20
1.61482e+20
1.51864e+20
1.42835e+20
1.34621e+20
1.27378e+20
1.21192e+20
1.16077e+20
1.11983e+20
1.08807e+20
1.06411e+20
1.0464e+20
1.03349e+20
1.0241e+20
1.01729e+20
1.01239e+20
1.00889e+20
1.00641e+20
1.00464e+20
1.00338e+20
1.00252e+20
1.00193e+20
1.00157e+20
2.21212e+20
2.1889e+20
2.14475e+20
2.0825e+20
2.00541e+20
1.91703e+20
1.82108e+20
1.7213e+20
1.62127e+20
1.52429e+20
1.4332e+20
1.35028e+20
1.27711e+20
1.21458e+20
1.16284e+20
1.12139e+20
1.08922e+20
1.06494e+20
1.047e+20
1.0339e+20
1.0244e+20
1.0175e+20
1.01254e+20
1.009e+20
1.00648e+20
1.00469e+20
1.00342e+20
1.00254e+20
1.00195e+20
1.00158e+20
2.10013e+20
2.07848e+20
2.03735e+20
1.97944e+20
1.90788e+20
1.82608e+20
1.73756e+20
1.64586e+20
1.55434e+20
1.46605e+20
1.38358e+20
1.30895e+20
1.24353e+20
1.18801e+20
1.14238e+20
1.10606e+20
1.07803e+20
1.05693e+20
1.04133e+20
1.02992e+20
1.02159e+20
1.01553e+20
1.01116e+20
1.00804e+20
1.00581e+20
1.00423e+20
1.0031e+20
1.00233e+20
1.00182e+20
1.0015e+20
2.88155e+20
2.84796e+20
2.78394e+20
2.69336e+20
2.58063e+20
2.45066e+20
2.30863e+20
2.15987e+20
2.00962e+20
1.86284e+20
1.72395e+20
1.59662e+20
1.48358e+20
1.38649e+20
1.30593e+20
1.24142e+20
1.19158e+20
1.15439e+20
1.12744e+20
1.10831e+20
1.09484e+20
1.08535e+20
1.07868e+20
1.07402e+20
1.07078e+20
1.06852e+20
1.06695e+20
1.06589e+20
1.06519e+20
1.06476e+20
3.11758e+20
3.08101e+20
3.01121e+20
2.91222e+20
2.78869e+20
2.64574e+20
2.48885e+20
2.32368e+20
2.15591e+20
1.99097e+20
1.8338e+20
1.68862e+20
1.55867e+20
1.44609e+20
1.35182e+20
1.27563e+20
1.21627e+20
1.17166e+20
1.13922e+20
1.11623e+20
1.10015e+20
1.08893e+20
1.08109e+20
1.07563e+20
1.07185e+20
1.06924e+20
1.06744e+20
1.0662e+20
1.06538e+20
1.06487e+20
3.13944e+20
3.10257e+20
3.03221e+20
2.93242e+20
2.80785e+20
2.66366e+20
2.50535e+20
2.33862e+20
2.16919e+20
2.00254e+20
1.84367e+20
1.69683e+20
1.56533e+20
1.45133e+20
1.35582e+20
1.27859e+20
1.21838e+20
1.17311e+20
1.1402e+20
1.11687e+20
1.10057e+20
1.08921e+20
1.08127e+20
1.07575e+20
1.07193e+20
1.06929e+20
1.06747e+20
1.06622e+20
1.06539e+20
1.06488e+20
3.16063e+20
3.12351e+20
3.05266e+20
2.95216e+20
2.82667e+20
2.68135e+20
2.52176e+20
2.3536e+20
2.18264e+20
2.01438e+20
1.85388e+20
1.70544e+20
1.5724e+20
1.45699e+20
1.36021e+20
1.28188e+20
1.22077e+20
1.1748e+20
1.14135e+20
1.11765e+20
1.10109e+20
1.08955e+20
1.0815e+20
1.0759e+20
1.07203e+20
1.06936e+20
1.06752e+20
1.06625e+20
1.06541e+20
1.06489e+20
3.1792e+20
3.14188e+20
3.07065e+20
2.96957e+20
2.84333e+20
2.69712e+20
2.53646e+20
2.36713e+20
2.19487e+20
2.02525e+20
1.86334e+20
1.71349e+20
1.57909e+20
1.4624e+20
1.36445e+20
1.28511e+20
1.22315e+20
1.17649e+20
1.14253e+20
1.11845e+20
1.10163e+20
1.08992e+20
1.08176e+20
1.07608e+20
1.07215e+20
1.06944e+20
1.06757e+20
1.06629e+20
1.06544e+20
1.0649e+20
3.02488e+20
2.98933e+20
2.92153e+20
2.82547e+20
2.70574e+20
2.56741e+20
2.41588e+20
2.25672e+20
2.09549e+20
1.93744e+20
1.78734e+20
1.64919e+20
1.52604e+20
1.41981e+20
1.33127e+20
1.26007e+20
1.20487e+20
1.16356e+20
1.13362e+20
1.11241e+20
1.09756e+20
1.08716e+20
1.07988e+20
1.07481e+20
1.0713e+20
1.06887e+20
1.06718e+20
1.06603e+20
1.06527e+20
1.06481e+20
3.78652e+20
3.74072e+20
3.65314e+20
3.52853e+20
3.37234e+20
3.19062e+20
2.98996e+20
2.77729e+20
2.55971e+20
2.34421e+20
2.13732e+20
1.94479e+20
1.77125e+20
1.61993e+20
1.49252e+20
1.38913e+20
1.30841e+20
1.24783e+20
1.20407e+20
1.17347e+20
1.15249e+20
1.13819e+20
1.1284e+20
1.12171e+20
1.11715e+20
1.11405e+20
1.11193e+20
1.1105e+20
1.10957e+20
1.109e+20
4.05101e+20
4.00247e+20
3.90954e+20
3.77706e+20
3.61055e+20
3.41619e+20
3.2007e+20
2.97126e+20
2.7353e+20
2.50023e+20
2.27311e+20
2.06028e+20
1.86699e+20
1.6971e+20
1.55282e+20
1.43468e+20
1.3416e+20
1.27115e+20
1.21989e+20
1.18392e+20
1.1593e+20
1.14264e+20
1.13133e+20
1.12363e+20
1.11841e+20
1.11487e+20
1.11248e+20
1.11085e+20
1.10979e+20
1.10912e+20
4.08026e+20
4.0314e+20
3.93785e+20
3.80447e+20
3.63678e+20
3.44098e+20
3.2238e+20
2.99247e+20
2.75444e+20
2.51717e+20
2.28779e+20
2.07271e+20
1.87725e+20
1.70532e+20
1.5592e+20
1.43947e+20
1.34506e+20
1.27356e+20
1.22151e+20
1.18497e+20
1.15998e+20
1.14307e+20
1.1316e+20
1.12381e+20
1.11852e+20
1.11495e+20
1.11252e+20
1.11088e+20
1.10981e+20
1.10913e+20
4.10351e+20
4.05445e+20
3.96052e+20
3.82654e+20
3.65808e+20
3.4613e+20
3.24297e+20
3.0103e+20
2.77077e+20
2.53187e+20
2.30077e+20
2.08391e+20
1.88669e+20
1.71306e+20
1.56536e+20
1.44421e+20
1.34859e+20
1.27608e+20
1.22325e+20
1.18614e+20
1.16075e+20
1.14358e+20
1.13194e+20
1.12403e+20
1.11867e+20
1.11505e+20
1.11259e+20
1.11093e+20
1.10983e+20
1.10915e+20
3.90275e+20
3.85562e+20
3.76544e+20
3.63703e+20
3.47589e+20
3.28817e+20
3.08053e+20
2.86006e+20
2.63404e+20
2.40967e+20
2.19374e+20
1.99226e+20
1.81015e+20
1.65089e+20
1.51639e+20
1.40691e+20
1.32117e+20
1.25666e+20
1.20998e+20
1.17731e+20
1.15496e+20
1.13978e+20
1.12944e+20
1.12238e+20
1.11758e+20
1.11433e+20
1.11211e+20
1.11062e+20
1.10964e+20
1.10904e+20
4.37659e+20
4.32378e+20
4.22261e+20
4.07819e+20
3.89636e+20
3.68369e+20
3.44735e+20
3.19509e+20
2.935e+20
2.67524e+20
2.42366e+20
2.1874e+20
1.97245e+20
1.78325e+20
1.62246e+20
1.49079e+20
1.38716e+20
1.3089e+20
1.25219e+20
1.21262e+20
1.18577e+20
1.16777e+20
1.15565e+20
1.14747e+20
1.14195e+20
1.13825e+20
1.13575e+20
1.13407e+20
1.13297e+20
1.1323e+20
4.6681e+20
4.61271e+20
4.50646e+20
4.35449e+20
4.16264e+20
3.93747e+20
3.68624e+20
3.41681e+20
3.13754e+20
2.85696e+20
2.58344e+20
2.32475e+20
2.08756e+20
1.87705e+20
1.69655e+20
1.54736e+20
1.42878e+20
1.33835e+20
1.27224e+20
1.22583e+20
1.19429e+20
1.17324e+20
1.1592e+20
1.14978e+20
1.14345e+20
1.13922e+20
1.13638e+20
1.13448e+20
1.13323e+20
1.13245e+20
4.706e+20
4.65025e+20
4.54332e+20
4.39033e+20
4.19713e+20
3.97029e+20
3.71706e+20
3.44535e+20
3.16354e+20
2.88022e+20
2.60382e+20
2.34219e+20
2.10212e+20
1.88886e+20
1.70583e+20
1.55441e+20
1.43394e+20
1.34197e+20
1.27468e+20
1.22742e+20
1.1953e+20
1.17388e+20
1.15961e+20
1.15004e+20
1.14362e+20
1.13933e+20
1.13645e+20
1.13452e+20
1.13326e+20
1.13247e+20
4.72928e+20
4.67338e+20
4.56612e+20
4.41265e+20
4.2188e+20
3.99112e+20
3.73687e+20
3.46395e+20
3.18076e+20
2.89589e+20
2.61781e+20
2.35442e+20
2.11255e+20
1.89752e+20
1.71282e+20
1.55985e+20
1.43803e+20
1.34493e+20
1.27674e+20
1.2288e+20
1.19621e+20
1.17447e+20
1.15999e+20
1.15029e+20
1.14379e+20
1.13944e+20
1.13652e+20
1.13457e+20
1.13329e+20
1.13248e+20
4.45489e+20
4.40131e+20
4.29863e+20
4.15198e+20
3.96722e+20
3.75092e+20
3.5103e+20
3.25316e+20
2.98768e+20
2.72214e+20
2.46455e+20
2.22222e+20
2.00134e+20
1.80654e+20
1.64064e+20
1.50451e+20
1.39712e+20
1.31585e+20
1.25686e+20
1.21567e+20
1.18772e+20
1.16901e+20
1.15645e+20
1.14798e+20
1.14228e+20
1.13846e+20
1.13588e+20
1.13416e+20
1.13303e+20
1.13233e+20
4.53312e+20
4.47875e+20
4.37452e+20
4.22559e+20
4.03784e+20
3.81786e+20
3.57292e+20
3.3109e+20
3.04008e+20
2.76886e+20
2.50541e+20
2.25725e+20
2.03073e+20
1.83067e+20
1.66006e+20
1.51985e+20
1.40911e+20
1.3252e+20
1.26424e+20
1.22165e+20
1.19277e+20
1.17347e+20
1.16053e+20
1.15181e+20
1.14595e+20
1.14202e+20
1.13937e+20
1.1376e+20
1.13645e+20
1.13573e+20
4.8871e+20
4.82981e+20
4.71984e+20
4.56233e+20
4.36311e+20
4.12875e+20
3.86653e+20
3.58443e+20
3.29098e+20
2.99499e+20
2.70522e+20
2.4299e+20
2.17623e+20
1.94993e+20
1.75484e+20
1.59267e+20
1.46302e+20
1.36358e+20
1.2905e+20
1.239e+20
1.20397e+20
1.18065e+20
1.16517e+20
1.15483e+20
1.1479e+20
1.14329e+20
1.1402e+20
1.13814e+20
1.13678e+20
1.13593e+20
4.9235e+20
4.86589e+20
4.75528e+20
4.59682e+20
4.39634e+20
4.1604e+20
3.8963e+20
3.61204e+20
3.31618e+20
3.01758e+20
2.72505e+20
2.44691e+20
2.19046e+20
1.9615e+20
1.76394e+20
1.5996e+20
1.4681e+20
1.36715e+20
1.29291e+20
1.24056e+20
1.20496e+20
1.18126e+20
1.16555e+20
1.15507e+20
1.14806e+20
1.14338e+20
1.14026e+20
1.13818e+20
1.13681e+20
1.13594e+20
4.95486e+20
4.89701e+20
4.78591e+20
4.62672e+20
4.42527e+20
4.18811e+20
3.92253e+20
3.63654e+20
3.33871e+20
3.03795e+20
2.74311e+20
2.46258e+20
2.20371e+20
1.97241e+20
1.77265e+20
1.60632e+20
1.4731e+20
1.37073e+20
1.29537e+20
1.24219e+20
1.206e+20
1.18193e+20
1.16598e+20
1.15535e+20
1.14823e+20
1.1435e+20
1.14034e+20
1.13823e+20
1.13684e+20
1.13596e+20
4.9835e+20
4.92546e+20
4.81399e+20
4.65424e+20
4.45201e+20
4.21386e+20
3.94706e+20
3.65963e+20
3.36013e+20
3.05749e+20
2.76061e+20
2.47792e+20
2.21684e+20
1.98334e+20
1.7815e+20
1.61324e+20
1.47832e+20
1.37452e+20
1.29801e+20
1.24396e+20
1.20716e+20
1.18268e+20
1.16647e+20
1.15566e+20
1.14844e+20
1.14363e+20
1.14043e+20
1.13829e+20
1.13687e+20
1.13598e+20
4.73258e+20
4.67653e+20
4.56899e+20
4.41512e+20
4.22078e+20
3.99255e+20
3.73772e+20
3.46423e+20
3.18051e+20
2.89522e+20
2.61686e+20
2.35335e+20
2.11153e+20
1.89674e+20
1.71242e+20
1.55996e+20
1.43872e+20
1.34621e+20
1.27858e+20
1.23111e+20
1.19888e+20
1.17738e+20
1.16306e+20
1.15346e+20
1.14702e+20
1.14271e+20
1.13983e+20
1.1379e+20
1.13663e+20
1.13584e+20
4.38387e+20
4.33185e+20
4.23213e+20
4.08966e+20
3.9101e+20
3.69975e+20
3.46558e+20
3.21507e+20
2.95611e+20
2.69667e+20
2.4445e+20
2.2067e+20
1.98932e+20
1.79695e+20
1.63246e+20
1.49683e+20
1.38927e+20
1.30736e+20
1.2475e+20
1.20542e+20
1.1767e+20
1.15738e+20
1.14437e+20
1.13556e+20
1.1296e+20
1.1256e+20
1.1229e+20
1.12108e+20
1.11989e+20
1.11914e+20
4.6722e+20
4.6178e+20
4.51338e+20
4.36392e+20
4.17502e+20
3.95298e+20
3.70477e+20
3.43799e+20
3.16072e+20
2.88125e+20
2.6078e+20
2.34805e+20
2.10871e+20
1.89508e+20
1.71071e+20
1.55721e+20
1.43419e+20
1.33953e+20
1.26968e+20
1.22018e+20
1.1863e+20
1.16359e+20
1.14842e+20
1.13821e+20
1.13133e+20
1.12673e+20
1.12364e+20
1.12157e+20
1.12019e+20
1.11932e+20
4.70562e+20
4.65091e+20
4.5459e+20
4.39556e+20
4.20549e+20
3.982e+20
3.73207e+20
3.46331e+20
3.18383e+20
2.90197e+20
2.62601e+20
2.36369e+20
2.12181e+20
1.90575e+20
1.71915e+20
1.56365e+20
1.43894e+20
1.34289e+20
1.27196e+20
1.22168e+20
1.18726e+20
1.16419e+20
1.1488e+20
1.13845e+20
1.13149e+20
1.12682e+20
1.1237e+20
1.12161e+20
1.12022e+20
1.11933e+20
4.73143e+20
4.67655e+20
4.57119e+20
4.42032e+20
4.22953e+20
4.00513e+20
3.75408e+20
3.48401e+20
3.203e+20
2.91945e+20
2.64165e+20
2.3774e+20
2.13354e+20
1.91553e+20
1.72706e+20
1.56985e+20
1.44363e+20
1.3463e+20
1.27435e+20
1.22329e+20
1.18832e+20
1.16489e+20
1.14925e+20
1.13875e+20
1.13169e+20
1.12696e+20
1.12379e+20
1.12166e+20
1.12025e+20
1.11935e+20
4.48848e+20
4.43564e+20
4.33431e+20
4.18944e+20
4.00665e+20
3.79224e+20
3.55315e+20
3.2969e+20
3.03144e+20
2.76484e+20
2.50501e+20
2.25925e+20
2.03386e+20
1.83369e+20
1.66186e+20
1.5196e+20
1.40627e+20
1.31958e+20
1.25596e+20
1.21108e+20
1.18041e+20
1.15981e+20
1.14596e+20
1.13661e+20
1.1303e+20
1.12605e+20
1.1232e+20
1.12128e+20
1.12001e+20
1.11921e+20
3.78283e+20
3.73839e+20
3.65335e+20
3.53217e+20
3.37995e+20
3.20238e+20
3.00562e+20
2.79623e+20
2.58097e+20
2.36652e+20
2.15926e+20
1.96489e+20
1.78813e+20
1.63243e+20
1.49982e+20
1.39082e+20
1.3045e+20
1.23875e+20
1.19054e+20
1.15638e+20
1.13276e+20
1.11657e+20
1.10546e+20
1.0978e+20
1.09255e+20
1.08898e+20
1.08655e+20
1.08489e+20
1.08378e+20
1.08308e+20
4.02226e+20
3.97562e+20
3.88626e+20
3.75868e+20
3.59804e+20
3.41004e+20
3.20093e+20
2.97743e+20
2.74648e+20
2.51512e+20
2.29012e+20
2.07767e+20
1.88301e+20
1.71017e+20
1.56167e+20
1.43848e+20
1.33999e+20
1.26424e+20
1.20822e+20
1.16829e+20
1.14064e+20
1.12178e+20
1.10892e+20
1.10011e+20
1.09408e+20
1.08999e+20
1.08722e+20
1.08533e+20
1.08407e+20
1.08326e+20
4.0522e+20
4.00526e+20
3.91531e+20
3.78687e+20
3.62508e+20
3.43569e+20
3.22495e+20
2.99958e+20
2.7666e+20
2.53306e+20
2.30581e+20
2.09107e+20
1.89419e+20
1.71925e+20
1.56882e+20
1.44393e+20
1.344e+20
1.26708e+20
1.21016e+20
1.16957e+20
1.14147e+20
1.12232e+20
1.10927e+20
1.10033e+20
1.09423e+20
1.09009e+20
1.08728e+20
1.08537e+20
1.08409e+20
1.08327e+20
4.06914e+20
4.02207e+20
3.93188e+20
3.80307e+20
3.64079e+20
3.45077e+20
3.23928e+20
3.01303e+20
2.77903e+20
2.54438e+20
2.31592e+20
2.09993e+20
1.90177e+20
1.72556e+20
1.57395e+20
1.44796e+20
1.34706e+20
1.26932e+20
1.21175e+20
1.17066e+20
1.1422e+20
1.12281e+20
1.1096e+20
1.10056e+20
1.09438e+20
1.09019e+20
1.08735e+20
1.08542e+20
1.08412e+20
1.08329e+20
3.81251e+20
3.76794e+20
3.68262e+20
3.561e+20
3.40817e+20
3.22977e+20
3.03196e+20
2.82126e+20
2.60443e+20
2.38817e+20
2.17888e+20
1.98229e+20
1.80321e+20
1.64516e+20
1.51026e+20
1.3991e+20
1.31085e+20
1.24345e+20
1.1939e+20
1.15872e+20
1.13435e+20
1.11766e+20
1.1062e+20
1.09831e+20
1.0929e+20
1.08922e+20
1.08671e+20
1.085e+20
1.08386e+20
1.08313e+20
2.9005e+20
2.86786e+20
2.80557e+20
2.7172e+20
2.60684e+20
2.47901e+20
2.33853e+20
2.19038e+20
2.03954e+20
1.89078e+20
1.74848e+20
1.61639e+20
1.49744e+20
1.39364e+20
1.30596e+20
1.23436e+20
1.1779e+20
1.13488e+20
1.10315e+20
1.08031e+20
1.06409e+20
1.05261e+20
1.04445e+20
1.0387e+20
1.03467e+20
1.03187e+20
1.02992e+20
1.02857e+20
1.02765e+20
1.02706e+20
3.09559e+20
3.06083e+20
2.99441e+20
2.89999e+20
2.78179e+20
2.64443e+20
2.4929e+20
2.33237e+20
2.16808e+20
2.00513e+20
1.84826e+20
1.70161e+20
1.56855e+20
1.45146e+20
1.35168e+20
1.26944e+20
1.20398e+20
1.15368e+20
1.11633e+20
1.08937e+20
1.07028e+20
1.05684e+20
1.04736e+20
1.04068e+20
1.03601e+20
1.03278e+20
1.03053e+20
1.02898e+20
1.02792e+20
1.02723e+20
3.11897e+20
3.08393e+20
3.01696e+20
2.92175e+20
2.80253e+20
2.66395e+20
2.51101e+20
2.34892e+20
2.18295e+20
2.01825e+20
1.85961e+20
1.71121e+20
1.57647e+20
1.45783e+20
1.35665e+20
1.27321e+20
1.20674e+20
1.15564e+20
1.11767e+20
1.09027e+20
1.07088e+20
1.05724e+20
1.04763e+20
1.04086e+20
1.03613e+20
1.03285e+20
1.03058e+20
1.02901e+20
1.02794e+20
1.02724e+20
3.13678e+20
3.10154e+20
3.03419e+20
2.93843e+20
2.81849e+20
2.67903e+20
2.52506e+20
2.36183e+20
2.19464e+20
2.02864e+20
1.86866e+20
1.71894e+20
1.58292e+20
1.46307e+20
1.36079e+20
1.27638e+20
1.20909e+20
1.15733e+20
1.11886e+20
1.09108e+20
1.07142e+20
1.05761e+20
1.04788e+20
1.04103e+20
1.03625e+20
1.03293e+20
1.03064e+20
1.02905e+20
1.02797e+20
1.02725e+20
3.15194e+20
3.11656e+20
3.04892e+20
2.95274e+20
2.83225e+20
2.69212e+20
2.53737e+20
2.37324e+20
2.20506e+20
2.038e+20
1.87692e+20
1.72607e+20
1.58894e+20
1.46803e+20
1.36477e+20
1.27947e+20
1.21143e+20
1.15904e+20
1.12007e+20
1.09192e+20
1.072e+20
1.05801e+20
1.04815e+20
1.04122e+20
1.03637e+20
1.03302e+20
1.0307e+20
1.02909e+20
1.02799e+20
1.02727e+20
2.98956e+20
2.95607e+20
2.89211e+20
2.80127e+20
2.68769e+20
2.55589e+20
2.41074e+20
2.25728e+20
2.10059e+20
1.94555e+20
1.79671e+20
1.65797e+20
1.53248e+20
1.42242e+20
1.32895e+20
1.25218e+20
1.19129e+20
1.14465e+20
1.11008e+20
1.08514e+20
1.06744e+20
1.05493e+20
1.04607e+20
1.03982e+20
1.03544e+20
1.03239e+20
1.03028e+20
1.02881e+20
1.02781e+20
1.02716e+20
2.06262e+20
2.04227e+20
2.00353e+20
1.94884e+20
1.88095e+20
1.80292e+20
1.71789e+20
1.62906e+20
1.53952e+20
1.45213e+20
1.36939e+20
1.29336e+20
1.22553e+20
1.16681e+20
1.1175e+20
1.07736e+20
1.04564e+20
1.02125e+20
1.0029e+20
9.89263e+19
9.79182e+19
9.71737e+19
9.66269e+19
9.62299e+19
9.59449e+19
9.57413e+19
9.55959e+19
9.54928e+19
9.54213e+19
9.53738e+19
2.16908e+20
2.14738e+20
2.10604e+20
2.04758e+20
1.97488e+20
1.89109e+20
1.79951e+20
1.70349e+20
1.6063e+20
1.511e+20
1.42031e+20
1.33649e+20
1.26126e+20
1.19569e+20
1.14027e+20
1.09484e+20
1.05872e+20
1.03082e+20
1.00978e+20
9.94181e+19
9.82697e+19
9.74252e+19
9.68058e+19
9.63558e+19
9.60328e+19
9.58026e+19
9.56386e+19
9.55223e+19
9.54412e+19
9.53865e+19
2.18313e+20
2.16123e+20
2.11952e+20
2.06051e+20
1.98712e+20
1.90251e+20
1.81e+20
1.71298e+20
1.61474e+20
1.51837e+20
1.42662e+20
1.34177e+20
1.26557e+20
1.19913e+20
1.14294e+20
1.09685e+20
1.0602e+20
1.03188e+20
1.01053e+20
9.94703e+19
9.8306e+19
9.74504e+19
9.68232e+19
9.63677e+19
9.60408e+19
9.5808e+19
9.56423e+19
9.55248e+19
9.54428e+19
9.53875e+19
2.19294e+20
2.17093e+20
2.12899e+20
2.06966e+20
1.99585e+20
1.91074e+20
1.81766e+20
1.72e+20
1.62107e+20
1.52399e+20
1.43151e+20
1.34595e+20
1.26906e+20
1.20198e+20
1.1452e+20
1.09861e+20
1.06152e+20
1.03286e+20
1.01124e+20
9.9521e+19
9.83423e+19
9.74765e+19
9.68419e+19
9.63809e+19
9.60501e+19
9.58145e+19
9.56469e+19
9.5528e+19
9.54449e+19
9.53889e+19
2.08777e+20
2.06722e+20
2.0281e+20
1.97283e+20
1.90418e+20
1.82517e+20
1.73897e+20
1.64879e+20
1.55771e+20
1.46864e+20
1.3841e+20
1.30621e+20
1.2365e+20
1.17596e+20
1.12495e+20
1.08326e+20
1.0502e+20
1.02469e+20
1.00545e+20
9.91151e+19
9.80576e+19
9.72765e+19
9.67021e+19
9.62843e+19
9.59839e+19
9.57692e+19
9.56158e+19
9.55069e+19
9.5431e+19
9.53801e+19
1.40577e+20
1.39552e+20
1.37606e+20
1.34872e+20
1.315e+20
1.27652e+20
1.23496e+20
1.19196e+20
1.14904e+20
1.10757e+20
1.0687e+20
1.0333e+20
1.00196e+20
9.74959e+19
9.52301e+19
9.33743e+19
9.18855e+19
9.07095e+19
8.97896e+19
8.90738e+19
8.85198e+19
8.80951e+19
8.7774e+19
8.75344e+19
8.73571e+19
8.72262e+19
8.71298e+19
8.70597e+19
8.70099e+19
8.69759e+19
1.45839e+20
1.44738e+20
1.42646e+20
1.39702e+20
1.36064e+20
1.31905e+20
1.274e+20
1.22724e+20
1.18041e+20
1.13498e+20
1.0922e+20
1.05306e+20
1.01824e+20
9.8809e+19
9.62677e+19
9.41788e+19
9.24999e+19
9.1174e+19
9.01391e+19
8.93364e+19
8.87164e+19
8.8241e+19
8.78809e+19
8.76119e+19
8.7413e+19
8.72666e+19
8.71589e+19
8.70804e+19
8.70242e+19
8.69853e+19
1.46572e+20
1.45459e+20
1.43344e+20
1.40368e+20
1.36691e+20
1.32485e+20
1.27929e+20
1.23197e+20
1.18457e+20
1.13857e+20
1.09525e+20
1.05559e+20
1.02029e+20
9.89719e+19
9.63942e+19
9.42751e+19
9.25719e+19
9.12272e+19
9.01781e+19
8.93649e+19
8.87372e+19
8.8256e+19
8.78916e+19
8.76194e+19
8.74183e+19
8.72703e+19
8.71615e+19
8.70821e+19
8.70253e+19
8.69861e+19
1.4696e+20
1.45842e+20
1.43718e+20
1.40728e+20
1.37032e+20
1.32805e+20
1.28225e+20
1.23467e+20
1.18699e+20
1.14071e+20
1.0971e+20
1.05716e+20
1.0216e+20
9.90789e+19
9.64798e+19
9.43423e+19
9.26237e+19
9.12668e+19
9.02082e+19
8.93877e+19
8.87544e+19
8.82689e+19
8.79012e+19
8.76265e+19
8.74234e+19
8.7274e+19
8.71642e+19
8.70841e+19
8.70267e+19
8.6987e+19
1.40306e+20
1.39294e+20
1.37373e+20
1.34673e+20
1.31342e+20
1.27539e+20
1.23428e+20
1.1917e+20
1.14916e+20
1.10802e+20
1.06939e+20
1.03415e+20
1.00289e+20
9.75905e+19
9.53207e+19
9.34572e+19
9.19588e+19
9.07727e+19
8.9843e+19
8.91184e+19
8.85565e+19
8.81247e+19
8.77974e+19
8.75526e+19
8.73712e+19
8.7237e+19
8.71381e+19
8.70659e+19
8.70144e+19
8.6979e+19
9.90297e+19
9.86267e+19
9.78639e+19
9.67958e+19
9.54849e+19
9.39979e+19
9.2402e+19
9.07614e+19
8.91344e+19
8.75707e+19
8.61099e+19
8.478e+19
8.35973e+19
8.25672e+19
8.16856e+19
8.09416e+19
8.03203e+19
7.98059e+19
7.93837e+19
7.90412e+19
7.87671e+19
7.85514e+19
7.83837e+19
7.82545e+19
7.81553e+19
7.80794e+19
7.80218e+19
7.79788e+19
7.79475e+19
7.79254e+19
1.01303e+20
1.00864e+20
1.00031e+20
9.88645e+19
9.74302e+19
9.57999e+19
9.40461e+19
9.22382e+19
9.04399e+19
8.87063e+19
8.70817e+19
8.55984e+19
8.42761e+19
8.31226e+19
8.2135e+19
8.13023e+19
8.06082e+19
8.00347e+19
7.95645e+19
7.91826e+19
7.88764e+19
7.86347e+19
7.84466e+19
7.83017e+19
7.81907e+19
7.8106e+19
7.80415e+19
7.79931e+19
7.79576e+19
7.79324e+19
1.0161e+20
1.01165e+20
1.00323e+20
9.91413e+19
9.76888e+19
9.60376e+19
9.42609e+19
9.24292e+19
9.06068e+19
8.88496e+19
8.72026e+19
8.56985e+19
8.43577e+19
8.31881e+19
8.21869e+19
8.1343e+19
8.06399e+19
8.00592e+19
7.95833e+19
7.91969e+19
7.88872e+19
7.86427e+19
7.84524e+19
7.8306e+19
7.81938e+19
7.81082e+19
7.80431e+19
7.79943e+19
7.79584e+19
7.79329e+19
1.0183e+20
1.01382e+20
1.00532e+20
9.93405e+19
9.78755e+19
9.62099e+19
9.44173e+19
9.25689e+19
9.07296e+19
8.89557e+19
8.72927e+19
8.57738e+19
8.44195e+19
8.32381e+19
8.22269e+19
8.13747e+19
8.06649e+19
8.00788e+19
7.95986e+19
7.92087e+19
7.88962e+19
7.86495e+19
7.84575e+19
7.83097e+19
7.81966e+19
7.81102e+19
7.80446e+19
7.79953e+19
7.79591e+19
7.79334e+19
1.01968e+20
1.01517e+20
1.00664e+20
9.94664e+19
9.79944e+19
9.63206e+19
9.4519e+19
9.26608e+19
9.08115e+19
8.90275e+19
8.73546e+19
8.58264e+19
8.44635e+19
8.32744e+19
8.22565e+19
8.13985e+19
8.0684e+19
8.00941e+19
7.96108e+19
7.92184e+19
7.89037e+19
7.86553e+19
7.84619e+19
7.83131e+19
7.81991e+19
7.81121e+19
7.8046e+19
7.79964e+19
7.79599e+19
7.79339e+19
9.97613e+19
9.93494e+19
9.85692e+19
9.74761e+19
9.61332e+19
9.4608e+19
9.29688e+19
9.12807e+19
8.96034e+19
8.79881e+19
8.64757e+19
8.50957e+19
8.38659e+19
8.27928e+19
8.18731e+19
8.10962e+19
8.04471e+19
7.99093e+19
7.94675e+19
7.91082e+19
7.88202e+19
7.85927e+19
7.84156e+19
7.8279e+19
7.81741e+19
7.80938e+19
7.80327e+19
7.79868e+19
7.79532e+19
7.79294e+19
8.2597e+19
8.23997e+19
8.20263e+19
8.15037e+19
8.08627e+19
8.01358e+19
7.93554e+19
7.8552e+19
7.77529e+19
7.69809e+19
7.62535e+19
7.55831e+19
7.49766e+19
7.44364e+19
7.39615e+19
7.35487e+19
7.31936e+19
7.28917e+19
7.26386e+19
7.24296e+19
7.22598e+19
7.21237e+19
7.20155e+19
7.19302e+19
7.1863e+19
7.18104e+19
7.17697e+19
7.17386e+19
7.17156e+19
7.1699e+19
8.35647e+19
8.33513e+19
8.29474e+19
8.23818e+19
8.16873e+19
8.08989e+19
8.00512e+19
7.91774e+19
7.83071e+19
7.74652e+19
7.66714e+19
7.59394e+19
7.52773e+19
7.46881e+19
7.41708e+19
7.37217e+19
7.33356e+19
7.30073e+19
7.27316e+19
7.25035e+19
7.23178e+19
7.21686e+19
7.20502e+19
7.19569e+19
7.18835e+19
7.18261e+19
7.17815e+19
7.17474e+19
7.17219e+19
7.17034e+19
8.37138e+19
8.34978e+19
8.30888e+19
8.2516e+19
8.18126e+19
8.10139e+19
8.01553e+19
7.927e+19
7.83882e+19
7.75353e+19
7.6731e+19
7.59895e+19
7.53189e+19
7.47223e+19
7.41987e+19
7.37442e+19
7.33538e+19
7.30218e+19
7.2743e+19
7.25124e+19
7.23246e+19
7.21738e+19
7.20541e+19
7.19598e+19
7.18857e+19
7.18277e+19
7.17827e+19
7.17483e+19
7.17225e+19
7.17038e+19
8.38069e+19
8.35893e+19
8.31773e+19
8.26002e+19
8.18916e+19
8.10869e+19
8.02217e+19
7.93296e+19
7.84409e+19
7.75811e+19
7.67704e+19
7.60229e+19
7.5347e+19
7.47457e+19
7.4218e+19
7.37601e+19
7.33667e+19
7.30323e+19
7.27514e+19
7.2519e+19
7.23297e+19
7.21778e+19
7.20572e+19
7.19621e+19
7.18875e+19
7.18291e+19
7.17837e+19
7.1749e+19
7.17231e+19
7.17042e+19
8.34681e+19
8.32563e+19
8.28554e+19
8.22939e+19
8.16047e+19
8.08223e+19
7.99812e+19
7.91144e+19
7.82511e+19
7.74162e+19
7.6629e+19
7.59032e+19
7.52467e+19
7.46624e+19
7.41494e+19
7.37039e+19
7.3321e+19
7.29953e+19
7.27219e+19
7.24957e+19
7.23116e+19
7.21638e+19
7.20465e+19
7.1954e+19
7.18813e+19
7.18244e+19
7.17802e+19
7.17464e+19
7.17212e+19
7.17029e+19
0
0
0
0
0
0
0
0
0
0
0
0
0
0
0
0
0
0
0
0
0
0
0
0
0
0
0
0
0
0
0
0
0
0
0
0
0
0
0
0
0
0
0
0
0
0
0
0
0
0
0
0
0
0
0
0
0
0
0
0
0
0
0
0
0
0
0
0
0
0
0
0
0
0
0
0
0
0
0
0
0
0
0
0
0
0
0
0
0
0
0
0
0
0
0
0
0
0
0
0
0
0
0
0
0
0
0
0
0
0
0
0
0
0
0
0
0
0
0
0
0
0
0
0
0
0
0
0
0
0
0
0
0
0
0
0
0
0
0
0
0
0
0
0
0
0
0
0
0
0
0
0
0
0
0
0
0
0
0
0
0
0
0
0
0
0
0
0
0
0
0
0
0
0
0
0
0
0
0
0
0
0
0
0
0
0
0
0
0
0
0
0
0
0
0
0
0
0
0
0
0
0
0
0
0
0
0
0
0
0
0
0
0
0
0
0
0
0
0
0
0
0
0
0
0
0
0
0
0
0
0
0
0
0
0
0
0
0
0
0
0
0
0
0
0
0
0
0
0
0
0
0
0
0
0
0
0
0
0
0
0
0
0
0
0
0
0
0
0
0
0
0
0
0
0
0
0
0
0
0
0
0
0
0
0
0
0
0
0
0
0
0
0
0
0
0
0
0
0
0
0
0
0
0
0
0
0
0
0
0
0
0
0
0
0
0
0
0
0
0
0
0
0
0
0
0
0
0
0
0
0
0
0
0
0
0
0
0
0
0
0
0
0
0
0
0
0
0
0
0
0
0
0
0
0
0
0
0
0
0
0
0
0
0
0
0
0
0
0
0
0
0
0
0
0
0
0
0
0
0
0
0
0
0
0
0
0
0
0
0
0
0
0
0
0
0
0
0
0
0
0
0
0
0
0
0
0
0
0
0
0
0
0
0
0
0
0
0
0
0
0
0
0
0
0
0
0
0
0
0
0
0
0
0
0
0
0
0
0
0
0
0
0
0
0
0
0
0
0
0
0
0
0
0
0
0
0
0
0
0
0
0
0
0
0
0
0
0
0
0
0
0
0
0
0
0
0
0
0
0
0
0
0
0
0
0
0
0
0
0
0
0
0
0
0
0
0
0
0
0
0
0
0
0
0
0
0
0
0
0
0
0
0
0
0
0
0
0
0
0
0
0
0
0
0
0
0
0
0
0
0
0
0
0
0
0
0
0
0
0
0
0
0
0
0
0
0
0
0
0
0
0
0
0
0
0
0
0
0
0
0
0
0
0
0
0
0
0
0
0
0
0
0
0
0
0
0
0
0
0
0
0
0
0
0
0
0
0
0
0
0
0
0
0
0
0
0
0
0
0
0
0
0
0
0
0
0
0
0
0
0
0
0
0
0
0
0
0
0
0
0
0
0
0
0
0
0
0
0
0
0
0
0
0
0
0
0
0
0
0
0
0
0
0
0
0
0
0
0
0
0
0
0
0
0
0
0
0
0
0
0
0
0
0
0
0
0
0
0
0
0
0
0
0
0
0
0
0
0
0
0
0
0
0
0
0
0
0
0
0
0
0
0
0
0
0
0
0
0
0
0
0
0
0
0
0
0
0
0
0
0
0
0
0
0
0
0
0
0
0
0
0
0
0
0
0
0
0
0
0
0
0
0
0
0
0
0
0
0
0
0
0
0
0
0
0
0
0
0
0
0
0
0
0
0
0
0
0
0
0
0
0
0
0
0
0
0
0
0
0
0
0
0
0
0
0
0
0
0
0
0
0
0
0
0
0
0
0
0
0
0
0
0
0
0
0
0
0
0
0
0
0
0
0
0
0
0
0
0
0
0
0
0
0
0
0
0
0
0
0
0
0
0
0
0
0
0
0
0
0
0
0
0
0
0
0
0
0
0
0
0
0
0
0
0
0
0
0
0
0
0
0
0
0
0
0
0
0
0
0
0
0
0
0
0
0
0
0
0
0
0
0
0
0
0
0
0
0
0
0
0
0
0
0
0
0
0
0
0
0
0
0
0
0
0
0
0
0
0
0
0
0
0
0
0
0
0
0
0
0
0
0
0
0
0
0
0
0
0
0
0
0
0
0
0
0
0
0
0
0
0
0
0
0
0
0
0
0
0
0
0
0
0
0
0
0
0
0
0
0
0
0
0
0
0
0
0
0
0
0
0
0
0
0
0
0
0
0
0
0
0
0
0
0
0
0
0
0
0
0
0
0
0
0
0
0
0
0
0
0
0
0
0
0
0
0
0
0
0
0
0
0
0
0
0
0
0
0
0
0
0
0
0
0
0
0
0
0
0
0
0
0
0
0
0
0
0
0
0
0
0
0
0
0
0
0
0
0
0
0
0
0
0
0
0
0
0
0
0
0
0
0
0
0
0
0
0
0
0
0
0
0
0
0
0
0
0
0
0
0
0
0
0
0
0
0
0
0
0
0
0
0
0
0
0
0
0
0
0
0
0
0
0
0
0
0
0
0
0
0
0
0
0
0
0
0
0
0
0
0
0
0
0
0
0
0
0
0
0
0
0
0
0
0
0
0
0
0
0
0
0
0
0
0
0
0
0
0
0
0
0
0
0
0
0
0
0
0
0
0
0
0
0
0
0
0
0
0
0
0
0
0
0
0
0
0
0
0
0
0
0
0
0
0
0
0
0
0
0
0
0
0
0
0
0
0
0
0
0
0
0
0
0
0
0
0
0
0
0
0
0
0
0
0
0
0
0
0
0
0
0
0
0
0
0
0
0
0
0
0
0
0
0
0
0
0
0
0
0
0
0
0
0
0
0
0
0
0
0
0
0
0
0
0
0
0
0
0
0
0
0
0
0
0
0
0
0
0
0
0
0
0
0
0
0
0
0
0
0
0
0
0
0
0
0
0
0
0
0
0
0
0
0
0
0
0
0
0
0
0
0
0
0
0
0
0
0
0
0
0
0
0
0
0
0
0
0
0
0
0
0
0
0
0
0
0
0
0
0
0
0
0
0
0
0
0
0
0
0
0
0
0
0
0
0
0
0
0
0
0
0
0
0
0
0
0
0
0
0
0
0
0
0
0
0
0
0
0
0
0
0
0
0
0
0
0
0
0
0
0
0
0
0
0
0
0
0
0
0
0
0
0
0
0
0
0
0
0
0
0
0
0
0
0
0
0
0
0
0
0
0
0
0
0
0
0
0
0
0
0
0
0
0
0
0
0
0
0
0
0
)
;

boundaryField
{
    fuelBottom
    {
        type            empty;
    }
    fuelTop_1
    {
        type            empty;
    }
    fuelOuter
    {
        type            zeroGradient;
    }
    fuelTop
    {
        type            empty;
    }
    fuelInner
    {
        type            zeroGradient;
    }
    cladBottom
    {
        type            empty;
    }
    cladInner
    {
        type            zeroGradient;
    }
    cladOuter
    {
        type            zeroGradient;
    }
    cladTop
    {
        type            empty;
    }
    front
    {
        type            wedge;
    }
    back
    {
        type            wedge;
    }
}


// ************************************************************************* //
