/*--------------------------------*- C++ -*----------------------------------*\
| =========                 |                                                 |
| \\      /  F ield         | OpenFOAM: The Open Source CFD Toolbox           |
|  \\    /   O peration     | Version:  2412                                  |
|   \\  /    A nd           | Website:  www.openfoam.com                      |
|    \\/     M anipulation  |                                                 |
\*---------------------------------------------------------------------------*/
FoamFile
{
    version     2.0;
    format      ascii;
    arch        "LSB;label=32;scalar=64";
    class       volScalarField;
    location    "583.522882481/fuelBehaviourRegion";
    object      SCIANTIX::grainModes_9;
}
// * * * * * * * * * * * * * * * * * * * * * * * * * * * * * * * * * * * * * //

dimensions      [0 0 0 0 0 0 0];

internalField   nonuniform List<scalar> 
4720
(
-3.23387e+19
-3.23387e+19
-3.23387e+19
-3.23387e+19
-3.23387e+19
-3.23387e+19
-3.23387e+19
-3.23387e+19
-3.23387e+19
-3.23387e+19
-3.23387e+19
-3.23387e+19
-3.23387e+19
-3.23387e+19
-3.23387e+19
-3.23387e+19
-3.23387e+19
-3.23387e+19
-3.23387e+19
-3.23387e+19
-3.23387e+19
-3.23387e+19
-3.23387e+19
-3.23387e+19
-3.23387e+19
-3.23387e+19
-3.23387e+19
-3.23387e+19
-3.23387e+19
-3.23387e+19
-3.23387e+19
-3.23387e+19
-3.23387e+19
-3.23387e+19
-3.23387e+19
-3.23387e+19
-3.23387e+19
-3.23387e+19
-3.23387e+19
-3.23387e+19
-3.23387e+19
-3.23387e+19
-3.23387e+19
-3.23387e+19
-3.23387e+19
-3.23387e+19
-3.23387e+19
-3.23387e+19
-3.23387e+19
-3.23387e+19
-3.23387e+19
-3.23387e+19
-3.23387e+19
-3.23387e+19
-3.23387e+19
-3.23387e+19
-3.23387e+19
-3.23387e+19
-3.23387e+19
-3.23387e+19
-3.23387e+19
-3.23387e+19
-3.23387e+19
-3.23387e+19
-3.23387e+19
-3.23387e+19
-3.23387e+19
-3.23387e+19
-3.23387e+19
-3.23387e+19
-3.23387e+19
-3.23387e+19
-3.23387e+19
-3.23387e+19
-3.23387e+19
-3.23387e+19
-3.23387e+19
-3.23387e+19
-3.23387e+19
-3.23387e+19
-3.23387e+19
-3.23387e+19
-3.23387e+19
-3.23387e+19
-3.23387e+19
-3.23387e+19
-3.23387e+19
-3.23387e+19
-3.23387e+19
-3.23387e+19
-3.23387e+19
-3.23387e+19
-3.23387e+19
-3.23387e+19
-3.23387e+19
-3.23387e+19
-3.23387e+19
-3.23387e+19
-3.23387e+19
-3.23387e+19
-3.23387e+19
-3.23387e+19
-3.23387e+19
-3.23387e+19
-3.23387e+19
-3.23387e+19
-3.23387e+19
-3.23387e+19
-3.23387e+19
-3.23387e+19
-3.23387e+19
-3.23387e+19
-3.23387e+19
-3.23387e+19
-3.23387e+19
-3.23387e+19
-3.23387e+19
-3.23387e+19
-3.23387e+19
-3.23387e+19
-3.23387e+19
-3.23387e+19
-3.23387e+19
-3.23387e+19
-3.23387e+19
-3.23387e+19
-3.23387e+19
-3.23387e+19
-3.23387e+19
-3.23387e+19
-3.23387e+19
-3.23387e+19
-3.23387e+19
-3.23387e+19
-3.23387e+19
-3.23387e+19
-3.23387e+19
-3.23387e+19
-3.23387e+19
-3.23387e+19
-3.23387e+19
-3.23387e+19
-3.23387e+19
-3.23387e+19
-3.23387e+19
-3.23387e+19
-3.23387e+19
-3.23387e+19
-3.23387e+19
-3.23387e+19
-3.23387e+19
-3.23387e+19
-3.23387e+19
-3.23387e+19
-3.23387e+19
-3.23387e+19
-3.23387e+19
-3.23387e+19
-3.23387e+19
-3.23387e+19
-3.23387e+19
-3.23387e+19
-3.23387e+19
-3.23387e+19
-3.23387e+19
-3.23387e+19
-3.23387e+19
-3.23387e+19
-3.23387e+19
-3.23387e+19
-3.23387e+19
-3.23387e+19
-3.23387e+19
-3.23387e+19
-3.23387e+19
-3.23387e+19
-3.23387e+19
-3.23387e+19
-3.23387e+19
-3.23387e+19
-3.57099e+19
-3.57099e+19
-3.57099e+19
-3.57099e+19
-3.57099e+19
-3.57099e+19
-3.57099e+19
-3.57099e+19
-3.57099e+19
-3.57099e+19
-3.57099e+19
-3.57099e+19
-3.57099e+19
-3.57099e+19
-3.57099e+19
-3.57099e+19
-3.57099e+19
-3.57099e+19
-3.57099e+19
-3.57099e+19
-3.57099e+19
-3.57099e+19
-3.57099e+19
-3.57099e+19
-3.57099e+19
-3.57099e+19
-3.57099e+19
-3.57099e+19
-3.57099e+19
-3.57099e+19
-3.57099e+19
-3.57099e+19
-3.57099e+19
-3.57099e+19
-3.57099e+19
-3.57099e+19
-3.57099e+19
-3.57099e+19
-3.57099e+19
-3.57099e+19
-3.57099e+19
-3.57099e+19
-3.57099e+19
-3.57099e+19
-3.57099e+19
-3.57099e+19
-3.57099e+19
-3.57099e+19
-3.57099e+19
-3.57099e+19
-3.57099e+19
-3.57099e+19
-3.57099e+19
-3.57099e+19
-3.57099e+19
-3.57099e+19
-3.57099e+19
-3.57099e+19
-3.57099e+19
-3.57099e+19
-3.57099e+19
-3.57099e+19
-3.57099e+19
-3.57099e+19
-3.57099e+19
-3.57099e+19
-3.57099e+19
-3.57099e+19
-3.57099e+19
-3.57099e+19
-3.57099e+19
-3.57099e+19
-3.57099e+19
-3.57099e+19
-3.57099e+19
-3.57099e+19
-3.57099e+19
-3.57099e+19
-3.57099e+19
-3.57099e+19
-3.57099e+19
-3.57099e+19
-3.57099e+19
-3.57099e+19
-3.57099e+19
-3.57099e+19
-3.57099e+19
-3.57099e+19
-3.57099e+19
-3.57099e+19
-3.57099e+19
-3.57099e+19
-3.57099e+19
-3.57099e+19
-3.57099e+19
-3.57099e+19
-3.57099e+19
-3.57099e+19
-3.57099e+19
-3.57099e+19
-3.57099e+19
-3.57099e+19
-3.57099e+19
-3.57099e+19
-3.57099e+19
-3.57099e+19
-3.57099e+19
-3.57099e+19
-3.57099e+19
-3.57099e+19
-3.57099e+19
-3.57099e+19
-3.57099e+19
-3.57099e+19
-3.57099e+19
-3.57099e+19
-3.57099e+19
-3.57099e+19
-3.57099e+19
-3.57099e+19
-3.57099e+19
-3.57099e+19
-3.57099e+19
-3.57099e+19
-3.57099e+19
-3.57099e+19
-3.57099e+19
-3.57099e+19
-3.57099e+19
-3.57099e+19
-3.57099e+19
-3.57099e+19
-3.57099e+19
-3.57099e+19
-3.57099e+19
-3.57099e+19
-3.57099e+19
-3.57099e+19
-3.57099e+19
-3.57099e+19
-3.57099e+19
-3.57099e+19
-3.57099e+19
-3.57099e+19
-3.57099e+19
-3.57099e+19
-3.57099e+19
-3.57099e+19
-3.57099e+19
-3.57099e+19
-3.57099e+19
-3.57099e+19
-3.57099e+19
-3.57099e+19
-3.57099e+19
-3.57099e+19
-3.57099e+19
-3.57099e+19
-3.57099e+19
-3.57099e+19
-3.57099e+19
-3.57099e+19
-3.57099e+19
-3.57099e+19
-3.57099e+19
-3.57099e+19
-3.57099e+19
-3.57099e+19
-3.57099e+19
-3.57099e+19
-3.57099e+19
-3.57099e+19
-3.57099e+19
-3.57099e+19
-3.57099e+19
-3.57099e+19
-3.57099e+19
-3.57099e+19
-3.57099e+19
-3.57099e+19
-4.45598e+19
-4.45598e+19
-4.45598e+19
-4.45598e+19
-4.45598e+19
-4.45598e+19
-4.45598e+19
-4.45598e+19
-4.45598e+19
-4.45598e+19
-4.45598e+19
-4.45598e+19
-4.45598e+19
-4.45598e+19
-4.45598e+19
-4.45598e+19
-4.45598e+19
-4.45598e+19
-4.45598e+19
-4.45598e+19
-4.45598e+19
-4.45598e+19
-4.45598e+19
-4.45598e+19
-4.45598e+19
-4.45598e+19
-4.45598e+19
-4.45598e+19
-4.45598e+19
-4.45598e+19
-4.45598e+19
-4.45598e+19
-4.45598e+19
-4.45598e+19
-4.45598e+19
-4.45598e+19
-4.45598e+19
-4.45598e+19
-4.45598e+19
-4.45598e+19
-4.45598e+19
-4.45598e+19
-4.45598e+19
-4.45598e+19
-4.45598e+19
-4.45598e+19
-4.45598e+19
-4.45598e+19
-4.45598e+19
-4.45598e+19
-4.45598e+19
-4.45598e+19
-4.45598e+19
-4.45598e+19
-4.45598e+19
-4.45598e+19
-4.45598e+19
-4.45598e+19
-4.45598e+19
-4.45598e+19
-4.45598e+19
-4.45598e+19
-4.45598e+19
-4.45598e+19
-4.45598e+19
-4.45598e+19
-4.45598e+19
-4.45598e+19
-4.45598e+19
-4.45598e+19
-4.45598e+19
-4.45598e+19
-4.45598e+19
-4.45598e+19
-4.45598e+19
-4.45598e+19
-4.45598e+19
-4.45598e+19
-4.45598e+19
-4.45598e+19
-4.45598e+19
-4.45598e+19
-4.45598e+19
-4.45598e+19
-4.45598e+19
-4.45598e+19
-4.45598e+19
-4.45598e+19
-4.45598e+19
-4.45598e+19
-4.45598e+19
-4.45598e+19
-4.45598e+19
-4.45598e+19
-4.45598e+19
-4.45598e+19
-4.45598e+19
-4.45598e+19
-4.45598e+19
-4.45598e+19
-4.45598e+19
-4.45598e+19
-4.45598e+19
-4.45598e+19
-4.45598e+19
-4.45598e+19
-4.45598e+19
-4.45598e+19
-4.45598e+19
-4.45598e+19
-4.45598e+19
-4.45598e+19
-4.45598e+19
-4.45598e+19
-4.45598e+19
-4.45598e+19
-4.45598e+19
-4.45598e+19
-4.45598e+19
-4.45598e+19
-4.45598e+19
-4.45598e+19
-4.45598e+19
-4.45598e+19
-4.45598e+19
-4.45598e+19
-4.45598e+19
-4.45598e+19
-4.45598e+19
-4.45598e+19
-4.45598e+19
-4.45598e+19
-4.45598e+19
-4.45598e+19
-4.45598e+19
-4.45598e+19
-4.45598e+19
-4.45598e+19
-4.45598e+19
-4.45598e+19
-4.45598e+19
-4.45598e+19
-4.45598e+19
-4.45598e+19
-4.45598e+19
-4.45598e+19
-4.45598e+19
-4.45598e+19
-4.45598e+19
-4.45598e+19
-4.45598e+19
-4.45598e+19
-4.45598e+19
-4.45598e+19
-4.45598e+19
-4.45598e+19
-4.45598e+19
-4.45598e+19
-4.45598e+19
-4.45598e+19
-4.45598e+19
-4.45598e+19
-4.45598e+19
-4.45598e+19
-4.45598e+19
-4.45598e+19
-4.45598e+19
-4.45598e+19
-4.45598e+19
-4.45598e+19
-4.45598e+19
-4.45598e+19
-4.45598e+19
-4.45598e+19
-4.45598e+19
-4.45598e+19
-4.45598e+19
-4.45598e+19
-4.45598e+19
-4.45598e+19
-5.93001e+19
-5.93001e+19
-5.93001e+19
-5.93001e+19
-5.93001e+19
-5.93001e+19
-5.93001e+19
-5.93001e+19
-5.93001e+19
-5.93001e+19
-5.93001e+19
-5.93001e+19
-5.93001e+19
-5.93002e+19
-5.93002e+19
-5.93002e+19
-5.93002e+19
-5.93002e+19
-5.93002e+19
-5.93002e+19
-5.93002e+19
-5.93002e+19
-5.93002e+19
-5.93002e+19
-5.93002e+19
-5.93002e+19
-5.93002e+19
-5.93002e+19
-5.93002e+19
-5.93002e+19
-5.93001e+19
-5.93001e+19
-5.93001e+19
-5.93001e+19
-5.93001e+19
-5.93001e+19
-5.93001e+19
-5.93001e+19
-5.93001e+19
-5.93001e+19
-5.93001e+19
-5.93001e+19
-5.93001e+19
-5.93001e+19
-5.93002e+19
-5.93002e+19
-5.93002e+19
-5.93002e+19
-5.93002e+19
-5.93002e+19
-5.93002e+19
-5.93002e+19
-5.93002e+19
-5.93002e+19
-5.93002e+19
-5.93002e+19
-5.93002e+19
-5.93002e+19
-5.93002e+19
-5.93002e+19
-5.93001e+19
-5.93001e+19
-5.93001e+19
-5.93001e+19
-5.93001e+19
-5.93001e+19
-5.93001e+19
-5.93001e+19
-5.93001e+19
-5.93001e+19
-5.93001e+19
-5.93001e+19
-5.93001e+19
-5.93001e+19
-5.93001e+19
-5.93002e+19
-5.93002e+19
-5.93002e+19
-5.93002e+19
-5.93002e+19
-5.93002e+19
-5.93002e+19
-5.93002e+19
-5.93002e+19
-5.93002e+19
-5.93002e+19
-5.93002e+19
-5.93002e+19
-5.93002e+19
-5.93002e+19
-5.93001e+19
-5.93001e+19
-5.93001e+19
-5.93001e+19
-5.93001e+19
-5.93001e+19
-5.93001e+19
-5.93001e+19
-5.93001e+19
-5.93001e+19
-5.93001e+19
-5.93001e+19
-5.93001e+19
-5.93001e+19
-5.93001e+19
-5.93002e+19
-5.93002e+19
-5.93002e+19
-5.93002e+19
-5.93002e+19
-5.93002e+19
-5.93002e+19
-5.93002e+19
-5.93002e+19
-5.93002e+19
-5.93002e+19
-5.93002e+19
-5.93002e+19
-5.93002e+19
-5.93002e+19
-5.93001e+19
-5.93001e+19
-5.93001e+19
-5.93001e+19
-5.93001e+19
-5.93001e+19
-5.93001e+19
-5.93001e+19
-5.93001e+19
-5.93001e+19
-5.93001e+19
-5.93001e+19
-5.93001e+19
-5.93001e+19
-5.93001e+19
-5.93002e+19
-5.93002e+19
-5.93002e+19
-5.93002e+19
-5.93002e+19
-5.93002e+19
-5.93002e+19
-5.93002e+19
-5.93002e+19
-5.93002e+19
-5.93002e+19
-5.93002e+19
-5.93002e+19
-5.93002e+19
-5.93002e+19
-5.93001e+19
-5.93001e+19
-5.93001e+19
-5.93001e+19
-5.93001e+19
-5.93001e+19
-5.93001e+19
-5.93001e+19
-5.93001e+19
-5.93001e+19
-5.93001e+19
-5.93001e+19
-5.93001e+19
-5.93001e+19
-5.93001e+19
-5.93001e+19
-5.93002e+19
-5.93002e+19
-5.93002e+19
-5.93002e+19
-5.93002e+19
-5.93002e+19
-5.93002e+19
-5.93002e+19
-5.93002e+19
-5.93002e+19
-5.93002e+19
-5.93002e+19
-5.93002e+19
-5.93002e+19
-7.95604e+19
-7.95604e+19
-7.95604e+19
-7.95604e+19
-7.95605e+19
-7.95605e+19
-7.95605e+19
-7.95605e+19
-7.95605e+19
-7.95605e+19
-7.95605e+19
-7.95605e+19
-7.95605e+19
-7.95606e+19
-7.95606e+19
-7.95606e+19
-7.95606e+19
-7.95606e+19
-7.95606e+19
-7.95606e+19
-7.95606e+19
-7.95607e+19
-7.95607e+19
-7.95607e+19
-7.95607e+19
-7.95607e+19
-7.95607e+19
-7.95607e+19
-7.95607e+19
-7.95607e+19
-7.95604e+19
-7.95604e+19
-7.95604e+19
-7.95604e+19
-7.95604e+19
-7.95604e+19
-7.95604e+19
-7.95604e+19
-7.95605e+19
-7.95605e+19
-7.95605e+19
-7.95605e+19
-7.95605e+19
-7.95605e+19
-7.95605e+19
-7.95606e+19
-7.95606e+19
-7.95606e+19
-7.95606e+19
-7.95606e+19
-7.95606e+19
-7.95606e+19
-7.95607e+19
-7.95607e+19
-7.95607e+19
-7.95607e+19
-7.95607e+19
-7.95607e+19
-7.95607e+19
-7.95607e+19
-7.95604e+19
-7.95604e+19
-7.95604e+19
-7.95604e+19
-7.95604e+19
-7.95604e+19
-7.95604e+19
-7.95604e+19
-7.95605e+19
-7.95605e+19
-7.95605e+19
-7.95605e+19
-7.95605e+19
-7.95605e+19
-7.95605e+19
-7.95606e+19
-7.95606e+19
-7.95606e+19
-7.95606e+19
-7.95606e+19
-7.95606e+19
-7.95606e+19
-7.95607e+19
-7.95607e+19
-7.95607e+19
-7.95607e+19
-7.95607e+19
-7.95607e+19
-7.95607e+19
-7.95607e+19
-7.95604e+19
-7.95604e+19
-7.95604e+19
-7.95604e+19
-7.95604e+19
-7.95604e+19
-7.95604e+19
-7.95604e+19
-7.95605e+19
-7.95605e+19
-7.95605e+19
-7.95605e+19
-7.95605e+19
-7.95605e+19
-7.95605e+19
-7.95606e+19
-7.95606e+19
-7.95606e+19
-7.95606e+19
-7.95606e+19
-7.95606e+19
-7.95606e+19
-7.95607e+19
-7.95607e+19
-7.95607e+19
-7.95607e+19
-7.95607e+19
-7.95607e+19
-7.95607e+19
-7.95607e+19
-7.95604e+19
-7.95604e+19
-7.95604e+19
-7.95604e+19
-7.95604e+19
-7.95604e+19
-7.95604e+19
-7.95604e+19
-7.95604e+19
-7.95605e+19
-7.95605e+19
-7.95605e+19
-7.95605e+19
-7.95605e+19
-7.95605e+19
-7.95605e+19
-7.95606e+19
-7.95606e+19
-7.95606e+19
-7.95606e+19
-7.95606e+19
-7.95606e+19
-7.95606e+19
-7.95607e+19
-7.95607e+19
-7.95607e+19
-7.95607e+19
-7.95607e+19
-7.95607e+19
-7.95607e+19
-7.95602e+19
-7.95602e+19
-7.95602e+19
-7.95602e+19
-7.95602e+19
-7.95602e+19
-7.95602e+19
-7.95602e+19
-7.95603e+19
-7.95603e+19
-7.95603e+19
-7.95603e+19
-7.95604e+19
-7.95604e+19
-7.95604e+19
-7.95604e+19
-7.95605e+19
-7.95605e+19
-7.95605e+19
-7.95605e+19
-7.95606e+19
-7.95606e+19
-7.95606e+19
-7.95606e+19
-7.95606e+19
-7.95607e+19
-7.95607e+19
-7.95607e+19
-7.95607e+19
-7.95607e+19
-3.86683e+20
-3.86705e+20
-3.86747e+20
-3.86808e+20
-3.86886e+20
-3.86979e+20
-3.87086e+20
-3.87206e+20
-3.87336e+20
-3.87475e+20
-3.8762e+20
-3.87771e+20
-3.87922e+20
-3.88073e+20
-3.88219e+20
-3.88357e+20
-3.88485e+20
-3.88602e+20
-3.88706e+20
-3.88797e+20
-3.88875e+20
-3.88942e+20
-3.88997e+20
-3.89042e+20
-3.89078e+20
-3.89106e+20
-3.89127e+20
-3.89142e+20
-3.89153e+20
-3.8916e+20
-3.86193e+20
-3.86219e+20
-3.8627e+20
-3.86342e+20
-3.86434e+20
-3.86544e+20
-3.86669e+20
-3.86808e+20
-3.86959e+20
-3.87121e+20
-3.87291e+20
-3.87468e+20
-3.87649e+20
-3.8783e+20
-3.88007e+20
-3.88177e+20
-3.88336e+20
-3.88481e+20
-3.8861e+20
-3.88723e+20
-3.88819e+20
-3.889e+20
-3.88967e+20
-3.89021e+20
-3.89063e+20
-3.89096e+20
-3.89121e+20
-3.89139e+20
-3.89151e+20
-3.89159e+20
-3.86178e+20
-3.86205e+20
-3.86255e+20
-3.86328e+20
-3.86421e+20
-3.86531e+20
-3.86657e+20
-3.86797e+20
-3.86949e+20
-3.87111e+20
-3.87282e+20
-3.8746e+20
-3.87641e+20
-3.87823e+20
-3.88002e+20
-3.88173e+20
-3.88333e+20
-3.88478e+20
-3.88608e+20
-3.88721e+20
-3.88818e+20
-3.88899e+20
-3.88966e+20
-3.8902e+20
-3.89063e+20
-3.89096e+20
-3.89121e+20
-3.89139e+20
-3.89151e+20
-3.89159e+20
-3.8616e+20
-3.86187e+20
-3.86238e+20
-3.86311e+20
-3.86404e+20
-3.86514e+20
-3.86641e+20
-3.86781e+20
-3.86933e+20
-3.87096e+20
-3.87267e+20
-3.87446e+20
-3.87628e+20
-3.8781e+20
-3.8799e+20
-3.88162e+20
-3.88323e+20
-3.8847e+20
-3.88601e+20
-3.88716e+20
-3.88813e+20
-3.88895e+20
-3.88963e+20
-3.89018e+20
-3.89061e+20
-3.89095e+20
-3.8912e+20
-3.89138e+20
-3.89151e+20
-3.89159e+20
-3.86274e+20
-3.863e+20
-3.86349e+20
-3.86421e+20
-3.86512e+20
-3.8662e+20
-3.86745e+20
-3.86883e+20
-3.87033e+20
-3.87194e+20
-3.87363e+20
-3.87538e+20
-3.87716e+20
-3.87894e+20
-3.88067e+20
-3.88232e+20
-3.88386e+20
-3.88525e+20
-3.88648e+20
-3.88755e+20
-3.88846e+20
-3.88922e+20
-3.88984e+20
-3.89035e+20
-3.89074e+20
-3.89104e+20
-3.89127e+20
-3.89143e+20
-3.89154e+20
-3.89161e+20
-4.40703e+20
-4.40766e+20
-4.40885e+20
-4.41053e+20
-4.41261e+20
-4.415e+20
-4.41762e+20
-4.42039e+20
-4.42327e+20
-4.42619e+20
-4.42915e+20
-4.43214e+20
-4.43515e+20
-4.43818e+20
-4.44124e+20
-4.44429e+20
-4.44727e+20
-4.45012e+20
-4.45275e+20
-4.4551e+20
-4.45713e+20
-4.45883e+20
-4.46023e+20
-4.46134e+20
-4.46221e+20
-4.46288e+20
-4.46336e+20
-4.46371e+20
-4.46394e+20
-4.46408e+20
-4.40209e+20
-4.4028e+20
-4.40414e+20
-4.40603e+20
-4.40837e+20
-4.41105e+20
-4.41397e+20
-4.41705e+20
-4.42021e+20
-4.42341e+20
-4.4266e+20
-4.42978e+20
-4.43295e+20
-4.43612e+20
-4.43931e+20
-4.44248e+20
-4.44562e+20
-4.44864e+20
-4.45147e+20
-4.45403e+20
-4.45626e+20
-4.45814e+20
-4.45969e+20
-4.46094e+20
-4.46191e+20
-4.46266e+20
-4.46321e+20
-4.46361e+20
-4.46387e+20
-4.46405e+20
-4.40166e+20
-4.40237e+20
-4.40373e+20
-4.40564e+20
-4.408e+20
-4.41071e+20
-4.41366e+20
-4.41677e+20
-4.41996e+20
-4.42318e+20
-4.42639e+20
-4.42959e+20
-4.43278e+20
-4.43596e+20
-4.43916e+20
-4.44235e+20
-4.44549e+20
-4.44853e+20
-4.45138e+20
-4.45395e+20
-4.45619e+20
-4.45809e+20
-4.45965e+20
-4.46091e+20
-4.46189e+20
-4.46265e+20
-4.4632e+20
-4.4636e+20
-4.46387e+20
-4.46404e+20
-4.40122e+20
-4.40195e+20
-4.40332e+20
-4.40525e+20
-4.40763e+20
-4.41036e+20
-4.41334e+20
-4.41647e+20
-4.41969e+20
-4.42293e+20
-4.42616e+20
-4.42938e+20
-4.43258e+20
-4.43578e+20
-4.43898e+20
-4.44218e+20
-4.44534e+20
-4.4484e+20
-4.45126e+20
-4.45385e+20
-4.45611e+20
-4.45803e+20
-4.4596e+20
-4.46087e+20
-4.46186e+20
-4.46262e+20
-4.46319e+20
-4.46359e+20
-4.46386e+20
-4.46404e+20
-4.40087e+20
-4.4016e+20
-4.40298e+20
-4.40493e+20
-4.40733e+20
-4.41008e+20
-4.41308e+20
-4.41623e+20
-4.41947e+20
-4.42273e+20
-4.42598e+20
-4.42921e+20
-4.43242e+20
-4.43563e+20
-4.43884e+20
-4.44204e+20
-4.44521e+20
-4.44827e+20
-4.45115e+20
-4.45375e+20
-4.45603e+20
-4.45796e+20
-4.45955e+20
-4.46083e+20
-4.46183e+20
-4.4626e+20
-4.46317e+20
-4.46358e+20
-4.46386e+20
-4.46403e+20
-4.4035e+20
-4.40419e+20
-4.4055e+20
-4.40734e+20
-4.40962e+20
-4.41223e+20
-4.41508e+20
-4.41809e+20
-4.42118e+20
-4.42431e+20
-4.42744e+20
-4.43058e+20
-4.43372e+20
-4.43686e+20
-4.44002e+20
-4.44318e+20
-4.44628e+20
-4.44926e+20
-4.45203e+20
-4.45451e+20
-4.45667e+20
-4.45848e+20
-4.45996e+20
-4.46115e+20
-4.46208e+20
-4.46278e+20
-4.4633e+20
-4.46367e+20
-4.46391e+20
-4.46407e+20
-4.85937e+20
-4.8611e+20
-4.86438e+20
-4.86898e+20
-4.87463e+20
-4.88106e+20
-4.88798e+20
-4.89514e+20
-4.90228e+20
-4.90922e+20
-4.91582e+20
-4.922e+20
-4.92772e+20
-4.93304e+20
-4.93802e+20
-4.94277e+20
-4.94737e+20
-4.95188e+20
-4.95626e+20
-4.9604e+20
-4.96416e+20
-4.96743e+20
-4.97015e+20
-4.97233e+20
-4.97403e+20
-4.97532e+20
-4.97626e+20
-4.97692e+20
-4.97736e+20
-4.97763e+20
-4.84824e+20
-4.85017e+20
-4.85382e+20
-4.85893e+20
-4.86523e+20
-4.8724e+20
-4.88013e+20
-4.88812e+20
-4.8961e+20
-4.90386e+20
-4.91121e+20
-4.91806e+20
-4.92436e+20
-4.93013e+20
-4.93547e+20
-4.94047e+20
-4.94527e+20
-4.94994e+20
-4.95448e+20
-4.95882e+20
-4.96282e+20
-4.96634e+20
-4.96929e+20
-4.97168e+20
-4.97356e+20
-4.97498e+20
-4.97602e+20
-4.97676e+20
-4.97726e+20
-4.97757e+20
-4.84696e+20
-4.84891e+20
-4.8526e+20
-4.85778e+20
-4.86415e+20
-4.87141e+20
-4.87923e+20
-4.88732e+20
-4.8954e+20
-4.90325e+20
-4.91069e+20
-4.91762e+20
-4.92398e+20
-4.92981e+20
-4.93519e+20
-4.94023e+20
-4.94505e+20
-4.94973e+20
-4.95429e+20
-4.95865e+20
-4.96268e+20
-4.96622e+20
-4.9692e+20
-4.97162e+20
-4.97351e+20
-4.97494e+20
-4.976e+20
-4.97675e+20
-4.97725e+20
-4.97757e+20
-4.84604e+20
-4.848e+20
-4.85172e+20
-4.85694e+20
-4.86336e+20
-4.87067e+20
-4.87855e+20
-4.88671e+20
-4.89486e+20
-4.90277e+20
-4.91028e+20
-4.91726e+20
-4.92368e+20
-4.92955e+20
-4.93496e+20
-4.94002e+20
-4.94485e+20
-4.94955e+20
-4.95412e+20
-4.95849e+20
-4.96254e+20
-4.9661e+20
-4.96911e+20
-4.97154e+20
-4.97345e+20
-4.9749e+20
-4.97597e+20
-4.97673e+20
-4.97724e+20
-4.97756e+20
-4.85275e+20
-4.8546e+20
-4.85812e+20
-4.86306e+20
-4.86913e+20
-4.87603e+20
-4.88346e+20
-4.89114e+20
-4.8988e+20
-4.90624e+20
-4.9133e+20
-4.91987e+20
-4.92593e+20
-4.93152e+20
-4.9367e+20
-4.94161e+20
-4.94633e+20
-4.95094e+20
-4.95543e+20
-4.95969e+20
-4.96358e+20
-4.96698e+20
-4.96981e+20
-4.97209e+20
-4.97386e+20
-4.9752e+20
-4.97618e+20
-4.97687e+20
-4.97733e+20
-4.97761e+20
-5.17403e+20
-5.17747e+20
-5.18401e+20
-5.1932e+20
-5.20455e+20
-5.21751e+20
-5.23153e+20
-5.24606e+20
-5.26059e+20
-5.27467e+20
-5.28792e+20
-5.30007e+20
-5.31098e+20
-5.3206e+20
-5.32902e+20
-5.33642e+20
-5.34306e+20
-5.34922e+20
-5.35509e+20
-5.36077e+20
-5.36615e+20
-5.37105e+20
-5.37526e+20
-5.3787e+20
-5.38138e+20
-5.38341e+20
-5.38488e+20
-5.3859e+20
-5.38658e+20
-5.38699e+20
-5.15222e+20
-5.156e+20
-5.16318e+20
-5.1733e+20
-5.18581e+20
-5.20013e+20
-5.21567e+20
-5.23182e+20
-5.24802e+20
-5.26376e+20
-5.27863e+20
-5.29229e+20
-5.30455e+20
-5.31534e+20
-5.32472e+20
-5.33286e+20
-5.34003e+20
-5.34653e+20
-5.35264e+20
-5.35851e+20
-5.36413e+20
-5.36932e+20
-5.37386e+20
-5.37762e+20
-5.38058e+20
-5.38284e+20
-5.38448e+20
-5.38564e+20
-5.38642e+20
-5.3869e+20
-5.14948e+20
-5.1533e+20
-5.16057e+20
-5.1708e+20
-5.18346e+20
-5.19796e+20
-5.21368e+20
-5.23004e+20
-5.24645e+20
-5.26241e+20
-5.27747e+20
-5.29133e+20
-5.30376e+20
-5.3147e+20
-5.3242e+20
-5.33244e+20
-5.33967e+20
-5.34622e+20
-5.35236e+20
-5.35826e+20
-5.3639e+20
-5.36913e+20
-5.37371e+20
-5.3775e+20
-5.3805e+20
-5.38277e+20
-5.38444e+20
-5.38562e+20
-5.3864e+20
-5.38689e+20
-5.14775e+20
-5.15159e+20
-5.1589e+20
-5.1692e+20
-5.18194e+20
-5.19654e+20
-5.21237e+20
-5.22885e+20
-5.24538e+20
-5.26147e+20
-5.27666e+20
-5.29064e+20
-5.30318e+20
-5.31422e+20
-5.3238e+20
-5.3321e+20
-5.33939e+20
-5.34597e+20
-5.35213e+20
-5.35804e+20
-5.3637e+20
-5.36895e+20
-5.37356e+20
-5.37738e+20
-5.38041e+20
-5.38271e+20
-5.3844e+20
-5.38558e+20
-5.38638e+20
-5.38688e+20
-5.1662e+20
-5.16978e+20
-5.17659e+20
-5.18616e+20
-5.19798e+20
-5.2115e+20
-5.22612e+20
-5.24128e+20
-5.25645e+20
-5.27114e+20
-5.28498e+20
-5.29767e+20
-5.30904e+20
-5.31906e+20
-5.32779e+20
-5.33543e+20
-5.34224e+20
-5.34851e+20
-5.35448e+20
-5.36023e+20
-5.3657e+20
-5.37069e+20
-5.37499e+20
-5.3785e+20
-5.38125e+20
-5.38332e+20
-5.38482e+20
-5.38587e+20
-5.38656e+20
-5.38698e+20
-5.3846e+20
-5.3902e+20
-5.40086e+20
-5.41592e+20
-5.43462e+20
-5.45613e+20
-5.47959e+20
-5.50411e+20
-5.52884e+20
-5.55301e+20
-5.5759e+20
-5.59698e+20
-5.61586e+20
-5.63232e+20
-5.64636e+20
-5.65817e+20
-5.6681e+20
-5.67661e+20
-5.6842e+20
-5.69129e+20
-5.69807e+20
-5.70445e+20
-5.71016e+20
-5.71495e+20
-5.71874e+20
-5.7216e+20
-5.72368e+20
-5.72512e+20
-5.72606e+20
-5.72663e+20
-5.3455e+20
-5.35162e+20
-5.36329e+20
-5.37979e+20
-5.40034e+20
-5.42405e+20
-5.45e+20
-5.47724e+20
-5.50487e+20
-5.53199e+20
-5.55785e+20
-5.58178e+20
-5.60333e+20
-5.6222e+20
-5.63832e+20
-5.65183e+20
-5.66305e+20
-5.67248e+20
-5.68065e+20
-5.6881e+20
-5.69514e+20
-5.70184e+20
-5.70795e+20
-5.71321e+20
-5.71743e+20
-5.72066e+20
-5.72303e+20
-5.72469e+20
-5.7258e+20
-5.72648e+20
-5.34188e+20
-5.34804e+20
-5.35981e+20
-5.37645e+20
-5.39718e+20
-5.4211e+20
-5.44729e+20
-5.47479e+20
-5.50269e+20
-5.5301e+20
-5.55623e+20
-5.58043e+20
-5.60222e+20
-5.62131e+20
-5.63762e+20
-5.65129e+20
-5.66264e+20
-5.67215e+20
-5.68038e+20
-5.68786e+20
-5.69493e+20
-5.70165e+20
-5.7078e+20
-5.71308e+20
-5.71734e+20
-5.7206e+20
-5.72299e+20
-5.72466e+20
-5.72578e+20
-5.72647e+20
-5.33836e+20
-5.34457e+20
-5.35642e+20
-5.37319e+20
-5.39408e+20
-5.41819e+20
-5.44459e+20
-5.47234e+20
-5.50049e+20
-5.52816e+20
-5.55455e+20
-5.57901e+20
-5.60105e+20
-5.62036e+20
-5.63686e+20
-5.65069e+20
-5.66216e+20
-5.67176e+20
-5.68006e+20
-5.68757e+20
-5.69466e+20
-5.70141e+20
-5.70759e+20
-5.71292e+20
-5.71722e+20
-5.72051e+20
-5.72293e+20
-5.72462e+20
-5.72575e+20
-5.72646e+20
-5.33528e+20
-5.34152e+20
-5.35344e+20
-5.37031e+20
-5.39133e+20
-5.41559e+20
-5.44217e+20
-5.47012e+20
-5.49848e+20
-5.52637e+20
-5.553e+20
-5.57769e+20
-5.59994e+20
-5.61945e+20
-5.63613e+20
-5.65011e+20
-5.6617e+20
-5.67138e+20
-5.67973e+20
-5.68727e+20
-5.69439e+20
-5.70116e+20
-5.70737e+20
-5.71274e+20
-5.71708e+20
-5.72041e+20
-5.72285e+20
-5.72458e+20
-5.72572e+20
-5.72644e+20
-5.36086e+20
-5.3668e+20
-5.37812e+20
-5.39412e+20
-5.41401e+20
-5.43693e+20
-5.46198e+20
-5.48822e+20
-5.51476e+20
-5.54076e+20
-5.56547e+20
-5.58828e+20
-5.60875e+20
-5.62664e+20
-5.64189e+20
-5.65467e+20
-5.66534e+20
-5.67436e+20
-5.68228e+20
-5.68958e+20
-5.69652e+20
-5.70309e+20
-5.70904e+20
-5.71408e+20
-5.7181e+20
-5.72115e+20
-5.72337e+20
-5.72492e+20
-5.72594e+20
-5.72657e+20
-5.47688e+20
-5.4846e+20
-5.49938e+20
-5.52033e+20
-5.54649e+20
-5.5768e+20
-5.61013e+20
-5.64532e+20
-5.68119e+20
-5.71662e+20
-5.75058e+20
-5.78217e+20
-5.81071e+20
-5.83574e+20
-5.85708e+20
-5.87481e+20
-5.8893e+20
-5.9011e+20
-5.91094e+20
-5.91955e+20
-5.92752e+20
-5.93509e+20
-5.9421e+20
-5.94821e+20
-5.95316e+20
-5.95694e+20
-5.95969e+20
-5.96161e+20
-5.96287e+20
-5.96364e+20
-5.43268e+20
-5.44091e+20
-5.45666e+20
-5.47903e+20
-5.50702e+20
-5.53955e+20
-5.57544e+20
-5.61348e+20
-5.65244e+20
-5.69112e+20
-5.7284e+20
-5.76329e+20
-5.795e+20
-5.82298e+20
-5.84696e+20
-5.86695e+20
-5.88325e+20
-5.89641e+20
-5.90717e+20
-5.91635e+20
-5.92464e+20
-5.93246e+20
-5.9398e+20
-5.94633e+20
-5.95172e+20
-5.9559e+20
-5.95897e+20
-5.96114e+20
-5.96257e+20
-5.96347e+20
-5.42778e+20
-5.43607e+20
-5.45193e+20
-5.47446e+20
-5.50267e+20
-5.53545e+20
-5.57163e+20
-5.61e+20
-5.64931e+20
-5.68835e+20
-5.726e+20
-5.76126e+20
-5.79332e+20
-5.82163e+20
-5.84589e+20
-5.86613e+20
-5.88262e+20
-5.89594e+20
-5.9068e+20
-5.91604e+20
-5.92437e+20
-5.93222e+20
-5.93959e+20
-5.94616e+20
-5.9516e+20
-5.95581e+20
-5.95891e+20
-5.9611e+20
-5.96255e+20
-5.96346e+20
-5.42389e+20
-5.43221e+20
-5.44815e+20
-5.47079e+20
-5.49914e+20
-5.53209e+20
-5.56848e+20
-5.60707e+20
-5.64663e+20
-5.68595e+20
-5.72388e+20
-5.75943e+20
-5.79177e+20
-5.82035e+20
-5.84486e+20
-5.86531e+20
-5.88199e+20
-5.89544e+20
-5.90641e+20
-5.9157e+20
-5.92407e+20
-5.93194e+20
-5.93934e+20
-5.94594e+20
-5.95143e+20
-5.95569e+20
-5.95883e+20
-5.96104e+20
-5.96251e+20
-5.96343e+20
-5.45747e+20
-5.46543e+20
-5.48068e+20
-5.50231e+20
-5.52934e+20
-5.5607e+20
-5.59523e+20
-5.63174e+20
-5.66903e+20
-5.70592e+20
-5.74136e+20
-5.7744e+20
-5.80431e+20
-5.83061e+20
-5.85305e+20
-5.87172e+20
-5.88694e+20
-5.89929e+20
-5.90949e+20
-5.91833e+20
-5.92643e+20
-5.93412e+20
-5.94127e+20
-5.94754e+20
-5.95266e+20
-5.95659e+20
-5.95946e+20
-5.96146e+20
-5.96278e+20
-5.96359e+20
-5.50589e+20
-5.51488e+20
-5.53212e+20
-5.55662e+20
-5.58731e+20
-5.62302e+20
-5.66249e+20
-5.70439e+20
-5.74738e+20
-5.79014e+20
-5.83141e+20
-5.8701e+20
-5.9053e+20
-5.93637e+20
-5.96297e+20
-5.98509e+20
-6.00304e+20
-6.01741e+20
-6.02903e+20
-6.0388e+20
-6.04755e+20
-6.05578e+20
-6.06352e+20
-6.07041e+20
-6.0761e+20
-6.08049e+20
-6.0837e+20
-6.08594e+20
-6.08741e+20
-6.08831e+20
-5.45686e+20
-5.46635e+20
-5.48455e+20
-5.51047e+20
-5.543e+20
-5.58096e+20
-5.62306e+20
-5.66794e+20
-5.7142e+20
-5.76045e+20
-5.80537e+20
-5.84773e+20
-5.88652e+20
-5.921e+20
-5.95071e+20
-5.97555e+20
-5.99575e+20
-6.01187e+20
-6.02473e+20
-6.03528e+20
-6.04446e+20
-6.05296e+20
-6.06099e+20
-6.06829e+20
-6.07446e+20
-6.07929e+20
-6.08286e+20
-6.08538e+20
-6.08707e+20
-6.08812e+20
-5.45047e+20
-5.46003e+20
-5.47836e+20
-5.50447e+20
-5.53725e+20
-5.57552e+20
-5.61797e+20
-5.66324e+20
-5.70994e+20
-5.75666e+20
-5.80205e+20
-5.84489e+20
-5.88415e+20
-5.91907e+20
-5.94918e+20
-5.97437e+20
-5.99486e+20
-6.01121e+20
-6.02422e+20
-6.03488e+20
-6.04412e+20
-6.05266e+20
-6.06072e+20
-6.06807e+20
-6.07428e+20
-6.07916e+20
-6.08278e+20
-6.08533e+20
-6.08703e+20
-6.0881e+20
-5.44655e+20
-5.45613e+20
-5.47453e+20
-5.50073e+20
-5.53364e+20
-5.57206e+20
-5.61469e+20
-5.66018e+20
-5.70712e+20
-5.75409e+20
-5.79976e+20
-5.84289e+20
-5.88245e+20
-5.91765e+20
-5.94803e+20
-5.97345e+20
-5.99415e+20
-6.01066e+20
-6.0238e+20
-6.03453e+20
-6.04382e+20
-6.05238e+20
-6.06046e+20
-6.06784e+20
-6.0741e+20
-6.07903e+20
-6.08268e+20
-6.08526e+20
-6.08699e+20
-6.08807e+20
-5.49273e+20
-5.50187e+20
-5.51939e+20
-5.54431e+20
-5.57553e+20
-5.61189e+20
-5.65211e+20
-5.69485e+20
-5.73876e+20
-5.78248e+20
-5.82475e+20
-5.86443e+20
-5.90058e+20
-5.93254e+20
-5.95995e+20
-5.98276e+20
-6.00127e+20
-6.01608e+20
-6.02799e+20
-6.03795e+20
-6.04681e+20
-6.05511e+20
-6.06293e+20
-6.06992e+20
-6.07573e+20
-6.08022e+20
-6.08352e+20
-6.08582e+20
-6.08734e+20
-6.08827e+20
-5.49822e+20
-5.50751e+20
-5.52533e+20
-5.55067e+20
-5.58245e+20
-5.61947e+20
-5.66044e+20
-5.70402e+20
-5.74883e+20
-5.79349e+20
-5.83672e+20
-5.87734e+20
-5.91439e+20
-5.94718e+20
-5.97531e+20
-5.99875e+20
-6.01776e+20
-6.03294e+20
-6.04512e+20
-6.05525e+20
-6.06422e+20
-6.07262e+20
-6.08055e+20
-6.08767e+20
-6.0936e+20
-6.0982e+20
-6.10157e+20
-6.10392e+20
-6.10548e+20
-6.10644e+20
-5.43855e+20
-5.44841e+20
-5.46734e+20
-5.49432e+20
-5.52823e+20
-5.56788e+20
-5.61193e+20
-5.65902e+20
-5.70771e+20
-5.75656e+20
-5.80416e+20
-5.84923e+20
-5.89069e+20
-5.92769e+20
-5.9597e+20
-5.98655e+20
-6.00844e+20
-6.02588e+20
-6.03968e+20
-6.05085e+20
-6.06041e+20
-6.06915e+20
-6.07741e+20
-6.085e+20
-6.09151e+20
-6.09666e+20
-6.10049e+20
-6.1032e+20
-6.10503e+20
-6.10618e+20
-5.4324e+20
-5.44232e+20
-5.46138e+20
-5.48854e+20
-5.52269e+20
-5.56261e+20
-5.60701e+20
-5.65448e+20
-5.70358e+20
-5.75287e+20
-5.80093e+20
-5.84647e+20
-5.88838e+20
-5.9258e+20
-5.9582e+20
-5.9854e+20
-6.00757e+20
-6.02523e+20
-6.0392e+20
-6.05048e+20
-6.06009e+20
-6.06887e+20
-6.07716e+20
-6.0848e+20
-6.09135e+20
-6.09654e+20
-6.10041e+20
-6.10315e+20
-6.105e+20
-6.10616e+20
-5.42709e+20
-5.43707e+20
-5.45622e+20
-5.48352e+20
-5.51785e+20
-5.55801e+20
-5.60267e+20
-5.65044e+20
-5.69989e+20
-5.74954e+20
-5.79799e+20
-5.84392e+20
-5.88622e+20
-5.92402e+20
-5.95677e+20
-5.98428e+20
-6.00671e+20
-6.02459e+20
-6.03871e+20
-6.05009e+20
-6.05977e+20
-6.06857e+20
-6.07689e+20
-6.08457e+20
-6.09116e+20
-6.0964e+20
-6.10031e+20
-6.10309e+20
-6.10496e+20
-6.10614e+20
-5.42225e+20
-5.43226e+20
-5.45149e+20
-5.4789e+20
-5.51338e+20
-5.55372e+20
-5.59861e+20
-5.64664e+20
-5.69637e+20
-5.74634e+20
-5.79513e+20
-5.84142e+20
-5.88408e+20
-5.92224e+20
-5.95532e+20
-5.98313e+20
-6.00582e+20
-6.02391e+20
-6.03819e+20
-6.04967e+20
-6.05941e+20
-6.06825e+20
-6.07659e+20
-6.0843e+20
-6.09095e+20
-6.09624e+20
-6.1002e+20
-6.10301e+20
-6.10491e+20
-6.10611e+20
-5.46463e+20
-5.47425e+20
-5.4927e+20
-5.51898e+20
-5.55198e+20
-5.5905e+20
-5.63323e+20
-5.67881e+20
-5.72582e+20
-5.77286e+20
-5.81856e+20
-5.86169e+20
-5.90122e+20
-5.93637e+20
-5.96667e+20
-5.992e+20
-6.01261e+20
-6.02903e+20
-6.0421e+20
-6.05278e+20
-6.06207e+20
-6.07066e+20
-6.07878e+20
-6.08618e+20
-6.09244e+20
-6.09735e+20
-6.10098e+20
-6.10353e+20
-6.10524e+20
-6.1063e+20
-5.43149e+20
-5.44037e+20
-5.45739e+20
-5.4816e+20
-5.51195e+20
-5.54731e+20
-5.58645e+20
-5.62809e+20
-5.67092e+20
-5.71363e+20
-5.755e+20
-5.79392e+20
-5.82949e+20
-5.86102e+20
-5.88815e+20
-5.91081e+20
-5.92927e+20
-5.94406e+20
-5.95596e+20
-5.96587e+20
-5.97463e+20
-5.98285e+20
-5.99062e+20
-5.99766e+20
-6.00358e+20
-6.0082e+20
-6.01162e+20
-6.01403e+20
-6.01564e+20
-6.01665e+20
-5.38297e+20
-5.39231e+20
-5.41023e+20
-5.43576e+20
-5.46784e+20
-5.50532e+20
-5.54696e+20
-5.59144e+20
-5.6374e+20
-5.68349e+20
-5.72839e+20
-5.77091e+20
-5.81003e+20
-5.84498e+20
-5.87525e+20
-5.9007e+20
-5.9215e+20
-5.93814e+20
-5.95138e+20
-5.96215e+20
-5.9714e+20
-5.97988e+20
-5.98793e+20
-5.99536e+20
-6.00175e+20
-6.00684e+20
-6.01066e+20
-6.01338e+20
-6.01523e+20
-6.0164e+20
-5.37733e+20
-5.38673e+20
-5.40476e+20
-5.43046e+20
-5.46276e+20
-5.50051e+20
-5.54245e+20
-5.58727e+20
-5.63361e+20
-5.6801e+20
-5.72543e+20
-5.76837e+20
-5.8079e+20
-5.84323e+20
-5.87386e+20
-5.89962e+20
-5.92068e+20
-5.93753e+20
-5.95092e+20
-5.96179e+20
-5.9711e+20
-5.97962e+20
-5.98769e+20
-5.99515e+20
-6.00159e+20
-6.00673e+20
-6.01058e+20
-6.01333e+20
-6.01519e+20
-6.01639e+20
-5.37298e+20
-5.38241e+20
-5.40051e+20
-5.42631e+20
-5.45875e+20
-5.49666e+20
-5.53881e+20
-5.58386e+20
-5.63047e+20
-5.67725e+20
-5.72287e+20
-5.76614e+20
-5.80599e+20
-5.84164e+20
-5.87256e+20
-5.89859e+20
-5.91988e+20
-5.93691e+20
-5.95044e+20
-5.9614e+20
-5.97076e+20
-5.97931e+20
-5.98741e+20
-5.9949e+20
-6.00139e+20
-6.00657e+20
-6.01047e+20
-6.01325e+20
-6.01514e+20
-6.01636e+20
-5.41391e+20
-5.42295e+20
-5.44027e+20
-5.46494e+20
-5.49589e+20
-5.53198e+20
-5.572e+20
-5.61464e+20
-5.65858e+20
-5.7025e+20
-5.74514e+20
-5.78536e+20
-5.82222e+20
-5.855e+20
-5.88329e+20
-5.90698e+20
-5.92631e+20
-5.94178e+20
-5.95417e+20
-5.96439e+20
-5.97333e+20
-5.98164e+20
-5.98952e+20
-5.99672e+20
-6.00283e+20
-6.00765e+20
-6.01123e+20
-6.01376e+20
-6.01547e+20
-6.01655e+20
-5.33372e+20
-5.34123e+20
-5.35561e+20
-5.37602e+20
-5.40157e+20
-5.43123e+20
-5.46395e+20
-5.49862e+20
-5.53412e+20
-5.56937e+20
-5.60336e+20
-5.63521e+20
-5.6642e+20
-5.68984e+20
-5.71188e+20
-5.73033e+20
-5.74546e+20
-5.75775e+20
-5.76788e+20
-5.77657e+20
-5.78449e+20
-5.79201e+20
-5.79913e+20
-5.80552e+20
-5.81086e+20
-5.81503e+20
-5.81813e+20
-5.82033e+20
-5.82182e+20
-5.82276e+20
-5.29369e+20
-5.30161e+20
-5.31678e+20
-5.33836e+20
-5.36542e+20
-5.39693e+20
-5.43179e+20
-5.46888e+20
-5.50703e+20
-5.5451e+20
-5.58202e+20
-5.61681e+20
-5.64868e+20
-5.67705e+20
-5.70159e+20
-5.72222e+20
-5.73916e+20
-5.75286e+20
-5.76399e+20
-5.7733e+20
-5.78156e+20
-5.78931e+20
-5.79668e+20
-5.80344e+20
-5.80921e+20
-5.8138e+20
-5.81725e+20
-5.81973e+20
-5.82143e+20
-5.82253e+20
-5.28867e+20
-5.29664e+20
-5.31193e+20
-5.33367e+20
-5.36093e+20
-5.39268e+20
-5.42784e+20
-5.46525e+20
-5.50374e+20
-5.54217e+20
-5.57946e+20
-5.61462e+20
-5.64685e+20
-5.67556e+20
-5.7004e+20
-5.7213e+20
-5.73846e+20
-5.75233e+20
-5.76357e+20
-5.77297e+20
-5.78127e+20
-5.78904e+20
-5.79644e+20
-5.80324e+20
-5.80906e+20
-5.81369e+20
-5.81718e+20
-5.81968e+20
-5.8214e+20
-5.82251e+20
-5.28583e+20
-5.29383e+20
-5.30916e+20
-5.33097e+20
-5.35832e+20
-5.39019e+20
-5.42547e+20
-5.46304e+20
-5.5017e+20
-5.54032e+20
-5.57781e+20
-5.61318e+20
-5.64562e+20
-5.67452e+20
-5.69955e+20
-5.72062e+20
-5.73792e+20
-5.75191e+20
-5.76324e+20
-5.77268e+20
-5.78102e+20
-5.78881e+20
-5.79622e+20
-5.80305e+20
-5.8089e+20
-5.81357e+20
-5.81709e+20
-5.81962e+20
-5.82136e+20
-5.82249e+20
-5.32876e+20
-5.3363e+20
-5.35073e+20
-5.37123e+20
-5.39689e+20
-5.4267e+20
-5.45961e+20
-5.49451e+20
-5.53028e+20
-5.56583e+20
-5.60015e+20
-5.63236e+20
-5.66172e+20
-5.68773e+20
-5.71013e+20
-5.72891e+20
-5.74431e+20
-5.75683e+20
-5.76711e+20
-5.7759e+20
-5.78386e+20
-5.79141e+20
-5.79858e+20
-5.80505e+20
-5.81048e+20
-5.81474e+20
-5.81792e+20
-5.82018e+20
-5.82172e+20
-5.8227e+20
-5.17257e+20
-5.17802e+20
-5.18842e+20
-5.20314e+20
-5.22148e+20
-5.24266e+20
-5.26586e+20
-5.29028e+20
-5.31509e+20
-5.33953e+20
-5.36291e+20
-5.38466e+20
-5.40434e+20
-5.42169e+20
-5.43662e+20
-5.44922e+20
-5.45976e+20
-5.46864e+20
-5.47636e+20
-5.48339e+20
-5.49009e+20
-5.49654e+20
-5.50256e+20
-5.50784e+20
-5.51218e+20
-5.51556e+20
-5.51807e+20
-5.51987e+20
-5.52111e+20
-5.52191e+20
-5.14025e+20
-5.14607e+20
-5.15719e+20
-5.17296e+20
-5.19265e+20
-5.21546e+20
-5.24054e+20
-5.26702e+20
-5.29406e+20
-5.32083e+20
-5.34658e+20
-5.37066e+20
-5.39259e+20
-5.41202e+20
-5.42881e+20
-5.44299e+20
-5.4548e+20
-5.46462e+20
-5.47297e+20
-5.48037e+20
-5.48729e+20
-5.49394e+20
-5.50024e+20
-5.50591e+20
-5.51067e+20
-5.51443e+20
-5.51726e+20
-5.51931e+20
-5.52074e+20
-5.52168e+20
-5.13637e+20
-5.14224e+20
-5.15346e+20
-5.16937e+20
-5.18923e+20
-5.21225e+20
-5.23756e+20
-5.26431e+20
-5.29163e+20
-5.31868e+20
-5.34472e+20
-5.36909e+20
-5.39128e+20
-5.41096e+20
-5.42796e+20
-5.44233e+20
-5.45428e+20
-5.46422e+20
-5.47264e+20
-5.48009e+20
-5.48703e+20
-5.4937e+20
-5.50004e+20
-5.50574e+20
-5.51054e+20
-5.51433e+20
-5.5172e+20
-5.51927e+20
-5.52071e+20
-5.52166e+20
-5.13341e+20
-5.13931e+20
-5.1506e+20
-5.16661e+20
-5.1866e+20
-5.20976e+20
-5.23525e+20
-5.26219e+20
-5.28972e+20
-5.31698e+20
-5.34324e+20
-5.36782e+20
-5.39022e+20
-5.41009e+20
-5.42726e+20
-5.44177e+20
-5.45385e+20
-5.46387e+20
-5.47235e+20
-5.47984e+20
-5.4868e+20
-5.49349e+20
-5.49985e+20
-5.50558e+20
-5.51042e+20
-5.51424e+20
-5.51713e+20
-5.51923e+20
-5.52068e+20
-5.52165e+20
-5.13089e+20
-5.13682e+20
-5.14816e+20
-5.16424e+20
-5.18433e+20
-5.20761e+20
-5.23323e+20
-5.26032e+20
-5.28801e+20
-5.31545e+20
-5.34189e+20
-5.36665e+20
-5.38923e+20
-5.40926e+20
-5.42659e+20
-5.44123e+20
-5.45341e+20
-5.46352e+20
-5.47206e+20
-5.47958e+20
-5.48657e+20
-5.49327e+20
-5.49964e+20
-5.50541e+20
-5.51027e+20
-5.51413e+20
-5.51705e+20
-5.51917e+20
-5.52065e+20
-5.52162e+20
-5.15783e+20
-5.16342e+20
-5.17412e+20
-5.18927e+20
-5.20816e+20
-5.23002e+20
-5.25402e+20
-5.27932e+20
-5.3051e+20
-5.33056e+20
-5.35501e+20
-5.37782e+20
-5.39854e+20
-5.41686e+20
-5.43267e+20
-5.44603e+20
-5.45718e+20
-5.46651e+20
-5.47452e+20
-5.48173e+20
-5.48852e+20
-5.49507e+20
-5.50124e+20
-5.50674e+20
-5.51131e+20
-5.5149e+20
-5.5176e+20
-5.51954e+20
-5.52089e+20
-5.52177e+20
-4.90805e+20
-4.91142e+20
-4.91783e+20
-4.92687e+20
-4.93807e+20
-4.95094e+20
-4.96496e+20
-4.9796e+20
-4.99437e+20
-5.00882e+20
-5.02257e+20
-5.03531e+20
-5.04684e+20
-5.05707e+20
-5.06601e+20
-5.07379e+20
-5.08062e+20
-5.08677e+20
-5.09252e+20
-5.09808e+20
-5.10351e+20
-5.10867e+20
-5.11337e+20
-5.11738e+20
-5.12063e+20
-5.12316e+20
-5.12506e+20
-5.12644e+20
-5.12741e+20
-5.12805e+20
-4.89053e+20
-4.89413e+20
-4.90097e+20
-4.91064e+20
-4.92265e+20
-4.93647e+20
-4.95156e+20
-4.96738e+20
-4.98339e+20
-4.99911e+20
-5.01412e+20
-5.02808e+20
-5.04076e+20
-5.05201e+20
-5.06184e+20
-5.07033e+20
-5.0777e+20
-5.08422e+20
-5.0902e+20
-5.0959e+20
-5.10145e+20
-5.10679e+20
-5.11173e+20
-5.11604e+20
-5.11959e+20
-5.12238e+20
-5.1245e+20
-5.12605e+20
-5.12714e+20
-5.12788e+20
-4.88822e+20
-4.89184e+20
-4.89875e+20
-4.90852e+20
-4.92064e+20
-4.9346e+20
-4.94984e+20
-4.96582e+20
-4.982e+20
-4.99789e+20
-5.01308e+20
-5.0272e+20
-5.04003e+20
-5.05141e+20
-5.06135e+20
-5.06994e+20
-5.07738e+20
-5.08395e+20
-5.08996e+20
-5.09568e+20
-5.10124e+20
-5.10661e+20
-5.11158e+20
-5.11592e+20
-5.1195e+20
-5.12231e+20
-5.12445e+20
-5.12601e+20
-5.12712e+20
-5.12787e+20
-4.8866e+20
-4.89025e+20
-4.8972e+20
-4.90701e+20
-4.9192e+20
-4.93325e+20
-4.94859e+20
-4.96467e+20
-4.98096e+20
-4.99697e+20
-5.01227e+20
-5.0265e+20
-5.03943e+20
-5.05092e+20
-5.06094e+20
-5.0696e+20
-5.0771e+20
-5.0837e+20
-5.08974e+20
-5.09547e+20
-5.10104e+20
-5.10642e+20
-5.11141e+20
-5.11578e+20
-5.11939e+20
-5.12223e+20
-5.12439e+20
-5.12597e+20
-5.12709e+20
-5.12785e+20
-4.90392e+20
-4.90732e+20
-4.91379e+20
-4.92292e+20
-4.93426e+20
-4.94729e+20
-4.96149e+20
-4.97635e+20
-4.99137e+20
-5.00609e+20
-5.02012e+20
-5.03315e+20
-5.04496e+20
-5.05545e+20
-5.06463e+20
-5.0726e+20
-5.07958e+20
-5.08582e+20
-5.09163e+20
-5.09721e+20
-5.10266e+20
-5.10788e+20
-5.11266e+20
-5.11679e+20
-5.12017e+20
-5.1228e+20
-5.1248e+20
-5.12625e+20
-5.12728e+20
-5.12797e+20
-4.55501e+20
-4.55671e+20
-4.55994e+20
-4.56447e+20
-4.57007e+20
-4.57648e+20
-4.58342e+20
-4.59064e+20
-4.59791e+20
-4.60501e+20
-4.6118e+20
-4.61816e+20
-4.62403e+20
-4.62942e+20
-4.63439e+20
-4.63903e+20
-4.64346e+20
-4.6478e+20
-4.65209e+20
-4.6563e+20
-4.66033e+20
-4.66403e+20
-4.66725e+20
-4.66993e+20
-4.67209e+20
-4.67378e+20
-4.67506e+20
-4.676e+20
-4.67668e+20
-4.67714e+20
-4.54633e+20
-4.54816e+20
-4.55162e+20
-4.55649e+20
-4.56252e+20
-4.56942e+20
-4.57692e+20
-4.58473e+20
-4.5926e+20
-4.60032e+20
-4.60769e+20
-4.61459e+20
-4.62095e+20
-4.62675e+20
-4.63205e+20
-4.63693e+20
-4.64153e+20
-4.64597e+20
-4.65033e+20
-4.65464e+20
-4.65881e+20
-4.66269e+20
-4.66613e+20
-4.66904e+20
-4.6714e+20
-4.67325e+20
-4.67467e+20
-4.67572e+20
-4.67648e+20
-4.67701e+20
-4.54513e+20
-4.54697e+20
-4.55046e+20
-4.55539e+20
-4.56148e+20
-4.56846e+20
-4.57604e+20
-4.58394e+20
-4.5919e+20
-4.5997e+20
-4.60716e+20
-4.61414e+20
-4.62057e+20
-4.62643e+20
-4.63177e+20
-4.63669e+20
-4.64131e+20
-4.64577e+20
-4.65015e+20
-4.65447e+20
-4.65866e+20
-4.66256e+20
-4.66602e+20
-4.66895e+20
-4.67133e+20
-4.6732e+20
-4.67463e+20
-4.6757e+20
-4.67647e+20
-4.677e+20
-4.54448e+20
-4.54633e+20
-4.54985e+20
-4.5548e+20
-4.56092e+20
-4.56793e+20
-4.57555e+20
-4.58349e+20
-4.59149e+20
-4.59934e+20
-4.60684e+20
-4.61386e+20
-4.62032e+20
-4.62622e+20
-4.63159e+20
-4.63652e+20
-4.64116e+20
-4.64562e+20
-4.65001e+20
-4.65433e+20
-4.65853e+20
-4.66244e+20
-4.66592e+20
-4.66887e+20
-4.67127e+20
-4.67315e+20
-4.6746e+20
-4.67567e+20
-4.67645e+20
-4.67699e+20
-4.55546e+20
-4.55714e+20
-4.56032e+20
-4.5648e+20
-4.57033e+20
-4.57667e+20
-4.58353e+20
-4.59068e+20
-4.59788e+20
-4.60493e+20
-4.61168e+20
-4.618e+20
-4.62385e+20
-4.62922e+20
-4.63417e+20
-4.6388e+20
-4.64322e+20
-4.64753e+20
-4.6518e+20
-4.65601e+20
-4.66004e+20
-4.66375e+20
-4.667e+20
-4.66972e+20
-4.67192e+20
-4.67363e+20
-4.67495e+20
-4.67592e+20
-4.67662e+20
-4.67709e+20
-4.12701e+20
-4.12771e+20
-4.12903e+20
-4.1309e+20
-4.13321e+20
-4.13586e+20
-4.13876e+20
-4.14181e+20
-4.14493e+20
-4.14806e+20
-4.15117e+20
-4.15424e+20
-4.15727e+20
-4.16028e+20
-4.16331e+20
-4.16637e+20
-4.16945e+20
-4.17254e+20
-4.17555e+20
-4.1784e+20
-4.18099e+20
-4.18326e+20
-4.18518e+20
-4.18676e+20
-4.18803e+20
-4.18904e+20
-4.18982e+20
-4.1904e+20
-4.19082e+20
-4.19112e+20
-4.12311e+20
-4.12386e+20
-4.12529e+20
-4.12731e+20
-4.1298e+20
-4.13266e+20
-4.13578e+20
-4.13907e+20
-4.14242e+20
-4.14577e+20
-4.14908e+20
-4.15232e+20
-4.15549e+20
-4.15861e+20
-4.1617e+20
-4.16481e+20
-4.16795e+20
-4.17109e+20
-4.1742e+20
-4.17717e+20
-4.17992e+20
-4.18235e+20
-4.18444e+20
-4.18617e+20
-4.18757e+20
-4.18869e+20
-4.18955e+20
-4.1902e+20
-4.19069e+20
-4.19103e+20
-4.12258e+20
-4.12334e+20
-4.12479e+20
-4.12683e+20
-4.12935e+20
-4.13224e+20
-4.1354e+20
-4.13872e+20
-4.1421e+20
-4.14549e+20
-4.14883e+20
-4.15209e+20
-4.15528e+20
-4.15842e+20
-4.16153e+20
-4.16465e+20
-4.16779e+20
-4.17095e+20
-4.17406e+20
-4.17705e+20
-4.17981e+20
-4.18227e+20
-4.18437e+20
-4.18612e+20
-4.18753e+20
-4.18866e+20
-4.18953e+20
-4.19019e+20
-4.19068e+20
-4.19102e+20
-4.12221e+20
-4.12297e+20
-4.12443e+20
-4.12648e+20
-4.12902e+20
-4.13194e+20
-4.13512e+20
-4.13846e+20
-4.14187e+20
-4.14528e+20
-4.14864e+20
-4.15192e+20
-4.15513e+20
-4.15827e+20
-4.16139e+20
-4.16452e+20
-4.16767e+20
-4.17083e+20
-4.17395e+20
-4.17695e+20
-4.17973e+20
-4.1822e+20
-4.18431e+20
-4.18607e+20
-4.1875e+20
-4.18863e+20
-4.18951e+20
-4.19017e+20
-4.19067e+20
-4.19101e+20
-4.12197e+20
-4.12274e+20
-4.1242e+20
-4.12627e+20
-4.12882e+20
-4.13174e+20
-4.13494e+20
-4.13829e+20
-4.14172e+20
-4.14514e+20
-4.14851e+20
-4.1518e+20
-4.15502e+20
-4.15817e+20
-4.16129e+20
-4.16442e+20
-4.16757e+20
-4.17074e+20
-4.17387e+20
-4.17687e+20
-4.17966e+20
-4.18214e+20
-4.18426e+20
-4.18603e+20
-4.18746e+20
-4.1886e+20
-4.18949e+20
-4.19016e+20
-4.19065e+20
-4.19101e+20
-4.12575e+20
-4.12646e+20
-4.12781e+20
-4.12971e+20
-4.13207e+20
-4.13477e+20
-4.13772e+20
-4.14083e+20
-4.14401e+20
-4.14721e+20
-4.15037e+20
-4.15348e+20
-4.15654e+20
-4.15958e+20
-4.16262e+20
-4.16568e+20
-4.16877e+20
-4.17187e+20
-4.17491e+20
-4.17781e+20
-4.18046e+20
-4.1828e+20
-4.1848e+20
-4.18645e+20
-4.18779e+20
-4.18885e+20
-4.18967e+20
-4.19029e+20
-4.19075e+20
-4.19107e+20
-3.81299e+20
-3.81337e+20
-3.8141e+20
-3.81512e+20
-3.81641e+20
-3.81791e+20
-3.81958e+20
-3.82139e+20
-3.82329e+20
-3.82529e+20
-3.82736e+20
-3.82949e+20
-3.8317e+20
-3.83398e+20
-3.83633e+20
-3.83872e+20
-3.8411e+20
-3.84343e+20
-3.84564e+20
-3.84766e+20
-3.84946e+20
-3.85102e+20
-3.85233e+20
-3.85341e+20
-3.8543e+20
-3.855e+20
-3.85555e+20
-3.85597e+20
-3.85629e+20
-3.85651e+20
-3.81116e+20
-3.81156e+20
-3.81232e+20
-3.81341e+20
-3.81477e+20
-3.81634e+20
-3.81809e+20
-3.81998e+20
-3.82196e+20
-3.82402e+20
-3.82614e+20
-3.82833e+20
-3.83057e+20
-3.83288e+20
-3.83525e+20
-3.83767e+20
-3.84011e+20
-3.8425e+20
-3.8448e+20
-3.84692e+20
-3.84883e+20
-3.85049e+20
-3.8519e+20
-3.85307e+20
-3.85402e+20
-3.85479e+20
-3.85539e+20
-3.85585e+20
-3.8562e+20
-3.85645e+20
-3.81088e+20
-3.81128e+20
-3.81206e+20
-3.81315e+20
-3.81452e+20
-3.81611e+20
-3.81788e+20
-3.81977e+20
-3.82177e+20
-3.82384e+20
-3.82598e+20
-3.82817e+20
-3.83042e+20
-3.83273e+20
-3.83511e+20
-3.83754e+20
-3.83998e+20
-3.84239e+20
-3.8447e+20
-3.84684e+20
-3.84876e+20
-3.85043e+20
-3.85185e+20
-3.85303e+20
-3.854e+20
-3.85477e+20
-3.85538e+20
-3.85584e+20
-3.85619e+20
-3.85644e+20
-3.8107e+20
-3.81111e+20
-3.81189e+20
-3.81299e+20
-3.81436e+20
-3.81596e+20
-3.81774e+20
-3.81964e+20
-3.82165e+20
-3.82373e+20
-3.82587e+20
-3.82806e+20
-3.83032e+20
-3.83264e+20
-3.83502e+20
-3.83745e+20
-3.8399e+20
-3.84231e+20
-3.84462e+20
-3.84677e+20
-3.8487e+20
-3.85038e+20
-3.85181e+20
-3.853e+20
-3.85397e+20
-3.85475e+20
-3.85536e+20
-3.85583e+20
-3.85618e+20
-3.85644e+20
-3.81133e+20
-3.81173e+20
-3.81249e+20
-3.81357e+20
-3.81492e+20
-3.81649e+20
-3.81824e+20
-3.82011e+20
-3.82209e+20
-3.82414e+20
-3.82626e+20
-3.82844e+20
-3.83068e+20
-3.83298e+20
-3.83535e+20
-3.83777e+20
-3.8402e+20
-3.8426e+20
-3.84488e+20
-3.847e+20
-3.8489e+20
-3.85055e+20
-3.85194e+20
-3.85311e+20
-3.85405e+20
-3.85481e+20
-3.85541e+20
-3.85587e+20
-3.85621e+20
-3.85646e+20
0
0
0
0
0
0
0
0
0
0
0
0
0
0
0
0
0
0
0
0
0
0
0
0
0
0
0
0
0
0
0
0
0
0
0
0
0
0
0
0
0
0
0
0
0
0
0
0
0
0
0
0
0
0
0
0
0
0
0
0
0
0
0
0
0
0
0
0
0
0
0
0
0
0
0
0
0
0
0
0
0
0
0
0
0
0
0
0
0
0
0
0
0
0
0
0
0
0
0
0
0
0
0
0
0
0
0
0
0
0
0
0
0
0
0
0
0
0
0
0
0
0
0
0
0
0
0
0
0
0
0
0
0
0
0
0
0
0
0
0
0
0
0
0
0
0
0
0
0
0
0
0
0
0
0
0
0
0
0
0
0
0
0
0
0
0
0
0
0
0
0
0
0
0
0
0
0
0
0
0
0
0
0
0
0
0
0
0
0
0
0
0
0
0
0
0
0
0
0
0
0
0
0
0
0
0
0
0
0
0
0
0
0
0
0
0
0
0
0
0
0
0
0
0
0
0
0
0
0
0
0
0
0
0
0
0
0
0
0
0
0
0
0
0
0
0
0
0
0
0
0
0
0
0
0
0
0
0
0
0
0
0
0
0
0
0
0
0
0
0
0
0
0
0
0
0
0
0
0
0
0
0
0
0
0
0
0
0
0
0
0
0
0
0
0
0
0
0
0
0
0
0
0
0
0
0
0
0
0
0
0
0
0
0
0
0
0
0
0
0
0
0
0
0
0
0
0
0
0
0
0
0
0
0
0
0
0
0
0
0
0
0
0
0
0
0
0
0
0
0
0
0
0
0
0
0
0
0
0
0
0
0
0
0
0
0
0
0
0
0
0
0
0
0
0
0
0
0
0
0
0
0
0
0
0
0
0
0
0
0
0
0
0
0
0
0
0
0
0
0
0
0
0
0
0
0
0
0
0
0
0
0
0
0
0
0
0
0
0
0
0
0
0
0
0
0
0
0
0
0
0
0
0
0
0
0
0
0
0
0
0
0
0
0
0
0
0
0
0
0
0
0
0
0
0
0
0
0
0
0
0
0
0
0
0
0
0
0
0
0
0
0
0
0
0
0
0
0
0
0
0
0
0
0
0
0
0
0
0
0
0
0
0
0
0
0
0
0
0
0
0
0
0
0
0
0
0
0
0
0
0
0
0
0
0
0
0
0
0
0
0
0
0
0
0
0
0
0
0
0
0
0
0
0
0
0
0
0
0
0
0
0
0
0
0
0
0
0
0
0
0
0
0
0
0
0
0
0
0
0
0
0
0
0
0
0
0
0
0
0
0
0
0
0
0
0
0
0
0
0
0
0
0
0
0
0
0
0
0
0
0
0
0
0
0
0
0
0
0
0
0
0
0
0
0
0
0
0
0
0
0
0
0
0
0
0
0
0
0
0
0
0
0
0
0
0
0
0
0
0
0
0
0
0
0
0
0
0
0
0
0
0
0
0
0
0
0
0
0
0
0
0
0
0
0
0
0
0
0
0
0
0
0
0
0
0
0
0
0
0
0
0
0
0
0
0
0
0
0
0
0
0
0
0
0
0
0
0
0
0
0
0
0
0
0
0
0
0
0
0
0
0
0
0
0
0
0
0
0
0
0
0
0
0
0
0
0
0
0
0
0
0
0
0
0
0
0
0
0
0
0
0
0
0
0
0
0
0
0
0
0
0
0
0
0
0
0
0
0
0
0
0
0
0
0
0
0
0
0
0
0
0
0
0
0
0
0
0
0
0
0
0
0
0
0
0
0
0
0
0
0
0
0
0
0
0
0
0
0
0
0
0
0
0
0
0
0
0
0
0
0
0
0
0
0
0
0
0
0
0
0
0
0
0
0
0
0
0
0
0
0
0
0
0
0
0
0
0
0
0
0
0
0
0
0
0
0
0
0
0
0
0
0
0
0
0
0
0
0
0
0
0
0
0
0
0
0
0
0
0
0
0
0
0
0
0
0
0
0
0
0
0
0
0
0
0
0
0
0
0
0
0
0
0
0
0
0
0
0
0
0
0
0
0
0
0
0
0
0
0
0
0
0
0
0
0
0
0
0
0
0
0
0
0
0
0
0
0
0
0
0
0
0
0
0
0
0
0
0
0
0
0
0
0
0
0
0
0
0
0
0
0
0
0
0
0
0
0
0
0
0
0
0
0
0
0
0
0
0
0
0
0
0
0
0
0
0
0
0
0
0
0
0
0
0
0
0
0
0
0
0
0
0
0
0
0
0
0
0
0
0
0
0
0
0
0
0
0
0
0
0
0
0
0
0
0
0
0
0
0
0
0
0
0
0
0
0
0
0
0
0
0
0
0
0
0
0
0
0
0
0
0
0
0
0
0
0
0
0
0
0
0
0
0
0
0
0
0
0
0
0
0
0
0
0
0
0
0
0
0
0
0
0
0
0
0
0
0
0
0
0
0
0
0
0
0
0
0
0
0
0
0
0
0
0
0
0
0
0
0
0
0
0
0
0
0
0
0
0
0
0
0
0
0
0
0
0
0
0
0
0
0
0
0
0
0
0
0
0
0
0
0
0
0
0
0
0
0
0
0
0
0
0
0
0
0
0
0
0
0
0
0
0
0
0
0
0
0
0
0
0
0
0
0
0
0
0
0
0
0
0
0
0
0
0
0
0
0
0
0
0
0
0
0
0
0
0
0
0
0
0
0
0
0
0
0
0
0
0
0
0
0
0
0
0
0
0
0
0
0
0
0
0
0
0
0
0
0
0
0
0
0
0
0
0
0
0
0
0
0
0
0
0
0
0
0
0
0
0
0
0
0
0
0
0
0
0
0
0
0
0
0
0
0
0
0
0
0
0
0
0
0
0
0
0
0
0
0
0
0
0
0
0
0
0
0
0
0
0
0
0
0
0
0
0
0
0
0
0
0
0
0
0
0
0
0
0
0
0
0
0
0
0
0
0
0
0
0
0
0
0
0
0
0
0
0
0
0
0
0
0
0
0
0
0
0
0
0
0
0
0
0
0
0
0
0
0
0
0
0
0
0
0
0
0
0
0
0
0
0
0
0
0
0
0
0
0
0
0
0
0
0
0
0
0
0
0
0
0
0
0
0
0
0
0
0
0
0
0
0
0
0
0
0
0
0
0
0
0
0
0
0
0
0
0
0
0
0
0
0
0
0
0
0
0
0
0
0
0
0
0
0
0
0
0
0
0
0
0
0
0
0
0
0
0
0
0
0
0
0
)
;

boundaryField
{
    fuelBottom
    {
        type            empty;
    }
    fuelTop_1
    {
        type            empty;
    }
    fuelOuter
    {
        type            zeroGradient;
    }
    fuelTop
    {
        type            empty;
    }
    fuelInner
    {
        type            zeroGradient;
    }
    cladBottom
    {
        type            empty;
    }
    cladInner
    {
        type            zeroGradient;
    }
    cladOuter
    {
        type            zeroGradient;
    }
    cladTop
    {
        type            empty;
    }
    front
    {
        type            wedge;
    }
    back
    {
        type            wedge;
    }
}


// ************************************************************************* //
