/*--------------------------------*- C++ -*----------------------------------*\
| =========                 |                                                 |
| \\      /  F ield         | OpenFOAM: The Open Source CFD Toolbox           |
|  \\    /   O peration     | Version:  2412                                  |
|   \\  /    A nd           | Website:  www.openfoam.com                      |
|    \\/     M anipulation  |                                                 |
\*---------------------------------------------------------------------------*/
FoamFile
{
    version     2.0;
    format      ascii;
    arch        "LSB;label=32;scalar=64";
    class       volScalarField;
    location    "51801860.86068268/fuelBehaviourRegion";
    object      SCIANTIX::Intergranular_fractional_coverage;
}
// * * * * * * * * * * * * * * * * * * * * * * * * * * * * * * * * * * * * * //

dimensions      [0 0 0 0 0 0 0];

internalField   nonuniform List<scalar> 
4720
(
0.0240838
0.0240756
0.0240578
0.0240308
0.0239951
0.0239509
0.0238987
0.0238388
0.0237718
0.0236981
0.0236185
0.0235335
0.0234438
0.02335
0.0232529
0.0231532
0.0230515
0.0229486
0.022845
0.0227416
0.0226388
0.0225373
0.0224377
0.0223403
0.0222458
0.0221544
0.0220665
0.0219824
0.0219023
0.0218265
0.0241058
0.0240976
0.0240796
0.0240525
0.0240165
0.023972
0.0239194
0.0238591
0.0237916
0.0237174
0.0236373
0.0235516
0.0234613
0.0233668
0.023269
0.0231686
0.0230662
0.0229625
0.0228582
0.022754
0.0226505
0.0225483
0.0224479
0.0223498
0.0222546
0.0221625
0.022074
0.0219892
0.0219086
0.0218322
0.0241683
0.0241599
0.0241416
0.024114
0.0240774
0.0240321
0.0239785
0.0239171
0.0238484
0.0237729
0.0236912
0.0236041
0.023512
0.0234158
0.0233162
0.0232139
0.0231095
0.0230039
0.0228976
0.0227914
0.0226858
0.0225816
0.0224792
0.0223792
0.0222819
0.022188
0.0220976
0.0220111
0.0219287
0.0218507
0.024195
0.0241866
0.0241681
0.0241403
0.0241033
0.0240577
0.0240036
0.0239417
0.0238724
0.0237962
0.0237139
0.0236259
0.0235331
0.0234361
0.0233356
0.0232324
0.0231271
0.0230205
0.0229133
0.0228062
0.0226997
0.0225946
0.0224913
0.0223904
0.0222923
0.0221975
0.0221063
0.0220191
0.021936
0.0218573
0.0242113
0.0242028
0.0241842
0.0241562
0.0241191
0.0240732
0.0240189
0.0239566
0.023887
0.0238104
0.0237276
0.0236393
0.0235459
0.0234484
0.0233474
0.0232437
0.0231379
0.0230307
0.022923
0.0228153
0.0227083
0.0226026
0.0224988
0.0223974
0.0222988
0.0222036
0.0221119
0.0220242
0.0219407
0.0218616
0.0242367
0.024228
0.0242091
0.0241805
0.0241425
0.0240956
0.0240402
0.0239766
0.0239055
0.0238274
0.023743
0.0236529
0.0235578
0.0234585
0.0233557
0.0232502
0.0231426
0.0230338
0.0229245
0.0228153
0.0227069
0.0225999
0.0224949
0.0223924
0.022293
0.0221969
0.0221046
0.0220164
0.0219326
0.0218532
0.0273886
0.0273761
0.0273488
0.0273077
0.0272532
0.0271858
0.0271061
0.0270149
0.0269128
0.0268008
0.0266798
0.0265508
0.0264148
0.0262729
0.0261261
0.0259756
0.0258225
0.0256678
0.0255126
0.025358
0.0252047
0.0250538
0.0249061
0.0247623
0.024623
0.024489
0.0243606
0.0242383
0.0241224
0.0240131
0.0277268
0.0277134
0.027684
0.0276396
0.0275808
0.0275081
0.0274222
0.0273238
0.0272138
0.027093
0.0269626
0.0268234
0.0266768
0.0265238
0.0263655
0.0262033
0.0260382
0.0258715
0.0257043
0.0255375
0.0253724
0.0252098
0.0250507
0.0248958
0.0247458
0.0246014
0.0244632
0.0243315
0.0242067
0.0240892
0.0278013
0.0277877
0.0277577
0.0277126
0.0276528
0.0275788
0.0274915
0.0273914
0.0272794
0.0271566
0.0270239
0.0268824
0.0267332
0.0265776
0.0264167
0.0262517
0.0260839
0.0259144
0.0257443
0.0255748
0.025407
0.0252417
0.02508
0.0249226
0.0247702
0.0246236
0.0244832
0.0243494
0.0242228
0.0241034
0.027837
0.0278232
0.0277931
0.0277476
0.0276873
0.0276128
0.0275248
0.0274239
0.0273112
0.0271874
0.0270537
0.0269111
0.0267608
0.026604
0.0264419
0.0262757
0.0261066
0.0259358
0.0257644
0.0255937
0.0254246
0.0252581
0.0250952
0.0249366
0.0247831
0.0246353
0.0244939
0.0243592
0.0242315
0.0241113
0.0278949
0.027881
0.0278504
0.0278043
0.0277432
0.0276677
0.0275784
0.0274762
0.0273619
0.0272365
0.027101
0.0269565
0.0268042
0.0266453
0.0264811
0.0263127
0.0261414
0.0259684
0.0257949
0.025622
0.0254508
0.0252823
0.0251173
0.0249568
0.0248015
0.0246521
0.024509
0.0243727
0.0242437
0.0241221
0.028234
0.0282187
0.0281851
0.0281344
0.0280673
0.0279843
0.0278863
0.0277742
0.0276488
0.0275114
0.027363
0.027205
0.0270387
0.0268653
0.0266863
0.026503
0.0263169
0.0261292
0.0259412
0.0257543
0.0255695
0.025388
0.0252107
0.0250387
0.0248725
0.024713
0.0245607
0.024416
0.0242794
0.0241511
0.040312
0.0402731
0.0401879
0.0400594
0.0398892
0.0396789
0.0394305
0.0391462
0.0388286
0.0384804
0.038105
0.0377057
0.0372863
0.0368502
0.0364012
0.0359429
0.0354792
0.0350134
0.034549
0.0340894
0.0336374
0.0331961
0.0327678
0.0323548
0.0319591
0.0315822
0.0312255
0.0308899
0.0305761
0.0302844
0.0420402
0.0419956
0.0418981
0.0417509
0.041556
0.0413151
0.0410304
0.0407045
0.0403404
0.0399413
0.0395107
0.0390524
0.0385705
0.0380692
0.0375531
0.0370266
0.036494
0.0359595
0.035427
0.0349003
0.0343829
0.0338781
0.0333887
0.0329172
0.032466
0.0320367
0.0316308
0.0312495
0.0308934
0.0305628
0.0423576
0.042312
0.0422121
0.0420615
0.041862
0.0416153
0.0413239
0.0409903
0.0406174
0.0402087
0.0397678
0.0392985
0.0388049
0.0382915
0.0377626
0.0372233
0.0366777
0.0361302
0.0355848
0.0350455
0.0345158
0.0339991
0.0334982
0.0330159
0.0325543
0.0321154
0.0317005
0.0313107
0.0309469
0.0306093
0.0424903
0.0424443
0.0423436
0.0421917
0.0419904
0.0417417
0.0414477
0.0411111
0.040735
0.0403226
0.0398777
0.0394042
0.0389062
0.038388
0.0378542
0.0373097
0.036759
0.0362063
0.0356557
0.0351113
0.0345766
0.0340549
0.0335493
0.0330624
0.0325965
0.0321533
0.0317345
0.0313412
0.0309739
0.0306332
0.042725
0.0426783
0.0425759
0.0424215
0.0422168
0.0419639
0.041665
0.0413228
0.0409404
0.040521
0.0400686
0.039587
0.0390805
0.0385535
0.0380105
0.0374566
0.0368963
0.0363341
0.0357742
0.0352205
0.0346768
0.0341464
0.0336325
0.0331376
0.0326641
0.0322139
0.0317884
0.0313889
0.031016
0.03067
0.0441847
0.0441319
0.0440163
0.043842
0.043611
0.0433255
0.0429882
0.0426022
0.042171
0.0416985
0.0411891
0.0406473
0.0400781
0.0394865
0.0388778
0.0382572
0.0376303
0.0370027
0.036379
0.0357637
0.0351611
0.0345749
0.0340084
0.0334646
0.0329459
0.0324543
0.0319914
0.0315581
0.0311552
0.0307829
0.0843847
0.0842433
0.0839333
0.083463
0.0828335
0.0820453
0.0810998
0.0799998
0.0787494
0.0773551
0.0758259
0.074173
0.0724107
0.0705553
0.0686254
0.0666409
0.0646231
0.062593
0.0605717
0.0585789
0.0566328
0.0547495
0.052943
0.0512244
0.0496027
0.0480842
0.0466746
0.0453758
0.0441874
0.043108
0.091396
0.0912496
0.0909284
0.0904394
0.0897809
0.0889502
0.0879453
0.0867647
0.0854091
0.083882
0.0821897
0.0803424
0.0783543
0.076243
0.07403
0.0717391
0.0693961
0.067028
0.0646614
0.0623219
0.0600333
0.0578165
0.0556896
0.0536673
0.0517609
0.0499782
0.0483243
0.046803
0.0454145
0.0441559
0.0924447
0.0922989
0.0919788
0.0914912
0.0908337
0.090003
0.0889961
0.0878107
0.0864466
0.0849063
0.0831955
0.0813241
0.0793057
0.0771584
0.0749035
0.0725658
0.070172
0.0677498
0.0653271
0.0629306
0.0605851
0.0583127
0.0561322
0.0540589
0.0521047
0.0502779
0.0485835
0.0470253
0.0456037
0.0443158
0.0927785
0.0926333
0.0923148
0.0918294
0.0911746
0.0903467
0.0893423
0.0881588
0.0867957
0.085255
0.0835421
0.0816665
0.0796418
0.0774858
0.07522
0.0728693
0.0704605
0.0680218
0.0655813
0.0631663
0.0608018
0.0585104
0.0563113
0.0542199
0.0522485
0.0504054
0.0486958
0.0471235
0.045689
0.0443895
0.0931314
0.0929868
0.0926697
0.0921863
0.0915338
0.0907082
0.0897057
0.0885234
0.0871602
0.0856179
0.0839014
0.0820201
0.0799872
0.0778206
0.0755419
0.0731761
0.0707504
0.0682933
0.0658334
0.0633983
0.0610136
0.0587022
0.0564836
0.0543737
0.0523847
0.0505253
0.0488007
0.0472146
0.0457676
0.044457
0.0965642
0.0964116
0.0960762
0.0955644
0.0948721
0.0939936
0.0929236
0.0916575
0.090193
0.088531
0.0866765
0.0846393
0.0824347
0.0800828
0.0776084
0.0750405
0.0724102
0.0697502
0.0670931
0.0644699
0.0619091
0.0594357
0.0570706
0.0548306
0.052728
0.0507709
0.048964
0.0473098
0.0458079
0.0444539
0.171225
0.171223
0.171228
0.171239
0.171245
0.171233
0.171184
0.171065
0.170825
0.17039
0.169654
0.168479
0.166704
0.164165
0.160727
0.156315
0.150935
0.144679
0.137712
0.130252
0.122532
0.114783
0.107208
0.0999708
0.0931912
0.0869477
0.0812812
0.0762021
0.0716984
0.0677422
0.176643
0.17666
0.176708
0.176787
0.176893
0.17702
0.177158
0.177292
0.177394
0.177416
0.177282
0.176868
0.176
0.174456
0.171996
0.168417
0.163602
0.15756
0.150429
0.142451
0.133928
0.125175
0.116484
0.108098
0.100197
0.0929038
0.0862853
0.080364
0.0751297
0.0705493
0.177025
0.177043
0.177094
0.177179
0.177293
0.177431
0.177585
0.177742
0.177876
0.177944
0.177875
0.177551
0.176801
0.175401
0.173099
0.169673
0.164984
0.159023
0.151918
0.143911
0.13531
0.126445
0.117619
0.109089
0.101045
0.0936174
0.0868765
0.0808476
0.0755207
0.0708622
0.176847
0.176866
0.176918
0.177003
0.177119
0.17726
0.17742
0.177584
0.177731
0.17782
0.177783
0.177507
0.176825
0.175514
0.17332
0.170009
0.165431
0.159563
0.152524
0.144551
0.135956
0.127071
0.118207
0.109625
0.101524
0.094037
0.0872387
0.0811563
0.0757811
0.0710801
0.176203
0.176219
0.176263
0.176338
0.176439
0.176561
0.1767
0.176841
0.176965
0.177033
0.176995
0.176755
0.176136
0.174922
0.172859
0.169704
0.165291
0.159579
0.152675
0.144806
0.136281
0.127434
0.118582
0.109993
0.101871
0.0943554
0.0875244
0.0814087
0.0760015
0.071271
0.187747
0.187796
0.187914
0.188104
0.188361
0.188681
0.189057
0.189476
0.18991
0.190315
0.190541
0.190348
0.189659
0.188065
0.185312
0.180988
0.175035
0.1674
0.158427
0.148438
0.13797
0.127418
0.117209
0.107595
0.0987857
0.0908595
0.0838547
0.0777388
0.0724612
0.0679452
0.5
0.5
0.5
0.5
0.5
0.5
0.5
0.5
0.5
0.5
0.5
0.5
0.5
0.5
0.5
0.5
0.5
0.5
0.5
0.5
0.5
0.5
0.5
0.5
0.5
0.5
0.5
0.455223
0.351536
0.290009
0.5
0.5
0.5
0.5
0.5
0.5
0.5
0.5
0.5
0.5
0.5
0.5
0.5
0.5
0.5
0.5
0.5
0.5
0.5
0.5
0.5
0.5
0.5
0.5
0.5
0.5
0.464414
0.354712
0.291226
0.253188
0.5
0.5
0.5
0.5
0.5
0.5
0.5
0.5
0.5
0.5
0.5
0.5
0.5
0.5
0.5
0.5
0.5
0.5
0.5
0.5
0.5
0.5
0.5
0.5
0.5
0.5
0.462463
0.353948
0.29092
0.253056
0.5
0.5
0.5
0.5
0.5
0.5
0.5
0.5
0.5
0.5
0.5
0.5
0.5
0.5
0.5
0.5
0.5
0.5
0.5
0.5
0.5
0.5
0.5
0.5
0.5
0.5
0.483428
0.365846
0.29785
0.257203
0.5
0.5
0.5
0.5
0.5
0.5
0.5
0.5
0.5
0.5
0.5
0.5
0.5
0.5
0.5
0.5
0.5
0.5
0.5
0.5
0.5
0.5
0.5
0.5
0.5
0.5
0.406018
0.32218
0.272384
0.241965
0.5
0.5
0.5
0.5
0.5
0.5
0.5
0.5
0.5
0.5
0.5
0.5
0.5
0.5
0.5
0.5
0.5
0.5
0.5
0.5
0.5
0.5
0.5
0.5
0.5
0.5
0.452747
0.349872
0.29336
0.261278
0.5
0.5
0.5
0.5
0.5
0.5
0.5
0.5
0.5
0.5
0.5
0.5
0.5
0.5
0.5
0.5
0.5
0.5
0.5
0.5
0.5
0.5
0.5
0.5
0.5
0.5
0.470314
0.358425
0.29777
0.263624
0.5
0.5
0.5
0.5
0.5
0.5
0.5
0.5
0.5
0.5
0.5
0.5
0.5
0.5
0.5
0.5
0.5
0.5
0.5
0.5
0.5
0.5
0.5
0.5
0.5
0.5
0.471593
0.359105
0.298154
0.26384
0.5
0.5
0.5
0.5
0.5
0.5
0.5
0.5
0.5
0.5
0.5
0.5
0.5
0.5
0.5
0.5
0.5
0.5
0.5
0.5
0.5
0.5
0.5
0.5
0.5
0.5
0.478837
0.362863
0.300205
0.264979
0.5
0.5
0.5
0.5
0.5
0.5
0.5
0.5
0.5
0.5
0.5
0.5
0.5
0.5
0.5
0.5
0.5
0.5
0.5
0.5
0.5
0.5
0.5
0.5
0.5
0.5
0.488687
0.368059
0.303084
0.266603
0.5
0.5
0.5
0.5
0.5
0.5
0.5
0.5
0.5
0.5
0.5
0.5
0.5
0.5
0.5
0.5
0.5
0.5
0.5
0.5
0.5
0.5
0.5
0.5
0.5
0.5
0.434791
0.339986
0.287741
0.258082
0.5
0.5
0.5
0.5
0.5
0.5
0.5
0.5
0.5
0.5
0.5
0.5
0.5
0.5
0.5
0.5
0.5
0.5
0.5
0.5
0.5
0.5
0.5
0.5
0.5
0.5
0.466415
0.357477
0.301995
0.273106
0.5
0.5
0.5
0.5
0.5
0.5
0.5
0.5
0.5
0.5
0.5
0.5
0.5
0.5
0.5
0.5
0.5
0.5
0.5
0.5
0.5
0.5
0.5
0.5
0.5
0.5
0.485574
0.365963
0.305937
0.274977
0.5
0.5
0.5
0.5
0.5
0.5
0.5
0.5
0.5
0.5
0.5
0.5
0.5
0.5
0.5
0.5
0.5
0.5
0.5
0.5
0.5
0.5
0.5
0.5
0.5
0.5
0.489944
0.368036
0.306972
0.275492
0.5
0.5
0.5
0.5
0.5
0.5
0.5
0.5
0.5
0.5
0.5
0.5
0.5
0.5
0.5
0.5
0.5
0.5
0.5
0.5
0.5
0.5
0.5
0.5
0.5
0.5
0.496982
0.371422
0.308676
0.276353
0.5
0.5
0.5
0.5
0.5
0.5
0.5
0.5
0.5
0.5
0.5
0.5
0.5
0.5
0.5
0.5
0.5
0.5
0.5
0.5
0.5
0.5
0.5
0.5
0.5
0.5
0.45981
0.353681
0.299832
0.271937
0
0.5
0.5
0.5
0.5
0.5
0.5
0.5
0.5
0.5
0.5
0.5
0.5
0.5
0.5
0.5
0.5
0.5
0.5
0.5
0.5
0.5
0.5
0.5
0.5
0.5
0.488429
0.367953
0.311297
0.284312
0
0.5
0.5
0.5
0.5
0.5
0.5
0.5
0.5
0.5
0.5
0.5
0.5
0.5
0.5
0.5
0.5
0.5
0.5
0.5
0.5
0.5
0.5
0.5
0.5
0.5
0.5
0.383739
0.318204
0.287361
0
0.5
0.5
0.5
0.5
0.5
0.5
0.5
0.5
0.5
0.5
0.5
0.5
0.5
0.5
0.5
0.5
0.5
0.5
0.5
0.5
0.5
0.5
0.5
0.5
0.5
0.5
0.38565
0.318991
0.287693
0
0.5
0.5
0.5
0.5
0.5
0.5
0.5
0.5
0.5
0.5
0.5
0.5
0.5
0.5
0.5
0.5
0.5
0.5
0.5
0.5
0.5
0.5
0.5
0.5
0.5
0.5
0.389815
0.320882
0.288554
0
0.5
0.5
0.5
0.5
0.5
0.5
0.5
0.5
0.5
0.5
0.5
0.5
0.5
0.5
0.5
0.5
0.5
0.5
0.5
0.5
0.5
0.5
0.5
0.5
0.5
0.482797
0.364547
0.30937
0.283342
0
0.5
0.5
0.5
0.5
0.5
0.5
0.5
0.5
0.5
0.5
0.5
0.5
0.5
0.5
0.5
0.5
0.5
0.5
0.5
0.5
0.5
0.5
0.5
0.5
0.5
0.5
0.385229
0.322712
0.295441
0
0.5
0.5
0.5
0.5
0.5
0.5
0.5
0.5
0.5
0.5
0.5
0.5
0.5
0.5
0.5
0.5
0.5
0.5
0.5
0.5
0.5
0.5
0.5
0.5
0.5
0.5
0.406808
0.331314
0.298919
0
0.5
0.5
0.5
0.5
0.5
0.5
0.5
0.5
0.5
0.5
0.5
0.5
0.5
0.5
0.5
0.5
0.5
0.5
0.5
0.5
0.5
0.5
0.5
0.5
0.5
0.5
0.408558
0.331986
0.29918
0
0.5
0.5
0.5
0.5
0.5
0.5
0.5
0.5
0.5
0.5
0.5
0.5
0.5
0.5
0.5
0.5
0.5
0.5
0.5
0.5
0.5
0.5
0.5
0.5
0.5
0.5
0.412052
0.33338
0.299744
0
0.5
0.5
0.5
0.5
0.5
0.5
0.5
0.5
0.5
0.5
0.5
0.5
0.5
0.5
0.5
0.5
0.5
0.5
0.5
0.5
0.5
0.5
0.5
0.5
0.5
0.5
0.416639
0.33522
0.300495
0
0.5
0.5
0.5
0.5
0.5
0.5
0.5
0.5
0.5
0.5
0.5
0.5
0.5
0.5
0.5
0.5
0.5
0.5
0.5
0.5
0.5
0.5
0.5
0.5
0.5
0.5
0.39315
0.325622
0.296544
0
0.5
0.5
0.5
0.5
0.5
0.5
0.5
0.5
0.5
0.5
0.5
0.5
0.5
0.5
0.5
0.5
0.5
0.5
0.5
0.5
0.5
0.5
0.5
0.5
0.5
0.5
0.412741
0.33665
0.305548
0
0.5
0.5
0.5
0.5
0.5
0.5
0.5
0.5
0.5
0.5
0.5
0.5
0.5
0.5
0.5
0.5
0.5
0.5
0.5
0.5
0.5
0.5
0.5
0.5
0.5
0.5
0.437822
0.346238
0.309249
0
0.5
0.5
0.5
0.5
0.5
0.5
0.5
0.5
0.5
0.5
0.5
0.5
0.5
0.5
0.5
0.5
0.5
0.5
0.5
0.5
0.5
0.5
0.5
0.5
0.5
0.5
0.440982
0.347423
0.309698
0
0.5
0.5
0.5
0.5
0.5
0.5
0.5
0.5
0.5
0.5
0.5
0.5
0.5
0.5
0.5
0.5
0.5
0.5
0.5
0.5
0.5
0.5
0.5
0.5
0.5
0.5
0.445968
0.349298
0.310416
0
0.5
0.5
0.5
0.5
0.5
0.5
0.5
0.5
0.5
0.5
0.5
0.5
0.5
0.5
0.5
0.5
0.5
0.5
0.5
0.5
0.5
0.5
0.5
0.5
0.5
0.5
0.421717
0.340017
0.306812
0
0.5
0.5
0.5
0.5
0.5
0.5
0.5
0.5
0.5
0.5
0.5
0.5
0.5
0.5
0.5
0.5
0.5
0.5
0.5
0.5
0.5
0.5
0.5
0.5
0.5
0.5
0.434016
0.346375
0.311694
0
0.5
0.5
0.5
0.5
0.5
0.5
0.5
0.5
0.5
0.5
0.5
0.5
0.5
0.5
0.5
0.5
0.5
0.5
0.5
0.5
0.5
0.5
0.5
0.5
0.5
0.5
0.466506
0.358376
0.31621
0
0.5
0.5
0.5
0.5
0.5
0.5
0.5
0.5
0.5
0.5
0.5
0.5
0.5
0.5
0.5
0.5
0.5
0.5
0.5
0.5
0.5
0.5
0.5
0.5
0.5
0.5
0.471143
0.360074
0.316843
0
0.5
0.5
0.5
0.5
0.5
0.5
0.5
0.5
0.5
0.5
0.5
0.5
0.5
0.5
0.5
0.5
0.5
0.5
0.5
0.5
0.5
0.5
0.5
0.5
0.5
0.5
0.477306
0.362311
0.317678
0
0.5
0.5
0.5
0.5
0.5
0.5
0.5
0.5
0.5
0.5
0.5
0.5
0.5
0.5
0.5
0.5
0.5
0.5
0.5
0.5
0.5
0.5
0.5
0.5
0.5
0.5
0.443912
0.350056
0.313071
0
0.5
0.5
0.5
0.5
0.5
0.5
0.5
0.5
0.5
0.5
0.5
0.5
0.5
0.5
0.5
0.5
0.5
0.5
0.5
0.5
0.5
0.5
0.5
0.5
0.5
0.5
0.449796
0.352407
0.31431
0
0.5
0.5
0.5
0.5
0.5
0.5
0.5
0.5
0.5
0.5
0.5
0.5
0.5
0.5
0.5
0.5
0.5
0.5
0.5
0.5
0.5
0.5
0.5
0.5
0.5
0.5
0.496831
0.36944
0.320664
0
0.5
0.5
0.5
0.5
0.5
0.5
0.5
0.5
0.5
0.5
0.5
0.5
0.5
0.5
0.5
0.5
0.5
0.5
0.5
0.5
0.5
0.5
0.5
0.5
0.5
0.5
0.5
0.371113
0.321289
0
0.5
0.5
0.5
0.5
0.5
0.5
0.5
0.5
0.5
0.5
0.5
0.5
0.5
0.5
0.5
0.5
0.5
0.5
0.5
0.5
0.5
0.5
0.5
0.5
0.5
0.5
0.5
0.373405
0.322141
0
0.5
0.5
0.5
0.5
0.5
0.5
0.5
0.5
0.5
0.5
0.5
0.5
0.5
0.5
0.5
0.5
0.5
0.5
0.5
0.5
0.5
0.5
0.5
0.5
0.5
0.5
0.5
0.376318
0.323224
0
0.5
0.5
0.5
0.5
0.5
0.5
0.5
0.5
0.5
0.5
0.5
0.5
0.5
0.5
0.5
0.5
0.5
0.5
0.5
0.5
0.5
0.5
0.5
0.5
0.5
0.5
0.48202
0.364224
0.318749
0
0.5
0.5
0.5
0.5
0.5
0.5
0.5
0.5
0.5
0.5
0.5
0.5
0.5
0.5
0.5
0.5
0.5
0.5
0.5
0.5
0.5
0.5
0.5
0.5
0.5
0.5
0.478481
0.361727
0.316115
0
0.5
0.5
0.5
0.5
0.5
0.5
0.5
0.5
0.5
0.5
0.5
0.5
0.5
0.5
0.5
0.5
0.5
0.5
0.5
0.5
0.5
0.5
0.5
0.5
0.5
0.5
0.5
0.380116
0.323023
0
0.5
0.5
0.5
0.5
0.5
0.5
0.5
0.5
0.5
0.5
0.5
0.5
0.5
0.5
0.5
0.5
0.5
0.5
0.5
0.5
0.5
0.5
0.5
0.5
0.5
0.5
0.5
0.382312
0.323863
0
0.5
0.5
0.5
0.5
0.5
0.5
0.5
0.5
0.5
0.5
0.5
0.5
0.5
0.5
0.5
0.5
0.5
0.5
0.5
0.5
0.5
0.5
0.5
0.5
0.5
0.5
0.5
0.385463
0.325043
0
0.5
0.5
0.5
0.5
0.5
0.5
0.5
0.5
0.5
0.5
0.5
0.5
0.5
0.5
0.5
0.5
0.5
0.5
0.5
0.5
0.5
0.5
0.5
0.5
0.5
0.5
0.5
0.372346
0.320187
0
0.5
0.5
0.5
0.5
0.5
0.5
0.5
0.5
0.5
0.5
0.5
0.5
0.5
0.5
0.5
0.5
0.5
0.5
0.5
0.5
0.5
0.5
0.5
0.5
0.5
0.5
0.494606
0.365542
0.314102
0
0.5
0.5
0.5
0.5
0.5
0.5
0.5
0.5
0.5
0.5
0.5
0.5
0.5
0.5
0.5
0.5
0.5
0.5
0.5
0.5
0.5
0.5
0.5
0.5
0.5
0.5
0.5
0.386477
0.322175
0
0.5
0.5
0.5
0.5
0.5
0.5
0.5
0.5
0.5
0.5
0.5
0.5
0.5
0.5
0.5
0.5
0.5
0.5
0.5
0.5
0.5
0.5
0.5
0.5
0.5
0.5
0.5
0.389151
0.323218
0
0.458676
0.5
0.5
0.5
0.5
0.5
0.5
0.5
0.5
0.5
0.5
0.5
0.5
0.5
0.5
0.5
0.5
0.5
0.5
0.5
0.5
0.5
0.5
0.5
0.5
0.5
0.5
0.392579
0.324541
0
0.5
0.5
0.5
0.5
0.5
0.5
0.5
0.5
0.5
0.5
0.5
0.5
0.5
0.5
0.5
0.5
0.5
0.5
0.5
0.5
0.5
0.5
0.5
0.5
0.5
0.5
0.5
0.376245
0.318399
0
0.5
0.5
0.5
0.5
0.5
0.5
0.5
0.5
0.5
0.5
0.5
0.5
0.5
0.5
0.5
0.495992
0.498226
0.5
0.5
0.5
0.5
0.5
0.5
0.5
0.5
0.5
0.495677
0.363229
0.308168
0
0.475761
0.5
0.5
0.5
0.5
0.5
0.5
0.5
0.5
0.5
0.5
0.5
0.5
0.5
0.5
0.489478
0.490922
0.5
0.5
0.5
0.5
0.5
0.5
0.5
0.5
0.5
0.5
0.392278
0.319925
0
0.490785
0.5
0.5
0.5
0.5
0.5
0.5
0.5
0.5
0.5
0.5
0.5
0.5
0.5
0.5
0.490434
0.490883
0.5
0.5
0.5
0.5
0.5
0.5
0.5
0.5
0.5
0.5
0.394507
0.320806
0
0.470637
0.5
0.5
0.5
0.5
0.5
0.5
0.5
0.5
0.5
0.5
0.5
0.5
0.5
0.5
0.490472
0.490347
0.5
0.5
0.5
0.5
0.5
0.5
0.5
0.5
0.5
0.5
0.397652
0.32206
0
0.5
0.5
0.5
0.5
0.5
0.5
0.5
0.5
0.5
0.5
0.5
0.5
0.5
0.5
0.5
0.489539
0.489327
0.4997
0.5
0.5
0.5
0.5
0.5
0.5
0.5
0.5
0.5
0.402091
0.323844
0
0.489116
0.5
0.5
0.5
0.5
0.5
0.5
0.5
0.5
0.5
0.5
0.5
0.5
0.5
0.5
0.489916
0.492328
0.5
0.5
0.5
0.5
0.5
0.5
0.5
0.5
0.5
0.5
0.388067
0.31837
0
0
0.5
0.5
0.5
0.5
0.5
0.5
0.5
0.5
0.5
0.5
0.497014
0.488842
0.484777
0.486227
0.492507
0.499889
0.5
0.5
0.5
0.5
0.5
0.5
0.5
0.5
0.5
0.5
0.368869
0.305029
0
0
0.5
0.5
0.5
0.5
0.5
0.5
0.5
0.5
0.5
0.5
0.494286
0.48417
0.47865
0.479575
0.486445
0.496339
0.5
0.5
0.5
0.5
0.5
0.5
0.5
0.5
0.5
0.5
0.400352
0.318441
0
0
0.5
0.5
0.5
0.5
0.5
0.5
0.5
0.5
0.5
0.5
0.495059
0.484519
0.478564
0.47915
0.485862
0.49581
0.5
0.5
0.5
0.5
0.5
0.5
0.5
0.5
0.5
0.5
0.402818
0.319472
0
0
0.5
0.5
0.5
0.5
0.5
0.5
0.5
0.5
0.5
0.5
0.494634
0.483899
0.477779
0.478292
0.485069
0.49521
0.5
0.5
0.5
0.5
0.5
0.5
0.5
0.5
0.5
0.5
0.407171
0.321297
0
0
0.5
0.5
0.5
0.5
0.5
0.5
0.5
0.5
0.5
0.5
0.499772
0.491426
0.486357
0.486242
0.491151
0.498759
0.5
0.5
0.5
0.5
0.5
0.5
0.5
0.5
0.5
0.5
0.392947
0.315691
0
0.5
0.5
0.5
0.5
0.5
0.5
0.5
0.5
0.499868
0.499164
0.497223
0.495255
0.494059
0.49455
0.49718
0.5
0.5
0.5
0.5
0.5
0.5
0.5
0.5
0.5
0.5
0.5
0.5
0.377086
0.303805
0
0
0.5
0.5
0.5
0.5
0.5
0.499988
0.499593
0.498856
0.497805
0.496483
0.495079
0.494057
0.494141
0.495955
0.499184
0.5
0.5
0.5
0.5
0.5
0.5
0.5
0.5
0.5
0.5
0.5
0.415175
0.321504
0
0
0.5
0.5
0.5
0.5
0.5
0.5
0.499697
0.498945
0.497793
0.496333
0.494795
0.493679
0.493789
0.49568
0.498976
0.5
0.5
0.5
0.5
0.5
0.5
0.5
0.5
0.5
0.5
0.5
0.41759
0.322498
0
0
0.5
0.5
0.5
0.5
0.5
0.499979
0.499539
0.498624
0.497266
0.495569
0.493792
0.492529
0.492688
0.494816
0.498493
0.5
0.5
0.5
0.5
0.5
0.5
0.5
0.5
0.5
0.5
0.5
0.42256
0.324756
0
0.475949
0.5
0.5
0.5
0.499997
0.499823
0.499414
0.498748
0.497835
0.496721
0.495515
0.494462
0.493951
0.494568
0.4967
0.499615
0.5
0.5
0.5
0.5
0.5
0.5
0.5
0.5
0.5
0.5
0.5
0.404248
0.317018
0.5
0.5
0.5
0.5
0.5
0.5
0.5
0.5
0.5
0.5
0.5
0.5
0.5
0.5
0.5
0.5
0.5
0.5
0.5
0.5
0.5
0.5
0.5
0.5
0.5
0.5
0.5
0.5
0.378894
0.301289
0
0.5
0.5
0.5
0.5
0.5
0.5
0.5
0.5
0.5
0.5
0.5
0.5
0.5
0.5
0.5
0.5
0.5
0.5
0.5
0.5
0.5
0.5
0.5
0.5
0.5
0.5
0.5
0.435606
0.329333
0
0.5
0.5
0.5
0.5
0.5
0.5
0.5
0.5
0.5
0.5
0.5
0.5
0.5
0.5
0.5
0.5
0.5
0.5
0.5
0.5
0.5
0.5
0.5
0.5
0.5
0.5
0.5
0.43721
0.329983
0
0.5
0.5
0.5
0.5
0.5
0.5
0.5
0.5
0.5
0.5
0.5
0.5
0.5
0.5
0.5
0.5
0.5
0.5
0.5
0.5
0.5
0.5
0.5
0.5
0.5
0.5
0.5
0.440618
0.331608
0
0.5
0.5
0.5
0.5
0.5
0.5
0.5
0.5
0.5
0.5
0.5
0.5
0.5
0.5
0.5
0.5
0.5
0.5
0.5
0.5
0.5
0.5
0.5
0.5
0.5
0.5
0.5
0.447276
0.334779
0.5
0.5
0.5
0.5
0.5
0.5
0.5
0.5
0.5
0.5
0.5
0.5
0.5
0.5
0.5
0.5
0.5
0.5
0.5
0.5
0.5
0.5
0.5
0.5
0.5
0.5
0.5
0.5
0.424749
0.324311
0.5
0.5
0.5
0.5
0.5
0.5
0.5
0.5
0.5
0.5
0.5
0.5
0.5
0.5
0.5
0.5
0.5
0.5
0.5
0.5
0.5
0.5
0.5
0.5
0.5
0.5
0.5
0.5
0.407224
0.31445
0.5
0.5
0.5
0.5
0.5
0.5
0.5
0.5
0.5
0.5
0.5
0.5
0.5
0.5
0.5
0.5
0.5
0.5
0.5
0.5
0.5
0.5
0.5
0.5
0.5
0.5
0.5
0.5
0.462061
0.342127
0.5
0.5
0.5
0.5
0.5
0.5
0.5
0.5
0.5
0.5
0.5
0.5
0.5
0.5
0.5
0.5
0.5
0.5
0.5
0.5
0.5
0.5
0.5
0.5
0.5
0.5
0.5
0.5
0.464795
0.343358
0.5
0.5
0.5
0.5
0.5
0.5
0.5
0.5
0.5
0.5
0.5
0.5
0.5
0.5
0.5
0.5
0.5
0.5
0.5
0.5
0.5
0.5
0.5
0.5
0.5
0.5
0.5
0.5
0.466874
0.344286
0.5
0.5
0.5
0.5
0.5
0.5
0.5
0.5
0.5
0.5
0.5
0.5
0.5
0.5
0.5
0.5
0.5
0.5
0.5
0.5
0.5
0.5
0.5
0.5
0.5
0.5
0.5
0.5
0.442694
0.332307
0
0
0
0
0
0
0
0
0
0
0
0
0
0
0
0
0
0
0
0
0
0
0
0
0
0
0
0
0
0
0
0
0
0
0
0
0
0
0
0
0
0
0
0
0
0
0
0
0
0
0
0
0
0
0
0
0
0
0
0
0
0
0
0
0
0
0
0
0
0
0
0
0
0
0
0
0
0
0
0
0
0
0
0
0
0
0
0
0
0
0
0
0
0
0
0
0
0
0
0
0
0
0
0
0
0
0
0
0
0
0
0
0
0
0
0
0
0
0
0
0
0
0
0
0
0
0
0
0
0
0
0
0
0
0
0
0
0
0
0
0
0
0
0
0
0
0
0
0
0
0
0
0
0
0
0
0
0
0
0
0
0
0
0
0
0
0
0
0
0
0
0
0
0
0
0
0
0
0
0
0
0
0
0
0
0
0
0
0
0
0
0
0
0
0
0
0
0
0
0
0
0
0
0
0
0
0
0
0
0
0
0
0
0
0
0
0
0
0
0
0
0
0
0
0
0
0
0
0
0
0
0
0
0
0
0
0
0
0
0
0
0
0
0
0
0
0
0
0
0
0
0
0
0
0
0
0
0
0
0
0
0
0
0
0
0
0
0
0
0
0
0
0
0
0
0
0
0
0
0
0
0
0
0
0
0
0
0
0
0
0
0
0
0
0
0
0
0
0
0
0
0
0
0
0
0
0
0
0
0
0
0
0
0
0
0
0
0
0
0
0
0
0
0
0
0
0
0
0
0
0
0
0
0
0
0
0
0
0
0
0
0
0
0
0
0
0
0
0
0
0
0
0
0
0
0
0
0
0
0
0
0
0
0
0
0
0
0
0
0
0
0
0
0
0
0
0
0
0
0
0
0
0
0
0
0
0
0
0
0
0
0
0
0
0
0
0
0
0
0
0
0
0
0
0
0
0
0
0
0
0
0
0
0
0
0
0
0
0
0
0
0
0
0
0
0
0
0
0
0
0
0
0
0
0
0
0
0
0
0
0
0
0
0
0
0
0
0
0
0
0
0
0
0
0
0
0
0
0
0
0
0
0
0
0
0
0
0
0
0
0
0
0
0
0
0
0
0
0
0
0
0
0
0
0
0
0
0
0
0
0
0
0
0
0
0
0
0
0
0
0
0
0
0
0
0
0
0
0
0
0
0
0
0
0
0
0
0
0
0
0
0
0
0
0
0
0
0
0
0
0
0
0
0
0
0
0
0
0
0
0
0
0
0
0
0
0
0
0
0
0
0
0
0
0
0
0
0
0
0
0
0
0
0
0
0
0
0
0
0
0
0
0
0
0
0
0
0
0
0
0
0
0
0
0
0
0
0
0
0
0
0
0
0
0
0
0
0
0
0
0
0
0
0
0
0
0
0
0
0
0
0
0
0
0
0
0
0
0
0
0
0
0
0
0
0
0
0
0
0
0
0
0
0
0
0
0
0
0
0
0
0
0
0
0
0
0
0
0
0
0
0
0
0
0
0
0
0
0
0
0
0
0
0
0
0
0
0
0
0
0
0
0
0
0
0
0
0
0
0
0
0
0
0
0
0
0
0
0
0
0
0
0
0
0
0
0
0
0
0
0
0
0
0
0
0
0
0
0
0
0
0
0
0
0
0
0
0
0
0
0
0
0
0
0
0
0
0
0
0
0
0
0
0
0
0
0
0
0
0
0
0
0
0
0
0
0
0
0
0
0
0
0
0
0
0
0
0
0
0
0
0
0
0
0
0
0
0
0
0
0
0
0
0
0
0
0
0
0
0
0
0
0
0
0
0
0
0
0
0
0
0
0
0
0
0
0
0
0
0
0
0
0
0
0
0
0
0
0
0
0
0
0
0
0
0
0
0
0
0
0
0
0
0
0
0
0
0
0
0
0
0
0
0
0
0
0
0
0
0
0
0
0
0
0
0
0
0
0
0
0
0
0
0
0
0
0
0
0
0
0
0
0
0
0
0
0
0
0
0
0
0
0
0
0
0
0
0
0
0
0
0
0
0
0
0
0
0
0
0
0
0
0
0
0
0
0
0
0
0
0
0
0
0
0
0
0
0
0
0
0
0
0
0
0
0
0
0
0
0
0
0
0
0
0
0
0
0
0
0
0
0
0
0
0
0
0
0
0
0
0
0
0
0
0
0
0
0
0
0
0
0
0
0
0
0
0
0
0
0
0
0
0
0
0
0
0
0
0
0
0
0
0
0
0
0
0
0
0
0
0
0
0
0
0
0
0
0
0
0
0
0
0
0
0
0
0
0
0
0
0
0
0
0
0
0
0
0
0
0
0
0
0
0
0
0
0
0
0
0
0
0
0
0
0
0
0
0
0
0
0
0
0
0
0
0
0
0
0
0
0
0
0
0
0
0
0
0
0
0
0
0
0
0
0
0
0
0
0
0
0
0
0
0
0
0
0
0
0
0
0
0
0
0
0
0
0
0
0
0
0
0
0
0
0
0
0
0
0
0
0
0
0
0
0
0
0
0
0
0
0
0
0
0
0
0
0
0
0
0
0
0
0
0
0
0
0
0
0
0
0
0
0
0
0
0
0
0
0
0
0
0
0
0
0
0
0
0
0
0
0
0
0
0
0
0
0
0
0
0
0
0
0
0
0
0
0
0
0
0
0
0
0
0
0
0
0
0
0
0
0
0
0
0
0
0
0
0
0
0
0
0
0
0
0
0
0
0
0
0
0
0
0
0
0
0
0
0
0
0
0
0
0
0
0
0
0
0
0
0
0
0
0
0
0
0
0
0
0
0
0
0
0
0
0
0
0
0
0
0
0
0
0
0
0
0
0
0
0
0
0
0
0
0
0
0
0
0
0
0
0
0
0
0
0
0
0
0
0
0
0
0
0
0
0
0
0
0
0
0
0
0
0
0
0
0
0
0
0
0
0
0
0
0
0
0
0
0
0
0
0
0
0
0
0
0
0
0
0
0
0
0
0
0
0
0
0
0
0
0
0
0
0
0
0
0
0
0
0
0
0
0
0
0
0
0
0
0
0
0
0
0
0
0
0
0
0
0
0
0
0
0
0
0
0
0
0
0
0
0
0
0
0
0
0
0
0
0
0
0
0
0
0
0
0
0
0
0
0
0
0
0
0
0
0
0
0
0
0
0
0
0
0
0
0
0
0
0
0
0
0
0
0
0
0
0
0
0
0
0
0
0
0
0
0
0
0
0
0
0
0
0
0
0
0
0
0
0
0
0
)
;

boundaryField
{
    fuelBottom
    {
        type            empty;
    }
    fuelTop_1
    {
        type            empty;
    }
    fuelOuter
    {
        type            zeroGradient;
    }
    fuelTop
    {
        type            empty;
    }
    fuelInner
    {
        type            zeroGradient;
    }
    cladBottom
    {
        type            empty;
    }
    cladInner
    {
        type            zeroGradient;
    }
    cladOuter
    {
        type            zeroGradient;
    }
    cladTop
    {
        type            empty;
    }
    front
    {
        type            wedge;
    }
    back
    {
        type            wedge;
    }
}


// ************************************************************************* //
