/*--------------------------------*- C++ -*----------------------------------*\
| =========                 |                                                 |
| \\      /  F ield         | OpenFOAM: The Open Source CFD Toolbox           |
|  \\    /   O peration     | Version:  2312                                  |
|   \\  /    A nd           | Website:  www.openfoam.com                      |
|    \\/     M anipulation  |                                                 |
\*---------------------------------------------------------------------------*/
FoamFile
{
    version     2.0;
    format      ascii;
    arch        "LSB;label=32;scalar=64";
    note        "nPoints:410  nCells:160  nFaces:684  nInternalFaces:276";
    class       labelList;
    location    "constant/channelRegion/polyMesh";
    object      neighbour;
}
// * * * * * * * * * * * * * * * * * * * * * * * * * * * * * * * * * * * * * //


276
(
20
40
50
80
10
41
61
81
11
42
62
82
12
43
63
83
13
44
64
84
14
45
65
85
15
46
66
86
16
47
67
87
17
48
68
88
29
49
89
119
50
70
90
51
71
91
52
72
92
53
73
93
54
74
94
55
75
95
56
76
96
57
77
97
58
78
79
98
59
78
79
99
60
100
110
41
61
101
111
42
62
102
112
43
63
103
113
44
64
104
114
45
65
105
115
46
66
106
116
47
67
107
117
48
68
108
118
59
69
109
100
110
150
101
111
151
102
112
152
103
113
153
104
114
154
105
115
155
106
116
156
107
117
157
108
118
158
89
119
159
60
120
51
121
52
122
53
123
54
124
55
125
56
126
57
127
58
128
69
129
110
130
111
131
112
132
113
133
114
134
115
135
116
136
117
137
118
138
119
139
140
70
141
71
142
72
143
73
144
74
145
75
146
76
147
77
148
149
110
150
111
151
112
152
113
153
114
154
115
155
116
156
117
157
118
158
119
159
120
130
90
121
91
122
92
123
93
124
94
125
95
126
96
127
97
128
129
130
131
132
133
134
135
136
137
138
159
139
158
140
141
142
143
144
145
146
147
148
139
149
131
132
133
134
135
136
137
138
150
151
152
153
154
155
156
157
)


// ************************************************************************* //
