time(s);keff(-);power(W);flux0;flux1;flux2;flux3;flux4;flux5(m-2s-1);TFuel_Max;Avg;Min;TCladding_Max;Avg;Min;

0.001;0.930537;1.8341;0.30568;0.30568;0.30568;0.30568;0.30568;0.30568;0;0;0;0;0;0;
0.002199951992;0.930537;1.8341;0.30568;0.30568;0.30568;0.30568;0.30568;0.30568;0;0;0;0;0;0;
0.003639825242;0.930537;1.8341;0.30568;0.30568;0.30568;0.30568;0.30568;0.30568;0;0;0;0;0;0;
0.005367473988;0.930537;1.8341;0.30568;0.30568;0.30568;0.30568;0.30568;0.30568;0;0;0;0;0;0;
0.007440795917;0.930537;1.8341;0.30568;0.30568;0.30568;0.30568;0.30568;0.30568;0;0;0;0;0;0;
0.009928369013;0.930537;1.8341;0.30568;0.30568;0.30568;0.30568;0.30568;0.30568;0;0;0;0;0;0;
0.01291286162;0.930537;1.8341;0.30568;0.30568;0.30568;0.30568;0.30568;0.30568;0;0;0;0;0;0;
0.01649296724;0.930537;1.8341;0.30568;0.30568;0.30568;0.30568;0.30568;0.30568;0;0;0;0;0;0;
0.02078909399;0.930537;1.8341;0.30568;0.30568;0.30568;0.30568;0.30568;0.30568;0;0;0;0;0;0;
0.02594355663;0.930537;1.8341;0.30568;0.30568;0.30568;0.30568;0.30568;0.30568;0;0;0;0;0;0;
0.032130194;0.930537;1.8341;0.30568;0.30568;0.30568;0.30568;0.30568;0.30568;0;0;0;0;0;0;
0.03955600836;0.930537;1.8341;0.30568;0.30568;0.30568;0.30568;0.30568;0.30568;0;0;0;0;0;0;
0.04846165287;0.930537;1.8341;0.30568;0.30568;0.30568;0.30568;0.30568;0.30568;0;0;0;0;0;0;
0.05915612014;0.930537;1.8341;0.30568;0.30568;0.30568;0.30568;0.30568;0.30568;0;0;0;0;0;0;
0.07198948086;0.930537;1.8341;0.30568;0.30568;0.30568;0.30568;0.30568;0.30568;0;0;0;0;0;0;
0.08738951374;0.930537;1.8341;0.30568;0.30568;0.30568;0.30568;0.30568;0.30568;0;0;0;0;0;0;
0.1058579742;0.930537;1.8341;0.30568;0.30568;0.30568;0.30568;0.30568;0.30568;0;0;0;0;0;0;
0.1280034132;0.930537;1.8341;0.30568;0.30568;0.30568;0.30568;0.30568;0.30568;0;0;0;0;0;0;
0.1546263454;0.930537;1.8341;0.30568;0.30568;0.30568;0.30568;0.30568;0.30568;0;0;0;0;0;0;
0.1865038037;0.930537;1.8341;0.30568;0.30568;0.30568;0.30568;0.30568;0.30568;0;0;0;0;0;0;
0.2241092427;0.930537;1.8341;0.30568;0.30568;0.30568;0.30568;0.30568;0.30568;0;0;0;0;0;0;
0.2671352856;0.930537;1.8341;0.30568;0.30568;0.30568;0.30568;0.30568;0.30568;0;0;0;0;0;0;
0.3149419998;0.930537;1.8341;0.30568;0.30568;0.30568;0.30568;0.30568;0.30568;0;0;0;0;0;0;
0.3599906345;0.930537;1.8341;0.30568;0.30568;0.30568;0.30568;0.30568;0.30568;0;0;0;0;0;0;
0.3993127477;0.930537;1.8341;0.30568;0.30568;0.30568;0.30568;0.30568;0.30568;0;0;0;0;0;0;
0.434166439;0.930537;1.8341;0.30568;0.30568;0.30568;0.30568;0.30568;0.30568;0;0;0;0;0;0;
0.4658736165;0.930537;1.8341;0.30568;0.30568;0.30568;0.30568;0.30568;0.30568;0;0;0;0;0;0;
0.4951260448;0.930537;1.8341;0.30568;0.30568;0.30568;0.30568;0.30568;0.30568;0;0;0;0;0;0;
0.5225947884;0.930537;1.8341;0.30568;0.30568;0.30568;0.30568;0.30568;0.30568;0;0;0;0;0;0;
0.5486262141;0.930537;1.8341;0.30568;0.30568;0.30568;0.30568;0.30568;0.30568;0;0;0;0;0;0;
0.5734942241;0.930537;1.8341;0.30568;0.30568;0.30568;0.30568;0.30568;0.30568;0;0;0;0;0;0;
0.5974212823;0.930537;1.8341;0.30568;0.30568;0.30568;0.30568;0.30568;0.30568;0;0;0;0;0;0;
0.6207153496;0.930537;1.8341;0.30568;0.30568;0.30568;0.30568;0.30568;0.30568;0;0;0;0;0;0;
0.6432889818;0.930537;1.8341;0.30568;0.30568;0.30568;0.30568;0.30568;0.30568;0;0;0;0;0;0;
0.6654042662;0.930537;1.8341;0.30568;0.30568;0.30568;0.30568;0.30568;0.30568;0;0;0;0;0;0;
0.6870772449;0.930537;1.8341;0.30568;0.30568;0.30568;0.30568;0.30568;0.30568;0;0;0;0;0;0;
0.7083231698;0.930537;1.8341;0.30568;0.30568;0.30568;0.30568;0.30568;0.30568;0;0;0;0;0;0;
0.7291565524;0.930537;1.8341;0.30568;0.30568;0.30568;0.30568;0.30568;0.30568;0;0;0;0;0;0;
0.7496894536;0.930537;1.8341;0.30568;0.30568;0.30568;0.30568;0.30568;0.30568;0;0;0;0;0;0;
0.7699290277;0.930537;1.8341;0.30568;0.30568;0.30568;0.30568;0.30568;0.30568;0;0;0;0;0;0;
0.7899767574;0.930537;1.8341;0.30568;0.30568;0.30568;0.30568;0.30568;0.30568;0;0;0;0;0;0;
0.8097421247;0.930537;1.8341;0.30568;0.30568;0.30568;0.30568;0.30568;0.30568;0;0;0;0;0;0;
0.829322769;0.930537;1.8341;0.30568;0.30568;0.30568;0.30568;0.30568;0.30568;0;0;0;0;0;0;
0.8487212677;0.930537;1.8341;0.30568;0.30568;0.30568;0.30568;0.30568;0.30568;0;0;0;0;0;0;
0.8679401508;0.930537;1.8341;0.30568;0.30568;0.30568;0.30568;0.30568;0.30568;0;0;0;0;0;0;
0.8869819012;0.930537;1.8341;0.30568;0.30568;0.30568;0.30568;0.30568;0.30568;0;0;0;0;0;0;
0.9059359017;0.930537;1.8341;0.30568;0.30568;0.30568;0.30568;0.30568;0.30568;0;0;0;0;0;0;
0.9247160122;0.930537;1.8341;0.30568;0.30568;0.30568;0.30568;0.30568;0.30568;0;0;0;0;0;0;
0.9434099755;0.930537;1.8341;0.30568;0.30568;0.30568;0.30568;0.30568;0.30568;0;0;0;0;0;0;
0.9619332176;0.930537;1.8341;0.30568;0.30568;0.30568;0.30568;0.30568;0.30568;0;0;0;0;0;0;
0.9803718787;0.930537;1.8341;0.30568;0.30568;0.30568;0.30568;0.30568;0.30568;0;0;0;0;0;0;
0.998726345;0.930537;1.8341;0.30568;0.30568;0.30568;0.30568;0.30568;0.30568;0;0;0;0;0;0;
1.016997001;0.930537;1.8341;0.30568;0.30568;0.30568;0.30568;0.30568;0.30568;0;0;0;0;0;0;
1.035184229;0.930537;1.8341;0.30568;0.30568;0.30568;0.30568;0.30568;0.30568;0;0;0;0;0;0;
1.053288411;0.930537;1.8341;0.30568;0.30568;0.30568;0.30568;0.30568;0.30568;0;0;0;0;0;0;
1.071392592;0.930537;1.8341;0.30568;0.30568;0.30568;0.30568;0.30568;0.30568;0;0;0;0;0;0;
1.089413727;0.930537;1.8341;0.30568;0.30568;0.30568;0.30568;0.30568;0.30568;0;0;0;0;0;0;
1.107352197;0.930537;1.8341;0.30568;0.30568;0.30568;0.30568;0.30568;0.30568;0;0;0;0;0;0;
1.125208379;0.930537;1.8341;0.30568;0.30568;0.30568;0.30568;0.30568;0.30568;0;0;0;0;0;0;
1.143064562;0.930537;1.8341;0.30568;0.30568;0.30568;0.30568;0.30568;0.30568;0;0;0;0;0;0;
1.160838458;0.930537;1.8341;0.30568;0.30568;0.30568;0.30568;0.30568;0.30568;0;0;0;0;0;0;
1.178612354;0.930537;1.8341;0.30568;0.30568;0.30568;0.30568;0.30568;0.30568;0;0;0;0;0;0;
1.196303963;0.930537;1.8341;0.30568;0.30568;0.30568;0.30568;0.30568;0.30568;0;0;0;0;0;0;
1.213913667;0.930537;1.8341;0.30568;0.30568;0.30568;0.30568;0.30568;0.30568;0;0;0;0;0;0;
1.231523371;0.930537;1.8341;0.30568;0.30568;0.30568;0.30568;0.30568;0.30568;0;0;0;0;0;0;
1.249133075;0.930537;1.8341;0.30568;0.30568;0.30568;0.30568;0.30568;0.30568;0;0;0;0;0;0;
1.26666049;0.930537;1.8341;0.30568;0.30568;0.30568;0.30568;0.30568;0.30568;0;0;0;0;0;0;
1.284187906;0.930537;1.8341;0.30568;0.30568;0.30568;0.30568;0.30568;0.30568;0;0;0;0;0;0;
1.301633033;0.930537;1.8341;0.30568;0.30568;0.30568;0.30568;0.30568;0.30568;0;0;0;0;0;0;
1.31907816;0.930537;1.8341;0.30568;0.30568;0.30568;0.30568;0.30568;0.30568;0;0;0;0;0;0;
1.336523288;0.930537;1.8341;0.30568;0.30568;0.30568;0.30568;0.30568;0.30568;0;0;0;0;0;0;
1.353885736;0.930537;1.8341;0.30568;0.30568;0.30568;0.30568;0.30568;0.30568;0;0;0;0;0;0;
1.371248185;0.930537;1.8341;0.30568;0.30568;0.30568;0.30568;0.30568;0.30568;0;0;0;0;0;0;
1.388610634;0.930537;1.8341;0.30568;0.30568;0.30568;0.30568;0.30568;0.30568;0;0;0;0;0;0;
1.405973083;0.930537;1.8341;0.30568;0.30568;0.30568;0.30568;0.30568;0.30568;0;0;0;0;0;0;
1.423252059;0.930537;1.8341;0.30568;0.30568;0.30568;0.30568;0.30568;0.30568;0;0;0;0;0;0;
1.440531034;0.930537;1.8341;0.30568;0.30568;0.30568;0.30568;0.30568;0.30568;0;0;0;0;0;0;
1.45781001;0.930537;1.8341;0.30568;0.30568;0.30568;0.30568;0.30568;0.30568;0;0;0;0;0;0;
1.475088985;0.930537;1.8341;0.30568;0.30568;0.30568;0.30568;0.30568;0.30568;0;0;0;0;0;0;
1.492367961;0.930537;1.8341;0.30568;0.30568;0.30568;0.30568;0.30568;0.30568;0;0;0;0;0;0;
1.509646936;0.930537;1.8341;0.30568;0.30568;0.30568;0.30568;0.30568;0.30568;0;0;0;0;0;0;
1.526925912;0.930537;1.8341;0.30568;0.30568;0.30568;0.30568;0.30568;0.30568;0;0;0;0;0;0;
1.544119348;0.930537;1.8341;0.30568;0.30568;0.30568;0.30568;0.30568;0.30568;0;0;0;0;0;0;
1.561312784;0.930537;1.8341;0.30568;0.30568;0.30568;0.30568;0.30568;0.30568;0;0;0;0;0;0;
1.57850622;0.930537;1.8341;0.30568;0.30568;0.30568;0.30568;0.30568;0.30568;0;0;0;0;0;0;
1.595699656;0.930537;1.8341;0.30568;0.30568;0.30568;0.30568;0.30568;0.30568;0;0;0;0;0;0;
1.612893092;0.930537;1.8341;0.30568;0.30568;0.30568;0.30568;0.30568;0.30568;0;0;0;0;0;0;
1.630086528;0.930537;1.8341;0.30568;0.30568;0.30568;0.30568;0.30568;0.30568;0;0;0;0;0;0;
1.647279965;0.930537;1.8341;0.30568;0.30568;0.30568;0.30568;0.30568;0.30568;0;0;0;0;0;0;
1.664473401;0.930537;1.8341;0.30568;0.30568;0.30568;0.30568;0.30568;0.30568;0;0;0;0;0;0;
1.681666837;0.930537;1.8341;0.30568;0.30568;0.30568;0.30568;0.30568;0.30568;0;0;0;0;0;0;
1.698860273;0.930537;1.8341;0.30568;0.30568;0.30568;0.30568;0.30568;0.30568;0;0;0;0;0;0;
1.716053709;0.930537;1.8341;0.30568;0.30568;0.30568;0.30568;0.30568;0.30568;0;0;0;0;0;0;
1.733247145;0.930537;1.8341;0.30568;0.30568;0.30568;0.30568;0.30568;0.30568;0;0;0;0;0;0;
1.750440581;0.930537;1.8341;0.30568;0.30568;0.30568;0.30568;0.30568;0.30568;0;0;0;0;0;0;
1.767634017;0.930537;1.8341;0.30568;0.30568;0.30568;0.30568;0.30568;0.30568;0;0;0;0;0;0;
1.784827453;0.930537;1.8341;0.30568;0.30568;0.30568;0.30568;0.30568;0.30568;0;0;0;0;0;0;
1.802020889;0.930537;1.8341;0.30568;0.30568;0.30568;0.30568;0.30568;0.30568;0;0;0;0;0;0;
1.819214325;0.930537;1.8341;0.30568;0.30568;0.30568;0.30568;0.30568;0.30568;0;0;0;0;0;0;
1.836407761;0.930537;1.8341;0.30568;0.30568;0.30568;0.30568;0.30568;0.30568;0;0;0;0;0;0;
1.853601197;0.930537;1.8341;0.30568;0.30568;0.30568;0.30568;0.30568;0.30568;0;0;0;0;0;0;
1.870794634;0.930537;1.8341;0.30568;0.30568;0.30568;0.30568;0.30568;0.30568;0;0;0;0;0;0;
1.88798807;0.930537;1.8341;0.30568;0.30568;0.30568;0.30568;0.30568;0.30568;0;0;0;0;0;0;
1.905181506;0.930537;1.8341;0.30568;0.30568;0.30568;0.30568;0.30568;0.30568;0;0;0;0;0;0;
1.922374942;0.930537;1.8341;0.30568;0.30568;0.30568;0.30568;0.30568;0.30568;0;0;0;0;0;0;
1.939568378;0.930537;1.8341;0.30568;0.30568;0.30568;0.30568;0.30568;0.30568;0;0;0;0;0;0;
1.956761814;0.930537;1.8341;0.30568;0.30568;0.30568;0.30568;0.30568;0.30568;0;0;0;0;0;0;
1.97395525;0.930537;1.8341;0.30568;0.30568;0.30568;0.30568;0.30568;0.30568;0;0;0;0;0;0;
1.991148686;0.930537;1.8341;0.30568;0.30568;0.30568;0.30568;0.30568;0.30568;0;0;0;0;0;0;
2.008342122;0.930537;1.8341;0.30568;0.30568;0.30568;0.30568;0.30568;0.30568;0;0;0;0;0;0;
2.025535558;0.930537;1.8341;0.30568;0.30568;0.30568;0.30568;0.30568;0.30568;0;0;0;0;0;0;
2.042728994;0.930537;1.8341;0.30568;0.30568;0.30568;0.30568;0.30568;0.30568;0;0;0;0;0;0;
2.05992243;0.930537;1.8341;0.30568;0.30568;0.30568;0.30568;0.30568;0.30568;0;0;0;0;0;0;
2.077115866;0.930537;1.8341;0.30568;0.30568;0.30568;0.30568;0.30568;0.30568;0;0;0;0;0;0;
2.094309303;0.930537;1.8341;0.30568;0.30568;0.30568;0.30568;0.30568;0.30568;0;0;0;0;0;0;
2.111502739;0.930537;1.8341;0.30568;0.30568;0.30568;0.30568;0.30568;0.30568;0;0;0;0;0;0;
2.128696175;0.930537;1.8341;0.30568;0.30568;0.30568;0.30568;0.30568;0.30568;0;0;0;0;0;0;
2.145889611;0.930537;1.8341;0.30568;0.30568;0.30568;0.30568;0.30568;0.30568;0;0;0;0;0;0;
2.163083047;0.930537;1.8341;0.30568;0.30568;0.30568;0.30568;0.30568;0.30568;0;0;0;0;0;0;
2.180276483;0.930537;1.8341;0.30568;0.30568;0.30568;0.30568;0.30568;0.30568;0;0;0;0;0;0;
2.197469919;0.930537;1.8341;0.30568;0.30568;0.30568;0.30568;0.30568;0.30568;0;0;0;0;0;0;
2.214663355;0.930537;1.8341;0.30568;0.30568;0.30568;0.30568;0.30568;0.30568;0;0;0;0;0;0;
2.231856791;0.930537;1.8341;0.30568;0.30568;0.30568;0.30568;0.30568;0.30568;0;0;0;0;0;0;
2.249050227;0.930537;1.8341;0.30568;0.30568;0.30568;0.30568;0.30568;0.30568;0;0;0;0;0;0;
2.266243663;0.930537;1.8341;0.30568;0.30568;0.30568;0.30568;0.30568;0.30568;0;0;0;0;0;0;
2.283437099;0.930537;1.8341;0.30568;0.30568;0.30568;0.30568;0.30568;0.30568;0;0;0;0;0;0;
2.300630536;0.930537;1.8341;0.30568;0.30568;0.30568;0.30568;0.30568;0.30568;0;0;0;0;0;0;
2.317823972;0.930537;1.8341;0.30568;0.30568;0.30568;0.30568;0.30568;0.30568;0;0;0;0;0;0;
2.335017408;0.930537;1.8341;0.30568;0.30568;0.30568;0.30568;0.30568;0.30568;0;0;0;0;0;0;
2.352210844;0.930537;1.8341;0.30568;0.30568;0.30568;0.30568;0.30568;0.30568;0;0;0;0;0;0;
2.36940428;0.930537;1.8341;0.30568;0.30568;0.30568;0.30568;0.30568;0.30568;0;0;0;0;0;0;
2.386597716;0.930537;1.8341;0.30568;0.30568;0.30568;0.30568;0.30568;0.30568;0;0;0;0;0;0;
2.403791152;0.930537;1.8341;0.30568;0.30568;0.30568;0.30568;0.30568;0.30568;0;0;0;0;0;0;
2.420984588;0.930537;1.8341;0.30568;0.30568;0.30568;0.30568;0.30568;0.30568;0;0;0;0;0;0;
2.438178024;0.930537;1.8341;0.30568;0.30568;0.30568;0.30568;0.30568;0.30568;0;0;0;0;0;0;
2.45537146;0.930537;1.8341;0.30568;0.30568;0.30568;0.30568;0.30568;0.30568;0;0;0;0;0;0;
2.472564896;0.930537;1.8341;0.30568;0.30568;0.30568;0.30568;0.30568;0.30568;0;0;0;0;0;0;
2.489758332;0.930537;1.8341;0.30568;0.30568;0.30568;0.30568;0.30568;0.30568;0;0;0;0;0;0;
2.506951768;0.930537;1.8341;0.30568;0.30568;0.30568;0.30568;0.30568;0.30568;0;0;0;0;0;0;
2.524145205;0.930537;1.8341;0.30568;0.30568;0.30568;0.30568;0.30568;0.30568;0;0;0;0;0;0;
2.541338641;0.930537;1.8341;0.30568;0.30568;0.30568;0.30568;0.30568;0.30568;0;0;0;0;0;0;
2.558532077;0.930537;1.8341;0.30568;0.30568;0.30568;0.30568;0.30568;0.30568;0;0;0;0;0;0;
2.575725513;0.930537;1.8341;0.30568;0.30568;0.30568;0.30568;0.30568;0.30568;0;0;0;0;0;0;
2.592918949;0.930537;1.8341;0.30568;0.30568;0.30568;0.30568;0.30568;0.30568;0;0;0;0;0;0;
2.610112385;0.930537;1.8341;0.30568;0.30568;0.30568;0.30568;0.30568;0.30568;0;0;0;0;0;0;
2.627305821;0.930537;1.8341;0.30568;0.30568;0.30568;0.30568;0.30568;0.30568;0;0;0;0;0;0;
2.644499257;0.930537;1.8341;0.30568;0.30568;0.30568;0.30568;0.30568;0.30568;0;0;0;0;0;0;
2.661692693;0.930537;1.8341;0.30568;0.30568;0.30568;0.30568;0.30568;0.30568;0;0;0;0;0;0;
2.678886129;0.930537;1.8341;0.30568;0.30568;0.30568;0.30568;0.30568;0.30568;0;0;0;0;0;0;
2.696079565;0.930537;1.8341;0.30568;0.30568;0.30568;0.30568;0.30568;0.30568;0;0;0;0;0;0;
2.713273001;0.930537;1.8341;0.30568;0.30568;0.30568;0.30568;0.30568;0.30568;0;0;0;0;0;0;
2.730466438;0.930537;1.8341;0.30568;0.30568;0.30568;0.30568;0.30568;0.30568;0;0;0;0;0;0;
2.747659874;0.930537;1.8341;0.30568;0.30568;0.30568;0.30568;0.30568;0.30568;0;0;0;0;0;0;
2.76485331;0.930537;1.8341;0.30568;0.30568;0.30568;0.30568;0.30568;0.30568;0;0;0;0;0;0;
2.782046746;0.930537;1.8341;0.30568;0.30568;0.30568;0.30568;0.30568;0.30568;0;0;0;0;0;0;
2.799240182;0.930537;1.8341;0.30568;0.30568;0.30568;0.30568;0.30568;0.30568;0;0;0;0;0;0;
2.816433618;0.930537;1.8341;0.30568;0.30568;0.30568;0.30568;0.30568;0.30568;0;0;0;0;0;0;
2.83349273;0.930537;1.8341;0.30568;0.30568;0.30568;0.30568;0.30568;0.30568;0;0;0;0;0;0;
2.850551843;0.930537;1.8341;0.30568;0.30568;0.30568;0.30568;0.30568;0.30568;0;0;0;0;0;0;
2.867610955;0.930537;1.8341;0.30568;0.30568;0.30568;0.30568;0.30568;0.30568;0;0;0;0;0;0;
2.884670067;0.930537;1.8341;0.30568;0.30568;0.30568;0.30568;0.30568;0.30568;0;0;0;0;0;0;
2.90172918;0.930537;1.8341;0.30568;0.30568;0.30568;0.30568;0.30568;0.30568;0;0;0;0;0;0;
2.918788292;0.930537;1.8341;0.30568;0.30568;0.30568;0.30568;0.30568;0.30568;0;0;0;0;0;0;
2.935847404;0.930537;1.8341;0.30568;0.30568;0.30568;0.30568;0.30568;0.30568;0;0;0;0;0;0;
2.952906517;0.930537;1.8341;0.30568;0.30568;0.30568;0.30568;0.30568;0.30568;0;0;0;0;0;0;
2.969965629;0.930537;1.8341;0.30568;0.30568;0.30568;0.30568;0.30568;0.30568;0;0;0;0;0;0;
2.987024742;0.930537;1.8341;0.30568;0.30568;0.30568;0.30568;0.30568;0.30568;0;0;0;0;0;0;
3.004083854;0.930537;1.8341;0.30568;0.30568;0.30568;0.30568;0.30568;0.30568;0;0;0;0;0;0;
3.021142966;0.930537;1.8341;0.30568;0.30568;0.30568;0.30568;0.30568;0.30568;0;0;0;0;0;0;
3.038202079;0.930537;1.8341;0.30568;0.30568;0.30568;0.30568;0.30568;0.30568;0;0;0;0;0;0;
3.055261191;0.930537;1.8341;0.30568;0.30568;0.30568;0.30568;0.30568;0.30568;0;0;0;0;0;0;
3.072320303;0.930537;1.8341;0.30568;0.30568;0.30568;0.30568;0.30568;0.30568;0;0;0;0;0;0;
3.089379416;0.930537;1.8341;0.30568;0.30568;0.30568;0.30568;0.30568;0.30568;0;0;0;0;0;0;
3.106438528;0.930537;1.8341;0.30568;0.30568;0.30568;0.30568;0.30568;0.30568;0;0;0;0;0;0;
3.12349764;0.930537;1.8341;0.30568;0.30568;0.30568;0.30568;0.30568;0.30568;0;0;0;0;0;0;
3.140556753;0.930537;1.8341;0.30568;0.30568;0.30568;0.30568;0.30568;0.30568;0;0;0;0;0;0;
3.157615865;0.930537;1.8341;0.30568;0.30568;0.30568;0.30568;0.30568;0.30568;0;0;0;0;0;0;
3.174674977;0.930537;1.8341;0.30568;0.30568;0.30568;0.30568;0.30568;0.30568;0;0;0;0;0;0;
3.19173409;0.930537;1.8341;0.30568;0.30568;0.30568;0.30568;0.30568;0.30568;0;0;0;0;0;0;
3.208793202;0.930537;1.8341;0.30568;0.30568;0.30568;0.30568;0.30568;0.30568;0;0;0;0;0;0;
3.225852315;0.930537;1.8341;0.30568;0.30568;0.30568;0.30568;0.30568;0.30568;0;0;0;0;0;0;
3.242911427;0.930537;1.8341;0.30568;0.30568;0.30568;0.30568;0.30568;0.30568;0;0;0;0;0;0;
3.259970539;0.930537;1.8341;0.30568;0.30568;0.30568;0.30568;0.30568;0.30568;0;0;0;0;0;0;
3.277029652;0.930537;1.8341;0.30568;0.30568;0.30568;0.30568;0.30568;0.30568;0;0;0;0;0;0;
3.294088764;0.930537;1.8341;0.30568;0.30568;0.30568;0.30568;0.30568;0.30568;0;0;0;0;0;0;
3.311147876;0.930537;1.8341;0.30568;0.30568;0.30568;0.30568;0.30568;0.30568;0;0;0;0;0;0;
3.328206989;0.930537;1.8341;0.30568;0.30568;0.30568;0.30568;0.30568;0.30568;0;0;0;0;0;0;
3.345266101;0.930537;1.8341;0.30568;0.30568;0.30568;0.30568;0.30568;0.30568;0;0;0;0;0;0;
3.362325213;0.930537;1.8341;0.30568;0.30568;0.30568;0.30568;0.30568;0.30568;0;0;0;0;0;0;
3.379384326;0.930537;1.8341;0.30568;0.30568;0.30568;0.30568;0.30568;0.30568;0;0;0;0;0;0;
3.396443438;0.930537;1.8341;0.30568;0.30568;0.30568;0.30568;0.30568;0.30568;0;0;0;0;0;0;
3.413502551;0.930537;1.8341;0.30568;0.30568;0.30568;0.30568;0.30568;0.30568;0;0;0;0;0;0;
3.430561663;0.930537;1.8341;0.30568;0.30568;0.30568;0.30568;0.30568;0.30568;0;0;0;0;0;0;
3.447620775;0.930537;1.8341;0.30568;0.30568;0.30568;0.30568;0.30568;0.30568;0;0;0;0;0;0;
3.464679888;0.930537;1.8341;0.30568;0.30568;0.30568;0.30568;0.30568;0.30568;0;0;0;0;0;0;
3.481739;0.930537;1.8341;0.30568;0.30568;0.30568;0.30568;0.30568;0.30568;0;0;0;0;0;0;
3.498798112;0.930537;1.8341;0.30568;0.30568;0.30568;0.30568;0.30568;0.30568;0;0;0;0;0;0;
3.515857225;0.930537;1.8341;0.30568;0.30568;0.30568;0.30568;0.30568;0.30568;0;0;0;0;0;0;
3.532916337;0.930537;1.8341;0.30568;0.30568;0.30568;0.30568;0.30568;0.30568;0;0;0;0;0;0;
3.549975449;0.930537;1.8341;0.30568;0.30568;0.30568;0.30568;0.30568;0.30568;0;0;0;0;0;0;
3.567034562;0.930537;1.8341;0.30568;0.30568;0.30568;0.30568;0.30568;0.30568;0;0;0;0;0;0;
3.584093674;0.930537;1.8341;0.30568;0.30568;0.30568;0.30568;0.30568;0.30568;0;0;0;0;0;0;
3.601152786;0.930537;1.8341;0.30568;0.30568;0.30568;0.30568;0.30568;0.30568;0;0;0;0;0;0;
3.618006367;0.930537;1.8341;0.30568;0.30568;0.30568;0.30568;0.30568;0.30568;0;0;0;0;0;0;
3.634859948;0.930537;1.8341;0.30568;0.30568;0.30568;0.30568;0.30568;0.30568;0;0;0;0;0;0;
3.651713529;0.930537;1.8341;0.30568;0.30568;0.30568;0.30568;0.30568;0.30568;0;0;0;0;0;0;
3.66856711;0.930537;1.8341;0.30568;0.30568;0.30568;0.30568;0.30568;0.30568;0;0;0;0;0;0;
3.685420691;0.930537;1.8341;0.30568;0.30568;0.30568;0.30568;0.30568;0.30568;0;0;0;0;0;0;
3.702274272;0.930537;1.8341;0.30568;0.30568;0.30568;0.30568;0.30568;0.30568;0;0;0;0;0;0;
3.719127853;0.930537;1.8341;0.30568;0.30568;0.30568;0.30568;0.30568;0.30568;0;0;0;0;0;0;
3.735981434;0.930537;1.8341;0.30568;0.30568;0.30568;0.30568;0.30568;0.30568;0;0;0;0;0;0;
3.752835014;0.930537;1.8341;0.30568;0.30568;0.30568;0.30568;0.30568;0.30568;0;0;0;0;0;0;
3.769688595;0.930537;1.8341;0.30568;0.30568;0.30568;0.30568;0.30568;0.30568;0;0;0;0;0;0;
3.786542176;0.930537;1.8341;0.30568;0.30568;0.30568;0.30568;0.30568;0.30568;0;0;0;0;0;0;
3.803395757;0.930537;1.8341;0.30568;0.30568;0.30568;0.30568;0.30568;0.30568;0;0;0;0;0;0;
3.820249338;0.930537;1.8341;0.30568;0.30568;0.30568;0.30568;0.30568;0.30568;0;0;0;0;0;0;
3.837102919;0.930537;1.8341;0.30568;0.30568;0.30568;0.30568;0.30568;0.30568;0;0;0;0;0;0;
3.8539565;0.930537;1.8341;0.30568;0.30568;0.30568;0.30568;0.30568;0.30568;0;0;0;0;0;0;
3.870810081;0.930537;1.8341;0.30568;0.30568;0.30568;0.30568;0.30568;0.30568;0;0;0;0;0;0;
3.887663662;0.930537;1.8341;0.30568;0.30568;0.30568;0.30568;0.30568;0.30568;0;0;0;0;0;0;
3.904517242;0.930537;1.8341;0.30568;0.30568;0.30568;0.30568;0.30568;0.30568;0;0;0;0;0;0;
3.921370823;0.930537;1.8341;0.30568;0.30568;0.30568;0.30568;0.30568;0.30568;0;0;0;0;0;0;
3.938224404;0.930537;1.8341;0.30568;0.30568;0.30568;0.30568;0.30568;0.30568;0;0;0;0;0;0;
3.955077985;0.930537;1.8341;0.30568;0.30568;0.30568;0.30568;0.30568;0.30568;0;0;0;0;0;0;
3.971931566;0.930537;1.8341;0.30568;0.30568;0.30568;0.30568;0.30568;0.30568;0;0;0;0;0;0;
3.988785147;0.930537;1.8341;0.30568;0.30568;0.30568;0.30568;0.30568;0.30568;0;0;0;0;0;0;
4.005638728;0.930537;1.8341;0.30568;0.30568;0.30568;0.30568;0.30568;0.30568;0;0;0;0;0;0;
4.022492309;0.930537;1.8341;0.30568;0.30568;0.30568;0.30568;0.30568;0.30568;0;0;0;0;0;0;
4.03934589;0.930537;1.8341;0.30568;0.30568;0.30568;0.30568;0.30568;0.30568;0;0;0;0;0;0;
4.05619947;0.930537;1.8341;0.30568;0.30568;0.30568;0.30568;0.30568;0.30568;0;0;0;0;0;0;
4.073053051;0.930537;1.8341;0.30568;0.30568;0.30568;0.30568;0.30568;0.30568;0;0;0;0;0;0;
4.089906632;0.930537;1.8341;0.30568;0.30568;0.30568;0.30568;0.30568;0.30568;0;0;0;0;0;0;
4.106760213;0.930537;1.8341;0.30568;0.30568;0.30568;0.30568;0.30568;0.30568;0;0;0;0;0;0;
4.123613794;0.930537;1.8341;0.30568;0.30568;0.30568;0.30568;0.30568;0.30568;0;0;0;0;0;0;
4.140467375;0.930537;1.8341;0.30568;0.30568;0.30568;0.30568;0.30568;0.30568;0;0;0;0;0;0;
4.157320956;0.930537;1.8341;0.30568;0.30568;0.30568;0.30568;0.30568;0.30568;0;0;0;0;0;0;
4.174174537;0.930537;1.8341;0.30568;0.30568;0.30568;0.30568;0.30568;0.30568;0;0;0;0;0;0;
4.191028117;0.930537;1.8341;0.30568;0.30568;0.30568;0.30568;0.30568;0.30568;0;0;0;0;0;0;
4.207881698;0.930537;1.8341;0.30568;0.30568;0.30568;0.30568;0.30568;0.30568;0;0;0;0;0;0;
4.224735279;0.930537;1.8341;0.30568;0.30568;0.30568;0.30568;0.30568;0.30568;0;0;0;0;0;0;
4.24158886;0.930537;1.8341;0.30568;0.30568;0.30568;0.30568;0.30568;0.30568;0;0;0;0;0;0;
4.258442441;0.930537;1.8341;0.30568;0.30568;0.30568;0.30568;0.30568;0.30568;0;0;0;0;0;0;
4.275296022;0.930537;1.8341;0.30568;0.30568;0.30568;0.30568;0.30568;0.30568;0;0;0;0;0;0;
4.292149603;0.930537;1.8341;0.30568;0.30568;0.30568;0.30568;0.30568;0.30568;0;0;0;0;0;0;
4.309003184;0.930537;1.8341;0.30568;0.30568;0.30568;0.30568;0.30568;0.30568;0;0;0;0;0;0;
4.325856765;0.930537;1.8341;0.30568;0.30568;0.30568;0.30568;0.30568;0.30568;0;0;0;0;0;0;
4.342710345;0.930537;1.8341;0.30568;0.30568;0.30568;0.30568;0.30568;0.30568;0;0;0;0;0;0;
4.359563926;0.930537;1.8341;0.30568;0.30568;0.30568;0.30568;0.30568;0.30568;0;0;0;0;0;0;
4.376417507;0.930537;1.8341;0.30568;0.30568;0.30568;0.30568;0.30568;0.30568;0;0;0;0;0;0;
4.393271088;0.930537;1.8341;0.30568;0.30568;0.30568;0.30568;0.30568;0.30568;0;0;0;0;0;0;
4.410124669;0.930537;1.8341;0.30568;0.30568;0.30568;0.30568;0.30568;0.30568;0;0;0;0;0;0;
4.42697825;0.930537;1.8341;0.30568;0.30568;0.30568;0.30568;0.30568;0.30568;0;0;0;0;0;0;
4.443831831;0.930537;1.8341;0.30568;0.30568;0.30568;0.30568;0.30568;0.30568;0;0;0;0;0;0;
4.460685412;0.930537;1.8341;0.30568;0.30568;0.30568;0.30568;0.30568;0.30568;0;0;0;0;0;0;
4.477538993;0.930537;1.8341;0.30568;0.30568;0.30568;0.30568;0.30568;0.30568;0;0;0;0;0;0;
4.494392573;0.930537;1.8341;0.30568;0.30568;0.30568;0.30568;0.30568;0.30568;0;0;0;0;0;0;
4.511246154;0.930537;1.8341;0.30568;0.30568;0.30568;0.30568;0.30568;0.30568;0;0;0;0;0;0;
4.528099735;0.930537;1.8341;0.30568;0.30568;0.30568;0.30568;0.30568;0.30568;0;0;0;0;0;0;
4.544953316;0.930537;1.8341;0.30568;0.30568;0.30568;0.30568;0.30568;0.30568;0;0;0;0;0;0;
4.561806897;0.930537;1.8341;0.30568;0.30568;0.30568;0.30568;0.30568;0.30568;0;0;0;0;0;0;
4.578660478;0.930537;1.8341;0.30568;0.30568;0.30568;0.30568;0.30568;0.30568;0;0;0;0;0;0;
4.595514059;0.930537;1.8341;0.30568;0.30568;0.30568;0.30568;0.30568;0.30568;0;0;0;0;0;0;
4.61236764;0.930537;1.8341;0.30568;0.30568;0.30568;0.30568;0.30568;0.30568;0;0;0;0;0;0;
4.629221221;0.930537;1.8341;0.30568;0.30568;0.30568;0.30568;0.30568;0.30568;0;0;0;0;0;0;
4.646074801;0.930537;1.8341;0.30568;0.30568;0.30568;0.30568;0.30568;0.30568;0;0;0;0;0;0;
4.662928382;0.930537;1.8341;0.30568;0.30568;0.30568;0.30568;0.30568;0.30568;0;0;0;0;0;0;
4.679781963;0.930537;1.8341;0.30568;0.30568;0.30568;0.30568;0.30568;0.30568;0;0;0;0;0;0;
4.696635544;0.930537;1.8341;0.30568;0.30568;0.30568;0.30568;0.30568;0.30568;0;0;0;0;0;0;
4.713489125;0.930537;1.8341;0.30568;0.30568;0.30568;0.30568;0.30568;0.30568;0;0;0;0;0;0;
4.730342706;0.930537;1.8341;0.30568;0.30568;0.30568;0.30568;0.30568;0.30568;0;0;0;0;0;0;
4.747196287;0.930537;1.8341;0.30568;0.30568;0.30568;0.30568;0.30568;0.30568;0;0;0;0;0;0;
4.764049868;0.930537;1.8341;0.30568;0.30568;0.30568;0.30568;0.30568;0.30568;0;0;0;0;0;0;
4.780903448;0.930537;1.8341;0.30568;0.30568;0.30568;0.30568;0.30568;0.30568;0;0;0;0;0;0;
4.797757029;0.930537;1.8341;0.30568;0.30568;0.30568;0.30568;0.30568;0.30568;0;0;0;0;0;0;
4.81461061;0.930537;1.8341;0.30568;0.30568;0.30568;0.30568;0.30568;0.30568;0;0;0;0;0;0;
4.831464191;0.930537;1.8341;0.30568;0.30568;0.30568;0.30568;0.30568;0.30568;0;0;0;0;0;0;
4.848317772;0.930537;1.8341;0.30568;0.30568;0.30568;0.30568;0.30568;0.30568;0;0;0;0;0;0;
4.865171353;0.930537;1.8341;0.30568;0.30568;0.30568;0.30568;0.30568;0.30568;0;0;0;0;0;0;
4.882024934;0.930537;1.8341;0.30568;0.30568;0.30568;0.30568;0.30568;0.30568;0;0;0;0;0;0;
4.898878515;0.930537;1.8341;0.30568;0.30568;0.30568;0.30568;0.30568;0.30568;0;0;0;0;0;0;
4.915732096;0.930537;1.8341;0.30568;0.30568;0.30568;0.30568;0.30568;0.30568;0;0;0;0;0;0;
4.932585676;0.930537;1.8341;0.30568;0.30568;0.30568;0.30568;0.30568;0.30568;0;0;0;0;0;0;
4.949439257;0.930537;1.8341;0.30568;0.30568;0.30568;0.30568;0.30568;0.30568;0;0;0;0;0;0;
4.966292838;0.930537;1.8341;0.30568;0.30568;0.30568;0.30568;0.30568;0.30568;0;0;0;0;0;0;
4.983146419;0.930537;1.8341;0.30568;0.30568;0.30568;0.30568;0.30568;0.30568;0;0;0;0;0;0;
5;0.930537;1.8341;0.30568;0.30568;0.30568;0.30568;0.30568;0.30568;0;0;0;0;0;0;
