/*--------------------------------*- C++ -*----------------------------------*\
| =========                 |                                                 |
| \\      /  F ield         | OpenFOAM: The Open Source CFD Toolbox           |
|  \\    /   O peration     | Version:  v1906                                 |
|   \\  /    A nd           | Web:      www.OpenFOAM.com                      |
|    \\/     M anipulation  |                                                 |
\*---------------------------------------------------------------------------*/
FoamFile
{
    version     2.0;
    format      ascii;
    class       volScalarField;
    location    "100/neutroRegion";
    object      volFuelPower;
}
// * * * * * * * * * * * * * * * * * * * * * * * * * * * * * * * * * * * * * //

dimensions      [1 -1 -3 0 0 0 0];


internalField   nonuniform List<scalar> 
8595
(
1907.69
4362.39
5890.08
6945.95
7680.48
8189.52
8539.26
8773.75
8920.46
8996.67
9013.09
8974.79
8884.25
8739.44
8533.06
8253.21
7878.39
7394.56
6535.83
6022.73
5645
5350
5113.9
4922.53
4766.2
4637.78
4531.79
4443.89
4370.65
4309.26
4257.44
4213.37
4175.5
4142.59
4113.6
4087.63
4063.94
4041.88
4020.85
4000.28
3979.68
3958.47
3936.05
3911.81
3884.91
3854.37
3818.94
3776.76
3725.2
3660.35
3575.93
3462.03
3302.9
3075.89
2770.83
2508.3
1202.93
5095.83
12318.2
17027.1
20248.2
22479.5
24022.5
25083.3
25795.2
26241.8
26475.7
26529.5
26419.5
26151.7
25720.5
25107.5
24281.6
23191.1
21736.1
19407.4
17884.4
16749.6
15861
15149
14571.7
14099.9
13712.4
13392.5
13127.3
12906.4
12721.2
12565
12432.2
12318.2
12219.1
12131.9
12053.8
11982.6
11916.4
11853.3
11791.5
11729.7
11666.1
11598.9
11526.1
11445.3
11353.5
11246.9
11119.9
10964.6
10769.1
10514.6
10171.4
9692.12
9006.76
8051.71
6845.7
3067.78
7983.09
19763.6
27603.4
32951.4
36647.3
39204.2
40967.3
42154.5
42903.1
43299.9
43397.6
43223.7
42787.3
42079.6
41072
39715.2
37925.8
35524
31942.6
29462.3
27588.7
26114.8
24931.6
23971.1
23185.7
22540.3
22007.5
21565.7
21197.6
20889.2
20629.1
20407.9
20218
20053.2
19908.1
19778.2
19659.9
19549.8
19444.9
19342.5
19239.9
19134.2
19022.6
18901.6
18767.4
18614.9
18437.8
18226.7
17968.7
17644.1
17222.2
16654
15860.9
14723.2
13093.5
10773.1
4668.4
10743.1
26863.4
37687.2
45061.8
50153.8
53684
56128.3
57781.8
58830.9
59393.5
59541.6
59312.8
58718.9
57747.6
56360.8
54491.5
52025.7
48730.2
44062.3
40689.7
38106
36062.3
34417.4
33080.2
31985.9
31086.1
30343.1
29726.9
29213.4
28783.2
28420.4
28111.9
27847.2
27617.5
27415.3
27234.4
27069.7
26916.5
26770.5
26628
26485.1
26338.1
26182.8
26014.5
25827.6
25615.5
25369
25075.4
24716.9
24266.5
23682.4
22897.5
21803.4
20228.9
17925.2
14443.7
6144.78
13520.6
33756.7
47343.1
56589.6
62976.9
67423.4
70517.7
72621.9
73965.9
74695.9
74900.6
74626.7
73887.9
72668.3
70920.7
68561.8
65451.4
61327.7
55706.8
51510.8
48252.9
45660.3
43567.3
41862.8
40466.6
39317.8
38368.8
37581.5
36925.5
36375.8
35912.2
35518.2
35180.1
34886.7
34628.6
34397.8
34187.7
33992.2
33806.1
33624.3
33442.2
33254.8
33056.8
32842.1
32603.8
32333.4
32019.1
31645.3
31189.4
30617.9
29878.9
28889.1
27512.6
25528.3
22581.5
17972.2
7599.44
16479.2
40575.8
56629.5
67542.2
75098.6
80390.4
84094.2
86628.3
88259.3
89156.9
89424.2
89115.3
88245.4
86794.8
84707.8
81886.7
78171.5
73289.5
66828.4
61878.6
57986.9
54870.5
52346.2
50286.6
48597.4
47206.5
46056.9
45103.1
44308.1
43641.9
43080.2
42602.8
42193.2
41837.9
41525.3
41245.9
40991.6
40755.1
40529.9
40310.1
40089.8
39863.1
39623.5
39363.7
39075.5
38748.5
38368.6
37917.2
37367.7
36681
35796.6
34616.9
32982.5
30627.5
27098.7
21457.8
9134.33
19845.4
47451.7
65592.3
77919.3
86500.6
92555.4
96822.7
99763.1
101671
102736
103072
102738
101752
100089
97686.5
94434.7
90159.9
84590.7
77388.1
71752.8
67270.5
63658.7
60722.8
58322.2
56350.9
54726.3
53382.8
52267.8
51338.2
50559.2
49902.3
49344.2
48865.5
48450.1
48084.8
47758.5
47461.6
47185.4
46922.5
46665.8
46408.6
46144
45864.2
45560.8
45224.3
44842.7
44399.6
43873.9
43235.6
42440.6
41421.5
40069.4
38206.6
35531.6
31510.2
24993.6
10879
23958.4
54509
74251.6
87709.1
97160.1
103890
108674
111997
114172
115403
115813
115466
114378
112523
109830
106182
101396
95209.6
87353.8
81099.1
76071.1
71994.7
68669.2
65944
63702.8
61854.1
60324.5
59054.3
57995.2
57107.7
56359.3
55723.4
55178.1
54705
54289.1
53917.7
53579.6
53265.3
52966.2
52674.1
52381.5
52080.4
51761.9
51416.6
51034
50599.9
50096.5
49500.1
48778.1
47882.7
46740.7
45235.8
43178.2
40243.7
35843.3
28670.7
13025.9
29327.2
61822.9
82586.2
96881.2
107048
114371
119626
123310
125744
127141
127630
127279
126105
124078
121122
117112
111863
105128
96699.4
89888.4
84360.3
79852.2
76161
73128.9
70631.6
68569.6
66862.3
65444
64261.2
63269.7
62433.8
61723.5
61114.5
60586.2
60121.9
59707.4
59330.1
58979.4
58645.6
58319.7
57993.4
57657.4
57301.8
56916.7
56490
56005.9
55445.1
54782.2
53982.2
52994.5
51742.3
50105.3
47889.7
44762.5
40114.2
32574.1
15885.4
36596.7
69349.9
90521.7
105389
116140
123985
129674
133698
136382
137943
138515
138170
136923
134743
131549
127213
121550
114329
105403
98096
92113.8
87207.9
83176.2
79856.4
77117.8
74854.2
72978.7
71420
70119.6
69029.5
68110.4
67329.5
66659.8
66079.1
65568.9
65113.5
64699
64313.7
63946.9
63589.1
63230.9
62861.6
62470.8
62048.1
61579.5
61048
60433.1
59708.1
58836.2
57764.5
56414.8
54667.4
52331.2
49080.5
44322.4
36765.2
19981.1
18019.3
13636.2
10802.1
8770.08
7166.84
5793.63
4535.52
3317.57
2080.78
764.111
33623.6
28775.5
24544.2
20777.4
17334.1
14100.9
10988.7
7925.81
4849.77
1698.02
41253.8
36299.4
31548.5
26988.4
22589.1
18318
14145.6
10048
6008.74
2018.75
46167.5
41056.6
35976.8
30951.2
25991.9
21103.6
16288.4
11548.2
6885.43
2303.12
49568.1
44295.1
38967
33623.5
28294.1
23001.4
17763
12593.6
7505.16
2507.39
52034.1
46607.9
41080.7
35500.6
29906.4
24329.4
18795.4
13326.3
7939.9
2650.79
53889.6
48325.2
42634.9
36871.2
31077.4
25290.3
19540.7
13854.4
8253.05
2754.07
55328.6
49643.7
43818.1
37907.1
31957.9
26010.2
20097.6
14248.4
8486.47
2831.04
56472.5
50683.4
44745.1
38714.8
32641.8
26567.7
20527.8
14552.3
8666.31
2890.34
57403
51525
45491.5
39362.6
33188.3
27012
20870.1
14793.9
8809.2
2937.48
58173.9
52219
46105.7
39894.1
33636
27375.4
21149.8
14991
8925.77
2975.93
58825.5
52804.5
46622.3
40340.5
34011.3
27679.6
21383.6
15155.7
9023.16
3008.07
59386.6
53307.7
47065.9
40723
34332.6
27939.9
21583.6
15296.6
9106.44
3035.55
59879.4
53749
47454.4
41058.1
34613.9
28167.7
21758.7
15419.9
9179.31
3059.6
60322.1
54145.7
47803.3
41358.7
34866.1
28371.9
21915.4
15530.3
9244.55
3081.14
60728.6
54509.2
48123.3
41634.5
35097.5
28559.2
22059.3
15631.6
9304.41
3100.9
61112.2
54852.6
48425.1
41894.4
35315.5
28735.6
22194.8
15727
9360.77
3119.5
61483.4
55184.5
48717.1
42145.8
35526.5
28906.3
22325.8
15819.2
9415.27
3137.48
61852.9
55515
49007.6
42396
35736.3
29076.1
22456.1
15910.9
9469.45
3155.35
62230.8
55853
49304.6
42651.7
35950.7
29249.5
22589.2
16004.6
9524.78
3173.59
62627.4
56207.5
49616.2
42920
36175.5
29431.4
22728.8
16102.8
9582.77
3192.7
63053.9
56588.7
49951.1
43208.2
36417.1
29626.7
22878.7
16208.2
9645
3213.2
63522.2
57007.2
50318.8
43524.5
36682.2
29841
23043.1
16323.8
9713.23
3235.67
64046.2
57475.3
50729.9
43878.2
36978.5
30080.6
23226.7
16453
9789.44
3260.76
64641.6
58007.2
51196.9
44279.8
37314.9
30352.4
23435.2
16599.5
9875.89
3289.22
65327.1
58619.3
51734.2
44741.8
37701.8
30665
23674.8
16768
9975.25
3321.92
66124.3
59331
52358.9
45278.8
38151.4
31028.2
23953.2
16963.6
10090.6
3359.89
67058.9
60165.2
53090.8
45907.9
38678
31453.5
24279.2
17192.7
10225.7
3404.34
68161.4
61149
53953.9
46649.6
39298.7
31954.8
24663.2
17462.5
10384.9
3456.7
69467.6
62314.4
54976
47527.7
40033.5
32548.1
25117.8
17781.9
10573.2
3518.66
71019.6
63698.6
56189.9
48570.4
40906
33252.5
25657.5
18161.1
10796.7
3592.21
72866.3
65345.5
57633.8
49810.7
41943.6
34090.2
26299.2
18611.9
11062.6
3679.66
75064
67305.3
59352
51286.4
43178.3
35086.9
27062.8
19148.3
11378.8
3783.71
77677
69635.4
61395.1
53041.4
44646.7
36272.5
27971.1
19786.4
11755.1
3907.49
80777.4
72401.1
63821
55126
46391.5
37681.7
29051
20545.2
12202.6
4054.71
84445.3
75675.7
66695.8
57598.5
48462.7
39355.8
30334.7
21447.7
12735
4229.87
88767.7
79541.1
70095.6
60528.1
50921.5
41346.5
31863.5
22523.7
13370.2
4438.9
93837.7
84090.3
74111.5
64002.4
53849.3
43726.5
33698
23818.8
14136.3
4691.23
99750
89427.3
78857
68141.9
57370
46617.1
35949.2
25424.5
15094.9
5008.84
106585
95661.7
84473.4
73121.9
61692.7
50257.6
38876.4
27597.8
16460.8
5496.36
111927
100450
88702
76785.2
64785.5
52775.4
40816.5
28962
17258.6
5752.35
115931
103996
91792.9
79426
66983.3
54539.8
42160.2
29900.5
17810.5
5936.3
118766
106481
93937.4
81240.3
68479.8
55731.8
43061.8
30526.7
18176.3
6056.62
120580
108048
95271.5
82355.3
69388.8
56448
43598.2
30896.1
18391.1
6127.19
121484
108803
95893.1
82858.2
69786.4
56752.4
43820.6
31046.3
18477.3
6155.51
121554
108815
95864.7
82804.6
69720.2
56684.3
43759.1
30997.9
18446.6
6145.51
120828
108119
95217.4
82221
69212.1
56260.5
43425.8
30759.1
18304
6098.78
119305
106714
93948.6
81104
68258.3
55477.4
42817.6
30327.4
18048
6014.89
116944
104557
92018.9
79418.3
66827.9
54309.1
41914.5
29688.9
17670.4
5891.18
113648
101560
89347.1
77090.9
64857.9
52703.8
40675.9
28814.6
17153.9
5721.87
109267
97576.3
85796.1
73998.3
62240.8
50571.9
39031.9
27654.7
16468.8
5497.08
103563
92375.9
81148.9
69942.6
58803.9
47769.4
36869.3
26128.4
15567.1
5201.03
96179.5
85601.5
75064.3
64611.6
54272.4
44066.4
34007.8
24107.1
14372.4
4808.67
86563.1
76687.2
66993.1
57498.1
48200.7
39091
30156.3
21384.1
12762.7
4280.2
73786.8
64663.3
55999
47749.8
39850.8
32236
24845.9
17629.7
10544.8
3553.37
56101.8
47715
40403.1
33914.3
28021.3
22545.7
17352.6
12339.1
7423.57
2533.81
29096.5
21887.6
17159.9
13748
11062.3
8788.2
6746.93
4826.97
2948.28
1039.84
1749.58
1749.15
1808.09
1913.63
2070.01
2289.03
2590.05
3002.89
3573.9
4379.29
5560.39
5522.92
5526.69
5712.51
6046.51
6542.09
7236.68
8191.76
9501.83
11313.9
13868.7
17611.8
10081.6
10104.3
10447.6
11061.6
11972.1
13247.9
15001.9
17407
20732.2
25415.9
32259.4
15684.9
15755.9
16302.4
17268.1
18697
20697.6
23446.2
27212.5
32414
39726.7
50357.5
21707.9
21867.2
22648
24003.2
26000.8
28793.4
32625.6
37870.2
45100.4
55233.5
69860
27503.8
27782.9
28806.7
30548.6
33103.8
36669
41554.3
48229.3
57410.6
70229.2
88590
33045
33470.6
34744.4
36867.3
39965
44276.6
50174.5
58217.2
69250.3
84587.6
106382
38313.7
38907.3
40435.6
42931.8
46552.8
51579.3
58441.2
67777.5
80546
98212.3
123116
43294.1
44071.8
45856.5
48715.4
52837.1
58541.8
66311.8
76857.1
91230.8
111019
138695
48017.7
48992.3
51034.9
54246.5
58847.6
65195.2
73819.3
85491.3
101343
123053
153179
52694.2
53884.8
56196.6
59765.6
64844.1
71825
81282.5
94042.3
111301
134807
167158
57532.3
58969.3
61574.9
65521.5
71094.9
78723.8
89023.5
102868
121504
146724
181126
62624
64347.3
67279.7
71631.9
77724.1
86020.1
97172.7
112094
132064
158884
195100
67522.1
69553.4
72820.8
77570.4
84154.5
93066.4
104986
120845
141929
170001
207490
71597.6
73918.3
77483.7
82568.2
89548.3
98936.6
111425
127943
149746
178524
216533
74651.7
77222.6
81029
86365.3
93623.4
103324
116156
133027
155138
184072
221885
76665.2
79439.9
83424.2
88925
96340.7
106190
119147
136079
158114
186705
223693
77625.9
80552.8
84647.9
90223.5
97677.2
107517
120387
137107
158714
186518
222136
77524
80548
84684.3
90244.6
97618.6
107295
119882
136138
157001
183629
217417
76359.4
79422.9
83529.8
88986.1
96167.4
105535
117657
133222
153064
178184
209766
74135.8
77180.4
81187.9
86454.2
93335.3
102261
113751
128423
147004
170340
199410
70863.2
73830.5
77669.9
82664.1
89144.9
97505
108214
121818
138936
160264
186591
66565.8
69398.1
73003.9
77649.7
83639.3
91324
101122
113510
129003
148152
171574
61620.5
64274.5
67604.5
71860.4
77315.3
84278.7
93123.1
104263
118119
135114
155731
56702.6
59166.3
62219.8
66097.2
71042.8
77328.3
85288.8
95287.1
107668
122756
140933
51977.8
54251.2
57038.9
60559.9
65032.1
70695.7
77853.1
86821.9
97886.7
111303
127364
47323.4
49404.7
51931.3
55106.8
59125.9
64200.7
70603.3
78608.6
88453.3
100343
114476
42509.1
44388.3
46645.9
49469.8
53032.5
57520.3
63174.4
70227.5
78876.7
89287.2
101569
37384.1
39044.9
41017.8
43473.7
46563.7
50448.8
55337.4
61420.7
68861.3
77792
88252
31950.8
33377.3
35050.5
37123.7
39726.4
42994.8
47102.8
52201.4
58422.3
65873.5
74537.6
26214.1
27390.1
28749.7
30427.2
32530.5
35170
38483.9
42585
47577.8
53550.8
60445.9
20192.1
21101.9
22136.2
23408.1
25002.8
27003.8
29512.9
32608.4
36370.5
40870
46027.8
13897.3
14525.4
15224.8
16084.1
17163.1
18517.6
20213.2
22298.3
24830.7
27861.7
31313.6
7443.38
7779.51
8143.84
8593
9159.51
9871.45
10760.2
11850.4
13175.8
14765.2
16564.5
2101.87
2195.56
2294.15
2417.27
2573.84
2771
3016.23
3316.74
3683.5
4124.42
4621.56
24150.1
27004.3
30678.5
34401.7
38043.8
41556.7
44904
48067.3
51035.9
53897.7
56790
59781.7
62764
65325
67245.5
68519.2
69146.3
69128.3
68466.9
67166.8
65241.8
62681.9
59617.9
56439.3
53417.8
50495
47541
44427.7
41140.7
37700.4
34136.3
30495.3
27204.8
24626.5
22582.7
39757.1
41751.4
44280.9
46852.1
49396.5
51888.3
54301.5
56618.2
58824.5
60979.9
63185.1
65492.5
67815.6
69822.9
71327.1
72311.1
72767.3
72693.2
72090.2
70966.7
69337.9
67210.2
64700.6
62135.4
59732.3
57441.2
55159.7
52793.3
50337.2
47811.2
45237.5
42644.3
40316.6
38483.3
37007.3
47081
48881.3
51099.3
53304.1
55451.4
57530.5
59528.2
61436.2
63247.1
65012.9
66817.7
68705.3
70605.9
72248.2
73477.8
74278.6
74642.8
74567.1
74051.8
73103.4
71732.7
69952.7
67860.7
65728.3
63733.8
61833.1
59938.8
57969.8
55918.4
53796.1
51614.6
49388.2
47354.2
45721.7
44382.9
51823.9
53597.2
55746.3
57848.9
59867.6
61797.9
63632.8
65369.1
67004.3
68588.3
70197.6
71871.6
73548.5
74990.9
76066.5
76763.3
77075.7
77001.5
76541.1
75699.7
74485.9
72908.3
71048.7
69145.5
67358.2
65647.2
63933.2
62140.3
60258.1
58292.6
56250.1
54139.1
52182.8
50592.8
49275.4
55113.1
56902.9
59055.8
61146.1
63137.9
65028.6
66813.5
68491.7
70063
71576.8
73106.8
74689.9
76267.4
77617.7
78620.2
79267.3
79555.8
79484.8
79055.1
78270.8
77137.7
75662.6
73917
72121.4
70426.3
68795.4
67153.4
65426.4
63602.5
61685.4
59679.2
57590.1
55639
54043.6
52715.3
57505.5
59327.7
61511.3
63623.4
65628.6
67525.1
69309
70980.4
72540.1
74038
75547.1
77103.6
78649.6
79969
80946.5
81577.1
81859.4
81793.6
81380.5
80623.7
79526.8
78095.3
76395.6
74640.1
72976.6
71370.4
69747.7
68035
66219.4
64303.8
62291.1
60186.6
58213.1
56593.9
55242.6
59312.6
61170.9
63393.8
65540.1
67574.1
69494.5
71297.8
72984.6
74556
76062.7
77578.4
79139.2
80687.1
82006.5
82984
83615.6
83901.1
83841.2
83436.9
82691.1
81606.7
80187.6
78498.3
76748.9
75087.2
73479.2
71851.3
70129.6
68300.5
66366.4
64329.9
62195.9
60190
58541.3
57163.4
60719.5
62612.5
64875.4
67058.6
69126
71076.4
72906.3
74616.7
76208.9
77734.6
79268.3
80846.7
82411.3
83745
84733.8
85374.5
85667.5
85613.5
85213.7
84470.6
83386.6
81964.7
80269
78509.9
76836.5
75214.9
73571.4
71831
69979.9
68020.1
65954.1
63786.7
61746.9
60068.6
58664.8
61842.1
63767
66067.3
68286
70386.2
72366.8
74224.5
75960.3
77575.9
79123.5
80679
82279.8
83866.7
85220
86224.5
86877.4
87179.1
87130.6
86732.9
85988.4
84899.2
83468
81758.7
79983.3
78292.9
76653.5
74990.8
73228.8
71353.4
69366.6
67270.7
65070.5
62998.3
61292.4
59864.8
62758.6
64711.4
67045.2
69295.9
71426.3
73435.2
75319.3
77079.8
78718.2
80287.8
81865.4
83489.1
85099.3
86473.2
87494.3
88159.7
88470
88426.1
88029.2
87281.5
86184.8
84741.6
83016.3
81222.8
79514.1
77856.2
76174
74390.7
72491.8
70479.3
68355.5
66125.1
64023.9
62293.7
60845.3
63522.3
65499.4
67862.7
70142
72299.5
74334.1
76242.4
78025.6
79685.2
81275.2
82873.5
84518.8
86150.9
87544.5
88581.2
89258.3
89576.4
89536.5
89139.5
88387.7
87282.8
85827.3
84085.8
82274.5
80548.2
78872.6
77172
75368.7
73448
71412
69262.8
67005.4
64878.3
63126.3
61659.4
64171.1
66169.7
68559
70863.6
73045.2
75102.6
77032.5
78835.9
80514.6
82122.9
83740
85404.9
87057
88468.5
89519.4
90207.2
90532.2
90495.5
90098
89342
88229.1
86761.7
85004.9
83177
81434.3
79742.4
78024.9
76203.4
74263.1
72206
70034.3
67752.9
65602.9
63832
62349.2
64732.6
66750.2
69162.5
71489.3
73692.1
75769.7
77718.7
79540.2
81235.8
82860.7
84494.6
86177.2
87847.3
89274.9
90338.7
91036
91367.2
91333.4
90935.3
90175.2
89054.7
87576.2
85805.3
83962
82204.3
80497.6
78764.9
76927
74969
72893
70701.2
68398.5
66228.3
64440.7
62943.9
65227.8
67262.1
69694.8
72041.5
74263.3
76359.1
78325.2
80163
81873.9
83513.6
85162.7
86861.2
88547.7
89989.9
91065.3
91771.2
92108
92076.5
91677.7
90913.7
89786.1
88297.4
86513.4
84656.1
82884.8
81164.7
79418.1
77565.4
75591.5
73498.5
71288.5
68966.8
66778.4
64975.8
63466.3
65674.2
67723.8
70175.1
72540
74779.1
76891.3
78873.1
80725.6
82450.5
84103.7
85766.5
87479.6
89180.9
90636.3
91722.2
92435.8
92777.4
92748
92348.2
91580.5
90446.3
88948
87152
85281.8
83498
81765.5
80006.3
78140.1
76151.7
74043.2
71816.8
69477.7
67273.1
65457
63936.4
66086.9
68150.8
70619.2
73000.8
75255.9
77383.3
79379.5
81245.7
82983.4
84649.1
86324.7
88051.1
89766
91233.5
92329
93049.5
93395.5
93367.8
92967.1
92195.8
91055.3
89548
87740.7
85858.5
84062.9
82318.9
80547.9
78669.1
76667.2
74544.3
72302.7
69947.5
67727.6
65898.9
64367.6
66477.5
68554.7
71039.4
73436.7
75706.9
77848.8
79858.7
81737.7
83487.6
85165.1
86852.7
88591.7
90319.4
91798.3
92902.8
93629.9
93980
93953.9
93552.2
92777.4
91630.8
90114.9
88296.8
86403
84596.3
82841.4
81059.2
79168.4
77153.7
75017.2
72761.2
70390.8
68156.5
66316.1
64775
66856.1
68946.3
71446.8
73859.5
76144.4
78300.2
80323.4
82215
83976.7
85665.6
87364.9
89116.2
90856.4
92346.4
93459.6
94193.1
94547.2
94522.5
94119.9
93341.6
92189
90664.6
88836
86931
85113.4
83347.8
81554.7
79652.3
77625.1
75475.3
73205.2
70820
68571.8
66719.8
65169
67233.7
69337
71853.1
74281.2
76580.7
78750.4
80786.7
82690.8
84464.3
86164.7
87875.7
89639.2
91391.9
92892.9
94014.9
94754.7
95112.6
95089.4
94685.7
93903.8
92745.3
91212.4
89373.3
87457
85628.5
83852.2
82048.2
80134.2
78094.5
75931.5
73647.3
71247.4
68985.2
67121.8
65561.3
67621.2
69737.7
72269.9
74713.6
77028
79212
81261.9
83178.8
84964.3
86676.4
88399.3
90175.3
91940.7
93453
94583.8
95330
95691.8
95670
95265.1
94479.6
93314.8
91773.2
89923.2
87995.3
86155.6
84368.4
82553.2
80627.2
78574.8
76398.2
74099.7
71684.6
69408.1
67532.9
65962.7
68028.4
70159
72708.1
75168.3
77498.5
79697.5
81761.6
83691.9
85490.1
87214.4
88949.8
90738.9
92517.6
94041.7
95181.8
95934.7
96300.6
96280.2
95874.1
95084.7
93913.3
92362.5
90501
88560.9
86709.4
84910.6
83083.6
81145.1
79079.2
76888.2
74574.5
72143.5
69852
67964.4
66383.8
68466.3
70612.1
73179.5
75657.4
78004.6
80219.8
82299.3
84244.1
86055.9
87793.4
89542.3
91345.6
93138.6
94675.5
95825.6
96585.7
96955.9
96937.1
96529.7
95736
94557.6
92996.7
91122.8
89169.5
87305.2
85494
83654.3
81702.1
79621.8
77415.4
75085.4
72637.1
70329.5
68428.6
66836.8
68947.6
71110
73697.4
76194.9
78560.9
80793.9
82890.3
84851.1
86677.9
88430.1
90193.9
92012.8
93821.7
95372.6
96533.7
97301.8
97676.9
97659.7
97250.8
96452.4
95266.1
93694.2
91806.5
89838.6
87960.3
86135.3
84281.6
82314.5
80218.1
77994.6
75646.6
73179.5
70854
68938.3
67334.3
69486.6
71667.7
74277.8
76797.3
79184.2
81437.3
83552.6
85531.3
87375.1
89143.6
90924.2
92760.6
94587.3
96153.9
97327.4
98104.4
98484.8
98469.4
98058.8
97255.1
96059.8
94475.5
92572.4
90588.1
88694
86853.5
84984
83000
80885.6
78643.1
76274.9
73786.5
71440.9
69508.9
67891
70100.4
72302.8
74938.6
77483.1
79894
82169.9
84306.9
86306
88169
89956.3
91755.8
93612.2
95459.1
97043.7
98231.2
99018.2
99404.7
99391.3
98978.6
98168.7
96963.3
95364.7
93443.9
91440.8
89528.6
87670.5
85782.9
83779.7
81644.8
79380.5
76989.2
74476.6
72108.2
70157.3
68523.8
70808.3
73035.4
75700.8
78274.3
80712.9
83015.1
85177.1
87199.8
89085
90893.8
92715.3
94594.7
96465
98070.1
99273.8
100072
100466
100455
100039
99222.3
98005
96389.7
94448.5
92423.6
90490.5
88611.8
86703.4
84678
82519.4
80229.8
77811.9
75271.3
72876.5
70904
69252.3
71633.7
73889.6
76589.7
79197
81667.8
84000.8
86191.9
88242.2
90153.4
91987.3
93834.4
95740.6
97638.1
99267.2
100490
101302
101703
101694
101276
100450
99218.7
97584
95618.6
93568.2
91610.5
89707.9
87775
85723.7
83537.3
81218.3
78769.2
76195.9
73770.4
71772.5
70099.7
72605.2
74895
77635.9
80282.9
82791.8
85161
87386.4
89469
91410.6
93274.1
95151.3
97088.8
99018.2
100675
101920
102747
103157
103151
102729
101893
100645
98986.6
96992.7
94912.1
92925.4
90994.5
89032.8
86950.7
84731.6
82377.9
79892.2
77280.4
74818.7
72791.1
71093.4
73757.4
76087.3
78876.6
81570.6
84124.4
86536.4
88802.3
90923.2
92900.7
94798.9
96711.5
98686
100653
102343
103612
104458
104878
104875
104448
103599
102330
100645
98616.4
96499.8
94478.5
92514
90518
88399.6
86141.7
83746.8
81217.7
78560.3
76055.7
73992.9
72265.7
75131.9
77509.4
80356.2
83106.2
85713.3
88176.1
90490
92656.2
94676.3
96615.6
98570.1
100588
102599
104327
105627
106493
106925
106924
106490
105626
104332
102613
100544
98384
96321.4
94316.6
92279.7
90117.9
87813.7
85369.8
82789
80077.4
77521.8
75417.1
73654.9
76779
79213.4
82128.7
84945.3
87616
90139.2
92510.2
94730.1
96800.6
98788.7
100792
102862
104924
106698
108032
108921
109366
109367
108925
108041
106717
104957
102838
100627
98514.2
96461.2
94375.3
92161.5
89802
87299.6
84657
81880.7
79264.3
77109.6
75305.8
78760.2
81262.6
84259.8
87155.7
89902.1
92497
94935.8
97219.5
99349.7
101395
103457
105587
107710
109536
110909
111826
112285
112287
111832
110924
109563
107753
105574
103299
101127
99016.2
96871.5
94595.4
92169.7
89597.1
86880.8
84027.2
81338.2
79124
77270.4
81150.2
83733.8
86828.4
89818.9
92655.2
95335.3
97854.3
100213
102414
104527
106657
108857
111050
112936
114355
115301
115775
115776
115305
114365
112958
111087
108835
106485
104241
102060
99844.7
97494
94989
92332.7
89528.3
86582.4
83806.8
81521.5
79608.6
84039.5
86719.8
89930.3
93032.8
95975.4
98756
101369
103817
106099
108291
110501
112782
115056
117010
118479
119457
119944
119941
119448
118469
117004
115058
112718
110276
107946
105681
103382
100942
98342.1
95585.9
92676.4
89620.7
86742.1
84372.2
82388.8
87538.4
90333
93680.3
96914.8
99982.1
102880
105604
108153
110531
112814
115114
117488
119852
121882
123405
124416
124915
124902
124379
123348
121812
119775
117328
114776
112342
109978
107577
105031
102319
99444.6
96410.5
93224.7
90223.9
87754
85687
91780.9
94709.6
98216.7
101605
104816
107850
110699
113366
115851
118236
120638
123115
125578
127689
129268
130310
130815
130785
130220
129123
127499
125351
122775
120092
117535
115052
112533
109862
107017
104003
100823
97483.8
94339.7
91752.1
89587.2
96930.9
100014
103704
107267
110643
113829
116819
119616
122220
124717
127229
129816
132383
134576
136209
137276
137778
137717
137095
135915
134182
131899
129169
126331
123629
121008
118350
115533
112534
109358
106008
102492
99181.3
96457.5
94178.9
103187
106444
110338
114094
117648
121000
124142
127077
129808
132421
135046
137744
140414
142684
144361
145440
145925
145816
145116
143831
141964
139520
136609
133590
130720
127940
125122
122138
118964
115603
112059
108341
104842
101963
99555.3
110789
114230
118339
122296
126036
129558
132854
135927
138781
141509
144241
147042
149802
152133
153835
154907
155351
155170
154367
152949
150920
148287
145165
141939
138878
135918
132921
129750
126379
122813
119055
115114
111406
108356
105806
120003
123623
127939
132087
136001
139679
143116
146314
149278
152103
154927
157810
160634
162997
164696
165730
166102
165817
164880
163297
161075
158220
154858
151398
148125
144965
141771
138396
134813
131025
127037
122858
118929
115698
112997
127507
131306
135826
140165
144252
148085
151661
154982
158054
160976
163888
166851
169739
172134
173831
174828
175133
174749
173683
171944
169537
166470
162880
159199
155725
152377
148998
145431
141647
137652
133449
129047
124911
121512
118670
133416
137369
142069
146574
150811
154782
158480
161911
165078
168086
171077
174111
177055
179477
181170
182134
182376
181902
180719
178837
176263
173007
169211
165333
161681
158166
154622
150886
146928
142751
138361
133768
129456
125913
122953
137948
142024
146866
151503
155862
159942
163738
167256
170500
173576
176628
179717
182702
185141
186824
187752
187933
187375
186087
184077
181357
177935
173962
169914
166109
162453
158771
154893
150789
146464
141921
137173
132718
129062
126008
141284
145449
150394
155127
159573
163731
167598
171177
174474
177596
180690
183813
186819
189259
190922
191810
191932
191297
189913
187792
184945
181383
177263
173075
169146
165375
161582
157592
153374
148931
144272
139406
134845
131104
127981
143556
147778
152787
157579
162077
166282
170189
173803
177129
180274
183386
186520
189526
191951
193583
194426
194488
193780
192311
190096
187144
183468
179230
174934
170908
167050
163174
159101
154798
150273
145530
140583
135951
132155
128988
144845
149091
154127
158943
163460
167681
171600
175222
178552
181697
184803
187926
190910
193302
194891
195683
195685
194910
193368
191074
188038
184275
179950
175576
171483
167565
163633
159504
155148
150572
145781
140788
136118
132294
129105
145185
149425
154451
159255
163759
167965
171868
175472
178782
181905
184985
188072
191013
193354
194890
195625
195568
194732
193128
190771
187674
183850
179470
175048
170917
166967
163005
158851
154472
149875
145068
140065
135389
131563
128374
144559
148762
153742
158500
162959
167121
170979
174540
177807
180885
183917
186950
189827
192103
193575
194248
194134
193244
191590
189189
186052
182196
177791
173354
169214
165259
161296
157144
152771
148186
143396
138415
133765
129963
126796
142894
147029
151928
156605
160987
165074
168862
172354
175556
178570
181534
184492
187289
189486
190887
191499
191331
190395
188705
186277
183124
179264
174867
170446
166327
162396
158460
154339
150002
145459
140718
135793
131201
127449
124326
140054
144089
148869
153433
157706
161691
165382
168783
171899
174831
177710
180578
183281
185392
186721
187272
187057
186087
184377
181942
178797
174959
170600
166228
162159
158280
154399
150338
146068
141599
136939
132104
127602
123926
120870
135821
139724
144349
148765
152902
156759
160332
163624
166641
169477
172261
175032
177638
179663
180924
181425
181176
180188
178474
176053
172938
169149
164856
160559
156567
152766
148966
144993
140818
136452
131905
127194
122812
119240
116272
129868
133608
138047
142290
146268
149982
153426
156602
159515
162257
164950
167631
170154
172112
173326
173797
173535
172549
170853
168464
165398
161676
157467
153264
149366
145660
141960
138096
134040
129802
125394
120834
116602
113157
110300
121715
125269
129504
133564
137382
140958
144284
147361
150192
152863
155496
158127
160612
162552
163765
164248
164008
163052
161395
159052
156043
152389
148263
144149
140342
136730
133132
129380
125450
121350
117094
112700
108634
105334
102603
110641
114012
118059
121967
125668
129158
132426
135469
138286
140962
143617
146290
148842
150865
152164
152731
152567
151680
150080
147786
144818
141203
137117
133046
129286
125728
122193
118520
114684
110697
106570
102326
98416.4
95259.4
92658
95519.4
98770
102736
106622
110353
113915
117288
120463
123430
126274
129123
132025
134837
137119
138647
139408
139400
138627
137099
134836
131859
128200
124044
119896
116066
112448
108863
105152
101296
97308.1
93206.8
89016.8
85187.5
82120.4
79613.3
74421.9
77806.1
82056
86320
90488.2
94522.1
98383.2
102047
105494
108818
112169
115610
118982
121776
123730
124827
125068
124457
123005
120731
117657
113813
109393
104946
100818
96906.2
93024.8
89006.6
84837.8
80544.6
76156.1
71711.1
67694.7
64517.9
61957.4
43463.2
48111.1
53988
59859.9
65539
70962.2
76081.6
80875.5
85333.2
89589.7
93844.6
98185.9
102433
105979
108524
110070
110630
110214
108837
106514
103259
99088.3
94194.3
89177.6
84446.3
79895.2
75315
70503.4
65434.5
60133.6
54635.1
48993.8
43849.8
39769.8
36493.1
4129.48
14832.3
28118.3
41457.8
54617.3
67567.1
80255.7
92657
104747
116902
129802
143979
159298
173989
186702
197150
205072
210220
212348
211231
206672
198504
187024
173894
160667
147360
133523
118599
102533
85423.1
67388.2
48592
31136.6
17002.3
5368.88
3597.71
12912.7
24442.9
35974
47297.1
58382.4
69183.7
79677.6
89843.2
99993.7
110681
122314
134719
146402
156280
164138
169789
173062
173794
171851
167120
159525
149398
138177
127098
116116
104834
92794.1
79959.1
66411.6
52246.5
37586.8
24050
13123.7
4143.44
3131.38
11231.4
21236.4
31214.2
40979.3
50502.8
59742.7
68677.3
77287.9
85837.3
94779.7
104431
114607
124039
131848
137873
141981
144057
143998
141724
137180
130341
121536
111993
102705
93595.1
84313.1
74480.1
64064
53130.2
41750.1
30014.1
19201.6
10480.4
3310.84
2739.17
9817.92
18544.2
27225.6
35698.6
43936.1
51900.6
59572.7
66935.4
74212.2
81782
89895
98367.5
106114
112411
117138
120201
121522
121035
118701
114494
108420
100785
92637.6
84787.4
77144.1
69400.4
61236.3
52623.1
43611.7
34256.4
24625.2
15758.7
8605.75
2720.76
2416.82
8656.48
16333.6
23954.3
31373.9
38568.2
45503.9
52163.9
58533.5
64805.1
71300.1
78222
85394.1
91879
97070.5
100877
103231
104080
103384
101124
97294.8
91914.9
85262.3
78240.9
71521.9
65012.5
58442.2
51536.3
44268.6
36679.3
28810.7
20715.7
13263.7
7248.25
2293.93
2155.95
7716.78
14545.9
21310.9
27883.2
34241.2
40355.8
46212.2
51797.5
57280.4
62938.6
68941.8
75124.3
80665.7
85049.2
88203.1
90077.8
90637.7
89858.2
87732.7
84266.5
79483.1
73632.9
67502.6
61662.7
56022.8
50343.1
44384
38121.2
31587.3
24816.4
17851
11436.4
6254.54
1981.95
1947.18
6964.83
13116
19197.9
25095.2
30789.2
36254.2
41477.5
46448.3
51316.6
56327.4
61626.3
67059.4
71899
75695
78389.5
79944.6
80335.2
79545.8
77576.2
74436.1
70150.1
64943.2
59510
54347.2
49369.5
44362.1
39112.5
33598
27845.9
21884.4
15749.5
10096
5525.41
1753.12
1781.16
6366.98
11979.4
17519.4
22882.5
28052.4
33006.8
37734.7
42227.2
46620.1
51133.8
55897.2
60768.3
65091.8
68467.1
70845.3
72195.9
72499.6
71745.6
69936.4
67082.5
63206.8
58511.7
53620.1
48975.2
44497.8
39993.8
35271.1
30308.2
25128.8
19757.4
14225.4
9123.15
4995.37
1586.27
1649.08
5891.25
11075.2
16185.1
21125.5
25882.6
30436.8
34779
38901.5
42929.7
47065.5
51427
55883.8
59836.7
62921
65093.4
66327.2
66605.8
65920.2
64272.9
61672.7
58138.7
53853.3
49383
45132.8
41030.7
36899.1
32561
27996.1
23225.3
18270.8
13161.4
8443.41
4623.89
1468.5
1542.5
5507.14
10345.4
15109.6
19712.6
24142.8
28382.9
32425.2
36263.4
40014.6
43867.7
47934.1
52094.8
55794.1
58692
60748.4
61937.6
62243.7
61657.2
60178.7
57813.6
54576
50629.1
46493.7
42548
38727.8
34868.8
30805.3
26516.8
22021.7
17340.5
12500.7
8022.37
4393.19
1394.69
1452.55
5180.9
9726.92
14203.6
18530.9
22699
26691.7
30502.1
34124.3
37669.2
41316.7
45175.2
49137.3
52680.1
55480
57497.4
58706.6
59090.3
58637.4
57345.4
55215.7
52256
48610.2
44759.8
41063.3
37465.2
33812.4
29945.9
25843.2
21518.2
16987.3
12274.5
7888.78
4321.89
1371
1943.96
1933.79
1911.6
1891.61
1877.35
1869.26
1866.66
1868.67
1874.46
1883.2
1893.92
1905.25
1914.42
1914.97
1889.39
6025.3
5994.6
5927.89
5867.45
5824.61
5800.85
5794.15
5801.8
5821.25
5849.95
5884.93
5921.89
5952.37
5956.29
5881.9
10861.2
10798.7
10678.3
10570.1
10494
10452.5
10442
10457.4
10494.3
10548
10613.2
10682.3
10740.3
10752
10630.3
16689.1
16569.1
16378.3
16211
16094.8
16032.5
16018.4
16044.6
16104
16189.4
16293.2
16404
16499.8
16529.4
16372.6
22823.3
22611.2
22334.9
22101.3
21941.9
21858.3
21841.6
21880.8
21965.9
22087.2
22234.7
22394.1
22537.2
22600.6
22441.1
28628.1
28296.8
27926.4
27624.8
27423.1
27319.7
27301.8
27355
27466.4
27624.1
27816.2
28026.6
28223
28334.8
28206.9
34095.4
33621.7
33148.8
32777.7
32534.5
32412.7
32394.9
32463
32601.2
32795.6
33033.2
33296.7
33552.3
33726.4
33661.2
39222
38586.7
38004
37562
37278.3
37139.6
37123.1
37206.9
37372.2
37603.6
37887.2
38205.8
38526
38775
38799.4
44003.6
43191.6
42493.5
41979.8
41656.9
41502.8
41488.9
41589
41781.6
42049.9
42379.7
42754.9
43144.1
43479
43615.9
48479.7
47477.7
46659
46073.1
45712
45544.1
45533.9
45651
45871.4
46176.5
46552.9
46986.1
47448.5
47879.1
48148.5
52852.7
51640.2
50690.9
50029
49629.4
49448.7
49443.8
49579.6
49829
50172.8
50598.2
51093.2
51636.1
52176.1
52602.5
57308
55851.2
54753.8
54008.7
53568.7
53375.9
53378.4
53535.6
53817.4
54203.7
54682.9
55247.2
55882.6
56552.6
57171.8
61909.7
60161.3
58891.7
58053.4
57570.6
57367.2
57380.3
57562.9
57881.6
58315.7
58855.8
59499.5
60243.7
61071.9
61932.4
66221.9
64146.2
62690.5
61756.2
61232.5
61022.1
61049.5
61260.5
61618.5
62102.6
62706.4
63434.4
64297.4
65304
66445.5
69686.2
67284.3
65651.6
64631.6
64075.6
63863.5
63907.6
64146.8
64541.7
65071.8
65733.9
66540.2
67516.4
68699.2
70128.1
72150.5
69443.7
67655.4
66566.4
65988.7
65780.8
65842.8
66108.2
66535.4
67104.5
67815.6
68688.6
69764.2
71107.7
72809
73616.9
70635.1
68717.8
67578.6
66990.8
66792.2
66873
67161.8
67615.7
68215.7
68965.2
69891.3
71049
72531.4
74480
74090.4
70871.7
68856.5
67687.9
67101.6
66917.3
67016.8
67325.5
67799.8
68421.9
69198.2
70162.1
71381.6
72976.1
75137.9
73576.1
70167.4
68089.5
66913.5
66340.3
66174.4
66291.9
66616.3
67104
67738.6
68529.3
69514.5
70773.2
72448.7
74781.8
72084.9
68541.6
66440
65279.2
64730.1
64586.1
64719.9
65055
65548.6
66185.7
66977.7
67966.9
69240.7
70962.6
73418.3
69628.7
66015
63931
62808.1
62293.2
62173.5
62321.4
62661.6
63153
63782.1
64562.2
65537.6
66801.4
68533.2
71057.3
66224.1
62612.8
60589.7
59526.5
59054.8
58960.7
59119.5
59458.5
59939.2
60549.8
61304.6
62248.2
63476.7
65180.3
67714.5
61900.3
58371.6
56453
55469.9
55048.5
54980.2
55145.9
55477.1
55938.3
56519.9
57236
58130.3
59298.5
60935.5
63418.1
57038.6
53667.3
51885.7
50994
50624.8
50579.5
50747
51064.3
51499.1
52043.8
52711.9
53544.2
54633.5
56173.1
58548.1
52273.7
49099.9
47463.7
46661.2
46339.2
46312.1
46477.5
46777.6
47183.7
47689.6
48307.7
49075.7
50081.5
51512.5
53750.6
47742.2
44785
43293.1
42574.1
42293.9
42281
42441.4
42722.9
43099.9
43567
44135.7
44840.4
45763.6
47083.5
49171.3
43314.5
40590.1
39242.5
38603.3
38361.3
38359.5
38512.9
38774.4
39121.4
39549.5
40068.7
40710.3
41550.6
42756.7
44683.2
38768
36299.9
35102.3
34542.9
34337.3
34344.5
34488.6
34728
35043
35429.8
35897.2
36473.1
37227
38312.3
40061.6
33963.7
31781.8
30743
30265.2
30095.2
30109.3
30241.6
30456.1
30736
31078.2
31490
31995.7
32657.2
33611.9
35163.4
28908.7
27040.9
26168.2
25772.9
25637.2
25656
25773.9
25960.5
26202.3
26496.5
26849
27280.4
27843.9
28658.8
29993
23612.8
22084.1
21383
21070.3
20967.1
20988.2
21088.8
21244.8
21445.3
21688.2
21977.8
22331
22791.6
23458.2
24557.4
18098.8
16929.9
16403.5
16172.2
16099.2
16119.9
16200.5
16322.9
16479.2
16667.5
16891.1
17162.7
17516.1
18027.4
18875.9
12385
11591.2
11240.1
11088.2
11042.6
11060.1
11117.8
11203.7
11312.6
11443.4
11597.7
11784.6
12027.2
12377.4
12962.4
6583.05
6167.55
5986.84
5909.86
5888.23
5899.42
5931.61
5978.66
6037.92
6108.72
6192
6292.51
6422.69
6609.6
6924.51
1840.69
1727.08
1678.24
1657.69
1652.28
1655.88
1665.26
1678.76
1695.7
1715.88
1739.58
1768.16
1805.21
2.00165e+07
1.93398e+07
1.8633e+07
1.78982e+07
1.71347e+07
1.6335e+07
2.92895e+07
3.07297e+07
3.21266e+07
3.34834e+07
3.47976e+07
3.6064e+07
3.72753e+07
3.84234e+07
3.94996e+07
4.04953e+07
4.14019e+07
4.22115e+07
4.29168e+07
4.3511e+07
4.39885e+07
4.43447e+07
4.45759e+07
4.46799e+07
4.46555e+07
4.45029e+07
4.42234e+07
4.38197e+07
4.32957e+07
4.26562e+07
4.19072e+07
4.10556e+07
4.01089e+07
3.90753e+07
3.79632e+07
3.67812e+07
3.55376e+07
3.42396e+07
3.28927e+07
3.14994e+07
3.00566e+07
4.60367e+07
4.82633e+07
5.04429e+07
5.257e+07
5.46357e+07
5.66291e+07
5.85374e+07
6.0347e+07
6.2044e+07
6.36144e+07
6.50448e+07
6.63223e+07
6.74354e+07
6.83734e+07
6.91274e+07
6.96901e+07
7.00557e+07
7.02206e+07
7.01831e+07
6.99432e+07
6.95033e+07
6.88674e+07
6.80417e+07
6.70339e+07
6.58534e+07
6.45111e+07
6.30191e+07
6.13902e+07
5.96382e+07
5.77769e+07
5.582e+07
5.37802e+07
5.16691e+07
4.94957e+07
4.7266e+07
6.44892e+07
6.75788e+07
7.06229e+07
7.36056e+07
7.65095e+07
7.93161e+07
8.20056e+07
8.45578e+07
8.69523e+07
8.91689e+07
9.11885e+07
9.29927e+07
9.45649e+07
9.58904e+07
9.69562e+07
9.77519e+07
9.82696e+07
9.85039e+07
9.84525e+07
9.81155e+07
9.7496e+07
9.66e+07
9.54358e+07
9.40146e+07
9.23497e+07
9.04564e+07
8.83521e+07
8.60552e+07
8.35854e+07
8.0963e+07
7.82084e+07
7.53415e+07
7.23816e+07
6.93466e+07
6.62532e+07
8.26842e+07
8.66427e+07
9.05577e+07
9.44041e+07
9.8156e+07
1.01787e+08
1.05269e+08
1.08576e+08
1.11679e+08
1.14553e+08
1.17173e+08
1.19513e+08
1.21553e+08
1.23274e+08
1.24658e+08
1.25691e+08
1.26365e+08
1.26671e+08
1.26606e+08
1.26172e+08
1.25371e+08
1.24211e+08
1.22703e+08
1.20862e+08
1.18706e+08
1.16253e+08
1.13526e+08
1.10551e+08
1.07353e+08
1.03958e+08
1.00395e+08
9.66915e+07
9.28745e+07
8.8971e+07
8.50073e+07
1.00504e+08
1.05346e+08
1.10146e+08
1.1487e+08
1.19484e+08
1.23954e+08
1.28244e+08
1.3232e+08
1.36146e+08
1.39691e+08
1.42923e+08
1.45811e+08
1.48329e+08
1.50453e+08
1.52162e+08
1.5344e+08
1.54273e+08
1.54654e+08
1.54577e+08
1.54044e+08
1.53059e+08
1.51632e+08
1.49775e+08
1.47507e+08
1.4485e+08
1.41827e+08
1.38467e+08
1.34801e+08
1.3086e+08
1.26679e+08
1.22293e+08
1.17738e+08
1.13049e+08
1.08262e+08
1.03412e+08
1.17861e+08
1.23608e+08
1.29313e+08
1.34936e+08
1.40432e+08
1.45759e+08
1.50875e+08
1.55738e+08
1.60305e+08
1.64536e+08
1.68394e+08
1.71843e+08
1.74851e+08
1.77389e+08
1.79432e+08
1.8096e+08
1.81959e+08
1.82416e+08
1.82329e+08
1.81697e+08
1.80525e+08
1.78825e+08
1.76613e+08
1.7391e+08
1.70741e+08
1.67136e+08
1.63129e+08
1.58756e+08
1.54057e+08
1.49072e+08
1.43844e+08
1.38418e+08
1.32836e+08
1.27144e+08
1.21384e+08
1.34676e+08
1.41354e+08
1.47991e+08
1.54535e+08
1.60936e+08
1.67144e+08
1.73108e+08
1.78778e+08
1.84104e+08
1.8904e+08
1.93541e+08
1.97565e+08
2.01076e+08
2.04038e+08
2.06425e+08
2.08211e+08
2.09379e+08
2.09918e+08
2.09821e+08
2.09088e+08
2.07727e+08
2.0575e+08
2.03175e+08
2.00027e+08
1.96335e+08
1.92135e+08
1.87465e+08
1.82369e+08
1.76891e+08
1.71081e+08
1.6499e+08
1.58668e+08
1.52168e+08
1.45544e+08
1.38847e+08
1.51035e+08
1.58683e+08
1.66289e+08
1.73792e+08
1.81134e+08
1.88257e+08
1.951e+08
2.01608e+08
2.07722e+08
2.13388e+08
2.18556e+08
2.23178e+08
2.2721e+08
2.30614e+08
2.33357e+08
2.35412e+08
2.36758e+08
2.37382e+08
2.37276e+08
2.36442e+08
2.34886e+08
2.32623e+08
2.29674e+08
2.26067e+08
2.21835e+08
2.17019e+08
2.11663e+08
2.05816e+08
1.99532e+08
1.92865e+08
1.85876e+08
1.78623e+08
1.71168e+08
1.63571e+08
1.55894e+08
1.67679e+08
1.76395e+08
1.85065e+08
1.9362e+08
2.01993e+08
2.10117e+08
2.17923e+08
2.25346e+08
2.32321e+08
2.38787e+08
2.44683e+08
2.49958e+08
2.5456e+08
2.58446e+08
2.61579e+08
2.63928e+08
2.6547e+08
2.66188e+08
2.66075e+08
2.65132e+08
2.63366e+08
2.60793e+08
2.57438e+08
2.53332e+08
2.48512e+08
2.43025e+08
2.3692e+08
2.30254e+08
2.23088e+08
2.15485e+08
2.07512e+08
1.99238e+08
1.90733e+08
1.82067e+08
1.7331e+08
1.85481e+08
1.95449e+08
2.05366e+08
2.15152e+08
2.2473e+08
2.34023e+08
2.42953e+08
2.51444e+08
2.59423e+08
2.66819e+08
2.73565e+08
2.79599e+08
2.84865e+08
2.89314e+08
2.92902e+08
2.95595e+08
2.97365e+08
2.98196e+08
2.98078e+08
2.97011e+08
2.95003e+08
2.92074e+08
2.88249e+08
2.83564e+08
2.78063e+08
2.71796e+08
2.64821e+08
2.57201e+08
2.49006e+08
2.40309e+08
2.31186e+08
2.21716e+08
2.1198e+08
2.02057e+08
1.92028e+08
2.05054e+08
2.16568e+08
2.28021e+08
2.39321e+08
2.50379e+08
2.61106e+08
2.71413e+08
2.81212e+08
2.90419e+08
2.98952e+08
3.06736e+08
3.13698e+08
3.19776e+08
3.24911e+08
3.29056e+08
3.32171e+08
3.34224e+08
3.35195e+08
3.35074e+08
3.3386e+08
3.31562e+08
3.28202e+08
3.23808e+08
3.18421e+08
3.1209e+08
3.04873e+08
2.96835e+08
2.88049e+08
2.78594e+08
2.68554e+08
2.58018e+08
2.47075e+08
2.35819e+08
2.24342e+08
2.12737e+08
2.25149e+08
2.38508e+08
2.51794e+08
2.64898e+08
2.77717e+08
2.90149e+08
3.0209e+08
3.1344e+08
3.24101e+08
3.33981e+08
3.42991e+08
3.51051e+08
3.58087e+08
3.64035e+08
3.68839e+08
3.72454e+08
3.74844e+08
3.75986e+08
3.75866e+08
3.74485e+08
3.71852e+08
3.67989e+08
3.62931e+08
3.56721e+08
3.49415e+08
3.41078e+08
3.31785e+08
3.21619e+08
3.1067e+08
2.99034e+08
2.86812e+08
2.74111e+08
2.61036e+08
2.47696e+08
2.34197e+08
2.43501e+08
2.58875e+08
2.7416e+08
2.89231e+08
3.03967e+08
3.18251e+08
3.31966e+08
3.44997e+08
3.57232e+08
3.68566e+08
3.78901e+08
3.88146e+08
3.96217e+08
4.03042e+08
4.08559e+08
4.12716e+08
4.15473e+08
4.16804e+08
4.16693e+08
4.15139e+08
4.12152e+08
4.07757e+08
4.0199e+08
3.949e+08
3.86549e+08
3.77008e+08
3.66361e+08
3.54702e+08
3.42132e+08
3.28761e+08
3.14704e+08
3.00081e+08
2.85014e+08
2.69629e+08
2.54049e+08
2.59279e+08
2.76771e+08
2.94156e+08
3.11288e+08
3.28032e+08
3.44252e+08
3.59816e+08
3.74596e+08
3.88468e+08
4.01313e+08
4.13022e+08
4.23493e+08
4.32636e+08
4.4037e+08
4.46625e+08
4.51345e+08
4.54487e+08
4.56019e+08
4.55924e+08
4.542e+08
4.50857e+08
4.4592e+08
4.39429e+08
4.31436e+08
4.22008e+08
4.11224e+08
3.99175e+08
3.85965e+08
3.71706e+08
3.56521e+08
3.4054e+08
3.23897e+08
3.06732e+08
2.89186e+08
2.71402e+08
2.72403e+08
2.92111e+08
3.11693e+08
3.30977e+08
3.49811e+08
3.68044e+08
3.85528e+08
4.02119e+08
4.1768e+08
4.32083e+08
4.45206e+08
4.5694e+08
4.67184e+08
4.75851e+08
4.82867e+08
4.88169e+08
4.91709e+08
4.93454e+08
4.93384e+08
4.91493e+08
4.87794e+08
4.82311e+08
4.75086e+08
4.66174e+08
4.55646e+08
4.43587e+08
4.30095e+08
4.15282e+08
3.99273e+08
3.82201e+08
3.64211e+08
3.45453e+08
3.26085e+08
3.06265e+08
2.86156e+08
2.82832e+08
3.04855e+08
3.26726e+08
3.4825e+08
3.69255e+08
3.89572e+08
4.09038e+08
4.27494e+08
4.44792e+08
4.60791e+08
4.7536e+08
4.88382e+08
4.9975e+08
5.0937e+08
5.17162e+08
5.23059e+08
5.27011e+08
5.28978e+08
5.2894e+08
5.26891e+08
5.22839e+08
5.1681e+08
5.08847e+08
4.99007e+08
4.87363e+08
4.74004e+08
4.59035e+08
4.42576e+08
4.2476e+08
4.05733e+08
3.85652e+08
3.64686e+08
3.43008e+08
3.20799e+08
2.98239e+08
2.90531e+08
3.14965e+08
3.39216e+08
3.63063e+08
3.86312e+08
4.08776e+08
4.30276e+08
4.5064e+08
4.69707e+08
4.87327e+08
5.03363e+08
5.17688e+08
5.30191e+08
5.40772e+08
5.49348e+08
5.55849e+08
5.60219e+08
5.62418e+08
5.62422e+08
5.60221e+08
5.55825e+08
5.49258e+08
5.4056e+08
5.29791e+08
5.17026e+08
5.02354e+08
4.85886e+08
4.67747e+08
4.48077e+08
4.27034e+08
4.04789e+08
3.81524e+08
3.57433e+08
3.32716e+08
3.0758e+08
2.9549e+08
3.22434e+08
3.49157e+08
3.75406e+08
4.00965e+08
4.25628e+08
4.49201e+08
4.715e+08
4.92355e+08
5.11606e+08
5.29111e+08
5.4474e+08
5.58376e+08
5.69917e+08
5.79276e+08
5.8638e+08
5.91172e+08
5.93609e+08
5.93662e+08
5.91322e+08
5.86594e+08
5.79501e+08
5.70083e+08
5.58396e+08
5.44514e+08
5.28531e+08
5.10555e+08
4.90715e+08
4.69158e+08
4.46049e+08
4.21571e+08
3.95921e+08
3.69313e+08
3.4197e+08
3.14124e+08
2.97719e+08
3.27284e+08
3.56577e+08
3.85311e+08
4.13244e+08
4.40152e+08
4.65827e+08
4.90074e+08
5.12717e+08
5.33593e+08
5.52555e+08
5.69472e+08
5.84225e+08
5.96712e+08
6.06843e+08
6.14544e+08
6.19756e+08
6.22432e+08
6.22544e+08
6.20077e+08
6.15035e+08
6.07436e+08
5.97319e+08
5.84735e+08
5.69758e+08
5.52476e+08
5.32997e+08
5.1145e+08
4.87984e+08
4.62769e+08
4.35994e+08
4.07873e+08
3.78638e+08
3.48538e+08
3.17835e+08
2.97218e+08
3.29538e+08
3.61516e+08
3.92822e+08
4.23191e+08
4.5238e+08
4.80169e+08
5.06358e+08
5.3077e+08
5.53242e+08
5.73629e+08
5.91799e+08
6.07638e+08
6.21042e+08
6.31922e+08
6.40204e+08
6.45826e+08
6.48742e+08
6.4892e+08
6.46341e+08
6.41006e+08
6.32931e+08
6.22147e+08
6.08702e+08
5.92663e+08
5.74114e+08
5.53157e+08
5.29916e+08
5.04536e+08
4.77186e+08
4.48062e+08
4.17385e+08
3.85405e+08
3.524e+08
3.18666e+08
2.93997e+08
3.29237e+08
3.64036e+08
3.98016e+08
4.30879e+08
4.62371e+08
4.92267e+08
5.2037e+08
5.46505e+08
5.70519e+08
5.92272e+08
6.1164e+08
6.28511e+08
6.42785e+08
6.54378e+08
6.63213e+08
6.6923e+08
6.7238e+08
6.72629e+08
6.69956e+08
6.64356e+08
6.55839e+08
6.44432e+08
6.30177e+08
6.1313e+08
5.93367e+08
5.7098e+08
5.46081e+08
5.18806e+08
4.89316e+08
4.57801e+08
4.24486e+08
3.89635e+08
3.53551e+08
3.16576e+08
2.88391e+08
3.26577e+08
3.64184e+08
4.00775e+08
4.36031e+08
4.6969e+08
5.01534e+08
5.31379e+08
5.59066e+08
5.84454e+08
6.07416e+08
6.27837e+08
6.45614e+08
6.60652e+08
6.72868e+08
6.82191e+08
6.88558e+08
6.91922e+08
6.92243e+08
6.89499e+08
6.83681e+08
6.74793e+08
6.62855e+08
6.47901e+08
6.29977e+08
6.09147e+08
5.85488e+08
5.59097e+08
5.3009e+08
4.9861e+08
4.64832e+08
4.28969e+08
3.91289e+08
3.52117e+08
3.11841e+08
2.81652e+08
3.22591e+08
3.62772e+08
4.01701e+08
4.39046e+08
4.74554e+08
5.08029e+08
5.39309e+08
5.68257e+08
5.94751e+08
6.1868e+08
6.3994e+08
6.58436e+08
6.74079e+08
6.86791e+08
6.96502e+08
7.03151e+08
7.06688e+08
7.07075e+08
7.04285e+08
6.98304e+08
6.89134e+08
6.76787e+08
6.61288e+08
6.42675e+08
6.20998e+08
5.96319e+08
5.68714e+08
5.38276e+08
5.05123e+08
4.69399e+08
4.31295e+08
3.91065e+08
3.49043e+08
3.05659e+08
2.74434e+08
3.17985e+08
3.60538e+08
4.0156e+08
4.40722e+08
4.77799e+08
5.12628e+08
5.45081e+08
5.75047e+08
6.02426e+08
6.27123e+08
6.49047e+08
6.68111e+08
6.84232e+08
6.97336e+08
7.07354e+08
7.14228e+08
7.17907e+08
7.18351e+08
7.15532e+08
7.09432e+08
7.00048e+08
6.87387e+08
6.71466e+08
6.52315e+08
6.29969e+08
6.04475e+08
5.75889e+08
5.44278e+08
5.09725e+08
4.7234e+08
4.32272e+08
3.89743e+08
3.45075e+08
2.98734e+08
2.66773e+08
3.12947e+08
3.57802e+08
4.00783e+08
4.4159e+08
4.80049e+08
5.16044e+08
5.4949e+08
5.80307e+08
6.08419e+08
6.33749e+08
6.56218e+08
6.75748e+08
6.92262e+08
7.05687e+08
7.1596e+08
7.23021e+08
7.2682e+08
7.27316e+08
7.24479e+08
7.18288e+08
7.08736e+08
6.95825e+08
6.79564e+08
6.59975e+08
6.37081e+08
6.10912e+08
5.81504e+08
5.48894e+08
5.13129e+08
4.74269e+08
4.3241e+08
3.87715e+08
3.40469e+08
2.9115e+08
2.58371e+08
3.07389e+08
3.5463e+08
3.99553e+08
4.41931e+08
4.81667e+08
5.18715e+08
5.53039e+08
5.84601e+08
6.13348e+08
6.39224e+08
6.62161e+08
6.8209e+08
6.98941e+08
7.12644e+08
7.23136e+08
7.30359e+08
7.34265e+08
7.34811e+08
7.31964e+08
7.25701e+08
7.16011e+08
7.02891e+08
6.86344e+08
6.66382e+08
6.43017e+08
6.16263e+08
5.86133e+08
5.52633e+08
5.15766e+08
4.75534e+08
4.31954e+08
3.85099e+08
3.35171e+08
2.82624e+08
2.48926e+08
3.01213e+08
3.51036e+08
3.97948e+08
4.41858e+08
4.82795e+08
5.20805e+08
5.55918e+08
5.88137e+08
6.17441e+08
6.43792e+08
6.67136e+08
6.87412e+08
7.04555e+08
7.185e+08
7.29185e+08
7.36554e+08
7.40557e+08
7.41151e+08
7.38301e+08
7.31982e+08
7.22179e+08
7.08884e+08
6.92094e+08
6.71812e+08
6.48039e+08
6.20772e+08
5.90001e+08
5.55698e+08
5.17816e+08
4.76283e+08
4.31012e+08
3.81936e+08
3.29098e+08
2.72846e+08
2.38405e+08
2.94544e+08
3.47175e+08
3.96097e+08
4.4147e+08
4.83505e+08
5.22368e+08
5.58165e+08
5.90946e+08
6.20721e+08
6.47471e+08
6.71156e+08
6.91722e+08
7.09112e+08
7.23261e+08
7.3411e+08
7.41604e+08
7.45692e+08
7.46331e+08
7.43484e+08
7.37123e+08
7.27231e+08
7.13795e+08
6.96807e+08
6.7626e+08
6.52145e+08
6.24445e+08
5.93123e+08
5.58118e+08
5.19329e+08
4.76597e+08
4.29702e+08
3.78371e+08
3.2237e+08
2.61765e+08
2.26808e+08
2.87591e+08
3.43253e+08
3.9416e+08
4.4088e+08
4.83878e+08
5.23463e+08
5.59824e+08
5.93062e+08
6.23215e+08
6.50284e+08
6.74239e+08
6.95036e+08
7.1262e+08
7.26932e+08
7.37913e+08
7.45507e+08
7.49666e+08
7.50344e+08
7.47503e+08
7.41114e+08
7.31155e+08
7.17611e+08
7.00468e+08
6.79712e+08
6.55326e+08
6.27275e+08
5.95502e+08
5.59913e+08
5.20348e+08
4.76557e+08
4.28159e+08
3.74602e+08
3.15192e+08
2.49371e+08
2.14274e+08
2.80713e+08
3.39556e+08
1858.14
1948.47
4198.68
14112.8
24876.2
34441.2
42913
50481.8
57275.7
63399.6
68932
74100.9
79180.6
84296.5
89261
93405.3
96416
98318.5
99138.3
98894.2
97599.5
95265.7
91896
87488.7
82220.4
76717.3
71429.1
66239.1
60896.9
55127.3
48832.2
41944.8
34368.5
25973
17498.7
10019.7
3340.46
2744.61
9778.94
18224.6
26325.9
33913.4
40975.7
47508.2
53528.5
59058.1
64290.3
69486.7
74770.6
79947.7
84318.6
87541.5
89634.7
90619
90510.2
89318.7
87054
83717.8
79308.8
74008.7
68461.6
63137.5
57931.6
52607
46913.3
40793.7
34244.6
27265.8
19873.3
12866
7086.64
2258.42
2333.09
8316.36
15568.3
22629.6
29354.6
35719.7
41700.9
47293.4
52497.7
57480.3
62485.4
67633.9
72742.1
77116.8
80397.1
82583.9
83685.9
83710.9
82664.2
80552.8
77379.4
73147.7
68042.8
62702.2
57590.8
52615.7
47557
42188.4
36472.6
30425.2
24066.3
17428.9
11230.7
6171.44
1966.84
2107.83
7505.26
14047
20434.1
26545.6
32364.9
37870.5
43055.6
47916.9
52606.4
57355.1
62285
67231.3
71527.8
74807.8
77057.7
78274.9
78459
77608.9
75727.8
72817.3
68881.5
64097
59071.9
54254.8
49563.5
44793.5
39733
34347.9
28653.3
22667.2
16418.6
10581
5814.33
1852.64
1295.68
4644.09
8771.19
12869.6
16859
20725.1
24449.7
28023.8
31440.2
34802.4
38284.2
41997.1
45853.6
49361.9
52200.3
54324.7
55703.1
56312
56133.6
55158.1
53378.8
50793.7
47520.6
43996.4
40569.3
37198.3
33744.9
30055.7
26102.9
21892.7
17430.5
12725.3
8266.91
4577.08
1471.88
1226.46
4388.14
8273.91
12127.7
15878.8
19517.4
23028.7
26405.8
29643.1
32839.8
36164.1
39729
43461.5
46897.2
49722.2
51890.2
53365
54118.3
54126
53371.1
51839
49518.6
46508.2
43213
39972.1
36756
33436
29863.7
26009.1
21874.8
17463.1
12780.4
8316.55
4608.11
1482.05
1185.09
4241.13
7996.06
11718.5
15340.5
18853.6
22244.1
25506.5
28636
31729.4
34951.1
38413.5
42051.1
45417.5
48206.7
50372.6
51878.5
52694.3
52792.7
52153
50756.3
48586.4
45729.8
42572.1
39445.7
36326.7
33092.8
29598.5
25813.2
21738
17374.4
12728.6
8288.51
4594.35
1478.02
1160.58
4153.38
7830.14
11474.4
15020
18458.6
21777.4
24971.1
28035.5
31065.7
34223.5
37620.6
41195.2
44511.8
47270.1
49424.4
50938.2
51780.9
51924
51344.8
50022.5
47937.9
45171.2
42095.9
39039.7
35981.8
32803.5
29361.3
25624.5
21593.5
17269.4
12658.3
8245.73
4571.57
1470.84
1145.07
4097.93
7725.54
11321
14819.1
18211.7
21486.3
24637.9
27662.4
30654.1
33772.9
37130.1
40665.8
43951.4
46689.3
48834.6
50350.7
51206.7
51373.8
50828.2
49548
47512.8
44798.8
41772.7
38759.3
35739.3
32596
29187.6
25482.9
21482.2
17186.3
12601.3
8210.4
4552.59
1464.82
1134.81
4061.44
7657.1
11221.2
14689.1
18052.7
21299.9
24425.7
27426.2
30394.8
33490.8
36825.1
40339.4
43608.5
46336.6
48478.5
49997.8
50863.3
51045.7
50520.7
49265.8
47259.8
44576.9
41579.8
38591.5
35593.9
32471.4
29083.1
25397.7
21415.2
17136.4
12567.2
8189.5
4541.45
1461.28
1127.92
4037.1
7611.87
11155.8
14604.6
17950.5
21181.2
24291.8
27278.6
30234.7
33318.9
36642.3
40147.7
43411.7
46138.7
48283.2
49808.6
50683.5
50877.9
50367
49128.2
47139.8
44474.7
41493.4
38518.4
35532.4
32420.5
29042
25365.7
21391.5
17119.9
12556.9
8183.66
4538.5
1460.34
1123.41
4021.41
7583.2
11115
14552.8
17888.7
21110.7
24214
27194.8
30146.1
33226.8
36548.4
40054.8
43322.9
46056.2
48208.7
49743.5
50628.6
50833.7
50333.6
49105
47126.5
44469.9
41495.1
38524.9
35542.4
32433
29056.3
25380.8
21406.3
17133.4
12568
8191.42
4542.96
1461.74
1120.95
4013.13
7568.66
11095.2
14528.7
17861.6
21081.7
24184.3
27165.8
30119.2
33203.8
36532
40048.2
43328.6
46074.9
48240.4
49787.5
50683.9
50898.7
50406.1
49182.9
47207.4
44551.3
41574.6
38601.5
35615.2
32501.4
29119.2
25437.1
21455.1
17173.4
12598
8211.4
4554.17
1465.3
1120.85
4013.26
7570.02
11098.8
14535.7
17873.1
21098.9
24208.4
27198
30161.1
33257.7
36601.3
40136.9
43438.2
46203.9
48386.5
49947.9
50855.2
51076.9
50587.2
49362.7
47381.8
44716.6
41728.8
38744.4
35746.8
32621.3
29226.4
25530.8
21534.1
17236.9
12644.9
8242.29
4571.44
1470.83
1123.84
4024.58
7592.92
11134.6
14585.5
17937.9
21179.7
24306.1
27313.7
30296.2
33415.3
36785.5
40351.7
43682.9
46474.1
48676.7
50252
51166.7
51389.2
50893.6
49656.9
47657.8
44970.2
41959.1
38952.9
35934.9
32789.2
29373.8
25657.1
21638.9
17319.7
12705.2
8281.46
4593.15
1477.72
1131.72
4053.55
7649.56
11220.5
14701.5
18084.8
21358.1
24516.6
27556.4
30572.8
33728.9
37140.8
40751.9
44123.3
46944.9
49167.3
50751.3
51664
51874.2
51356.4
50088.7
48051.2
45320.6
42268.2
39225.7
36174.8
32998.4
29552.9
25806.7
21759.9
17412.9
12771.4
8323.73
4616.24
1484.98
1148.14
4113.17
7764.29
11391.9
14930
18370.5
21700.6
24915.3
28010.6
31083
34298.3
37773.4
41446.9
44867.2
47719.7
49954.3
51532.6
52422.3
52593.7
52023.5
50691.9
48581.8
45775.5
42654.3
39553.7
36452.9
33231.3
29743.5
25958.3
21876.2
17497.8
12828.6
8358.88
4635.08
1490.85
1179.81
4228.07
7984.9
11720.3
15365.6
18911.6
22344.4
25658
28847.5
32011.1
35317.1
38881.3
42633.2
46104.3
48974.3
51194.9
52730.4
53551.8
53633.1
52955.3
51503.3
49264.6
46330.9
43098.6
39907.8
36731.7
33444.9
29899.2
26064
21941.1
17532.1
12842.8
8363.6
4636.5
1491.09
1245.83
4467.93
8443.49
12397.3
16253.4
19999.3
23618.2
27102.2
30444.1
33744.7
37175
40845.8
44669.8
48157.1
50987.8
53121.1
54529.1
55190.7
55087.7
54208.4
52544.7
50090.7
46951.5
43546
40217.7
36929.7
33548
29921.3
26020.9
21851.7
17418.7
12730.7
8276.92
4584.13
1473.56
1396.27
4982.7
9364.14
13682.6
17857.9
21879.6
25732.8
29411.2
32908.9
36332.4
39854.3
43577
47394.4
50801.9
53496.2
55448.6
56642.4
57065
56705.7
55558.6
53621.2
50890.8
47487.2
43856.8
40344.7
36902.1
33384.6
29637.4
25636.4
21394
16925.6
12255.1
7888.93
4325.78
1371.58
1490.52
5321.6
9995.82
14587.5
19008.8
23248.8
27291.8
31130.9
34760.8
38292.2
41900.7
45685
49527.7
52915.2
55552.4
57419.9
58507.9
58809.9
58319.1
57032.7
54950.8
52070.2
48516.4
44750.4
41120.4
37571
33951.4
30102.9
26002.2
21664.6
17109.4
12365
7947.59
4353.73
1379.67
1620.95
5787.49
10850
15792.7
20520.2
25019.3
29274
33279.9
37035.4
40658.9
44330
48144.8
51978
55316.4
57879.2
59657.8
60650.4
60855.9
60271.4
58896.1
56731.6
53770.7
50139.1
46300.5
42600
38976.9
35274.4
31326.9
27106.2
22623.9
17896.6
12952.5
8332.96
4567.45
1447.92
1866.04
6629.14
12320.7
17772.4
22885.7
27662.8
32106
36228.9
40045.5
43687.9
47341
51099.4
54837.7
58058
60500.4
62166.2
63060.4
63186
62543
61131.9
58955.5
56001.2
52390.9
48576.7
44890.8
41267.3
37543.9
33544.5
29226.1
24582.5
19609.7
14315.6
9274.3
5107.53
1626.31
2714.36
9027.69
15813.9
21841.7
27211.4
32054.4
36451.6
40464.5
44135.8
47609.6
51069.9
54609.1
58109.3
61105.1
63358.8
64874.5
65658.8
65716.4
65048.4
63656.8
61547.7
58705.9
55252
51613.7
48100.1
44641.1
41074.1
37217.8
33008.4
28402
23332.2
17702.7
11990.8
6908.41
2322.91
5.01516e+06
5.27147e+06
5.514e+06
5.74782e+06
5.97368e+06
6.19104e+06
6.39879e+06
6.59561e+06
6.78004e+06
6.95062e+06
7.1059e+06
7.24454e+06
7.36528e+06
7.46698e+06
7.54867e+06
7.60955e+06
7.64903e+06
7.66671e+06
7.6624e+06
7.6361e+06
7.58808e+06
7.51877e+06
7.42884e+06
7.31914e+06
7.19068e+06
7.04461e+06
6.88224e+06
6.70495e+06
6.51415e+06
6.31126e+06
6.09774e+06
5.87456e+06
5.64235e+06
5.40033e+06
5.14334e+06
1.59238e+07
1.67217e+07
1.7487e+07
1.8227e+07
1.89425e+07
1.96314e+07
2.02899e+07
2.09139e+07
2.14987e+07
2.20396e+07
2.25321e+07
2.29718e+07
2.33548e+07
2.36775e+07
2.39366e+07
2.41299e+07
2.42553e+07
2.43115e+07
2.4298e+07
2.42148e+07
2.40628e+07
2.38432e+07
2.35583e+07
2.32106e+07
2.28035e+07
2.23405e+07
2.18259e+07
2.1264e+07
2.06593e+07
7.4714e+07
8.75966e+07
1.02297e+08
1.1906e+08
1.3816e+08
1.59886e+08
1.84525e+08
2.12341e+08
2.43564e+08
160377
243319
378361
587416
898236
1.34266e+06
1.95699e+06
2.78081e+06
3.85694e+06
5.23116e+06
6.95227e+06
9.07225e+06
1.16467e+07
1.47355e+07
1.84037e+07
2.27231e+07
2.77735e+07
3.36453e+07
4.04424e+07
4.8286e+07
5.73194e+07
6.77133e+07
7.9674e+07
9.34496e+07
1.09337e+08
1.27685e+08
1.48891e+08
1.7338e+08
2.01575e+08
2.33878e+08
143679
216907
338153
522473
799795
1.19408e+06
1.74004e+06
2.47196e+06
3.42827e+06
4.6499e+06
6.18063e+06
8.06736e+06
1.03605e+07
1.31148e+07
1.63903e+07
2.02538e+07
2.47805e+07
3.00571e+07
3.61842e+07
4.32819e+07
5.14945e+07
6.0999e+07
7.20145e+07
8.48141e+07
9.97382e+07
1.17208e+08
1.3773e+08
1.61889e+08
1.9031e+08
2.23625e+08
126972
191263
297617
459480
702658
1.04857e+06
1.52743e+06
2.16945e+06
3.00845e+06
4.08056e+06
5.42454e+06
7.08211e+06
9.09837e+06
1.15226e+07
1.44093e+07
1.78197e+07
2.18236e+07
2.65021e+07
3.19512e+07
3.82869e+07
4.56514e+07
5.4223e+07
6.42278e+07
7.59568e+07
8.9787e+07
1.06207e+08
1.2584e+08
1.49456e+08
1.77946e+08
2.12268e+08
109849
165118
256444
395582
604347
901427
1.31259e+06
1.8639e+06
2.58449e+06
3.50556e+06
4.66071e+06
6.08622e+06
7.82159e+06
9.91021e+06
1.24005e+07
1.53471e+07
1.88133e+07
2.28735e+07
2.76165e+07
3.31517e+07
3.96154e+07
4.71817e+07
5.60773e+07
6.66023e+07
7.91605e+07
9.43001e+07
1.12764e+08
1.35541e+08
1.63876e+08
1.99221e+08
92352.4
138524
214732
330939
505105
753021
1.09608e+06
1.55611e+06
2.1575e+06
2.92643e+06
3.89118e+06
5.08243e+06
6.53375e+06
8.28223e+06
1.03695e+07
1.28433e+07
1.57589e+07
1.91823e+07
2.31934e+07
2.78918e+07
3.34037e+07
3.98934e+07
4.75795e+07
5.67604e+07
6.78517e+07
8.14452e+07
9.83947e+07
1.19929e+08
1.47758e+08
1.84089e+08
74525.8
111546
172587
265728
405196
603763
878491
1.24693e+06
1.72867e+06
2.3448e+06
3.11815e+06
4.07364e+06
5.23862e+06
6.64353e+06
8.32277e+06
1.0316e+07
1.26698e+07
1.54402e+07
1.86959e+07
2.25236e+07
2.70349e+07
3.23776e+07
3.87532e+07
4.64434e+07
5.58554e+07
6.75963e+07
8.26005e+07
1.02334e+08
1.29087e+08
1.6623e+08
56449.4
84308.6
130202
200261
305091
454362
660865
937838
1.30005e+06
1.76345e+06
2.34535e+06
3.06472e+06
3.9425e+06
5.0021e+06
6.27019e+06
7.77774e+06
9.56147e+06
1.16659e+07
1.41464e+07
1.70737e+07
2.05399e+07
2.46694e+07
2.9635e+07
3.5685e+07
4.31903e+07
5.27308e+07
6.52586e+07
8.24176e+07
1.07139e+08
1.44554e+08
38177.9
56894.9
87704.3
134748
205103
305291
443884
629799
872984
1.1842e+06
1.57518e+06
2.05884e+06
2.64948e+06
3.3632e+06
4.21845e+06
5.23684e+06
6.44418e+06
7.87213e+06
9.56045e+06
1.15605e+07
1.39401e+07
1.67926e+07
2.02499e+07
2.45066e+07
2.98627e+07
3.68098e+07
4.6211e+07
5.97174e+07
8.07812e+07
1.16971e+08
20057.1
29823.6
45889.6
70422.3
107099
159330
231585
328529
455370
617758
821881
1.07457e+06
1.38343e+06
1.75706e+06
2.20542e+06
2.74024e+06
3.37565e+06
4.12915e+06
5.023e+06
6.08621e+06
7.35777e+06
8.89201e+06
1.07675e+07
1.31026e+07
1.60866e+07
2.00433e+07
2.55823e+07
3.40074e+07
4.86324e+07
7.94802e+07
5561.5
8255.16
12684.1
19446.2
29554.5
43949.2
63863.3
90586.2
125559
170346
226671
296438
381777
485110
609252
757543
934036
1.14379e+06
1.39328e+06
1.69104e+06
2.04864e+06
2.48246e+06
3.01648e+06
3.6876e+06
4.5562e+06
5.72952e+06
7.42022e+06
1.01267e+07
1.53958e+07
3.08431e+07
3.92323e+08
4.40211e+08
4.83998e+08
5.24153e+08
5.60949e+08
5.94531e+08
6.24965e+08
6.52267e+08
6.76419e+08
6.97382e+08
7.15107e+08
7.29536e+08
7.40611e+08
7.48279e+08
7.52489e+08
7.53195e+08
7.50358e+08
7.43948e+08
7.33942e+08
7.20319e+08
7.03063e+08
6.82154e+08
6.57565e+08
6.2925e+08
5.97133e+08
5.61089e+08
5.20906e+08
4.76242e+08
4.26539e+08
3.70899e+08
3.0793e+08
2.35806e+08
2.01288e+08
2.7449e+08
3.36438e+08
3.9079e+08
4.39592e+08
4.83962e+08
5.24522e+08
5.61617e+08
5.9543e+08
6.2605e+08
6.53503e+08
6.77779e+08
6.98846e+08
7.16657e+08
7.31157e+08
7.42288e+08
7.49997e+08
7.54235e+08
7.54953e+08
7.52114e+08
7.45686e+08
7.35644e+08
7.21965e+08
7.0463e+08
6.83616e+08
6.58887e+08
6.30391e+08
5.98035e+08
5.61671e+08
5.21045e+08
4.75734e+08
4.25013e+08
3.67606e+08
3.0119e+08
2.21587e+08
1.89468e+08
2.69907e+08
3.34341e+08
3.89775e+08
4.39148e+08
4.83865e+08
5.24658e+08
5.61921e+08
5.95861e+08
6.26579e+08
6.5411e+08
6.78448e+08
6.99566e+08
7.17417e+08
7.31948e+08
7.43101e+08
7.50823e+08
7.55065e+08
7.5578e+08
7.5293e+08
7.46484e+08
7.36413e+08
7.22696e+08
7.05311e+08
6.84232e+08
6.5942e+08
6.30816e+08
5.98322e+08
5.61771e+08
5.20884e+08
4.75185e+08
4.23827e+08
3.6522e+08
2.96057e+08
2.0849e+08
1.83347e+08
2.68267e+08
3.33654e+08
3.89439e+08
4.38989e+08
4.83811e+08
5.24674e+08
5.61987e+08
5.95964e+08
6.2671e+08
6.54261e+08
6.78617e+08
6.99748e+08
7.1761e+08
7.32148e+08
7.43304e+08
7.51025e+08
7.55263e+08
7.55972e+08
7.53114e+08
7.46656e+08
7.36572e+08
7.22839e+08
7.05434e+08
6.84331e+08
6.5949e+08
6.3085e+08
5.9831e+08
5.61701e+08
5.20734e+08
4.74916e+08
4.23362e+08
3.64368e+08
2.94159e+08
2.01696e+08
4.80323e+06
4.4982e+06
4.21223e+06
3.93161e+06
3.6522e+06
3.373e+06
3.09455e+06
2.8182e+06
2.54586e+06
2.27969e+06
2.02198e+06
1.77502e+06
1.54095e+06
1.32172e+06
1.11899e+06
934045
767761
620584
492508
383091
291489
216499
156618
110112
75098.8
49638.3
31827.8
19889.5
12255
7640.22
1.53587e+07
1.43879e+07
1.34643e+07
1.25567e+07
1.16541e+07
1.07537e+07
9.85728e+06
8.96934e+06
8.09582e+06
7.24356e+06
6.41974e+06
5.63144e+06
4.88536e+06
4.18752e+06
3.54297e+06
2.95564e+06
2.42812e+06
1.96167e+06
1.55611e+06
1.2099e+06
920270
683306
494185
347369
236872
156545
100366
62715.7
38641.5
24091.3
2.83613e+07
2.65905e+07
2.48777e+07
2.31875e+07
2.15054e+07
1.98287e+07
1.81616e+07
1.65127e+07
1.48931e+07
1.33152e+07
1.17922e+07
1.0337e+07
8.96148e+06
7.67653e+06
6.49111e+06
5.41207e+06
4.44389e+06
3.58856e+06
2.84549e+06
2.21165e+06
1.68171e+06
1.24838e+06
902700
634438
432592
285887
183297
114545
70581.9
44006.9
4.47131e+07
4.19648e+07
3.92609e+07
3.65747e+07
3.3896e+07
3.12261e+07
2.85743e+07
2.59553e+07
2.33872e+07
2.08897e+07
1.84833e+07
1.61879e+07
1.40218e+07
1.20016e+07
1.01405e+07
8.44883e+06
6.93288e+06
5.59519e+06
4.4343e+06
3.44498e+06
2.61853e+06
1.94322e+06
1.40481e+06
987179
673053
444796
285199
178246
109850
68490
6.27797e+07
5.89746e+07
5.51768e+07
5.13773e+07
4.75778e+07
4.37889e+07
4.00286e+07
3.632e+07
3.26899e+07
2.91664e+07
2.57782e+07
2.25526e+07
1.95148e+07
1.66866e+07
1.4086e+07
1.17259e+07
9.61428e+06
7.75359e+06
6.1409e+06
4.76815e+06
3.62256e+06
2.68729e+06
1.94215e+06
1.36449e+06
930197
614719
394176
246388
151870
94683.2
8.06189e+07
7.57754e+07
7.08927e+07
6.5981e+07
6.1057e+07
5.61439e+07
5.12706e+07
4.64704e+07
4.17793e+07
3.72344e+07
3.28724e+07
2.87278e+07
2.48321e+07
2.1212e+07
1.78891e+07
1.48786e+07
1.21893e+07
9.82299e+06
7.77478e+06
6.03335e+06
4.5816e+06
3.39742e+06
2.45466e+06
1.72422e+06
1.1753e+06
776687
498075
311383
191968
119676
9.81044e+07
9.22337e+07
8.62746e+07
8.02563e+07
7.42117e+07
6.81781e+07
6.21969e+07
5.63126e+07
5.05711e+07
4.50186e+07
3.96998e+07
3.4656e+07
2.99242e+07
2.55356e+07
2.15145e+07
1.78778e+07
1.46342e+07
1.17844e+07
9.32104e+06
7.22912e+06
5.487e+06
4.06723e+06
2.93774e+06
2.06315e+06
1.40619e+06
929269
595980
372658
229796
143251
1.15144e+08
1.08251e+08
1.01222e+08
9.41041e+07
8.69469e+07
7.98025e+07
7.27255e+07
6.5772e+07
5.89983e+07
5.24596e+07
4.62081e+07
4.02917e+07
3.47523e+07
2.96245e+07
2.49349e+07
2.0701e+07
1.6931e+07
1.36236e+07
1.07685e+07
8.3469e+06
6.33236e+06
4.69204e+06
3.38806e+06
2.37895e+06
1.62129e+06
1.07143e+06
687227
429802
265098
165255
1.31656e+08
1.2374e+08
1.15646e+08
1.07436e+08
9.9178e+07
9.09375e+07
8.27828e+07
7.47816e+07
6.70008e+07
5.9504e+07
5.23509e+07
4.5595e+07
3.92823e+07
3.34502e+07
2.81267e+07
2.3329e+07
1.90641e+07
1.53283e+07
1.21078e+07
9.37958e+06
7.11239e+06
5.26801e+06
3.80289e+06
2.66974e+06
1.81932e+06
1.20232e+06
771281
482478
297671
185564
1.47721e+08
1.38769e+08
1.29602e+08
1.203e+08
1.10945e+08
1.01617e+08
9.23973e+07
8.33662e+07
7.45999e+07
6.61706e+07
5.81444e+07
5.05799e+07
4.35264e+07
3.70234e+07
3.10989e+07
2.57696e+07
2.10401e+07
1.69039e+07
1.33433e+07
1.03307e+07
7.82985e+06
5.79723e+06
4.18378e+06
2.93663e+06
2.00106e+06
1.32247e+06
848476
530899
327646
204263
1.64064e+08
1.54005e+08
1.43702e+08
1.33251e+08
1.22748e+08
1.12289e+08
1.0197e+08
9.18799e+07
8.21068e+07
7.27303e+07
6.38227e+07
5.54468e+07
4.76547e+07
4.04865e+07
3.39699e+07
2.81196e+07
2.29374e+07
1.84129e+07
1.45239e+07
1.12378e+07
8.5131e+06
6.30064e+06
4.54581e+06
3.1902e+06
2.17372e+06
1.43666e+06
921891
577000
356225
222108
1.81531e+08
1.70213e+08
1.58631e+08
1.46898e+08
1.35126e+08
1.23427e+08
1.11909e+08
1.00676e+08
8.98233e+07
7.94389e+07
6.96007e+07
6.03747e+07
5.18146e+07
4.39602e+07
3.68372e+07
3.04571e+07
2.48177e+07
1.99034e+07
1.56867e+07
1.21292e+07
9.18316e+06
6.7936e+06
4.89997e+06
3.43813e+06
2.34252e+06
1.54834e+06
993776
622209
384307
239669
2.00705e+08
1.87887e+08
1.74802e+08
1.6158e+08
1.48353e+08
1.35246e+08
1.22383e+08
1.09879e+08
9.78392e+07
8.63582e+07
7.55181e+07
6.53867e+07
5.60173e+07
4.74471e+07
3.9698e+07
3.27764e+07
2.66737e+07
2.1368e+07
1.68248e+07
1.29986e+07
9.83489e+06
7.27208e+06
5.24323e+06
3.67825e+06
2.50602e+06
1.65659e+06
1.06355e+06
666194
411714
256854
2.20343e+08
2.05805e+08
1.91026e+08
1.76156e+08
1.61342e+08
1.46726e+08
1.32443e+08
1.18618e+08
1.05363e+08
9.27786e+07
8.09462e+07
6.99328e+07
5.97876e+07
5.05425e+07
4.22124e+07
3.47958e+07
2.82762e+07
2.26229e+07
1.77934e+07
1.37344e+07
1.0384e+07
7.67383e+06
5.53079e+06
3.87918e+06
2.64282e+06
1.74728e+06
1.12216e+06
703304
434966
271513
2.38214e+08
2.21875e+08
2.0536e+08
1.88834e+08
1.72459e+08
1.56388e+08
1.40764e+08
1.2572e+08
1.11368e+08
9.78083e+07
8.51199e+07
7.33634e+07
6.25807e+07
5.27945e+07
4.40101e+07
3.6216e+07
2.93859e+07
2.34799e+07
1.84468e+07
1.42255e+07
1.07474e+07
7.93804e+06
5.7191e+06
4.0105e+06
2.73226e+06
1.80675e+06
1.16081e+06
727980
450604
281487
2.53493e+08
2.35337e+08
2.17113e+08
1.98995e+08
1.81155e+08
1.63753e+08
1.46935e+08
1.30833e+08
1.1556e+08
1.01206e+08
8.78433e+07
7.55227e+07
6.42741e+07
5.41086e+07
4.50192e+07
3.69831e+07
2.99631e+07
2.391e+07
1.8764e+07
1.44571e+07
1.09146e+07
8.05728e+06
5.80301e+06
4.06866e+06
2.77194e+06
1.83337e+06
1.17841e+06
739511
458162
286475
2.66077e+08
2.46098e+08
2.262e+08
2.06567e+08
1.87373e+08
1.68779e+08
1.50929e+08
1.33948e+08
1.1794e+08
1.02984e+08
8.91378e+07
7.64378e+07
6.48987e+07
5.45167e+07
4.5271e+07
3.71261e+07
3.00339e+07
2.39357e+07
1.8764e+07
1.44444e+07
1.08975e+07
8.04063e+06
5.78917e+06
4.05839e+06
2.76505e+06
1.82923e+06
1.17628e+06
738703
458114
286759
2.75894e+08
2.54089e+08
2.32565e+08
2.11505e+08
1.91082e+08
1.7145e+08
1.52745e+08
1.35077e+08
1.18533e+08
1.03176e+08
8.9044e+07
7.6153e+07
6.44997e+07
5.40629e+07
4.48067e+07
3.66824e+07
2.96309e+07
2.35846e+07
1.84692e+07
1.42053e+07
1.07101e+07
7.89857e+06
5.6852e+06
3.98503e+06
2.71523e+06
1.79674e+06
1.15594e+06
726471
451004
282663
2.82869e+08
2.59242e+08
2.3615e+08
2.13768e+08
1.92258e+08
1.71761e+08
1.52394e+08
1.34246e+08
1.1738e+08
1.01832e+08
8.76158e+07
7.47244e+07
6.31324e+07
5.27999e+07
4.36746e+07
3.56948e+07
2.8791e+07
2.28877e+07
1.7905e+07
1.376e+07
1.03677e+07
7.64258e+06
5.49942e+06
3.8544e+06
2.62643e+06
1.73845e+06
1.119e+06
703811
437425
274540
2.8694e+08
2.61501e+08
2.36911e+08
2.13328e+08
1.90893e+08
1.69725e+08
1.49909e+08
1.31503e+08
1.14538e+08
9.90175e+07
8.4924e+07
7.22227e+07
6.08646e+07
5.079e+07
4.19305e+07
3.42118e+07
2.75553e+07
2.1879e+07
1.7099e+07
1.31301e+07
9.88705e+06
7.28513e+06
5.24084e+06
3.67284e+06
2.50292e+06
1.65717e+06
1.06724e+06
671800
418020
262769
2.88052e+08
2.60809e+08
2.34802e+08
2.10157e+08
1.86983e+08
1.65358e+08
1.45327e+08
1.26905e+08
1.10077e+08
9.48087e+07
8.1046e+07
6.87236e+07
5.77676e+07
4.80981e+07
3.96316e+07
3.22828e+07
2.59653e+07
2.05925e+07
1.60782e+07
1.23369e+07
9.28442e+06
6.83833e+06
4.91824e+06
3.4465e+06
2.34891e+06
1.55565e+06
1.00239e+06
631503
393425
247726
2.86127e+08
2.5709e+08
2.29759e+08
2.04215e+08
1.80515e+08
1.5868e+08
1.38695e+08
1.20517e+08
1.04077e+08
8.92923e+07
7.60699e+07
6.43121e+07
5.39199e+07
4.47945e+07
3.68393e+07
2.99597e+07
2.40641e+07
1.90633e+07
1.48706e+07
1.14021e+07
8.5763e+06
6.31441e+06
4.54046e+06
3.18159e+06
2.16861e+06
1.43668e+06
926233
584020
364300
229800
2.81079e+08
2.50248e+08
2.21707e+08
1.95461e+08
1.71489e+08
1.49727e+08
1.30081e+08
1.12429e+08
9.66399e+07
8.25756e+07
7.01011e+07
5.9087e+07
4.94109e+07
4.09581e+07
3.36211e+07
2.72994e+07
2.18985e+07
1.7329e+07
1.3506e+07
1.03487e+07
7.78006e+06
5.7262e+06
4.11673e+06
2.88458e+06
1.96642e+06
1.30315e+06
840613
530494
331338
209406
2.73306e+08
2.40788e+08
2.11245e+08
1.84574e+08
1.60637e+08
1.39258e+08
1.20239e+08
1.0337e+08
8.84472e+07
7.52808e+07
6.36965e+07
5.35376e+07
4.46635e+07
3.69482e+07
3.02782e+07
2.45504e+07
1.96703e+07
1.5551e+07
1.2111e+07
9.27437e+06
6.96934e+06
5.12803e+06
3.68615e+06
2.58286e+06
1.76099e+06
1.16738e+06
753433
475870
297587
188424
2.64215e+08
2.30228e+08
1.99951e+08
1.73135e+08
1.49496e+08
1.28724e+08
1.10505e+08
9.45408e+07
8.05631e+07
6.83355e+07
5.76536e+07
4.83413e+07
4.02468e+07
3.3238e+07
2.71991e+07
2.20278e+07
1.76322e+07
1.39287e+07
1.08408e+07
8.29769e+06
6.23322e+06
4.58536e+06
3.29569e+06
2.30928e+06
1.57467e+06
1.04416e+06
674224
426149
266780
169197
2.54457e+08
2.19176e+08
1.88388e+08
1.61654e+08
1.38514e+08
1.18504e+08
1.01191e+08
8.61917e+07
7.31809e+07
6.18864e+07
5.20816e+07
4.35781e+07
3.6218e+07
2.98674e+07
2.44115e+07
1.97506e+07
1.57964e+07
1.24703e+07
9.70067e+06
7.42205e+06
5.57383e+06
4.09953e+06
2.94625e+06
2.06445e+06
1.40789e+06
933799
603210
381505
239058
151837
2.43935e+08
2.07454e+08
1.76337e+08
1.49896e+08
1.27446e+08
1.08348e+08
9.20445e+07
7.80749e+07
6.60645e+07
5.57128e+07
4.67787e+07
3.90669e+07
3.24177e+07
2.66987e+07
2.17982e+07
1.76205e+07
1.40826e+07
1.11109e+07
8.63917e+06
6.60756e+06
4.96091e+06
3.64813e+06
2.62164e+06
1.83702e+06
1.25293e+06
831209
537141
339917
213182
135587
2.32094e+08
1.94433e+08
1.63172e+08
1.37267e+08
1.15742e+08
9.77507e+07
8.26092e+07
6.97797e+07
5.88472e+07
4.94912e+07
4.14622e+07
3.45635e+07
2.86375e+07
2.3556e+07
1.92125e+07
1.55173e+07
1.23932e+07
9.77251e+06
7.59523e+06
5.80718e+06
4.35894e+06
3.20497e+06
2.30301e+06
1.61378e+06
1.10079e+06
730439
472195
298987
187672
119522
2.18293e+08
1.79446e+08
1.48299e+08
1.23268e+08
1.02984e+08
8.63629e+07
7.2586e+07
6.10498e+07
5.13092e+07
4.30332e+07
3.59715e+07
2.99318e+07
2.47629e+07
2.03438e+07
1.65759e+07
1.33767e+07
1.06763e+07
8.41415e+06
6.53672e+06
4.99624e+06
3.74937e+06
2.75637e+06
1.98053e+06
1.38784e+06
946777
628382
406370
257454
161740
103147
2.02088e+08
1.62106e+08
1.31472e+08
1.0777e+08
8.91207e+07
7.41714e+07
6.1982e+07
5.19004e+07
4.3468e+07
3.63558e+07
3.03221e+07
2.51851e+07
2.0805e+07
1.70715e+07
1.38957e+07
1.12047e+07
8.93686e+06
7.03951e+06
5.46652e+06
4.17693e+06
3.13382e+06
2.30352e+06
1.65504e+06
1.15978e+06
791286
525300
339835
215425
135453
86501.8
1.82765e+08
1.41852e+08
1.12373e+08
9.06278e+07
7.4098e+07
6.11681e+07
5.08089e+07
4.23507e+07
3.53443e+07
2.94785e+07
2.45311e+07
2.03382e+07
1.67762e+07
1.37491e+07
1.11803e+07
9.00787e+06
7.17999e+06
5.65268e+06
4.38778e+06
3.35162e+06
2.51406e+06
1.8477e+06
1.32747e+06
930251
634759
421485
272776
173017
108883
69629.7
1.5912e+08
1.17887e+08
9.0628e+07
7.17063e+07
5.78923e+07
4.7375e+07
3.91045e+07
3.24414e+07
2.69765e+07
2.24357e+07
1.8628e+07
1.5416e+07
1.26973e+07
1.03936e+07
8.44346e+06
6.79736e+06
5.41453e+06
4.26055e+06
3.30581e+06
2.52438e+06
1.89312e+06
1.39116e+06
999407
700370
477954
317438
205517
130432
82155.9
52610.5
1.28865e+08
8.89721e+07
6.5739e+07
5.0839e+07
4.0467e+07
3.28031e+07
2.68956e+07
2.22027e+07
1.83932e+07
1.52523e+07
1.26344e+07
1.04363e+07
8.58283e+06
7.01699e+06
5.69467e+06
4.58072e+06
3.64642e+06
2.86775e+06
2.22419e+06
1.6979e+06
1.27302e+06
935338
671903
470868
321371
213490
138272
87807
55356.5
35497.5
8.76095e+07
5.36008e+07
3.74679e+07
2.81725e+07
2.206e+07
1.76932e+07
1.44001e+07
1.18236e+07
9.7551e+06
8.06379e+06
6.66307e+06
5.4929e+06
4.51007e+06
3.68242e+06
2.98528e+06
2.39922e+06
1.90851e+06
1.50009e+06
1.16293e+06
887437
665196
488661
351000
245979
167899
111561
72282.3
45929.2
28981.4
18609.4
3.40079e+07
1.69741e+07
1.11621e+07
8.17641e+06
6.31079e+06
5.01573e+06
4.0569e+06
3.31612e+06
2.72679e+06
2.24821e+06
1.85391e+06
1.52586e+06
1.25121e+06
1.02051e+06
826601
663859
527778
414646
321331
245141
183713
134939
96918.3
67920
46364
30812.3
19969.9
12695.3
8016.42
5152.5
7771.81
12208
19532.5
30966.6
48003.2
72344.8
105812
150270
207528
279270
366963
471804
594647
735963
895817
1.07385e+06
1.26928e+06
1.48095e+06
1.70734e+06
1.94665e+06
2.19686e+06
2.45583e+06
2.72142e+06
2.99157e+06
3.2645e+06
3.5389e+06
3.81429e+06
4.09165e+06
4.37507e+06
4.6779e+06
24504.7
38496.6
61592
97648.4
151377
228157
333751
474066
654861
881506
1.15871e+06
1.49035e+06
1.87924e+06
2.32699e+06
2.83397e+06
3.39918e+06
4.02035e+06
4.69394e+06
5.41532e+06
6.17895e+06
6.97856e+06
7.80752e+06
8.65908e+06
9.52681e+06
1.04051e+07
1.12897e+07
1.2179e+07
1.30756e+07
1.39906e+07
1.49543e+07
44753.4
70310.9
112479
178309
276402
416595
609429
865737
1.1961e+06
1.61043e+06
2.11746e+06
2.72443e+06
3.43669e+06
4.25743e+06
5.18756e+06
6.22556e+06
7.36753e+06
8.60732e+06
9.93671e+06
1.13458e+07
1.28234e+07
1.43574e+07
1.59357e+07
1.75463e+07
1.91789e+07
2.08255e+07
2.2482e+07
2.41511e+07
2.58472e+07
2.7605e+07
69642.5
109417
175007
277389
429949
648006
948003
1.34688e+06
1.86123e+06
2.50667e+06
3.29707e+06
4.24402e+06
5.35625e+06
6.63923e+06
8.09487e+06
9.72137e+06
1.15132e+07
1.34614e+07
1.55537e+07
1.7775e+07
2.01083e+07
2.25349e+07
2.50359e+07
2.75925e+07
3.01878e+07
3.2808e+07
3.54443e+07
3.80956e+07
4.0772e+07
4.34997e+07
96275
151262
241878
383310
594058
895333
1.30993e+06
1.8614e+06
2.57293e+06
3.46643e+06
4.56152e+06
5.87481e+06
7.41908e+06
9.20268e+06
1.12291e+07
1.34969e+07
1.59994e+07
1.87249e+07
2.16574e+07
2.47767e+07
2.80596e+07
3.14807e+07
3.50133e+07
3.86308e+07
4.23082e+07
4.60236e+07
4.976e+07
5.35072e+07
5.7264e+07
6.10389e+07
121699
191197
305648
484259
750404
1.13093e+06
1.65473e+06
2.35175e+06
3.25158e+06
4.38233e+06
5.76939e+06
7.43453e+06
9.39477e+06
1.16617e+07
1.42411e+07
1.7132e+07
2.03275e+07
2.38139e+07
2.7572e+07
3.15771e+07
3.58005e+07
4.02099e+07
4.47712e+07
4.94496e+07
5.42112e+07
5.90246e+07
6.38623e+07
6.8702e+07
7.35278e+07
7.83296e+07
145703
228881
365764
579352
897610
1.35272e+06
1.97934e+06
2.81355e+06
3.89109e+06
5.24614e+06
6.90979e+06
8.90901e+06
1.12653e+07
1.39939e+07
1.7103e+07
2.05932e+07
2.44575e+07
2.86812e+07
3.32425e+07
3.8113e+07
4.32586e+07
4.8641e+07
5.42185e+07
5.99481e+07
6.57863e+07
7.16911e+07
7.76232e+07
8.35468e+07
8.94299e+07
9.52443e+07
168133
264066
421826
667952
1.03468e+06
1.55919e+06
2.28155e+06
3.24363e+06
4.48705e+06
6.05182e+06
7.97465e+06
1.02877e+07
1.30172e+07
1.61821e+07
1.97937e+07
2.38545e+07
2.83583e+07
3.32899e+07
3.86258e+07
4.43342e+07
5.03768e+07
5.67092e+07
6.32829e+07
7.00461e+07
7.69459e+07
8.39292e+07
9.09441e+07
9.79405e+07
1.04871e+08
1.11689e+08
188869
296553
473512
749544
1.16083e+06
1.74913e+06
2.55958e+06
3.63942e+06
5.03583e+06
6.7944e+06
8.95731e+06
1.15619e+07
1.4639e+07
1.82119e+07
2.22951e+07
2.68937e+07
3.20028e+07
3.76076e+07
4.36833e+07
5.01961e+07
5.71035e+07
6.43561e+07
7.18986e+07
7.96712e+07
8.76112e+07
9.56544e+07
1.03736e+08
1.11793e+08
1.19761e+08
1.27578e+08
208001
326480
521035
824462
1.27654e+06
1.9233e+06
2.8145e+06
4.00243e+06
5.53949e+06
7.47659e+06
9.86121e+06
1.27358e+07
1.6136e+07
2.00895e+07
2.46146e+07
2.97193e+07
3.54009e+07
4.16454e+07
4.84279e+07
5.57128e+07
6.34548e+07
7.15999e+07
8.00866e+07
8.88473e+07
9.78102e+07
1.069e+08
1.1604e+08
1.25153e+08
1.3416e+08
1.42983e+08
226311
355055
566305
895703
1.38645e+06
2.08862e+06
3.05643e+06
4.34703e+06
6.01792e+06
8.12527e+06
1.07219e+07
1.38555e+07
1.7567e+07
2.18886e+07
2.68431e+07
3.24421e+07
3.86858e+07
4.5562e+07
5.30465e+07
6.11029e+07
6.96836e+07
7.87308e+07
8.81772e+07
9.79481e+07
1.07962e+08
1.18134e+08
1.28375e+08
1.38593e+08
1.48695e+08
1.58589e+08
244405
383197
610740
965460
1.49389e+06
2.25009e+06
3.29265e+06
4.68358e+06
6.48554e+06
8.76011e+06
1.15657e+07
1.49557e+07
1.89767e+07
2.36664e+07
2.90529e+07
3.51524e+07
4.19691e+07
4.9494e+07
5.77045e+07
6.65649e+07
7.60263e+07
8.60279e+07
9.64974e+07
1.07353e+08
1.18505e+08
1.29857e+08
1.41307e+08
1.5275e+08
1.64078e+08
1.75184e+08
262228
410764
654042
1.03319e+06
1.59794e+06
2.40625e+06
3.52097e+06
5.00896e+06
6.93809e+06
9.37554e+06
1.23857e+07
1.60282e+07
2.03559e+07
2.54133e+07
3.12348e+07
3.7843e+07
4.52476e+07
5.34444e+07
6.24149e+07
7.21256e+07
8.25282e+07
9.35604e+07
1.05147e+08
1.17199e+08
1.29619e+08
1.423e+08
1.55128e+08
1.67983e+08
1.80743e+08
1.93283e+08
277609
434313
690692
1.09014e+06
1.68505e+06
2.53665e+06
3.71145e+06
5.28054e+06
7.31647e+06
9.89166e+06
1.30762e+07
1.69361e+07
2.1531e+07
2.69126e+07
3.31229e+07
4.01922e+07
4.81381e+07
5.69634e+07
6.66562e+07
7.71881e+07
8.85147e+07
1.00575e+08
1.13293e+08
1.26577e+08
1.40324e+08
1.54417e+08
1.68731e+08
1.83135e+08
1.97489e+08
2.11653e+08
288320
450377
715238
1.12778e+06
1.74208e+06
2.62158e+06
3.8352e+06
5.45708e+06
7.56319e+06
1.02301e+07
1.35325e+07
1.7542e+07
2.23244e+07
2.79387e+07
3.44346e+07
4.1851e+07
5.02144e+07
5.95368e+07
6.98151e+07
8.10295e+07
9.31426e+07
1.06099e+08
1.19826e+08
1.34233e+08
1.49215e+08
1.64651e+08
1.80408e+08
1.96345e+08
2.12311e+08
2.28151e+08
294015
458461
726965
1.14507e+06
1.7675e+06
2.65876e+06
3.88892e+06
5.53377e+06
7.67135e+06
1.03809e+07
1.37406e+07
1.78263e+07
2.27092e+07
2.84546e+07
3.51198e+07
4.27523e+07
5.13882e+07
6.10502e+07
7.1746e+07
8.34668e+07
9.61859e+07
1.09858e+08
1.24417e+08
1.39779e+08
1.55842e+08
1.72486e+08
1.89576e+08
2.06965e+08
2.24495e+08
2.42005e+08
294956
459007
726627
1.14324e+06
1.76331e+06
2.65126e+06
3.87713e+06
5.51703e+06
7.64972e+06
1.03557e+07
1.37154e+07
1.78075e+07
2.27075e+07
2.8486e+07
3.52073e+07
4.29274e+07
5.16923e+07
6.15359e+07
7.24788e+07
8.45255e+07
9.76634e+07
1.1186e+08
1.27064e+08
1.43202e+08
1.60179e+08
1.77884e+08
1.96184e+08
2.14933e+08
2.33972e+08
2.53135e+08
291443
452529
715091
1.12374e+06
1.73177e+06
2.60255e+06
3.80494e+06
5.41415e+06
7.50834e+06
1.0168e+07
1.34743e+07
1.75075e+07
2.23459e+07
2.80647e+07
3.47339e+07
4.24175e+07
5.11712e+07
6.10409e+07
7.20609e+07
8.42513e+07
9.76166e+07
1.12142e+08
1.27795e+08
1.44517e+08
1.62231e+08
1.80837e+08
2.00213e+08
2.20221e+08
2.40706e+08
2.61503e+08
283804
439591
693301
1.08813e+06
1.67535e+06
2.51642e+06
3.67794e+06
5.2331e+06
7.25824e+06
9.83254e+06
1.30364e+07
1.69505e+07
2.16547e+07
2.7227e+07
3.37423e+07
4.12714e+07
4.98792e+07
5.96235e+07
7.05527e+07
8.27046e+07
9.61029e+07
1.10755e+08
1.2665e+08
1.43756e+08
1.62015e+08
1.81349e+08
2.01655e+08
2.22807e+08
2.44664e+08
2.67071e+08
272399
420814
662291
1.03812e+06
1.59674e+06
2.39696e+06
3.50218e+06
4.98252e+06
6.91138e+06
9.36538e+06
1.2423e+07
1.61637e+07
2.06675e+07
2.60139e+07
3.22811e+07
3.95456e+07
4.78802e+07
5.73539e+07
6.80295e+07
7.99628e+07
9.31991e+07
1.07771e+08
1.23696e+08
1.4097e+08
1.5957e+08
1.79444e+08
2.00517e+08
2.22688e+08
2.45835e+08
2.69824e+08
257578
396808
623066
975358
1.49855e+06
2.24818e+06
3.28356e+06
4.67086e+06
6.47951e+06
8.78242e+06
1.16549e+07
1.51739e+07
1.9418e+07
2.44667e+07
3.04001e+07
3.72983e+07
4.52409e+07
5.43065e+07
6.45716e+07
7.61098e+07
8.89893e+07
1.03271e+08
1.19003e+08
1.3622e+08
1.54938e+08
1.75145e+08
1.96807e+08
2.19857e+08
2.44207e+08
2.69751e+08
239701
368203
576658
901574
1.38347e+06
2.07419e+06
3.02818e+06
4.30685e+06
5.97474e+06
8.10003e+06
1.07536e+07
1.40089e+07
1.79414e+07
2.2629e+07
2.81518e+07
3.45918e+07
4.20332e+07
5.05624e+07
6.02679e+07
7.12399e+07
8.35692e+07
9.73455e+07
1.12654e+08
1.29574e+08
1.48167e+08
1.68478e+08
1.90525e+08
2.14296e+08
2.3975e+08
2.66828e+08
219155
335668
524164
818576
1.25434e+06
1.87936e+06
2.74247e+06
3.89968e+06
5.40986e+06
7.33556e+06
9.74231e+06
1.26985e+07
1.62754e+07
2.05477e+07
2.55934e+07
3.14945e+07
3.83372e+07
4.62133e+07
5.52205e+07
6.54634e+07
7.70538e+07
9.01101e+07
1.04756e+08
1.21118e+08
1.39319e+08
1.59472e+08
1.81671e+08
2.05977e+08
2.32424e+08
2.61021e+08
197819
302207
470434
734050
1.12315e+06
1.68174e+06
2.45293e+06
3.48715e+06
4.83735e+06
6.5601e+06
8.71503e+06
1.13649e+07
1.45758e+07
1.84178e+07
2.29652e+07
2.82977e+07
3.45011e+07
4.16692e+07
4.99052e+07
5.93236e+07
7.00524e+07
8.22342e+07
9.60282e+07
1.11609e+08
1.29164e+08
1.48885e+08
1.70961e+08
1.95556e+08
2.22803e+08
2.52807e+08
178116
271552
421427
657238
1.00419e+06
1.50279e+06
2.19095e+06
3.114e+06
4.31944e+06
5.85817e+06
7.78424e+06
1.01549e+07
1.30309e+07
1.64773e+07
2.05638e+07
2.53666e+07
3.09691e+07
3.74644e+07
4.49573e+07
5.35675e+07
6.34331e+07
)
;

boundaryField
{
    front
    {
        type            wedge;
    }
    back
    {
        type            wedge;
    }
    bottomwall
    {
        type            zeroGradient;
    }
    topwall
    {
        type            zeroGradient;
    }
    reflector
    {
        type            zeroGradient;
    }
    hx
    {
        type            zeroGradient;
    }
}


// ************************************************************************* //
