/*--------------------------------*- C++ -*----------------------------------*\
| =========                 |                                                 |
| \\      /  F ield         | OpenFOAM: The Open Source CFD Toolbox           |
|  \\    /   O peration     | Version:  v1812                                 |
|   \\  /    A nd           | Web:      www.OpenFOAM.com                      |
|    \\/     M anipulation  |                                                 |
\*---------------------------------------------------------------------------*/
FoamFile
{
    version     2.0;
    format      ascii;
    class       labelList;
    note        "nPoints: 5664 nCells: 5796 nFaces: 17640 nInternalFaces: 11340";
    location    "constant/fluidRegion/polyMesh";
    object      neighbour;
}
// * * * * * * * * * * * * * * * * * * * * * * * * * * * * * * * * * * * * * //


11340
(
1
3
6
756
2
4
7
5
8
4
15
757
5
16
17
7
9
758
8
10
11
10
12
759
11
13
14
13
15
760
14
16
17
16
761
17
19
21
27
763
20
22
28
23
29
22
30
767
23
31
32
25
30
33
762
26
31
34
32
35
28
33
764
29
34
35
31
765
32
34
766
35
37
39
48
768
38
40
49
41
50
40
42
773
41
43
44
43
45
771
44
46
47
46
51
772
47
52
53
49
51
769
50
52
53
52
770
53
55
57
63
776
56
58
64
59
65
58
66
779
59
67
68
61
66
69
774
62
67
70
68
71
64
69
777
65
70
71
67
778
68
70
775
71
73
75
87
780
74
76
88
77
89
76
84
784
77
85
86
79
81
87
781
80
82
88
83
89
82
84
783
83
85
86
85
785
86
88
782
89
91
96
102
786
92
97
103
98
104
94
96
99
787
95
97
100
98
101
97
788
98
100
105
789
101
106
107
103
105
790
104
106
107
106
791
107
109
117
123
797
110
118
124
119
125
112
117
120
792
113
118
121
119
122
115
120
123
795
116
121
124
122
125
118
794
119
121
793
122
124
796
125
127
129
132
798
128
130
133
131
134
130
138
799
131
139
140
133
135
800
134
136
137
136
141
801
137
142
143
139
141
802
140
142
143
142
803
143
145
147
150
806
146
148
151
149
152
148
159
808
149
160
161
151
153
804
152
154
155
154
156
805
155
157
158
157
159
807
158
160
161
160
809
161
163
168
171
810
164
169
172
170
173
166
168
174
814
167
169
175
170
176
169
813
170
172
177
811
173
178
179
175
177
815
176
178
179
178
812
179
181
186
192
816
182
187
193
188
194
184
192
195
817
185
193
196
194
197
187
189
818
188
190
191
190
195
819
191
196
197
193
820
194
196
821
197
199
201
204
823
200
202
205
203
206
202
210
822
203
211
212
205
207
825
206
208
209
208
213
827
209
214
215
211
213
824
212
214
215
214
826
215
217
219
228
832
218
220
229
221
230
220
225
828
221
226
227
223
225
231
831
224
226
232
227
233
226
830
227
229
231
833
230
232
233
232
829
233
235
237
243
837
236
238
244
239
245
238
246
836
239
247
248
241
243
249
838
242
244
250
245
251
244
839
245
247
249
834
248
250
251
250
835
251
253
255
258
842
254
256
259
257
260
256
264
840
257
265
266
259
261
844
260
262
263
262
267
845
263
268
269
265
267
841
266
268
269
268
843
269
271
276
285
847
272
277
286
278
287
274
279
282
849
275
280
283
281
284
277
279
846
278
280
281
280
848
281
283
285
851
284
286
287
286
850
287
289
294
303
852
290
295
304
296
305
292
297
303
855
293
298
304
299
305
295
300
853
296
301
302
298
300
856
299
301
302
301
857
302
304
854
305
307
309
312
858
308
310
313
311
314
310
315
859
311
316
317
313
318
860
314
319
320
316
321
861
317
322
323
319
321
862
320
322
323
322
863
323
325
327
339
864
326
328
340
329
341
328
330
865
329
331
332
331
333
866
332
334
335
334
336
867
335
337
338
337
339
868
338
340
341
340
869
341
343
345
348
873
344
346
349
347
350
346
351
870
347
352
353
349
354
875
350
355
356
352
357
871
353
358
359
355
357
874
356
358
359
358
872
359
361
363
366
876
362
364
367
365
368
364
375
877
365
376
377
367
369
878
368
370
371
370
372
879
371
373
374
373
375
880
374
376
377
376
881
377
379
381
384
882
380
382
385
383
386
382
390
883
383
391
392
385
387
884
386
388
389
388
393
885
389
394
395
391
393
886
392
394
395
394
887
395
397
399
402
888
398
400
403
401
404
400
411
889
401
412
413
403
405
890
404
406
407
406
408
891
407
409
410
409
411
892
410
412
413
412
893
413
415
423
429
894
416
424
430
425
431
418
420
426
896
419
421
427
422
428
421
423
899
422
424
425
424
895
425
427
429
898
428
430
431
430
897
431
433
435
441
901
434
436
442
437
443
436
438
900
437
439
440
439
444
903
440
445
446
442
447
902
443
448
449
445
447
904
446
448
449
448
905
449
451
453
456
908
452
454
457
455
458
454
465
906
455
466
467
457
459
911
458
460
461
460
462
909
461
463
464
463
465
907
464
466
467
466
910
467
469
471
474
916
470
472
475
473
476
472
477
917
473
478
479
475
483
914
476
484
485
478
480
915
479
481
482
481
483
913
482
484
485
484
912
485
487
492
495
918
488
493
496
494
497
490
495
498
919
491
496
499
497
500
493
501
920
494
502
503
496
921
497
499
501
922
500
502
503
502
923
503
505
507
513
924
506
508
514
509
515
508
510
925
509
511
512
511
516
926
512
517
518
514
519
927
515
520
521
517
519
928
518
520
521
520
929
521
523
525
528
933
524
526
529
527
530
526
531
931
527
532
533
529
534
934
530
535
536
532
537
935
533
538
539
535
537
932
536
538
539
538
930
539
541
543
549
936
542
544
550
545
551
544
546
937
545
547
548
547
552
938
548
553
554
550
555
939
551
556
557
553
555
940
554
556
557
556
941
557
559
567
570
942
560
568
571
569
572
562
570
573
943
563
571
574
572
575
565
567
573
944
566
568
574
569
575
568
945
569
571
946
572
574
947
575
577
579
582
948
578
580
583
581
584
580
588
949
581
589
590
583
591
950
584
592
593
586
588
591
951
587
589
592
590
593
589
952
590
592
953
593
595
597
603
955
596
598
604
599
605
598
600
954
599
601
602
601
606
956
602
607
608
604
609
957
605
610
611
607
609
958
608
610
611
610
959
611
613
615
618
960
614
616
619
617
620
616
624
962
617
625
626
619
621
961
620
622
623
622
627
963
623
628
629
625
627
965
626
628
629
628
964
629
631
633
636
966
632
634
637
635
638
634
645
967
635
646
647
637
639
968
638
640
641
640
642
969
641
643
644
643
645
970
644
646
647
646
971
647
649
651
657
973
650
652
658
653
659
652
660
974
653
661
662
655
660
663
972
656
661
664
662
665
658
663
975
659
664
665
661
976
662
664
977
665
667
669
675
983
668
670
676
671
677
670
681
979
671
682
683
673
678
681
978
674
679
682
680
683
676
678
980
677
679
680
679
981
680
682
982
683
685
693
699
988
686
694
700
695
701
688
690
699
986
689
691
700
692
701
691
696
985
692
697
698
694
696
987
695
697
698
697
984
698
700
989
701
703
708
711
993
704
709
712
710
713
706
708
717
991
707
709
718
710
719
709
994
710
712
714
995
713
715
716
715
717
992
716
718
719
718
990
719
721
726
735
1001
722
727
736
728
737
724
729
732
996
725
730
733
731
734
727
729
999
728
730
731
730
998
731
733
735
997
734
736
737
736
1000
737
739
741
750
1003
740
742
751
743
752
742
744
1002
743
745
746
745
753
1004
746
754
755
748
750
753
1005
749
751
754
752
755
751
1007
752
754
1006
755
757
758
1017
761
1027
759
1037
760
1047
761
1057
1067
765
766
1087
764
767
1077
766
1127
767
1097
1117
1107
769
773
1137
770
1177
772
1187
772
773
1157
1167
1147
775
778
1217
777
1247
777
779
1197
1227
779
1237
1207
782
784
1257
782
783
1267
1277
785
1287
785
1297
1307
788
790
1347
788
789
1357
1317
791
1367
791
1327
1337
793
794
1377
795
1407
797
1387
796
1417
797
1427
1397
799
800
1437
802
1447
801
1457
803
1467
803
1477
1487
805
806
1497
807
1507
808
1517
809
1527
809
1537
1547
811
813
1577
812
1587
815
1567
814
1607
815
1557
1597
818
820
1617
820
821
1637
819
1647
821
1627
1667
1657
823
824
1677
825
1687
826
1707
827
1697
827
1717
1727
830
832
1787
831
833
1747
831
1767
1737
833
1777
1757
835
836
1837
838
1847
837
1807
839
1797
839
1817
1827
841
842
1867
843
1897
844
1857
845
1907
845
1877
1887
847
848
1917
850
1927
849
1937
851
1947
851
1957
1967
853
854
1977
857
2007
855
1987
856
1997
857
2017
2027
859
860
2037
861
2047
862
2057
863
2067
863
2077
2087
865
869
2117
866
2127
867
2137
868
2107
869
2097
2147
871
873
2157
872
2167
874
2177
875
2187
875
2197
2207
877
878
2227
881
2267
879
2257
880
2247
881
2237
2217
883
884
2287
886
2317
885
2277
887
2297
887
2327
2307
889
890
2337
893
2347
891
2357
892
2367
893
2377
2387
895
897
2397
899
2427
898
899
2407
898
2447
2437
2417
901
903
2457
902
2467
905
2477
904
2487
905
2497
2507
908
910
2527
909
910
2557
911
2517
911
2547
2567
2537
913
914
2577
915
2587
916
2597
917
2607
917
2617
2627
920
921
2637
921
922
2647
923
2657
2667
923
2677
2687
925
927
2697
926
2707
928
2717
929
2727
929
2737
2747
932
935
2807
933
935
2767
934
2797
934
2757
2777
2787
937
939
2817
938
2827
940
2837
941
2847
941
2857
2867
945
946
2877
946
947
2887
945
947
2897
2907
2917
2927
949
950
2937
952
2947
953
2957
952
953
2967
2977
2987
955
956
2997
957
3007
958
3017
959
3027
959
3037
3047
961
962
3057
963
3077
965
3067
964
3087
965
3107
3097
967
968
3137
971
3167
969
3157
970
3127
971
3117
3147
976
977
3197
974
975
3177
976
3187
977
3207
3217
3227
981
982
3237
982
983
3247
981
983
3257
3267
3277
3287
985
987
3297
986
3307
989
3317
988
3327
989
3337
3347
991
992
3357
994
3367
995
3377
994
995
3387
3397
3407
997
998
3417
1000
3427
999
3437
1001
3457
1001
3447
3467
1003
1004
3487
1007
3497
1006
3477
1006
1007
3517
3507
3527
1009
1018
1028
3530
1010
1019
1029
1011
1020
1030
1012
1021
1031
1013
1022
1032
1014
1023
1033
1015
1024
1034
1016
1025
1035
1017
1026
1036
1027
1037
1019
1058
3533
1020
1059
1021
1060
1022
1061
1023
1062
1024
1063
1025
1064
1026
1065
1027
1066
1067
1029
1038
3536
1030
1039
1031
1040
1032
1041
1033
1042
1034
1043
1035
1044
1036
1045
1037
1046
1047
1039
1048
3539
1040
1049
1041
1050
1042
1051
1043
1052
1044
1053
1045
1054
1046
1055
1047
1056
1057
1049
1058
3542
1050
1059
1051
1060
1052
1061
1053
1062
1054
1063
1055
1064
1056
1065
1057
1066
1067
1059
3545
1060
1061
1062
1063
1064
1065
1066
1067
1069
1098
1118
3548
1070
1099
1119
1071
1100
1120
1072
1101
1121
1073
1102
1122
1074
1103
1123
1075
1104
1124
1076
1105
1125
1077
1106
1126
1107
1127
1079
1088
1108
3560
1080
1089
1109
1081
1090
1110
1082
1091
1111
1083
1092
1112
1084
1093
1113
1085
1094
1114
1086
1095
1115
1087
1096
1116
1097
1117
1089
1098
3551
1090
1099
1091
1100
1092
1101
1093
1102
1094
1103
1095
1104
1096
1105
1097
1106
1107
1099
3554
1100
1101
1102
1103
1104
1105
1106
1107
1109
1118
3557
1110
1119
1111
1120
1112
1121
1113
1122
1114
1123
1115
1124
1116
1125
1117
1126
1127
1119
3563
1120
1121
1122
1123
1124
1125
1126
1127
1129
1138
1168
3566
1130
1139
1169
1131
1140
1170
1132
1141
1171
1133
1142
1172
1134
1143
1173
1135
1144
1174
1136
1145
1175
1137
1146
1176
1147
1177
1139
1148
3581
1140
1149
1141
1150
1142
1151
1143
1152
1144
1153
1145
1154
1146
1155
1147
1156
1157
1149
1158
3575
1150
1159
1151
1160
1152
1161
1153
1162
1154
1163
1155
1164
1156
1165
1157
1166
1167
1159
1178
3578
1160
1179
1161
1180
1162
1181
1163
1182
1164
1183
1165
1184
1166
1185
1167
1186
1187
1169
1178
3572
1170
1179
1171
1180
1172
1181
1173
1182
1174
1183
1175
1184
1176
1185
1177
1186
1187
1179
3569
1180
1181
1182
1183
1184
1185
1186
1187
1189
1198
1218
3584
1190
1199
1219
1191
1200
1220
1192
1201
1221
1193
1202
1222
1194
1203
1223
1195
1204
1224
1196
1205
1225
1197
1206
1226
1207
1227
1199
1228
3587
1200
1229
1201
1230
1202
1231
1203
1232
1204
1233
1205
1234
1206
1235
1207
1236
1237
1209
1228
1238
3596
1210
1229
1239
1211
1230
1240
1212
1231
1241
1213
1232
1242
1214
1233
1243
1215
1234
1244
1216
1235
1245
1217
1236
1246
1237
1247
1219
1238
3590
1220
1239
1221
1240
1222
1241
1223
1242
1224
1243
1225
1244
1226
1245
1227
1246
1247
1229
3593
1230
1231
1232
1233
1234
1235
1236
1237
1239
3599
1240
1241
1242
1243
1244
1245
1246
1247
1249
1268
1288
3608
1250
1269
1289
1251
1270
1290
1252
1271
1291
1253
1272
1292
1254
1273
1293
1255
1274
1294
1256
1275
1295
1257
1276
1296
1277
1297
1259
1268
1278
3605
1260
1269
1279
1261
1270
1280
1262
1271
1281
1263
1272
1282
1264
1273
1283
1265
1274
1284
1266
1275
1285
1267
1276
1286
1277
1287
1269
3602
1270
1271
1272
1273
1274
1275
1276
1277
1279
1298
3614
1280
1299
1281
1300
1282
1301
1283
1302
1284
1303
1285
1304
1286
1305
1287
1306
1307
1289
1298
3611
1290
1299
1291
1300
1292
1301
1293
1302
1294
1303
1295
1304
1296
1305
1297
1306
1307
1299
3617
1300
1301
1302
1303
1304
1305
1306
1307
1309
1338
1348
3620
1310
1339
1349
1311
1340
1350
1312
1341
1351
1313
1342
1352
1314
1343
1353
1315
1344
1354
1316
1345
1355
1317
1346
1356
1347
1357
1319
1328
1338
3623
1320
1329
1339
1321
1330
1340
1322
1331
1341
1323
1332
1342
1324
1333
1343
1325
1334
1344
1326
1335
1345
1327
1336
1346
1337
1347
1329
1358
3626
1330
1359
1331
1360
1332
1361
1333
1362
1334
1363
1335
1364
1336
1365
1337
1366
1367
1339
3629
1340
1341
1342
1343
1344
1345
1346
1347
1349
1358
3632
1350
1359
1351
1360
1352
1361
1353
1362
1354
1363
1355
1364
1356
1365
1357
1366
1367
1359
3635
1360
1361
1362
1363
1364
1365
1366
1367
1369
1378
1398
3638
1370
1379
1399
1371
1380
1400
1372
1381
1401
1373
1382
1402
1374
1383
1403
1375
1384
1404
1376
1385
1405
1377
1386
1406
1387
1407
1379
1388
3641
1380
1389
1381
1390
1382
1391
1383
1392
1384
1393
1385
1394
1386
1395
1387
1396
1397
1389
1418
3644
1390
1419
1391
1420
1392
1421
1393
1422
1394
1423
1395
1424
1396
1425
1397
1426
1427
1399
1408
3647
1400
1409
1401
1410
1402
1411
1403
1412
1404
1413
1405
1414
1406
1415
1407
1416
1417
1409
1418
3650
1410
1419
1411
1420
1412
1421
1413
1422
1414
1423
1415
1424
1416
1425
1417
1426
1427
1419
3653
1420
1421
1422
1423
1424
1425
1426
1427
1429
1438
1448
3662
1430
1439
1449
1431
1440
1450
1432
1441
1451
1433
1442
1452
1434
1443
1453
1435
1444
1454
1436
1445
1455
1437
1446
1456
1447
1457
1439
1468
3656
1440
1469
1441
1470
1442
1471
1443
1472
1444
1473
1445
1474
1446
1475
1447
1476
1477
1449
1458
3671
1450
1459
1451
1460
1452
1461
1453
1462
1454
1463
1455
1464
1456
1465
1457
1466
1467
1459
1478
3665
1460
1479
1461
1480
1462
1481
1463
1482
1464
1483
1465
1484
1466
1485
1467
1486
1487
1469
1478
3659
1470
1479
1471
1480
1472
1481
1473
1482
1474
1483
1475
1484
1476
1485
1477
1486
1487
1479
3668
1480
1481
1482
1483
1484
1485
1486
1487
1489
1498
1508
3674
1490
1499
1509
1491
1500
1510
1492
1501
1511
1493
1502
1512
1494
1503
1513
1495
1504
1514
1496
1505
1515
1497
1506
1516
1507
1517
1499
1518
3677
1500
1519
1501
1520
1502
1521
1503
1522
1504
1523
1505
1524
1506
1525
1507
1526
1527
1509
1528
3680
1510
1529
1511
1530
1512
1531
1513
1532
1514
1533
1515
1534
1516
1535
1517
1536
1537
1519
1538
3683
1520
1539
1521
1540
1522
1541
1523
1542
1524
1543
1525
1544
1526
1545
1527
1546
1547
1529
1538
3686
1530
1539
1531
1540
1532
1541
1533
1542
1534
1543
1535
1544
1536
1545
1537
1546
1547
1539
3689
1540
1541
1542
1543
1544
1545
1546
1547
1549
1588
1598
3692
1550
1589
1599
1551
1590
1600
1552
1591
1601
1553
1592
1602
1554
1593
1603
1555
1594
1604
1556
1595
1605
1557
1596
1606
1597
1607
1559
1578
1588
3695
1560
1579
1589
1561
1580
1590
1562
1581
1591
1563
1582
1592
1564
1583
1593
1565
1584
1594
1566
1585
1595
1567
1586
1596
1587
1597
1569
1578
1598
3698
1570
1579
1599
1571
1580
1600
1572
1581
1601
1573
1582
1602
1574
1583
1603
1575
1584
1604
1576
1585
1605
1577
1586
1606
1587
1607
1579
3701
1580
1581
1582
1583
1584
1585
1586
1587
1589
3704
1590
1591
1592
1593
1594
1595
1596
1597
1599
3707
1600
1601
1602
1603
1604
1605
1606
1607
1609
1638
1658
3710
1610
1639
1659
1611
1640
1660
1612
1641
1661
1613
1642
1662
1614
1643
1663
1615
1644
1664
1616
1645
1665
1617
1646
1666
1647
1667
1619
1638
1648
3719
1620
1639
1649
1621
1640
1650
1622
1641
1651
1623
1642
1652
1624
1643
1653
1625
1644
1654
1626
1645
1655
1627
1646
1656
1647
1657
1629
1648
1658
3713
1630
1649
1659
1631
1650
1660
1632
1651
1661
1633
1652
1662
1634
1653
1663
1635
1654
1664
1636
1655
1665
1637
1656
1666
1657
1667
1639
3716
1640
1641
1642
1643
1644
1645
1646
1647
1649
3725
1650
1651
1652
1653
1654
1655
1656
1657
1659
3722
1660
1661
1662
1663
1664
1665
1666
1667
1669
1678
1698
3728
1670
1679
1699
1671
1680
1700
1672
1681
1701
1673
1682
1702
1674
1683
1703
1675
1684
1704
1676
1685
1705
1677
1686
1706
1687
1707
1679
1688
3731
1680
1689
1681
1690
1682
1691
1683
1692
1684
1693
1685
1694
1686
1695
1687
1696
1697
1689
1718
3734
1690
1719
1691
1720
1692
1721
1693
1722
1694
1723
1695
1724
1696
1725
1697
1726
1727
1699
1708
3737
1700
1709
1701
1710
1702
1711
1703
1712
1704
1713
1705
1714
1706
1715
1707
1716
1717
1709
1718
3740
1710
1719
1711
1720
1712
1721
1713
1722
1714
1723
1715
1724
1716
1725
1717
1726
1727
1719
3743
1720
1721
1722
1723
1724
1725
1726
1727
1729
1738
1758
3755
1730
1739
1759
1731
1740
1760
1732
1741
1761
1733
1742
1762
1734
1743
1763
1735
1744
1764
1736
1745
1765
1737
1746
1766
1747
1767
1739
1748
3749
1740
1749
1741
1750
1742
1751
1743
1752
1744
1753
1745
1754
1746
1755
1747
1756
1757
1749
1768
3761
1750
1769
1751
1770
1752
1771
1753
1772
1754
1773
1755
1774
1756
1775
1757
1776
1777
1759
1778
3752
1760
1779
1761
1780
1762
1781
1763
1782
1764
1783
1765
1784
1766
1785
1767
1786
1787
1769
1778
3758
1770
1779
1771
1780
1772
1781
1773
1782
1774
1783
1775
1784
1776
1785
1777
1786
1787
1779
3746
1780
1781
1782
1783
1784
1785
1786
1787
1789
1798
1818
3764
1790
1799
1819
1791
1800
1820
1792
1801
1821
1793
1802
1822
1794
1803
1823
1795
1804
1824
1796
1805
1825
1797
1806
1826
1807
1827
1799
1828
3767
1800
1829
1801
1830
1802
1831
1803
1832
1804
1833
1805
1834
1806
1835
1807
1836
1837
1809
1818
1838
3770
1810
1819
1839
1811
1820
1840
1812
1821
1841
1813
1822
1842
1814
1823
1843
1815
1824
1844
1816
1825
1845
1817
1826
1846
1827
1847
1819
3773
1820
1821
1822
1823
1824
1825
1826
1827
1829
1838
3776
1830
1839
1831
1840
1832
1841
1833
1842
1834
1843
1835
1844
1836
1845
1837
1846
1847
1839
3779
1840
1841
1842
1843
1844
1845
1846
1847
1849
1858
1868
3794
1850
1859
1869
1851
1860
1870
1852
1861
1871
1853
1862
1872
1854
1863
1873
1855
1864
1874
1856
1865
1875
1857
1866
1876
1867
1877
1859
1888
3797
1860
1889
1861
1890
1862
1891
1863
1892
1864
1893
1865
1894
1866
1895
1867
1896
1897
1869
1878
3788
1870
1879
1871
1880
1872
1881
1873
1882
1874
1883
1875
1884
1876
1885
1877
1886
1887
1879
1898
3782
1880
1899
1881
1900
1882
1901
1883
1902
1884
1903
1885
1904
1886
1905
1887
1906
1907
1889
1898
3791
1890
1899
1891
1900
1892
1901
1893
1902
1894
1903
1895
1904
1896
1905
1897
1906
1907
1899
3785
1900
1901
1902
1903
1904
1905
1906
1907
1909
1918
1928
3806
1910
1919
1929
1911
1920
1930
1912
1921
1931
1913
1922
1932
1914
1923
1933
1915
1924
1934
1916
1925
1935
1917
1926
1936
1927
1937
1919
1948
3800
1920
1949
1921
1950
1922
1951
1923
1952
1924
1953
1925
1954
1926
1955
1927
1956
1957
1929
1938
3809
1930
1939
1931
1940
1932
1941
1933
1942
1934
1943
1935
1944
1936
1945
1937
1946
1947
1939
1958
3803
1940
1959
1941
1960
1942
1961
1943
1962
1944
1963
1945
1964
1946
1965
1947
1966
1967
1949
1958
3815
1950
1959
1951
1960
1952
1961
1953
1962
1954
1963
1955
1964
1956
1965
1957
1966
1967
1959
3812
1960
1961
1962
1963
1964
1965
1966
1967
1969
1978
1998
3818
1970
1979
1999
1971
1980
2000
1972
1981
2001
1973
1982
2002
1974
1983
2003
1975
1984
2004
1976
1985
2005
1977
1986
2006
1987
2007
1979
1988
3833
1980
1989
1981
1990
1982
1991
1983
1992
1984
1993
1985
1994
1986
1995
1987
1996
1997
1989
2008
3821
1990
2009
1991
2010
1992
2011
1993
2012
1994
2013
1995
2014
1996
2015
1997
2016
2017
1999
2018
3824
2000
2019
2001
2020
2002
2021
2003
2022
2004
2023
2005
2024
2006
2025
2007
2026
2027
2009
2018
3827
2010
2019
2011
2020
2012
2021
2013
2022
2014
2023
2015
2024
2016
2025
2017
2026
2027
2019
3830
2020
2021
2022
2023
2024
2025
2026
2027
2029
2038
2048
3836
2030
2039
2049
2031
2040
2050
2032
2041
2051
2033
2042
2052
2034
2043
2053
2035
2044
2054
2036
2045
2055
2037
2046
2056
2047
2057
2039
2058
3839
2040
2059
2041
2060
2042
2061
2043
2062
2044
2063
2045
2064
2046
2065
2047
2066
2067
2049
2068
3842
2050
2069
2051
2070
2052
2071
2053
2072
2054
2073
2055
2074
2056
2075
2057
2076
2077
2059
2078
3845
2060
2079
2061
2080
2062
2081
2063
2082
2064
2083
2065
2084
2066
2085
2067
2086
2087
2069
2078
3848
2070
2079
2071
2080
2072
2081
2073
2082
2074
2083
2075
2084
2076
2085
2077
2086
2087
2079
3851
2080
2081
2082
2083
2084
2085
2086
2087
2089
2098
2138
3866
2090
2099
2139
2091
2100
2140
2092
2101
2141
2093
2102
2142
2094
2103
2143
2095
2104
2144
2096
2105
2145
2097
2106
2146
2107
2147
2099
2128
3863
2100
2129
2101
2130
2102
2131
2103
2132
2104
2133
2105
2134
2106
2135
2107
2136
2137
2109
2118
2138
3854
2110
2119
2139
2111
2120
2140
2112
2121
2141
2113
2122
2142
2114
2123
2143
2115
2124
2144
2116
2125
2145
2117
2126
2146
2127
2147
2119
2128
3857
2120
2129
2121
2130
2122
2131
2123
2132
2124
2133
2125
2134
2126
2135
2127
2136
2137
2129
3860
2130
2131
2132
2133
2134
2135
2136
2137
2139
3869
2140
2141
2142
2143
2144
2145
2146
2147
2149
2158
2178
3875
2150
2159
2179
2151
2160
2180
2152
2161
2181
2153
2162
2182
2154
2163
2183
2155
2164
2184
2156
2165
2185
2157
2166
2186
2167
2187
2159
2168
3881
2160
2169
2161
2170
2162
2171
2163
2172
2164
2173
2165
2174
2166
2175
2167
2176
2177
2169
2188
3887
2170
2189
2171
2190
2172
2191
2173
2192
2174
2193
2175
2194
2176
2195
2177
2196
2197
2179
2198
3872
2180
2199
2181
2200
2182
2201
2183
2202
2184
2203
2185
2204
2186
2205
2187
2206
2207
2189
2198
3884
2190
2199
2191
2200
2192
2201
2193
2202
2194
2203
2195
2204
2196
2205
2197
2206
2207
2199
3878
2200
2201
2202
2203
2204
2205
2206
2207
2209
2228
2258
3905
2210
2229
2259
2211
2230
2260
2212
2231
2261
2213
2232
2262
2214
2233
2263
2215
2234
2264
2216
2235
2265
2217
2236
2266
2237
2267
2219
2248
2258
3890
2220
2249
2259
2221
2250
2260
2222
2251
2261
2223
2252
2262
2224
2253
2263
2225
2254
2264
2226
2255
2265
2227
2256
2266
2257
2267
2229
2238
3902
2230
2239
2231
2240
2232
2241
2233
2242
2234
2243
2235
2244
2236
2245
2237
2246
2247
2239
2248
3899
2240
2249
2241
2250
2242
2251
2243
2252
2244
2253
2245
2254
2246
2255
2247
2256
2257
2249
3893
2250
2251
2252
2253
2254
2255
2256
2257
2259
3896
2260
2261
2262
2263
2264
2265
2266
2267
2269
2278
2288
3914
2270
2279
2289
2271
2280
2290
2272
2281
2291
2273
2282
2292
2274
2283
2293
2275
2284
2294
2276
2285
2295
2277
2286
2296
2287
2297
2279
2308
3908
2280
2309
2281
2310
2282
2311
2283
2312
2284
2313
2285
2314
2286
2315
2287
2316
2317
2289
2298
3917
2290
2299
2291
2300
2292
2301
2293
2302
2294
2303
2295
2304
2296
2305
2297
2306
2307
2299
2318
3923
2300
2319
2301
2320
2302
2321
2303
2322
2304
2323
2305
2324
2306
2325
2307
2326
2327
2309
2318
3911
2310
2319
2311
2320
2312
2321
2313
2322
2314
2323
2315
2324
2316
2325
2317
2326
2327
2319
3920
2320
2321
2322
2323
2324
2325
2326
2327
2329
2338
2348
3926
2330
2339
2349
2331
2340
2350
2332
2341
2351
2333
2342
2352
2334
2343
2353
2335
2344
2354
2336
2345
2355
2337
2346
2356
2347
2357
2339
2378
3929
2340
2379
2341
2380
2342
2381
2343
2382
2344
2383
2345
2384
2346
2385
2347
2386
2387
2349
2358
3932
2350
2359
2351
2360
2352
2361
2353
2362
2354
2363
2355
2364
2356
2365
2357
2366
2367
2359
2368
3935
2360
2369
2361
2370
2362
2371
2363
2372
2364
2373
2365
2374
2366
2375
2367
2376
2377
2369
2378
3938
2370
2379
2371
2380
2372
2381
2373
2382
2374
2383
2375
2384
2376
2385
2377
2386
2387
2379
3941
2380
2381
2382
2383
2384
2385
2386
2387
2389
2418
2438
3944
2390
2419
2439
2391
2420
2440
2392
2421
2441
2393
2422
2442
2394
2423
2443
2395
2424
2444
2396
2425
2445
2397
2426
2446
2427
2447
2399
2408
2428
3947
2400
2409
2429
2401
2410
2430
2402
2411
2431
2403
2412
2432
2404
2413
2433
2405
2414
2434
2406
2415
2435
2407
2416
2436
2417
2437
2409
2418
3950
2410
2419
2411
2420
2412
2421
2413
2422
2414
2423
2415
2424
2416
2425
2417
2426
2427
2419
3953
2420
2421
2422
2423
2424
2425
2426
2427
2429
2438
3956
2430
2439
2431
2440
2432
2441
2433
2442
2434
2443
2435
2444
2436
2445
2437
2446
2447
2439
3959
2440
2441
2442
2443
2444
2445
2446
2447
2449
2458
2478
3965
2450
2459
2479
2451
2460
2480
2452
2461
2481
2453
2462
2482
2454
2463
2483
2455
2464
2484
2456
2465
2485
2457
2466
2486
2467
2487
2459
2468
3962
2460
2469
2461
2470
2462
2471
2463
2472
2464
2473
2465
2474
2466
2475
2467
2476
2477
2469
2498
3971
2470
2499
2471
2500
2472
2501
2473
2502
2474
2503
2475
2504
2476
2505
2477
2506
2507
2479
2488
3968
2480
2489
2481
2490
2482
2491
2483
2492
2484
2493
2485
2494
2486
2495
2487
2496
2497
2489
2498
3974
2490
2499
2491
2500
2492
2501
2493
2502
2494
2503
2495
2504
2496
2505
2497
2506
2507
2499
3977
2500
2501
2502
2503
2504
2505
2506
2507
2509
2518
2528
3986
2510
2519
2529
2511
2520
2530
2512
2521
2531
2513
2522
2532
2514
2523
2533
2515
2524
2534
2516
2525
2535
2517
2526
2536
2527
2537
2519
2558
3980
2520
2559
2521
2560
2522
2561
2523
2562
2524
2563
2525
2564
2526
2565
2527
2566
2567
2529
2538
3995
2530
2539
2531
2540
2532
2541
2533
2542
2534
2543
2535
2544
2536
2545
2537
2546
2547
2539
2548
3989
2540
2549
2541
2550
2542
2551
2543
2552
2544
2553
2545
2554
2546
2555
2547
2556
2557
2549
2558
3983
2550
2559
2551
2560
2552
2561
2553
2562
2554
2563
2555
2564
2556
2565
2557
2566
2567
2559
3992
2560
2561
2562
2563
2564
2565
2566
2567
2569
2578
2588
4013
2570
2579
2589
2571
2580
2590
2572
2581
2591
2573
2582
2592
2574
2583
2593
2575
2584
2594
2576
2585
2595
2577
2586
2596
2587
2597
2579
2598
4010
2580
2599
2581
2600
2582
2601
2583
2602
2584
2603
2585
2604
2586
2605
2587
2606
2607
2589
2608
4004
2590
2609
2591
2610
2592
2611
2593
2612
2594
2613
2595
2614
2596
2615
2597
2616
2617
2599
2618
4007
2600
2619
2601
2620
2602
2621
2603
2622
2604
2623
2605
2624
2606
2625
2607
2626
2627
2609
2618
3998
2610
2619
2611
2620
2612
2621
2613
2622
2614
2623
2615
2624
2616
2625
2617
2626
2627
2619
4001
2620
2621
2622
2623
2624
2625
2626
2627
2629
2648
2658
4016
2630
2649
2659
2631
2650
2660
2632
2651
2661
2633
2652
2662
2634
2653
2663
2635
2654
2664
2636
2655
2665
2637
2656
2666
2657
2667
2639
2658
2668
4022
2640
2659
2669
2641
2660
2670
2642
2661
2671
2643
2662
2672
2644
2663
2673
2645
2664
2674
2646
2665
2675
2647
2666
2676
2667
2677
2649
2678
4025
2650
2679
2651
2680
2652
2681
2653
2682
2654
2683
2655
2684
2656
2685
2657
2686
2687
2659
4019
2660
2661
2662
2663
2664
2665
2666
2667
2669
2678
4028
2670
2679
2671
2680
2672
2681
2673
2682
2674
2683
2675
2684
2676
2685
2677
2686
2687
2679
4031
2680
2681
2682
2683
2684
2685
2686
2687
2689
2698
2718
4034
2690
2699
2719
2691
2700
2720
2692
2701
2721
2693
2702
2722
2694
2703
2723
2695
2704
2724
2696
2705
2725
2697
2706
2726
2707
2727
2699
2708
4037
2700
2709
2701
2710
2702
2711
2703
2712
2704
2713
2705
2714
2706
2715
2707
2716
2717
2709
2728
4040
2710
2729
2711
2730
2712
2731
2713
2732
2714
2733
2715
2734
2716
2735
2717
2736
2737
2719
2738
4043
2720
2739
2721
2740
2722
2741
2723
2742
2724
2743
2725
2744
2726
2745
2727
2746
2747
2729
2738
4046
2730
2739
2731
2740
2732
2741
2733
2742
2734
2743
2735
2744
2736
2745
2737
2746
2747
2739
4049
2740
2741
2742
2743
2744
2745
2746
2747
2749
2758
2768
4052
2750
2759
2769
2751
2760
2770
2752
2761
2771
2753
2762
2772
2754
2763
2773
2755
2764
2774
2756
2765
2775
2757
2766
2776
2767
2777
2759
2778
4058
2760
2779
2761
2780
2762
2781
2763
2782
2764
2783
2765
2784
2766
2785
2767
2786
2787
2769
2788
4055
2770
2789
2771
2790
2772
2791
2773
2792
2774
2793
2775
2794
2776
2795
2777
2796
2797
2779
2798
4064
2780
2799
2781
2800
2782
2801
2783
2802
2784
2803
2785
2804
2786
2805
2787
2806
2807
2789
2798
4061
2790
2799
2791
2800
2792
2801
2793
2802
2794
2803
2795
2804
2796
2805
2797
2806
2807
2799
4067
2800
2801
2802
2803
2804
2805
2806
2807
2809
2818
2838
4070
2810
2819
2839
2811
2820
2840
2812
2821
2841
2813
2822
2842
2814
2823
2843
2815
2824
2844
2816
2825
2845
2817
2826
2846
2827
2847
2819
2828
4073
2820
2829
2821
2830
2822
2831
2823
2832
2824
2833
2825
2834
2826
2835
2827
2836
2837
2829
2848
4076
2830
2849
2831
2850
2832
2851
2833
2852
2834
2853
2835
2854
2836
2855
2837
2856
2857
2839
2858
4079
2840
2859
2841
2860
2842
2861
2843
2862
2844
2863
2845
2864
2846
2865
2847
2866
2867
2849
2858
4082
2850
2859
2851
2860
2852
2861
2853
2862
2854
2863
2855
2864
2856
2865
2857
2866
2867
2859
4085
2860
2861
2862
2863
2864
2865
2866
2867
2869
2898
2908
4088
2870
2899
2909
2871
2900
2910
2872
2901
2911
2873
2902
2912
2874
2903
2913
2875
2904
2914
2876
2905
2915
2877
2906
2916
2907
2917
2879
2908
2918
4091
2880
2909
2919
2881
2910
2920
2882
2911
2921
2883
2912
2922
2884
2913
2923
2885
2914
2924
2886
2915
2925
2887
2916
2926
2917
2927
2889
2898
2918
4094
2890
2899
2919
2891
2900
2920
2892
2901
2921
2893
2902
2922
2894
2903
2923
2895
2904
2924
2896
2905
2925
2897
2906
2926
2907
2927
2899
4097
2900
2901
2902
2903
2904
2905
2906
2907
2909
4100
2910
2911
2912
2913
2914
2915
2916
2917
2919
4103
2920
2921
2922
2923
2924
2925
2926
2927
2929
2938
2948
4112
2930
2939
2949
2931
2940
2950
2932
2941
2951
2933
2942
2952
2934
2943
2953
2935
2944
2954
2936
2945
2955
2937
2946
2956
2947
2957
2939
2968
4115
2940
2969
2941
2970
2942
2971
2943
2972
2944
2973
2945
2974
2946
2975
2947
2976
2977
2949
2978
4121
2950
2979
2951
2980
2952
2981
2953
2982
2954
2983
2955
2984
2956
2985
2957
2986
2987
2959
2968
2978
4106
2960
2969
2979
2961
2970
2980
2962
2971
2981
2963
2972
2982
2964
2973
2983
2965
2974
2984
2966
2975
2985
2967
2976
2986
2977
2987
2969
4118
2970
2971
2972
2973
2974
2975
2976
2977
2979
4109
2980
2981
2982
2983
2984
2985
2986
2987
2989
2998
3008
4139
2990
2999
3009
2991
3000
3010
2992
3001
3011
2993
3002
3012
2994
3003
3013
2995
3004
3014
2996
3005
3015
2997
3006
3016
3007
3017
2999
3018
4124
3000
3019
3001
3020
3002
3021
3003
3022
3004
3023
3005
3024
3006
3025
3007
3026
3027
3009
3028
4136
3010
3029
3011
3030
3012
3031
3013
3032
3014
3033
3015
3034
3016
3035
3017
3036
3037
3019
3038
4127
3020
3039
3021
3040
3022
3041
3023
3042
3024
3043
3025
3044
3026
3045
3027
3046
3047
3029
3038
4130
3030
3039
3031
3040
3032
3041
3033
3042
3034
3043
3035
3044
3036
3045
3037
3046
3047
3039
4133
3040
3041
3042
3043
3044
3045
3046
3047
3049
3058
3068
4142
3050
3059
3069
3051
3060
3070
3052
3061
3071
3053
3062
3072
3054
3063
3073
3055
3064
3074
3056
3065
3075
3057
3066
3076
3067
3077
3059
3088
4145
3060
3089
3061
3090
3062
3091
3063
3092
3064
3093
3065
3094
3066
3095
3067
3096
3097
3069
3078
4148
3070
3079
3071
3080
3072
3081
3073
3082
3074
3083
3075
3084
3076
3085
3077
3086
3087
3079
3098
4151
3080
3099
3081
3100
3082
3101
3083
3102
3084
3103
3085
3104
3086
3105
3087
3106
3107
3089
3098
4154
3090
3099
3091
3100
3092
3101
3093
3102
3094
3103
3095
3104
3096
3105
3097
3106
3107
3099
4157
3100
3101
3102
3103
3104
3105
3106
3107
3109
3118
3138
4160
3110
3119
3139
3111
3120
3140
3112
3121
3141
3113
3122
3142
3114
3123
3143
3115
3124
3144
3116
3125
3145
3117
3126
3146
3127
3147
3119
3148
4163
3120
3149
3121
3150
3122
3151
3123
3152
3124
3153
3125
3154
3126
3155
3127
3156
3157
3129
3148
3158
4166
3130
3149
3159
3131
3150
3160
3132
3151
3161
3133
3152
3162
3134
3153
3163
3135
3154
3164
3136
3155
3165
3137
3156
3166
3157
3167
3139
3158
4169
3140
3159
3141
3160
3142
3161
3143
3162
3144
3163
3145
3164
3146
3165
3147
3166
3167
3149
4172
3150
3151
3152
3153
3154
3155
3156
3157
3159
4175
3160
3161
3162
3163
3164
3165
3166
3167
3169
3178
3198
4178
3170
3179
3199
3171
3180
3200
3172
3181
3201
3173
3182
3202
3174
3183
3203
3175
3184
3204
3176
3185
3205
3177
3186
3206
3187
3207
3179
3208
4181
3180
3209
3181
3210
3182
3211
3183
3212
3184
3213
3185
3214
3186
3215
3187
3216
3217
3189
3208
3218
4184
3190
3209
3219
3191
3210
3220
3192
3211
3221
3193
3212
3222
3194
3213
3223
3195
3214
3224
3196
3215
3225
3197
3216
3226
3217
3227
3199
3218
4187
3200
3219
3201
3220
3202
3221
3203
3222
3204
3223
3205
3224
3206
3225
3207
3226
3227
3209
4190
3210
3211
3212
3213
3214
3215
3216
3217
3219
4193
3220
3221
3222
3223
3224
3225
3226
3227
3229
3258
3268
4196
3230
3259
3269
3231
3260
3270
3232
3261
3271
3233
3262
3272
3234
3263
3273
3235
3264
3274
3236
3265
3275
3237
3266
3276
3267
3277
3239
3268
3278
4199
3240
3269
3279
3241
3270
3280
3242
3271
3281
3243
3272
3282
3244
3273
3283
3245
3274
3284
3246
3275
3285
3247
3276
3286
3277
3287
3249
3258
3278
4202
3250
3259
3279
3251
3260
3280
3252
3261
3281
3253
3262
3282
3254
3263
3283
3255
3264
3284
3256
3265
3285
3257
3266
3286
3267
3287
3259
4205
3260
3261
3262
3263
3264
3265
3266
3267
3269
4208
3270
3271
3272
3273
3274
3275
3276
3277
3279
4211
3280
3281
3282
3283
3284
3285
3286
3287
3289
3298
3318
4226
3290
3299
3319
3291
3300
3320
3292
3301
3321
3293
3302
3322
3294
3303
3323
3295
3304
3324
3296
3305
3325
3297
3306
3326
3307
3327
3299
3308
4220
3300
3309
3301
3310
3302
3311
3303
3312
3304
3313
3305
3314
3306
3315
3307
3316
3317
3309
3338
4217
3310
3339
3311
3340
3312
3341
3313
3342
3314
3343
3315
3344
3316
3345
3317
3346
3347
3319
3328
4223
3320
3329
3321
3330
3322
3331
3323
3332
3324
3333
3325
3334
3326
3335
3327
3336
3337
3329
3338
4214
3330
3339
3331
3340
3332
3341
3333
3342
3334
3343
3335
3344
3336
3345
3337
3346
3347
3339
4229
3340
3341
3342
3343
3344
3345
3346
3347
3349
3358
3368
4247
3350
3359
3369
3351
3360
3370
3352
3361
3371
3353
3362
3372
3354
3363
3373
3355
3364
3374
3356
3365
3375
3357
3366
3376
3367
3377
3359
3388
4235
3360
3389
3361
3390
3362
3391
3363
3392
3364
3393
3365
3394
3366
3395
3367
3396
3397
3369
3398
4244
3370
3399
3371
3400
3372
3401
3373
3402
3374
3403
3375
3404
3376
3405
3377
3406
3407
3379
3388
3398
4232
3380
3389
3399
3381
3390
3400
3382
3391
3401
3383
3392
3402
3384
3393
3403
3385
3394
3404
3386
3395
3405
3387
3396
3406
3397
3407
3389
4238
3390
3391
3392
3393
3394
3395
3396
3397
3399
4241
3400
3401
3402
3403
3404
3405
3406
3407
3409
3418
3428
4253
3410
3419
3429
3411
3420
3430
3412
3421
3431
3413
3422
3432
3414
3423
3433
3415
3424
3434
3416
3425
3435
3417
3426
3436
3427
3437
3419
3438
4262
3420
3439
3421
3440
3422
3441
3423
3442
3424
3443
3425
3444
3426
3445
3427
3446
3447
3429
3448
4259
3430
3449
3431
3450
3432
3451
3433
3452
3434
3453
3435
3454
3436
3455
3437
3456
3457
3439
3458
4265
3440
3459
3441
3460
3442
3461
3443
3462
3444
3463
3445
3464
3446
3465
3447
3466
3467
3449
3458
4256
3450
3459
3451
3460
3452
3461
3453
3462
3454
3463
3455
3464
3456
3465
3457
3466
3467
3459
4250
3460
3461
3462
3463
3464
3465
3466
3467
3469
3478
3498
4274
3470
3479
3499
3471
3480
3500
3472
3481
3501
3473
3482
3502
3474
3483
3503
3475
3484
3504
3476
3485
3505
3477
3486
3506
3487
3507
3479
3488
4271
3480
3489
3481
3490
3482
3491
3483
3492
3484
3493
3485
3494
3486
3495
3487
3496
3497
3489
3518
4268
3490
3519
3491
3520
3492
3521
3493
3522
3494
3523
3495
3524
3496
3525
3497
3526
3527
3499
3508
4283
3500
3509
3501
3510
3502
3511
3503
3512
3504
3513
3505
3514
3506
3515
3507
3516
3517
3509
3518
4277
3510
3519
3511
3520
3512
3521
3513
3522
3514
3523
3515
3524
3516
3525
3517
3526
3527
3519
4280
3520
3521
3522
3523
3524
3525
3526
3527
3529
3531
3534
4286
3530
3532
3535
3533
3536
3532
3543
4289
3533
3544
3545
3535
3537
4292
3536
3538
3539
3538
3540
4295
3539
3541
3542
3541
3543
4298
3542
3544
3545
3544
4301
3545
3547
3552
3561
4304
3548
3553
3562
3554
3563
3550
3552
3558
4310
3551
3553
3559
3554
3560
3553
4313
3554
3556
3558
3561
4316
3557
3559
3562
3560
3563
3559
4307
3560
3562
4319
3563
3565
3570
3579
4322
3566
3571
3580
3572
3581
3568
3570
3576
4337
3569
3571
3577
3572
3578
3571
4334
3572
3574
3576
3579
4331
3575
3577
3580
3578
3581
3577
4328
3578
3580
4325
3581
3583
3585
3588
4340
3584
3586
3589
3587
3590
3586
3591
4343
3587
3592
3593
3589
3597
4349
3590
3598
3599
3592
3594
4352
3593
3595
3596
3595
3597
4346
3596
3598
3599
3598
4355
3599
3601
3603
3606
4373
3602
3604
3607
3605
3608
3604
3612
4364
3605
3613
3614
3607
3609
4358
3608
3610
3611
3610
3615
4361
3611
3616
3617
3613
3615
4367
3614
3616
3617
3616
4370
3617
3619
3627
3630
4376
3620
3628
3631
3629
3632
3622
3624
3627
4379
3623
3625
3628
3626
3629
3625
3633
4382
3626
3634
3635
3628
4385
3629
3631
3633
4388
3632
3634
3635
3634
4391
3635
3637
3639
3645
4394
3638
3640
3646
3641
3647
3640
3642
4397
3641
3643
3644
3643
3651
4400
3644
3652
3653
3646
3648
4403
3647
3649
3650
3649
3651
4406
3650
3652
3653
3652
4409
3653
3655
3657
3660
4415
3656
3658
3661
3659
3662
3658
3666
4424
3659
3667
3668
3661
3669
4418
3662
3670
3671
3664
3666
3669
4412
3665
3667
3670
3668
3671
3667
4427
3668
3670
4421
3671
3673
3675
3678
4430
3674
3676
3679
3677
3680
3676
3681
4433
3677
3682
3683
3679
3684
4436
3680
3685
3686
3682
3687
4439
3683
3688
3689
3685
3687
4442
3686
3688
3689
3688
4445
3689
3691
3702
3705
4460
3692
3703
3706
3704
3707
3694
3699
3702
4454
3695
3700
3703
3701
3704
3697
3699
3705
4448
3698
3700
3706
3701
3707
3700
4451
3701
3703
4463
3704
3706
4457
3707
3709
3714
3720
4466
3710
3715
3721
3716
3722
3712
3720
3723
4469
3713
3721
3724
3722
3725
3715
3717
4475
3716
3718
3719
3718
3723
4472
3719
3724
3725
3721
4478
3722
3724
4481
3725
3727
3729
3735
4484
3728
3730
3736
3731
3737
3730
3732
4487
3731
3733
3734
3733
3741
4490
3734
3742
3743
3736
3738
4493
3737
3739
3740
3739
3741
4496
3740
3742
3743
3742
4499
3743
3745
3750
3756
4502
3746
3751
3757
3752
3758
3748
3753
3759
4505
3749
3754
3760
3755
3761
3751
3753
4508
3752
3754
3755
3754
4511
3755
3757
3759
4514
3758
3760
3761
3760
4517
3761
3763
3765
3771
4520
3764
3766
3772
3767
3773
3766
3774
4529
3767
3775
3776
3769
3771
3777
4532
3770
3772
3778
3773
3779
3772
4535
3773
3775
3777
4523
3776
3778
3779
3778
4526
3779
3781
3783
3786
4553
3782
3784
3787
3785
3788
3784
3789
4547
3785
3790
3791
3787
3792
4550
3788
3793
3794
3790
3795
4541
3791
3796
3797
3793
3795
4544
3794
3796
3797
3796
4538
3797
3799
3804
3813
4556
3800
3805
3814
3806
3815
3802
3807
3810
4568
3803
3808
3811
3809
3812
3805
3807
4559
3806
3808
3809
3808
4565
3809
3811
3813
4571
3812
3814
3815
3814
4562
3815
3817
3822
3831
4574
3818
3823
3832
3824
3833
3820
3825
3831
4577
3821
3826
3832
3827
3833
3823
3828
4580
3824
3829
3830
3826
3828
4583
3827
3829
3830
3829
4586
3830
3832
4589
3833
3835
3837
3840
4604
3836
3838
3841
3839
3842
3838
3843
4607
3839
3844
3845
3841
3846
4601
3842
3847
3848
3844
3849
4592
3845
3850
3851
3847
3849
4595
3848
3850
3851
3850
4598
3851
3853
3855
3867
4610
3854
3856
3868
3857
3869
3856
3858
4613
3857
3859
3860
3859
3861
4616
3860
3862
3863
3862
3864
4619
3863
3865
3866
3865
3867
4622
3866
3868
3869
3868
4625
3869
3871
3873
3876
4637
3872
3874
3877
3875
3878
3874
3879
4628
3875
3880
3881
3877
3882
4643
3878
3883
3884
3880
3885
4631
3881
3886
3887
3883
3885
4640
3884
3886
3887
3886
4634
3887
3889
3891
3894
4646
3890
3892
3895
3893
3896
3892
3897
4649
3893
3898
3899
3895
3903
4655
3896
3904
3905
3898
3900
4658
3899
3901
3902
3901
3903
4661
3902
3904
3905
3904
4652
3905
3907
3909
3912
4664
3908
3910
3913
3911
3914
3910
3918
4667
3911
3919
3920
3913
3915
4670
3914
3916
3917
3916
3921
4673
3917
3922
3923
3919
3921
4676
3920
3922
3923
3922
4679
3923
3925
3927
3930
4682
3926
3928
3931
3929
3932
3928
3939
4685
3929
3940
3941
3931
3933
4688
3932
3934
3935
3934
3936
4691
3935
3937
3938
3937
3939
4694
3938
3940
3941
3940
4697
3941
3943
3951
3957
4700
3944
3952
3958
3953
3959
3946
3948
3954
4706
3947
3949
3955
3950
3956
3949
3951
4715
3950
3952
3953
3952
4703
3953
3955
3957
4712
3956
3958
3959
3958
4709
3959
3961
3963
3969
4718
3962
3964
3970
3965
3971
3964
3966
4721
3965
3967
3968
3967
3972
4724
3968
3973
3974
3970
3975
4727
3971
3976
3977
3973
3975
4730
3974
3976
3977
3976
4733
3977
3979
3984
3990
4736
3980
3985
3991
3986
3992
3982
3987
3990
4739
3983
3988
3991
3989
3992
3985
3993
4742
3986
3994
3995
3988
3993
4745
3989
3994
3995
3991
4748
3992
3994
4751
3995
3997
3999
4002
4754
3998
4000
4003
4001
4004
4000
4005
4757
4001
4006
4007
4003
4011
4760
4004
4012
4013
4006
4008
4763
4007
4009
4010
4009
4011
4766
4010
4012
4013
4012
4769
4013
4015
4017
4023
4772
4016
4018
4024
4019
4025
4018
4020
4781
4019
4021
4022
4021
4026
4775
4022
4027
4028
4024
4029
4778
4025
4030
4031
4027
4029
4784
4028
4030
4031
4030
4787
4031
4033
4035
4041
4802
4034
4036
4042
4037
4043
4036
4038
4805
4037
4039
4040
4039
4044
4799
4040
4045
4046
4042
4047
4790
4043
4048
4049
4045
4047
4793
4046
4048
4049
4048
4796
4049
4051
4053
4056
4817
4052
4054
4057
4055
4058
4054
4059
4820
4055
4060
4061
4057
4062
4811
4058
4063
4064
4060
4065
4814
4061
4066
4067
4063
4065
4823
4064
4066
4067
4066
4808
4067
4069
4071
4077
4826
4070
4072
4078
4073
4079
4072
4074
4829
4073
4075
4076
4075
4080
4832
4076
4081
4082
4078
4083
4835
4079
4084
4085
4081
4083
4838
4082
4084
4085
4084
4841
4085
4087
4095
4098
4844
4088
4096
4099
4097
4100
4090
4098
4101
4847
4091
4099
4102
4100
4103
4093
4095
4101
4850
4094
4096
4102
4097
4103
4096
4853
4097
4099
4856
4100
4102
4859
4103
4105
4107
4116
4871
4106
4108
4117
4109
4118
4108
4119
4877
4109
4120
4121
4111
4113
4119
4862
4112
4114
4120
4115
4121
4114
4116
4865
4115
4117
4118
4117
4874
4118
4120
4868
4121
4123
4125
4137
4880
4124
4126
4138
4127
4139
4126
4131
4883
4127
4132
4133
4129
4131
4134
4886
4130
4132
4135
4133
4136
4132
4889
4133
4135
4137
4892
4136
4138
4139
4138
4895
4139
4141
4143
4146
4898
4142
4144
4147
4145
4148
4144
4152
4901
4145
4153
4154
4147
4149
4904
4148
4150
4151
4150
4155
4907
4151
4156
4157
4153
4155
4910
4154
4156
4157
4156
4913
4157
4159
4161
4167
4916
4160
4162
4168
4163
4169
4162
4170
4919
4163
4171
4172
4165
4170
4173
4922
4166
4171
4174
4172
4175
4168
4173
4925
4169
4174
4175
4171
4928
4172
4174
4931
4175
4177
4179
4185
4937
4178
4180
4186
4181
4187
4180
4188
4946
4181
4189
4190
4183
4188
4191
4943
4184
4189
4192
4190
4193
4186
4191
4940
4187
4192
4193
4189
4934
4190
4192
4949
4193
4195
4203
4206
4952
4196
4204
4207
4205
4208
4198
4206
4209
4955
4199
4207
4210
4208
4211
4201
4203
4209
4958
4202
4204
4210
4205
4211
4204
4961
4205
4207
4964
4208
4210
4967
4211
4213
4221
4227
4985
4214
4222
4228
4223
4229
4216
4218
4227
4973
4217
4219
4228
4220
4229
4219
4224
4976
4220
4225
4226
4222
4224
4979
4223
4225
4226
4225
4970
4226
4228
4982
4229
4231
4236
4239
4997
4232
4237
4240
4238
4241
4234
4236
4245
4991
4235
4237
4246
4238
4247
4237
5000
4238
4240
4242
5003
4241
4243
4244
4243
4245
4994
4244
4246
4247
4246
4988
4247
4249
4254
4263
5006
4250
4255
4264
4256
4265
4252
4257
4260
5009
4253
4258
4261
4259
4262
4255
4257
5012
4256
4258
4259
4258
5015
4259
4261
4263
5018
4262
4264
4265
4264
5021
4265
4267
4269
4278
5030
4268
4270
4279
4271
4280
4270
4272
5027
4271
4273
4274
4273
4281
5024
4274
4282
4283
4276
4278
4281
5036
4277
4279
4282
4280
4283
4279
5039
4280
4282
5033
4283
4285
4287
4290
5042
4286
4288
4291
4289
4292
4288
4299
5045
4289
4300
4301
4291
4293
5048
4292
4294
4295
4294
4296
5051
4295
4297
4298
4297
4299
5054
4298
4300
4301
4300
5057
4301
4303
4311
4317
5060
4304
4312
4318
4313
4319
4306
4308
4314
5072
4307
4309
4315
4310
4316
4309
4311
5063
4310
4312
4313
4312
5066
4313
4315
4317
5069
4316
4318
4319
4318
5075
4319
4321
4323
4332
5078
4322
4324
4333
4325
4334
4324
4329
5081
4325
4330
4331
4327
4329
4335
5087
4328
4330
4336
4331
4337
4330
5084
4331
4333
4335
5090
4334
4336
4337
4336
5093
4337
4339
4341
4347
5096
4340
4342
4348
4343
4349
4342
4350
5099
4343
4351
4352
4345
4350
4353
5108
4346
4351
4354
4352
4355
4348
4353
5102
4349
4354
4355
4351
5105
4352
4354
5111
4355
4357
4359
4371
5114
4358
4360
4372
4361
4373
4360
4368
5117
4361
4369
4370
4363
4365
4371
5120
4364
4366
4372
4367
4373
4366
4368
5123
4367
4369
4370
4369
5126
4370
4372
5129
4373
4375
4383
4386
5132
4376
4384
4387
4385
4388
4378
4380
4383
5135
4379
4381
4384
4382
4385
4381
4389
5138
4382
4390
4391
4384
5141
4385
4387
4389
5144
4388
4390
4391
4390
5147
4391
4393
4395
4401
5150
4394
4396
4402
4397
4403
4396
4398
5153
4397
4399
4400
4399
4407
5156
4400
4408
4409
4402
4404
5159
4403
4405
4406
4405
4407
5162
4406
4408
4409
4408
5165
4409
4411
4419
4425
5177
4412
4420
4426
4421
4427
4414
4416
4422
5168
4415
4417
4423
4418
4424
4417
4419
5174
4418
4420
4421
4420
5183
4421
4423
4425
5171
4424
4426
4427
4426
5180
4427
4429
4431
4434
5186
4430
4432
4435
4433
4436
4432
4437
5189
4433
4438
4439
4435
4440
5192
4436
4441
4442
4438
4443
5195
4439
4444
4445
4441
4443
5198
4442
4444
4445
4444
5201
4445
4447
4449
4455
5204
4448
4450
4456
4451
4457
4450
4452
5207
4451
4453
4454
4453
4461
5210
4454
4462
4463
4456
4458
5213
4457
4459
4460
4459
4461
5216
4460
4462
4463
4462
5219
4463
4465
4473
4476
5222
4466
4474
4477
4475
4478
4468
4476
4479
5225
4469
4477
4480
4478
4481
4471
4473
4479
5231
4472
4474
4480
4475
4481
4474
5228
4475
4477
5234
4478
4480
5237
4481
4483
4485
4491
5243
4484
4486
4492
4487
4493
4486
4488
5240
4487
4489
4490
4489
4497
5246
4490
4498
4499
4492
4494
5252
4493
4495
4496
4495
4497
5255
4496
4498
4499
4498
5249
4499
4501
4506
4512
5258
4502
4507
4513
4508
4514
4504
4509
4515
5261
4505
4510
4516
4511
4517
4507
4509
5264
4508
4510
4511
4510
5267
4511
4513
4515
5270
4514
4516
4517
4516
5273
4517
4519
4527
4533
5285
4520
4528
4534
4529
4535
4522
4524
4527
5276
4523
4525
4528
4526
4529
4525
4530
5279
4526
4531
4532
4528
5282
4529
4531
4533
5288
4532
4534
4535
4534
5291
4535
4537
4539
4542
5294
4538
4540
4543
4541
4544
4540
4545
5297
4541
4546
4547
4543
4548
5300
4544
4549
4550
4546
4551
5303
4547
4552
4553
4549
4551
5306
4550
4552
4553
4552
5309
4553
4555
4557
4560
5315
4556
4558
4561
4559
4562
4558
4563
5312
4559
4564
4565
4561
4569
5324
4562
4570
4571
4564
4566
5318
4565
4567
4568
4567
4569
5321
4568
4570
4571
4570
5327
4571
4573
4578
4587
5330
4574
4579
4588
4580
4589
4576
4581
4587
5336
4577
4582
4588
4583
4589
4579
4584
5339
4580
4585
4586
4582
4584
5342
4583
4585
4586
4585
5345
4586
4588
5333
4589
4591
4596
4605
5348
4592
4597
4606
4598
4607
4594
4596
4599
5351
4595
4597
4600
4598
4601
4597
5357
4598
4600
4602
5354
4601
4603
4604
4603
4605
5360
4604
4606
4607
4606
5363
4607
4609
4611
4623
5366
4610
4612
4624
4613
4625
4612
4614
5369
4613
4615
4616
4615
4617
5372
4616
4618
4619
4618
4620
5375
4619
4621
4622
4621
4623
5378
4622
4624
4625
4624
5381
4625
4627
4629
4635
5384
4628
4630
4636
4631
4637
4630
4632
5387
4631
4633
4634
4633
4638
5390
4634
4639
4640
4636
4641
5393
4637
4642
4643
4639
4641
5396
4640
4642
4643
4642
5399
4643
4645
4647
4653
5405
4646
4648
4654
4649
4655
4648
4656
5414
4649
4657
4658
4651
4653
4659
5402
4652
4654
4660
4655
4661
4654
5417
4655
4657
4659
5411
4658
4660
4661
4660
5408
4661
4663
4665
4668
5423
4664
4666
4669
4667
4670
4666
4674
5432
4667
4675
4676
4669
4671
5420
4670
4672
4673
4672
4677
5426
4673
4678
4679
4675
4677
5435
4676
4678
4679
4678
5429
4679
4681
4683
4686
5438
4682
4684
4687
4685
4688
4684
4695
5441
4685
4696
4697
4687
4689
5444
4688
4690
4691
4690
4692
5447
4691
4693
4694
4693
4695
5450
4694
4696
4697
4696
5453
4697
4699
4701
4707
5456
4700
4702
4708
4703
4709
4702
4713
5462
4703
4714
4715
4705
4710
4713
5471
4706
4711
4714
4712
4715
4708
4710
5459
4709
4711
4712
4711
5468
4712
4714
5465
4715
4717
4719
4725
5477
4718
4720
4726
4721
4727
4720
4722
5474
4721
4723
4724
4723
4728
5483
4724
4729
4730
4726
4731
5480
4727
4732
4733
4729
4731
5486
4730
4732
4733
4732
5489
4733
4735
4740
4746
5495
4736
4741
4747
4742
4748
4738
4743
4746
5504
4739
4744
4747
4745
4748
4741
4749
5492
4742
4750
4751
4744
4749
5501
4745
4750
4751
4747
5507
4748
4750
5498
4751
4753
4755
4758
5510
4754
4756
4759
4757
4760
4756
4761
5513
4757
4762
4763
4759
4767
5516
4760
4768
4769
4762
4764
5519
4763
4765
4766
4765
4767
5522
4766
4768
4769
4768
5525
4769
4771
4776
4779
5528
4772
4777
4780
4778
4781
4774
4779
4782
5531
4775
4780
4783
4781
4784
4777
4785
5534
4778
4786
4787
4780
5537
4781
4783
4785
5540
4784
4786
4787
4786
5543
4787
4789
4794
4800
5558
4790
4795
4801
4796
4802
4792
4794
4797
5546
4793
4795
4798
4796
4799
4795
5549
4796
4798
4803
5552
4799
4804
4805
4801
4803
5555
4802
4804
4805
4804
5561
4805
4807
4812
4821
5564
4808
4813
4822
4814
4823
4810
4815
4821
5567
4811
4816
4822
4817
4823
4813
4818
5570
4814
4819
4820
4816
4818
5573
4817
4819
4820
4819
5576
4820
4822
5579
4823
4825
4827
4833
5582
4826
4828
4834
4829
4835
4828
4830
5585
4829
4831
4832
4831
4836
5588
4832
4837
4838
4834
4839
5591
4835
4840
4841
4837
4839
5594
4838
4840
4841
4840
5597
4841
4843
4851
4854
5600
4844
4852
4855
4853
4856
4846
4854
4857
5603
4847
4855
4858
4856
4859
4849
4851
4857
5606
4850
4852
4858
4853
4859
4852
5609
4853
4855
5612
4856
4858
5615
4859
4861
4863
4866
5618
4862
4864
4867
4865
4868
4864
4872
5621
4865
4873
4874
4867
4875
5624
4868
4876
4877
4870
4872
4875
5627
4871
4873
4876
4874
4877
4873
5630
4874
4876
5633
4877
4879
4881
4893
5639
4880
4882
4894
4883
4895
4882
4887
5645
4883
4888
4889
4885
4887
4890
5648
4886
4888
4891
4889
4892
4888
5651
4889
4891
4893
5642
4892
4894
4895
4894
5636
4895
4897
4899
4902
5654
4898
4900
4903
4901
4904
4900
4908
5657
4901
4909
4910
4903
4905
5660
4904
4906
4907
4906
4911
5663
4907
4912
4913
4909
4911
5666
4910
4912
4913
4912
5669
4913
4915
4917
4923
5672
4916
4918
4924
4919
4925
4918
4926
5675
4919
4927
4928
4921
4926
4929
5678
4922
4927
4930
4928
4931
4924
4929
5681
4925
4930
4931
4927
5684
4928
4930
5687
4931
4933
4941
4944
5702
4934
4942
4945
4943
4946
4936
4938
4944
5690
4937
4939
4945
4940
4946
4939
4947
5699
4940
4948
4949
4942
4947
5696
4943
4948
4949
4945
5693
4946
4948
5705
4949
4951
4959
4962
5714
4952
4960
4963
4961
4964
4954
4962
4965
5711
4955
4963
4966
4964
4967
4957
4959
4965
5717
4958
4960
4966
4961
4967
4960
5720
4961
4963
5723
4964
4966
5708
4967
4969
4974
4977
5726
4970
4975
4978
4976
4979
4972
4974
4980
5729
4973
4975
4981
4976
4982
4975
5732
4976
4978
4983
5735
4979
4984
4985
4981
4983
5738
4982
4984
4985
4984
5741
4985
4987
4989
4992
5759
4988
4990
4993
4991
4994
4990
4998
5750
4991
4999
5000
4993
5001
5756
4994
5002
5003
4996
4998
5001
5744
4997
4999
5002
5000
5003
4999
5747
5000
5002
5753
5003
5005
5010
5019
5777
5006
5011
5020
5012
5021
5008
5013
5016
5762
5009
5014
5017
5015
5018
5011
5013
5774
5012
5014
5015
5014
5768
5015
5017
5019
5765
5018
5020
5021
5020
5771
5021
5023
5025
5031
5786
5024
5026
5032
5027
5033
5026
5028
5783
5027
5029
5030
5029
5037
5789
5030
5038
5039
5032
5034
5792
5033
5035
5036
5035
5037
5780
5036
5038
5039
5038
5795
5039
5041
5043
5046
5042
5044
5047
5045
5048
5044
5055
5045
5056
5057
5047
5049
5048
5050
5051
5050
5052
5051
5053
5054
5053
5055
5054
5056
5057
5056
5057
5059
5064
5073
5060
5065
5074
5066
5075
5062
5064
5070
5063
5065
5071
5066
5072
5065
5066
5068
5070
5073
5069
5071
5074
5072
5075
5071
5072
5074
5075
5077
5079
5088
5078
5080
5089
5081
5090
5080
5082
5081
5083
5084
5083
5085
5084
5086
5087
5086
5091
5087
5092
5093
5089
5091
5090
5092
5093
5092
5093
5095
5097
5100
5096
5098
5101
5099
5102
5098
5103
5099
5104
5105
5101
5109
5102
5110
5111
5104
5106
5105
5107
5108
5107
5109
5108
5110
5111
5110
5111
5113
5115
5127
5114
5116
5128
5117
5129
5116
5124
5117
5125
5126
5119
5121
5127
5120
5122
5128
5123
5129
5122
5124
5123
5125
5126
5125
5126
5128
5129
5131
5139
5142
5132
5140
5143
5141
5144
5134
5136
5139
5135
5137
5140
5138
5141
5137
5145
5138
5146
5147
5140
5141
5143
5145
5144
5146
5147
5146
5147
5149
5151
5157
5150
5152
5158
5153
5159
5152
5154
5153
5155
5156
5155
5163
5156
5164
5165
5158
5160
5159
5161
5162
5161
5163
5162
5164
5165
5164
5165
5167
5169
5172
5168
5170
5173
5171
5174
5170
5178
5171
5179
5180
5173
5181
5174
5182
5183
5176
5178
5181
5177
5179
5182
5180
5183
5179
5180
5182
5183
5185
5187
5190
5186
5188
5191
5189
5192
5188
5193
5189
5194
5195
5191
5196
5192
5197
5198
5194
5199
5195
5200
5201
5197
5199
5198
5200
5201
5200
5201
5203
5205
5211
5204
5206
5212
5207
5213
5206
5208
5207
5209
5210
5209
5217
5210
5218
5219
5212
5214
5213
5215
5216
5215
5217
5216
5218
5219
5218
5219
5221
5226
5232
5222
5227
5233
5228
5234
5224
5232
5235
5225
5233
5236
5234
5237
5227
5229
5228
5230
5231
5230
5235
5231
5236
5237
5233
5234
5236
5237
5239
5241
5244
5240
5242
5245
5243
5246
5242
5250
5243
5251
5252
5245
5247
5246
5248
5249
5248
5253
5249
5254
5255
5251
5253
5252
5254
5255
5254
5255
5257
5262
5268
5258
5263
5269
5264
5270
5260
5265
5271
5261
5266
5272
5267
5273
5263
5265
5264
5266
5267
5266
5267
5269
5271
5270
5272
5273
5272
5273
5275
5277
5280
5276
5278
5281
5279
5282
5278
5286
5279
5287
5288
5281
5283
5282
5284
5285
5284
5289
5285
5290
5291
5287
5289
5288
5290
5291
5290
5291
5293
5295
5298
5294
5296
5299
5297
5300
5296
5301
5297
5302
5303
5299
5304
5300
5305
5306
5302
5307
5303
5308
5309
5305
5307
5306
5308
5309
5308
5309
5311
5313
5316
5312
5314
5317
5315
5318
5314
5322
5315
5323
5324
5317
5319
5318
5320
5321
5320
5325
5321
5326
5327
5323
5325
5324
5326
5327
5326
5327
5329
5331
5337
5330
5332
5338
5333
5339
5332
5334
5333
5335
5336
5335
5340
5336
5341
5342
5338
5343
5339
5344
5345
5341
5343
5342
5344
5345
5344
5345
5347
5355
5361
5348
5356
5362
5357
5363
5350
5352
5355
5351
5353
5356
5354
5357
5353
5358
5354
5359
5360
5356
5357
5359
5361
5360
5362
5363
5362
5363
5365
5367
5379
5366
5368
5380
5369
5381
5368
5370
5369
5371
5372
5371
5373
5372
5374
5375
5374
5376
5375
5377
5378
5377
5379
5378
5380
5381
5380
5381
5383
5385
5391
5384
5386
5392
5387
5393
5386
5388
5387
5389
5390
5389
5394
5390
5395
5396
5392
5397
5393
5398
5399
5395
5397
5396
5398
5399
5398
5399
5401
5406
5415
5402
5407
5416
5408
5417
5404
5412
5415
5405
5413
5416
5414
5417
5407
5409
5408
5410
5411
5410
5412
5411
5413
5414
5413
5414
5416
5417
5419
5421
5424
5420
5422
5425
5423
5426
5422
5430
5423
5431
5432
5425
5427
5426
5428
5429
5428
5433
5429
5434
5435
5431
5433
5432
5434
5435
5434
5435
5437
5439
5442
5438
5440
5443
5441
5444
5440
5451
5441
5452
5453
5443
5445
5444
5446
5447
5446
5448
5447
5449
5450
5449
5451
5450
5452
5453
5452
5453
5455
5457
5460
5456
5458
5461
5459
5462
5458
5466
5459
5467
5468
5461
5463
5462
5464
5465
5464
5469
5465
5470
5471
5467
5469
5468
5470
5471
5470
5471
5473
5475
5481
5474
5476
5482
5477
5483
5476
5478
5477
5479
5480
5479
5487
5480
5488
5489
5482
5484
5483
5485
5486
5485
5487
5486
5488
5489
5488
5489
5491
5493
5496
5492
5494
5497
5495
5498
5494
5505
5495
5506
5507
5497
5499
5498
5500
5501
5500
5502
5501
5503
5504
5503
5505
5504
5506
5507
5506
5507
5509
5511
5514
5510
5512
5515
5513
5516
5512
5517
5513
5518
5519
5515
5523
5516
5524
5525
5518
5520
5519
5521
5522
5521
5523
5522
5524
5525
5524
5525
5527
5532
5535
5528
5533
5536
5534
5537
5530
5535
5538
5531
5536
5539
5537
5540
5533
5541
5534
5542
5543
5536
5537
5539
5541
5540
5542
5543
5542
5543
5545
5547
5550
5546
5548
5551
5549
5552
5548
5556
5549
5557
5558
5551
5559
5552
5560
5561
5554
5556
5559
5555
5557
5560
5558
5561
5557
5558
5560
5561
5563
5568
5577
5564
5569
5578
5570
5579
5566
5571
5577
5567
5572
5578
5573
5579
5569
5574
5570
5575
5576
5572
5574
5573
5575
5576
5575
5576
5578
5579
5581
5583
5589
5582
5584
5590
5585
5591
5584
5586
5585
5587
5588
5587
5592
5588
5593
5594
5590
5595
5591
5596
5597
5593
5595
5594
5596
5597
5596
5597
5599
5607
5610
5600
5608
5611
5609
5612
5602
5610
5613
5603
5611
5614
5612
5615
5605
5607
5613
5606
5608
5614
5609
5615
5608
5609
5611
5612
5614
5615
5617
5619
5622
5618
5620
5623
5621
5624
5620
5628
5621
5629
5630
5623
5631
5624
5632
5633
5626
5628
5631
5627
5629
5632
5630
5633
5629
5630
5632
5633
5635
5637
5640
5636
5638
5641
5639
5642
5638
5643
5639
5644
5645
5641
5646
5642
5647
5648
5644
5649
5645
5650
5651
5647
5649
5648
5650
5651
5650
5651
5653
5655
5658
5654
5656
5659
5657
5660
5656
5664
5657
5665
5666
5659
5661
5660
5662
5663
5662
5667
5663
5668
5669
5665
5667
5666
5668
5669
5668
5669
5671
5673
5679
5672
5674
5680
5675
5681
5674
5682
5675
5683
5684
5677
5682
5685
5678
5683
5686
5684
5687
5680
5685
5681
5686
5687
5683
5684
5686
5687
5689
5691
5697
5690
5692
5698
5693
5699
5692
5700
5693
5701
5702
5695
5700
5703
5696
5701
5704
5702
5705
5698
5703
5699
5704
5705
5701
5702
5704
5705
5707
5709
5715
5708
5710
5716
5711
5717
5710
5721
5711
5722
5723
5713
5718
5721
5714
5719
5722
5720
5723
5716
5718
5717
5719
5720
5719
5720
5722
5723
5725
5730
5733
5726
5731
5734
5732
5735
5728
5730
5736
5729
5731
5737
5732
5738
5731
5732
5734
5739
5735
5740
5741
5737
5739
5738
5740
5741
5740
5741
5743
5745
5751
5744
5746
5752
5747
5753
5746
5748
5747
5749
5750
5749
5757
5750
5758
5759
5752
5754
5753
5755
5756
5755
5757
5756
5758
5759
5758
5759
5761
5763
5766
5762
5764
5767
5765
5768
5764
5769
5765
5770
5771
5767
5772
5768
5773
5774
5770
5775
5771
5776
5777
5773
5775
5774
5776
5777
5776
5777
5779
5790
5793
5780
5791
5794
5792
5795
5782
5784
5787
5783
5785
5788
5786
5789
5785
5790
5786
5791
5792
5788
5793
5789
5794
5795
5791
5792
5794
5795
)


// ************************************************************************* //
