/*--------------------------------*- C++ -*----------------------------------*\
| =========                 |                                                 |
| \\      /  F ield         | OpenFOAM: The Open Source CFD Toolbox           |
|  \\    /   O peration     | Version:  2412                                  |
|   \\  /    A nd           | Website:  www.openfoam.com                      |
|    \\/     M anipulation  |                                                 |
\*---------------------------------------------------------------------------*/
FoamFile
{
    version     2.0;
    format      ascii;
    arch        "LSB;label=32;scalar=64";
    class       volScalarField;
    location    "100/neutroRegion";
    object      prec2;
}
// * * * * * * * * * * * * * * * * * * * * * * * * * * * * * * * * * * * * * //

dimensions      [0 -3 0 0 0 0 0];

internalField   nonuniform List<scalar> 
5831
(
-5.838145e-306
-7.463691e-306
-9.493858e-306
-5.838143e-306
-7.463689e-306
-9.493857e-306
-5.838145e-306
-7.463692e-306
-9.493859e-306
-5.838145e-306
-7.463691e-306
-9.493859e-306
-5.838144e-306
-7.46369e-306
-9.493858e-306
-5.838143e-306
-7.463689e-306
-9.493856e-306
2.923803e-306
3.649457e-306
4.525521e-306
2.923802e-306
3.649457e-306
4.525521e-306
2.91125e-306
3.662268e-306
4.576665e-306
2.929846e-306
3.667863e-306
4.560831e-306
2.929846e-306
3.667863e-306
4.56083e-306
2.916377e-306
3.638205e-306
4.509596e-306
2.91125e-306
3.662268e-306
4.576665e-306
2.929846e-306
3.667863e-306
4.560831e-306
2.923803e-306
3.649457e-306
4.525521e-306
2.929846e-306
3.667863e-306
4.560831e-306
2.923803e-306
3.649457e-306
4.525522e-306
2.916377e-306
3.638206e-306
4.509597e-306
2.911249e-306
3.662267e-306
4.576664e-306
2.929845e-306
3.667862e-306
4.56083e-306
2.923802e-306
3.649457e-306
4.525521e-306
2.916377e-306
3.638205e-306
4.509596e-306
2.923802e-306
3.649456e-306
4.52552e-306
2.929845e-306
3.667863e-306
4.56083e-306
2.923801e-306
3.649456e-306
4.525519e-306
2.929845e-306
3.667862e-306
4.560829e-306
2.929845e-306
3.667861e-306
4.560829e-306
2.911248e-306
3.662266e-306
4.576663e-306
2.916375e-306
3.638204e-306
4.509594e-306
2.923801e-306
3.649455e-306
4.525519e-306
2.923801e-306
3.649455e-306
4.525519e-306
2.929845e-306
3.667862e-306
4.560829e-306
2.923801e-306
3.649455e-306
4.525519e-306
2.916375e-306
3.638204e-306
4.509594e-306
2.911248e-306
3.662266e-306
4.576663e-306
2.929844e-306
3.667861e-306
4.560829e-306
2.911249e-306
3.662267e-306
4.576664e-306
2.929845e-306
3.667862e-306
4.560829e-306
2.916376e-306
3.638205e-306
4.509596e-306
2.929845e-306
3.667862e-306
4.56083e-306
2.923801e-306
3.649456e-306
4.52552e-306
2.923802e-306
3.649456e-306
4.52552e-306
2.850237e-306
3.559684e-306
4.420582e-306
2.787929e-306
3.493816e-306
4.362245e-306
2.762736e-306
3.47614e-306
4.378298e-306
2.879632e-306
3.593428e-306
4.456858e-306
2.787929e-306
3.493817e-306
4.362245e-306
2.850237e-306
3.559684e-306
4.420582e-306
2.762736e-306
3.476141e-306
4.378299e-306
2.850237e-306
3.559684e-306
4.420583e-306
2.850237e-306
3.559684e-306
4.420582e-306
2.787929e-306
3.493817e-306
4.362245e-306
2.787929e-306
3.493817e-306
4.362245e-306
2.879632e-306
3.593428e-306
4.456858e-306
2.879632e-306
3.593428e-306
4.456857e-306
2.850236e-306
3.559683e-306
4.420581e-306
2.850237e-306
3.559684e-306
4.420582e-306
2.787929e-306
3.493816e-306
4.362244e-306
2.787929e-306
3.493817e-306
4.362245e-306
2.762735e-306
3.47614e-306
4.378297e-306
2.787928e-306
3.493815e-306
4.362243e-306
2.787928e-306
3.493814e-306
4.362242e-306
2.850235e-306
3.559682e-306
4.420579e-306
2.850235e-306
3.559681e-306
4.420579e-306
2.87963e-306
3.593425e-306
4.456855e-306
2.762734e-306
3.476137e-306
4.378294e-306
2.850235e-306
3.559682e-306
4.420579e-306
2.87963e-306
3.593425e-306
4.456855e-306
2.787927e-306
3.493814e-306
4.362242e-306
2.850235e-306
3.559681e-306
4.420579e-306
2.787927e-306
3.493814e-306
4.362242e-306
2.762734e-306
3.476137e-306
4.378295e-306
2.879631e-306
3.593427e-306
4.456856e-306
2.850236e-306
3.559683e-306
4.420581e-306
2.762735e-306
3.476139e-306
4.378296e-306
2.850236e-306
3.559682e-306
4.42058e-306
2.787928e-306
3.493815e-306
4.362243e-306
2.787928e-306
3.493815e-306
4.362243e-306
2.860448e-306
3.568116e-306
4.42375e-306
2.806738e-306
3.50253e-306
4.344917e-306
2.902841e-306
3.619814e-306
4.485302e-306
2.860448e-306
3.568116e-306
4.42375e-306
2.806738e-306
3.50253e-306
4.344917e-306
2.90284e-306
3.619814e-306
4.485301e-306
2.860449e-306
3.568118e-306
4.423752e-306
2.902841e-306
3.619815e-306
4.485303e-306
2.902841e-306
3.619815e-306
4.485303e-306
2.860449e-306
3.568118e-306
4.423752e-306
2.80674e-306
3.502532e-306
4.344919e-306
2.80674e-306
3.502532e-306
4.344919e-306
2.902841e-306
3.619815e-306
4.485302e-306
2.902841e-306
3.619814e-306
4.485302e-306
2.860449e-306
3.568117e-306
4.423751e-306
2.860449e-306
3.568117e-306
4.423751e-306
2.80674e-306
3.502532e-306
4.344919e-306
2.806739e-306
3.502532e-306
4.344919e-306
2.860447e-306
3.568116e-306
4.423749e-306
2.806738e-306
3.50253e-306
4.344917e-306
2.806738e-306
3.50253e-306
4.344916e-306
2.90284e-306
3.619813e-306
4.485301e-306
2.860448e-306
3.568116e-306
4.42375e-306
2.90284e-306
3.619814e-306
4.485301e-306
2.902839e-306
3.619812e-306
4.4853e-306
2.860447e-306
3.568115e-306
4.423748e-306
2.806737e-306
3.502529e-306
4.344915e-306
2.860447e-306
3.568115e-306
4.423748e-306
2.902839e-306
3.619812e-306
4.4853e-306
2.806737e-306
3.502529e-306
4.344915e-306
2.90284e-306
3.619813e-306
4.4853e-306
2.860447e-306
3.568116e-306
4.423749e-306
2.90284e-306
3.619813e-306
4.4853e-306
2.806738e-306
3.502529e-306
4.344916e-306
2.860446e-306
3.568115e-306
4.423748e-306
2.806738e-306
3.502529e-306
4.344916e-306
2.683834e-306
3.403493e-306
4.391311e-306
2.478402e-306
3.152787e-306
4.097084e-306
2.409917e-306
3.068763e-306
3.997472e-306
2.616325e-306
3.321323e-306
4.29525e-306
2.616325e-306
3.321323e-306
4.29525e-306
2.478401e-306
3.152786e-306
4.097084e-306
2.683834e-306
3.403494e-306
4.391312e-306
2.616326e-306
3.321325e-306
4.295252e-306
2.478402e-306
3.152788e-306
4.097086e-306
2.478403e-306
3.152788e-306
4.097086e-306
2.616326e-306
3.321324e-306
4.295251e-306
2.409918e-306
3.068764e-306
3.997474e-306
2.478401e-306
3.152786e-306
4.097084e-306
2.616325e-306
3.321323e-306
4.295249e-306
2.409917e-306
3.068762e-306
3.997472e-306
2.478401e-306
3.152786e-306
4.097084e-306
2.683833e-306
3.403493e-306
4.391311e-306
2.616325e-306
3.321323e-306
4.29525e-306
2.683832e-306
3.403491e-306
4.391308e-306
2.409916e-306
3.06876e-306
2.4784e-306
3.152784e-306
2.616324e-306
3.321321e-306
4.295247e-306
2.616323e-306
3.321321e-306
4.295246e-306
2.4784e-306
3.152784e-306
4.09708e-306
2.4784e-306
3.152784e-306
4.097081e-306
2.4784e-306
3.152784e-306
2.409915e-306
3.06876e-306
2.616323e-306
3.32132e-306
4.295246e-306
2.683832e-306
3.403491e-306
4.391308e-306
2.616323e-306
3.321321e-306
4.295248e-306
2.478401e-306
3.152785e-306
4.097083e-306
2.409916e-306
3.068761e-306
3.99747e-306
2.4784e-306
3.152785e-306
4.097083e-306
2.616324e-306
3.321322e-306
4.295248e-306
2.683832e-306
3.403492e-306
4.391309e-306
2.616324e-306
3.321322e-306
4.295248e-306
2.639931e-306
3.299947e-306
4.103068e-306
2.630253e-306
3.314514e-306
4.187143e-306
2.725127e-306
3.41723e-306
4.271151e-306
2.731486e-306
3.414533e-306
4.246006e-306
2.519909e-306
3.165306e-306
3.967865e-306
2.526522e-306
3.1624e-306
3.940756e-306
2.51991e-306
3.165308e-306
3.967867e-306
2.526524e-306
3.162401e-306
3.940758e-306
2.630254e-306
3.314515e-306
4.187145e-306
2.639932e-306
3.299949e-306
4.10307e-306
2.725128e-306
3.417231e-306
4.271153e-306
2.731487e-306
3.414534e-306
4.246008e-306
2.639932e-306
3.299949e-306
4.10307e-306
2.731487e-306
3.414534e-306
4.246008e-306
2.526524e-306
3.162401e-306
3.940758e-306
2.630253e-306
3.314515e-306
4.187144e-306
2.725128e-306
3.41723e-306
4.271152e-306
2.51991e-306
3.165307e-306
3.967866e-306
2.731486e-306
3.414532e-306
4.246005e-306
2.63993e-306
3.299947e-306
4.103067e-306
2.725126e-306
3.417228e-306
4.271149e-306
2.526522e-306
3.162399e-306
3.940755e-306
2.630252e-306
3.314513e-306
4.187141e-306
2.519908e-306
3.165305e-306
3.967863e-306
2.526521e-306
3.162398e-306
2.519908e-306
3.165304e-306
2.630251e-306
3.314512e-306
4.18714e-306
2.639929e-306
3.299945e-306
4.103065e-306
2.731485e-306
3.414531e-306
4.246004e-306
2.725125e-306
3.417227e-306
4.271148e-306
2.526522e-306
3.1624e-306
3.940756e-306
2.731486e-306
3.414532e-306
4.246005e-306
2.725126e-306
3.417229e-306
4.27115e-306
2.63993e-306
3.299946e-306
4.103067e-306
2.519909e-306
3.165306e-306
3.967864e-306
2.630252e-306
3.314513e-306
4.187142e-306
2.526522e-306
3.1624e-306
3.940756e-306
2.731486e-306
3.414532e-306
4.246006e-306
2.725127e-306
3.417229e-306
4.27115e-306
2.63993e-306
3.299947e-306
4.103067e-306
2.630252e-306
3.314513e-306
4.187142e-306
2.519909e-306
3.165306e-306
3.967864e-306
2.630254e-306
3.314515e-306
4.187144e-306
2.51991e-306
3.165307e-306
3.967866e-306
2.725128e-306
3.417231e-306
4.271153e-306
2.731487e-306
3.414534e-306
4.246008e-306
2.526524e-306
3.162401e-306
3.940758e-306
2.639932e-306
3.299949e-306
4.10307e-306
2.526524e-306
3.162402e-306
3.940759e-306
2.639932e-306
3.299949e-306
4.10307e-306
2.731487e-306
3.414534e-306
4.246008e-306
2.519911e-306
3.165308e-306
3.967868e-306
2.630254e-306
3.314516e-306
4.187145e-306
2.725128e-306
3.417231e-306
4.271153e-306
2.526522e-306
3.1624e-306
3.940756e-306
2.630253e-306
3.314514e-306
4.187143e-306
2.519909e-306
3.165306e-306
3.967864e-306
2.725127e-306
3.417229e-306
4.271151e-306
2.63993e-306
3.299947e-306
4.103067e-306
2.731486e-306
3.414532e-306
4.246006e-306
2.526521e-306
3.162398e-306
2.731485e-306
3.414531e-306
4.246004e-306
2.725126e-306
3.417228e-306
4.271148e-306
2.630251e-306
3.314512e-306
4.18714e-306
2.639929e-306
3.299945e-306
4.103065e-306
2.519908e-306
3.165304e-306
2.526522e-306
3.162399e-306
3.940756e-306
2.519908e-306
3.165305e-306
3.967864e-306
2.63993e-306
3.299946e-306
4.103067e-306
2.630251e-306
3.314513e-306
4.187141e-306
2.731485e-306
3.414532e-306
4.246005e-306
2.725126e-306
3.417228e-306
4.27115e-306
1.809074e-306
2.262091e-306
2.810296e-306
1.901991e-306
2.382657e-306
2.970603e-306
2.215597e-306
2.803331e-306
3.572255e-306
2.103117e-306
2.648047e-306
3.333794e-306
2.103117e-306
2.648047e-306
3.333794e-306
1.901991e-306
2.382657e-306
2.970602e-306
2.103119e-306
2.64805e-306
3.333797e-306
1.901993e-306
2.38266e-306
2.970606e-306
2.215599e-306
2.803333e-306
3.572257e-306
1.901993e-306
2.38266e-306
2.970606e-306
1.809077e-306
2.262094e-306
2.8103e-306
2.103119e-306
2.648049e-306
3.333796e-306
1.809075e-306
2.262092e-306
2.810297e-306
1.901991e-306
2.382657e-306
2.970602e-306
2.103117e-306
2.648047e-306
3.333793e-306
1.901991e-306
2.382657e-306
2.970603e-306
2.103117e-306
2.648046e-306
3.333793e-306
2.215596e-306
2.80333e-306
3.572254e-306
1.901991e-306
2.382656e-306
2.215596e-306
2.803329e-306
1.809074e-306
2.262091e-306
2.103116e-306
2.648045e-306
2.103116e-306
2.648045e-306
1.90199e-306
2.382656e-306
2.215596e-306
2.803329e-306
1.901991e-306
2.382656e-306
2.103116e-306
2.648045e-306
2.103116e-306
2.648045e-306
1.90199e-306
2.382656e-306
1.809074e-306
2.262091e-306
1.809075e-306
2.262092e-306
2.810296e-306
1.901991e-306
2.382656e-306
2.970602e-306
2.103116e-306
2.648046e-306
3.333792e-306
1.901991e-306
2.382657e-306
2.970602e-306
2.103116e-306
2.648046e-306
3.333792e-306
2.215596e-306
2.803329e-306
3.572253e-306
2.351808e-306
2.97214e-306
3.77758e-306
2.168897e-306
2.730104e-306
3.435691e-306
2.377604e-306
2.989611e-306
3.75559e-306
2.02836e-306
2.541505e-306
3.172807e-306
2.236297e-306
2.801577e-306
3.497946e-306
2.062488e-306
2.580579e-306
3.215892e-306
2.168899e-306
2.730106e-306
3.435694e-306
2.028361e-306
2.541508e-306
3.172809e-306
2.351809e-306
2.972141e-306
3.777581e-306
2.236298e-306
2.801579e-306
3.497948e-306
2.062489e-306
2.580581e-306
3.215895e-306
2.377604e-306
2.989612e-306
3.755592e-306
2.236298e-306
2.801578e-306
3.497947e-306
2.02836e-306
2.541506e-306
3.172807e-306
2.351808e-306
2.97214e-306
3.77758e-306
2.377604e-306
2.989612e-306
3.755591e-306
2.062489e-306
2.58058e-306
3.215893e-306
2.168897e-306
2.730104e-306
3.435691e-306
2.351807e-306
2.972138e-306
2.168896e-306
2.730103e-306
2.377603e-306
2.98961e-306
3.755588e-306
2.028359e-306
2.541504e-306
2.236296e-306
2.801576e-306
3.497944e-306
2.062487e-306
2.580578e-306
2.351807e-306
2.972138e-306
2.377602e-306
2.989609e-306
2.168896e-306
2.730103e-306
2.236296e-306
2.801576e-306
2.028359e-306
2.541505e-306
2.062487e-306
2.580578e-306
2.351808e-306
2.972139e-306
3.777579e-306
2.377603e-306
2.989611e-306
3.755589e-306
2.02836e-306
2.541505e-306
3.172806e-306
2.168896e-306
2.730103e-306
3.43569e-306
2.236297e-306
2.801577e-306
3.497945e-306
2.062488e-306
2.580579e-306
3.215892e-306
2.397581e-306
2.997963e-306
3.731525e-306
2.092666e-306
2.613668e-306
3.251387e-306
2.397581e-306
2.997963e-306
3.731525e-306
2.248483e-306
2.811492e-306
3.501024e-306
2.248483e-306
2.811492e-306
3.501024e-306
2.092666e-306
2.613667e-306
3.251387e-306
2.092668e-306
2.61367e-306
3.25139e-306
2.092668e-306
2.61367e-306
3.25139e-306
2.248485e-306
2.811493e-306
3.501026e-306
2.248484e-306
2.811493e-306
3.501026e-306
2.397582e-306
2.997965e-306
3.731527e-306
2.397582e-306
2.997965e-306
3.731528e-306
2.248485e-306
2.811494e-306
3.501027e-306
2.092669e-306
2.613671e-306
3.251391e-306
2.397583e-306
2.997965e-306
3.731528e-306
2.397583e-306
2.997966e-306
3.731529e-306
2.092669e-306
2.613671e-306
3.251391e-306
2.248486e-306
2.811495e-306
3.501028e-306
2.397581e-306
2.997963e-306
3.731525e-306
2.248483e-306
2.811492e-306
3.501025e-306
2.397581e-306
2.997963e-306
3.731525e-306
2.092666e-306
2.613668e-306
3.251387e-306
2.092666e-306
2.613668e-306
3.251387e-306
2.248483e-306
2.811491e-306
3.501024e-306
2.092666e-306
2.613667e-306
2.248482e-306
2.81149e-306
2.39758e-306
2.997962e-306
2.092666e-306
2.613667e-306
2.39758e-306
2.997962e-306
2.248483e-306
2.811491e-306
2.397581e-306
2.997963e-306
3.731525e-306
2.092667e-306
2.613668e-306
3.251388e-306
2.248483e-306
2.811491e-306
3.501024e-306
2.092666e-306
2.613668e-306
3.251387e-306
2.397581e-306
2.997963e-306
3.731525e-306
2.248483e-306
2.811492e-306
3.501024e-306
2.028359e-306
2.541505e-306
3.172806e-306
2.168896e-306
2.730103e-306
3.43569e-306
2.351808e-306
2.972139e-306
3.777578e-306
2.062488e-306
2.580579e-306
3.215891e-306
2.377603e-306
2.989611e-306
3.75559e-306
2.236296e-306
2.801576e-306
3.497945e-306
2.062489e-306
2.58058e-306
3.215893e-306
2.377604e-306
2.989612e-306
3.755591e-306
2.351808e-306
2.97214e-306
3.77758e-306
2.236297e-306
2.801577e-306
3.497946e-306
2.02836e-306
2.541506e-306
3.172807e-306
2.168897e-306
2.730104e-306
3.435691e-306
2.35181e-306
2.972142e-306
3.777583e-306
2.377606e-306
2.989614e-306
3.755593e-306
2.168899e-306
2.730107e-306
3.435694e-306
2.236299e-306
2.80158e-306
3.49795e-306
2.028362e-306
2.541509e-306
3.172811e-306
2.062491e-306
2.580583e-306
3.215897e-306
2.02836e-306
2.541505e-306
3.172806e-306
2.236297e-306
2.801577e-306
3.497946e-306
2.062488e-306
2.580579e-306
3.215892e-306
2.168897e-306
2.730104e-306
3.43569e-306
2.351808e-306
2.972139e-306
3.777579e-306
2.377603e-306
2.989611e-306
3.75559e-306
2.351807e-306
2.972138e-306
2.377603e-306
2.98961e-306
2.168896e-306
2.730103e-306
2.028359e-306
2.541505e-306
2.236296e-306
2.801576e-306
2.062488e-306
2.580579e-306
2.062488e-306
2.580578e-306
3.215891e-306
2.236296e-306
2.801576e-306
3.497944e-306
2.377603e-306
2.98961e-306
3.755588e-306
2.028359e-306
2.541504e-306
3.172803e-306
2.168896e-306
2.730102e-306
2.351807e-306
2.972138e-306
3.777577e-306
1.216796e-306
1.522169e-306
1.878633e-306
1.502243e-306
1.873627e-306
2.3121e-306
1.502243e-306
1.873627e-306
2.3121e-306
1.308852e-306
1.636887e-306
2.025051e-306
1.308852e-306
1.636887e-306
2.025051e-306
1.608366e-306
2.006296e-306
2.479306e-306
1.216798e-306
1.522172e-306
1.878636e-306
1.308855e-306
1.636891e-306
2.025056e-306
1.308855e-306
1.636891e-306
2.025056e-306
1.60837e-306
2.006301e-306
2.479312e-306
1.502246e-306
1.873632e-306
2.312105e-306
1.502246e-306
1.873632e-306
2.312106e-306
1.308854e-306
1.636889e-306
2.025053e-306
1.608368e-306
2.006298e-306
2.479308e-306
1.502244e-306
1.873629e-306
2.312102e-306
1.502244e-306
1.873629e-306
2.312102e-306
1.308853e-306
1.636889e-306
2.025053e-306
1.216796e-306
1.522169e-306
1.878633e-306
1.608367e-306
2.006297e-306
1.502243e-306
1.873628e-306
1.502243e-306
1.873628e-306
1.308853e-306
1.636888e-306
1.308853e-306
1.636888e-306
1.216796e-306
1.52217e-306
1.502244e-306
1.873629e-306
1.608367e-306
2.006297e-306
1.308853e-306
1.636889e-306
1.502244e-306
1.873629e-306
1.216796e-306
1.522169e-306
1.308853e-306
1.636889e-306
1.308854e-306
1.636889e-306
2.025053e-306
1.502244e-306
1.873629e-306
2.312102e-306
1.608367e-306
2.006298e-306
2.479308e-306
1.308854e-306
1.636889e-306
2.025053e-306
1.216796e-306
1.522169e-306
1.878633e-306
1.502244e-306
1.873629e-306
2.312102e-306
1.579065e-306
1.969907e-306
2.433404e-306
1.446915e-306
1.807328e-306
2.2343e-306
1.685979e-306
2.103167e-306
2.604642e-306
1.492762e-306
1.862002e-306
2.298518e-306
1.776774e-306
2.219789e-306
2.75407e-306
1.835257e-306
2.293207e-306
2.848449e-306
1.835259e-306
2.293209e-306
2.848452e-306
1.685981e-306
2.10317e-306
2.604646e-306
1.446918e-306
1.807332e-306
2.234305e-306
1.492765e-306
1.862006e-306
2.298522e-306
1.776776e-306
2.219792e-306
2.754074e-306
1.579067e-306
1.969911e-306
2.433409e-306
1.776775e-306
2.21979e-306
2.754071e-306
1.579066e-306
1.969909e-306
2.433406e-306
1.835258e-306
2.293208e-306
2.84845e-306
1.446917e-306
1.80733e-306
2.234303e-306
1.492764e-306
1.862005e-306
2.298521e-306
1.68598e-306
2.103169e-306
2.604644e-306
1.835257e-306
2.293206e-306
1.579065e-306
1.969907e-306
1.685979e-306
2.103167e-306
1.492763e-306
1.862002e-306
1.446915e-306
1.807328e-306
1.776774e-306
2.219789e-306
1.835257e-306
2.293206e-306
1.492763e-306
1.862003e-306
1.776774e-306
2.219788e-306
1.446916e-306
1.807329e-306
1.579065e-306
1.969908e-306
1.685979e-306
2.103167e-306
1.492764e-306
1.862004e-306
2.29852e-306
1.579066e-306
1.969908e-306
2.433406e-306
1.446916e-306
1.80733e-306
2.234302e-306
1.776774e-306
2.219789e-306
2.75407e-306
1.835257e-306
2.293207e-306
2.848449e-306
1.68598e-306
2.103168e-306
2.604643e-306
1.747872e-306
2.179478e-306
2.704685e-306
1.563039e-306
1.947721e-306
2.409975e-306
1.549778e-306
1.931422e-306
2.388368e-306
1.920116e-306
2.396407e-306
2.978428e-306
1.717727e-306
2.142219e-306
2.655368e-306
1.905073e-306
2.378731e-306
2.956724e-306
1.717729e-306
2.142221e-306
2.655371e-306
1.905075e-306
2.378733e-306
2.956726e-306
1.920118e-306
2.396409e-306
2.978431e-306
1.747873e-306
2.17948e-306
2.704688e-306
1.563041e-306
1.947724e-306
2.409978e-306
1.54978e-306
1.931425e-306
2.388372e-306
1.563042e-306
1.947724e-306
2.409979e-306
1.54978e-306
1.931425e-306
2.388371e-306
1.717729e-306
2.142221e-306
2.65537e-306
1.747874e-306
2.179481e-306
2.704689e-306
1.905074e-306
2.378733e-306
2.956726e-306
1.920118e-306
2.39641e-306
2.978432e-306
1.549778e-306
1.931422e-306
1.717727e-306
2.142218e-306
1.747872e-306
2.179478e-306
2.704685e-306
1.563039e-306
1.947721e-306
1.905072e-306
2.37873e-306
1.920116e-306
2.396406e-306
2.978427e-306
1.905073e-306
2.378731e-306
1.920116e-306
2.396407e-306
1.747872e-306
2.179478e-306
1.717727e-306
2.142219e-306
1.549778e-306
1.931423e-306
1.56304e-306
1.947722e-306
1.905073e-306
2.378732e-306
2.956724e-306
1.920117e-306
2.396408e-306
2.978429e-306
1.747873e-306
2.179479e-306
2.704687e-306
1.717728e-306
2.14222e-306
2.655369e-306
1.563041e-306
1.947723e-306
2.409977e-306
1.549779e-306
1.931424e-306
2.38837e-306
1.563039e-306
1.947721e-306
2.409975e-306
1.905073e-306
2.378731e-306
2.956723e-306
1.747871e-306
2.179477e-306
2.704685e-306
1.717727e-306
2.142218e-306
2.655368e-306
1.549777e-306
1.931422e-306
2.388368e-306
1.920116e-306
2.396407e-306
2.978428e-306
1.905074e-306
2.378732e-306
2.956724e-306
1.717728e-306
2.14222e-306
2.655369e-306
1.549779e-306
1.931424e-306
2.38837e-306
1.920117e-306
2.396408e-306
2.97843e-306
1.563041e-306
1.947723e-306
2.409977e-306
1.747873e-306
2.17948e-306
2.704688e-306
1.747874e-306
2.179481e-306
2.70469e-306
1.920119e-306
2.396411e-306
2.978433e-306
1.563042e-306
1.947725e-306
2.409979e-306
1.905076e-306
2.378735e-306
2.956728e-306
1.549781e-306
1.931426e-306
2.388373e-306
1.71773e-306
2.142223e-306
2.655373e-306
1.747872e-306
2.179478e-306
2.704686e-306
1.56304e-306
1.947722e-306
2.409976e-306
1.920117e-306
2.396407e-306
2.978429e-306
1.905073e-306
2.378732e-306
2.956724e-306
1.549778e-306
1.931423e-306
2.388369e-306
1.717728e-306
2.142219e-306
2.655369e-306
1.717727e-306
2.142219e-306
1.549778e-306
1.931422e-306
1.56304e-306
1.947722e-306
1.747872e-306
2.179478e-306
1.905073e-306
2.378731e-306
1.920116e-306
2.396407e-306
1.747872e-306
2.179479e-306
2.704687e-306
1.920117e-306
2.396407e-306
2.978429e-306
1.56304e-306
1.947722e-306
2.409976e-306
1.549778e-306
1.931423e-306
2.388368e-306
1.717727e-306
2.142218e-306
2.655367e-306
1.905072e-306
2.378731e-306
2.956723e-306
1.446916e-306
1.807329e-306
2.234301e-306
1.492763e-306
1.862003e-306
2.298519e-306
1.835257e-306
2.293206e-306
2.848448e-306
1.579065e-306
1.969908e-306
2.433405e-306
1.776774e-306
2.219789e-306
2.75407e-306
1.685979e-306
2.103166e-306
2.604642e-306
1.492763e-306
1.862003e-306
2.298519e-306
1.685979e-306
2.103167e-306
2.604643e-306
1.579065e-306
1.969907e-306
2.433404e-306
1.446915e-306
1.807328e-306
2.2343e-306
1.835257e-306
2.293207e-306
2.848449e-306
1.776774e-306
2.219789e-306
2.75407e-306
1.685982e-306
2.103171e-306
2.604647e-306
1.83526e-306
2.29321e-306
2.848453e-306
1.492766e-306
1.862006e-306
2.298523e-306
1.579068e-306
1.969911e-306
2.43341e-306
1.446918e-306
1.807332e-306
2.234305e-306
1.776777e-306
2.219792e-306
2.754074e-306
1.446916e-306
1.807329e-306
2.234301e-306
1.776774e-306
2.219789e-306
2.75407e-306
1.685979e-306
2.103167e-306
2.604643e-306
1.492763e-306
1.862003e-306
2.298519e-306
1.579065e-306
1.969908e-306
2.433405e-306
1.835257e-306
2.293207e-306
2.848449e-306
1.776774e-306
2.219789e-306
1.579065e-306
1.969907e-306
1.492763e-306
1.862003e-306
1.835257e-306
2.293206e-306
1.446915e-306
1.807328e-306
1.685979e-306
2.103167e-306
1.835257e-306
2.293206e-306
1.776774e-306
2.219788e-306
1.685979e-306
2.103166e-306
1.492763e-306
1.862003e-306
1.579065e-306
1.969908e-306
1.446916e-306
1.807329e-306
7.296602e-307
9.294915e-307
1.144251e-306
6.46125e-307
8.241667e-307
1.005094e-306
9.237717e-307
1.168311e-306
1.454617e-306
9.237717e-307
1.168311e-306
1.454617e-306
7.296599e-307
9.294913e-307
1.14425e-306
1.023964e-306
1.287665e-306
1.594361e-306
6.461258e-307
8.241676e-307
1.005095e-306
9.237726e-307
1.168312e-306
1.454618e-306
7.296606e-307
9.294921e-307
1.144251e-306
7.296608e-307
9.294923e-307
1.144251e-306
9.237727e-307
1.168312e-306
1.454618e-306
1.023965e-306
1.287666e-306
1.594362e-306
7.296598e-307
9.29491e-307
1.14425e-306
7.296598e-307
9.294909e-307
1.14425e-306
9.237712e-307
1.16831e-306
1.454615e-306
6.461247e-307
8.241662e-307
1.005093e-306
9.237713e-307
1.168311e-306
1.454616e-306
1.023964e-306
1.287664e-306
1.59436e-306
1.023965e-306
1.287666e-306
6.461256e-307
8.241673e-307
9.237724e-307
1.168312e-306
9.237725e-307
1.168312e-306
7.296605e-307
9.29492e-307
7.296605e-307
9.29492e-307
7.296599e-307
9.29491e-307
6.461249e-307
8.241664e-307
7.296599e-307
9.294911e-307
9.237713e-307
1.16831e-306
9.237714e-307
1.168311e-306
1.023964e-306
1.287664e-306
7.296601e-307
9.294913e-307
1.14425e-306
6.46125e-307
8.241666e-307
1.005094e-306
7.296599e-307
9.294911e-307
1.14425e-306
9.237715e-307
1.168311e-306
1.454616e-306
1.023964e-306
1.287665e-306
1.59436e-306
9.237713e-307
1.168311e-306
1.454616e-306
1.260905e-306
1.584851e-306
1.988668e-306
1.199274e-306
1.509206e-306
1.897629e-306
1.118602e-306
1.414443e-306
1.781981e-306
1.009816e-306
1.281431e-306
1.623651e-306
9.311476e-307
1.193896e-306
1.520516e-306
8.886412e-307
1.141664e-306
1.458079e-306
1.009817e-306
1.281432e-306
1.623652e-306
1.199276e-306
1.509208e-306
1.897632e-306
8.886421e-307
1.141665e-306
1.45808e-306
1.260908e-306
1.584854e-306
1.988673e-306
1.118604e-306
1.414446e-306
1.781985e-306
9.311485e-307
1.193898e-306
1.520517e-306
9.311475e-307
1.193896e-306
1.520515e-306
8.886409e-307
1.141663e-306
1.458078e-306
1.009815e-306
1.28143e-306
1.62365e-306
1.118603e-306
1.414444e-306
1.781982e-306
1.199274e-306
1.509206e-306
1.897629e-306
1.260907e-306
1.584852e-306
1.98867e-306
1.009817e-306
1.281431e-306
1.199274e-306
1.509207e-306
8.886418e-307
1.141664e-306
1.260906e-306
1.584851e-306
9.311482e-307
1.193897e-306
1.118603e-306
1.414444e-306
1.260906e-306
1.584852e-306
1.199274e-306
1.509206e-306
1.118602e-306
1.414443e-306
1.009816e-306
1.28143e-306
9.311472e-307
1.193896e-306
8.886409e-307
1.141663e-306
1.009816e-306
1.28143e-306
1.62365e-306
8.886411e-307
1.141663e-306
1.458078e-306
9.311475e-307
1.193896e-306
1.520515e-306
1.199274e-306
1.509206e-306
1.897629e-306
1.118603e-306
1.414444e-306
1.781982e-306
1.260906e-306
1.584852e-306
1.98867e-306
1.335316e-306
1.667545e-306
2.055514e-306
1.358422e-306
1.694018e-306
2.085993e-306
1.146552e-306
1.441149e-306
1.781604e-306
9.925536e-307
1.25044e-306
1.523497e-306
9.794955e-307
1.237951e-306
1.515891e-306
1.182425e-306
1.477627e-306
1.809118e-306
1.182429e-306
1.477631e-306
1.809122e-306
1.335319e-306
1.667548e-306
2.055519e-306
9.925559e-307
1.250443e-306
1.523501e-306
1.146555e-306
1.441152e-306
1.781608e-306
1.358425e-306
1.694021e-306
2.085997e-306
9.794972e-307
1.237953e-306
1.515894e-306
9.794966e-307
1.237952e-306
1.515892e-306
9.925557e-307
1.250442e-306
1.5235e-306
1.146554e-306
1.441151e-306
1.781606e-306
1.182428e-306
1.477631e-306
1.809122e-306
1.358425e-306
1.694021e-306
2.085996e-306
1.335319e-306
1.667547e-306
2.055517e-306
1.146553e-306
1.441149e-306
9.79496e-307
1.237951e-306
9.925539e-307
1.25044e-306
1.335317e-306
1.667545e-306
1.358423e-306
1.694018e-306
1.182426e-306
1.477628e-306
1.182427e-306
1.477629e-306
1.358423e-306
1.694019e-306
1.335317e-306
1.667546e-306
9.794958e-307
1.237951e-306
9.925544e-307
1.250441e-306
1.146553e-306
1.44115e-306
1.358424e-306
1.694021e-306
2.085996e-306
1.335318e-306
1.667547e-306
2.055517e-306
1.182428e-306
1.47763e-306
1.809121e-306
1.146554e-306
1.441151e-306
1.781606e-306
9.794964e-307
1.237952e-306
1.515892e-306
9.925554e-307
1.250442e-306
1.5235e-306
1.191829e-306
1.488436e-306
1.822075e-306
1.007557e-306
1.266246e-306
1.538859e-306
1.007557e-306
1.266246e-306
1.538859e-306
1.381248e-306
1.721264e-306
2.120785e-306
1.381248e-306
1.721263e-306
2.120785e-306
1.191828e-306
1.488435e-306
1.822074e-306
1.007558e-306
1.266248e-306
1.53886e-306
1.19183e-306
1.488437e-306
1.822076e-306
1.381249e-306
1.721265e-306
2.120787e-306
1.191831e-306
1.488438e-306
1.822077e-306
1.007558e-306
1.266248e-306
1.538861e-306
1.381249e-306
1.721266e-306
2.120788e-306
1.381251e-306
1.721267e-306
2.120789e-306
1.191831e-306
1.488438e-306
1.822078e-306
1.191832e-306
1.488439e-306
1.822079e-306
1.38125e-306
1.721266e-306
2.120789e-306
1.00756e-306
1.26625e-306
1.538863e-306
1.00756e-306
1.26625e-306
1.538864e-306
1.007557e-306
1.266247e-306
1.007558e-306
1.266247e-306
1.19183e-306
1.488436e-306
1.822075e-306
1.191829e-306
1.488435e-306
1.381248e-306
1.721264e-306
1.381248e-306
1.721264e-306
2.120785e-306
1.007557e-306
1.266247e-306
1.381248e-306
1.721264e-306
1.191829e-306
1.488436e-306
1.381248e-306
1.721264e-306
1.191829e-306
1.488435e-306
1.007557e-306
1.266247e-306
1.381249e-306
1.721265e-306
2.120787e-306
1.381249e-306
1.721265e-306
2.120787e-306
1.19183e-306
1.488437e-306
1.822076e-306
1.191831e-306
1.488437e-306
1.822077e-306
1.007559e-306
1.266249e-306
1.538862e-306
1.007559e-306
1.266249e-306
1.538861e-306
1.146553e-306
1.44115e-306
1.781605e-306
1.335317e-306
1.667546e-306
2.055515e-306
9.794955e-307
1.237951e-306
1.515891e-306
1.358423e-306
1.694019e-306
2.085994e-306
9.925543e-307
1.250441e-306
1.523498e-306
1.182426e-306
1.477628e-306
1.809119e-306
1.358423e-306
1.694019e-306
2.085994e-306
1.335317e-306
1.667545e-306
2.055515e-306
1.182426e-306
1.477628e-306
1.809119e-306
1.146553e-306
1.441149e-306
1.781605e-306
9.925543e-307
1.250441e-306
1.523498e-306
9.794961e-307
1.237952e-306
1.515892e-306
1.146555e-306
1.441152e-306
1.781608e-306
1.358426e-306
1.694022e-306
2.085998e-306
1.33532e-306
1.667549e-306
2.055519e-306
1.182429e-306
1.477631e-306
1.809123e-306
9.794973e-307
1.237953e-306
1.515893e-306
9.925564e-307
1.250443e-306
1.523502e-306
1.358424e-306
1.69402e-306
2.085995e-306
1.182427e-306
1.477629e-306
1.80912e-306
9.925547e-307
1.250441e-306
1.523499e-306
1.146553e-306
1.44115e-306
1.781605e-306
1.335317e-306
1.667546e-306
2.055516e-306
9.794957e-307
1.237951e-306
1.515891e-306
9.794959e-307
1.237951e-306
1.335316e-306
1.667545e-306
9.925537e-307
1.25044e-306
1.358423e-306
1.694019e-306
1.182426e-306
1.477628e-306
1.146552e-306
1.441149e-306
9.794959e-307
1.237951e-306
9.925548e-307
1.250441e-306
1.146553e-306
1.44115e-306
1.335318e-306
1.667546e-306
1.358423e-306
1.694019e-306
1.182427e-306
1.477629e-306
1.118602e-306
1.414443e-306
1.781981e-306
1.260906e-306
1.584851e-306
1.988669e-306
8.886406e-307
1.141663e-306
1.458078e-306
1.199274e-306
1.509206e-306
1.897629e-306
9.311467e-307
1.193895e-306
1.520514e-306
1.009815e-306
1.28143e-306
1.62365e-306
1.009816e-306
1.281431e-306
1.623651e-306
1.260905e-306
1.584851e-306
1.988669e-306
1.118602e-306
1.414444e-306
1.781982e-306
1.199274e-306
1.509206e-306
1.897629e-306
8.886414e-307
1.141664e-306
1.458079e-306
9.311479e-307
1.193897e-306
1.520516e-306
1.260908e-306
1.584854e-306
1.988673e-306
1.009817e-306
1.281432e-306
1.623652e-306
1.199276e-306
1.509208e-306
1.897632e-306
1.118604e-306
1.414445e-306
1.781984e-306
8.88642e-307
1.141665e-306
1.45808e-306
9.311484e-307
1.193898e-306
1.520517e-306
1.118602e-306
1.414443e-306
1.781981e-306
9.311469e-307
1.193896e-306
1.520514e-306
1.009815e-306
1.28143e-306
1.623649e-306
1.260906e-306
1.584851e-306
1.988669e-306
8.886405e-307
1.141663e-306
1.458077e-306
1.199274e-306
1.509206e-306
1.897629e-306
1.118603e-306
1.414444e-306
1.260906e-306
1.584851e-306
1.199274e-306
1.509207e-306
9.311481e-307
1.193897e-306
1.009817e-306
1.281432e-306
8.886418e-307
1.141665e-306
1.009815e-306
1.28143e-306
1.118602e-306
1.414443e-306
1.199274e-306
1.509206e-306
8.886406e-307
1.141663e-306
9.311468e-307
1.193896e-306
1.260906e-306
1.584852e-306
-5.434855e-307
-7.142738e-307
-8.79059e-307
-5.434855e-307
-7.142739e-307
-8.790591e-307
-7.52942e-308
-9.945405e-308
-1.229305e-307
-1.525659e-307
-2.01145e-307
-2.480734e-307
-8.705533e-307
-1.131478e-306
-1.37633e-306
-1.525659e-307
-2.01145e-307
-2.480734e-307
-5.43486e-307
-7.142745e-307
-8.790598e-307
-7.529431e-308
-9.945418e-308
-1.229306e-307
-5.434862e-307
-7.142747e-307
-8.7906e-307
-1.525661e-307
-2.011452e-307
-2.480736e-307
-8.705542e-307
-1.13148e-306
-1.376332e-306
-1.525661e-307
-2.011453e-307
-2.480737e-307
-1.52566e-307
-2.011451e-307
-2.480735e-307
-5.434854e-307
-7.142736e-307
-8.790587e-307
-7.529423e-308
-9.945408e-308
-1.229305e-307
-8.705532e-307
-1.131478e-306
-1.37633e-306
-5.434854e-307
-7.142737e-307
-8.790588e-307
-1.52566e-307
-2.011451e-307
-2.480735e-307
-7.529432e-308
-9.945419e-308
-1.525661e-307
-2.011453e-307
-1.525661e-307
-2.011453e-307
-5.434859e-307
-7.142744e-307
-5.434859e-307
-7.142744e-307
-8.705539e-307
-1.131479e-306
-1.52566e-307
-2.011451e-307
-7.529424e-308
-9.945409e-308
-5.434855e-307
-7.142738e-307
-8.705533e-307
-1.131478e-306
-5.434855e-307
-7.142738e-307
-1.52566e-307
-2.011451e-307
-5.434856e-307
-7.142739e-307
-8.79059e-307
-8.705534e-307
-1.131478e-306
-1.37633e-306
-1.52566e-307
-2.011451e-307
-2.480735e-307
-1.52566e-307
-2.011451e-307
-2.480734e-307
-5.434855e-307
-7.142738e-307
-8.790589e-307
-7.529423e-308
-9.945408e-308
-1.229305e-307
-6.404281e-307
-8.427329e-307
-1.051544e-306
-2.200173e-307
-2.916244e-307
-3.677292e-307
-1.194334e-306
-1.555654e-306
-1.941562e-306
-7.952419e-307
-1.056466e-306
-1.35583e-306
-2.507881e-307
-3.344752e-307
-4.289776e-307
-1.341158e-306
-1.757514e-306
-2.241524e-306
-1.194335e-306
-1.555656e-306
-1.941563e-306
-6.404286e-307
-8.427336e-307
-1.051545e-306
-1.341159e-306
-1.757515e-306
-2.241526e-306
-2.507886e-307
-3.344759e-307
-4.289786e-307
-7.952431e-307
-1.056468e-306
-1.355832e-306
-2.200177e-307
-2.916249e-307
-3.677298e-307
-1.194333e-306
-1.555653e-306
-1.94156e-306
-1.341157e-306
-1.757512e-306
-2.241522e-306
-6.404277e-307
-8.427324e-307
-1.051543e-306
-7.952415e-307
-1.056465e-306
-1.355829e-306
-2.200173e-307
-2.916244e-307
-3.677291e-307
-2.507881e-307
-3.344752e-307
-4.289776e-307
-2.200176e-307
-2.916247e-307
-6.404285e-307
-8.427335e-307
-1.341158e-306
-1.757515e-306
-1.194335e-306
-1.555655e-306
-7.952423e-307
-1.056466e-306
-2.507882e-307
-3.344754e-307
-1.341158e-306
-1.757514e-306
-7.95242e-307
-1.056466e-306
-2.507882e-307
-3.344754e-307
-1.194334e-306
-1.555654e-306
-2.200175e-307
-2.916246e-307
-6.40428e-307
-8.427329e-307
-6.40428e-307
-8.427327e-307
-1.051543e-306
-1.194334e-306
-1.555654e-306
-1.941561e-306
-2.200173e-307
-2.916244e-307
-3.677291e-307
-2.507882e-307
-3.344754e-307
-4.289778e-307
-1.341157e-306
-1.757513e-306
-2.241522e-306
-7.952418e-307
-1.056466e-306
-1.355829e-306
-8.830457e-307
-1.153535e-306
-1.434286e-306
-1.520026e-306
-1.966124e-306
-2.43722e-306
-8.360796e-307
-1.108118e-306
-1.418648e-306
-1.4802e-306
-1.93223e-306
-2.452406e-306
-2.772398e-307
-3.684269e-307
-4.709549e-307
-2.863571e-307
-3.770257e-307
-4.734773e-307
-2.863574e-307
-3.770262e-307
-4.734779e-307
-8.830458e-307
-1.153535e-306
-1.434287e-306
-2.772403e-307
-3.684277e-307
-4.709559e-307
-8.360813e-307
-1.10812e-306
-1.418651e-306
-1.520027e-306
-1.966126e-306
-2.437223e-306
-1.480201e-306
-1.932233e-306
-2.45241e-306
-8.830451e-307
-1.153534e-306
-1.434285e-306
-8.360793e-307
-1.108117e-306
-1.418647e-306
-2.772396e-307
-3.684267e-307
-4.709546e-307
-1.480199e-306
-1.932229e-306
-2.452404e-306
-2.86357e-307
-3.770256e-307
-4.73477e-307
-1.520025e-306
-1.966122e-306
-2.437218e-306
-2.772401e-307
-3.684273e-307
-2.863574e-307
-3.770261e-307
-8.360802e-307
-1.108118e-306
-8.830461e-307
-1.153536e-306
-1.4802e-306
-1.932231e-306
-1.520027e-306
-1.966125e-306
-2.86357e-307
-3.770256e-307
-2.772399e-307
-3.684271e-307
-8.830443e-307
-1.153533e-306
-8.360799e-307
-1.108118e-306
-1.520024e-306
-1.966122e-306
-1.480199e-306
-1.93223e-306
-8.360795e-307
-1.108117e-306
-1.418648e-306
-8.830452e-307
-1.153535e-306
-1.434286e-306
-2.772397e-307
-3.684268e-307
-4.709547e-307
-1.480199e-306
-1.93223e-306
-2.452405e-306
-2.86357e-307
-3.770256e-307
-4.734771e-307
-1.520025e-306
-1.966123e-306
-2.437219e-306
-2.958225e-307
-3.852524e-307
-4.755826e-307
-9.062237e-307
-1.173973e-306
-1.440686e-306
-1.571718e-306
-2.012895e-306
-2.451045e-306
-8.940831e-307
-1.162608e-306
-1.433998e-306
-2.934654e-307
-3.830489e-307
-4.742294e-307
-1.558937e-306
-1.999513e-306
-2.438657e-306
-2.958214e-307
-3.85251e-307
-4.755809e-307
-9.062227e-307
-1.173971e-306
-1.440684e-306
-2.934644e-307
-3.830477e-307
-4.742279e-307
-1.57172e-306
-2.012898e-306
-2.451049e-306
-8.940809e-307
-1.162605e-306
-1.433995e-306
-1.558938e-306
-1.999515e-306
-2.43866e-306
-8.940826e-307
-1.162607e-306
-1.433997e-306
-2.934652e-307
-3.830487e-307
-4.742291e-307
-9.062257e-307
-1.173975e-306
-1.440689e-306
-1.558939e-306
-1.999516e-306
-2.438661e-306
-2.958221e-307
-3.85252e-307
-4.755822e-307
-1.571723e-306
-2.012902e-306
-2.451054e-306
-8.940837e-307
-1.162609e-306
-1.558938e-306
-1.999514e-306
-1.571719e-306
-2.012896e-306
-2.934656e-307
-3.830492e-307
-2.958226e-307
-3.852526e-307
-9.062241e-307
-1.173973e-306
-8.940797e-307
-1.162604e-306
-1.558936e-306
-1.999513e-306
-1.571718e-306
-2.012896e-306
-2.934639e-307
-3.830471e-307
-9.062219e-307
-1.17397e-306
-2.95821e-307
-3.852505e-307
-8.940826e-307
-1.162607e-306
-1.433997e-306
-2.934651e-307
-3.830486e-307
-4.742291e-307
-9.062249e-307
-1.173974e-306
-1.440688e-306
-1.558939e-306
-1.999516e-306
-2.438661e-306
-2.958219e-307
-3.852517e-307
-4.755819e-307
-1.571722e-306
-2.012901e-306
-2.451052e-306
-9.062213e-307
-1.17397e-306
-1.440682e-306
-1.558935e-306
-1.999512e-306
-2.438656e-306
-1.571717e-306
-2.012895e-306
-2.451045e-306
-2.958208e-307
-3.852503e-307
-4.7558e-307
-2.934639e-307
-3.830471e-307
-4.742271e-307
-8.940794e-307
-1.162603e-306
-1.433992e-306
-1.558938e-306
-1.999515e-306
-2.43866e-306
-2.934659e-307
-3.830495e-307
-4.742301e-307
-2.958228e-307
-3.852528e-307
-4.755832e-307
-1.57172e-306
-2.012898e-306
-2.451048e-306
-8.94084e-307
-1.162609e-306
-1.433999e-306
-9.062246e-307
-1.173974e-306
-1.440687e-306
-2.958224e-307
-3.852524e-307
-4.755827e-307
-9.062258e-307
-1.173976e-306
-1.44069e-306
-1.571724e-306
-2.012903e-306
-2.451055e-306
-1.55894e-306
-1.999518e-306
-2.438664e-306
-2.934656e-307
-3.830493e-307
-4.742298e-307
-8.940837e-307
-1.162609e-306
-1.433999e-306
-9.062218e-307
-1.17397e-306
-2.93464e-307
-3.830471e-307
-1.558936e-306
-1.999512e-306
-2.438656e-306
-1.571718e-306
-2.012895e-306
-2.958209e-307
-3.852503e-307
-8.940797e-307
-1.162604e-306
-1.433993e-306
-9.06224e-307
-1.173973e-306
-2.934656e-307
-3.830492e-307
-1.558937e-306
-1.999514e-306
-1.571719e-306
-2.012896e-306
-2.958224e-307
-3.852524e-307
-8.940834e-307
-1.162609e-306
-1.571722e-306
-2.0129e-306
-9.062246e-307
-1.173974e-306
-1.558938e-306
-1.999514e-306
-8.940821e-307
-1.162607e-306
-2.958219e-307
-3.852517e-307
-2.93465e-307
-3.830485e-307
-8.830441e-307
-1.153533e-306
-1.434284e-306
-2.863567e-307
-3.770253e-307
-4.734767e-307
-1.520024e-306
-1.966122e-306
-2.437217e-306
-8.360796e-307
-1.108117e-306
-1.418648e-306
-2.772396e-307
-3.684267e-307
-4.709546e-307
-1.480198e-306
-1.932229e-306
-2.452405e-306
-8.360801e-307
-1.108118e-306
-1.418649e-306
-2.863574e-307
-3.770262e-307
-4.734778e-307
-2.772399e-307
-3.684271e-307
-4.709551e-307
-8.830463e-307
-1.153536e-306
-1.434288e-306
-1.4802e-306
-1.932232e-306
-2.452408e-306
-1.520027e-306
-1.966125e-306
-2.437222e-306
-8.830462e-307
-1.153536e-306
-1.434288e-306
-2.772402e-307
-3.684275e-307
-4.709555e-307
-2.863574e-307
-3.770262e-307
-4.734778e-307
-1.520027e-306
-1.966125e-306
-2.437222e-306
-8.360806e-307
-1.108119e-306
-1.41865e-306
-1.480201e-306
-1.932232e-306
-2.452409e-306
-8.830443e-307
-1.153534e-306
-1.434285e-306
-2.863568e-307
-3.770254e-307
-4.734768e-307
-1.520025e-306
-1.966122e-306
-2.437218e-306
-8.360796e-307
-1.108118e-306
-1.418648e-306
-2.772396e-307
-3.684268e-307
-4.709546e-307
-1.480199e-306
-1.932229e-306
-2.452405e-306
-2.772401e-307
-3.684273e-307
-2.863573e-307
-3.77026e-307
-8.360801e-307
-1.108118e-306
-1.520026e-306
-1.966124e-306
-8.830457e-307
-1.153535e-306
-1.4802e-306
-1.932231e-306
-2.772397e-307
-3.684268e-307
-1.480198e-306
-1.932229e-306
-8.36079e-307
-1.108117e-306
-1.520024e-306
-1.966121e-306
-2.86357e-307
-3.770256e-307
-8.830445e-307
-1.153534e-306
-1.341157e-306
-1.757512e-306
-2.241521e-306
-2.200175e-307
-2.916245e-307
-3.677293e-307
-1.194333e-306
-1.555653e-306
-1.94156e-306
-6.404279e-307
-8.427327e-307
-1.051543e-306
-2.507881e-307
-3.344752e-307
-4.289776e-307
-7.952414e-307
-1.056465e-306
-1.355828e-306
-7.952419e-307
-1.056466e-306
-1.355829e-306
-2.200174e-307
-2.916245e-307
-3.677293e-307
-2.507881e-307
-3.344752e-307
-4.289776e-307
-6.40428e-307
-8.427328e-307
-1.051544e-306
-1.341158e-306
-1.757514e-306
-2.241523e-306
-1.194334e-306
-1.555654e-306
-1.941562e-306
-2.200177e-307
-2.916248e-307
-3.677297e-307
-6.404287e-307
-8.427338e-307
-1.051545e-306
-1.194335e-306
-1.555656e-306
-1.941563e-306
-2.507885e-307
-3.344757e-307
-4.289783e-307
-7.952426e-307
-1.056467e-306
-1.355831e-306
-1.341159e-306
-1.757515e-306
-2.241525e-306
-1.341157e-306
-1.757513e-306
-2.241522e-306
-1.194333e-306
-1.555653e-306
-1.94156e-306
-6.404278e-307
-8.427325e-307
-1.051543e-306
-7.952415e-307
-1.056465e-306
-1.355829e-306
-2.200174e-307
-2.916245e-307
-3.677293e-307
-2.507881e-307
-3.344752e-307
-4.289777e-307
-1.341159e-306
-1.757515e-306
-1.194335e-306
-1.555656e-306
-6.404285e-307
-8.427336e-307
-7.952422e-307
-1.056466e-306
-2.200176e-307
-2.916248e-307
-2.507883e-307
-3.344756e-307
-6.404279e-307
-8.427326e-307
-7.952414e-307
-1.056465e-306
-2.200173e-307
-2.916243e-307
-1.194333e-306
-1.555653e-306
-1.341157e-306
-1.757512e-306
-2.50788e-307
-3.344751e-307
1.510039e-307
4.671797e-307
8.167916e-307
1.510039e-307
4.671796e-307
8.167915e-307
1.510039e-307
4.671797e-307
8.167917e-307
1.510039e-307
4.671797e-307
8.167917e-307
1.510039e-307
4.671797e-307
8.167916e-307
1.510039e-307
4.671796e-307
8.167915e-307
1.522242e-307
4.772185e-307
8.674567e-307
1.522242e-307
4.772185e-307
8.674566e-307
1.521652e-307
4.746229e-307
8.553349e-307
1.52618e-307
4.776284e-307
8.665936e-307
1.52618e-307
4.776284e-307
8.665935e-307
1.517913e-307
4.760859e-307
8.657653e-307
1.521652e-307
4.746229e-307
8.55335e-307
1.52618e-307
4.776285e-307
8.665937e-307
1.522242e-307
4.772185e-307
8.674567e-307
1.517914e-307
4.760859e-307
8.657654e-307
1.52618e-307
4.776284e-307
8.665936e-307
1.522242e-307
4.772185e-307
8.674568e-307
1.521652e-307
4.746228e-307
8.553348e-307
1.526179e-307
4.776283e-307
8.665934e-307
1.522242e-307
4.772185e-307
8.674566e-307
1.517913e-307
4.760859e-307
8.657653e-307
1.522242e-307
4.772184e-307
8.674565e-307
1.526179e-307
4.776284e-307
8.665936e-307
1.522242e-307
4.772183e-307
8.674563e-307
1.526179e-307
4.776283e-307
8.665933e-307
1.517913e-307
4.760857e-307
8.65765e-307
1.522241e-307
4.772183e-307
8.674562e-307
1.526179e-307
4.776282e-307
8.665932e-307
1.521651e-307
4.746227e-307
8.553347e-307
1.522241e-307
4.772183e-307
8.674562e-307
1.522242e-307
4.772183e-307
8.674563e-307
1.517913e-307
4.760856e-307
8.657649e-307
1.521651e-307
4.746227e-307
8.553347e-307
1.526179e-307
4.776282e-307
8.665933e-307
1.526179e-307
4.776282e-307
8.665932e-307
1.521652e-307
4.746228e-307
8.553348e-307
1.526179e-307
4.776283e-307
8.665934e-307
1.522242e-307
4.772184e-307
8.674565e-307
1.517913e-307
4.760858e-307
8.657652e-307
1.526179e-307
4.776284e-307
8.665935e-307
1.522242e-307
4.772184e-307
8.674565e-307
1.479895e-307
4.646076e-307
8.458693e-307
1.441523e-307
4.529364e-307
8.259678e-307
1.422092e-307
4.471794e-307
8.169584e-307
1.496969e-307
4.698101e-307
8.549096e-307
1.441524e-307
4.529365e-307
8.259679e-307
1.479895e-307
4.646076e-307
8.458694e-307
1.479895e-307
4.646076e-307
8.458694e-307
1.479895e-307
4.646076e-307
8.458694e-307
1.422092e-307
4.471794e-307
8.169585e-307
1.441524e-307
4.529365e-307
8.259679e-307
1.496969e-307
4.698101e-307
8.549096e-307
1.441524e-307
4.529365e-307
8.259679e-307
1.496969e-307
4.698101e-307
8.549095e-307
1.479895e-307
4.646075e-307
8.458692e-307
1.479895e-307
4.646076e-307
8.458693e-307
1.422092e-307
4.471793e-307
8.169583e-307
1.441523e-307
4.529364e-307
8.259676e-307
1.441523e-307
4.529364e-307
8.259678e-307
1.441523e-307
4.529362e-307
8.259674e-307
1.441523e-307
4.529362e-307
8.259673e-307
1.479894e-307
4.646073e-307
8.458688e-307
1.479894e-307
4.646073e-307
8.458688e-307
1.422091e-307
4.471791e-307
8.169578e-307
1.496968e-307
4.698098e-307
8.549091e-307
1.479894e-307
4.646073e-307
8.458688e-307
1.496968e-307
4.698098e-307
8.549091e-307
1.479894e-307
4.646073e-307
8.458689e-307
1.441523e-307
4.529362e-307
8.259673e-307
1.441523e-307
4.529362e-307
8.259673e-307
1.422091e-307
4.471791e-307
8.169578e-307
1.496969e-307
4.6981e-307
8.549094e-307
1.479895e-307
4.646075e-307
8.458691e-307
1.479895e-307
4.646074e-307
8.45869e-307
1.441523e-307
4.529363e-307
8.259676e-307
1.422092e-307
4.471792e-307
8.16958e-307
1.441523e-307
4.529363e-307
8.259675e-307
1.487562e-307
4.668528e-307
8.494207e-307
1.458543e-307
4.578562e-307
8.333151e-307
1.511144e-307
4.740307e-307
8.620412e-307
1.487562e-307
4.668528e-307
8.494207e-307
1.458543e-307
4.578562e-307
8.333151e-307
1.511144e-307
4.740307e-307
8.620412e-307
1.487562e-307
4.66853e-307
8.49421e-307
1.511144e-307
4.740308e-307
8.620415e-307
1.511144e-307
4.740309e-307
8.620416e-307
1.487562e-307
4.66853e-307
8.49421e-307
1.458543e-307
4.578564e-307
8.333155e-307
1.458543e-307
4.578564e-307
8.333155e-307
1.511144e-307
4.740308e-307
8.620414e-307
1.511144e-307
4.740308e-307
8.620414e-307
1.487562e-307
4.668529e-307
8.494209e-307
1.487562e-307
4.668529e-307
8.494209e-307
1.458543e-307
4.578564e-307
8.333155e-307
1.458543e-307
4.578563e-307
8.333154e-307
1.487561e-307
4.668527e-307
8.494205e-307
1.458543e-307
4.578562e-307
8.33315e-307
1.458542e-307
4.578561e-307
8.333149e-307
1.511144e-307
4.740306e-307
8.62041e-307
1.487561e-307
4.668527e-307
8.494206e-307
1.511144e-307
4.740306e-307
8.620412e-307
1.511143e-307
4.740305e-307
8.620409e-307
1.511143e-307
4.740305e-307
8.620409e-307
1.487561e-307
4.668526e-307
8.494204e-307
1.487561e-307
4.668526e-307
8.494204e-307
1.458542e-307
4.57856e-307
8.333148e-307
1.458542e-307
4.57856e-307
8.333148e-307
1.511143e-307
4.740305e-307
8.620409e-307
1.487561e-307
4.668527e-307
8.494205e-307
1.511143e-307
4.740305e-307
8.62041e-307
1.458542e-307
4.578561e-307
8.333148e-307
1.487561e-307
4.668526e-307
8.494203e-307
1.458542e-307
4.57856e-307
8.333149e-307
1.367468e-307
4.306412e-307
7.901196e-307
1.258001e-307
3.964052e-307
7.28284e-307
1.221644e-307
3.850298e-307
7.077128e-307
1.331397e-307
4.193656e-307
7.697752e-307
1.331397e-307
4.193656e-307
7.697752e-307
1.258e-307
3.964051e-307
7.282839e-307
1.331397e-307
4.193658e-307
7.697754e-307
1.221645e-307
3.8503e-307
7.077133e-307
1.258001e-307
3.964053e-307
7.282842e-307
1.367469e-307
4.306412e-307
7.901198e-307
1.331397e-307
4.193658e-307
7.697755e-307
1.258001e-307
3.964054e-307
7.282843e-307
1.331397e-307
4.193656e-307
7.697752e-307
1.367468e-307
4.306411e-307
7.901195e-307
1.258e-307
3.964052e-307
7.282839e-307
1.221644e-307
3.850297e-307
7.077128e-307
1.331397e-307
4.193656e-307
7.697751e-307
1.258e-307
3.964051e-307
7.282838e-307
1.331396e-307
4.193654e-307
7.697748e-307
1.367468e-307
4.306409e-307
7.901192e-307
1.221643e-307
3.850296e-307
7.077125e-307
1.331396e-307
4.193654e-307
7.697748e-307
1.258e-307
3.96405e-307
7.282835e-307
1.258e-307
3.96405e-307
7.282835e-307
1.258e-307
3.96405e-307
7.282834e-307
1.367468e-307
4.306409e-307
7.901191e-307
1.331396e-307
4.193653e-307
7.697746e-307
1.258e-307
3.96405e-307
7.282835e-307
1.331396e-307
4.193654e-307
7.697747e-307
1.221643e-307
3.850295e-307
7.077124e-307
1.258e-307
3.964051e-307
7.282837e-307
1.221643e-307
3.850296e-307
7.077126e-307
1.258e-307
3.96405e-307
7.282837e-307
1.331396e-307
4.193654e-307
7.697749e-307
1.367468e-307
4.30641e-307
7.901193e-307
1.331396e-307
4.193655e-307
7.697749e-307
1.351353e-307
4.250777e-307
7.771153e-307
1.299245e-307
4.084599e-307
7.456649e-307
1.407915e-307
4.424507e-307
8.070937e-307
1.368714e-307
4.298707e-307
7.830789e-307
1.307932e-307
4.10897e-307
7.48947e-307
1.416267e-307
4.447893e-307
8.102362e-307
1.416267e-307
4.447895e-307
8.102366e-307
1.351354e-307
4.250779e-307
7.771155e-307
1.299246e-307
4.084601e-307
7.456652e-307
1.307933e-307
4.108973e-307
7.489474e-307
1.407915e-307
4.424508e-307
8.07094e-307
1.368715e-307
4.298709e-307
7.830793e-307
1.368715e-307
4.298709e-307
7.830793e-307
1.416267e-307
4.447895e-307
8.102365e-307
1.307933e-307
4.108973e-307
7.489474e-307
1.351354e-307
4.250778e-307
7.771154e-307
1.407915e-307
4.424508e-307
8.07094e-307
1.299245e-307
4.0846e-307
7.456651e-307
1.416267e-307
4.447893e-307
8.102361e-307
1.368714e-307
4.298706e-307
7.830788e-307
1.407914e-307
4.424506e-307
8.070934e-307
1.307932e-307
4.10897e-307
7.489469e-307
1.351353e-307
4.250776e-307
7.77115e-307
1.299245e-307
4.084598e-307
7.456648e-307
1.307932e-307
4.108969e-307
7.489467e-307
1.299244e-307
4.084597e-307
7.456645e-307
1.351353e-307
4.250775e-307
7.771148e-307
1.368713e-307
4.298705e-307
7.830785e-307
1.416266e-307
4.447891e-307
8.102358e-307
1.407914e-307
4.424505e-307
8.070934e-307
1.368714e-307
4.298706e-307
7.830787e-307
1.416266e-307
4.447892e-307
8.10236e-307
1.307932e-307
4.10897e-307
7.489469e-307
1.299245e-307
4.084599e-307
7.456648e-307
1.407915e-307
4.424507e-307
8.070936e-307
1.351353e-307
4.250776e-307
7.771152e-307
1.368714e-307
4.298707e-307
7.830788e-307
1.307932e-307
4.10897e-307
7.48947e-307
1.416267e-307
4.447893e-307
8.102361e-307
1.299245e-307
4.084598e-307
7.456648e-307
1.407915e-307
4.424507e-307
8.070936e-307
1.351353e-307
4.250776e-307
7.771151e-307
1.351354e-307
4.250779e-307
7.771155e-307
1.299245e-307
4.084601e-307
7.456652e-307
1.407915e-307
4.424509e-307
8.07094e-307
1.416267e-307
4.447896e-307
8.102366e-307
1.368715e-307
4.298709e-307
7.830793e-307
1.307933e-307
4.108973e-307
7.489474e-307
1.299246e-307
4.084602e-307
7.456654e-307
1.351354e-307
4.250779e-307
7.771156e-307
1.307933e-307
4.108973e-307
7.489475e-307
1.407916e-307
4.424509e-307
8.070942e-307
1.416267e-307
4.447895e-307
8.102366e-307
1.368714e-307
4.298709e-307
7.830793e-307
1.299245e-307
4.084599e-307
7.456649e-307
1.307932e-307
4.10897e-307
7.48947e-307
1.368714e-307
4.298706e-307
7.830788e-307
1.416267e-307
4.447893e-307
8.102362e-307
1.351353e-307
4.250777e-307
7.771152e-307
1.407915e-307
4.424507e-307
8.070937e-307
1.368714e-307
4.298705e-307
7.830786e-307
1.307932e-307
4.10897e-307
7.489467e-307
1.416266e-307
4.447892e-307
8.102359e-307
1.407914e-307
4.424505e-307
8.070934e-307
1.351353e-307
4.250776e-307
7.771149e-307
1.299244e-307
4.084598e-307
7.456647e-307
1.416266e-307
4.447892e-307
8.102359e-307
1.407914e-307
4.424505e-307
8.070934e-307
1.351353e-307
4.250776e-307
7.77115e-307
1.368714e-307
4.298706e-307
7.830787e-307
1.299245e-307
4.084598e-307
7.456647e-307
1.307932e-307
4.10897e-307
7.489469e-307
9.340369e-308
2.937264e-307
5.360696e-307
9.810045e-308
3.085099e-307
5.632235e-307
1.132126e-307
3.56466e-307
6.529864e-307
1.080229e-307
3.398844e-307
6.214091e-307
1.080229e-307
3.398844e-307
6.214091e-307
9.810044e-308
3.085099e-307
5.632235e-307
9.810058e-308
3.085103e-307
5.632242e-307
1.08023e-307
3.398847e-307
6.214096e-307
9.340381e-308
2.937268e-307
5.360703e-307
1.132127e-307
3.564662e-307
6.529869e-307
9.810059e-308
3.085104e-307
5.632243e-307
1.08023e-307
3.398848e-307
6.214097e-307
9.810049e-308
3.085101e-307
5.632237e-307
1.080229e-307
3.398845e-307
6.21409e-307
9.810048e-308
3.0851e-307
5.632236e-307
9.34037e-308
2.937265e-307
5.360696e-307
1.080229e-307
3.398844e-307
6.21409e-307
1.132126e-307
3.564659e-307
6.529863e-307
9.810046e-308
3.0851e-307
5.632235e-307
1.132126e-307
3.564658e-307
6.529861e-307
9.340369e-308
2.937264e-307
5.360695e-307
1.080229e-307
3.398844e-307
6.214089e-307
1.080228e-307
3.398843e-307
6.214088e-307
9.810044e-308
3.085099e-307
5.632235e-307
1.132125e-307
3.564658e-307
6.529861e-307
9.810045e-308
3.085099e-307
5.632234e-307
1.080228e-307
3.398843e-307
6.214088e-307
1.080228e-307
3.398843e-307
6.214088e-307
9.810044e-308
3.085099e-307
5.632234e-307
9.340367e-308
2.937264e-307
5.360695e-307
9.34037e-308
2.937265e-307
5.360696e-307
9.810044e-308
3.085099e-307
5.632235e-307
9.810045e-308
3.085099e-307
5.632235e-307
1.080228e-307
3.398843e-307
6.214089e-307
1.080228e-307
3.398844e-307
6.214089e-307
1.132125e-307
3.564658e-307
6.529862e-307
1.156363e-307
3.633749e-307
6.626244e-307
1.067302e-307
3.35379e-307
6.114295e-307
1.203964e-307
3.789507e-307
6.936913e-307
1.114826e-307
3.507092e-307
6.410092e-307
1.224383e-307
3.850114e-307
7.031768e-307
1.047374e-307
3.292615e-307
6.007902e-307
1.156364e-307
3.633751e-307
6.626248e-307
1.047375e-307
3.292617e-307
6.007907e-307
1.067303e-307
3.353792e-307
6.114299e-307
1.224384e-307
3.850116e-307
7.031772e-307
1.203965e-307
3.789509e-307
6.936917e-307
1.114827e-307
3.507094e-307
6.410096e-307
1.156364e-307
3.633751e-307
6.626248e-307
1.047375e-307
3.292616e-307
6.007904e-307
1.224383e-307
3.850116e-307
7.031771e-307
1.203965e-307
3.789507e-307
6.936914e-307
1.067302e-307
3.353792e-307
6.114298e-307
1.114826e-307
3.507093e-307
6.410093e-307
1.203964e-307
3.789506e-307
6.936911e-307
1.114826e-307
3.507091e-307
6.41009e-307
1.224383e-307
3.850114e-307
7.031767e-307
1.047374e-307
3.292614e-307
6.007901e-307
1.156363e-307
3.633749e-307
6.626243e-307
1.067302e-307
3.35379e-307
6.114294e-307
1.203964e-307
3.789505e-307
6.936909e-307
1.224383e-307
3.850113e-307
7.031765e-307
1.114826e-307
3.507091e-307
6.41009e-307
1.156363e-307
3.633748e-307
6.626242e-307
1.047374e-307
3.292614e-307
6.007901e-307
1.067302e-307
3.35379e-307
6.114294e-307
1.203964e-307
3.789506e-307
6.936911e-307
1.224383e-307
3.850114e-307
7.031767e-307
1.047375e-307
3.292615e-307
6.007901e-307
1.114826e-307
3.507091e-307
6.41009e-307
1.156363e-307
3.633749e-307
6.626244e-307
1.067302e-307
3.35379e-307
6.114295e-307
1.085981e-307
3.410517e-307
6.210775e-307
1.242765e-307
3.903385e-307
7.111245e-307
1.165497e-307
3.660784e-307
6.669279e-307
1.165497e-307
3.660785e-307
6.669279e-307
1.085981e-307
3.410516e-307
6.210775e-307
1.242765e-307
3.903384e-307
7.111246e-307
1.085982e-307
3.41052e-307
6.21078e-307
1.085981e-307
3.410519e-307
6.210779e-307
1.165498e-307
3.660787e-307
6.669283e-307
1.242766e-307
3.903387e-307
7.11125e-307
1.165498e-307
3.660787e-307
6.669283e-307
1.242766e-307
3.903387e-307
7.11125e-307
1.165498e-307
3.660788e-307
6.669284e-307
1.085982e-307
3.410521e-307
6.210782e-307
1.242766e-307
3.903387e-307
7.11125e-307
1.242766e-307
3.903388e-307
7.111252e-307
1.085982e-307
3.410521e-307
6.210783e-307
1.165499e-307
3.660789e-307
6.669287e-307
1.242766e-307
3.903385e-307
7.111245e-307
1.165497e-307
3.660785e-307
6.66928e-307
1.242765e-307
3.903384e-307
7.111245e-307
1.085981e-307
3.410517e-307
6.210775e-307
1.085981e-307
3.410517e-307
6.210776e-307
1.165497e-307
3.660785e-307
6.669279e-307
1.085981e-307
3.410517e-307
6.210775e-307
1.165497e-307
3.660784e-307
6.669277e-307
1.242765e-307
3.903384e-307
7.111243e-307
1.085981e-307
3.410517e-307
6.210775e-307
1.242765e-307
3.903383e-307
7.111243e-307
1.165497e-307
3.660784e-307
6.669278e-307
1.242766e-307
3.903385e-307
7.111245e-307
1.085981e-307
3.410518e-307
6.210776e-307
1.165497e-307
3.660785e-307
6.669279e-307
1.085981e-307
3.410517e-307
6.210776e-307
1.242765e-307
3.903384e-307
7.111245e-307
1.165497e-307
3.660785e-307
6.669279e-307
1.047374e-307
3.292614e-307
6.0079e-307
1.067302e-307
3.35379e-307
6.114294e-307
1.203964e-307
3.789505e-307
6.936911e-307
1.114826e-307
3.507091e-307
6.410089e-307
1.156363e-307
3.633748e-307
6.626243e-307
1.224383e-307
3.850113e-307
7.031767e-307
1.067302e-307
3.353791e-307
6.114296e-307
1.224383e-307
3.850116e-307
7.03177e-307
1.203964e-307
3.789507e-307
6.936914e-307
1.156363e-307
3.633749e-307
6.626245e-307
1.047375e-307
3.292615e-307
6.007902e-307
1.114826e-307
3.507092e-307
6.410093e-307
1.203966e-307
3.78951e-307
6.936919e-307
1.114828e-307
3.507096e-307
6.410099e-307
1.224384e-307
3.850118e-307
7.031775e-307
1.156364e-307
3.633753e-307
6.626252e-307
1.047376e-307
3.292619e-307
6.00791e-307
1.067303e-307
3.353795e-307
6.114304e-307
1.203964e-307
3.789507e-307
6.936913e-307
1.114826e-307
3.507092e-307
6.410092e-307
1.224383e-307
3.850114e-307
7.031768e-307
1.156363e-307
3.633749e-307
6.626244e-307
1.047375e-307
3.292615e-307
6.007902e-307
1.067302e-307
3.353791e-307
6.114296e-307
1.203964e-307
3.789506e-307
6.936911e-307
1.224383e-307
3.850114e-307
7.031767e-307
1.114826e-307
3.507092e-307
6.41009e-307
1.047374e-307
3.292614e-307
6.007901e-307
1.156363e-307
3.633748e-307
6.626243e-307
1.067302e-307
3.35379e-307
6.114295e-307
1.203964e-307
3.789505e-307
6.93691e-307
1.224383e-307
3.850114e-307
7.031766e-307
1.114826e-307
3.507091e-307
6.410089e-307
1.156363e-307
3.633748e-307
6.626243e-307
1.047374e-307
3.292614e-307
6.0079e-307
1.067302e-307
3.35379e-307
6.114294e-307
6.648892e-308
2.099871e-307
3.861146e-307
6.147164e-308
1.943986e-307
3.582618e-307
7.72607e-308
2.433089e-307
4.449558e-307
7.72607e-308
2.433089e-307
4.449558e-307
6.64889e-308
2.09987e-307
3.861146e-307
8.296868e-308
2.610626e-307
4.767511e-307
6.147176e-308
1.94399e-307
3.582625e-307
6.648907e-308
2.099876e-307
3.861155e-307
7.726088e-308
2.433094e-307
4.449568e-307
6.648908e-308
2.099876e-307
3.861155e-307
8.296886e-308
2.610632e-307
4.767521e-307
7.726089e-308
2.433095e-307
4.449569e-307
8.296878e-308
2.610629e-307
4.767516e-307
7.726078e-308
2.433091e-307
4.449562e-307
7.726081e-308
2.433092e-307
4.449564e-307
6.648899e-308
2.099873e-307
3.86115e-307
6.648898e-308
2.099873e-307
3.861149e-307
6.147166e-308
1.943987e-307
3.58262e-307
8.296873e-308
2.610627e-307
4.767513e-307
7.726073e-308
2.43309e-307
4.44956e-307
7.726073e-308
2.43309e-307
4.44956e-307
6.648895e-308
2.099872e-307
3.861148e-307
6.648895e-308
2.099872e-307
3.861148e-307
6.147168e-308
1.943987e-307
3.582621e-307
7.726078e-308
2.433091e-307
4.449562e-307
8.296874e-308
2.610628e-307
4.767514e-307
6.648897e-308
2.099873e-307
3.861149e-307
7.726078e-308
2.433091e-307
4.449562e-307
6.147166e-308
1.943987e-307
3.582619e-307
6.648897e-308
2.099873e-307
3.861149e-307
7.726079e-308
2.433091e-307
4.449563e-307
8.296875e-308
2.610628e-307
4.767514e-307
6.648898e-308
2.099873e-307
3.861149e-307
7.726078e-308
2.433091e-307
4.449562e-307
6.648898e-308
2.099873e-307
3.861149e-307
6.147166e-308
1.943987e-307
3.582619e-307
7.39688e-308
2.332436e-307
4.277244e-307
8.133452e-308
2.56019e-307
4.678733e-307
9.177598e-308
2.88604e-307
5.266619e-307
9.487109e-308
2.982616e-307
5.440843e-307
8.707145e-308
2.738626e-307
4.998655e-307
7.652564e-308
2.411339e-307
4.41583e-307
7.396897e-308
2.332442e-307
4.277254e-307
7.652579e-308
2.411343e-307
4.415838e-307
9.177608e-308
2.886043e-307
5.266625e-307
9.487117e-308
2.982618e-307
5.440848e-307
8.133466e-308
2.560194e-307
4.678741e-307
8.707155e-308
2.738629e-307
4.998661e-307
8.133462e-308
2.560193e-307
4.678738e-307
9.177601e-308
2.886041e-307
5.266621e-307
7.396891e-308
2.33244e-307
4.27725e-307
7.652575e-308
2.411342e-307
4.415836e-307
9.487113e-308
2.982617e-307
5.440845e-307
8.707152e-308
2.738628e-307
4.998659e-307
9.487108e-308
2.982616e-307
5.440842e-307
8.133455e-308
2.560191e-307
4.678734e-307
8.707145e-308
2.738626e-307
4.998654e-307
7.652566e-308
2.411339e-307
4.41583e-307
7.39688e-308
2.332436e-307
4.277245e-307
9.177597e-308
2.886039e-307
5.266619e-307
9.487109e-308
2.982616e-307
5.440842e-307
8.707146e-308
2.738626e-307
4.998655e-307
7.65257e-308
2.411341e-307
4.415832e-307
9.177597e-308
2.886039e-307
5.266618e-307
7.396887e-308
2.332439e-307
4.277248e-307
8.133456e-308
2.560191e-307
4.678736e-307
7.652573e-308
2.411341e-307
4.415834e-307
8.133459e-308
2.560192e-307
4.678736e-307
9.177598e-308
2.88604e-307
5.266619e-307
7.396887e-308
2.332439e-307
4.277249e-307
9.487109e-308
2.982616e-307
5.440843e-307
8.707148e-308
2.738627e-307
4.998656e-307
9.05122e-308
2.844824e-307
5.186377e-307
7.971974e-308
2.509773e-307
4.589152e-307
8.046654e-308
2.532748e-307
4.629548e-307
9.960465e-308
3.128805e-307
5.699183e-307
8.882858e-308
2.792927e-307
5.094827e-307
9.872135e-308
3.101788e-307
5.652381e-307
8.882869e-308
2.79293e-307
5.094833e-307
9.872146e-308
3.101791e-307
5.652387e-307
9.960476e-308
3.128808e-307
5.699189e-307
9.051229e-308
2.844827e-307
5.186383e-307
8.046665e-308
2.532752e-307
4.629554e-307
7.971983e-308
2.509776e-307
4.589158e-307
8.046669e-308
2.532753e-307
4.629556e-307
7.971984e-308
2.509776e-307
4.589158e-307
8.882868e-308
2.79293e-307
5.094832e-307
9.051233e-308
2.844828e-307
5.186385e-307
9.872146e-308
3.101791e-307
5.652387e-307
9.960477e-308
3.128809e-307
5.69919e-307
9.051223e-308
2.844824e-307
5.186378e-307
7.971976e-308
2.509773e-307
4.589153e-307
9.960467e-308
3.128805e-307
5.699183e-307
9.872137e-308
3.101788e-307
5.652381e-307
8.882858e-308
2.792927e-307
5.094827e-307
8.046657e-308
2.532749e-307
4.629549e-307
9.872138e-308
3.101788e-307
5.652381e-307
9.960467e-308
3.128805e-307
5.699183e-307
9.051222e-308
2.844824e-307
5.186379e-307
8.882859e-308
2.792927e-307
5.094827e-307
7.971976e-308
2.509773e-307
4.589154e-307
8.046658e-308
2.532749e-307
4.62955e-307
9.872141e-308
3.101789e-307
5.652383e-307
9.96047e-308
3.128806e-307
5.699186e-307
9.051226e-308
2.844826e-307
5.186381e-307
8.882863e-308
2.792928e-307
5.09483e-307
8.046663e-308
2.532751e-307
4.629553e-307
7.97198e-308
2.509775e-307
4.589156e-307
8.046656e-308
2.532749e-307
4.629548e-307
9.051218e-308
2.844823e-307
5.186376e-307
9.872136e-308
3.101788e-307
5.65238e-307
8.882858e-308
2.792927e-307
5.094826e-307
7.971972e-308
2.509772e-307
4.589152e-307
9.960465e-308
3.128805e-307
5.699183e-307
8.882862e-308
2.792928e-307
5.094829e-307
8.046663e-308
2.532751e-307
4.629553e-307
7.971976e-308
2.509773e-307
4.589154e-307
9.051226e-308
2.844826e-307
5.186382e-307
9.872139e-308
3.101789e-307
5.652383e-307
9.960471e-308
3.128807e-307
5.699187e-307
9.051235e-308
2.844828e-307
5.186386e-307
9.960481e-308
3.12881e-307
5.699192e-307
8.046671e-308
2.532754e-307
4.629557e-307
9.872152e-308
3.101793e-307
5.652391e-307
7.971989e-308
2.509777e-307
4.589161e-307
8.882874e-308
2.792932e-307
5.094836e-307
9.96047e-308
3.128806e-307
5.699185e-307
9.051222e-308
2.844824e-307
5.186378e-307
9.87214e-308
3.101789e-307
5.652383e-307
8.882862e-308
2.792928e-307
5.094829e-307
8.04666e-308
2.53275e-307
4.629551e-307
7.971977e-308
2.509774e-307
4.589154e-307
8.88286e-308
2.792927e-307
5.094827e-307
7.971975e-308
2.509773e-307
4.589153e-307
9.872137e-308
3.101788e-307
5.652381e-307
8.046658e-308
2.532749e-307
4.62955e-307
9.960467e-308
3.128805e-307
5.699184e-307
9.05122e-308
2.844824e-307
5.186378e-307
9.051226e-308
2.844825e-307
5.18638e-307
9.96047e-308
3.128806e-307
5.699185e-307
8.046662e-308
2.532751e-307
4.629552e-307
7.971979e-308
2.509774e-307
4.589154e-307
8.882862e-308
2.792928e-307
5.094828e-307
9.872138e-308
3.101788e-307
5.652382e-307
7.396886e-308
2.332438e-307
4.277247e-307
8.133456e-308
2.560191e-307
4.678735e-307
7.652568e-308
2.41134e-307
4.415831e-307
8.707143e-308
2.738625e-307
4.998654e-307
9.177597e-308
2.886039e-307
5.266619e-307
9.487105e-308
2.982615e-307
5.440841e-307
8.133453e-308
2.56019e-307
4.678733e-307
7.652566e-308
2.411339e-307
4.415831e-307
7.396879e-308
2.332436e-307
4.277244e-307
9.487108e-308
2.982616e-307
5.440843e-307
9.177596e-308
2.886039e-307
5.266619e-307
8.707143e-308
2.738625e-307
4.998655e-307
8.133471e-308
2.560196e-307
4.678743e-307
7.396899e-308
2.332442e-307
4.277255e-307
9.177612e-308
2.886044e-307
5.266627e-307
9.487123e-308
2.98262e-307
5.440851e-307
7.652582e-308
2.411345e-307
4.41584e-307
8.707159e-308
2.738631e-307
4.998663e-307
7.396887e-308
2.332438e-307
4.277248e-307
9.177599e-308
2.88604e-307
5.266619e-307
8.707147e-308
2.738626e-307
4.998655e-307
7.652569e-308
2.41134e-307
4.415832e-307
8.133456e-308
2.560191e-307
4.678735e-307
9.487108e-308
2.982616e-307
5.440842e-307
9.177598e-308
2.88604e-307
5.266618e-307
8.133454e-308
2.56019e-307
4.678734e-307
7.652566e-308
2.411339e-307
4.41583e-307
9.487107e-308
2.982615e-307
5.440842e-307
7.39688e-308
2.332436e-307
4.277245e-307
8.707143e-308
2.738625e-307
4.998654e-307
8.707147e-308
2.738626e-307
4.998655e-307
9.487108e-308
2.982615e-307
5.440841e-307
7.65257e-308
2.41134e-307
4.415832e-307
9.177597e-308
2.886039e-307
5.266618e-307
7.396886e-308
2.332438e-307
4.277248e-307
8.133456e-308
2.560191e-307
4.678735e-307
3.271311e-308
1.04796e-307
1.999818e-307
2.78848e-308
8.961133e-308
1.728635e-307
4.419436e-308
1.409583e-307
2.650961e-307
4.419436e-308
1.409583e-307
2.650961e-307
3.27131e-308
1.04796e-307
1.999818e-307
5.034843e-308
1.600145e-307
2.980842e-307
3.271314e-308
1.047961e-307
1.99982e-307
2.788483e-308
8.961143e-308
1.728637e-307
4.41944e-308
1.409584e-307
2.650963e-307
3.271314e-308
1.047961e-307
1.99982e-307
4.41944e-308
1.409584e-307
2.650964e-307
5.034848e-308
1.600146e-307
2.980845e-307
3.271309e-308
1.04796e-307
1.999817e-307
3.271309e-308
1.04796e-307
1.999817e-307
2.788479e-308
8.961128e-308
1.728634e-307
4.419434e-308
1.409582e-307
2.65096e-307
4.419434e-308
1.409582e-307
2.65096e-307
5.034842e-308
1.600144e-307
2.980841e-307
5.034849e-308
1.600146e-307
2.980845e-307
2.788483e-308
8.961142e-308
1.728637e-307
3.271313e-308
1.047961e-307
1.99982e-307
4.419439e-308
1.409584e-307
2.650963e-307
4.419439e-308
1.409584e-307
2.650963e-307
3.271312e-308
1.047961e-307
1.99982e-307
2.78848e-308
8.961133e-308
1.728635e-307
3.271309e-308
1.04796e-307
1.999817e-307
4.419434e-308
1.409582e-307
2.65096e-307
3.271309e-308
1.04796e-307
1.999817e-307
4.419434e-308
1.409582e-307
2.65096e-307
5.034841e-308
1.600144e-307
2.980841e-307
3.27131e-308
1.04796e-307
1.999818e-307
2.78848e-308
8.961132e-308
1.728635e-307
3.271309e-308
1.04796e-307
1.999818e-307
4.419435e-308
1.409582e-307
2.65096e-307
5.034843e-308
1.600145e-307
2.980842e-307
4.419434e-308
1.409582e-307
2.65096e-307
6.298673e-308
1.994384e-307
3.693164e-307
5.966005e-308
1.890815e-307
3.507291e-307
5.412399e-308
1.72075e-307
3.221671e-307
4.82954e-308
1.539086e-307
2.894764e-307
4.208557e-308
1.34425e-307
2.556366e-307
3.973996e-308
1.271242e-307
2.426035e-307
6.298688e-308
1.994388e-307
3.693172e-307
5.966015e-308
1.890818e-307
3.507297e-307
4.829544e-308
1.539087e-307
2.894766e-307
5.412408e-308
1.720753e-307
3.221677e-307
3.974e-308
1.271243e-307
2.426037e-307
4.20856e-308
1.344251e-307
2.556368e-307
4.208556e-308
1.34425e-307
2.556365e-307
3.973995e-308
1.271241e-307
2.426034e-307
4.829538e-308
1.539085e-307
2.894762e-307
5.412404e-308
1.720751e-307
3.221674e-307
5.966008e-308
1.890816e-307
3.507293e-307
6.298681e-308
1.994386e-307
3.693169e-307
5.412402e-308
1.720751e-307
3.221673e-307
4.208559e-308
1.344251e-307
2.556367e-307
6.298675e-308
1.994385e-307
3.693166e-307
5.966008e-308
1.890816e-307
3.507293e-307
3.973999e-308
1.271242e-307
2.426036e-307
4.829542e-308
1.539087e-307
2.894765e-307
6.29868e-308
1.994386e-307
3.693167e-307
5.966007e-308
1.890816e-307
3.507293e-307
5.412401e-308
1.72075e-307
3.221672e-307
4.829538e-308
1.539085e-307
2.894762e-307
3.973995e-308
1.271241e-307
2.426034e-307
4.208555e-308
1.344249e-307
2.556365e-307
4.208556e-308
1.34425e-307
2.556365e-307
3.973996e-308
1.271241e-307
2.426034e-307
4.829538e-308
1.539085e-307
2.894762e-307
5.412403e-308
1.720751e-307
3.221674e-307
5.966008e-308
1.890816e-307
3.507293e-307
6.29868e-308
1.994386e-307
3.693169e-307
4.514664e-308
1.436941e-307
2.709326e-307
5.600314e-308
1.777608e-307
3.313864e-307
4.604025e-308
1.463784e-307
2.753504e-307
6.887051e-308
2.174308e-307
3.999413e-307
6.750428e-308
2.132554e-307
3.927354e-307
5.83034e-308
1.84714e-307
3.430111e-307
4.60404e-308
1.463788e-307
2.753512e-307
5.830356e-308
1.847145e-307
3.430119e-307
4.514672e-308
1.436944e-307
2.709331e-307
5.600329e-308
1.777612e-307
3.313873e-307
6.750445e-308
2.132559e-307
3.927363e-307
6.887064e-308
2.174312e-307
3.999421e-307
4.514669e-308
1.436943e-307
2.709329e-307
4.604038e-308
1.463788e-307
2.753511e-307
5.600325e-308
1.777611e-307
3.31387e-307
5.830356e-308
1.847145e-307
3.430119e-307
6.887063e-308
2.174312e-307
3.99942e-307
6.750441e-308
2.132558e-307
3.927361e-307
6.887053e-308
2.174309e-307
3.999414e-307
6.75043e-308
2.132554e-307
3.927354e-307
5.830343e-308
1.847141e-307
3.430112e-307
4.604028e-308
1.463785e-307
2.753505e-307
5.600317e-308
1.777608e-307
3.313865e-307
4.514665e-308
1.436942e-307
2.709327e-307
5.83035e-308
1.847143e-307
3.430115e-307
4.514667e-308
1.436942e-307
2.709327e-307
4.604033e-308
1.463786e-307
2.753508e-307
6.887056e-308
2.17431e-307
3.999416e-307
5.600322e-308
1.77761e-307
3.313868e-307
6.750436e-308
2.132557e-307
3.927358e-307
6.887061e-308
2.174311e-307
3.999419e-307
6.750439e-308
2.132557e-307
3.92736e-307
5.830353e-308
1.847144e-307
3.430118e-307
5.600324e-308
1.777611e-307
3.31387e-307
4.514668e-308
1.436943e-307
2.709329e-307
4.604036e-308
1.463787e-307
2.753511e-307
5.884311e-308
1.863634e-307
3.458821e-307
4.689636e-308
1.489757e-307
2.798236e-307
4.689638e-308
1.489758e-307
2.798237e-307
7.018472e-308
2.214585e-307
4.069632e-307
7.018471e-308
2.214584e-307
4.069631e-307
5.884307e-308
1.863632e-307
3.458819e-307
4.689642e-308
1.489759e-307
2.798239e-307
5.884313e-308
1.863634e-307
3.458823e-307
7.018478e-308
2.214587e-307
4.069636e-307
5.884319e-308
1.863636e-307
3.458826e-307
4.689645e-308
1.48976e-307
2.798241e-307
7.01848e-308
2.214587e-307
4.069637e-307
7.018486e-308
2.214589e-307
4.06964e-307
5.884322e-308
1.863637e-307
3.458827e-307
5.884324e-308
1.863637e-307
3.458828e-307
7.018484e-308
2.214588e-307
4.069639e-307
4.689652e-308
1.489762e-307
2.798245e-307
4.689653e-308
1.489763e-307
2.798245e-307
4.68964e-308
1.489758e-307
2.798237e-307
4.689643e-308
1.489759e-307
2.798239e-307
5.884315e-308
1.863635e-307
3.458823e-307
5.884311e-308
1.863633e-307
3.458821e-307
7.018475e-308
2.214586e-307
4.069634e-307
7.018476e-308
2.214586e-307
4.069634e-307
4.689638e-308
1.489758e-307
2.798237e-307
7.018475e-308
2.214586e-307
4.069633e-307
5.884313e-308
1.863634e-307
3.458822e-307
7.018474e-308
2.214586e-307
4.069634e-307
5.884309e-308
1.863633e-307
3.458821e-307
4.689641e-308
1.489759e-307
2.798239e-307
4.689649e-308
1.489761e-307
2.798243e-307
4.689649e-308
1.489761e-307
2.798243e-307
5.884317e-308
1.863635e-307
3.458824e-307
5.884318e-308
1.863636e-307
3.458825e-307
7.018478e-308
2.214587e-307
4.069635e-307
7.018479e-308
2.214587e-307
4.069636e-307
5.600321e-308
1.77761e-307
3.313867e-307
6.750434e-308
2.132556e-307
3.927357e-307
4.514665e-308
1.436941e-307
2.709326e-307
6.887054e-308
2.174309e-307
3.999415e-307
4.604032e-308
1.463786e-307
2.753508e-307
5.830347e-308
1.847142e-307
3.430114e-307
4.514666e-308
1.436942e-307
2.709327e-307
6.750431e-308
2.132555e-307
3.927355e-307
5.600316e-308
1.777608e-307
3.313865e-307
4.604028e-308
1.463785e-307
2.753506e-307
6.887054e-308
2.174309e-307
3.999415e-307
5.830343e-308
1.847141e-307
3.430113e-307
6.887068e-308
2.174314e-307
3.999423e-307
6.750448e-308
2.13256e-307
3.927364e-307
5.830359e-308
1.847146e-307
3.430121e-307
4.514674e-308
1.436944e-307
2.709331e-307
5.600331e-308
1.777613e-307
3.313873e-307
4.604041e-308
1.463789e-307
2.753513e-307
5.600323e-308
1.77761e-307
3.313868e-307
6.750437e-308
2.132557e-307
3.927358e-307
6.887058e-308
2.174311e-307
3.999417e-307
4.514666e-308
1.436942e-307
2.709327e-307
5.830351e-308
1.847143e-307
3.430116e-307
4.604034e-308
1.463787e-307
2.753509e-307
4.514665e-308
1.436942e-307
2.709326e-307
6.75043e-308
2.132554e-307
3.927354e-307
4.604027e-308
1.463784e-307
2.753505e-307
6.887052e-308
2.174309e-307
3.999414e-307
5.830341e-308
1.847141e-307
3.430112e-307
5.600316e-308
1.777608e-307
3.313865e-307
4.514666e-308
1.436942e-307
2.709327e-307
4.604034e-308
1.463787e-307
2.753509e-307
5.600322e-308
1.77761e-307
3.313868e-307
6.887058e-308
2.17431e-307
3.999417e-307
5.83035e-308
1.847143e-307
3.430116e-307
6.750436e-308
2.132556e-307
3.927358e-307
3.973994e-308
1.271241e-307
2.426033e-307
4.208553e-308
1.344249e-307
2.556364e-307
5.966006e-308
1.890815e-307
3.507292e-307
4.829536e-308
1.539085e-307
2.894762e-307
6.298677e-308
1.994385e-307
3.693166e-307
5.412398e-308
1.720749e-307
3.221671e-307
4.82954e-308
1.539086e-307
2.894764e-307
6.298674e-308
1.994384e-307
3.693165e-307
5.4124e-308
1.72075e-307
3.221673e-307
5.966004e-308
1.890815e-307
3.507291e-307
3.973997e-308
1.271242e-307
2.426035e-307
4.208558e-308
1.34425e-307
2.556367e-307
5.966016e-308
1.890819e-307
3.507298e-307
6.298689e-308
1.994389e-307
3.693173e-307
4.829544e-308
1.539087e-307
2.894766e-307
5.41241e-308
1.720753e-307
3.221678e-307
3.974001e-308
1.271243e-307
2.426037e-307
4.208561e-308
1.344251e-307
2.556369e-307
5.412401e-308
1.72075e-307
3.221672e-307
4.208554e-308
1.344249e-307
2.556364e-307
4.829537e-308
1.539085e-307
2.894761e-307
6.298678e-308
1.994385e-307
3.693166e-307
3.973993e-308
1.271241e-307
2.426033e-307
5.966006e-308
1.890815e-307
3.507292e-307
5.412402e-308
1.720751e-307
3.221673e-307
6.298676e-308
1.994385e-307
3.693166e-307
5.966008e-308
1.890816e-307
3.507294e-307
4.208559e-308
1.344251e-307
2.556367e-307
4.829543e-308
1.539087e-307
2.894766e-307
3.973999e-308
1.271243e-307
2.426037e-307
4.829537e-308
1.539085e-307
2.894762e-307
5.966006e-308
1.890815e-307
3.507292e-307
3.973994e-308
1.271241e-307
2.426033e-307
6.298679e-308
1.994386e-307
3.693167e-307
4.208554e-308
1.344249e-307
2.556364e-307
5.4124e-308
1.72075e-307
3.221672e-307
1.159089e-308
3.689986e-308
6.843131e-308
1.159089e-308
3.689986e-308
6.843131e-308
1.676227e-309
5.311546e-309
9.718199e-309
3.335645e-309
1.059297e-308
1.949762e-308
1.720551e-308
5.507316e-308
1.041351e-307
3.335645e-309
1.059297e-308
1.949762e-308
1.15909e-308
3.68999e-308
6.843138e-308
1.67623e-309
5.311554e-309
9.718213e-309
1.159091e-308
3.68999e-308
6.843139e-308
3.335649e-309
1.059299e-308
1.949765e-308
1.720553e-308
5.507322e-308
1.041353e-307
3.335651e-309
1.059299e-308
1.949765e-308
3.335648e-309
1.059298e-308
1.949763e-308
1.159089e-308
3.689985e-308
6.84313e-308
1.676228e-309
5.311548e-309
9.718203e-309
1.720551e-308
5.507316e-308
1.041351e-307
1.159089e-308
3.689986e-308
6.843132e-308
3.335647e-309
1.059298e-308
1.949764e-308
1.67623e-309
5.311555e-309
9.718213e-309
3.335651e-309
1.059299e-308
1.949765e-308
3.335651e-309
1.059299e-308
1.949765e-308
1.15909e-308
3.689989e-308
6.843137e-308
1.15909e-308
3.689989e-308
6.843137e-308
1.720552e-308
5.50732e-308
1.041352e-307
1.676227e-309
5.311547e-309
9.718202e-309
1.159089e-308
3.689985e-308
6.843131e-308
1.159089e-308
3.689985e-308
6.84313e-308
3.335645e-309
1.059297e-308
1.949762e-308
1.72055e-308
5.507315e-308
1.041351e-307
3.335646e-309
1.059298e-308
1.949763e-308
1.676229e-309
5.31155e-309
9.718206e-309
1.159089e-308
3.689986e-308
6.843132e-308
3.335648e-309
1.059298e-308
1.949764e-308
1.720551e-308
5.507316e-308
1.041352e-307
3.335647e-309
1.059298e-308
1.949763e-308
1.159089e-308
3.689986e-308
6.843132e-308
1.393564e-308
4.429496e-308
8.173414e-308
4.902798e-309
1.553291e-308
2.841704e-308
2.49832e-308
7.970995e-308
1.489977e-307
1.7304e-308
5.491371e-308
1.011605e-307
5.578277e-309
1.766115e-308
3.230262e-308
2.759817e-308
8.802912e-308
1.648649e-307
5.57829e-309
1.76612e-308
3.230269e-308
1.393565e-308
4.429501e-308
8.173423e-308
4.902805e-309
1.553294e-308
2.841708e-308
2.498322e-308
7.971002e-308
1.489978e-307
1.730403e-308
5.491379e-308
1.011606e-307
2.75982e-308
8.802921e-308
1.648651e-307
2.759816e-308
8.802907e-308
1.648648e-307
1.730399e-308
5.491368e-308
1.011604e-307
5.578277e-309
1.766116e-308
3.230262e-308
2.498319e-308
7.970989e-308
1.489976e-307
1.393563e-308
4.429494e-308
8.173412e-308
4.902797e-309
1.553291e-308
2.841705e-308
1.730401e-308
5.491374e-308
1.011605e-307
4.902804e-309
1.553293e-308
2.841707e-308
5.57828e-309
1.766116e-308
3.230264e-308
1.393565e-308
4.429499e-308
8.17342e-308
2.498322e-308
7.971e-308
1.489978e-307
2.759819e-308
8.802916e-308
1.64865e-307
2.759817e-308
8.80291e-308
1.648649e-307
1.7304e-308
5.491372e-308
1.011605e-307
5.57828e-309
1.766117e-308
3.230264e-308
2.498319e-308
7.970991e-308
1.489976e-307
4.902801e-309
1.553292e-308
2.841706e-308
1.393563e-308
4.429495e-308
8.173414e-308
1.393564e-308
4.429495e-308
8.173412e-308
2.498319e-308
7.970992e-308
1.489976e-307
4.902798e-309
1.553291e-308
2.841704e-308
5.57828e-309
1.766117e-308
3.230264e-308
2.759816e-308
8.802909e-308
1.648648e-307
1.7304e-308
5.49137e-308
1.011605e-307
6.520183e-309
2.05578e-308
3.729952e-308
1.974296e-308
6.237518e-308
1.138752e-307
6.245152e-309
1.972702e-308
3.592221e-308
3.225552e-308
1.024157e-307
1.899546e-307
1.835824e-308
5.818262e-308
1.068862e-307
3.115369e-308
9.908797e-308
1.844272e-307
6.520189e-309
2.055782e-308
3.729955e-308
1.974297e-308
6.23752e-308
1.138752e-307
6.245162e-309
1.972706e-308
3.592227e-308
1.835828e-308
5.818273e-308
1.068864e-307
3.225555e-308
1.024158e-307
1.899547e-307
3.115373e-308
9.90881e-308
1.844275e-307
1.835824e-308
5.81826e-308
1.068862e-307
6.245147e-309
1.972701e-308
3.592219e-308
3.115368e-308
9.908793e-308
1.844271e-307
1.974296e-308
6.237515e-308
1.138751e-307
6.520178e-309
2.055778e-308
3.72995e-308
3.225551e-308
1.024157e-307
1.899545e-307
6.245157e-309
1.972704e-308
3.592224e-308
1.835825e-308
5.818266e-308
1.068863e-307
6.520187e-309
2.055781e-308
3.729955e-308
3.115371e-308
9.908804e-308
1.844273e-307
3.225554e-308
1.024158e-307
1.899547e-307
1.974297e-308
6.237522e-308
1.138752e-307
6.245155e-309
1.972703e-308
3.592222e-308
1.835825e-308
5.818266e-308
1.068863e-307
6.520179e-309
2.055779e-308
3.729949e-308
3.115369e-308
9.908797e-308
1.844272e-307
3.225551e-308
1.024157e-307
1.899545e-307
1.974294e-308
6.237511e-308
1.13875e-307
1.835824e-308
5.818261e-308
1.068862e-307
1.974296e-308
6.237516e-308
1.138751e-307
6.245148e-309
1.972701e-308
3.592219e-308
3.115368e-308
9.908794e-308
1.844272e-307
6.520178e-309
2.055779e-308
3.72995e-308
3.225551e-308
1.024157e-307
1.899545e-307
6.833739e-309
2.149268e-308
3.880727e-308
2.049766e-308
6.462636e-308
1.175201e-307
2.012583e-308
6.351501e-308
1.156993e-307
3.387102e-308
1.072566e-307
1.978818e-307
6.760065e-309
2.127277e-308
3.844838e-308
3.356656e-308
1.063352e-307
1.962989e-307
2.049763e-308
6.462628e-308
1.175199e-307
6.833707e-309
2.149258e-308
3.88071e-308
3.387106e-308
1.072567e-307
1.97882e-307
6.760042e-309
2.127269e-308
3.844825e-308
2.012579e-308
6.351486e-308
1.15699e-307
3.356659e-308
1.063353e-307
1.96299e-307
2.012583e-308
6.351499e-308
1.156992e-307
6.760063e-309
2.127276e-308
3.844836e-308
2.049771e-308
6.462653e-308
1.175204e-307
3.356662e-308
1.063354e-307
1.962992e-307
6.833734e-309
2.149266e-308
3.880724e-308
3.387114e-308
1.07257e-307
1.978825e-307
2.012585e-308
6.351506e-308
1.156994e-307
3.356659e-308
1.063352e-307
1.96299e-307
3.387104e-308
1.072566e-307
1.97882e-307
6.760072e-309
2.127279e-308
3.844842e-308
6.833743e-309
2.14927e-308
3.88073e-308
2.049767e-308
6.46264e-308
1.175202e-307
2.012577e-308
6.35148e-308
1.156989e-307
3.356656e-308
1.063352e-307
1.962988e-307
3.387103e-308
1.072566e-307
1.978819e-307
6.760033e-309
2.127266e-308
3.84482e-308
2.049761e-308
6.462623e-308
1.175199e-307
6.833702e-309
2.149257e-308
3.880708e-308
2.012582e-308
6.351498e-308
1.156992e-307
6.760061e-309
2.127275e-308
3.844835e-308
2.04977e-308
6.462648e-308
1.175203e-307
3.356661e-308
1.063353e-307
1.962992e-307
6.833729e-309
2.149265e-308
3.880721e-308
3.387112e-308
1.072569e-307
1.978824e-307
2.04976e-308
6.462619e-308
1.175198e-307
3.356655e-308
1.063351e-307
1.962987e-307
3.387101e-308
1.072565e-307
1.978818e-307
6.833698e-309
2.149255e-308
3.880705e-308
6.760032e-309
2.127266e-308
3.844819e-308
2.012575e-308
6.351476e-308
1.156988e-307
6.760075e-309
2.12728e-308
3.844843e-308
2.012585e-308
6.351506e-308
1.156994e-307
3.387105e-308
1.072567e-307
1.97882e-307
6.833744e-309
2.14927e-308
3.880731e-308
3.356659e-308
1.063352e-307
1.96299e-307
2.049767e-308
6.462641e-308
1.175202e-307
2.049772e-308
6.462655e-308
1.175204e-307
6.833738e-309
2.149268e-308
3.880726e-308
3.387116e-308
1.07257e-307
1.978826e-307
6.760073e-309
2.127279e-308
3.844842e-308
3.356665e-308
1.063354e-307
1.962994e-307
2.012585e-308
6.351507e-308
1.156994e-307
2.012577e-308
6.35148e-308
1.156989e-307
6.760033e-309
2.127266e-308
3.844819e-308
2.049762e-308
6.462624e-308
1.175199e-307
3.356657e-308
1.063352e-307
1.962988e-307
3.387103e-308
1.072566e-307
1.978819e-307
6.833702e-309
2.149257e-308
3.880707e-308
2.049766e-308
6.462639e-308
1.175201e-307
6.833739e-309
2.149268e-308
3.880728e-308
6.760071e-309
2.127278e-308
3.844841e-308
3.356658e-308
1.063352e-307
1.962989e-307
3.387103e-308
1.072566e-307
1.978819e-307
2.012584e-308
6.351503e-308
1.156993e-307
2.049769e-308
6.462647e-308
1.175202e-307
3.387112e-308
1.072569e-307
1.978823e-307
3.35666e-308
1.063353e-307
1.96299e-307
2.012581e-308
6.351496e-308
1.156992e-307
6.833728e-309
2.149265e-308
3.880721e-308
6.760059e-309
2.127275e-308
3.844835e-308
6.520178e-309
2.055778e-308
3.729948e-308
1.974293e-308
6.237509e-308
1.13875e-307
6.245151e-309
1.972702e-308
3.59222e-308
1.835825e-308
5.818263e-308
1.068862e-307
3.22555e-308
1.024156e-307
1.899544e-307
3.115367e-308
9.908791e-308
1.844271e-307
6.245156e-309
1.972703e-308
3.592223e-308
6.520184e-309
2.055781e-308
3.729954e-308
1.835825e-308
5.818265e-308
1.068863e-307
3.225554e-308
1.024157e-307
1.899547e-307
1.974297e-308
6.23752e-308
1.138752e-307
3.11537e-308
9.908801e-308
1.844273e-307
1.974298e-308
6.237523e-308
1.138752e-307
6.245159e-309
1.972704e-308
3.592225e-308
6.520187e-309
2.055781e-308
3.729955e-308
3.225555e-308
1.024158e-307
1.899547e-307
1.835826e-308
5.818269e-308
1.068863e-307
3.115372e-308
9.908808e-308
1.844274e-307
1.835825e-308
5.818263e-308
1.068862e-307
6.245149e-309
1.972701e-308
3.592219e-308
6.520177e-309
2.055778e-308
3.729949e-308
3.115368e-308
9.908793e-308
1.844271e-307
3.225551e-308
1.024157e-307
1.899545e-307
1.974294e-308
6.23751e-308
1.13875e-307
6.245156e-309
1.972704e-308
3.592223e-308
1.835825e-308
5.818265e-308
1.068863e-307
6.520183e-309
2.05578e-308
3.729953e-308
3.225553e-308
1.024157e-307
1.899546e-307
1.974296e-308
6.237518e-308
1.138752e-307
3.11537e-308
9.908801e-308
1.844273e-307
6.245147e-309
1.972701e-308
3.592219e-308
3.115367e-308
9.90879e-308
1.844271e-307
1.835823e-308
5.818258e-308
1.068861e-307
3.225549e-308
1.024156e-307
1.899544e-307
6.520177e-309
2.055778e-308
3.72995e-308
1.974294e-308
6.237512e-308
1.138751e-307
4.902802e-309
1.553292e-308
2.841706e-308
5.57828e-309
1.766116e-308
3.230263e-308
1.393564e-308
4.429496e-308
8.173414e-308
1.730399e-308
5.491369e-308
1.011604e-307
2.498319e-308
7.970991e-308
1.489976e-307
2.759815e-308
8.802906e-308
1.648648e-307
1.7304e-308
5.491371e-308
1.011605e-307
4.9028e-309
1.553292e-308
2.841705e-308
5.578277e-309
1.766116e-308
3.230262e-308
1.393564e-308
4.429495e-308
8.173413e-308
2.759817e-308
8.802911e-308
1.648649e-307
2.49832e-308
7.970993e-308
1.489976e-307
1.730401e-308
5.491375e-308
1.011606e-307
1.393565e-308
4.4295e-308
8.173422e-308
4.902803e-309
1.553293e-308
2.841707e-308
2.498322e-308
7.971001e-308
1.489978e-307
5.578284e-309
1.766118e-308
3.230266e-308
2.75982e-308
8.802919e-308
1.64865e-307
2.759816e-308
8.802907e-308
1.648648e-307
2.498318e-308
7.970989e-308
1.489975e-307
1.393563e-308
4.429494e-308
8.173411e-308
1.730399e-308
5.491368e-308
1.011604e-307
4.902799e-309
1.553292e-308
2.841705e-308
5.578278e-309
1.766116e-308
3.230263e-308
2.759819e-308
8.802918e-308
1.64865e-307
2.498322e-308
7.971e-308
1.489978e-307
1.393565e-308
4.429499e-308
8.173421e-308
1.7304e-308
5.491373e-308
1.011605e-307
4.902803e-309
1.553293e-308
2.841708e-308
5.578281e-309
1.766117e-308
3.230266e-308
1.730399e-308
5.491367e-308
1.011604e-307
1.393563e-308
4.429494e-308
8.17341e-308
2.498319e-308
7.97099e-308
1.489976e-307
2.759815e-308
8.802905e-308
1.648648e-307
5.578275e-309
1.766115e-308
3.230261e-308
4.902796e-309
1.553291e-308
2.841703e-308
)
;

boundaryField
{
    top
    {
        type            zeroGradient;
    }
    bottom
    {
        type            zeroGradient;
    }
    defaultFaces
    {
        type            zeroGradient;
    }
    procBoundary0to1
    {
        type            processor;
        value           nonuniform List<scalar> 
1039
(
2.523868e-306
2.523868e-306
2.523868e-306
2.523868e-306
2.523868e-306
2.523868e-306
2.430643e-306
2.430643e-306
2.421404e-306
2.472505e-306
2.452912e-306
2.452912e-306
2.472505e-306
2.452912e-306
2.430643e-306
2.421404e-306
2.452912e-306
2.430643e-306
2.452912e-306
2.430643e-306
2.421404e-306
2.430642e-306
2.472505e-306
2.452912e-306
2.430642e-306
2.421403e-306
2.452911e-306
2.430642e-306
2.472504e-306
2.452911e-306
2.430642e-306
2.430642e-306
2.421403e-306
2.472504e-306
2.452911e-306
2.452911e-306
2.472505e-306
2.452912e-306
2.421404e-306
2.452912e-306
2.430642e-306
2.430642e-306
2.351176e-306
2.379969e-306
2.351177e-306
2.393074e-306
2.374952e-306
2.374952e-306
2.379969e-306
2.374952e-306
2.374952e-306
2.351177e-306
2.351177e-306
2.393074e-306
2.393074e-306
2.374952e-306
2.374952e-306
2.379969e-306
2.351176e-306
2.351176e-306
2.351175e-306
2.374951e-306
2.374951e-306
2.351175e-306
2.393072e-306
2.379967e-306
2.374951e-306
2.379967e-306
2.351175e-306
2.374951e-306
2.351175e-306
2.393072e-306
2.393073e-306
2.374951e-306
2.374951e-306
2.351176e-306
2.379968e-306
2.351175e-306
2.408519e-306
2.408519e-306
2.375707e-306
2.334466e-306
2.375708e-306
2.334466e-306
2.40852e-306
2.375708e-306
2.40852e-306
2.375708e-306
2.334467e-306
2.334467e-306
2.408519e-306
2.408519e-306
2.375708e-306
2.375708e-306
2.334467e-306
2.334467e-306
2.375707e-306
2.334466e-306
2.408518e-306
2.334466e-306
2.408519e-306
2.375707e-306
2.408518e-306
2.375706e-306
2.334466e-306
2.375707e-306
2.408518e-306
2.334465e-306
2.408518e-306
2.375707e-306
2.408518e-306
2.334466e-306
2.375706e-306
2.334466e-306
2.437876e-306
2.312059e-306
2.268741e-306
2.396904e-306
2.396904e-306
2.312059e-306
2.396905e-306
2.268742e-306
2.31206e-306
2.437877e-306
2.396905e-306
2.31206e-306
2.312059e-306
2.396904e-306
2.268741e-306
2.312059e-306
2.437876e-306
2.396904e-306
2.396903e-306
2.437875e-306
2.396903e-306
2.312058e-306
2.396903e-306
2.437875e-306
2.396903e-306
2.312058e-306
2.312058e-306
2.26874e-306
2.312058e-306
2.396903e-306
2.437875e-306
2.396903e-306
2.292934e-306
2.152967e-306
2.306641e-306
2.209367e-306
2.127651e-306
2.284798e-306
2.284799e-306
2.292934e-306
2.152969e-306
2.127652e-306
2.306641e-306
2.209368e-306
2.292934e-306
2.306641e-306
2.284799e-306
2.152968e-306
2.209368e-306
2.127652e-306
2.284797e-306
2.209367e-306
2.30664e-306
2.127651e-306
2.292933e-306
2.152967e-306
2.284797e-306
2.292933e-306
2.30664e-306
2.209366e-306
2.209367e-306
2.284797e-306
2.127651e-306
2.152967e-306
2.30664e-306
2.292933e-306
2.127651e-306
2.284798e-306
2.30664e-306
2.209366e-306
2.292933e-306
2.152967e-306
2.292934e-306
2.152968e-306
2.306641e-306
2.284799e-306
2.127652e-306
2.209368e-306
2.152969e-306
2.292935e-306
2.127652e-306
2.306642e-306
2.284799e-306
2.209368e-306
2.284798e-306
2.209367e-306
2.127651e-306
2.306641e-306
2.152967e-306
2.292933e-306
2.284797e-306
2.30664e-306
2.292933e-306
2.209366e-306
2.284797e-306
2.30664e-306
2.292933e-306
2.209366e-306
2.152967e-306
2.127651e-306
1.507887e-306
1.602602e-306
2.005783e-306
1.824146e-306
1.824146e-306
1.602602e-306
1.602604e-306
1.824148e-306
1.507889e-306
2.005784e-306
1.602604e-306
1.824148e-306
1.602602e-306
2.005783e-306
1.824146e-306
1.507887e-306
1.602602e-306
1.824146e-306
1.507887e-306
1.824145e-306
1.602602e-306
2.005782e-306
1.602601e-306
1.824145e-306
1.897211e-306
1.742398e-306
2.104004e-306
1.878327e-306
2.047818e-306
1.719238e-306
1.897212e-306
1.719239e-306
1.742399e-306
2.04782e-306
2.104005e-306
1.878328e-306
1.897212e-306
1.719238e-306
2.047819e-306
2.104004e-306
1.742398e-306
1.878327e-306
1.89721e-306
2.047818e-306
2.104003e-306
2.047818e-306
1.719238e-306
1.878327e-306
1.897211e-306
1.742398e-306
1.763414e-306
2.016521e-306
1.896049e-306
1.896049e-306
1.763413e-306
2.016521e-306
1.763415e-306
1.763415e-306
1.896051e-306
1.89605e-306
2.016522e-306
2.016523e-306
1.896051e-306
1.763415e-306
2.016523e-306
2.016523e-306
1.763416e-306
1.896052e-306
2.016522e-306
1.89605e-306
2.016521e-306
1.763414e-306
1.763414e-306
1.896049e-306
2.016522e-306
1.763414e-306
1.89605e-306
1.763414e-306
2.016521e-306
1.896049e-306
1.719238e-306
1.878326e-306
2.104003e-306
1.742397e-306
2.047818e-306
1.89721e-306
1.742398e-306
2.047819e-306
2.104004e-306
1.897211e-306
1.719238e-306
1.878327e-306
2.104006e-306
1.878329e-306
2.04782e-306
1.897213e-306
1.71924e-306
1.7424e-306
2.104004e-306
1.878327e-306
2.047819e-306
1.897211e-306
1.719238e-306
1.742398e-306
2.104003e-306
2.047818e-306
1.89721e-306
1.719238e-306
1.742398e-306
1.05436e-306
9.792561e-307
1.218664e-306
1.218664e-306
1.05436e-306
1.315828e-306
9.792578e-307
1.315831e-306
1.054363e-306
1.218667e-306
1.054362e-306
1.218667e-306
1.054361e-306
1.218665e-306
1.054361e-306
9.792558e-307
1.315829e-306
1.218665e-306
1.218665e-306
1.315829e-306
1.054361e-306
1.218665e-306
1.054361e-306
9.792561e-307
1.160018e-306
1.285635e-306
1.396832e-306
1.215663e-306
1.475461e-306
1.533086e-306
1.160021e-306
1.285637e-306
1.215666e-306
1.475463e-306
1.533088e-306
1.396833e-306
1.475461e-306
1.215665e-306
1.285636e-306
1.16002e-306
1.396832e-306
1.533086e-306
1.533086e-306
1.396832e-306
1.475461e-306
1.215665e-306
1.285636e-306
1.16002e-306
1.299491e-306
1.283944e-306
1.615859e-306
1.466323e-306
1.601442e-306
1.431903e-306
1.431905e-306
1.601444e-306
1.615861e-306
1.466324e-306
1.299492e-306
1.283946e-306
1.466325e-306
1.299492e-306
1.615861e-306
1.283946e-306
1.601443e-306
1.431905e-306
1.615859e-306
1.466323e-306
1.466324e-306
1.61586e-306
1.299491e-306
1.601443e-306
1.431904e-306
1.283945e-306
1.29949e-306
1.601442e-306
1.466323e-306
1.431903e-306
1.283944e-306
1.615859e-306
1.431904e-306
1.299492e-306
1.283945e-306
1.466324e-306
1.601443e-306
1.61586e-306
1.283947e-306
1.299493e-306
1.431906e-306
1.601445e-306
1.466325e-306
1.615861e-306
1.466324e-306
1.299491e-306
1.61586e-306
1.601443e-306
1.283945e-306
1.431904e-306
1.466324e-306
1.61586e-306
1.299491e-306
1.283945e-306
1.431904e-306
1.601442e-306
1.160019e-306
1.533086e-306
1.396831e-306
1.215664e-306
1.47546e-306
1.285635e-306
1.285635e-306
1.215664e-306
1.160019e-306
1.533086e-306
1.396831e-306
1.475461e-306
1.285638e-306
1.160021e-306
1.475463e-306
1.215666e-306
1.533088e-306
1.396834e-306
1.160019e-306
1.475461e-306
1.396832e-306
1.215664e-306
1.285635e-306
1.533086e-306
5.731408e-307
4.834551e-307
7.728581e-307
7.728581e-307
5.731406e-307
8.3711e-307
7.728588e-307
5.731411e-307
5.731412e-307
7.728587e-307
4.834554e-307
8.371106e-307
5.731402e-307
5.731402e-307
4.834546e-307
7.728573e-307
7.728574e-307
8.371093e-307
5.731405e-307
4.834548e-307
5.731403e-307
7.728576e-307
8.371096e-307
7.728575e-307
9.446721e-307
1.044733e-306
1.003046e-306
8.096206e-307
8.727768e-307
7.797116e-307
1.044735e-306
1.003047e-306
8.727777e-307
9.446739e-307
7.797124e-307
8.096216e-307
8.096203e-307
7.79711e-307
8.727762e-307
9.446725e-307
1.003046e-306
1.044734e-306
8.096204e-307
7.797111e-307
8.727764e-307
9.446726e-307
1.003046e-306
1.044734e-306
7.58106e-307
9.293316e-307
7.592254e-307
1.106903e-306
1.084985e-306
9.425383e-307
9.425409e-307
1.084988e-306
7.592274e-307
9.293341e-307
1.106905e-306
7.581074e-307
7.581066e-307
7.592271e-307
9.29333e-307
9.425407e-307
1.106905e-306
1.084987e-306
1.084987e-306
1.106904e-306
9.29333e-307
9.425404e-307
7.581065e-307
7.592269e-307
9.517086e-307
7.680321e-307
7.680324e-307
1.132596e-306
1.132596e-306
9.517079e-307
7.68033e-307
9.517089e-307
1.132597e-306
9.517098e-307
7.680335e-307
1.132597e-306
1.132598e-306
1.132598e-306
9.517102e-307
9.517105e-307
7.680347e-307
7.680347e-307
9.517091e-307
1.132597e-306
7.680341e-307
7.680341e-307
9.517095e-307
9.517096e-307
1.132597e-306
1.132597e-306
9.293327e-307
1.084986e-306
7.58106e-307
1.106904e-306
7.592263e-307
9.425393e-307
1.106904e-306
1.084985e-306
7.59226e-307
9.425388e-307
7.581064e-307
9.293322e-307
7.581075e-307
7.592278e-307
9.425412e-307
9.293343e-307
1.106905e-306
1.084988e-306
1.106904e-306
9.425398e-307
7.592266e-307
9.293328e-307
1.084986e-306
7.581061e-307
7.797109e-307
8.096199e-307
1.003045e-306
8.727759e-307
1.044733e-306
9.44672e-307
8.727769e-307
1.044733e-306
9.446724e-307
1.003045e-306
7.797117e-307
8.096209e-307
1.044735e-306
8.727776e-307
1.003047e-306
9.446738e-307
7.797122e-307
8.096214e-307
9.446722e-307
8.0962e-307
8.72776e-307
1.044733e-306
7.797107e-307
1.003045e-306
2.058925e-307
2.058925e-307
2.941133e-308
5.885388e-308
3.017684e-307
5.885389e-308
2.058927e-307
2.941136e-308
2.058927e-307
5.885394e-308
3.017687e-307
5.885396e-308
5.88539e-308
2.058923e-307
2.941132e-308
3.017682e-307
2.058924e-307
5.885389e-308
2.058924e-307
3.017683e-307
5.885391e-308
5.885389e-308
2.058924e-307
2.941132e-308
3.469012e-307
5.714479e-307
2.553748e-307
9.108548e-308
1.092909e-307
4.68492e-307
1.092911e-307
5.714485e-307
3.469017e-307
4.684924e-307
9.108564e-308
2.55375e-307
5.714473e-307
3.469008e-307
1.092908e-307
4.684915e-307
2.553745e-307
9.108544e-308
2.553746e-307
9.108544e-308
1.092909e-307
4.684917e-307
3.469009e-307
5.714474e-307
3.497436e-307
5.811057e-307
3.621276e-307
6.211688e-307
1.197918e-307
1.175274e-307
1.175277e-307
3.497439e-307
1.197921e-307
3.621284e-307
5.811066e-307
6.211699e-307
3.497434e-307
3.621274e-307
1.197917e-307
6.211684e-307
5.811053e-307
1.175274e-307
3.621274e-307
3.497435e-307
1.197917e-307
6.211685e-307
1.175274e-307
5.811054e-307
1.161077e-307
3.465471e-307
5.684245e-307
3.460368e-307
1.159382e-307
5.656605e-307
5.684253e-307
3.465467e-307
1.161072e-307
1.159379e-307
3.460361e-307
5.656611e-307
3.460366e-307
1.159382e-307
3.465481e-307
5.656615e-307
1.161076e-307
5.684266e-307
3.465479e-307
5.684263e-307
1.161076e-307
1.159382e-307
5.656614e-307
3.460366e-307
5.656603e-307
3.460354e-307
3.465463e-307
5.684244e-307
1.159376e-307
1.16107e-307
1.159384e-307
3.460371e-307
5.684251e-307
1.161078e-307
5.656609e-307
3.465475e-307
5.684269e-307
5.656619e-307
3.46037e-307
3.465481e-307
1.161077e-307
1.159383e-307
5.656605e-307
3.460356e-307
3.621276e-307
1.197917e-307
1.175274e-307
3.497432e-307
6.211684e-307
5.811053e-307
3.621278e-307
1.197918e-307
5.811061e-307
3.497438e-307
1.175276e-307
6.211692e-307
6.211696e-307
1.19792e-307
1.175276e-307
5.811062e-307
3.497439e-307
3.62128e-307
3.621276e-307
1.175274e-307
1.197917e-307
6.211685e-307
5.811055e-307
3.497432e-307
5.714472e-307
9.108549e-308
4.684915e-307
2.553746e-307
1.092908e-307
3.469008e-307
3.469011e-307
9.108552e-308
1.092909e-307
2.553747e-307
5.714478e-307
4.68492e-307
4.684923e-307
2.553749e-307
9.108557e-308
3.469014e-307
5.714482e-307
1.09291e-307
5.714473e-307
4.684915e-307
2.553745e-307
3.469009e-307
9.108547e-308
1.092909e-307
1.63627e-306
1.63627e-306
1.677044e-306
1.677044e-306
1.546262e-306
1.63627e-306
1.677044e-306
1.677044e-306
1.63627e-306
1.613055e-306
1.613055e-306
1.624151e-306
1.624151e-306
1.613055e-306
1.613055e-306
1.624151e-306
1.624151e-306
1.215946e-306
1.462218e-306
1.150329e-306
1.364609e-306
1.36461e-306
1.215946e-306
1.462218e-306
1.215946e-306
1.364609e-306
1.364609e-306
1.215946e-306
1.150328e-306
1.546262e-306
1.546262e-306
1.406318e-306
1.298713e-306
1.316349e-306
1.316349e-306
1.546263e-306
1.537262e-306
1.406319e-306
1.431801e-306
1.298714e-306
1.31635e-306
1.330879e-306
1.433062e-306
1.527411e-306
1.330879e-306
1.527411e-306
1.433062e-306
1.546263e-306
1.537262e-306
1.406319e-306
1.298714e-306
1.431802e-306
1.31635e-306
1.406318e-306
1.165945e-306
1.406318e-306
1.406318e-306
1.014846e-306
9.464042e-307
9.464042e-307
8.289079e-307
8.289079e-307
7.689748e-307
9.464047e-307
1.014846e-306
8.28908e-307
9.464048e-307
7.689744e-307
8.289081e-307
1.165945e-306
9.960571e-307
1.066149e-306
9.408445e-307
9.145584e-307
1.127314e-306
1.165946e-306
9.408451e-307
1.127314e-306
9.14559e-307
9.960574e-307
1.066149e-306
9.776224e-307
1.086912e-306
9.864662e-307
9.864662e-307
1.210264e-306
1.210264e-306
1.210265e-306
1.21915e-306
1.1071e-306
1.086913e-306
9.77623e-307
9.864671e-307
1.086913e-306
9.776228e-307
9.864671e-307
1.1071e-306
1.210265e-306
1.21915e-306
8.538525e-307
1.066149e-306
1.127314e-306
9.960571e-307
9.408447e-307
1.165946e-306
9.145584e-307
1.066149e-306
1.165945e-306
1.127314e-306
1.066149e-306
9.408447e-307
9.960573e-307
9.145589e-307
6.526149e-307
4.114121e-307
5.954137e-307
5.954137e-307
4.683724e-307
4.683725e-307
4.683719e-307
4.114116e-307
4.68372e-307
5.954129e-307
5.95413e-307
6.526139e-307
6.646038e-307
7.767503e-307
5.968308e-307
8.140152e-307
6.223878e-307
7.294128e-307
8.140154e-307
7.767501e-307
7.294125e-307
6.646032e-307
6.223872e-307
5.968303e-307
7.292581e-307
6.204946e-307
6.236081e-307
8.413765e-307
8.538523e-307
7.405201e-307
7.405209e-307
8.538529e-307
8.413772e-307
6.204946e-307
6.236084e-307
7.292583e-307
6.298957e-307
6.298957e-307
6.298957e-307
7.458234e-307
8.680934e-307
8.680934e-307
6.29896e-307
8.680941e-307
7.45824e-307
8.680941e-307
7.458237e-307
6.298962e-307
7.405205e-307
4.852957e-307
6.204947e-307
8.413766e-307
6.236081e-307
8.538525e-307
7.405202e-307
7.29258e-307
6.204944e-307
6.236084e-307
7.292582e-307
8.41377e-307
8.538525e-307
7.405205e-307
7.294128e-307
8.140152e-307
7.767504e-307
6.223879e-307
6.64604e-307
5.968309e-307
6.64603e-307
7.294124e-307
7.7675e-307
5.968301e-307
6.22387e-307
8.140154e-307
2.433966e-308
4.911737e-308
4.911738e-308
1.740495e-307
1.740495e-307
2.725068e-307
4.911734e-308
2.433963e-308
1.740493e-307
2.725066e-307
1.740493e-307
4.911734e-308
7.280864e-308
2.082006e-307
4.438108e-307
3.844199e-307
2.684477e-307
8.493552e-308
4.438105e-307
2.684476e-307
8.493551e-308
3.844195e-307
7.280862e-308
2.082005e-307
9.324685e-308
9.374626e-308
2.808855e-307
2.839818e-307
4.855646e-307
4.825578e-307
9.374613e-308
9.324678e-308
2.839813e-307
2.808854e-307
4.825571e-307
4.855642e-307
2.839247e-307
4.828423e-307
4.85295e-307
9.389515e-308
9.416306e-308
2.852488e-307
2.839235e-307
4.828421e-307
4.852951e-307
9.389464e-308
2.852482e-307
9.416257e-308
2.852488e-307
2.85248e-307
9.389455e-308
9.389455e-308
4.852946e-307
4.852946e-307
9.416249e-308
2.852488e-307
9.389517e-308
4.828424e-307
4.852951e-307
9.416304e-308
2.839247e-307
4.852957e-307
2.852488e-307
4.828423e-307
2.839242e-307
9.416284e-308
9.389497e-308
9.324685e-308
9.374625e-308
2.808855e-307
4.825577e-307
2.839818e-307
4.855646e-307
9.324672e-308
4.85564e-307
2.808851e-307
4.825569e-307
9.374613e-308
2.839813e-307
4.43811e-307
3.8442e-307
2.082007e-307
2.684477e-307
7.280867e-308
8.493557e-308
2.082004e-307
2.684474e-307
7.280854e-308
3.844194e-307
4.438103e-307
8.493544e-308
)
;
    }
}


// ************************************************************************* //
