/*--------------------------------*- C++ -*----------------------------------*\
| =========                 |                                                 |
| \\      /  F ield         | OpenFOAM: The Open Source CFD Toolbox           |
|  \\    /   O peration     | Version:  2412                                  |
|   \\  /    A nd           | Website:  www.openfoam.com                      |
|    \\/     M anipulation  |                                                 |
\*---------------------------------------------------------------------------*/
FoamFile
{
    version     2.0;
    format      ascii;
    arch        "LSB;label=32;scalar=64";
    class       volScalarField;
    location    "100/neutroRegion";
    object      prec4;
}
// * * * * * * * * * * * * * * * * * * * * * * * * * * * * * * * * * * * * * //

dimensions      [0 -3 0 0 0 0 0];

internalField   nonuniform List<scalar> 
5830
(
2.139701e-306
1.229766e-306
3.980607e-307
2.139702e-306
1.229767e-306
3.980608e-307
2.139701e-306
1.229766e-306
3.980607e-307
2.1397e-306
1.229766e-306
3.980606e-307
2.1397e-306
1.229766e-306
3.980606e-307
2.139702e-306
1.229766e-306
3.980606e-307
2.255175e-306
1.252514e-306
4.016997e-307
2.279331e-306
1.256951e-306
4.015678e-307
2.260995e-306
1.2425e-306
3.958106e-307
2.260994e-306
1.242499e-306
3.958105e-307
2.241353e-306
1.229135e-306
3.910005e-307
2.279331e-306
1.256951e-306
4.015677e-307
2.255176e-306
1.252515e-306
4.016998e-307
2.279332e-306
1.256951e-306
4.015679e-307
2.279332e-306
1.256951e-306
4.015679e-307
2.260996e-306
1.2425e-306
3.958107e-307
2.241354e-306
1.229135e-306
3.910007e-307
2.260996e-306
1.2425e-306
3.958106e-307
2.260995e-306
1.2425e-306
3.958107e-307
2.279332e-306
1.256952e-306
4.01568e-307
2.255177e-306
1.252515e-306
4.016998e-307
2.241353e-306
1.229135e-306
3.910006e-307
2.279332e-306
1.256951e-306
4.015678e-307
2.260996e-306
1.2425e-306
3.958106e-307
2.279332e-306
1.256951e-306
4.015679e-307
2.279332e-306
1.256952e-306
4.01568e-307
2.260996e-306
1.2425e-306
3.958107e-307
2.255178e-306
1.252516e-306
4.016999e-307
2.241354e-306
1.229135e-306
3.910006e-307
2.260997e-306
1.2425e-306
3.958107e-307
2.260995e-306
1.242499e-306
3.958106e-307
2.241352e-306
1.229135e-306
3.910005e-307
2.27933e-306
1.256951e-306
4.015678e-307
2.279332e-306
1.256952e-306
4.01568e-307
2.260995e-306
1.242499e-306
3.958106e-307
2.255177e-306
1.252515e-306
4.016997e-307
2.260993e-306
1.242499e-306
3.958104e-307
2.255175e-306
1.252514e-306
4.016996e-307
2.279331e-306
1.256951e-306
4.015678e-307
2.24135e-306
1.229134e-306
3.910002e-307
2.27933e-306
1.25695e-306
4.015676e-307
2.260994e-306
1.242498e-306
3.958102e-307
1.955112e-306
1.041859e-306
3.271407e-307
1.955113e-306
1.041859e-306
3.271408e-307
1.784226e-306
9.356973e-307
2.924538e-307
2.107875e-306
1.142175e-306
3.61068e-307
2.107874e-306
1.142175e-306
3.610679e-307
2.165952e-306
1.179942e-306
3.739548e-307
2.107876e-306
1.142176e-306
3.610682e-307
1.784226e-306
9.356976e-307
2.924539e-307
2.107876e-306
1.142175e-306
3.610682e-307
1.955116e-306
1.04186e-306
3.271411e-307
2.165954e-306
1.179944e-306
3.739551e-307
1.955115e-306
1.04186e-306
3.271409e-307
2.165951e-306
1.179942e-306
3.739548e-307
2.107874e-306
1.142174e-306
3.610679e-307
2.107874e-306
1.142174e-306
3.610679e-307
1.784224e-306
9.356965e-307
2.924535e-307
1.955113e-306
1.041859e-306
3.271406e-307
1.955113e-306
1.041859e-306
3.271406e-307
1.955112e-306
1.041859e-306
3.271407e-307
1.955112e-306
1.041859e-306
3.271407e-307
2.107875e-306
1.142175e-306
3.61068e-307
2.107875e-306
1.142175e-306
3.61068e-307
2.165952e-306
1.179943e-306
3.739549e-307
1.784225e-306
9.35697e-307
2.924537e-307
2.107873e-306
1.142174e-306
3.610677e-307
2.165951e-306
1.179942e-306
3.739548e-307
2.107874e-306
1.142174e-306
3.610678e-307
1.955112e-306
1.041859e-306
3.271405e-307
1.955112e-306
1.041858e-306
3.271405e-307
1.784224e-306
9.356963e-307
2.924534e-307
2.165948e-306
1.179941e-306
3.739544e-307
2.107872e-306
1.142173e-306
3.610675e-307
1.784222e-306
9.356956e-307
2.924533e-307
2.107872e-306
1.142173e-306
3.610675e-307
1.955111e-306
1.041858e-306
3.271403e-307
1.955111e-306
1.041858e-306
3.271403e-307
2.155582e-306
1.175395e-306
3.726086e-307
2.093695e-306
1.138234e-306
3.601762e-307
2.226145e-306
1.220249e-306
3.879969e-307
2.155584e-306
1.175395e-306
3.726089e-307
2.093696e-306
1.138235e-306
3.601762e-307
2.226145e-306
1.220249e-306
3.879967e-307
2.155586e-306
1.175397e-306
3.726093e-307
2.226148e-306
1.22025e-306
3.879971e-307
2.093699e-306
1.138236e-306
3.601767e-307
2.226147e-306
1.22025e-306
3.87997e-307
2.155585e-306
1.175396e-306
3.72609e-307
2.093699e-306
1.138236e-306
3.601766e-307
2.226147e-306
1.22025e-306
3.879972e-307
2.226147e-306
1.22025e-306
3.879971e-307
2.155586e-306
1.175397e-306
3.726092e-307
2.155585e-306
1.175396e-306
3.726089e-307
2.093698e-306
1.138235e-306
3.601764e-307
2.093698e-306
1.138235e-306
3.601763e-307
2.155584e-306
1.175396e-306
3.726089e-307
2.093697e-306
1.138235e-306
3.601764e-307
2.226147e-306
1.22025e-306
3.879971e-307
2.093697e-306
1.138235e-306
3.601764e-307
2.226147e-306
1.22025e-306
3.87997e-307
2.155585e-306
1.175396e-306
3.72609e-307
2.093697e-306
1.138236e-306
3.601766e-307
2.093697e-306
1.138236e-306
3.601765e-307
2.155585e-306
1.175396e-306
3.726091e-307
2.155585e-306
1.175396e-306
3.72609e-307
2.226147e-306
1.22025e-306
3.87997e-307
2.226147e-306
1.22025e-306
3.87997e-307
2.226145e-306
1.220249e-306
3.879968e-307
2.226145e-306
1.220249e-306
3.879968e-307
2.155583e-306
1.175395e-306
3.726088e-307
2.093695e-306
1.138234e-306
3.601761e-307
2.155582e-306
1.175395e-306
3.726085e-307
2.093695e-306
1.138234e-306
3.60176e-307
1.243046e-306
6.492685e-307
2.018774e-307
1.243045e-306
6.492682e-307
2.018773e-307
1.290855e-306
6.753171e-307
2.10204e-307
1.146947e-306
5.972181e-307
1.853004e-307
1.146947e-306
5.972184e-307
1.853005e-307
1.096515e-306
5.699162e-307
1.765991e-307
1.146947e-306
5.972185e-307
1.853005e-307
1.243046e-306
6.492687e-307
2.018775e-307
1.290856e-306
6.753174e-307
2.102041e-307
1.096516e-306
5.699163e-307
1.765992e-307
1.146947e-306
5.972181e-307
1.853004e-307
1.243046e-306
6.492683e-307
2.018773e-307
1.146945e-306
5.972174e-307
1.853002e-307
1.243044e-306
6.492677e-307
2.018772e-307
1.096514e-306
5.699155e-307
1.765989e-307
1.146945e-306
5.972174e-307
1.853002e-307
1.290854e-306
6.753165e-307
2.102038e-307
1.243044e-306
6.492676e-307
2.018771e-307
1.243044e-306
6.492678e-307
2.018772e-307
1.290854e-306
6.753165e-307
2.102038e-307
1.096514e-306
5.699154e-307
1.765989e-307
1.243045e-306
6.492677e-307
2.018772e-307
1.146946e-306
5.972176e-307
1.853002e-307
1.146946e-306
5.972175e-307
1.853002e-307
1.146945e-306
5.972174e-307
1.853002e-307
1.243044e-306
6.492676e-307
2.018771e-307
1.146945e-306
5.972171e-307
1.853001e-307
1.096514e-306
5.699153e-307
1.765989e-307
1.290854e-306
6.753161e-307
2.102036e-307
1.243044e-306
6.492673e-307
2.01877e-307
1.146945e-306
5.972172e-307
1.853001e-307
1.146945e-306
5.972174e-307
1.853002e-307
1.290853e-306
6.75316e-307
2.102036e-307
1.096514e-306
5.699155e-307
1.765989e-307
1.243044e-306
6.492674e-307
2.018771e-307
1.243044e-306
6.492673e-307
2.01877e-307
1.898601e-306
1.009787e-306
3.166988e-307
1.675079e-306
8.752523e-307
2.72991e-307
1.991507e-306
1.074276e-306
3.386824e-307
1.934138e-306
1.044254e-306
3.291831e-307
1.738151e-306
9.199686e-307
2.877894e-307
1.833287e-306
9.851826e-307
3.099343e-307
1.675081e-306
8.752533e-307
2.729914e-307
1.738153e-306
9.199701e-307
2.877899e-307
1.934141e-306
1.044256e-306
3.291838e-307
1.83329e-306
9.851845e-307
3.099349e-307
1.898604e-306
1.009788e-306
3.166991e-307
1.991511e-306
1.074278e-306
3.38683e-307
1.675078e-306
8.752518e-307
2.729909e-307
1.898601e-306
1.009787e-306
3.166986e-307
1.991508e-306
1.074276e-306
3.386824e-307
1.73815e-306
9.199685e-307
2.877894e-307
1.833287e-306
9.851828e-307
3.099344e-307
1.934139e-306
1.044255e-306
3.291833e-307
1.898601e-306
1.009787e-306
3.166988e-307
1.675078e-306
8.752521e-307
2.72991e-307
1.991507e-306
1.074277e-306
3.386826e-307
1.934138e-306
1.044255e-306
3.291832e-307
1.833286e-306
9.851825e-307
3.099343e-307
1.73815e-306
9.199684e-307
2.877893e-307
1.833286e-306
9.851828e-307
3.099344e-307
1.991508e-306
1.074277e-306
3.386827e-307
1.934139e-306
1.044255e-306
3.291834e-307
1.73815e-306
9.199686e-307
2.877894e-307
1.898601e-306
1.009787e-306
3.166987e-307
1.675079e-306
8.75252e-307
2.729909e-307
1.833284e-306
9.851818e-307
3.099341e-307
1.991505e-306
1.074275e-306
3.386822e-307
1.898599e-306
1.009786e-306
3.166983e-307
1.934137e-306
1.044254e-306
3.29183e-307
1.738149e-306
9.199677e-307
2.877891e-307
1.675077e-306
8.752511e-307
2.729906e-307
1.833286e-306
9.851823e-307
3.099343e-307
1.991506e-306
1.074276e-306
3.386824e-307
1.8986e-306
1.009786e-306
3.166984e-307
1.934138e-306
1.044255e-306
3.291832e-307
1.675077e-306
8.752513e-307
2.729907e-307
1.73815e-306
9.199681e-307
2.877892e-307
1.67508e-306
8.75253e-307
2.729913e-307
1.738153e-306
9.199698e-307
2.877898e-307
1.898603e-306
1.009788e-306
3.166991e-307
1.99151e-306
1.074277e-306
3.386828e-307
1.833289e-306
9.851841e-307
3.099348e-307
1.934142e-306
1.044256e-306
3.291837e-307
1.833287e-306
9.85183e-307
3.099345e-307
1.93414e-306
1.044255e-306
3.291833e-307
1.991508e-306
1.074277e-306
3.386826e-307
1.738151e-306
9.19969e-307
2.877895e-307
1.67508e-306
8.752525e-307
2.72991e-307
1.898603e-306
1.009787e-306
3.166988e-307
1.675078e-306
8.752518e-307
2.729909e-307
1.73815e-306
9.199683e-307
2.877893e-307
1.833286e-306
9.851824e-307
3.099343e-307
1.898601e-306
1.009787e-306
3.166987e-307
1.991507e-306
1.074276e-306
3.386825e-307
1.934139e-306
1.044255e-306
3.291832e-307
1.833286e-306
9.851828e-307
3.099344e-307
1.991508e-306
1.074277e-306
3.386828e-307
1.898602e-306
1.009787e-306
3.166989e-307
1.675078e-306
8.75252e-307
2.729909e-307
1.93414e-306
1.044255e-306
3.291834e-307
1.738151e-306
9.199686e-307
2.877894e-307
1.991506e-306
1.074276e-306
3.386823e-307
1.8986e-306
1.009786e-306
3.166985e-307
1.738149e-306
9.199677e-307
2.877891e-307
1.833285e-306
9.851819e-307
3.099341e-307
1.675077e-306
8.752514e-307
2.729907e-307
1.934137e-306
1.044254e-306
3.29183e-307
1.261086e-306
6.681667e-307
2.083747e-307
1.320475e-306
6.984381e-307
2.177771e-307
1.337073e-306
6.903196e-307
2.138641e-307
1.395233e-306
7.298572e-307
2.268415e-307
1.395232e-306
7.298569e-307
2.268415e-307
1.320475e-306
6.984379e-307
2.177771e-307
1.320475e-306
6.984379e-307
2.177771e-307
1.395233e-306
7.298572e-307
2.268416e-307
1.261086e-306
6.681666e-307
2.083746e-307
1.337074e-306
6.903198e-307
2.138641e-307
1.320475e-306
6.984377e-307
2.17777e-307
1.395232e-306
7.298568e-307
2.268414e-307
1.320473e-306
6.984369e-307
2.177768e-307
1.337072e-306
6.903187e-307
2.138638e-307
1.395231e-306
7.298561e-307
2.268412e-307
1.261084e-306
6.681656e-307
2.083743e-307
1.320473e-306
6.984368e-307
2.177767e-307
1.39523e-306
7.298559e-307
2.268412e-307
1.337072e-306
6.903187e-307
2.138638e-307
1.39523e-306
7.298559e-307
2.268412e-307
1.395231e-306
7.29856e-307
2.268412e-307
1.320473e-306
6.984369e-307
2.177768e-307
1.261085e-306
6.681657e-307
2.083743e-307
1.320473e-306
6.98437e-307
2.177768e-307
1.337071e-306
6.903184e-307
2.138637e-307
1.320472e-306
6.984366e-307
2.177767e-307
1.39523e-306
7.298557e-307
2.268411e-307
1.39523e-306
7.298555e-307
2.268411e-307
1.320472e-306
6.984365e-307
2.177766e-307
1.261084e-306
6.681654e-307
2.083742e-307
1.261084e-306
6.681655e-307
2.083743e-307
1.320473e-306
6.984369e-307
2.177768e-307
1.395231e-306
7.29856e-307
2.268412e-307
1.320473e-306
6.984368e-307
2.177767e-307
1.39523e-306
7.298558e-307
2.268412e-307
1.337072e-306
6.903187e-307
2.138638e-307
1.630962e-306
8.737143e-307
2.744334e-307
1.528304e-306
8.203096e-307
2.577919e-307
1.457007e-306
7.5603e-307
2.349071e-307
1.459483e-306
7.656296e-307
2.383664e-307
1.63251e-306
8.62029e-307
2.693174e-307
1.456118e-306
7.754738e-307
2.427839e-307
1.630965e-306
8.737155e-307
2.744338e-307
1.456119e-306
7.754746e-307
2.427842e-307
1.528307e-306
8.203107e-307
2.577922e-307
1.632513e-306
8.620301e-307
2.693178e-307
1.457009e-306
7.560308e-307
2.349073e-307
1.459485e-306
7.656302e-307
2.383666e-307
1.630962e-306
8.737141e-307
2.744333e-307
1.456116e-306
7.754733e-307
2.427838e-307
1.63251e-306
8.620286e-307
2.693173e-307
1.457006e-306
7.560294e-307
2.349069e-307
1.528304e-306
8.203093e-307
2.577918e-307
1.459482e-306
7.656288e-307
2.383661e-307
1.630961e-306
8.737138e-307
2.744332e-307
1.459481e-306
7.656287e-307
2.383661e-307
1.456116e-306
7.754732e-307
2.427837e-307
1.632509e-306
8.620283e-307
2.693172e-307
1.528304e-306
8.20309e-307
2.577917e-307
1.457006e-306
7.560293e-307
2.349068e-307
1.457005e-306
7.560293e-307
2.349069e-307
1.632509e-306
8.620284e-307
2.693172e-307
1.459481e-306
7.656286e-307
2.383661e-307
1.630961e-306
8.737138e-307
2.744332e-307
1.456116e-306
7.754729e-307
2.427836e-307
1.528303e-306
8.203089e-307
2.577916e-307
1.456115e-306
7.754728e-307
2.427836e-307
1.528302e-306
8.203085e-307
2.577915e-307
1.459481e-306
7.656285e-307
2.383661e-307
1.63096e-306
8.737133e-307
2.74433e-307
1.457005e-306
7.56029e-307
2.349068e-307
1.632508e-306
8.620278e-307
2.69317e-307
1.607553e-306
8.70516e-307
2.748391e-307
1.779592e-306
9.609799e-307
3.029137e-307
1.685691e-306
9.101642e-307
2.868999e-307
1.68569e-306
9.101639e-307
2.868998e-307
1.607553e-306
8.70516e-307
2.748391e-307
1.779593e-306
9.609799e-307
3.029137e-307
1.607555e-306
8.705173e-307
2.748395e-307
1.607555e-306
8.705173e-307
2.748395e-307
1.685693e-306
9.101656e-307
2.869003e-307
1.779596e-306
9.609815e-307
3.029142e-307
1.685693e-306
9.101655e-307
2.869003e-307
1.779596e-306
9.609816e-307
3.029142e-307
1.607553e-306
8.705161e-307
2.748391e-307
1.68569e-306
9.101642e-307
2.868999e-307
1.779594e-306
9.609804e-307
3.029139e-307
1.685691e-306
9.101643e-307
2.868999e-307
1.607553e-306
8.705162e-307
2.748391e-307
1.779594e-306
9.609805e-307
3.029139e-307
1.779592e-306
9.609798e-307
3.029137e-307
1.68569e-306
9.101637e-307
2.868997e-307
1.779593e-306
9.609799e-307
3.029137e-307
1.607552e-306
8.705156e-307
2.748389e-307
1.607553e-306
8.705156e-307
2.748389e-307
1.68569e-306
9.101638e-307
2.868997e-307
1.607553e-306
8.705158e-307
2.74839e-307
1.68569e-306
9.10164e-307
2.868998e-307
1.779593e-306
9.609802e-307
3.029138e-307
1.607553e-306
8.705159e-307
2.74839e-307
1.779593e-306
9.609803e-307
3.029138e-307
1.68569e-306
9.10164e-307
2.868998e-307
1.779591e-306
9.609793e-307
3.029136e-307
1.779591e-306
9.609793e-307
3.029135e-307
1.607551e-306
8.70515e-307
2.748388e-307
1.685689e-306
9.101631e-307
2.868995e-307
1.685689e-306
9.101633e-307
2.868996e-307
1.607552e-306
8.705151e-307
2.748388e-307
1.456116e-306
7.754732e-307
2.427837e-307
1.528304e-306
8.203091e-307
2.577917e-307
1.457006e-306
7.560293e-307
2.349069e-307
1.459482e-306
7.656289e-307
2.383662e-307
1.630962e-306
8.737139e-307
2.744332e-307
1.632509e-306
8.620282e-307
2.693171e-307
1.528306e-306
8.203105e-307
2.577922e-307
1.632512e-306
8.620299e-307
2.693177e-307
1.457008e-306
7.560307e-307
2.349073e-307
1.630965e-306
8.737156e-307
2.744337e-307
1.456119e-306
7.754746e-307
2.427842e-307
1.459484e-306
7.656301e-307
2.383665e-307
1.457007e-306
7.5603e-307
2.349071e-307
1.632511e-306
8.62029e-307
2.693174e-307
1.459483e-306
7.656294e-307
2.383663e-307
1.630963e-306
8.737143e-307
2.744333e-307
1.528304e-306
8.203093e-307
2.577918e-307
1.456117e-306
7.754736e-307
2.427838e-307
1.630961e-306
8.737137e-307
2.744332e-307
1.456116e-306
7.75473e-307
2.427837e-307
1.528303e-306
8.203088e-307
2.577916e-307
1.459482e-306
7.656287e-307
2.383661e-307
1.632509e-306
8.620283e-307
2.693172e-307
1.457006e-306
7.560292e-307
2.349068e-307
1.457005e-306
7.560292e-307
2.349068e-307
1.632509e-306
8.620282e-307
2.693172e-307
1.459482e-306
7.656287e-307
2.383661e-307
1.456116e-306
7.754731e-307
2.427837e-307
1.630962e-306
8.737137e-307
2.744331e-307
1.528303e-306
8.203089e-307
2.577916e-307
1.457005e-306
7.560289e-307
2.349068e-307
1.632508e-306
8.620278e-307
2.69317e-307
1.459481e-306
7.656282e-307
2.38366e-307
1.63096e-306
8.73713e-307
2.744329e-307
1.456115e-306
7.754725e-307
2.427835e-307
1.528302e-306
8.203082e-307
2.577914e-307
7.816423e-307
3.984768e-307
1.224959e-307
7.251167e-307
3.671981e-307
1.123131e-307
1.005005e-306
5.250688e-307
1.628239e-307
1.005005e-306
5.250687e-307
1.628239e-307
7.816423e-307
3.984768e-307
1.224959e-307
1.10316e-306
5.811579e-307
1.80751e-307
7.251156e-307
3.671974e-307
1.123129e-307
7.816422e-307
3.984767e-307
1.224959e-307
1.005006e-306
5.250689e-307
1.628239e-307
7.81642e-307
3.984766e-307
1.224958e-307
1.10316e-306
5.811577e-307
1.807509e-307
1.005005e-306
5.250688e-307
1.628239e-307
7.81641e-307
3.984761e-307
1.224957e-307
1.005004e-306
5.250682e-307
1.628237e-307
7.81641e-307
3.984761e-307
1.224957e-307
7.251147e-307
3.67197e-307
1.123127e-307
1.103158e-306
5.811569e-307
1.807507e-307
1.005004e-306
5.250681e-307
1.628237e-307
1.103158e-306
5.811569e-307
1.807507e-307
1.005004e-306
5.25068e-307
1.628236e-307
1.005004e-306
5.250679e-307
1.628236e-307
7.816412e-307
3.984762e-307
1.224957e-307
7.816412e-307
3.984762e-307
1.224957e-307
7.251156e-307
3.671975e-307
1.123129e-307
7.816408e-307
3.984759e-307
1.224956e-307
1.005004e-306
5.250679e-307
1.628236e-307
7.251145e-307
3.671968e-307
1.123127e-307
7.816409e-307
3.984759e-307
1.224956e-307
1.103158e-306
5.811567e-307
1.807506e-307
1.005004e-306
5.250679e-307
1.628236e-307
1.005004e-306
5.250681e-307
1.628237e-307
1.103158e-306
5.81157e-307
1.807507e-307
7.816411e-307
3.984761e-307
1.224957e-307
1.005004e-306
5.250681e-307
1.628237e-307
7.816411e-307
3.984761e-307
1.224957e-307
7.251147e-307
3.671969e-307
1.123127e-307
1.085582e-306
5.69932e-307
1.772366e-307
9.451286e-307
4.898676e-307
1.519347e-307
1.062179e-306
5.597624e-307
1.745228e-307
1.26027e-306
6.688035e-307
2.088533e-307
1.334764e-306
7.121929e-307
2.2304e-307
1.249138e-306
6.672327e-307
2.091543e-307
9.451295e-307
4.898681e-307
1.519348e-307
1.085582e-306
5.699323e-307
1.772367e-307
1.06218e-306
5.59763e-307
1.74523e-307
1.26027e-306
6.688038e-307
2.088534e-307
1.334765e-306
7.121936e-307
2.230402e-307
1.249139e-306
6.672333e-307
2.091544e-307
1.260268e-306
6.688028e-307
2.088531e-307
1.062179e-306
5.597621e-307
1.745227e-307
1.085581e-306
5.699315e-307
1.772364e-307
9.451282e-307
4.898674e-307
1.519346e-307
1.249137e-306
6.672323e-307
2.091541e-307
1.334763e-306
7.121926e-307
2.230399e-307
1.334762e-306
7.121924e-307
2.230399e-307
1.260269e-306
6.688028e-307
2.088531e-307
1.249137e-306
6.672322e-307
2.091541e-307
1.085581e-306
5.699313e-307
1.772363e-307
9.451276e-307
4.89867e-307
1.519345e-307
1.062179e-306
5.59762e-307
1.745227e-307
1.334762e-306
7.121922e-307
2.230398e-307
1.062179e-306
5.59762e-307
1.745227e-307
1.260268e-306
6.688025e-307
2.08853e-307
9.45128e-307
4.898673e-307
1.519346e-307
1.08558e-306
5.699312e-307
1.772363e-307
1.249136e-306
6.672322e-307
2.091541e-307
1.334762e-306
7.121921e-307
2.230398e-307
1.249136e-306
6.672319e-307
2.09154e-307
1.260268e-306
6.688025e-307
2.08853e-307
1.062178e-306
5.597618e-307
1.745226e-307
1.08558e-306
5.699312e-307
1.772363e-307
9.451278e-307
4.898671e-307
1.519345e-307
1.313751e-306
7.066893e-307
2.223199e-307
1.200666e-306
6.456498e-307
2.031029e-307
1.457317e-306
7.859004e-307
2.475874e-307
1.234332e-306
6.660484e-307
2.099323e-307
1.493603e-306
8.082685e-307
2.551364e-307
1.380657e-306
7.470534e-307
2.358302e-307
1.313752e-306
7.0669e-307
2.223201e-307
1.457319e-306
7.859013e-307
2.475877e-307
1.493605e-306
8.082695e-307
2.551368e-307
1.380659e-306
7.470543e-307
2.358305e-307
1.234334e-306
6.660493e-307
2.099326e-307
1.200668e-306
6.456505e-307
2.031031e-307
1.380657e-306
7.470533e-307
2.358302e-307
1.234332e-306
6.660483e-307
2.099323e-307
1.493603e-306
8.082683e-307
2.551364e-307
1.200666e-306
6.456495e-307
2.031028e-307
1.457317e-306
7.859e-307
2.475872e-307
1.31375e-306
7.066889e-307
2.223198e-307
1.200665e-306
6.456492e-307
2.031027e-307
1.234331e-306
6.660479e-307
2.099322e-307
1.31375e-306
7.066888e-307
2.223197e-307
1.457316e-306
7.858997e-307
2.475872e-307
1.493602e-306
8.082679e-307
2.551362e-307
1.380656e-306
7.470528e-307
2.3583e-307
1.200666e-306
6.456494e-307
2.031028e-307
1.380656e-306
7.470532e-307
2.358301e-307
1.234332e-306
6.660483e-307
2.099323e-307
1.31375e-306
7.066888e-307
2.223197e-307
1.457316e-306
7.858998e-307
2.475872e-307
1.493603e-306
8.082682e-307
2.551363e-307
1.457315e-306
7.858993e-307
2.47587e-307
1.493601e-306
8.082674e-307
2.551361e-307
1.380655e-306
7.470524e-307
2.358299e-307
1.313749e-306
7.066884e-307
2.223196e-307
1.234331e-306
6.660475e-307
2.09932e-307
1.200665e-306
6.456489e-307
2.031026e-307
1.234332e-306
6.660483e-307
2.099323e-307
1.457317e-306
7.859e-307
2.475873e-307
1.380657e-306
7.470533e-307
2.358301e-307
1.31375e-306
7.06689e-307
2.223198e-307
1.200666e-306
6.456496e-307
2.031028e-307
1.493603e-306
8.082682e-307
2.551363e-307
1.234334e-306
6.660493e-307
2.099326e-307
1.313753e-306
7.066903e-307
2.223202e-307
1.200668e-306
6.456507e-307
2.031032e-307
1.380659e-306
7.470545e-307
2.358305e-307
1.457319e-306
7.859015e-307
2.475877e-307
1.493605e-306
8.082696e-307
2.551368e-307
1.200666e-306
6.456497e-307
2.031029e-307
1.457317e-306
7.859002e-307
2.475873e-307
1.313751e-306
7.066892e-307
2.223199e-307
1.493603e-306
8.082685e-307
2.551364e-307
1.380657e-306
7.470534e-307
2.358302e-307
1.234332e-306
6.660484e-307
2.099323e-307
1.380656e-306
7.470527e-307
2.3583e-307
1.234331e-306
6.660478e-307
2.099321e-307
1.493602e-306
8.082677e-307
2.551362e-307
1.457316e-306
7.858995e-307
2.475871e-307
1.200665e-306
6.456491e-307
2.031027e-307
1.313749e-306
7.066885e-307
2.223196e-307
1.31375e-306
7.066889e-307
2.223198e-307
1.457317e-306
7.858999e-307
2.475872e-307
1.200666e-306
6.456496e-307
2.031028e-307
1.380657e-306
7.470533e-307
2.358301e-307
1.493603e-306
8.082682e-307
2.551363e-307
1.234332e-306
6.660483e-307
2.099323e-307
1.380655e-306
7.470525e-307
2.358299e-307
1.493602e-306
8.082675e-307
2.551361e-307
1.234331e-306
6.660476e-307
2.099321e-307
1.200665e-306
6.456489e-307
2.031026e-307
1.313749e-306
7.066882e-307
2.223196e-307
1.457315e-306
7.858991e-307
2.475869e-307
9.451282e-307
4.898674e-307
1.519346e-307
1.334763e-306
7.121925e-307
2.230399e-307
1.249137e-306
6.672324e-307
2.091542e-307
1.062179e-306
5.597622e-307
1.745227e-307
1.260269e-306
6.688028e-307
2.088531e-307
1.085581e-306
5.699314e-307
1.772364e-307
1.085582e-306
5.699324e-307
1.772367e-307
9.451292e-307
4.89868e-307
1.519348e-307
1.334765e-306
7.121937e-307
2.230403e-307
1.06218e-306
5.597631e-307
1.74523e-307
1.260271e-306
6.68804e-307
2.088535e-307
1.249139e-306
6.672337e-307
2.091546e-307
1.085582e-306
5.699319e-307
1.772365e-307
9.451289e-307
4.898678e-307
1.519347e-307
1.26027e-306
6.688033e-307
2.088533e-307
1.334763e-306
7.121927e-307
2.230399e-307
1.06218e-306
5.597625e-307
1.745228e-307
1.249138e-306
6.672326e-307
2.091542e-307
9.45128e-307
4.898673e-307
1.519346e-307
1.260268e-306
6.688026e-307
2.088531e-307
1.249136e-306
6.67232e-307
2.09154e-307
1.062179e-306
5.59762e-307
1.745227e-307
1.085581e-306
5.699313e-307
1.772363e-307
1.334762e-306
7.121923e-307
2.230398e-307
1.260268e-306
6.688028e-307
2.088531e-307
1.085581e-306
5.699314e-307
1.772364e-307
1.062179e-306
5.597621e-307
1.745227e-307
1.334763e-306
7.121925e-307
2.230399e-307
9.451279e-307
4.898672e-307
1.519345e-307
1.249137e-306
6.672325e-307
2.091542e-307
1.062178e-306
5.597617e-307
1.745226e-307
1.249136e-306
6.672318e-307
2.09154e-307
1.334761e-306
7.121918e-307
2.230397e-307
9.451277e-307
4.898671e-307
1.519345e-307
1.08558e-306
5.699311e-307
1.772363e-307
1.260268e-306
6.688022e-307
2.088529e-307
3.578922e-307
1.737023e-307
5.214469e-308
3.177689e-307
1.534337e-307
4.59458e-308
4.555519e-307
2.236018e-307
6.747501e-308
4.555518e-307
2.236017e-307
6.7475e-308
3.578922e-307
1.737023e-307
5.214469e-308
5.605203e-307
2.790325e-307
8.457982e-308
4.555509e-307
2.236012e-307
6.747483e-308
3.578915e-307
1.737019e-307
5.214458e-308
3.578915e-307
1.737019e-307
5.214457e-308
4.555509e-307
2.236012e-307
6.747482e-308
3.177684e-307
1.534334e-307
4.59457e-308
5.605191e-307
2.790318e-307
8.457959e-308
3.578909e-307
1.737016e-307
5.214449e-308
3.57891e-307
1.737016e-307
5.214449e-308
4.555502e-307
2.236009e-307
6.747473e-308
3.177679e-307
1.534332e-307
4.594563e-308
4.555502e-307
2.236009e-307
6.747472e-308
5.605182e-307
2.790314e-307
8.457946e-308
5.605195e-307
2.790321e-307
8.457967e-308
3.177685e-307
1.534335e-307
4.594574e-308
3.578917e-307
1.737021e-307
5.214462e-308
4.555513e-307
2.236014e-307
6.74749e-308
4.555513e-307
2.236014e-307
6.74749e-308
3.578918e-307
1.737021e-307
5.214462e-308
3.578909e-307
1.737016e-307
5.214448e-308
3.177679e-307
1.534331e-307
4.594563e-308
3.57891e-307
1.737016e-307
5.214449e-308
4.555502e-307
2.236008e-307
6.747471e-308
4.555502e-307
2.236009e-307
6.747472e-308
5.605182e-307
2.790314e-307
8.457945e-308
3.578909e-307
1.737016e-307
5.214448e-308
3.177679e-307
1.534331e-307
4.594563e-308
3.57891e-307
1.737016e-307
5.214449e-308
4.555502e-307
2.236008e-307
6.747471e-308
5.605182e-307
2.790314e-307
8.457945e-308
4.555502e-307
2.236009e-307
6.747472e-308
5.380855e-307
2.7519e-307
8.447565e-308
3.914843e-307
1.972264e-307
6.004975e-308
6.02529e-307
3.104373e-307
9.575744e-308
3.400993e-307
1.726601e-307
5.293746e-308
2.980818e-307
1.496356e-307
4.55985e-308
5.036273e-307
2.579917e-307
7.941029e-308
6.025291e-307
3.104373e-307
9.575744e-308
5.380846e-307
2.751895e-307
8.447547e-308
3.914834e-307
1.972258e-307
6.004958e-308
5.036267e-307
2.579914e-307
7.941019e-308
2.980813e-307
1.496353e-307
4.559839e-308
3.400988e-307
1.726597e-307
5.293735e-308
3.400981e-307
1.726594e-307
5.293726e-308
5.036259e-307
2.57991e-307
7.941007e-308
6.025282e-307
3.104369e-307
9.575729e-308
3.914827e-307
1.972255e-307
6.004949e-308
2.980808e-307
1.49635e-307
4.559832e-308
5.380838e-307
2.751891e-307
8.447534e-308
3.914838e-307
1.972261e-307
6.004967e-308
5.380848e-307
2.751897e-307
8.447553e-308
2.980815e-307
1.496354e-307
4.559844e-308
6.025284e-307
3.10437e-307
9.575733e-308
3.40099e-307
1.726599e-307
5.29374e-308
5.036268e-307
2.579914e-307
7.94102e-308
6.02528e-307
3.104368e-307
9.575727e-308
5.380837e-307
2.75189e-307
8.447532e-308
5.036259e-307
2.57991e-307
7.941006e-308
3.914827e-307
1.972255e-307
6.004948e-308
3.400982e-307
1.726594e-307
5.293726e-308
2.980808e-307
1.49635e-307
4.559832e-308
3.40098e-307
1.726593e-307
5.293723e-308
2.980807e-307
1.49635e-307
4.55983e-308
3.914827e-307
1.972255e-307
6.004947e-308
5.036257e-307
2.579908e-307
7.941001e-308
5.380837e-307
2.75189e-307
8.447531e-308
6.025279e-307
3.104367e-307
9.575723e-308
6.261993e-307
3.191991e-307
9.848347e-308
7.174829e-307
3.667492e-307
1.132096e-307
6.890278e-307
3.585185e-307
1.11464e-307
1.022616e-306
5.446261e-307
1.705394e-307
8.877104e-307
4.704401e-307
1.470795e-307
9.478661e-307
4.979227e-307
1.550402e-307
6.89029e-307
3.585192e-307
1.114642e-307
8.877121e-307
4.704411e-307
1.470798e-307
6.261997e-307
3.191992e-307
9.848351e-308
7.174839e-307
3.667497e-307
1.132097e-307
9.478676e-307
4.979235e-307
1.550404e-307
1.022618e-306
5.446269e-307
1.705396e-307
6.261986e-307
3.191987e-307
9.848334e-308
6.89028e-307
3.585187e-307
1.11464e-307
7.174828e-307
3.667491e-307
1.132096e-307
8.877107e-307
4.704404e-307
1.470796e-307
1.022616e-306
5.446261e-307
1.705394e-307
9.478663e-307
4.979228e-307
1.550402e-307
7.174822e-307
3.667488e-307
1.132095e-307
6.261988e-307
3.191988e-307
9.848337e-308
6.890271e-307
3.585182e-307
1.114638e-307
9.478652e-307
4.979222e-307
1.5504e-307
1.022616e-306
5.446257e-307
1.705392e-307
8.877095e-307
4.704396e-307
1.470794e-307
6.261987e-307
3.191988e-307
9.848336e-308
8.877107e-307
4.704404e-307
1.470796e-307
7.174828e-307
3.667491e-307
1.132096e-307
9.478661e-307
4.979228e-307
1.550402e-307
6.890281e-307
3.585187e-307
1.11464e-307
1.022616e-306
5.446261e-307
1.705394e-307
9.478655e-307
4.979224e-307
1.550401e-307
1.022615e-306
5.446255e-307
1.705392e-307
7.174824e-307
3.667489e-307
1.132095e-307
8.877099e-307
4.704399e-307
1.470794e-307
6.261982e-307
3.191984e-307
9.848325e-308
6.890275e-307
3.585183e-307
1.114639e-307
9.189611e-307
4.894766e-307
1.534478e-307
7.464405e-307
3.934419e-307
1.231054e-307
7.46441e-307
3.934422e-307
1.231055e-307
1.090941e-306
5.866657e-307
1.846135e-307
1.090941e-306
5.866658e-307
1.846135e-307
9.189609e-307
4.894764e-307
1.534477e-307
7.464414e-307
3.934424e-307
1.231056e-307
1.090942e-306
5.866665e-307
1.846138e-307
9.189623e-307
4.894772e-307
1.53448e-307
9.18962e-307
4.89477e-307
1.534479e-307
7.46442e-307
3.934427e-307
1.231057e-307
1.090942e-306
5.866665e-307
1.846137e-307
1.09094e-306
5.866656e-307
1.846135e-307
9.18961e-307
4.894765e-307
1.534478e-307
9.189612e-307
4.894766e-307
1.534478e-307
1.090941e-306
5.866656e-307
1.846135e-307
7.464414e-307
3.934424e-307
1.231056e-307
7.464414e-307
3.934424e-307
1.231056e-307
7.464398e-307
3.934416e-307
1.231053e-307
9.1896e-307
4.894759e-307
1.534476e-307
7.464403e-307
3.934418e-307
1.231054e-307
9.189603e-307
4.894762e-307
1.534477e-307
1.09094e-306
5.866652e-307
1.846133e-307
1.09094e-306
5.866652e-307
1.846133e-307
7.464402e-307
3.934418e-307
1.231054e-307
1.09094e-306
5.866655e-307
1.846134e-307
9.189609e-307
4.894765e-307
1.534478e-307
1.09094e-306
5.866655e-307
1.846134e-307
9.189605e-307
4.894762e-307
1.534477e-307
7.464408e-307
3.934421e-307
1.231055e-307
7.464406e-307
3.93442e-307
1.231055e-307
7.464406e-307
3.93442e-307
1.231055e-307
9.189602e-307
4.894761e-307
1.534476e-307
9.189601e-307
4.89476e-307
1.534476e-307
1.090939e-306
5.86665e-307
1.846133e-307
1.090939e-306
5.866649e-307
1.846132e-307
7.174829e-307
3.667492e-307
1.132096e-307
9.478663e-307
4.979228e-307
1.550402e-307
6.261988e-307
3.191988e-307
9.848337e-308
1.022616e-306
5.446261e-307
1.705394e-307
6.890281e-307
3.585187e-307
1.11464e-307
8.87711e-307
4.704405e-307
1.470796e-307
1.022617e-306
5.446268e-307
1.705396e-307
9.478671e-307
4.979232e-307
1.550404e-307
6.890284e-307
3.585189e-307
1.114641e-307
8.877114e-307
4.704406e-307
1.470797e-307
6.262e-307
3.191994e-307
9.848357e-308
7.174836e-307
3.667495e-307
1.132097e-307
6.26199e-307
3.191989e-307
9.848339e-308
6.890283e-307
3.585188e-307
1.11464e-307
8.877111e-307
4.704405e-307
1.470796e-307
7.174833e-307
3.667493e-307
1.132096e-307
1.022617e-306
5.446263e-307
1.705395e-307
9.478669e-307
4.979231e-307
1.550403e-307
1.022616e-306
5.446258e-307
1.705393e-307
8.877104e-307
4.704401e-307
1.470795e-307
6.890277e-307
3.585185e-307
1.114639e-307
7.174826e-307
3.66749e-307
1.132095e-307
9.478659e-307
4.979226e-307
1.550401e-307
6.261985e-307
3.191986e-307
9.848331e-308
1.022616e-306
5.446259e-307
1.705393e-307
9.478656e-307
4.979224e-307
1.550401e-307
8.877099e-307
4.704399e-307
1.470794e-307
7.174825e-307
3.667489e-307
1.132095e-307
6.890274e-307
3.585183e-307
1.114639e-307
6.261991e-307
3.191989e-307
9.848339e-308
6.261983e-307
3.191985e-307
9.848328e-308
6.890276e-307
3.585185e-307
1.114639e-307
7.174824e-307
3.667489e-307
1.132095e-307
1.022615e-306
5.446257e-307
1.705393e-307
8.877102e-307
4.7044e-307
1.470795e-307
9.478657e-307
4.979225e-307
1.550401e-307
5.036261e-307
2.57991e-307
7.941008e-308
6.025282e-307
3.104369e-307
9.57573e-308
2.980808e-307
1.496351e-307
4.559833e-308
5.380838e-307
2.751891e-307
8.447534e-308
3.400983e-307
1.726595e-307
5.293728e-308
3.914828e-307
1.972255e-307
6.004948e-308
3.914843e-307
1.972264e-307
6.004977e-308
6.025294e-307
3.104376e-307
9.575751e-308
5.036277e-307
2.579919e-307
7.941035e-308
5.380857e-307
2.751902e-307
8.447569e-308
2.980819e-307
1.496357e-307
4.559852e-308
3.400996e-307
1.726602e-307
5.293749e-308
6.025288e-307
3.104372e-307
9.575738e-308
3.914832e-307
1.972258e-307
6.004956e-308
5.380844e-307
2.751894e-307
8.447543e-308
5.036265e-307
2.579912e-307
7.941013e-308
2.980812e-307
1.496352e-307
4.559837e-308
3.400985e-307
1.726596e-307
5.29373e-308
5.036259e-307
2.57991e-307
7.941006e-308
3.400982e-307
1.726594e-307
5.293726e-308
3.914827e-307
1.972255e-307
6.004949e-308
6.025281e-307
3.104368e-307
9.575728e-308
2.980808e-307
1.496351e-307
4.559832e-308
5.380838e-307
2.751891e-307
8.447534e-308
5.036269e-307
2.579915e-307
7.941023e-308
6.025285e-307
3.10437e-307
9.575734e-308
5.380849e-307
2.751897e-307
8.447553e-308
3.400991e-307
1.726599e-307
5.293741e-308
3.914838e-307
1.972261e-307
6.004966e-308
2.980815e-307
1.496354e-307
4.559844e-308
5.036258e-307
2.579909e-307
7.941003e-308
6.025279e-307
3.104367e-307
9.575725e-308
3.400981e-307
1.726594e-307
5.293724e-308
3.914827e-307
1.972255e-307
6.004947e-308
5.380836e-307
2.75189e-307
8.447531e-308
2.980808e-307
1.49635e-307
4.559831e-308
1.231475e-307
6.33869e-308
1.933055e-308
1.231475e-307
6.338689e-308
1.933055e-308
1.756261e-308
9.251103e-309
2.846518e-309
3.517933e-308
1.834541e-308
5.621682e-309
1.914359e-307
9.595861e-308
2.90097e-308
3.517933e-308
1.834541e-308
5.621682e-309
1.231474e-307
6.338678e-308
1.933051e-308
1.756259e-308
9.251091e-309
2.846514e-309
1.231474e-307
6.338679e-308
1.933051e-308
3.517929e-308
1.834538e-308
5.621672e-309
1.914355e-307
9.595843e-308
2.900964e-308
3.51793e-308
1.834538e-308
5.621674e-309
1.231472e-307
6.338669e-308
1.933048e-308
3.517923e-308
1.834535e-308
5.621664e-309
1.756256e-308
9.251076e-309
2.84651e-309
1.914353e-307
9.595828e-308
2.90096e-308
1.231472e-307
6.338669e-308
1.933048e-308
3.517924e-308
1.834535e-308
5.621665e-309
1.756259e-308
9.251091e-309
2.846515e-309
1.914356e-307
9.595849e-308
2.900966e-308
3.517929e-308
1.834538e-308
5.621674e-309
1.231474e-307
6.338682e-308
1.933052e-308
1.231474e-307
6.338682e-308
1.933052e-308
3.517929e-308
1.834538e-308
5.621674e-309
1.756256e-308
9.251077e-309
2.84651e-309
1.231472e-307
6.338669e-308
1.933048e-308
3.517923e-308
1.834535e-308
5.621664e-309
1.231472e-307
6.338669e-308
1.933048e-308
1.914353e-307
9.595828e-308
2.90096e-308
3.517924e-308
1.834536e-308
5.621665e-309
1.231472e-307
6.338669e-308
1.933048e-308
1.914352e-307
9.595828e-308
2.90096e-308
3.517923e-308
1.834535e-308
5.621663e-309
3.517924e-308
1.834535e-308
5.621665e-309
1.231472e-307
6.338668e-308
1.933048e-308
1.756256e-308
9.251076e-309
2.84651e-309
1.415079e-307
7.273076e-308
2.218254e-308
4.867325e-308
2.526767e-308
7.743645e-309
2.505794e-307
1.258734e-307
3.812495e-308
1.601538e-307
8.242762e-308
2.528628e-308
5.257321e-308
2.723405e-308
8.366379e-309
2.40911e-307
1.218639e-307
3.712046e-308
5.257317e-308
2.723402e-308
8.36637e-309
1.415077e-307
7.273065e-308
2.21825e-308
4.86732e-308
2.526764e-308
7.743635e-309
2.50579e-307
1.258732e-307
3.812487e-308
1.601537e-307
8.242754e-308
2.528625e-308
2.409106e-307
1.218637e-307
3.71204e-308
2.505786e-307
1.25873e-307
3.812481e-308
2.409102e-307
1.218635e-307
3.712033e-308
1.415074e-307
7.273052e-308
2.218246e-308
1.601534e-307
8.242735e-308
2.528619e-308
4.867309e-308
2.526758e-308
7.743617e-309
5.257306e-308
2.723396e-308
8.366351e-309
4.867319e-308
2.526764e-308
7.743635e-309
1.415077e-307
7.273067e-308
2.218251e-308
2.409107e-307
1.218638e-307
3.712042e-308
2.505791e-307
1.258732e-307
3.81249e-308
1.601537e-307
8.242753e-308
2.528625e-308
5.257316e-308
2.723402e-308
8.366369e-309
2.409102e-307
1.218635e-307
3.712034e-308
1.601535e-307
8.242741e-308
2.528621e-308
5.25731e-308
2.723398e-308
8.366357e-309
2.505786e-307
1.25873e-307
3.812481e-308
4.867312e-308
2.52676e-308
7.743621e-309
1.415075e-307
7.273053e-308
2.218246e-308
1.415074e-307
7.273051e-308
2.218246e-308
4.867309e-308
2.526758e-308
7.743617e-309
5.257305e-308
2.723395e-308
8.366348e-309
2.505786e-307
1.258729e-307
3.81248e-308
1.601533e-307
8.242732e-308
2.528618e-308
2.409101e-307
1.218635e-307
3.712032e-308
2.531918e-307
1.355963e-307
4.235982e-308
7.949577e-308
4.274975e-308
1.336851e-308
6.5329e-308
3.448937e-308
1.070227e-308
4.021807e-307
2.091212e-307
6.468344e-308
1.808952e-307
9.405956e-308
2.901241e-308
3.118463e-307
1.611842e-307
4.967925e-308
7.949568e-308
4.274971e-308
1.33685e-308
2.531914e-307
1.355961e-307
4.235976e-308
6.5329e-308
3.448937e-308
1.070227e-308
1.808951e-307
9.405951e-308
2.901239e-308
4.021803e-307
2.09121e-307
6.468337e-308
3.11846e-307
1.61184e-307
4.967918e-308
6.532881e-308
3.448927e-308
1.070224e-308
1.808946e-307
9.405926e-308
2.901232e-308
2.531911e-307
1.35596e-307
4.23597e-308
7.949556e-308
4.274964e-308
1.336847e-308
3.118454e-307
1.611837e-307
4.967909e-308
4.021795e-307
2.091206e-307
6.468325e-308
7.949567e-308
4.274969e-308
1.336849e-308
6.532894e-308
3.448934e-308
1.070226e-308
1.80895e-307
9.405946e-308
2.901238e-308
3.11846e-307
1.611841e-307
4.96792e-308
4.021803e-307
2.091209e-307
6.468336e-308
2.531916e-307
1.355962e-307
4.235977e-308
7.949557e-308
4.274965e-308
1.336848e-308
6.53289e-308
3.448932e-308
1.070226e-308
2.531911e-307
1.355959e-307
4.23597e-308
1.808948e-307
9.405937e-308
2.901235e-308
4.021797e-307
2.091207e-307
6.468328e-308
3.118455e-307
1.611838e-307
4.967911e-308
2.531909e-307
1.355958e-307
4.235966e-308
4.021793e-307
2.091204e-307
6.468319e-308
7.949551e-308
4.274961e-308
1.336846e-308
3.118452e-307
1.611836e-307
4.967905e-308
6.532878e-308
3.448925e-308
1.070223e-308
1.808946e-307
9.405921e-308
2.90123e-308
9.871968e-308
5.470155e-308
1.734639e-308
3.038027e-307
1.669859e-307
5.28059e-308
2.790805e-307
1.516513e-307
4.767101e-308
5.158453e-307
2.779731e-307
8.733316e-308
9.386147e-308
5.167365e-308
1.632966e-308
4.95037e-307
2.654351e-307
8.314728e-308
9.871921e-308
5.470129e-308
1.734631e-308
3.038023e-307
1.669856e-307
5.280582e-308
9.386095e-308
5.167337e-308
1.632958e-308
5.158456e-307
2.779733e-307
8.733321e-308
2.790795e-307
1.516508e-307
4.767083e-308
4.950369e-307
2.654351e-307
8.314727e-308
3.038027e-307
1.669859e-307
5.280591e-308
5.158459e-307
2.779735e-307
8.733327e-308
9.871941e-308
5.470141e-308
1.734635e-308
9.386116e-308
5.167349e-308
1.632961e-308
2.790797e-307
1.516509e-307
4.767087e-308
4.950366e-307
2.654349e-307
8.314722e-308
2.790803e-307
1.516512e-307
4.767095e-308
4.950366e-307
2.654348e-307
8.314719e-308
5.158449e-307
2.779729e-307
8.733307e-308
9.386137e-308
5.167359e-308
1.632965e-308
9.87196e-308
5.47015e-308
1.734637e-308
3.038025e-307
1.669857e-307
5.280584e-308
4.950361e-307
2.654346e-307
8.314714e-308
5.158448e-307
2.779728e-307
8.733307e-308
2.790791e-307
1.516506e-307
4.767076e-308
9.386082e-308
5.167329e-308
1.632955e-308
9.871906e-308
5.47012e-308
1.734628e-308
3.038018e-307
1.669853e-307
5.280572e-308
2.790795e-307
1.516508e-307
4.767083e-308
9.386111e-308
5.167345e-308
1.63296e-308
3.038025e-307
1.669858e-307
5.280586e-308
4.950362e-307
2.654346e-307
8.314713e-308
9.871934e-308
5.470137e-308
1.734633e-308
5.158454e-307
2.779732e-307
8.733318e-308
4.950362e-307
2.654347e-307
8.314716e-308
5.158449e-307
2.779729e-307
8.73331e-308
2.790791e-307
1.516506e-307
4.767077e-308
3.038019e-307
1.669854e-307
5.280575e-308
9.386084e-308
5.16733e-308
1.632955e-308
9.871911e-308
5.470122e-308
1.734628e-308
9.386154e-308
5.167369e-308
1.632968e-308
2.790808e-307
1.516515e-307
4.767105e-308
5.158459e-307
2.779735e-307
8.733327e-308
9.871981e-308
5.470162e-308
1.734641e-308
4.950376e-307
2.654354e-307
8.314738e-308
3.038031e-307
1.669861e-307
5.280596e-308
9.87194e-308
5.470141e-308
1.734635e-308
3.038028e-307
1.669859e-307
5.280591e-308
5.158459e-307
2.779735e-307
8.733327e-308
4.950368e-307
2.65435e-307
8.314724e-308
9.386119e-308
5.16735e-308
1.632962e-308
2.790798e-307
1.516509e-307
4.767088e-308
2.790789e-307
1.516505e-307
4.767074e-308
9.386079e-308
5.167327e-308
1.632955e-308
3.038016e-307
1.669853e-307
5.28057e-308
4.950359e-307
2.654345e-307
8.31471e-308
5.158445e-307
2.779727e-307
8.733302e-308
9.871904e-308
5.470118e-308
1.734627e-308
3.038026e-307
1.669858e-307
5.280587e-308
9.38614e-308
5.167361e-308
1.632965e-308
4.950368e-307
2.654349e-307
8.314723e-308
5.158451e-307
2.77973e-307
8.733312e-308
9.871967e-308
5.470154e-308
1.734639e-308
2.790804e-307
1.516512e-307
4.767097e-308
2.790795e-307
1.516508e-307
4.767084e-308
3.038025e-307
1.669858e-307
5.280587e-308
5.158455e-307
2.779732e-307
8.73332e-308
9.871934e-308
5.470137e-308
1.734634e-308
9.386113e-308
5.167347e-308
1.632961e-308
4.950363e-307
2.654347e-307
8.314716e-308
2.531911e-307
1.35596e-307
4.23597e-308
7.94956e-308
4.274967e-308
1.336848e-308
4.021798e-307
2.091207e-307
6.468328e-308
1.808948e-307
9.405938e-308
2.901235e-308
6.532892e-308
3.448933e-308
1.070226e-308
3.118456e-307
1.611838e-307
4.967912e-308
1.808953e-307
9.405961e-308
2.901243e-308
3.118465e-307
1.611843e-307
4.967929e-308
4.021811e-307
2.091213e-307
6.468349e-308
2.531921e-307
1.355965e-307
4.235985e-308
6.532905e-308
3.44894e-308
1.070228e-308
7.949582e-308
4.274978e-308
1.336851e-308
3.118456e-307
1.611838e-307
4.967912e-308
6.532887e-308
3.448929e-308
1.070225e-308
7.94956e-308
4.274965e-308
1.336848e-308
4.021798e-307
2.091207e-307
6.468328e-308
2.531913e-307
1.35596e-307
4.235971e-308
1.808948e-307
9.405935e-308
2.901234e-308
1.808948e-307
9.405935e-308
2.901234e-308
7.949555e-308
4.274964e-308
1.336847e-308
6.53289e-308
3.448932e-308
1.070226e-308
3.118454e-307
1.611837e-307
4.96791e-308
4.021796e-307
2.091205e-307
6.468324e-308
2.53191e-307
1.355959e-307
4.235967e-308
6.532896e-308
3.448934e-308
1.070226e-308
1.80895e-307
9.405948e-308
2.901239e-308
7.949571e-308
4.274971e-308
1.336849e-308
4.021805e-307
2.09121e-307
6.468338e-308
2.531917e-307
1.355962e-307
4.235978e-308
3.118461e-307
1.611841e-307
4.967921e-308
6.532879e-308
3.448925e-308
1.070223e-308
1.808946e-307
9.405923e-308
2.901231e-308
3.118452e-307
1.611836e-307
4.967907e-308
4.021794e-307
2.091204e-307
6.468321e-308
7.949551e-308
4.274961e-308
1.336846e-308
2.53191e-307
1.355959e-307
4.235967e-308
2.409103e-307
1.218635e-307
3.712035e-308
4.867312e-308
2.52676e-308
7.743622e-309
2.505786e-307
1.25873e-307
3.812481e-308
1.415075e-307
7.273053e-308
2.218247e-308
5.25731e-308
2.723398e-308
8.366359e-309
1.601535e-307
8.242743e-308
2.528622e-308
1.415079e-307
7.273078e-308
2.218254e-308
4.867326e-308
2.526768e-308
7.743647e-309
1.601539e-307
8.242766e-308
2.528629e-308
2.505795e-307
1.258734e-307
3.812496e-308
2.409111e-307
1.21864e-307
3.712048e-308
5.257323e-308
2.723406e-308
8.366382e-309
2.50579e-307
1.258731e-307
3.812486e-308
1.415076e-307
7.273063e-308
2.218249e-308
4.867316e-308
2.526762e-308
7.743627e-309
1.601535e-307
8.242744e-308
2.528622e-308
2.409105e-307
1.218636e-307
3.712037e-308
5.257313e-308
2.723399e-308
8.366361e-309
2.409102e-307
1.218635e-307
3.712034e-308
2.505786e-307
1.25873e-307
3.812481e-308
1.415075e-307
7.273053e-308
2.218247e-308
1.601535e-307
8.242741e-308
2.528621e-308
4.867312e-308
2.52676e-308
7.743621e-309
5.257309e-308
2.723398e-308
8.366356e-309
2.409107e-307
1.218638e-307
3.712042e-308
2.505792e-307
1.258732e-307
3.81249e-308
1.415077e-307
7.273068e-308
2.218251e-308
1.601537e-307
8.242755e-308
2.528626e-308
4.86732e-308
2.526764e-308
7.743635e-309
5.257317e-308
2.723402e-308
8.366369e-309
1.415074e-307
7.273052e-308
2.218246e-308
1.601533e-307
8.242734e-308
2.528619e-308
4.86731e-308
2.526758e-308
7.743617e-309
2.505786e-307
1.258729e-307
3.81248e-308
2.409102e-307
1.218635e-307
3.712032e-308
5.257306e-308
2.723396e-308
8.36635e-309
3.018472e-306
3.018473e-306
3.018472e-306
3.018471e-306
3.018471e-306
3.018472e-306
3.032266e-306
3.032264e-306
3.062096e-306
3.063809e-306
3.063808e-306
3.007851e-306
3.062097e-306
3.063809e-306
3.032266e-306
3.007853e-306
3.06381e-306
3.032267e-306
3.063809e-306
3.032266e-306
3.062098e-306
3.007851e-306
3.032266e-306
3.063809e-306
3.032267e-306
3.062098e-306
3.063811e-306
3.032266e-306
3.007853e-306
3.06381e-306
3.063806e-306
3.032265e-306
3.063809e-306
3.032265e-306
3.062096e-306
3.007851e-306
3.062094e-306
3.063807e-306
3.032262e-306
3.007847e-306
3.063806e-306
3.032263e-306
2.709175e-306
2.60046e-306
2.709177e-306
2.920425e-306
2.857191e-306
2.85719e-306
2.857192e-306
2.857193e-306
2.600461e-306
2.70918e-306
2.92043e-306
2.709179e-306
2.600458e-306
2.85719e-306
2.85719e-306
2.709176e-306
2.709176e-306
2.920427e-306
2.709175e-306
2.600458e-306
2.709175e-306
2.85719e-306
2.85719e-306
2.920427e-306
2.857188e-306
2.709174e-306
2.600457e-306
2.857189e-306
2.709175e-306
2.920426e-306
2.600455e-306
2.709172e-306
2.920422e-306
2.857187e-306
2.709172e-306
2.857187e-306
2.903411e-306
2.987511e-306
2.98751e-306
2.903413e-306
2.825799e-306
2.8258e-306
2.903418e-306
2.825805e-306
2.987514e-306
2.825804e-306
2.987515e-306
2.903417e-306
2.825802e-306
2.825803e-306
2.903417e-306
2.903416e-306
2.987514e-306
2.987514e-306
2.903415e-306
2.825802e-306
2.825803e-306
2.987514e-306
2.903416e-306
2.987514e-306
2.987514e-306
2.825802e-306
2.903417e-306
2.987514e-306
2.825803e-306
2.903416e-306
2.987511e-306
2.903411e-306
2.987511e-306
2.825799e-306
2.903414e-306
2.825799e-306
2.158348e-306
2.158347e-306
2.240347e-306
1.992748e-306
1.992748e-306
1.904953e-306
1.992748e-306
2.158349e-306
2.240348e-306
1.904953e-306
1.992747e-306
2.158348e-306
1.992744e-306
2.158345e-306
1.904949e-306
1.992744e-306
2.240345e-306
2.158345e-306
2.240344e-306
1.904949e-306
2.158345e-306
2.158345e-306
1.992745e-306
1.992745e-306
2.158345e-306
2.240344e-306
1.992744e-306
1.904949e-306
2.158344e-306
1.992743e-306
1.992744e-306
2.158344e-306
1.904949e-306
2.240343e-306
2.158344e-306
1.992743e-306
2.634562e-306
2.448905e-306
2.708097e-306
2.62449e-306
2.42354e-306
2.500964e-306
2.448909e-306
2.423544e-306
2.624496e-306
2.500969e-306
2.634567e-306
2.708102e-306
2.624493e-306
2.708099e-306
2.500965e-306
2.448905e-306
2.634563e-306
2.42354e-306
2.708098e-306
2.624491e-306
2.634563e-306
2.500963e-306
2.448904e-306
2.423539e-306
2.500964e-306
2.42354e-306
2.448905e-306
2.624493e-306
2.708099e-306
2.634562e-306
2.448902e-306
2.500961e-306
2.63456e-306
2.708095e-306
2.423538e-306
2.624489e-306
2.62449e-306
2.500963e-306
2.708096e-306
2.423539e-306
2.634561e-306
2.448904e-306
2.448908e-306
2.423543e-306
2.634565e-306
2.708101e-306
2.500968e-306
2.624496e-306
2.423541e-306
2.448907e-306
2.500965e-306
2.634564e-306
2.7081e-306
2.624494e-306
2.448904e-306
2.423539e-306
2.500963e-306
2.634562e-306
2.708098e-306
2.624492e-306
2.708099e-306
2.500964e-306
2.634563e-306
2.624493e-306
2.448905e-306
2.42354e-306
2.500961e-306
2.423538e-306
2.448903e-306
2.62449e-306
2.634561e-306
2.708096e-306
1.735577e-306
1.824049e-306
1.974933e-306
1.965514e-306
1.965514e-306
1.824049e-306
1.965514e-306
1.824049e-306
1.974934e-306
1.824049e-306
1.735578e-306
1.965515e-306
1.824046e-306
1.965512e-306
1.735575e-306
1.824046e-306
1.965512e-306
1.974931e-306
1.974931e-306
1.965512e-306
1.965512e-306
1.824047e-306
1.735575e-306
1.824047e-306
1.824045e-306
1.735574e-306
1.824046e-306
1.965511e-306
1.97493e-306
1.965511e-306
1.735575e-306
1.965512e-306
1.974931e-306
1.824047e-306
1.824046e-306
1.965511e-306
2.143521e-306
2.052041e-306
2.281046e-306
2.002615e-306
2.232366e-306
2.086297e-306
2.002618e-306
2.23237e-306
2.0863e-306
2.28105e-306
2.052043e-306
2.143524e-306
2.232366e-306
2.002614e-306
2.281046e-306
2.14352e-306
2.086296e-306
2.05204e-306
2.232365e-306
2.052039e-306
2.002614e-306
2.281045e-306
2.086296e-306
2.14352e-306
2.143519e-306
2.281045e-306
2.052039e-306
2.232365e-306
2.002614e-306
2.086295e-306
2.143518e-306
2.281044e-306
2.002613e-306
2.052039e-306
2.232364e-306
2.086294e-306
2.415002e-306
2.289012e-306
2.415003e-306
2.179317e-306
2.179317e-306
2.289013e-306
2.17932e-306
2.179321e-306
2.289016e-306
2.289016e-306
2.415007e-306
2.415007e-306
2.289012e-306
2.179317e-306
2.415004e-306
2.415004e-306
2.179317e-306
2.289012e-306
2.415002e-306
2.289011e-306
2.415003e-306
2.179316e-306
2.179316e-306
2.289012e-306
2.179316e-306
2.289012e-306
2.415003e-306
2.179317e-306
2.415003e-306
2.289012e-306
2.415001e-306
2.179315e-306
2.28901e-306
2.179315e-306
2.415001e-306
2.28901e-306
2.232366e-306
2.002614e-306
2.086296e-306
2.281045e-306
2.14352e-306
2.05204e-306
2.086299e-306
2.23237e-306
2.281049e-306
2.002618e-306
2.052042e-306
2.143523e-306
2.143522e-306
2.281047e-306
2.052042e-306
2.232367e-306
2.002616e-306
2.086296e-306
2.232365e-306
2.002614e-306
2.086295e-306
2.052039e-306
2.281045e-306
2.14352e-306
2.14352e-306
2.281045e-306
2.002614e-306
2.05204e-306
2.232365e-306
2.086295e-306
2.143518e-306
2.052038e-306
2.281044e-306
2.232364e-306
2.086293e-306
2.002613e-306
1.053482e-306
1.408581e-306
1.408581e-306
1.161427e-306
1.161427e-306
1.526672e-306
1.053481e-306
1.161426e-306
1.161427e-306
1.526672e-306
1.408581e-306
1.408581e-306
1.52667e-306
1.408579e-306
1.408579e-306
1.161425e-306
1.161425e-306
1.053479e-306
1.52667e-306
1.408579e-306
1.408579e-306
1.161425e-306
1.161425e-306
1.05348e-306
1.408579e-306
1.526669e-306
1.161425e-306
1.408579e-306
1.053479e-306
1.161425e-306
1.408579e-306
1.52667e-306
1.161425e-306
1.408579e-306
1.161425e-306
1.053479e-306
1.516964e-306
1.38644e-306
1.735191e-306
1.829873e-306
1.712753e-306
1.481558e-306
1.829875e-306
1.712755e-306
1.386441e-306
1.481559e-306
1.735192e-306
1.516965e-306
1.516963e-306
1.735189e-306
1.386439e-306
1.481557e-306
1.829871e-306
1.712752e-306
1.829871e-306
1.516963e-306
1.712752e-306
1.481557e-306
1.386439e-306
1.735189e-306
1.829871e-306
1.735188e-306
1.712751e-306
1.481557e-306
1.386439e-306
1.516962e-306
1.82987e-306
1.712751e-306
1.735189e-306
1.481556e-306
1.516962e-306
1.386439e-306
1.876186e-306
1.637504e-306
1.679813e-306
2.028311e-306
1.791417e-306
1.983561e-306
1.791419e-306
1.983564e-306
2.028313e-306
1.876188e-306
1.679815e-306
1.637506e-306
1.679812e-306
1.637503e-306
1.791416e-306
1.876185e-306
1.98356e-306
2.02831e-306
1.637503e-306
1.679812e-306
1.791416e-306
1.98356e-306
2.028309e-306
1.876184e-306
1.637503e-306
1.876185e-306
1.679812e-306
1.791416e-306
1.98356e-306
2.02831e-306
1.983559e-306
2.028308e-306
1.876184e-306
1.791415e-306
1.679811e-306
1.637502e-306
1.679813e-306
1.98356e-306
1.876186e-306
1.791416e-306
1.637504e-306
2.02831e-306
1.983564e-306
1.791419e-306
1.637506e-306
2.028314e-306
1.679815e-306
1.876188e-306
1.637504e-306
1.983561e-306
1.791417e-306
2.02831e-306
1.876186e-306
1.679813e-306
1.876184e-306
1.679811e-306
2.028309e-306
1.983559e-306
1.637502e-306
1.791415e-306
1.791416e-306
1.637503e-306
1.98356e-306
1.679812e-306
2.02831e-306
1.876185e-306
1.876184e-306
2.028308e-306
1.679811e-306
1.637502e-306
1.791414e-306
1.983559e-306
1.386439e-306
1.481557e-306
1.829872e-306
1.516963e-306
1.735189e-306
1.712752e-306
1.516965e-306
1.386441e-306
1.829875e-306
1.481559e-306
1.735192e-306
1.712755e-306
1.516964e-306
1.38644e-306
1.735191e-306
1.481558e-306
1.829873e-306
1.712753e-306
1.386439e-306
1.735189e-306
1.712751e-306
1.481557e-306
1.516963e-306
1.829871e-306
1.516963e-306
1.735189e-306
1.386439e-306
1.481557e-306
1.829872e-306
1.712752e-306
1.481556e-306
1.71275e-306
1.82987e-306
1.386438e-306
1.516962e-306
1.735188e-306
5.592913e-307
4.990651e-307
7.027442e-307
7.027441e-307
5.592913e-307
8.257917e-307
5.592903e-307
4.990643e-307
7.027429e-307
5.592904e-307
7.02743e-307
8.257902e-307
4.990636e-307
5.592895e-307
5.592895e-307
7.027418e-307
7.027418e-307
8.257889e-307
8.257906e-307
4.990645e-307
5.592907e-307
7.027433e-307
7.027433e-307
5.592907e-307
4.990636e-307
5.592895e-307
7.027418e-307
5.592896e-307
7.027419e-307
8.257889e-307
5.592895e-307
4.990636e-307
7.027418e-307
5.592895e-307
8.257889e-307
7.027419e-307
8.957407e-307
1.063836e-306
9.512697e-307
6.340042e-307
7.007863e-307
5.669392e-307
7.007851e-307
9.512688e-307
5.669385e-307
1.063837e-306
8.957402e-307
6.340034e-307
6.340023e-307
5.669376e-307
7.00784e-307
8.957388e-307
9.512673e-307
1.063835e-306
8.957398e-307
6.340037e-307
1.063835e-306
9.512686e-307
5.669387e-307
7.007855e-307
9.512671e-307
1.063835e-306
8.957388e-307
7.00784e-307
5.669377e-307
6.340025e-307
7.007839e-307
5.669375e-307
6.340021e-307
9.512671e-307
8.957384e-307
1.063834e-306
9.415527e-307
1.072572e-306
1.003872e-306
1.405526e-306
1.325704e-306
1.22947e-306
1.229472e-306
1.325706e-306
1.003873e-306
1.072573e-306
1.405528e-306
9.41553e-307
1.325704e-306
1.405526e-306
1.072571e-306
1.22947e-306
9.415515e-307
1.003872e-306
1.405525e-306
1.325702e-306
1.229469e-306
1.003871e-306
1.072571e-306
9.415519e-307
1.22947e-306
9.415516e-307
1.003872e-306
1.405526e-306
1.072571e-306
1.325703e-306
1.325703e-306
1.405525e-306
1.072571e-306
1.229469e-306
9.415509e-307
1.003871e-306
1.076233e-306
1.076234e-306
1.268352e-306
1.268352e-306
1.488079e-306
1.488079e-306
1.076234e-306
1.488081e-306
1.268354e-306
1.488081e-306
1.268354e-306
1.076235e-306
1.488079e-306
1.268352e-306
1.268353e-306
1.488079e-306
1.076234e-306
1.076234e-306
1.076232e-306
1.268351e-306
1.076233e-306
1.268351e-306
1.488078e-306
1.488078e-306
1.076233e-306
1.268352e-306
1.076233e-306
1.488079e-306
1.268352e-306
1.488078e-306
1.076233e-306
1.076233e-306
1.268351e-306
1.268351e-306
1.488077e-306
1.488077e-306
1.072572e-306
1.325704e-306
9.415517e-307
1.405526e-306
1.003872e-306
1.229471e-306
1.325705e-306
1.003872e-306
1.405527e-306
9.415536e-307
1.072573e-306
1.229471e-306
9.415521e-307
1.003872e-306
1.229471e-306
1.072572e-306
1.405527e-306
1.325705e-306
1.072571e-306
1.325703e-306
1.405525e-306
9.415513e-307
1.22947e-306
1.003871e-306
9.415522e-307
1.325703e-306
1.003871e-306
1.405525e-306
1.229469e-306
1.072571e-306
9.41551e-307
1.003871e-306
1.072571e-306
1.325703e-306
1.405525e-306
1.22947e-306
5.669377e-307
8.957391e-307
9.512673e-307
7.00784e-307
6.340025e-307
1.063835e-306
7.007864e-307
1.063837e-306
8.957413e-307
9.5127e-307
5.669394e-307
6.340045e-307
1.063836e-306
7.007849e-307
9.512685e-307
8.957398e-307
5.669383e-307
6.34003e-307
8.957388e-307
6.340024e-307
7.00784e-307
1.063835e-306
5.669376e-307
9.512673e-307
8.957401e-307
1.063835e-306
9.512687e-307
6.340038e-307
7.007855e-307
5.669388e-307
7.007839e-307
9.512671e-307
1.063834e-306
5.669375e-307
6.340022e-307
8.957386e-307
2.044547e-307
2.044546e-307
2.809603e-308
5.710811e-308
3.36438e-307
5.710811e-308
2.044544e-307
2.809601e-308
2.044544e-307
5.710805e-308
3.364376e-307
5.710807e-308
5.710796e-308
2.044541e-307
2.809597e-308
3.36437e-307
2.044541e-307
5.710798e-308
2.809601e-308
5.710805e-308
5.710805e-308
2.044544e-307
2.044545e-307
3.364377e-307
2.809597e-308
2.044541e-307
2.044541e-307
5.710797e-308
3.364371e-307
5.710798e-308
2.809597e-308
2.044541e-307
5.710796e-308
3.36437e-307
5.710798e-308
2.044541e-307
2.367704e-307
8.084034e-308
4.378469e-307
2.782808e-307
8.966073e-308
4.336406e-307
4.336402e-307
4.378463e-307
2.782806e-307
8.96607e-308
2.367702e-307
8.084028e-308
4.378456e-307
4.336394e-307
2.367698e-307
2.7828e-307
8.084011e-308
8.966051e-308
8.084026e-308
2.367702e-307
4.336402e-307
4.378465e-307
2.782805e-307
8.966066e-308
4.336395e-307
2.782802e-307
8.966057e-308
4.378457e-307
8.084017e-308
2.367698e-307
2.367698e-307
8.084011e-308
8.966049e-308
4.378456e-307
2.7828e-307
4.336393e-307
1.261191e-307
4.037812e-307
1.081939e-307
6.836825e-307
3.090244e-307
5.42263e-307
1.26119e-307
1.081938e-307
4.037805e-307
3.090243e-307
5.422625e-307
6.836816e-307
4.0378e-307
3.090235e-307
1.081936e-307
5.422614e-307
1.261188e-307
6.836804e-307
1.26119e-307
1.081938e-307
3.090241e-307
4.037808e-307
5.422625e-307
6.836818e-307
1.261188e-307
4.0378e-307
1.081937e-307
6.836807e-307
3.090239e-307
5.422617e-307
3.090234e-307
4.037798e-307
1.081935e-307
5.422612e-307
1.261187e-307
6.8368e-307
1.489164e-307
4.642806e-307
8.207044e-307
4.327094e-307
1.427765e-307
7.877103e-307
8.207046e-307
4.642799e-307
1.489157e-307
1.427757e-307
4.327077e-307
7.877099e-307
4.642805e-307
8.20705e-307
1.48916e-307
1.42776e-307
4.327081e-307
7.877093e-307
4.642802e-307
1.489163e-307
8.207037e-307
1.427764e-307
7.877096e-307
4.32709e-307
4.32707e-307
7.877087e-307
8.207034e-307
1.427756e-307
4.642791e-307
1.489155e-307
4.327078e-307
1.42776e-307
4.642801e-307
7.877087e-307
1.489159e-307
8.207043e-307
4.642793e-307
7.877089e-307
8.207037e-307
1.489156e-307
1.427756e-307
4.327071e-307
8.207053e-307
1.427766e-307
4.327098e-307
1.489166e-307
7.877111e-307
4.642811e-307
4.642805e-307
1.48916e-307
8.207051e-307
1.427761e-307
7.877098e-307
4.327083e-307
4.64279e-307
1.427755e-307
7.877083e-307
8.207031e-307
1.489155e-307
4.327068e-307
4.642804e-307
1.427764e-307
7.877099e-307
8.207041e-307
1.489164e-307
4.327092e-307
8.207044e-307
4.642802e-307
7.87709e-307
4.327078e-307
1.489158e-307
1.42776e-307
4.0378e-307
1.261188e-307
3.090239e-307
1.081937e-307
6.836807e-307
5.422618e-307
3.090245e-307
1.081939e-307
6.83683e-307
4.037816e-307
1.261192e-307
5.422633e-307
4.037803e-307
1.261189e-307
1.081937e-307
6.83681e-307
5.422619e-307
3.090239e-307
4.037798e-307
1.261188e-307
6.836804e-307
3.090238e-307
1.081937e-307
5.422616e-307
1.26119e-307
1.081938e-307
3.090242e-307
6.836822e-307
4.03781e-307
5.422627e-307
5.422613e-307
3.090235e-307
1.081935e-307
6.836802e-307
1.261187e-307
4.037799e-307
8.084016e-308
8.966057e-308
2.367698e-307
4.378457e-307
2.782802e-307
4.336395e-307
2.367705e-307
8.084036e-308
2.782809e-307
4.37847e-307
4.336407e-307
8.966076e-308
2.367701e-307
4.378462e-307
8.084023e-308
2.782803e-307
8.966062e-308
4.336399e-307
4.336395e-307
4.378456e-307
2.367698e-307
2.782802e-307
8.084016e-308
8.966055e-308
4.336403e-307
4.378465e-307
2.367702e-307
2.782806e-307
8.084027e-308
8.966067e-308
2.7828e-307
2.367698e-307
8.084012e-308
8.966051e-308
4.378456e-307
4.336394e-307
5.391701e-306
4.0384e-306
5.391702e-306
4.0384e-306
5.391702e-306
4.0384e-306
5.391701e-306
4.038399e-306
5.3917e-306
4.038398e-306
5.391702e-306
4.038399e-306
1.052857e+16
7.357982e+15
1.052857e+16
7.357978e+15
1.029616e+16
7.379636e+15
1.049138e+16
7.402211e+15
1.049137e+16
7.402207e+15
1.049102e+16
7.312903e+15
1.052857e+16
7.357982e+15
1.029616e+16
7.379638e+15
1.049138e+16
7.402211e+15
1.049102e+16
7.312906e+15
1.049137e+16
7.40221e+15
1.052857e+16
7.357982e+15
1.029616e+16
7.379638e+15
1.049137e+16
7.40221e+15
1.052857e+16
7.357979e+15
1.049137e+16
7.40221e+15
1.049102e+16
7.3129e+15
1.052857e+16
7.35798e+15
1.052857e+16
7.357981e+15
1.029616e+16
7.379638e+15
1.049138e+16
7.402211e+15
1.052857e+16
7.357981e+15
1.049102e+16
7.312904e+15
1.049137e+16
7.40221e+15
1.052856e+16
7.357977e+15
1.049136e+16
7.402204e+15
1.052856e+16
7.357976e+15
1.049101e+16
7.312898e+15
1.029616e+16
7.379633e+15
1.049137e+16
7.402206e+15
1.029615e+16
7.379632e+15
1.049136e+16
7.402204e+15
1.0491e+16
7.312891e+15
1.049136e+16
7.402202e+15
1.052856e+16
7.357972e+15
1.052856e+16
7.357972e+15
1.008776e+16
7.005153e+15
9.223203e+15
6.567084e+15
9.625644e+15
6.715673e+15
1.026891e+16
7.134606e+15
1.008775e+16
7.005148e+15
9.625635e+15
6.715668e+15
9.223205e+15
6.56709e+15
1.008776e+16
7.005157e+15
1.008776e+16
7.005155e+15
9.625647e+15
6.715673e+15
9.625651e+15
6.715676e+15
1.026892e+16
7.134613e+15
1.02689e+16
7.134603e+15
1.008775e+16
7.005148e+15
1.008775e+16
7.005148e+15
9.625632e+15
6.715664e+15
9.625632e+15
6.715664e+15
9.22319e+15
6.567079e+15
9.625634e+15
6.715665e+15
9.625634e+15
6.715665e+15
1.008775e+16
7.00515e+15
1.008775e+16
7.00515e+15
9.223194e+15
6.567081e+15
1.026891e+16
7.134605e+15
1.008774e+16
7.005144e+15
1.02689e+16
7.1346e+15
1.008775e+16
7.005145e+15
9.62563e+15
6.715662e+15
9.625629e+15
6.715661e+15
9.223188e+15
6.567077e+15
1.02689e+16
7.134597e+15
1.008774e+16
7.005142e+15
9.223186e+15
6.567075e+15
1.008774e+16
7.00514e+15
9.62563e+15
6.715661e+15
9.625628e+15
6.715659e+15
1.023241e+16
7.097058e+15
1.045339e+16
7.272655e+15
1.045339e+16
7.272651e+15
1.023241e+16
7.097061e+15
1.00163e+16
6.928734e+15
1.001631e+16
6.928735e+15
1.023243e+16
7.097073e+15
1.001632e+16
6.928748e+15
1.045341e+16
7.272664e+15
1.001632e+16
6.928747e+15
1.045341e+16
7.272665e+15
1.023243e+16
7.097071e+15
1.04534e+16
7.272658e+15
1.04534e+16
7.272659e+15
1.023242e+16
7.097068e+15
1.023241e+16
7.097064e+15
1.001631e+16
6.928741e+15
1.001631e+16
6.928739e+15
1.023241e+16
7.097063e+15
1.001631e+16
6.928739e+15
1.04534e+16
7.27266e+15
1.001631e+16
6.928739e+15
1.04534e+16
7.272657e+15
1.023242e+16
7.097066e+15
1.04534e+16
7.272659e+15
1.023241e+16
7.097063e+15
1.001631e+16
6.928738e+15
1.023241e+16
7.097065e+15
1.04534e+16
7.272661e+15
1.001631e+16
6.92874e+15
1.045339e+16
7.272652e+15
1.045339e+16
7.272649e+15
1.02324e+16
7.097059e+15
1.00163e+16
6.928731e+15
1.02324e+16
7.097055e+15
1.00163e+16
6.92873e+15
4.785839e-306
3.564837e-306
3.359294e-306
3.286711e-306
4.706337e-306
3.497079e-306
4.706342e-306
3.49708e-306
4.542656e-306
3.3593e-306
4.706332e-306
3.497082e-306
3.286696e-306
3.359289e-306
4.785834e-306
3.564841e-306
4.706329e-306
3.49708e-306
4.542608e-306
3.359287e-306
4.542598e-306
3.359281e-306
4.706321e-306
3.497075e-306
4.454751e-306
3.286689e-306
4.542598e-306
3.359281e-306
4.785824e-306
3.564833e-306
4.70632e-306
3.497074e-306
4.785825e-306
3.564834e-306
4.454753e-306
3.28669e-306
4.706322e-306
3.497075e-306
4.706322e-306
3.497075e-306
4.542601e-306
3.359282e-306
4.542601e-306
3.359282e-306
4.542597e-306
3.35928e-306
4.542598e-306
3.359281e-306
4.454752e-306
3.286689e-306
4.706321e-306
3.497074e-306
4.785823e-306
3.564832e-306
4.70632e-306
3.497073e-306
4.542598e-306
3.35928e-306
4.454751e-306
3.286689e-306
4.542597e-306
3.35928e-306
4.706321e-306
3.497074e-306
4.785824e-306
3.564833e-306
4.706319e-306
3.497073e-306
9.435393e+15
6.564488e+15
8.890079e+15
6.296518e+15
9.665165e+15
6.67883e+15
9.416183e+15
6.480721e+15
8.830934e+15
6.102642e+15
9.043737e+15
6.211647e+15
6.211662e+15
6.102656e+15
8.890112e+15
6.296537e+15
9.416205e+15
6.480735e+15
9.66518e+15
6.678841e+15
9.435413e+15
6.564498e+15
9.416187e+15
6.480725e+15
9.665164e+15
6.678831e+15
9.043746e+15
6.211652e+15
8.890089e+15
6.296522e+15
9.435396e+15
6.564487e+15
8.830926e+15
6.102643e+15
9.665164e+15
6.678831e+15
9.416185e+15
6.480723e+15
9.4354e+15
6.564489e+15
9.043744e+15
6.211649e+15
8.890093e+15
6.296523e+15
8.830925e+15
6.102641e+15
9.665163e+15
6.678831e+15
8.890091e+15
6.296523e+15
9.043744e+15
6.21165e+15
8.830927e+15
6.102643e+15
9.435397e+15
6.564487e+15
9.416188e+15
6.480725e+15
9.043735e+15
6.211644e+15
9.665152e+15
6.678822e+15
9.435388e+15
6.564481e+15
9.416177e+15
6.480717e+15
8.830919e+15
6.102638e+15
8.890085e+15
6.296518e+15
9.043743e+15
6.211648e+15
9.665161e+15
6.678827e+15
9.416188e+15
6.480723e+15
9.435393e+15
6.564484e+15
8.830925e+15
6.102641e+15
8.89009e+15
6.296521e+15
8.890112e+15
6.296532e+15
6.102654e+15
9.435409e+15
6.564495e+15
9.665178e+15
6.678839e+15
6.211661e+15
9.416206e+15
6.480734e+15
9.043748e+15
6.211653e+15
9.416191e+15
6.480727e+15
9.665168e+15
6.678834e+15
8.830934e+15
6.102648e+15
8.890102e+15
6.296531e+15
9.435405e+15
6.564492e+15
9.043742e+15
6.211649e+15
8.890091e+15
6.296523e+15
8.830926e+15
6.102642e+15
9.435396e+15
6.564487e+15
9.416186e+15
6.480723e+15
9.665163e+15
6.67883e+15
9.043743e+15
6.21165e+15
9.665163e+15
6.678831e+15
9.435399e+15
6.564489e+15
8.890093e+15
6.296524e+15
9.416188e+15
6.480724e+15
8.830926e+15
6.102642e+15
9.665154e+15
6.678824e+15
9.43539e+15
6.564483e+15
8.890085e+15
6.296518e+15
9.416177e+15
6.480716e+15
8.830917e+15
6.102636e+15
9.043735e+15
6.211643e+15
4.376323e+15
4.627918e+15
5.42904e+15
5.098604e+15
5.098607e+15
4.627915e+15
4.627917e+15
5.098603e+15
4.627918e+15
4.376324e+15
5.429036e+15
5.098604e+15
6.796419e+15
4.62791e+15
7.775161e+15
5.429024e+15
7.461049e+15
5.098594e+15
6.419476e+15
4.376317e+15
6.796418e+15
4.627909e+15
7.461048e+15
5.098593e+15
6.796421e+15
4.627911e+15
7.775164e+15
5.429026e+15
6.419479e+15
4.376318e+15
7.461051e+15
5.098595e+15
7.461052e+15
5.098595e+15
6.796422e+15
4.627911e+15
7.775159e+15
5.429022e+15
6.796418e+15
4.627908e+15
7.461048e+15
5.098592e+15
7.461047e+15
5.098592e+15
6.796418e+15
4.627908e+15
6.419476e+15
4.376316e+15
6.419475e+15
4.376317e+15
7.461049e+15
5.098594e+15
6.79642e+15
4.62791e+15
6.796418e+15
4.627909e+15
7.775161e+15
5.429024e+15
7.461048e+15
5.098592e+15
8.446745e+15
5.807795e+15
5.069274e+15
8.219083e+15
5.603142e+15
5.250286e+15
5.741969e+15
5.289832e+15
5.603152e+15
5.069275e+15
5.250292e+15
5.807797e+15
5.741951e+15
5.289825e+15
8.219064e+15
5.603141e+15
8.188023e+15
5.741939e+15
7.45699e+15
5.069266e+15
8.446693e+15
5.807784e+15
7.730918e+15
5.289814e+15
7.732379e+15
5.250283e+15
8.219063e+15
5.60314e+15
7.730918e+15
5.289814e+15
7.456991e+15
5.069266e+15
8.446692e+15
5.807783e+15
7.732378e+15
5.250282e+15
8.188024e+15
5.741938e+15
8.188023e+15
5.741939e+15
8.446691e+15
5.807783e+15
7.730916e+15
5.289813e+15
8.219062e+15
5.603139e+15
7.456988e+15
5.069264e+15
7.732376e+15
5.25028e+15
8.18802e+15
5.741937e+15
8.446687e+15
5.80778e+15
7.456986e+15
5.069263e+15
7.730915e+15
5.289812e+15
8.219058e+15
5.603136e+15
7.732373e+15
5.250278e+15
8.035282e+15
5.45491e+15
8.376608e+15
5.706765e+15
8.767417e+15
5.994953e+15
8.376603e+15
5.706764e+15
8.035281e+15
5.45491e+15
8.767417e+15
5.994952e+15
5.454918e+15
5.454919e+15
5.706776e+15
5.706776e+15
5.994965e+15
5.994965e+15
8.376604e+15
5.706765e+15
8.035281e+15
5.454909e+15
8.76742e+15
5.994955e+15
8.767422e+15
5.994956e+15
8.035281e+15
5.45491e+15
8.376605e+15
5.706765e+15
8.767417e+15
5.994953e+15
8.376601e+15
5.706763e+15
8.767418e+15
5.994953e+15
8.035278e+15
5.454908e+15
8.035278e+15
5.454907e+15
8.376603e+15
5.706764e+15
8.035278e+15
5.454908e+15
8.376603e+15
5.706764e+15
8.767419e+15
5.994954e+15
8.035279e+15
5.454909e+15
8.767419e+15
5.994954e+15
8.376603e+15
5.706764e+15
8.035272e+15
5.454904e+15
8.035274e+15
5.454905e+15
8.376596e+15
5.706759e+15
8.376595e+15
5.706759e+15
8.767411e+15
5.994948e+15
8.76741e+15
5.994947e+15
7.45699e+15
5.069266e+15
7.732377e+15
5.250282e+15
8.188024e+15
5.74194e+15
7.730919e+15
5.289815e+15
8.219064e+15
5.603141e+15
8.446692e+15
5.807783e+15
5.250291e+15
5.807794e+15
5.741945e+15
5.603153e+15
5.069275e+15
5.289822e+15
8.188037e+15
5.741947e+15
8.4467e+15
5.807789e+15
5.289822e+15
8.219069e+15
5.603143e+15
5.069271e+15
7.732383e+15
5.250284e+15
8.188022e+15
5.741939e+15
7.730916e+15
5.289813e+15
8.44669e+15
5.807782e+15
8.219061e+15
5.603138e+15
7.456987e+15
5.069264e+15
7.732374e+15
5.250279e+15
8.188024e+15
5.741939e+15
8.446691e+15
5.807782e+15
7.45699e+15
5.069266e+15
7.730919e+15
5.289815e+15
8.219063e+15
5.603139e+15
7.732377e+15
5.250281e+15
8.188021e+15
5.741937e+15
7.730914e+15
5.289812e+15
8.446686e+15
5.807779e+15
8.219058e+15
5.603135e+15
7.732371e+15
5.250277e+15
7.456986e+15
5.069262e+15
3.288898e+15
3.033127e+15
4.025305e+15
4.025304e+15
3.288897e+15
4.380536e+15
3.033125e+15
3.288899e+15
4.025307e+15
3.288898e+15
4.380536e+15
4.025306e+15
4.589045e+15
3.288894e+15
5.793775e+15
4.025301e+15
4.589045e+15
3.288894e+15
4.29137e+15
3.033121e+15
6.369215e+15
4.38053e+15
5.793775e+15
4.025301e+15
6.369216e+15
4.38053e+15
5.793774e+15
4.0253e+15
5.793773e+15
4.025299e+15
4.589046e+15
3.288894e+15
4.589047e+15
3.288894e+15
4.291375e+15
3.033124e+15
4.589045e+15
3.288893e+15
5.793774e+15
4.0253e+15
4.29137e+15
3.03312e+15
4.589046e+15
3.288894e+15
6.369214e+15
4.380528e+15
5.793775e+15
4.0253e+15
5.793775e+15
4.025301e+15
6.369215e+15
4.38053e+15
4.589045e+15
3.288894e+15
5.793775e+15
4.025301e+15
4.589046e+15
3.288894e+15
4.29137e+15
3.033121e+15
4.311233e+15
3.79152e+15
4.999981e+15
4.202483e+15
5.284408e+15
4.936134e+15
5.284414e+15
4.999985e+15
4.311237e+15
3.791526e+15
4.202488e+15
4.93614e+15
6.213839e+15
4.31123e+15
7.322444e+15
4.999976e+15
5.298672e+15
3.79152e+15
6.048168e+15
4.202481e+15
7.768478e+15
5.284404e+15
7.234132e+15
4.936131e+15
7.768479e+15
5.284404e+15
6.213839e+15
4.311229e+15
7.234133e+15
4.936131e+15
6.048167e+15
4.20248e+15
5.298668e+15
3.791517e+15
7.322446e+15
4.999976e+15
7.768477e+15
5.284403e+15
7.234131e+15
4.93613e+15
6.048168e+15
4.202481e+15
7.322444e+15
4.999975e+15
5.298672e+15
3.791519e+15
6.213839e+15
4.311229e+15
7.768476e+15
5.284402e+15
7.234129e+15
4.936129e+15
7.322443e+15
4.999975e+15
6.048166e+15
4.202479e+15
6.213839e+15
4.311229e+15
5.298671e+15
3.791518e+15
8.030912e+15
5.433647e+15
4.851026e+15
4.725101e+15
8.643716e+15
5.850885e+15
5.180487e+15
5.727445e+15
4.851031e+15
5.433653e+15
5.180492e+15
5.727452e+15
5.850892e+15
4.725106e+15
7.136974e+15
4.851024e+15
6.93758e+15
4.725099e+15
7.631382e+15
5.180484e+15
8.03091e+15
5.433645e+15
8.455839e+15
5.727441e+15
8.643711e+15
5.850882e+15
8.030907e+15
5.433643e+15
6.937579e+15
4.725098e+15
8.643709e+15
5.850881e+15
8.455839e+15
5.727441e+15
7.631382e+15
5.180483e+15
7.136973e+15
4.851023e+15
8.455838e+15
5.727441e+15
7.631381e+15
5.180483e+15
8.030908e+15
5.433644e+15
7.136974e+15
4.851023e+15
8.64371e+15
5.850882e+15
6.93758e+15
4.725098e+15
8.030903e+15
5.43364e+15
8.643704e+15
5.850878e+15
7.13697e+15
4.85102e+15
8.455834e+15
5.727437e+15
7.631378e+15
5.18048e+15
6.937576e+15
4.725095e+15
7.136974e+15
4.851025e+15
8.455839e+15
5.727442e+15
8.03091e+15
5.433646e+15
7.631382e+15
5.180484e+15
6.937581e+15
4.725099e+15
8.64371e+15
5.850882e+15
5.727452e+15
5.180493e+15
4.725106e+15
5.850893e+15
4.851031e+15
5.433653e+15
8.030911e+15
5.433645e+15
7.136976e+15
4.851025e+15
8.643713e+15
5.850884e+15
6.937585e+15
4.725101e+15
8.455843e+15
5.727443e+15
7.631388e+15
5.180486e+15
8.643706e+15
5.850879e+15
8.030907e+15
5.433642e+15
8.455836e+15
5.727438e+15
7.631378e+15
5.180481e+15
7.136971e+15
4.851021e+15
6.937578e+15
4.725096e+15
7.631382e+15
5.180484e+15
6.937581e+15
4.725099e+15
8.455839e+15
5.727441e+15
7.136974e+15
4.851023e+15
8.643709e+15
5.850882e+15
8.030909e+15
5.433644e+15
8.030904e+15
5.43364e+15
8.643704e+15
5.850878e+15
7.13697e+15
4.85102e+15
6.937576e+15
4.725095e+15
7.631377e+15
5.18048e+15
8.455834e+15
5.727437e+15
5.298672e+15
3.79152e+15
7.768478e+15
5.284405e+15
7.234132e+15
4.936132e+15
6.048168e+15
4.202481e+15
7.322444e+15
4.999976e+15
6.213839e+15
4.31123e+15
4.202486e+15
4.936139e+15
4.311235e+15
3.791522e+15
5.284413e+15
4.999984e+15
4.311235e+15
3.791524e+15
4.999982e+15
4.202485e+15
5.284409e+15
4.936135e+15
5.298671e+15
3.791519e+15
7.322443e+15
4.999975e+15
7.23413e+15
4.936129e+15
6.048167e+15
4.20248e+15
6.213839e+15
4.311229e+15
7.768476e+15
5.284402e+15
7.322447e+15
4.999977e+15
7.768481e+15
5.284405e+15
7.234134e+15
4.936132e+15
6.21384e+15
4.31123e+15
5.298669e+15
3.791517e+15
6.048167e+15
4.20248e+15
6.048166e+15
4.202479e+15
7.234128e+15
4.936128e+15
7.768473e+15
5.2844e+15
5.298671e+15
3.791518e+15
6.213838e+15
4.311228e+15
7.322441e+15
4.999973e+15
1.599592e+15
1.33684e+15
2.225002e+15
2.225001e+15
1.599592e+15
2.487657e+15
1.59959e+15
1.336839e+15
2.224999e+15
1.59959e+15
2.224999e+15
2.487654e+15
2.215855e+15
1.599588e+15
2.215855e+15
1.599588e+15
3.105921e+15
2.224996e+15
1.830951e+15
1.336837e+15
3.10592e+15
2.224995e+15
3.540703e+15
2.48765e+15
3.54071e+15
2.487655e+15
1.830955e+15
1.336839e+15
3.105927e+15
2.225e+15
3.105927e+15
2.225e+15
2.21586e+15
1.599591e+15
2.21586e+15
1.599591e+15
1.830952e+15
1.336837e+15
2.215856e+15
1.599588e+15
3.105921e+15
2.224995e+15
2.215856e+15
1.599588e+15
3.105921e+15
2.224996e+15
3.540704e+15
2.48765e+15
2.215855e+15
1.599588e+15
1.830951e+15
1.336837e+15
2.215855e+15
1.599588e+15
3.10592e+15
2.224995e+15
3.540703e+15
2.48765e+15
3.105921e+15
2.224996e+15
1.366952e-306
1.536927e-306
1.442414e-306
1.107553e-306
1.202547e-306
1.04142e-306
1.442414e-306
1.536928e-306
1.202546e-306
1.041419e-306
1.366952e-306
1.107553e-306
1.449719e-306
1.107551e-306
1.79894e-306
1.36695e-306
2.032314e-306
1.536926e-306
1.596752e-306
1.202544e-306
1.370484e-306
1.041418e-306
1.911993e-306
1.442412e-306
1.798941e-306
1.366951e-306
1.449722e-306
1.107552e-306
2.032314e-306
1.536926e-306
1.911995e-306
1.442413e-306
1.370486e-306
1.041419e-306
1.596755e-306
1.202546e-306
2.032315e-306
1.536926e-306
1.911994e-306
1.442412e-306
1.79894e-306
1.36695e-306
1.596753e-306
1.202544e-306
1.44972e-306
1.107551e-306
1.370484e-306
1.041418e-306
1.596752e-306
1.202544e-306
1.370484e-306
1.041418e-306
1.449719e-306
1.10755e-306
1.911993e-306
1.442411e-306
1.798939e-306
1.36695e-306
2.032314e-306
1.536925e-306
3.764657e+15
4.006612e+15
2.994201e+15
2.61574e+15
2.469083e+15
3.417924e+15
2.615746e+15
3.417931e+15
2.469084e+15
2.994205e+15
3.764663e+15
4.006617e+15
5.388115e+15
3.764657e+15
5.79941e+15
4.006612e+15
4.115849e+15
2.994201e+15
4.860646e+15
3.417926e+15
3.34628e+15
2.46908e+15
3.575291e+15
2.615742e+15
4.115847e+15
2.994199e+15
3.346281e+15
2.469081e+15
3.575287e+15
2.615739e+15
5.38811e+15
3.764654e+15
5.799406e+15
4.006609e+15
4.860639e+15
3.417922e+15
3.346281e+15
2.469081e+15
4.860646e+15
3.417926e+15
4.11585e+15
2.994201e+15
5.388115e+15
3.764657e+15
3.575292e+15
2.615742e+15
5.799409e+15
4.006611e+15
5.388113e+15
3.764655e+15
5.799406e+15
4.006608e+15
4.115848e+15
2.994199e+15
4.860643e+15
3.417924e+15
3.346279e+15
2.469079e+15
3.57529e+15
2.61574e+15
5.017689e+15
3.521663e+15
2.777879e+15
2.77788e+15
4.250393e+15
6.190213e+15
4.250392e+15
3.521662e+15
2.777881e+15
3.521665e+15
4.250397e+15
3.521667e+15
2.777884e+15
4.250397e+15
6.190214e+15
4.250392e+15
5.01769e+15
3.521663e+15
5.017691e+15
3.521663e+15
6.190213e+15
4.250392e+15
3.805459e+15
2.777882e+15
3.805459e+15
2.777883e+15
3.80545e+15
2.777877e+15
5.017684e+15
3.521659e+15
3.805453e+15
2.777878e+15
5.017687e+15
3.52166e+15
6.19021e+15
4.250389e+15
6.19021e+15
4.250389e+15
3.805451e+15
2.777878e+15
5.017686e+15
3.52166e+15
3.805454e+15
2.77788e+15
6.190211e+15
4.250391e+15
5.017689e+15
3.521662e+15
6.190211e+15
4.250391e+15
3.805456e+15
2.77788e+15
3.805456e+15
2.77788e+15
5.017686e+15
3.52166e+15
5.017686e+15
3.52166e+15
6.190208e+15
4.250388e+15
6.190208e+15
4.250388e+15
4.11585e+15
2.994201e+15
5.388115e+15
3.764657e+15
3.346281e+15
2.469081e+15
5.799409e+15
4.006612e+15
3.575291e+15
2.615742e+15
4.860646e+15
3.417927e+15
4.006615e+15
3.76466e+15
3.417927e+15
2.994203e+15
2.615743e+15
2.469084e+15
2.469082e+15
2.615743e+15
3.417928e+15
2.994203e+15
4.006614e+15
3.764661e+15
5.799408e+15
4.00661e+15
4.860644e+15
3.417925e+15
3.575291e+15
2.615741e+15
4.115849e+15
2.9942e+15
5.388114e+15
3.764656e+15
3.34628e+15
2.46908e+15
5.799407e+15
4.00661e+15
5.38811e+15
3.764654e+15
4.86064e+15
3.417923e+15
4.115847e+15
2.994199e+15
3.575288e+15
2.615739e+15
3.346282e+15
2.469081e+15
3.346279e+15
2.469079e+15
3.57529e+15
2.61574e+15
4.115848e+15
2.9942e+15
5.388114e+15
3.764656e+15
5.799407e+15
4.006609e+15
4.860643e+15
3.417924e+15
1.370484e-306
1.041418e-306
1.449719e-306
1.107551e-306
1.911993e-306
1.442412e-306
1.596752e-306
1.202544e-306
2.032314e-306
1.536926e-306
1.79894e-306
1.36695e-306
1.202548e-306
1.536927e-306
1.366953e-306
1.442414e-306
1.041421e-306
1.107554e-306
1.536928e-306
1.202546e-306
1.442414e-306
1.366952e-306
1.107552e-306
1.041419e-306
1.79894e-306
1.36695e-306
1.449719e-306
1.107551e-306
1.596752e-306
1.202544e-306
2.032314e-306
1.536926e-306
1.370484e-306
1.041418e-306
1.911993e-306
1.442412e-306
1.798941e-306
1.366951e-306
2.032315e-306
1.536926e-306
1.911995e-306
1.442413e-306
1.449722e-306
1.107553e-306
1.596755e-306
1.202547e-306
1.370487e-306
1.04142e-306
1.596752e-306
1.202544e-306
1.911993e-306
1.442412e-306
1.370484e-306
1.041418e-306
2.032314e-306
1.536926e-306
1.449719e-306
1.10755e-306
1.79894e-306
1.36695e-306
2.599496e-307
2.599496e-307
3.663419e-308
7.375132e-308
3.862142e-307
7.375132e-308
2.599494e-307
3.663417e-308
2.599494e-307
7.375127e-308
3.862138e-307
7.375129e-308
9.379077e-308
7.375116e-308
3.332178e-307
2.59949e-307
4.635564e-308
3.663412e-308
5.010777e-307
3.862132e-307
3.332179e-307
2.59949e-307
9.379079e-308
7.375118e-308
4.635571e-308
3.663417e-308
5.010787e-307
3.862139e-307
9.379093e-308
7.375128e-308
3.332185e-307
2.599495e-307
3.332185e-307
2.599495e-307
9.379092e-308
7.375128e-308
4.635565e-308
3.663412e-308
3.332179e-307
2.59949e-307
9.379078e-308
7.375117e-308
3.332179e-307
2.599491e-307
5.010778e-307
3.862133e-307
9.37908e-308
7.375119e-308
4.635564e-308
3.663412e-308
3.332179e-307
2.59949e-307
5.010777e-307
3.862132e-307
9.379077e-308
7.375116e-308
9.379079e-308
7.375118e-308
3.332179e-307
2.59949e-307
3.233538e-307
1.141326e-307
6.041542e-307
4.410873e-307
1.371237e-307
7.376107e-307
6.041537e-307
3.233536e-307
7.376103e-307
1.371237e-307
4.410872e-307
1.141326e-307
9.76304e-307
7.37609e-307
5.809738e-307
4.410863e-307
1.798796e-307
1.371234e-307
8.024554e-307
6.041528e-307
4.207916e-307
3.23353e-307
1.482595e-307
1.141323e-307
5.809748e-307
4.41087e-307
1.482598e-307
1.141325e-307
1.798799e-307
1.371236e-307
4.207923e-307
3.233536e-307
8.024569e-307
6.041538e-307
9.763057e-307
7.376102e-307
4.207917e-307
3.233531e-307
1.482596e-307
1.141324e-307
1.798797e-307
1.371235e-307
8.024556e-307
6.041529e-307
5.809743e-307
4.410866e-307
9.763044e-307
7.376092e-307
4.207916e-307
3.23353e-307
1.482595e-307
1.141323e-307
1.798796e-307
1.371234e-307
8.024553e-307
6.041527e-307
5.809738e-307
4.410862e-307
9.763039e-307
7.376089e-307
1.660476e-307
5.106063e-307
1.579929e-307
8.426681e-307
4.728621e-307
8.434265e-307
1.660475e-307
5.106057e-307
1.579929e-307
4.728622e-307
8.426677e-307
8.434261e-307
6.184907e-307
4.72861e-307
1.102511e-306
8.434245e-307
6.498287e-307
5.10605e-307
2.047901e-307
1.579926e-307
1.095098e-306
8.426661e-307
2.111974e-307
1.660473e-307
2.111978e-307
1.660475e-307
2.047905e-307
1.579928e-307
6.184919e-307
4.728618e-307
6.498299e-307
5.10606e-307
1.102513e-306
8.434259e-307
1.0951e-306
8.426676e-307
1.102512e-306
8.43425e-307
1.095099e-306
8.426666e-307
6.184915e-307
4.728616e-307
6.498286e-307
5.10605e-307
2.047903e-307
1.579927e-307
2.111975e-307
1.660473e-307
6.498285e-307
5.106048e-307
1.095098e-306
8.426658e-307
2.111974e-307
1.660472e-307
1.102511e-306
8.434243e-307
2.047901e-307
1.579925e-307
6.184907e-307
4.728609e-307
1.832901e-307
5.581474e-307
5.308892e-307
9.355635e-307
1.777787e-307
9.088797e-307
1.832892e-307
5.581465e-307
1.777777e-307
9.355639e-307
5.308872e-307
9.088795e-307
6.728083e-307
5.308878e-307
2.232097e-307
1.777782e-307
7.045921e-307
5.581476e-307
1.174772e-306
9.088791e-307
2.295567e-307
1.832896e-307
1.20926e-306
9.355648e-307
6.728098e-307
5.308888e-307
1.174772e-306
9.088791e-307
1.209258e-306
9.355629e-307
2.232102e-307
1.777785e-307
2.295572e-307
1.8329e-307
7.045916e-307
5.581471e-307
6.728066e-307
5.308865e-307
1.17477e-306
9.088782e-307
1.209257e-306
9.355626e-307
2.232088e-307
1.777775e-307
7.045897e-307
5.581457e-307
2.295559e-307
1.83289e-307
6.72808e-307
5.308875e-307
2.232095e-307
1.777781e-307
7.045916e-307
5.581472e-307
1.174771e-306
9.088785e-307
2.295566e-307
1.832895e-307
1.209259e-306
9.355641e-307
1.17477e-306
9.088783e-307
6.728066e-307
5.308865e-307
5.581459e-307
9.355628e-307
1.777775e-307
1.83289e-307
1.777788e-307
5.308896e-307
9.355644e-307
1.832903e-307
9.088804e-307
5.58148e-307
9.35565e-307
9.088796e-307
5.308881e-307
5.581477e-307
1.832897e-307
1.777783e-307
7.045895e-307
5.581455e-307
2.232087e-307
1.777774e-307
1.17477e-306
9.088779e-307
1.209257e-306
9.355623e-307
2.295559e-307
1.832889e-307
6.728064e-307
5.308863e-307
7.045918e-307
5.581473e-307
2.232102e-307
1.777786e-307
1.174772e-306
9.088793e-307
1.209258e-306
9.355632e-307
2.295573e-307
1.8329e-307
6.728099e-307
5.30889e-307
1.209259e-306
9.355642e-307
7.045916e-307
5.581472e-307
1.174771e-306
9.088787e-307
6.728081e-307
5.308876e-307
2.295566e-307
1.832895e-307
2.232096e-307
1.777781e-307
2.111974e-307
1.660473e-307
6.498285e-307
5.10605e-307
2.047902e-307
1.579927e-307
6.184913e-307
4.728615e-307
1.095099e-306
8.426666e-307
1.102512e-306
8.434249e-307
4.728623e-307
1.57993e-307
8.426686e-307
5.106066e-307
1.660477e-307
8.434268e-307
5.106054e-307
1.660474e-307
1.579927e-307
8.426669e-307
8.434254e-307
4.728616e-307
6.498284e-307
5.106048e-307
2.111974e-307
1.660472e-307
1.095098e-306
8.426663e-307
6.184913e-307
4.728614e-307
2.047902e-307
1.579927e-307
1.102512e-306
8.434247e-307
2.047905e-307
1.579929e-307
2.111978e-307
1.660476e-307
6.18492e-307
4.728619e-307
1.0951e-306
8.426677e-307
6.498301e-307
5.106061e-307
1.102514e-306
8.434261e-307
1.102511e-306
8.434244e-307
6.184908e-307
4.72861e-307
2.047901e-307
1.579925e-307
1.095098e-306
8.426659e-307
2.111974e-307
1.660472e-307
6.498286e-307
5.106049e-307
1.482596e-307
1.141324e-307
1.798797e-307
1.371235e-307
4.207916e-307
3.233531e-307
5.809741e-307
4.410866e-307
8.024554e-307
6.041528e-307
9.763042e-307
7.376092e-307
3.233538e-307
1.141326e-307
4.410874e-307
6.041544e-307
7.376109e-307
1.371237e-307
1.141325e-307
3.233535e-307
6.041536e-307
1.371236e-307
4.410868e-307
7.376099e-307
9.763041e-307
7.376091e-307
8.024554e-307
6.041528e-307
4.207916e-307
3.233531e-307
5.809741e-307
4.410865e-307
1.482596e-307
1.141324e-307
1.798797e-307
1.371235e-307
9.763059e-307
7.376103e-307
8.02457e-307
6.041539e-307
4.207924e-307
3.233536e-307
5.809749e-307
4.410871e-307
1.482598e-307
1.141325e-307
1.798799e-307
1.371236e-307
5.809739e-307
4.410863e-307
4.207916e-307
3.233531e-307
1.482595e-307
1.141323e-307
1.798796e-307
1.371234e-307
8.024555e-307
6.041528e-307
9.76304e-307
7.37609e-307
)
;

boundaryField
{
    top
    {
        type            zeroGradient;
    }
    bottom
    {
        type            zeroGradient;
    }
    defaultFaces
    {
        type            zeroGradient;
    }
    procBoundary3to2
    {
        type            processor;
        value           nonuniform List<scalar> 
1038
(
6.621704e-306
6.621705e-306
6.621705e-306
6.621704e-306
6.621702e-306
6.621704e-306
1.312413e+16
1.312413e+16
1.273396e+16
1.303076e+16
1.303075e+16
1.308947e+16
1.312414e+16
1.273396e+16
1.303076e+16
1.308948e+16
1.303076e+16
1.312413e+16
1.273396e+16
1.303076e+16
1.312413e+16
1.303076e+16
1.308947e+16
1.312413e+16
1.312413e+16
1.273396e+16
1.303076e+16
1.312413e+16
1.308947e+16
1.303076e+16
1.312412e+16
1.303075e+16
1.312412e+16
1.308946e+16
1.273395e+16
1.303075e+16
1.273395e+16
1.303075e+16
1.308946e+16
1.303075e+16
1.312412e+16
1.312412e+16
1.259739e+16
1.142101e+16
1.198829e+16
1.28248e+16
1.259738e+16
1.198828e+16
1.142102e+16
1.259739e+16
1.259739e+16
1.198829e+16
1.198829e+16
1.282481e+16
1.28248e+16
1.259738e+16
1.259738e+16
1.198827e+16
1.198827e+16
1.142101e+16
1.198828e+16
1.198828e+16
1.259738e+16
1.259738e+16
1.142101e+16
1.28248e+16
1.259737e+16
1.282479e+16
1.259737e+16
1.198827e+16
1.198827e+16
1.1421e+16
1.282479e+16
1.259737e+16
1.1421e+16
1.259737e+16
1.198827e+16
1.198827e+16
1.279144e+16
1.305455e+16
1.305455e+16
1.279145e+16
1.253394e+16
1.253394e+16
1.279147e+16
1.253396e+16
1.305457e+16
1.253396e+16
1.305457e+16
1.279147e+16
1.305456e+16
1.305456e+16
1.279146e+16
1.279145e+16
1.253395e+16
1.253394e+16
1.279145e+16
1.253394e+16
1.305456e+16
1.253394e+16
1.305456e+16
1.279146e+16
1.305456e+16
1.279145e+16
1.253394e+16
1.279145e+16
1.305456e+16
1.253394e+16
1.305455e+16
1.305454e+16
1.279144e+16
1.253393e+16
1.279144e+16
1.253393e+16
5.885642e-306
4.542595e-306
4.542595e-306
4.454725e-306
4.454725e-306
5.791283e-306
5.791273e-306
5.595375e-306
8.18796e+15
5.791284e-306
4.54261e-306
4.454762e-306
4.454762e-306
4.54261e-306
5.885649e-306
5.791282e-306
5.595391e-306
5.595382e-306
5.791274e-306
5.489093e-306
5.595382e-306
5.885638e-306
5.791273e-306
5.88564e-306
5.489095e-306
5.791276e-306
5.791276e-306
5.595384e-306
5.595384e-306
5.595381e-306
5.595382e-306
5.489093e-306
5.791274e-306
5.885638e-306
5.791272e-306
5.595381e-306
5.489092e-306
5.595381e-306
5.791274e-306
5.885638e-306
5.791272e-306
1.176178e+16
1.102408e+16
1.209271e+16
1.180397e+16
1.103386e+16
1.134321e+16
9.043763e+15
9.043763e+15
8.830946e+15
8.830946e+15
1.102409e+16
1.180399e+16
1.209272e+16
1.176179e+16
1.180398e+16
1.209271e+16
1.134321e+16
1.102407e+16
1.176178e+16
1.103385e+16
1.209271e+16
1.180398e+16
1.176178e+16
1.13432e+16
1.102407e+16
1.103385e+16
1.209271e+16
1.102407e+16
1.13432e+16
1.103385e+16
1.176178e+16
1.180398e+16
1.13432e+16
1.20927e+16
1.176177e+16
1.180397e+16
1.103385e+16
1.102406e+16
1.13432e+16
1.209271e+16
1.180397e+16
1.176177e+16
1.103385e+16
1.102407e+16
1.102408e+16
8.830941e+15
8.830941e+15
1.176179e+16
1.209272e+16
9.043762e+15
9.043762e+15
1.180399e+16
1.134321e+16
1.180398e+16
1.209271e+16
1.103386e+16
1.102408e+16
1.176179e+16
1.13432e+16
1.102407e+16
1.103385e+16
1.176178e+16
1.180398e+16
1.209271e+16
1.13432e+16
1.209271e+16
1.176178e+16
1.102407e+16
1.180398e+16
1.103385e+16
1.20927e+16
1.176177e+16
1.102406e+16
1.180396e+16
1.103384e+16
1.134319e+16
6.419484e+15
6.796426e+15
7.775147e+15
7.461055e+15
7.461048e+15
6.796431e+15
6.796429e+15
7.461061e+15
6.796429e+15
6.419486e+15
7.775176e+15
7.461061e+15
8.529274e+15
9.661781e+15
9.335865e+15
8.055913e+15
8.529273e+15
9.335864e+15
8.529278e+15
9.661786e+15
8.055918e+15
9.335867e+15
9.335868e+15
8.529278e+15
9.66178e+15
8.529274e+15
9.335864e+15
9.335863e+15
8.529273e+15
8.055914e+15
8.055913e+15
9.335864e+15
8.529275e+15
8.529273e+15
9.661781e+15
9.335863e+15
1.056716e+16
8.18796e+15
7.456991e+15
1.033544e+16
7.732383e+15
7.732383e+15
8.18796e+15
7.730903e+15
8.219076e+15
7.457001e+15
7.732389e+15
8.446707e+15
8.188038e+15
7.730929e+15
1.033544e+16
1.017341e+16
9.37586e+15
1.056716e+16
9.676618e+15
9.739637e+15
1.033544e+16
9.676619e+15
9.375861e+15
1.056716e+16
9.739636e+15
1.017341e+16
1.017341e+16
1.056716e+16
9.676617e+15
1.033544e+16
9.375858e+15
9.739634e+15
1.017341e+16
1.056716e+16
9.375856e+15
9.676615e+15
1.033543e+16
9.739631e+15
1.013857e+16
1.055031e+16
1.102607e+16
1.05503e+16
1.013857e+16
1.102607e+16
8.035289e+15
8.03529e+15
8.376615e+15
8.376613e+15
8.767431e+15
8.767431e+15
1.055031e+16
1.013857e+16
1.102607e+16
1.102607e+16
1.013857e+16
1.055031e+16
1.102607e+16
1.05503e+16
1.102607e+16
1.013856e+16
1.013856e+16
1.05503e+16
1.013856e+16
1.05503e+16
1.102607e+16
1.013857e+16
1.102607e+16
1.05503e+16
1.013856e+16
1.013856e+16
1.05503e+16
1.05503e+16
1.102606e+16
1.102606e+16
9.375859e+15
9.739635e+15
1.017341e+16
9.676618e+15
1.033544e+16
1.056716e+16
7.732387e+15
8.446708e+15
8.188051e+15
8.219074e+15
7.457001e+15
7.730931e+15
1.017342e+16
7.73093e+15
1.056717e+16
7.73093e+15
1.033544e+16
7.456999e+15
7.456999e+15
9.739641e+15
1.017341e+16
9.676616e+15
1.056716e+16
1.033543e+16
9.375857e+15
9.739632e+15
1.017341e+16
1.056716e+16
9.375861e+15
9.67662e+15
1.033544e+16
9.739635e+15
1.017341e+16
9.676615e+15
1.056716e+16
1.033543e+16
9.73963e+15
9.375855e+15
4.58905e+15
4.291378e+15
5.793778e+15
5.793777e+15
4.589049e+15
6.369221e+15
4.291376e+15
4.589052e+15
5.793783e+15
4.589052e+15
6.369224e+15
5.793783e+15
5.657744e+15
7.219508e+15
5.657744e+15
5.294179e+15
7.966127e+15
7.219507e+15
7.96613e+15
7.219507e+15
7.219506e+15
5.657746e+15
5.657746e+15
5.294186e+15
5.657744e+15
7.219508e+15
5.29418e+15
5.657745e+15
7.966128e+15
7.219508e+15
7.219508e+15
7.966127e+15
5.657744e+15
7.219507e+15
5.657744e+15
5.294179e+15
6.213844e+15
5.298671e+15
7.322454e+15
6.04817e+15
7.76849e+15
7.234138e+15
7.76849e+15
7.322455e+15
6.213848e+15
5.29868e+15
6.048176e+15
7.234142e+15
7.756137e+15
9.190708e+15
6.560433e+15
7.550454e+15
9.769505e+15
9.091522e+15
9.769507e+15
7.756138e+15
9.091524e+15
7.550452e+15
6.560429e+15
9.190711e+15
9.769504e+15
9.091522e+15
7.550454e+15
9.190708e+15
6.560434e+15
7.756138e+15
9.769502e+15
9.091519e+15
9.190706e+15
7.550452e+15
7.756136e+15
6.560432e+15
1.013958e+16
7.136977e+15
7.136977e+15
6.937583e+15
1.09147e+16
8.455845e+15
7.631387e+15
8.455845e+15
7.136982e+15
8.030918e+15
7.631391e+15
8.45585e+15
8.643721e+15
6.937589e+15
8.991455e+15
8.729277e+15
9.614954e+15
1.013958e+16
1.066828e+16
1.09147e+16
1.013958e+16
8.729277e+15
1.09147e+16
1.066828e+16
9.614955e+15
8.991454e+15
1.066828e+16
9.614954e+15
1.013958e+16
8.991454e+15
1.09147e+16
8.729277e+15
1.013957e+16
1.091469e+16
8.99145e+15
1.066827e+16
9.61495e+15
8.729273e+15
8.991453e+15
1.066828e+16
1.013958e+16
9.614953e+15
8.729276e+15
1.09147e+16
8.455851e+15
7.631391e+15
6.937588e+15
8.643721e+15
7.136982e+15
8.030918e+15
1.013958e+16
8.991457e+15
1.09147e+16
8.729281e+15
5.799414e+15
1.066828e+16
9.614959e+15
7.234139e+15
1.09147e+16
1.013958e+16
1.066828e+16
9.614951e+15
8.991452e+15
8.729274e+15
9.614955e+15
8.729278e+15
1.066828e+16
8.991454e+15
1.09147e+16
1.013958e+16
1.013957e+16
1.091469e+16
8.99145e+15
8.729273e+15
9.61495e+15
1.066827e+16
6.560433e+15
9.769504e+15
9.091522e+15
7.550453e+15
9.190707e+15
7.756137e+15
6.048173e+15
7.234141e+15
6.213845e+15
5.298673e+15
7.768487e+15
7.322454e+15
6.213847e+15
5.298678e+15
7.322453e+15
6.048174e+15
7.768486e+15
7.234139e+15
6.560433e+15
9.190706e+15
9.09152e+15
7.550452e+15
7.756137e+15
9.769502e+15
9.190712e+15
9.769508e+15
9.091525e+15
7.756139e+15
6.56043e+15
7.550453e+15
7.550452e+15
9.091519e+15
9.769501e+15
6.560433e+15
7.756137e+15
9.190706e+15
2.215861e+15
1.830956e+15
3.105929e+15
3.105928e+15
2.215861e+15
3.540712e+15
2.215859e+15
1.830954e+15
3.105925e+15
2.215859e+15
3.105926e+15
3.540709e+15
2.705826e+15
2.705826e+15
3.799231e+15
2.232878e+15
3.799231e+15
4.355858e+15
4.355868e+15
2.232883e+15
3.799239e+15
3.79924e+15
2.705832e+15
2.705832e+15
2.232879e+15
2.705827e+15
3.799232e+15
2.705827e+15
3.799233e+15
4.35586e+15
2.705827e+15
2.232878e+15
2.705827e+15
3.799231e+15
4.355859e+15
3.799231e+15
1.798942e-306
2.032315e-306
1.911996e-306
1.449723e-306
1.596756e-306
1.370487e-306
1.911996e-306
2.032318e-306
1.596755e-306
1.370486e-306
1.798943e-306
1.449722e-306
1.756276e-306
2.190765e-306
2.483866e-306
1.942614e-306
1.660383e-306
2.334249e-306
2.190767e-306
1.75628e-306
2.483866e-306
2.334252e-306
1.660387e-306
1.942619e-306
2.483866e-306
2.33425e-306
2.190766e-306
1.942615e-306
1.756277e-306
1.660384e-306
1.942614e-306
1.660384e-306
1.756276e-306
2.334249e-306
2.190765e-306
2.483866e-306
5.388112e+15
5.799409e+15
4.115849e+15
3.575289e+15
3.346283e+15
4.860641e+15
3.575296e+15
4.860652e+15
3.346285e+15
4.115856e+15
5.388123e+15
5.799417e+15
6.708193e+15
7.255279e+15
5.056596e+15
6.049839e+15
4.097385e+15
4.40008e+15
5.056593e+15
4.097386e+15
4.400075e+15
6.708186e+15
7.255275e+15
6.04983e+15
4.097386e+15
6.049839e+15
5.056598e+15
6.708193e+15
4.40008e+15
7.255279e+15
6.708191e+15
7.255276e+15
5.056596e+15
6.049836e+15
4.097384e+15
4.400078e+15
6.255098e+15
3.805455e+15
3.805452e+15
3.805455e+15
6.190214e+15
6.190214e+15
7.77082e+15
5.017687e+15
3.805455e+15
5.017691e+15
6.190218e+15
5.017695e+15
3.805459e+15
6.190219e+15
7.770823e+15
6.2551e+15
6.255101e+15
4.860649e+15
7.770822e+15
4.698252e+15
4.698252e+15
1.209261e-306
4.698242e+15
6.255094e+15
4.698245e+15
6.255097e+15
7.770819e+15
7.770819e+15
4.698243e+15
6.255095e+15
4.698246e+15
7.770821e+15
6.255099e+15
7.770821e+15
4.698249e+15
4.698249e+15
6.255096e+15
6.255096e+15
7.770817e+15
7.770817e+15
5.056597e+15
6.708192e+15
4.097385e+15
7.255278e+15
4.400079e+15
6.049838e+15
5.799413e+15
5.388116e+15
4.860645e+15
4.115851e+15
3.575291e+15
3.346284e+15
3.346283e+15
3.575294e+15
4.860649e+15
4.115854e+15
5.799414e+15
5.38812e+15
7.255277e+15
6.049837e+15
4.400079e+15
5.056596e+15
6.708192e+15
4.097385e+15
7.255276e+15
6.708187e+15
6.049831e+15
5.056595e+15
4.400075e+15
4.097387e+15
4.097384e+15
4.400078e+15
5.056596e+15
6.708191e+15
7.255276e+15
6.049836e+15
1.660384e-306
1.756276e-306
2.334249e-306
1.942614e-306
2.483866e-306
2.190765e-306
1.596756e-306
2.032316e-306
1.798943e-306
1.911997e-306
1.370488e-306
1.449723e-306
2.032317e-306
1.596754e-306
1.911996e-306
1.798942e-306
1.449721e-306
1.370486e-306
2.190765e-306
1.756276e-306
1.942614e-306
2.483866e-306
1.660384e-306
2.334249e-306
2.190768e-306
2.483867e-306
2.334252e-306
1.75628e-306
1.942619e-306
1.660387e-306
1.942615e-306
2.334249e-306
1.660384e-306
2.483866e-306
1.756276e-306
2.190765e-306
3.332186e-307
3.332186e-307
4.635572e-308
9.379095e-308
5.010789e-307
9.379095e-308
3.332184e-307
4.635571e-308
3.332184e-307
9.37909e-308
5.010785e-307
9.379093e-308
1.126687e-307
4.014485e-307
5.555936e-308
6.062287e-307
4.014486e-307
1.126687e-307
5.555945e-308
6.0623e-307
1.126689e-307
4.014493e-307
4.014494e-307
1.126689e-307
5.555937e-308
4.014486e-307
1.126687e-307
4.014487e-307
6.062289e-307
1.126687e-307
5.555936e-308
4.014486e-307
6.062287e-307
1.126687e-307
1.126687e-307
4.014485e-307
4.207925e-307
1.482598e-307
8.024573e-307
5.809751e-307
1.7988e-307
9.763062e-307
8.024567e-307
4.207923e-307
9.763057e-307
1.7988e-307
5.809751e-307
1.482598e-307
1.181806e-306
7.016939e-307
2.170152e-307
9.736136e-307
5.082362e-307
1.787646e-307
7.016952e-307
1.78765e-307
2.170155e-307
5.082372e-307
9.736157e-307
1.181808e-306
5.082364e-307
1.787648e-307
2.170154e-307
9.736142e-307
7.016946e-307
1.181806e-306
5.082362e-307
1.787646e-307
2.170152e-307
9.736137e-307
7.016939e-307
1.181806e-306
2.111979e-307
6.498302e-307
2.047906e-307
1.095101e-306
6.184922e-307
1.102514e-306
2.111977e-307
6.498295e-307
2.047906e-307
6.184923e-307
1.0951e-306
1.102514e-306
7.464163e-307
1.33337e-306
7.835403e-307
2.466269e-307
1.32792e-306
2.540076e-307
2.54008e-307
2.466274e-307
7.464177e-307
7.835419e-307
1.333373e-306
1.327923e-306
1.333372e-306
1.327921e-306
7.464172e-307
7.835402e-307
2.466272e-307
2.540076e-307
7.835401e-307
1.32792e-306
2.540075e-307
1.333371e-306
2.466269e-307
7.464163e-307
2.295573e-307
7.045919e-307
6.728101e-307
1.209258e-306
2.232102e-307
1.174772e-306
2.295562e-307
7.045905e-307
2.232091e-307
1.209259e-306
6.728074e-307
1.174772e-306
8.124787e-307
2.68495e-307
8.517592e-307
7.045922e-307
1.430704e-306
2.762737e-307
1.474563e-306
8.124806e-307
1.430705e-306
1.474561e-306
2.684957e-307
2.762744e-307
8.517588e-307
8.124767e-307
1.430703e-306
1.47456e-306
2.684941e-307
8.517565e-307
2.762728e-307
8.124784e-307
2.684949e-307
8.517587e-307
1.430704e-306
2.762735e-307
1.474562e-306
1.430703e-306
1.209257e-306
8.124764e-307
2.232088e-307
7.045898e-307
1.209257e-306
2.232088e-307
2.295559e-307
2.232104e-307
6.728105e-307
1.209259e-306
2.295575e-307
1.174773e-306
7.045926e-307
1.209261e-306
1.174772e-306
6.728088e-307
7.045922e-307
2.295568e-307
2.232098e-307
8.517563e-307
2.68494e-307
1.430703e-306
1.474559e-306
2.762727e-307
8.124764e-307
8.51759e-307
2.684958e-307
1.430705e-306
1.474561e-306
2.762744e-307
8.124808e-307
1.474562e-306
8.517587e-307
1.430704e-306
8.124785e-307
2.762736e-307
2.68495e-307
2.540075e-307
7.8354e-307
2.466271e-307
7.464169e-307
1.327921e-306
1.333371e-306
6.184924e-307
2.047907e-307
1.095101e-306
6.498306e-307
2.11198e-307
1.102514e-306
6.498293e-307
2.111977e-307
2.047904e-307
1.095099e-306
1.102513e-306
6.184916e-307
7.8354e-307
2.540075e-307
1.327921e-306
7.464169e-307
2.466271e-307
1.333371e-306
2.466275e-307
2.540081e-307
7.464179e-307
1.327923e-306
7.835421e-307
1.333374e-306
1.333371e-306
7.464164e-307
2.46627e-307
1.32792e-306
2.540076e-307
7.835402e-307
1.787647e-307
2.170153e-307
5.082363e-307
7.016943e-307
9.736138e-307
1.181806e-306
4.207926e-307
1.482599e-307
5.809753e-307
8.024574e-307
9.763064e-307
1.7988e-307
1.482597e-307
4.207922e-307
8.024565e-307
1.798799e-307
5.809746e-307
9.763053e-307
1.181806e-306
9.736137e-307
5.082362e-307
7.016943e-307
1.787647e-307
2.170153e-307
1.181808e-306
9.736159e-307
5.082373e-307
7.016954e-307
1.78765e-307
2.170156e-307
7.016941e-307
5.082363e-307
1.787647e-307
2.170153e-307
9.736139e-307
1.181806e-306
)
;
    }
}


// ************************************************************************* //
