time;flux0;flux1;flux2;flux3;flux4;flux5
200.1;8.70677e+16;3.40838e+17;8.25855e+17;5.64314e+17;4.19958e+17;2.37351e+16
200.102;8.70687e+16;3.40841e+17;8.2586e+17;5.64316e+17;4.19958e+17;2.3735e+16
200.107;8.70695e+16;3.40845e+17;8.25866e+17;5.6432e+17;4.1996e+17;2.3735e+16
200.118;8.70709e+16;3.4085e+17;8.25878e+17;5.64328e+17;4.19965e+17;2.37349e+16
200.138;8.70733e+16;3.40859e+17;8.25899e+17;5.64341e+17;4.19972e+17;2.37348e+16
200.177;8.70774e+16;3.40875e+17;8.25935e+17;5.64363e+17;4.19985e+17;2.37346e+16
200.257;8.70837e+16;3.40899e+17;8.25988e+17;5.64396e+17;4.20004e+17;2.37343e+16
200.417;8.70912e+16;3.40928e+17;8.26056e+17;5.64441e+17;4.2003e+17;2.37338e+16
200.737;8.71009e+16;3.40966e+17;8.26142e+17;5.64495e+17;4.20061e+17;2.37333e+16
201.377;8.71118e+16;3.41006e+17;8.26236e+17;5.64555e+17;4.20095e+17;2.37327e+16
202.369;8.71228e+16;3.4105e+17;8.26334e+17;5.64616e+17;4.20131e+17;2.3732e+16
203.362;8.71343e+16;3.41093e+17;8.26434e+17;5.64679e+17;4.20167e+17;2.37314e+16
204.354;8.71456e+16;3.41137e+17;8.26533e+17;5.64742e+17;4.20204e+17;2.37307e+16
205.346;8.7157e+16;3.4118e+17;8.26633e+17;5.64806e+17;4.2024e+17;2.373e+16
206.339;8.71686e+16;3.41225e+17;8.26735e+17;5.64869e+17;4.20276e+17;2.37293e+16
207.331;8.71799e+16;3.41268e+17;8.26833e+17;5.64931e+17;4.20312e+17;2.37287e+16
208.323;8.71913e+16;3.41312e+17;8.26933e+17;5.64994e+17;4.20348e+17;2.3728e+16
209.316;8.72024e+16;3.41355e+17;8.27029e+17;5.65056e+17;4.20384e+17;2.37274e+16
210.308;8.72138e+16;3.41398e+17;8.27129e+17;5.65118e+17;4.20418e+17;2.37267e+16
211.3;8.72249e+16;3.41441e+17;8.27225e+17;5.65178e+17;4.20453e+17;2.37261e+16
212.292;8.72356e+16;3.41482e+17;8.27318e+17;5.65237e+17;4.20487e+17;2.37255e+16
213.285;8.72462e+16;3.41523e+17;8.27411e+17;5.65296e+17;4.2052e+17;2.37248e+16
214.277;8.72569e+16;3.41563e+17;8.27504e+17;5.65353e+17;4.20552e+17;2.37242e+16
215.269;8.72669e+16;3.41602e+17;8.27591e+17;5.65408e+17;4.20585e+17;2.37237e+16
216.262;8.7277e+16;3.4164e+17;8.27678e+17;5.65463e+17;4.20615e+17;2.37231e+16
217.254;8.72867e+16;3.41677e+17;8.2776e+17;5.65515e+17;4.20645e+17;2.37225e+16
218.246;8.72958e+16;3.41713e+17;8.2784e+17;5.65565e+17;4.20674e+17;2.3722e+16
219.239;8.73049e+16;3.41747e+17;8.27919e+17;5.65614e+17;4.20701e+17;2.37215e+16
220.231;8.73136e+16;3.4178e+17;8.27993e+17;5.6566e+17;4.20727e+17;2.3721e+16
221.223;8.73215e+16;3.41811e+17;8.28063e+17;5.65705e+17;4.20753e+17;2.37205e+16
222.215;8.73293e+16;3.41841e+17;8.28131e+17;5.65746e+17;4.20777e+17;2.37201e+16
223.208;8.73366e+16;3.41868e+17;8.28196e+17;5.65787e+17;4.208e+17;2.37197e+16
224.2;8.73439e+16;3.41896e+17;8.28258e+17;5.65825e+17;4.20821e+17;2.37193e+16
225.192;8.73505e+16;3.41922e+17;8.28313e+17;5.65862e+17;4.20842e+17;2.37189e+16
226.185;8.73568e+16;3.41946e+17;8.28369e+17;5.65895e+17;4.20861e+17;2.37185e+16
227.177;8.73627e+16;3.41968e+17;8.2842e+17;5.65927e+17;4.20879e+17;2.37182e+16
228.169;8.73684e+16;3.4199e+17;8.28468e+17;5.65957e+17;4.20896e+17;2.37179e+16
229.162;8.73733e+16;3.42009e+17;8.28513e+17;5.65986e+17;4.20912e+17;2.37176e+16
230.154;8.73785e+16;3.42029e+17;8.28556e+17;5.66012e+17;4.20927e+17;2.37173e+16
231.146;8.73831e+16;3.42046e+17;8.28596e+17;5.66036e+17;4.20941e+17;2.3717e+16
232.139;8.73874e+16;3.42062e+17;8.28632e+17;5.66059e+17;4.20954e+17;2.37168e+16
233.131;8.73911e+16;3.42077e+17;8.28666e+17;5.66081e+17;4.20966e+17;2.37166e+16
234.123;8.73949e+16;3.42091e+17;8.28698e+17;5.66101e+17;4.20977e+17;2.37164e+16
235.115;8.73985e+16;3.42105e+17;8.28728e+17;5.66119e+17;4.20987e+17;2.37162e+16
236.108;8.74016e+16;3.42117e+17;8.28755e+17;5.66136e+17;4.20997e+17;2.3716e+16
237.1;8.74045e+16;3.42128e+17;8.2878e+17;5.66152e+17;4.21006e+17;2.37158e+16
238.092;8.74071e+16;3.42138e+17;8.28804e+17;5.66166e+17;4.21014e+17;2.37157e+16
239.085;8.74097e+16;3.42148e+17;8.28826e+17;5.6618e+17;4.21022e+17;2.37155e+16
240.077;8.74121e+16;3.42157e+17;8.28846e+17;5.66192e+17;4.21029e+17;2.37154e+16
241.069;8.74141e+16;3.42165e+17;8.28863e+17;5.66204e+17;4.21036e+17;2.37153e+16
242.062;8.74162e+16;3.42173e+17;8.28881e+17;5.66215e+17;4.21042e+17;2.37152e+16
243.054;8.74181e+16;3.4218e+17;8.28897e+17;5.66224e+17;4.21047e+17;2.37151e+16
244.046;8.742e+16;3.42187e+17;8.28913e+17;5.66234e+17;4.21052e+17;2.3715e+16
245.038;8.74217e+16;3.42194e+17;8.28927e+17;5.66242e+17;4.21057e+17;2.37149e+16
246.031;8.74233e+16;3.422e+17;8.28941e+17;5.6625e+17;4.21061e+17;2.37148e+16
247.023;8.74248e+16;3.42205e+17;8.28953e+17;5.66258e+17;4.21065e+17;2.37147e+16
248.015;8.74261e+16;3.4221e+17;8.28965e+17;5.66265e+17;4.21069e+17;2.37146e+16
249.008;8.74274e+16;3.42215e+17;8.28976e+17;5.66272e+17;4.21073e+17;2.37146e+16
250;8.74286e+16;3.4222e+17;8.28987e+17;5.66279e+17;4.21077e+17;2.37145e+16
251;8.74297e+16;3.42225e+17;8.28997e+17;5.66285e+17;4.21081e+17;2.37145e+16
252;8.74309e+16;3.42229e+17;8.29007e+17;5.66292e+17;4.21084e+17;2.37144e+16
253;8.74322e+16;3.42234e+17;8.29016e+17;5.66297e+17;4.21088e+17;2.37144e+16
254;8.74329e+16;3.42237e+17;8.29026e+17;5.66304e+17;4.21092e+17;2.37143e+16
255;8.74341e+16;3.42241e+17;8.29036e+17;5.6631e+17;4.21095e+17;2.37142e+16
256;8.74355e+16;3.42246e+17;8.29047e+17;5.66316e+17;4.21098e+17;2.37142e+16
257;8.74367e+16;3.42251e+17;8.29056e+17;5.66322e+17;4.21102e+17;2.37141e+16
258;8.7438e+16;3.42256e+17;8.29066e+17;5.66328e+17;4.21106e+17;2.37141e+16
259;8.74393e+16;3.42261e+17;8.29077e+17;5.66334e+17;4.21109e+17;2.3714e+16
260;8.74398e+16;3.42263e+17;8.29085e+17;5.66342e+17;4.21114e+17;2.37139e+16
261;8.74415e+16;3.42269e+17;8.29098e+17;5.66347e+17;4.21118e+17;2.37139e+16
262;8.74431e+16;3.42275e+17;8.29109e+17;5.66353e+17;4.21122e+17;2.37138e+16
263;8.74444e+16;3.4228e+17;8.29119e+17;5.66363e+17;4.21126e+17;2.37137e+16
264;8.74453e+16;3.42284e+17;8.29132e+17;5.66371e+17;4.21131e+17;2.37136e+16
265;8.74471e+16;3.42291e+17;8.29145e+17;5.66377e+17;4.21135e+17;2.37136e+16
266;8.74488e+16;3.42297e+17;8.29158e+17;5.66386e+17;4.21141e+17;2.37135e+16
267;8.745e+16;3.42302e+17;8.29173e+17;5.66397e+17;4.21145e+17;2.37134e+16
268;8.74523e+16;3.42311e+17;8.29188e+17;5.66404e+17;4.21151e+17;2.37133e+16
269;8.74542e+16;3.42318e+17;8.29203e+17;5.66414e+17;4.21156e+17;2.37132e+16
270;8.74555e+16;3.42323e+17;8.2922e+17;5.66426e+17;4.21162e+17;2.37131e+16
271;8.74579e+16;3.42331e+17;8.29236e+17;5.66436e+17;4.21169e+17;2.3713e+16
272;8.746e+16;3.4234e+17;8.29261e+17;5.66453e+17;4.21172e+17;2.37126e+16
273;8.74629e+16;3.42351e+17;8.29279e+17;5.66462e+17;4.21179e+17;2.37126e+16
274;8.7464e+16;3.42356e+17;8.29294e+17;5.66473e+17;4.21189e+17;2.37126e+16
275;8.74666e+16;3.42366e+17;8.29319e+17;5.66486e+17;4.21196e+17;2.37124e+16
276;8.74689e+16;3.42375e+17;8.29337e+17;5.665e+17;4.21205e+17;2.37124e+16
277;8.74717e+16;3.42385e+17;8.29362e+17;5.66516e+17;4.21212e+17;2.37121e+16
278;8.74744e+16;3.42396e+17;8.29385e+17;5.6653e+17;4.21222e+17;2.3712e+16
279;8.74775e+16;3.42408e+17;8.29412e+17;5.66547e+17;4.21229e+17;2.37118e+16
280;8.74804e+16;3.42419e+17;8.29437e+17;5.66562e+17;4.2124e+17;2.37117e+16
281;8.74836e+16;3.42431e+17;8.29464e+17;5.6658e+17;4.2125e+17;2.37115e+16
282;8.74869e+16;3.42444e+17;8.29493e+17;5.66597e+17;4.2126e+17;2.37113e+16
283;8.74894e+16;3.42453e+17;8.29519e+17;5.66616e+17;4.21273e+17;2.37112e+16
284;8.74931e+16;3.42467e+17;8.29551e+17;5.66637e+17;4.21283e+17;2.3711e+16
285;8.74967e+16;3.42481e+17;8.29582e+17;5.66656e+17;4.21295e+17;2.37108e+16
286;8.75007e+16;3.42496e+17;8.29616e+17;5.66677e+17;4.21306e+17;2.37106e+16
287;8.75048e+16;3.42512e+17;8.29651e+17;5.66698e+17;4.21318e+17;2.37104e+16
288;8.7508e+16;3.42524e+17;8.29682e+17;5.6672e+17;4.21333e+17;2.37102e+16
289;8.75123e+16;3.42541e+17;8.2972e+17;5.66744e+17;4.21345e+17;2.37099e+16
290;8.75166e+16;3.42557e+17;8.29756e+17;5.66766e+17;4.21359e+17;2.37098e+16
291;8.75212e+16;3.42575e+17;8.29796e+17;5.66791e+17;4.21372e+17;2.37095e+16
292;8.7525e+16;3.4259e+17;8.29832e+17;5.66815e+17;4.21388e+17;2.37093e+16
293;8.75299e+16;3.42608e+17;8.29874e+17;5.66842e+17;4.21401e+17;2.3709e+16
294;8.75347e+16;3.42626e+17;8.29914e+17;5.66867e+17;4.21417e+17;2.37088e+16
295;8.75395e+16;3.42646e+17;8.29958e+17;5.66894e+17;4.21431e+17;2.37085e+16
296;8.75437e+16;3.42662e+17;8.29997e+17;5.6692e+17;4.21449e+17;2.37083e+16
297;8.75488e+16;3.42682e+17;8.30041e+17;5.66947e+17;4.21464e+17;2.3708e+16
298;8.75541e+16;3.42702e+17;8.30086e+17;5.66975e+17;4.2148e+17;2.37077e+16
299;8.75594e+16;3.42722e+17;8.30132e+17;5.67003e+17;4.21495e+17;2.37074e+16
300;8.75644e+16;3.42741e+17;8.30174e+17;5.67032e+17;4.21513e+17;2.37072e+16
301;8.75693e+16;3.4276e+17;8.30221e+17;5.67061e+17;4.2153e+17;2.37069e+16
302;8.75749e+16;3.42781e+17;8.30269e+17;5.6709e+17;4.21546e+17;2.37066e+16
303;8.75806e+16;3.42803e+17;8.30317e+17;5.67119e+17;4.21562e+17;2.37063e+16
304;8.75856e+16;3.42823e+17;8.30362e+17;5.67151e+17;4.21579e+17;2.3706e+16
305;8.75906e+16;3.42842e+17;8.30408e+17;5.67179e+17;4.21598e+17;2.37057e+16
306;8.75965e+16;3.42865e+17;8.30459e+17;5.6721e+17;4.21613e+17;2.37054e+16
307;8.7602e+16;3.42886e+17;8.30506e+17;5.67238e+17;4.21631e+17;2.37051e+16
308;8.76073e+16;3.42906e+17;8.30552e+17;5.67271e+17;4.21648e+17;2.37048e+16
309;8.76131e+16;3.42928e+17;8.306e+17;5.673e+17;4.21665e+17;2.37045e+16
310;8.76179e+16;3.42946e+17;8.30646e+17;5.67328e+17;4.21684e+17;2.37043e+16
311;8.76239e+16;3.42969e+17;8.30697e+17;5.67359e+17;4.21698e+17;2.37039e+16
312;8.76289e+16;3.42988e+17;8.30739e+17;5.67389e+17;4.21717e+17;2.37036e+16
313;8.76343e+16;3.4301e+17;8.30787e+17;5.67418e+17;4.21733e+17;2.37033e+16
314;8.76391e+16;3.43028e+17;8.30832e+17;5.67445e+17;4.21751e+17;2.37031e+16
315;8.76449e+16;3.4305e+17;8.30882e+17;5.67475e+17;4.21765e+17;2.37027e+16
316;8.76497e+16;3.43068e+17;8.30921e+17;5.67503e+17;4.21782e+17;2.37025e+16
317;8.7655e+16;3.43089e+17;8.30967e+17;5.67531e+17;4.21797e+17;2.37022e+16
318;8.76603e+16;3.43109e+17;8.31011e+17;5.67558e+17;4.21813e+17;2.37019e+16
319;8.76646e+16;3.43125e+17;8.31053e+17;5.67582e+17;4.2183e+17;2.37017e+16
320;8.76705e+16;3.43148e+17;8.31097e+17;5.67609e+17;4.21842e+17;2.37014e+16
321;8.76739e+16;3.43161e+17;8.31131e+17;5.67635e+17;4.2186e+17;2.37012e+16
322;8.76794e+16;3.43181e+17;8.31176e+17;5.67658e+17;4.21872e+17;2.37009e+16
323;8.76829e+16;3.43195e+17;8.31211e+17;5.67685e+17;4.21887e+17;2.37007e+16
324;8.76876e+16;3.43213e+17;8.3125e+17;5.67708e+17;4.219e+17;2.37004e+16
325;8.76921e+16;3.4323e+17;8.31288e+17;5.67731e+17;4.21912e+17;2.37002e+16
326;8.76964e+16;3.43247e+17;8.31324e+17;5.67753e+17;4.21924e+17;2.37e+16
327;8.77005e+16;3.43263e+17;8.31359e+17;5.67774e+17;4.21936e+17;2.36997e+16
328;8.7703e+16;3.43272e+17;8.31386e+17;5.67795e+17;4.21951e+17;2.36996e+16
329;8.77073e+16;3.43289e+17;8.31422e+17;5.67814e+17;4.2196e+17;2.36994e+16
330;8.77106e+16;3.43301e+17;8.3145e+17;5.67834e+17;4.21972e+17;2.36992e+16
331;8.77143e+16;3.43315e+17;8.31481e+17;5.67852e+17;4.21982e+17;2.3699e+16
332;8.77177e+16;3.43328e+17;8.3151e+17;5.6787e+17;4.21992e+17;2.36988e+16
333;8.77211e+16;3.43341e+17;8.31538e+17;5.67887e+17;4.22001e+17;2.36986e+16
334;8.77241e+16;3.43353e+17;8.31564e+17;5.67903e+17;4.2201e+17;2.36984e+16
335;8.77271e+16;3.43364e+17;8.31589e+17;5.67918e+17;4.22019e+17;2.36983e+16
336;8.77298e+16;3.43375e+17;8.31613e+17;5.67933e+17;4.22027e+17;2.36981e+16
337;8.77324e+16;3.43385e+17;8.31636e+17;5.67947e+17;4.22035e+17;2.3698e+16
338;8.77349e+16;3.43394e+17;8.31657e+17;5.67961e+17;4.22043e+17;2.36979e+16
339;8.77373e+16;3.43404e+17;8.31678e+17;5.67974e+17;4.22051e+17;2.36977e+16
340;8.77395e+16;3.43412e+17;8.31698e+17;5.67986e+17;4.22058e+17;2.36976e+16
341;8.77416e+16;3.4342e+17;8.31716e+17;5.67998e+17;4.22064e+17;2.36975e+16
342;8.77437e+16;3.43428e+17;8.31734e+17;5.68009e+17;4.22071e+17;2.36974e+16
343;8.77456e+16;3.43435e+17;8.31751e+17;5.6802e+17;4.22077e+17;2.36973e+16
344;8.77474e+16;3.43442e+17;8.31767e+17;5.6803e+17;4.22083e+17;2.36972e+16
345;8.77492e+16;3.43449e+17;8.31782e+17;5.6804e+17;4.22089e+17;2.36971e+16
346;8.77509e+16;3.43456e+17;8.31797e+17;5.68049e+17;4.22094e+17;2.3697e+16
347;8.77525e+16;3.43462e+17;8.31811e+17;5.68058e+17;4.22099e+17;2.36969e+16
348;8.7754e+16;3.43468e+17;8.31824e+17;5.68067e+17;4.22104e+17;2.36968e+16
349;8.77557e+16;3.43474e+17;8.31836e+17;5.68074e+17;4.22109e+17;2.36969e+16
350;8.77568e+16;3.43478e+17;8.31849e+17;5.68083e+17;4.22114e+17;2.36967e+16
351;8.77581e+16;3.43483e+17;8.31861e+17;5.6809e+17;4.22118e+17;2.36966e+16
352;8.77597e+16;3.43489e+17;8.31874e+17;5.68097e+17;4.22121e+17;2.36966e+16
353;8.77612e+16;3.43495e+17;8.31885e+17;5.68104e+17;4.22126e+17;2.36965e+16
354;8.77627e+16;3.435e+17;8.31896e+17;5.6811e+17;4.2213e+17;2.36965e+16
355;8.77641e+16;3.43505e+17;8.31907e+17;5.68117e+17;4.22133e+17;2.36964e+16
356;8.77642e+16;3.43507e+17;8.31915e+17;5.68125e+17;4.22138e+17;2.36963e+16
357;8.77657e+16;3.43512e+17;8.31927e+17;5.6813e+17;4.22142e+17;2.36963e+16
358;8.77671e+16;3.43517e+17;8.31937e+17;5.68135e+17;4.22146e+17;2.36963e+16
359;8.77683e+16;3.43522e+17;8.31946e+17;5.68144e+17;4.22149e+17;2.36961e+16
360;8.77692e+16;3.43526e+17;8.31957e+17;5.68151e+17;4.22153e+17;2.36961e+16
361;8.77705e+16;3.4353e+17;8.31966e+17;5.68156e+17;4.22156e+17;2.36961e+16
362;8.77718e+16;3.43535e+17;8.31976e+17;5.68162e+17;4.2216e+17;2.3696e+16
363;8.77725e+16;3.43539e+17;8.31986e+17;5.6817e+17;4.22164e+17;2.36959e+16
364;8.7774e+16;3.43543e+17;8.31996e+17;5.68175e+17;4.22168e+17;2.3696e+16
365;8.77753e+16;3.43549e+17;8.32006e+17;5.68181e+17;4.22172e+17;2.36958e+16
366;8.77763e+16;3.43553e+17;8.32019e+17;5.68191e+17;4.22174e+17;2.36957e+16
367;8.77777e+16;3.43558e+17;8.32029e+17;5.68196e+17;4.22179e+17;2.36957e+16
368;8.77793e+16;3.43564e+17;8.32038e+17;5.68203e+17;4.22184e+17;2.36956e+16
369;8.77801e+16;3.43567e+17;8.32052e+17;5.68211e+17;4.22187e+17;2.36955e+16
370;8.77816e+16;3.43573e+17;8.32061e+17;5.68217e+17;4.22192e+17;2.36956e+16
371;8.77831e+16;3.43579e+17;8.32078e+17;5.68227e+17;4.22194e+17;2.36953e+16
372;8.77846e+16;3.43584e+17;8.32088e+17;5.68233e+17;4.22199e+17;2.36953e+16
373;8.77861e+16;3.43591e+17;8.32105e+17;5.68242e+17;4.22202e+17;2.36952e+16
374;8.77878e+16;3.43596e+17;8.32115e+17;5.6825e+17;4.22208e+17;2.36951e+16
375;8.77887e+16;3.43601e+17;8.32127e+17;5.68258e+17;4.22214e+17;2.3695e+16
376;8.77905e+16;3.43607e+17;8.32139e+17;5.68265e+17;4.22219e+17;2.36951e+16
377;8.77929e+16;3.43615e+17;8.32156e+17;5.68271e+17;4.22224e+17;2.36949e+16
378;8.77934e+16;3.4362e+17;8.32172e+17;5.68286e+17;4.22228e+17;2.36948e+16
379;8.77962e+16;3.43629e+17;8.32183e+17;5.68294e+17;4.22234e+17;2.36947e+16
380;8.77978e+16;3.43634e+17;8.32206e+17;5.68304e+17;4.22238e+17;2.36945e+16
381;8.77994e+16;3.43641e+17;8.32216e+17;5.68313e+17;4.22246e+17;2.36945e+16
382;8.78015e+16;3.43649e+17;8.32232e+17;5.68323e+17;4.22252e+17;2.36944e+16
383;8.78027e+16;3.43654e+17;8.32249e+17;5.68335e+17;4.22258e+17;2.36943e+16
384;8.78055e+16;3.43663e+17;8.32263e+17;5.68344e+17;4.22265e+17;2.36942e+16
385;8.78068e+16;3.43671e+17;8.32287e+17;5.68358e+17;4.22269e+17;2.36941e+16
386;8.78099e+16;3.43682e+17;8.32305e+17;5.68368e+17;4.22275e+17;2.36939e+16
387;8.78111e+16;3.43686e+17;8.32321e+17;5.6838e+17;4.22284e+17;2.36938e+16
388;8.78137e+16;3.43695e+17;8.32339e+17;5.6839e+17;4.22291e+17;2.36938e+16
389;8.78158e+16;3.43704e+17;8.32364e+17;5.68407e+17;4.22295e+17;2.36935e+16
390;8.78187e+16;3.43716e+17;8.32382e+17;5.68417e+17;4.22303e+17;2.36935e+16
391;8.782e+16;3.4372e+17;8.32398e+17;5.68429e+17;4.22313e+17;2.36934e+16
392;8.78225e+16;3.43731e+17;8.32423e+17;5.68441e+17;4.22319e+17;2.36932e+16
393;8.78252e+16;3.43741e+17;8.32444e+17;5.68458e+17;4.22325e+17;2.3693e+16
394;8.78281e+16;3.43752e+17;8.32469e+17;5.68469e+17;4.22333e+17;2.36929e+16
395;8.78298e+16;3.43758e+17;8.32483e+17;5.68482e+17;4.22343e+17;2.36929e+16
396;8.78326e+16;3.43769e+17;8.32508e+17;5.68498e+17;4.2235e+17;2.36927e+16
397;8.78354e+16;3.43781e+17;8.32535e+17;5.6851e+17;4.22357e+17;2.36925e+16
398;8.78374e+16;3.43788e+17;8.3255e+17;5.68524e+17;4.22368e+17;2.36925e+16
399;8.78404e+16;3.43799e+17;8.32576e+17;5.6854e+17;4.22374e+17;2.36923e+16
400;8.78432e+16;3.4381e+17;8.326e+17;5.68555e+17;4.22382e+17;2.36921e+16
401;8.78456e+16;3.43819e+17;8.32621e+17;5.68568e+17;4.22392e+17;2.36921e+16
402;8.78486e+16;3.4383e+17;8.32648e+17;5.68585e+17;4.22399e+17;2.36918e+16
403;8.7851e+16;3.4384e+17;8.32668e+17;5.68597e+17;4.2241e+17;2.36918e+16
404;8.78541e+16;3.43851e+17;8.32695e+17;5.68614e+17;4.22417e+17;2.36915e+16
405;8.78567e+16;3.43862e+17;8.3272e+17;5.6863e+17;4.22425e+17;2.36914e+16
406;8.78593e+16;3.43871e+17;8.32741e+17;5.68643e+17;4.22435e+17;2.36914e+16
407;8.78624e+16;3.43883e+17;8.32768e+17;5.6866e+17;4.22443e+17;2.36911e+16
408;8.78648e+16;3.43893e+17;8.32789e+17;5.68673e+17;4.22453e+17;2.36911e+16
409;8.78679e+16;3.43904e+17;8.32817e+17;5.6869e+17;4.2246e+17;2.36908e+16
410;8.78704e+16;3.43914e+17;8.32838e+17;5.68704e+17;4.22471e+17;2.36908e+16
411;8.78735e+16;3.43926e+17;8.32865e+17;5.68721e+17;4.22478e+17;2.36905e+16
412;8.7876e+16;3.43935e+17;8.32886e+17;5.68734e+17;4.22488e+17;2.36905e+16
413;8.7879e+16;3.43947e+17;8.32913e+17;5.68751e+17;4.22495e+17;2.36902e+16
414;8.78468e+16;3.43996e+17;8.33288e+17;5.68769e+17;4.22427e+17;2.36843e+16
415;8.7896e+16;3.44001e+17;8.32987e+17;5.68775e+17;4.22499e+17;2.36888e+16
416;8.78879e+16;3.43979e+17;8.32983e+17;5.68794e+17;4.22521e+17;2.36897e+16
417;8.7889e+16;3.43985e+17;8.33003e+17;5.6881e+17;4.22532e+17;2.36897e+16
418;8.78918e+16;3.43996e+17;8.33027e+17;5.68824e+17;4.2254e+17;2.36896e+16
419;8.78941e+16;3.44005e+17;8.33049e+17;5.68839e+17;4.22548e+17;2.36895e+16
420;8.78972e+16;3.44017e+17;8.33074e+17;5.68854e+17;4.22555e+17;2.36893e+16
421;8.78995e+16;3.44025e+17;8.33094e+17;5.68867e+17;4.22565e+17;2.36892e+16
422;8.79023e+16;3.44036e+17;8.33118e+17;5.68882e+17;4.22571e+17;2.3689e+16
423;8.79047e+16;3.44045e+17;8.33138e+17;5.68894e+17;4.2258e+17;2.3689e+16
424;8.79074e+16;3.44056e+17;8.33161e+17;5.68908e+17;4.22587e+17;2.36887e+16
425;8.79098e+16;3.44065e+17;8.33183e+17;5.68922e+17;4.22594e+17;2.36886e+16
426;8.7912e+16;3.44073e+17;8.33201e+17;5.68933e+17;4.22602e+17;2.36886e+16
427;8.79146e+16;3.44083e+17;8.33224e+17;5.68947e+17;4.22608e+17;2.36884e+16
428;8.79166e+16;3.44091e+17;8.33241e+17;5.68958e+17;4.22617e+17;2.36883e+16
429;8.7919e+16;3.441e+17;8.33262e+17;5.68971e+17;4.22622e+17;2.36882e+16
430;8.79209e+16;3.44107e+17;8.33279e+17;5.68982e+17;4.22631e+17;2.36881e+16
431;2.26054e+16;2.02112e+17;8.5613e+17;6.03232e+17;4.50748e+17;2.53518e+16
432;9.00606e+16;3.50436e+17;8.3977e+17;5.69527e+17;4.18747e+17;2.33565e+16
433;8.94106e+16;3.49189e+17;8.40164e+17;5.68909e+17;4.18901e+17;2.34088e+16
434;8.91241e+16;3.48105e+17;8.38493e+17;5.68935e+17;4.19809e+17;2.34721e+16
435;8.90697e+16;3.47976e+17;8.386e+17;5.69212e+17;4.2e+17;2.34747e+16
436;8.89777e+16;3.47649e+17;8.38096e+17;5.69232e+17;4.2043e+17;2.35045e+16
437;8.88208e+16;3.47126e+17;8.37452e+17;5.69325e+17;4.20909e+17;2.3536e+16
438;8.86779e+16;3.46657e+17;8.36884e+17;5.69404e+17;4.21335e+17;2.35643e+16
439;8.85498e+16;3.46238e+17;8.36384e+17;5.69479e+17;4.21706e+17;2.35888e+16
440;8.84442e+16;3.45893e+17;8.35977e+17;5.69543e+17;4.22011e+17;2.36088e+16
441;8.83583e+16;3.45613e+17;8.35648e+17;5.69595e+17;4.22256e+17;2.36249e+16
442;8.82898e+16;3.4539e+17;8.35385e+17;5.69635e+17;4.22448e+17;2.36377e+16
443;8.82357e+16;3.45213e+17;8.35173e+17;5.69662e+17;4.22595e+17;2.36477e+16
444;8.81929e+16;3.45073e+17;8.35003e+17;5.69677e+17;4.22705e+17;2.36555e+16
445;8.81588e+16;3.4496e+17;8.34861e+17;5.69682e+17;4.22785e+17;2.36614e+16
446;8.81312e+16;3.44869e+17;8.3474e+17;5.69678e+17;4.22843e+17;2.36662e+16
447;8.81087e+16;3.44794e+17;8.34635e+17;5.69667e+17;4.22881e+17;2.36699e+16
448;8.80901e+16;3.44731e+17;8.34542e+17;5.6965e+17;4.22906e+17;2.36728e+16
449;8.80748e+16;3.44678e+17;8.34459e+17;5.69629e+17;4.2292e+17;2.36751e+16
450;8.80618e+16;3.44632e+17;8.34384e+17;5.69605e+17;4.22926e+17;2.36769e+16
451;8.80505e+16;3.44593e+17;8.34315e+17;5.69579e+17;4.22926e+17;2.36784e+16
452;8.80406e+16;3.44557e+17;8.34252e+17;5.69553e+17;4.22922e+17;2.36796e+16
453;8.8032e+16;3.44526e+17;8.34194e+17;5.69527e+17;4.22916e+17;2.36805e+16
454;8.80245e+16;3.445e+17;8.34141e+17;5.69501e+17;4.22907e+17;2.36813e+16
455;8.80179e+16;3.44475e+17;8.34093e+17;5.69477e+17;4.22898e+17;2.3682e+16
456;8.8012e+16;3.44454e+17;8.3405e+17;5.69454e+17;4.22889e+17;2.36825e+16
457;8.80069e+16;3.44434e+17;8.34011e+17;5.69433e+17;4.2288e+17;2.3683e+16
458;8.80024e+16;3.44418e+17;8.33976e+17;5.69414e+17;4.22871e+17;2.36834e+16
459;8.79985e+16;3.44404e+17;8.33945e+17;5.69396e+17;4.22863e+17;2.36837e+16
460;8.79952e+16;3.44391e+17;8.33919e+17;5.69381e+17;4.22855e+17;2.36839e+16
461;8.79923e+16;3.4438e+17;8.33896e+17;5.69368e+17;4.22849e+17;2.36842e+16
462;8.79898e+16;3.44371e+17;8.33876e+17;5.69357e+17;4.22843e+17;2.36843e+16
463;8.79877e+16;3.44363e+17;8.33859e+17;5.69347e+17;4.22838e+17;2.36845e+16
464;8.79861e+16;3.44357e+17;8.33846e+17;5.69338e+17;4.22834e+17;2.36846e+16
465;8.79848e+16;3.44352e+17;8.33835e+17;5.69332e+17;4.2283e+17;2.36847e+16
466;8.79837e+16;3.44348e+17;8.33826e+17;5.69327e+17;4.22827e+17;2.36847e+16
467;8.79828e+16;3.44345e+17;8.33819e+17;5.69323e+17;4.22825e+17;2.36848e+16
468;8.79821e+16;3.44342e+17;8.33814e+17;5.6932e+17;4.22824e+17;2.36849e+16
469;8.79817e+16;3.4434e+17;8.3381e+17;5.69318e+17;4.22823e+17;2.36849e+16
470;8.79815e+16;3.4434e+17;8.33809e+17;5.69316e+17;4.22822e+17;2.36849e+16
471;8.79815e+16;3.4434e+17;8.33808e+17;5.69316e+17;4.22822e+17;2.36849e+16
472;8.79816e+16;3.4434e+17;8.33809e+17;5.69317e+17;4.22823e+17;2.36849e+16
473;8.79817e+16;3.44341e+17;8.33811e+17;5.69318e+17;4.22823e+17;2.36849e+16
474;8.7982e+16;3.44342e+17;8.33813e+17;5.6932e+17;4.22824e+17;2.36849e+16
475;8.79825e+16;3.44343e+17;8.33817e+17;5.69322e+17;4.22826e+17;2.36849e+16
476;8.79829e+16;3.44345e+17;8.33821e+17;5.69325e+17;4.22827e+17;2.36848e+16
477;8.79834e+16;3.44347e+17;8.33826e+17;5.69328e+17;4.22829e+17;2.36848e+16
478;8.79841e+16;3.44349e+17;8.33831e+17;5.69332e+17;4.22832e+17;2.36848e+16
479;8.79849e+16;3.44353e+17;8.33838e+17;5.69335e+17;4.22834e+17;2.36847e+16
480;8.79857e+16;3.44356e+17;8.33845e+17;5.6934e+17;4.22836e+17;2.36847e+16
481;8.79865e+16;3.44359e+17;8.33852e+17;5.69344e+17;4.22839e+17;2.36847e+16
482;8.79874e+16;3.44362e+17;8.33859e+17;5.69349e+17;4.22841e+17;2.36846e+16
483;8.79883e+16;3.44366e+17;8.33868e+17;5.69354e+17;4.22844e+17;2.36846e+16
484;8.79893e+16;3.44369e+17;8.33876e+17;5.69359e+17;4.22847e+17;2.36845e+16
485;8.79902e+16;3.44373e+17;8.33884e+17;5.69365e+17;4.22851e+17;2.36845e+16
486;8.79912e+16;3.44377e+17;8.33893e+17;5.69371e+17;4.22854e+17;2.36844e+16
487;8.79923e+16;3.44381e+17;8.33903e+17;5.69376e+17;4.22858e+17;2.36844e+16
488;8.79934e+16;3.44385e+17;8.33912e+17;5.69383e+17;4.22861e+17;2.36843e+16
489;8.79945e+16;3.4439e+17;8.33923e+17;5.69389e+17;4.22865e+17;2.36843e+16
490;8.79957e+16;3.44394e+17;8.33933e+17;5.69396e+17;4.22868e+17;2.36842e+16
491;8.7997e+16;3.44399e+17;8.33944e+17;5.69402e+17;4.22872e+17;2.36842e+16
492;8.79983e+16;3.44404e+17;8.33955e+17;5.69409e+17;4.22876e+17;2.36841e+16
493;8.79997e+16;3.44409e+17;8.33967e+17;5.69416e+17;4.2288e+17;2.3684e+16
494;8.80011e+16;3.44415e+17;8.33979e+17;5.69423e+17;4.22884e+17;2.36839e+16
495;8.80028e+16;3.44421e+17;8.3399e+17;5.6943e+17;4.22888e+17;2.36839e+16
496;8.80043e+16;3.44427e+17;8.34002e+17;5.69437e+17;4.22893e+17;2.36838e+16
497;8.80052e+16;3.44429e+17;8.34014e+17;5.69446e+17;4.22898e+17;2.36837e+16
498;8.80067e+16;3.44436e+17;8.34028e+17;5.69455e+17;4.22902e+17;2.36836e+16
499;8.80085e+16;3.44443e+17;8.34044e+17;5.69462e+17;4.22906e+17;2.36836e+16
500;8.80102e+16;3.44449e+17;8.34056e+17;5.6947e+17;4.22911e+17;2.36835e+16
