/*--------------------------------*- C++ -*----------------------------------*\
| =========                 |                                                 |
| \\      /  F ield         | OpenFOAM: The Open Source CFD Toolbox           |
|  \\    /   O peration     | Version:  2412                                  |
|   \\  /    A nd           | Website:  www.openfoam.com                      |
|    \\/     M anipulation  |                                                 |
\*---------------------------------------------------------------------------*/
FoamFile
{
    version     2.0;
    format      ascii;
    arch        "LSB;label=32;scalar=64";
    class       labelList;
    location    "constant/fluidRegion/polyMesh";
    object      pointProcAddressing;
}
// * * * * * * * * * * * * * * * * * * * * * * * * * * * * * * * * * * * * * //


3766
(
1152
1153
1154
1155
1156
1157
1158
1159
1160
1161
1162
1163
1164
1165
1166
1167
1168
1169
1170
1171
1172
1173
1174
1175
1176
1177
1178
1179
1180
1181
1182
1183
1184
1185
1186
1187
1188
1189
1190
1191
1192
1193
1194
1195
1196
1197
1198
1199
1200
1201
1202
1203
1204
1205
1206
1207
1208
1209
1210
1211
1212
1213
1214
1215
1216
1217
1218
1219
1220
1221
1222
1223
1224
1225
1226
1227
1228
1229
1230
1231
1232
1233
1234
1235
1236
1237
1238
1239
1240
1241
1242
1243
1244
1245
1246
1247
1248
1249
1250
1251
1252
1253
1254
1255
1256
1257
1258
1259
1260
1261
1262
1263
1264
1265
1266
1267
1268
1269
1270
1271
1272
1273
1274
1275
1276
1277
1278
1279
1280
1281
1282
1283
1284
1285
1286
1287
1288
1289
1290
1291
1292
1293
1294
1295
1296
1297
1298
1299
1300
1301
1302
1303
1304
1305
1306
1307
1308
1309
1310
1311
1312
1313
1314
1315
1316
1317
1318
1319
1320
1321
1322
1323
1324
1325
1326
1327
1328
1329
1330
1331
1332
1333
1334
1335
1336
1337
1338
1339
1340
1341
1342
1343
1344
1345
1346
1347
1348
1349
1350
1351
1352
1353
1354
1355
1356
1357
1358
1359
1360
1361
1362
1363
1364
1365
1366
1367
1368
1369
1370
1371
1372
1373
1374
1375
1376
1377
1378
1379
1380
1381
1382
1383
1384
1385
1386
1387
1388
1389
1390
1391
1392
1393
1394
1395
1396
1397
1398
1399
1400
1401
1402
1403
1404
1405
1406
1407
1408
1409
1410
1411
1412
1413
1414
1415
1416
1417
1418
1419
1420
1421
1422
1423
1424
1425
1426
1427
1428
1429
1430
1431
1432
1433
1434
1435
1436
1437
1438
1439
1440
1441
1442
1443
1444
1445
1446
1447
1448
1449
1450
1451
1452
1453
1454
1455
1456
1457
1458
1459
1460
1461
1462
1463
1464
1465
1466
1467
1468
1469
1470
1471
1472
1473
1474
1475
1476
1477
1478
1479
1480
1481
1482
1483
1484
1485
1486
1487
1488
1489
1490
1491
1492
1493
1494
1495
1496
1497
1498
1499
1500
1501
1502
1503
1504
1505
1506
1507
1508
1509
1510
1511
1512
1513
1514
1515
1516
1517
1518
1519
1520
1521
1522
1523
1524
1525
1526
1527
1528
1529
1530
1531
1532
1533
1534
1535
1536
1537
1538
1539
1540
1541
1542
1543
1544
1545
1546
1547
1548
1549
1550
1551
1552
1553
1554
1555
1556
1557
1558
1559
1560
1561
1562
1563
1564
1565
1566
1567
1568
1569
1570
1571
1572
1573
1574
1575
1576
1577
1578
1579
1580
1581
1582
1583
1584
1585
1586
1587
1588
1589
1590
1591
1592
1593
1594
1595
1596
1597
1598
1599
1600
1601
1602
1603
1604
1605
1606
1607
1608
1609
1610
1611
1612
1613
1614
1615
1616
1617
1618
1619
1620
1621
1622
1623
1624
1625
1626
1627
1628
1629
1630
1631
1632
1633
1634
1635
1636
1637
1638
1639
1640
1641
1642
1643
1644
1645
1646
1647
1648
1649
1650
1651
1652
1653
1654
1655
1656
1657
1658
1659
1660
1661
1662
1663
1664
1665
1666
1667
1668
1669
1670
1671
1672
1673
1674
1675
1676
1677
1678
1679
1680
1681
1682
1683
1684
1685
1686
1687
1688
1689
1690
1691
1692
1693
1694
1695
1696
1697
1698
1699
1700
1701
1702
1703
1704
1705
1706
1707
1708
1709
1710
1711
1712
1713
1714
1715
1716
1717
1718
1719
1720
1721
1722
1723
1724
1725
1726
1727
1728
1729
1730
1731
1732
1733
1734
1735
1736
1737
1738
1739
1740
1741
1742
1743
1744
1745
1746
1747
1748
1749
1750
1751
1752
1753
1754
1755
1756
1757
1758
1759
1760
1761
1762
1763
1764
1765
1766
1767
1768
1769
1770
1771
1772
1773
1774
1775
1776
1777
1778
1779
1780
1781
1782
1783
1784
1785
1786
1787
1788
1789
1790
1791
1792
1793
1794
1795
1796
1797
1798
1799
1800
1801
1802
1803
1804
1805
1806
1807
1808
1809
1810
1811
1812
1813
1814
1815
1816
1817
1818
1819
1820
1821
1822
1823
1824
1825
1826
1827
1828
1829
1830
1831
1832
1833
1834
1835
1836
1837
1838
1839
1840
1841
1842
1843
1844
1845
1846
1847
1848
1849
1850
1851
1852
1853
1854
1855
1856
1857
1858
1859
1860
1861
1862
1863
1864
1865
1866
1867
1868
1869
1870
1871
1872
1873
1874
1875
1876
1877
1878
1879
1880
1881
1882
1883
1884
1885
1886
1887
1888
1889
1890
1891
1892
1893
1894
1895
1896
1897
1898
1899
1900
1901
1902
1903
1904
1905
1906
1907
1908
1909
1910
1911
1912
1913
1914
1915
1916
1917
1918
1919
3456
3457
3465
3466
3467
3474
3475
3476
3483
3484
3485
3492
3493
3494
3501
3502
3510
3511
3512
3519
3520
3521
3528
3529
3530
3537
3538
3539
3546
3547
3548
3555
3556
3557
3564
3565
3566
3573
3574
3582
3583
3584
3591
3592
3600
3601
3609
3610
3618
3619
3627
3628
3636
3637
3645
3646
3654
3655
3656
3663
3664
3665
3672
3673
3674
3681
3682
3683
3690
3691
3692
3699
3700
3701
3708
3709
3710
3717
3718
3719
3726
3727
3728
3735
3736
3737
3744
3745
3753
3754
3755
3762
3763
3764
3771
3772
3780
3781
3789
3790
3798
3799
3807
3808
3816
3817
3825
3826
3834
3835
3843
3844
3852
3853
3854
3861
3862
3863
3870
3871
3872
3879
3880
3888
3889
3890
3897
3898
3899
3906
3907
3908
3915
3916
3924
3925
3933
3934
3942
3943
3944
3951
3952
3953
3960
3961
3962
3969
3970
3971
3978
3979
3980
3987
3988
3989
3996
3997
3998
4005
4006
4007
4014
4015
4023
4024
4025
4032
4033
4034
4041
4042
4050
4051
4059
4060
4068
4069
4077
4078
4086
4087
4095
4096
4104
4105
4113
4114
4122
4123
4124
4131
4132
4133
4140
4141
4142
4149
4150
4158
4159
4160
4167
4168
4169
4176
4177
4178
4185
4186
4187
4194
4195
4196
4203
4204
4205
4212
4213
4221
4222
4230
4231
4239
4240
4248
4249
4257
4258
4266
4267
4268
4275
4276
4277
4284
4285
4286
4293
4294
4302
4303
4311
4312
4320
4321
4322
4329
4330
4331
4338
4339
4340
4347
4348
4349
4356
4357
4358
4365
4366
4367
4374
4375
4376
4383
4384
4385
4392
4393
4401
4402
4403
4410
4411
4412
4419
4420
4428
4429
4437
4438
4446
4447
4455
4456
4464
4465
4473
4474
4482
4483
4491
4492
4500
4501
4502
4509
4510
4511
4518
4519
4520
4527
4528
4536
4537
4538
4545
4546
4547
4554
4555
4556
4563
4564
4565
4572
4573
4574
4581
4582
4583
4590
4591
4599
4600
4608
4609
4617
4618
4626
4627
4635
4636
4644
4645
4646
4653
4654
4655
4662
4663
4664
4671
4672
4673
4680
4681
4682
4689
4690
4691
4698
4699
4707
4708
4716
4717
4725
4726
4734
4735
4743
4744
4752
4753
4754
4761
4762
4763
4770
4771
4772
4779
4780
4788
4789
4797
4798
4806
4807
4808
4815
4816
4817
4824
4825
4826
4833
4834
4835
4842
4843
4844
4851
4852
4853
4860
4861
4862
4869
4870
4871
4878
4879
4887
4888
4889
4896
4897
4898
4905
4906
4914
4915
4923
4924
4932
4933
4941
4942
4950
4951
4959
4960
4968
4969
4977
4978
4986
4987
4988
4995
4996
4997
5004
5005
5006
5013
5014
5015
5022
5023
5024
5031
5032
5033
5040
5041
5042
5049
5050
5051
5058
5059
5060
5067
5068
5069
5076
5077
5085
5086
5094
5095
5103
5104
5112
5113
5121
5122
5130
5131
5132
5139
5140
5141
5148
5149
5150
5157
5158
5159
5166
5167
5168
5175
5176
5177
5184
5185
5193
5194
5202
5203
5211
5212
5220
5221
5229
5230
5238
5239
5240
5247
5248
5249
5256
5257
5258
5265
5266
5267
5274
5275
5276
5283
5284
5285
5292
5293
5301
5302
5310
5311
5319
5320
5328
5329
5337
5338
5346
5347
5348
5355
5356
5357
5364
5365
5366
5373
5374
5382
5383
5391
5392
5400
5401
5402
5409
5410
5411
5418
5419
5420
5427
5428
5429
5436
5437
5438
5445
5446
5447
5454
5455
5456
5463
5464
5465
5472
5473
5481
5482
5483
5490
5491
5492
5499
5500
5508
5509
5517
5518
5526
5527
5535
5536
5544
5545
5553
5554
5562
5563
5571
5572
5580
5581
5582
5589
5590
5591
5598
5599
5600
5607
5608
5609
5616
5617
5618
5625
5626
5627
5634
5635
5636
5643
5644
5645
5652
5653
5654
5661
5662
5663
5670
5671
5679
5680
5688
5689
5697
5698
5706
5707
5715
5716
5724
5725
5726
5733
5734
5735
5742
5743
5744
5751
5752
5753
5760
5761
5762
5769
5770
5771
5778
5779
5787
5788
5796
5797
5805
5806
5814
5815
5823
5824
5832
5833
5834
5841
5842
5843
5850
5851
5852
5859
5860
5861
5868
5869
5870
5877
5878
5879
5886
5887
5895
5896
5904
5905
5913
5914
5922
5923
5931
5932
5940
5941
5942
5949
5950
5951
5958
5959
5960
5967
5968
5969
5976
5977
5978
5985
5986
5987
5994
5995
6003
6004
6012
6013
6021
6022
6030
6031
6039
6040
6048
6049
6050
6057
6058
6059
6066
6067
6068
6075
6076
6084
6085
6093
6094
6102
6103
6104
6111
6112
6113
6120
6121
6122
6129
6130
6131
6138
6139
6140
6147
6148
6149
6156
6157
6158
6165
6166
6167
6174
6175
6183
6184
6192
6193
6194
6201
6202
6210
6211
6219
6220
6228
6229
6237
6238
6246
6247
6255
6256
6264
6265
6273
6274
6282
6283
6284
6291
6292
6293
6300
6301
6302
6309
6310
6311
6318
6319
6320
6327
6328
6329
6336
6337
6338
6345
6346
6347
6354
6355
6356
6363
6364
6365
6372
6373
6381
6382
6390
6391
6399
6400
6408
6409
6417
6418
6426
6427
6428
6435
6436
6437
6444
6445
6446
6453
6454
6455
6462
6463
6464
6471
6472
6473
6480
6481
6489
6490
6498
6499
6507
6508
6516
6517
6525
6526
6534
6535
6536
6543
6544
6545
6552
6553
6554
6561
6562
6563
6570
6571
6572
6579
6580
6581
6588
6589
6597
6598
6606
6607
6615
6616
6624
6625
6633
6634
6642
6643
6644
6651
6652
6653
6660
6661
6662
6669
6670
6671
6678
6679
6680
6687
6688
6689
6696
6697
6705
6706
6714
6715
6723
6724
6732
6733
6741
6742
6750
6751
6752
6759
6760
6761
6768
6769
6770
6777
6778
6779
6786
6787
6788
6795
6796
6797
6804
6805
6813
6814
6822
6823
6831
6832
6840
6841
6849
6850
6858
6859
6860
6867
6868
6869
6876
6877
6878
6885
6886
6894
6895
6903
6904
6912
6913
6914
6915
6916
6917
6918
6919
6920
6921
6922
6923
6924
6925
6926
6927
6928
6929
6930
6931
6932
6933
6934
6935
6936
6937
6938
6939
6940
6941
6942
6943
6944
6945
6946
6947
6948
6949
6950
6951
6952
6953
6954
6955
6956
6957
6958
6959
6960
6961
6962
6963
6964
6965
6966
6967
6968
6969
6970
6971
6972
6973
6974
6975
6976
6977
6978
6979
6980
6981
6982
6983
6984
6985
6986
6987
6988
6989
6990
6991
6992
6993
6994
6995
6996
6997
6998
6999
7000
7001
7002
7003
7004
7005
7006
7007
7008
7009
7010
7011
7012
7013
7014
7015
7016
7017
7018
7019
7020
7021
7022
7023
7024
7025
7026
7027
7028
7029
7030
7031
7032
7033
7034
7035
7036
7037
7038
7039
7040
7041
7042
7043
7044
7045
7046
7047
7048
7049
7050
7051
7052
7053
7054
7055
7056
7057
7058
7059
7060
7061
7062
7063
7064
7065
7066
7067
7068
7069
7070
7071
7072
7073
7074
7075
7076
7077
7078
7079
7080
7081
7082
7083
7084
7085
7086
7087
7088
7089
7090
7091
7092
7093
7094
7095
7096
7097
7098
7099
7100
7101
7102
7103
7104
7105
7106
7107
7108
7109
7110
7111
7112
7113
7114
7115
7116
7117
7118
7119
7120
7121
7122
7123
7124
7125
7126
7127
7128
7129
7130
7131
7132
7133
7134
7135
7136
7137
7138
7139
7140
7141
7142
7143
7144
7145
7146
7147
7148
7149
7150
7151
7152
7153
7154
7155
7156
7157
7158
7159
7160
7161
7162
7163
7164
7165
7166
7167
7168
7169
7170
7171
7172
7173
7174
7175
7176
7177
7178
7179
7180
7181
7182
7183
7184
7185
7186
7187
7188
7189
7190
7191
7192
7193
7194
7195
7196
7197
7198
7199
7200
7201
7202
7203
7204
7205
7206
7207
7208
7209
7210
7211
7212
7213
7214
7215
7216
7217
7218
7219
7220
7221
7222
7223
7224
7225
7226
7227
7228
7229
7230
7231
7232
7233
7234
7235
7236
7237
7238
7239
7240
7241
7242
7243
7244
7245
7246
7247
7248
7249
7250
7251
7252
7253
7254
7255
7256
7257
7258
7259
7260
7261
7262
7263
7264
7265
7266
7267
7268
7269
7270
7271
7272
7273
7274
7275
7276
7277
7278
7279
7280
7281
7282
7283
7284
7285
7286
7287
7288
7289
7290
7291
7292
7293
7294
7295
7296
7297
7298
7299
7300
7301
7302
7303
7304
7305
7306
7307
7308
7309
7310
7311
7312
7313
7314
7315
7316
7317
7318
7319
7320
7321
7322
7323
7324
7325
7326
7327
7328
7329
7330
7331
7332
7333
7334
7335
7336
7337
7338
7339
7340
7341
7342
7343
7344
7345
7346
7347
7348
7349
7350
7351
7352
7353
7354
7355
7356
7357
7358
7359
7360
7361
7362
7363
7364
7365
7366
7367
7368
7369
7370
7371
7372
7373
7374
7375
7376
7377
7378
7379
7380
7381
7382
7383
7384
7385
7386
7387
7388
7389
7390
7391
7392
7393
7394
7395
7396
7397
7398
7399
7400
7401
7402
7403
7404
7405
7406
7407
7408
7409
7410
7411
7412
7413
7414
7415
7416
7417
7418
7419
7420
7421
7422
7423
7424
7425
7426
7427
7428
7429
7430
7431
7432
7433
7434
7435
7436
7437
7438
7439
7440
7441
7442
7443
7444
7445
7446
7447
7448
7449
7450
7451
7452
7453
7454
7455
7456
7457
7458
7459
7460
7461
7462
7463
7464
7465
7466
7467
7468
7469
7470
7471
7472
7473
7474
7475
7476
7477
7478
7479
7480
7481
7482
7483
7484
7485
7486
7487
7488
7489
7490
7491
7492
7493
7494
7495
7496
7497
7498
7499
7500
7501
7502
7503
7504
7505
7506
7507
7508
7509
7510
7511
7512
7513
7514
7515
7516
7517
7518
7519
7520
7521
7522
7523
7524
7525
7526
7527
7528
7529
7530
7531
7532
7533
7534
7535
7536
7537
7538
7539
7540
7541
7542
7543
7544
7545
7546
7547
7548
7549
7550
7551
7552
7553
7554
7555
7556
7557
7558
7559
7560
7561
7562
7563
7564
7565
7566
7567
7568
7569
7570
7571
7572
7573
7574
7575
7576
7577
7578
7579
7580
7581
7582
7583
7584
7585
7586
7587
7588
7589
7590
7591
7592
7593
7594
7595
7596
7597
7598
7599
7600
7601
7602
7603
7604
7605
7606
7607
7608
7609
7610
7611
7612
7613
7614
7615
7616
7617
7618
7619
7620
7621
7622
7623
7624
7625
7626
7627
7628
7629
7630
7631
7632
7633
7634
7635
7636
7637
7638
7639
7640
7641
7642
7643
7644
7645
7646
7647
7648
7649
7650
7651
7652
7653
7654
7655
7656
7657
7658
7659
7660
7661
7662
7663
7664
7665
7666
7667
7668
7669
7670
7671
7672
7673
7674
7675
7676
7677
7678
7679
7813
7815
7817
7819
7821
7825
7827
7853
7855
7869
7897
7899
7901
7903
7905
7907
7909
7911
7933
7935
7937
7939
7961
7963
7977
7979
8005
8007
8009
8011
8013
8015
8017
8019
8041
8043
8045
8047
8065
8067
8069
8071
8093
8095
8097
8099
8109
8111
8137
8139
8141
8143
8145
8147
8149
8151
8173
8175
8177
8179
8197
8199
8201
8203
8221
8223
8225
8227
8229
8231
8249
8251
8253
8255
8265
8267
8293
8295
8297
8299
8301
8303
8305
8307
8329
8331
8333
8335
8353
8355
8357
8359
8377
8379
8381
8383
8387
8401
8403
8405
8407
8409
8411
8429
8431
8433
8435
8445
8447
9723
9724
9725
9726
9727
9728
9729
9730
9731
9732
9733
9734
9735
9736
9737
9738
9739
9740
9741
9742
9743
9744
9745
9746
9747
9748
9749
9750
9751
9752
9753
9754
9755
9756
9757
9758
9759
9760
9761
9762
9763
9764
9765
9766
9767
9768
9769
9770
9771
9772
9773
9774
9775
9776
9777
9778
9779
9780
9781
9782
9783
9784
9785
9786
9787
9788
9789
9790
9791
9792
9793
9794
9795
9796
9797
9798
9799
9800
9801
9802
9803
9804
9805
9806
9807
9808
9809
9810
9811
9812
9813
9814
9815
9816
9817
9818
9819
9820
9821
9822
9823
9824
9825
9826
9827
9828
9829
9830
9831
9832
9833
9834
9835
9836
9837
9838
9839
9840
9841
9842
9843
9844
9845
9846
9847
9848
9849
9850
9851
9852
9853
9854
9855
9856
9857
9858
9859
9860
9861
9862
9863
9864
9865
9866
9867
9868
9869
9870
9871
9872
9873
9874
9875
9876
9877
9878
9879
9880
9881
9882
9883
9884
9885
9886
9887
9888
9889
9890
9891
9892
9893
9894
9895
9896
9897
9898
9899
9900
9901
9902
9903
9904
9905
9906
9907
9908
9909
9910
9911
9912
9913
9914
9915
9916
9917
9918
9919
9920
9921
9922
9923
9924
9925
9926
9927
9928
9929
9930
9931
9932
9933
9934
9935
9936
9937
9938
9939
9940
9941
9942
9943
9944
9945
9946
9947
9948
9949
9950
9951
9952
9953
9954
9955
9956
9957
9958
9959
9960
9961
9962
9963
9964
9965
9966
9967
9968
9969
9970
9971
9972
9973
9974
9975
9976
9977
9978
9979
9980
9981
9982
9983
9984
9985
9986
9987
9988
9989
9990
9991
9992
9993
9994
9995
9996
9997
9998
9999
10000
10001
10002
10003
10004
10005
10006
10007
10008
10009
10010
10011
10012
10013
10014
10015
10016
10017
10018
10019
10020
10021
10022
10023
10024
10025
10026
10027
10028
10029
10030
10031
10032
10033
10034
10035
10036
10037
10038
10039
10040
10041
10042
10043
10044
10045
10046
10047
10048
10049
10050
10051
10052
10053
10054
10055
10056
10057
10058
10059
10060
10737
10738
10739
10746
10747
10748
10755
10756
10757
10764
10765
10766
10773
10774
10782
10783
10791
10792
10793
10800
10801
10802
10809
10810
10811
10818
10819
10820
10827
10828
10836
10837
10845
10846
10847
10854
10855
10856
10863
10864
10865
10872
10873
10874
10881
10882
10890
10891
10899
10900
10908
10909
10910
10917
10918
10919
10926
10927
10928
10935
10936
10944
10945
10953
10954
10955
10962
10963
10964
10971
10972
10973
10980
10981
10982
10989
10990
10998
10999
11007
11008
11016
11017
11018
11025
11026
11027
11034
11035
11036
11043
11044
11052
11053
11061
11062
11070
11071
11072
11079
11080
11081
11088
11089
11090
11097
11098
11106
11107
11115
11116
11117
11124
11125
11126
11133
11134
11135
11142
11143
11144
11151
11152
11160
11161
11169
11170
11178
11179
11180
11187
11188
11189
11196
11197
11198
11205
11206
11214
11215
11223
11224
11232
11233
11234
11241
11242
11243
11250
11251
11252
11259
11260
11268
11269
11277
11278
11286
11287
11288
11295
11296
11297
11304
11305
11306
11313
11314
11322
11323
11331
11332
11333
11340
11341
11342
11349
11350
11351
11358
11359
11360
11367
11368
11376
11377
11385
11386
11394
11395
11396
11403
11404
11405
11412
11413
11414
11421
11422
11430
11431
11439
11440
11448
11449
11450
11457
11458
11459
11466
11467
11468
11475
11476
11484
11485
11493
11494
11502
11503
11504
11511
11512
11513
11520
11521
11522
11529
11530
11538
11539
11547
11548
11556
11557
11558
11565
11566
11567
11574
11575
11583
11584
11592
11593
11601
11602
11603
11610
11611
11612
11619
11620
11621
11628
11629
11630
11637
11638
11646
11647
11655
11656
11664
11665
11666
11673
11674
11675
11682
11683
11684
11691
11692
11700
11701
11709
11710
11718
11719
11720
11727
11728
11729
11736
11737
11738
11745
11746
11754
11755
11763
11764
11772
11773
11774
11781
11782
11783
11790
11791
11792
11799
11800
11808
11809
11817
11818
11826
11827
11828
11835
11836
11837
11844
11845
11846
11853
11854
11862
11863
11871
11872
11880
11881
11882
11889
11890
11891
11898
11899
11907
11908
11916
11917
11925
11926
11927
11934
11935
11936
11943
11944
11945
11952
11953
11954
11961
11962
11970
11971
11979
11980
11988
11989
11990
11997
11998
11999
12006
12007
12008
12015
12016
12024
12025
12033
12034
12042
12043
12044
12051
12052
12053
12060
12061
12062
12069
12070
12078
12079
12087
12088
12096
12097
12098
12105
12106
12107
12114
12115
12116
12123
12124
12132
12133
12141
12142
12150
12151
12152
12159
12160
12161
12168
12169
12170
12177
12178
12186
12187
12195
12196
12204
12205
12206
12213
12214
12215
12222
12223
12224
12231
12232
12240
12241
12249
12250
12258
12259
12260
12261
12262
12263
12264
12265
12266
12267
12268
12269
12270
12271
12272
12273
12274
12275
12276
12277
12278
12279
12280
12281
12282
12283
12284
12285
12286
12287
12288
12289
12290
12291
12292
12293
12294
12295
12296
12297
12298
12299
12300
12301
12302
12303
12304
12305
12306
12307
12308
12309
12310
12311
12312
12313
12314
12315
12316
12317
12318
12319
12320
12321
12322
12323
12324
12325
12326
12327
12328
12329
12330
12331
12332
12333
12334
12335
12336
12337
12338
12339
12340
12341
12342
12343
12344
12345
12346
12347
12348
12349
12350
12351
12352
12353
12354
12355
12356
12357
12358
12359
12360
12361
12362
12363
12364
12365
12366
12367
12368
12369
12370
12371
12372
12373
12374
12375
12376
12377
12378
12379
12380
12381
12382
12383
12384
12385
12386
12387
12388
12389
12390
12391
12392
12393
12394
12395
12396
12397
12398
12399
12400
12401
12402
12403
12404
12405
12406
12407
12408
12409
12410
12411
12412
12413
12414
12415
12416
12417
12418
12419
12420
12421
12422
12423
12424
12425
12426
12427
12428
12429
12430
12431
12432
12433
12434
12435
12436
12437
12438
12439
12440
12441
12442
12443
12444
12445
12446
12447
12448
12449
12450
12451
12452
12453
12454
12455
12456
12457
12458
12459
12460
12461
12462
12463
12464
12465
12466
12467
12468
12469
12470
12471
12472
12473
12474
12475
12476
12477
12478
12479
12480
12481
12482
12483
12484
12485
12486
12487
12488
12489
12490
12491
12492
12493
12494
12495
12496
12497
12498
12499
12500
12501
12502
12503
12504
12505
12506
12507
12508
12509
12510
12511
12512
12513
12514
12515
12516
12517
12518
12519
12520
12521
12522
12523
12524
12525
12526
12527
12528
12529
12530
12531
12532
12533
12534
12535
12536
12537
12538
12539
12540
12541
12542
12543
12544
12545
12546
12547
12548
12549
12550
12551
12552
12553
12554
12555
12556
12557
12558
12559
12560
12561
12562
12563
12564
12565
12566
12567
12568
12569
12570
12571
12572
12573
12574
12575
12576
12577
12578
12579
12580
12581
12582
12583
12584
12585
12586
12587
12588
12589
12590
12591
12592
12593
12594
12595
12641
12643
12655
12667
12677
12679
12689
12691
12703
12715
12717
12725
12727
12737
12739
12749
12751
12763
12775
12777
12785
12787
12797
12799
12809
12811
12821
12823
12835
12837
12847
12849
12857
12859
12869
12871
12881
12883
12893
12895
12905
12907
12909
12919
12921
12931
12933
)


// ************************************************************************* //
