/*--------------------------------*- C++ -*----------------------------------*\
| =========                 |                                                 |
| \\      /  F ield         | OpenFOAM: The Open Source CFD Toolbox           |
|  \\    /   O peration     | Version:  v2006                                 |
|   \\  /    A nd           | Website:  www.openfoam.com                      |
|    \\/     M anipulation  |                                                 |
\*---------------------------------------------------------------------------*/
FoamFile
{
    version     2.0;
    format      ascii;
    class       volScalarField;
    location    "100/fluidRegion";
    object      Re;
}
// * * * * * * * * * * * * * * * * * * * * * * * * * * * * * * * * * * * * * //

dimensions      [0 0 0 0 0 0 0];


internalField   nonuniform List<scalar> 
8595
(
83131.7
199086
265190
302881
314443
301723
270541
228137
180273
131316
84182.9
40194.6
6712.95
38656.3
72819.6
110079
158978
260249
8819.61
9547.24
9812.56
9922.31
9959.17
9963.56
9953.84
9939.41
9924.88
9912.47
9902.94
9896.47
9892.84
9891.71
9892.63
9895.17
9898.87
9903.39
9908.31
9913.32
9917.97
9921.94
9924.75
9925.78
9924.36
9919.39
9909.38
9892.21
9864.86
9822.94
9760.27
9668.41
9536.06
9349.77
9096.82
8778.76
8439.75
278665
118790
91416.9
155645
210515
239372
244741
228743
196763
155209
109422
63987
26547
35435.9
68227.8
101110
135443
175247
229015
306469
9016.11
9661.5
9958.6
10098.6
10165.5
10195
10206.2
10208.7
10208
10206.6
10205.9
10206.5
10208.5
10211.7
10216
10221
10226.5
10232.3
10237.9
10243.3
10248
10251.7
10254.1
10254.5
10252.3
10246.4
10235.3
10217
10188.3
10145
10080.9
9987.39
9852.98
9663.7
9405.85
9077.47
8777.63
289838
158556
113029
127769
160390
178066
176211
156399
124052
86095.8
51215.3
41908.2
66337
97691.3
128502
158832
190864
228389
277205
340053
9320.22
9801.21
10058
10181.2
10240.4
10266.1
10275.1
10276.2
10274.2
10271.7
10270
10269.4
10270.1
10272.1
10275.1
10278.8
10283
10287.5
10291.9
10296
10299.6
10302.2
10303.5
10303
10300
10293.5
10282.1
10263.8
10235.6
10193.6
10131.5
10041
9910.65
9725.88
9470.07
9130.07
8689.69
288798
211605
132327
108981
112837
113179
100224
77519.1
55901.4
55663.9
79698.2
110789
141725
170606
197499
223712
251308
283251
323347
372509
9728.43
10036.9
10217.8
10302.8
10337.8
10347.1
10344
10335.9
10326.6
10318.1
10311.3
10306.5
10303.5
10302.2
10302.4
10303.6
10305.7
10308.2
10310.9
10313.5
10315.7
10317.2
10317.5
10316.2
10312.6
10305.7
10294.3
10276.3
10249
10208.4
10148.7
10061.6
9935.68
9755.32
9500.31
9141.54
8592.87
298814
270424
145957
96342.6
68849.1
41320.4
23199
56857.9
98205.2
137276
172691
204056
231450
255442
276987
297501
318702
342633
371545
405664
10201.5
10340.9
10430.1
10464.4
10465.9
10451.3
10430.4
10408.4
10388.1
10370.6
10356.4
10345.3
10337.2
10331.5
10327.9
10325.9
10325.2
10325.3
10326.1
10326.9
10327.7
10327.9
10327.3
10325.2
10321.1
10314
10302.7
10285.3
10259.3
10220.7
10164.1
10081.3
9960.75
9786.08
9533.33
9161.14
8562.93
320608
330969
153103
88414.7
47299.9
49673.5
106740
163856
212414
252956
286078
312878
334435
351925
366604
379822
392861
406823
422480
439548
10712.2
10683.8
10676.1
10653.2
10616
10573.5
10531.4
10492.8
10459.2
10430.9
10407.7
10389.3
10374.9
10364
10356
10350.2
10346.3
10343.7
10342.1
10341
10340.1
10339
10337.3
10334.5
10329.9
10322.6
10311.6
10295.1
10270.6
10234.5
10181.8
10104.4
9990.96
9824.34
9577.78
9203.87
8600.76
351103
392717
153203
87429.9
96904.7
164013
239539
301492
350460
387763
415358
435182
448979
458307
464551
468901
472152
474470
475152
473244
11230.3
11036.9
10934.2
10852.3
10774.8
10702.9
10638.5
10582.4
10534.7
10494.9
10462.3
10436
10415
10398.5
10385.8
10376.1
10368.8
10363.3
10359.2
10356.1
10353.4
10351
10348.1
10344.5
10339.4
10332.1
10321.5
10306
10283.4
10250.5
10202.4
10131.7
10027.3
9871.7
9636.82
9274.55
8699.22
387562
456139
145308
113076
208280
315756
401065
463545
507717
537492
556155
566462
570572
570199
566644
560792
552887
542224
526797
504859
11716.3
11367.5
11178.5
11040.8
10925.2
10825.7
10740.3
10667.8
10607
10556.5
10515
10481.3
10454.1
10432.3
10415.1
10401.6
10391
10382.8
10376.4
10371.2
10367
10363.1
10359.3
10354.9
10349.4
10342.2
10332.1
10317.9
10297.6
10268.3
10225.8
10163.1
10069.8
9928.67
9711.68
9373.92
8851.86
428168
521951
132317
237143
402578
515841
594322
645160
675856
691907
697555
695835
688851
678010
664171
647651
628027
603814
572186
531111
12116.5
11637.7
11380.1
11195.6
11048.7
10926.9
10824.8
10739.3
10668
10609
10560.4
10520.7
10488.4
10462.3
10441.4
10424.6
10411.3
10400.7
10392.3
10385.5
10379.8
10374.8
10370.1
10365.2
10359.5
10352.5
10343.2
10330.5
10312.9
10287.8
10251.6
10198.2
10118.2
9995.25
9802.51
9500.3
9054.52
471859
590993
234009
542025
671423
757821
804161
826762
832897
828656
817864
802920
785085
764865
742163
716357
686162
649421
603094
546582
12362.8
11820
11520.5
11304.5
11137.3
11000.7
10887.6
10793.4
10715.1
10650.2
10596.7
10552.7
10516.7
10487.4
10463.6
10444.4
10429
10416.5
10406.5
10398.3
10391.6
10385.7
10380.3
10375
10369.3
10362.7
10354.4
10343.5
10328.9
10308.4
10279.2
10236.3
10171.4
10070
9906.92
9645.52
9278.9
517851
665298
668976
577086
498004
427057
362132
301801
245401
193881
151590
118991
538043
482004
431511
387298
350165
321791
304565
300306
304674
287019
10054.6
9694.29
9392.88
9180.41
9051.69
9006.79
9047.59
9164.25
9242.61
8775.99
10264.6
10059.1
9887.73
9760.48
9675.99
9629.09
9609.3
9593.77
9517.81
9133.02
10406.2
10277.2
10169.3
10084.7
10021.9
9977.6
9945.85
9913.53
9830.68
9434.16
10478.9
10396.9
10326.9
10269.9
10225.2
10191
10164.2
10134.9
10055.7
9654.22
10507.9
10456.9
10412.5
10375.4
10345.4
10321.7
10302.1
10278.3
10204.1
9799.27
10514.6
10484
10456.9
10433.8
10414.8
10399.4
10385.9
10366.7
10296.2
9889.11
10510.9
10493.4
10477.7
10464.1
10452.7
10443.3
10434.3
10418.3
10350.4
9941.36
10502.8
10493.6
10485.3
10477.9
10471.7
10466.3
10460.4
10446.5
10379.9
9969.34
10493.1
10489.2
10485.5
10482.2
10479.2
10476.5
10472.6
10460
10394
9982.12
10483.2
10482.6
10481.8
10481
10480.1
10479.2
10476.5
10464.6
10398.6
9985.68
10473.5
10474.8
10475.9
10476.7
10477.2
10477.4
10475.5
10463.9
10397.7
9983.92
10464.1
10466.7
10468.9
10470.7
10472.1
10472.9
10471.5
10460.1
10393.5
9979.13
10455
10458.3
10461.2
10463.6
10465.6
10466.9
10465.8
10454.4
10387.5
9972.74
10445.8
10449.7
10453.1
10455.9
10458.2
10459.8
10458.9
10447.5
10380.3
9965.47
10436.4
10440.6
10444.3
10447.4
10449.9
10451.7
10451.1
10439.7
10372.4
9957.82
10426.5
10430.9
10434.7
10438
10440.7
10442.7
10442.2
10430.9
10363.6
9949.95
10415.5
10420.1
10424.1
10427.5
10430.3
10432.5
10432.2
10421
10354.1
9941.82
10403.3
10407.9
10412.1
10415.5
10418.4
10420.7
10420.7
10409.8
10343.5
9933.31
10389.2
10393.9
10398
10401.5
10404.6
10407
10407.2
10396.7
10331.4
9924.17
10372.7
10377.4
10381.6
10385.1
10388.1
10390.7
10391.2
10381.3
10317.4
9914.17
10353.3
10357.9
10362
10365.4
10368.5
10371.2
10372.1
10363
10301
9902.76
10330.1
10334.6
10338.6
10341.8
10344.8
10347.6
10349
10340.9
10281.2
9889.51
10302.4
10306.6
10310.3
10313.3
10316.1
10319
10320.9
10314.1
10257.4
9873.73
10269.1
10272.9
10276.2
10278.7
10281.1
10284.1
10286.5
10281.2
10228.3
9854.55
10229.2
10232.2
10234.9
10236.7
10238.6
10241.4
10244.5
10240.9
10192.5
9830.9
10181
10183.1
10184.8
10185.6
10186.6
10189
10192.7
10191.2
10148.3
9801.34
10123.2
10123.9
10124.1
10123.3
10122.9
10124.6
10128.8
10129.8
10093.3
9764.06
10053.6
10052.2
10050.3
10047.3
10044.8
10045.3
10049.7
10053.4
10024.5
9716.53
9970.11
9965.66
9960.65
9954.23
9948.71
9947.13
9951.37
9958.04
9938.03
9655.47
9869.97
9861.24
9851.67
9840.32
9830.08
9825.19
9828.58
9838.16
9828.44
9576.23
9750.14
9735.28
9719.02
9700.26
9683.08
9672.88
9674.08
9686.42
9688.38
9472.31
9607.32
9583.69
9557.38
9527.58
9499.84
9481.34
9478.22
9492.48
9507.57
9334.4
9438.32
9402.04
9360.52
9313.92
9270.09
9238.49
9227.39
9241.83
9270.93
9149
9241.36
9186.79
9121.6
9048.89
8980.17
8927.64
8902.33
8913.09
8957.33
8894.73
9020.14
8938.32
8835.06
8720.84
8612.63
8526.09
8475.6
8474.66
8529.37
8540.9
8790.16
8669.65
8505.86
8325.18
8152
8005.39
7904.54
7874.03
7940.01
8017.12
8595.61
8424.27
8174.16
7902.54
7634.86
7386.93
7174.07
7022.68
6997.19
7183.68
392505
372922
350326
326819
303164
279652
256237
232544
207656
176494
340654
313598
285664
257250
228711
199963
170428
138639
100095
38252
294083
259502
226590
194796
163692
132682
100749
66501.9
29999
45062.2
252000
212089
175542
141850
110361
80590.8
53842.4
39652.7
56326.9
100623
214607
170499
131564
97657.7
69287.1
50445.3
50552.1
69698.6
99455.9
140267
182160
134606
94178.1
62216.4
44987.4
51565.3
73241
100134
130711
168715
154943
104549
63176.8
36577.7
41722.8
66095.7
93638
121885
151830
187221
133106
80526.6
38189.7
23417.7
49066.1
78741.5
107331
135245
164042
196961
116530
62826.7
19084.1
23668
56375.2
86430.6
114368
141211
168510
198850
104493
51558.3
8477.83
28666.7
60482.9
89106.3
115588
140892
166398
194036
95919.4
46101.3
12429.7
32424.5
61081.5
87494.7
112071
135531
159016
183863
89641.4
44305.5
18746.9
34012
58848.7
82619.1
104972
126341
147607
169577
84330.9
43872.8
23517.1
34023.1
54658.9
75424.8
95261
114299
133154
152176
78760.5
43479
27069.9
33323.6
49382.1
66717.1
83682.3
100105
116339
132353
72069.1
42717.5
30163
32954.7
44000.3
57250.5
70771
84117.8
97406.4
110317
63560.4
41755
33582.5
34121.3
39931.7
48079.5
57055.6
66338.1
75941.2
85522.9
52493.2
40921.1
38274.5
38217.9
39442.8
41457.6
44009.1
47004.3
50801.6
56169.6
37356.8
44159.8
47712.5
48063.8
45792.6
41474.4
35729.7
29303.3
23404
20608.9
1.00198e+06
788087
688668
634777
606372
596561
602943
623899
664510
719235
904863
1.01915e+06
873774
789128
740373
714152
704202
707688
724355
756012
810272
948317
1.00787e+06
905036
836867
794859
771532
762246
764654
778752
805899
857500
966127
992451
920389
866673
831348
811047
802884
805306
818419
844011
892789
978300
979807
930276
888621
859435
842131
835320
838141
850834
875523
920226
986870
971607
937126
905220
881668
867450
862221
865696
878289
902078
942176
995276
966656
942827
918874
900455
889334
885851
890143
902782
925564
961345
1.00454e+06
963917
948083
930743
916990
908902
907258
912481
925243
946968
978880
1.01458e+06
962594
953042
941331
931831
926697
926935
933177
946121
966803
995311
1.02516e+06
962060
957653
950854
945300
943054
945236
952587
965789
985518
1.01107e+06
1.03627e+06
961743
961847
959571
957869
958603
962904
971539
985135
1.00402e+06
1.02695e+06
1.04823e+06
960966
965442
967664
969950
973899
980561
990661
1.00471e+06
1.0227e+06
1.04302e+06
1.06064e+06
958937
967860
974687
981181
988637
997931
1.00966e+06
1.02414e+06
1.04107e+06
1.05865e+06
1.07271e+06
954888
968075
979401
990046
1.00095e+06
1.0128e+06
1.02602e+06
1.04074e+06
1.05646e+06
1.07146e+06
1.0825e+06
948783
965585
980820
995096
1.00905e+06
1.02313e+06
1.03765e+06
1.05255e+06
1.06727e+06
1.08029e+06
1.0892e+06
940977
960743
979195
996523
1.01306e+06
1.02908e+06
1.04472e+06
1.05985e+06
1.07389e+06
1.08556e+06
1.09308e+06
931727
953963
975094
994984
1.01372e+06
1.03139e+06
1.04804e+06
1.06345e+06
1.07706e+06
1.08785e+06
1.0945e+06
921282
945624
969037
991106
1.01171e+06
1.03081e+06
1.04834e+06
1.06405e+06
1.07743e+06
1.08765e+06
1.09381e+06
909833
936048
961456
985413
1.00763e+06
1.02796e+06
1.04625e+06
1.06224e+06
1.07552e+06
1.08542e+06
1.09128e+06
897554
925511
952721
978344
1.00197e+06
1.02335e+06
1.0423e+06
1.05858e+06
1.07181e+06
1.08152e+06
1.08725e+06
884577
914227
943104
970238
995102
1.0174e+06
1.03692e+06
1.05344e+06
1.06668e+06
1.07629e+06
1.08195e+06
871064
902400
932845
961344
987308
1.01039e+06
1.03039e+06
1.04712e+06
1.06038e+06
1.06992e+06
1.07556e+06
857340
890311
922157
951880
978807
1.00255e+06
1.02292e+06
1.03978e+06
1.05303e+06
1.06252e+06
1.06814e+06
844537
878622
911687
942506
970259
994533
1.01516e+06
1.0321e+06
1.04529e+06
1.05468e+06
1.06023e+06
833640
868605
902787
934576
963013
987681
1.00846e+06
1.02538e+06
1.03846e+06
1.04773e+06
1.05317e+06
824032
860187
895612
928359
957408
982375
1.00324e+06
1.02009e+06
1.03303e+06
1.04216e+06
1.04749e+06
814732
852802
889806
923624
953274
978507
999404
1.01616e+06
1.02897e+06
1.03795e+06
1.0432e+06
804843
845904
884977
920065
950371
975856
996764
1.01341e+06
1.02607e+06
1.03495e+06
1.04014e+06
793813
838999
880774
917400
948445
974191
995106
1.01164e+06
1.02416e+06
1.03296e+06
1.03814e+06
780933
831647
876878
915342
947222
973261
994199
1.01063e+06
1.02305e+06
1.03181e+06
1.03702e+06
764705
822900
872561
913246
946113
972522
993549
1.00995e+06
1.02231e+06
1.03109e+06
1.03644e+06
742106
810507
865923
909379
943543
970580
991898
1.00844e+06
1.02089e+06
1.02982e+06
1.03547e+06
706336
788606
851291
898330
934559
962914
985127
1.00232e+06
1.01525e+06
1.02465e+06
1.031e+06
640077
739067
808737
859946
899503
930584
955083
974199
988805
999646
1.00777e+06
491118
600688
668880
721079
762328
795574
822566
844443
862050
876061
888130
733955
760620
770122
777942
785090
791486
797189
802123
806197
809923
812513
812359
806749
794660
778148
758609
738176
719710
706709
703252
723458
784691
848232
890643
911281
918692
918995
914586
906358
894806
880218
862357
833687
801597
768151
525197
550691
577299
597789
614530
628342
639596
648472
655070
659867
662466
661564
655019
642474
626662
609585
593321
579857
570798
567121
574777
610311
654170
685860
701091
704619
700555
691180
677427
659803
638572
613714
586903
562438
540698
8726.62
8733.32
9116.29
9630.01
10143.6
10618.5
11045.2
11421
11746
12037.5
12293
12498.2
12627.4
12666.3
12649
12600.3
12545.3
12504.8
12492.2
12512.5
12527.3
12740.3
13093.1
13349.2
13411.2
13291.5
13024.5
12632.6
12127.3
11521.1
10835.4
10111
9396.98
9007.01
9308.68
9681.5
9688.98
9765.54
9926.97
10144.7
10382.1
10618.4
10842
11046.9
11234
11403.4
11552.2
11675.2
11765.7
11823.4
11857.2
11876.5
11888.9
11898.6
11906.6
11921.1
11955.3
11999.6
12025.7
12000.1
11910.4
11755.4
11544.1
11286.5
10998
10702.5
10429.1
10225.6
10208
10289.8
9942.03
10013
10082.4
10162.4
10260.3
10372.6
10492.1
10612.2
10728.2
10840.1
10947.5
11050.5
11147.4
11230.7
11296.3
11345.1
11379.6
11402.5
11415.1
11417.6
11415.2
11408
11390.8
11363.6
11321.5
11259.7
11176
11073.2
10956.8
10834.8
10717.1
10614.4
10536.2
10488
10446.8
10102.5
10152.3
10206.4
10261.7
10320.2
10382.5
10447.7
10514.1
10579.9
10645.7
10712.2
10780.3
10849.1
10912.4
10965.5
11007.8
11039.4
11061.1
11073.2
11075.6
11070.6
11058
11036.7
11009.5
10977.9
10940.7
10896.8
10846.9
10792.8
10737.1
10682.5
10631
10584
10545.4
10515.8
10198.2
10232.1
10268.5
10305.8
10343.9
10383
10422.7
10462.7
10502.4
10542.6
10584.4
10629
10676
10720.7
10759.6
10791.7
10816.8
10834.7
10845.7
10849.6
10846.9
10838.3
10824
10806.3
10787.1
10766.1
10742.7
10716.9
10689.3
10660.6
10631.4
10602.5
10575.7
10553.5
10535.2
10257.4
10280.2
10304.8
10329.9
10355.4
10381.1
10406.8
10432.6
10458
10483.8
10511
10540.7
10572.7
10603.8
10631.5
10655
10674
10688.4
10698.1
10703.1
10703.4
10699.5
10691.9
10682.2
10671.6
10660.2
10647.6
10633.7
10618.8
10603.1
10586.8
10570.5
10555.5
10543.1
10532.7
10295.4
10311
10328.1
10345.4
10362.8
10380.2
10397.5
10414.8
10431.8
10449.1
10467.4
10487.6
10509.7
10531.6
10551.5
10568.7
10583.2
10594.7
10603.2
10608.6
10611.1
10610.6
10607.5
10603
10597.7
10591.8
10585.2
10577.8
10569.6
10561
10551.9
10542.6
10534.3
10527.5
10521.9
10321
10331.9
10344.1
10356.4
10368.6
10380.8
10392.9
10404.8
10416.6
10428.5
10441.2
10455.4
10471
10486.8
10501.3
10514.2
10525.4
10534.7
10542.1
10547.6
10551.1
10552.7
10552.5
10551
10548.8
10546.1
10542.8
10539
10534.7
10530
10525
10519.9
10515.3
10511.7
10508.8
10338.8
10346.8
10355.9
10364.9
10373.7
10382.5
10391.1
10399.7
10408.1
10416.5
10425.6
10435.8
10447.2
10458.8
10469.7
10479.6
10488.5
10496.2
10502.6
10507.8
10511.8
10514.4
10515.8
10516.1
10515.7
10514.8
10513.4
10511.5
10509.4
10506.9
10504.2
10501.4
10499
10497.2
10495.9
10351.8
10357.9
10364.9
10371.7
10378.4
10384.9
10391.3
10397.6
10403.7
10409.9
10416.5
10424
10432.5
10441.4
10449.8
10457.7
10464.8
10471.3
10476.9
10481.7
10485.7
10488.8
10491
10492.2
10492.7
10492.8
10492.4
10491.6
10490.5
10489.2
10487.8
10486.2
10485
10484.3
10483.8
10361.5
10366.5
10372.2
10377.6
10382.8
10387.8
10392.6
10397.4
10402
10406.6
10411.6
10417.2
10423.7
10430.6
10437.3
10443.7
10449.6
10455.1
10460
10464.4
10468.2
10471.4
10473.9
10475.5
10476.4
10476.9
10476.9
10476.7
10476.1
10475.4
10474.5
10473.6
10473
10472.8
10472.8
10369.1
10373.5
10378.3
10382.7
10386.9
10390.9
10394.7
10398.4
10401.9
10405.4
10409.2
10413.6
10418.6
10424.1
10429.6
10434.9
10439.9
10444.5
10448.9
10452.8
10456.3
10459.4
10461.9
10463.6
10464.6
10465.1
10465.3
10465.1
10464.8
10464.2
10463.5
10462.8
10462.4
10462.3
10462.7
10375.5
10379.4
10383.7
10387.5
10391
10394.3
10397.4
10400.3
10403
10405.7
10408.6
10412
10416
10420.4
10425
10429.4
10433.7
10437.7
10441.4
10445
10448.1
10450.9
10453.2
10454.7
10455.6
10456
10456.1
10455.9
10455.4
10454.7
10453.9
10453
10452.6
10452.6
10453
10381.1
10384.9
10388.8
10392.3
10395.3
10398
10400.5
10402.9
10405
10407.1
10409.3
10411.8
10415
10418.6
10422.4
10426.2
10429.8
10433.3
10436.5
10439.6
10442.4
10444.8
10446.8
10448
10448.6
10448.8
10448.6
10448
10447.2
10446.2
10445.1
10443.9
10443.2
10443.1
10443.6
10386.6
10390.3
10394
10397.2
10399.9
10402.2
10404.3
10406.2
10407.8
10409.4
10411
10412.8
10415.2
10418.2
10421.4
10424.6
10427.6
10430.6
10433.3
10435.9
10438.2
10440.3
10441.8
10442.7
10442.9
10442.6
10442
10441.1
10439.8
10438.3
10436.7
10435.1
10433.9
10433.6
10434
10392.3
10396.1
10399.7
10402.7
10405.1
10407.1
10408.8
10410.2
10411.5
10412.5
10413.6
10414.8
10416.6
10418.9
10421.5
10424.1
10426.7
10429.1
10431.3
10433.4
10435.3
10436.8
10437.8
10438.2
10437.9
10437.1
10436
10434.5
10432.6
10430.5
10428.2
10425.9
10424.3
10423.6
10424
10398.6
10402.5
10406.2
10409
10411.2
10412.9
10414.2
10415.3
10416.1
10416.7
10417.2
10417.8
10418.9
10420.6
10422.6
10424.7
10426.7
10428.6
10430.3
10431.8
10433
10434
10434.4
10434.1
10433.3
10431.9
10430.1
10427.9
10425.3
10422.4
10419.3
10416.3
10413.9
10412.8
10413
10406
10410.1
10413.9
10416.6
10418.5
10419.9
10420.9
10421.6
10421.9
10422
10421.9
10421.9
10422.3
10423.4
10424.8
10426.3
10427.7
10428.9
10429.9
10430.8
10431.4
10431.6
10431.4
10430.3
10428.7
10426.6
10424
10421
10417.5
10413.6
10409.6
10405.5
10402.3
10400.8
10400.8
10414.9
10419.3
10423.1
10425.7
10427.4
10428.5
10429.1
10429.3
10429.2
10428.7
10428
10427.2
10426.8
10427.2
10427.9
10428.7
10429.5
10430
10430.3
10430.4
10430.2
10429.6
10428.4
10426.6
10424
10421
10417.5
10413.5
10408.9
10403.9
10398.7
10393.4
10389.2
10387
10386.7
10425.8
10430.6
10434.4
10436.9
10438.4
10439.1
10439.2
10439
10438.3
10437.2
10435.7
10434
10432.7
10432.3
10432.3
10432.3
10432.2
10431.9
10431.3
10430.5
10429.3
10427.7
10425.5
10422.5
10418.9
10414.8
10410.2
10405
10399.1
10392.7
10386.1
10379.4
10374
10370.9
10370.3
10439.2
10444.3
10448.3
10450.7
10451.8
10452.1
10451.7
10450.9
10449.6
10447.7
10445.3
10442.7
10440.4
10438.9
10438
10437.1
10436
10434.6
10433
10431
10428.7
10425.9
10422.4
10418.1
10413.3
10407.9
10401.9
10395.2
10387.8
10379.8
10371.4
10363
10356.1
10352.1
10351.1
10455.8
10461.4
10465.5
10467.6
10468.4
10468.1
10467.1
10465.6
10463.5
10460.8
10457.4
10453.6
10450
10447.4
10445.3
10443.3
10441.1
10438.4
10435.5
10432.1
10428.3
10424
10419
10413.2
10406.8
10399.8
10392.2
10383.8
10374.5
10364.6
10354.1
10343.6
10334.9
10329.7
10328.2
10476.3
10482.4
10486.5
10488.4
10488.7
10487.8
10486.1
10483.8
10480.8
10477
10472.3
10467.2
10462.1
10458.1
10454.8
10451.4
10447.7
10443.5
10438.9
10433.8
10428.3
10422.2
10415.2
10407.5
10399.3
10390.4
10380.9
10370.4
10358.9
10346.5
10333.7
10320.7
10309.7
10303.1
10300.9
10501.6
10508.1
10512.3
10513.9
10513.5
10511.9
10509.3
10506
10502
10497
10490.9
10484
10477.3
10471.7
10466.7
10461.7
10456.2
10450.2
10443.6
10436.4
10428.7
10420.3
10411.1
10401.1
10390.5
10379.5
10367.6
10354.5
10340.3
10325.1
10309.3
10293.3
10279.7
10271.2
10268.2
10532.5
10539.7
10543.9
10545
10543.9
10541.4
10537.7
10533.3
10528
10521.5
10513.8
10505
10496.2
10488.7
10481.8
10474.8
10467.2
10458.9
10449.8
10440.1
10429.7
10418.5
10406.4
10393.7
10380.5
10366.6
10351.8
10335.7
10318.2
10299.7
10280.3
10260.6
10243.8
10233.1
10229
10570.4
10578.2
10582.3
10582.9
10580.9
10577.2
10572.4
10566.6
10559.8
10551.8
10542.1
10531.1
10519.9
10510.1
10501
10491.6
10481.4
10470.2
10458.2
10445.4
10431.7
10417.1
10401.5
10385.4
10368.8
10351.6
10333.3
10313.5
10292.1
10269.5
10245.8
10221.7
10200.9
10187.5
10182
10616.6
10625.1
10629.1
10628.8
10625.8
10620.9
10614.7
10607.3
10598.9
10588.9
10577
10563.4
10549.6
10537.2
10525.5
10513.2
10499.8
10485.2
10469.5
10452.9
10435.2
10416.4
10396.5
10376.2
10355.6
10334.3
10311.7
10287.4
10261.3
10233.6
10204.8
10175.4
10149.8
10133
10125.8
10672.7
10682
10685.7
10684.6
10680.3
10673.9
10666
10657
10646.7
10634.5
10620.1
10603.7
10586.9
10571.6
10556.8
10541.1
10523.9
10505.2
10485.1
10463.7
10441.1
10417.1
10391.9
10366.5
10340.9
10314.6
10286.8
10257
10225.1
10191.5
10156.3
10120.4
10088.8
10067.9
10058.4
10740.6
10750.7
10754
10751.9
10746.3
10738.3
10728.6
10717.6
10705.3
10690.8
10673.7
10654.3
10634.1
10615.6
10597.3
10577.6
10555.9
10532.1
10506.6
10479.6
10450.8
10420.4
10388.7
10356.9
10325.1
10292.6
10258.5
10221.9
10182.9
10141.9
10099.2
10055.3
10016.5
9990.32
9978.02
10822.5
10833.7
10836.6
10833.4
10826.3
10816.6
10805
10792
10777.5
10760.7
10740.7
10718.1
10694.6
10672.6
10650.4
10625.9
10598.8
10569.1
10537
10502.8
10466.6
10428.2
10388.3
10348.7
10309.2
10269
10226.9
10181.9
10134.3
10084.4
10032.2
9978.64
9930.86
9898.16
9882.15
10921.4
10933.8
10936.2
10932
10923.5
10912.1
10898.7
10883.7
10867.2
10847.9
10825.3
10799.7
10772.9
10747.5
10720.8
10691
10657.4
10620.3
10580.2
10537.5
10492
10443.5
10393.4
10343.9
10294.7
10244.7
10192.7
10137.4
10079.1
10018.1
9954.58
9889
9830.1
9789.06
9768.25
11040.9
11054.7
11056.9
11052
11042.5
11029.7
11014.6
10997.9
10979.6
10958.4
10933.5
10905.4
10875.9
10847.2
10815.8
10779.6
10738.3
10692.5
10642.6
10589.2
10532.1
10471.2
10408.1
10345.9
10284.3
10222.1
10157.4
10089.2
10017.8
9943.3
9865.66
9785.15
9712.3
9660.69
9633.56
11186.1
11202
11204.5
11199.8
11190
11176.5
11160.3
11142.3
11122.9
11100.5
11074.4
11045.2
11014.2
10982.5
10945.9
10902.3
10851.7
10795.2
10733.3
10666.7
10595.2
10518.5
10438.8
10360.4
10282.8
10204.7
10124.1
10039.7
9951.98
9860.85
9765.81
9666.77
9576.18
9511.01
9475.61
11366.8
11384.7
11389
11386.2
11377.5
11364.3
11347.9
11329.4
11309.7
11287.5
11262.3
11234.2
11203.4
11169.4
11126.7
11074.1
11012.2
10942.4
10865.8
10782.8
10693.3
10596.7
10495.6
10395.9
10297.4
10198.9
10098
9993.44
9885.63
9774.18
9657.78
9535.31
9421.98
9339
9292.89
11598.8
11620.5
11629.6
11631.3
11625.9
11614.5
11598.5
11579.8
11560.6
11540.3
11519.1
11495.9
11468
11431.2
11380.7
11316.5
11240.3
11154.1
11059
10955.6
10843.6
10722.1
10593.8
10466
10339.8
10214.7
10088.2
9958.91
9826.93
9691.15
9548.78
9396.91
9253.07
9146.29
9086.08
11930.1
11950.4
11968.6
11977.7
11975
11964.6
11948.3
11928.8
11910.3
11893.6
11879.2
11863.8
11839.9
11799.8
11738.2
11658.2
11563.5
11456.6
11338.9
11211
11072
10919.2
10755.2
10591
10428.6
10269.3
10110.6
9951.4
9790.77
9626.25
9453.29
9265.3
9081.33
8939.37
8864.37
12390.9
12445.2
12491
12504.7
12499.5
12481.6
12450.3
12411.6
12379.6
12367.6
12375.3
12389.7
12381.2
12325.3
12237.9
12130
12007.2
11872.6
11727.9
11574.1
11410.9
11233.8
11035
10817.2
10598.5
10388.9
10191.5
9999.14
9805.84
9607.01
9396.24
9158.16
8894.34
8677.69
8573.04
545345
548824
551720
552284
551601
550032
547724
545311
543624
543484
544852
546988
548245
547232
545011
542175
538930
535314
531279
526727
521495
515238
507540
498730
489815
481257
473057
464818
456277
447267
437588
426862
415882
407111
401822
610067
616282
621584
623441
622753
620258
616718
612921
609581
607137
605377
603499
600153
594572
587560
579664
571155
562112
552507
542238
531124
518900
505776
492781
480330
468395
456575
444564
432259
419594
406481
392914
380566
370448
362154
664527
673741
680587
682802
681569
678067
673412
668337
663415
658893
654397
649111
641956
632712
622166
610675
598422
585452
571712
557077
541340
524285
506421
489204
473012
457535
442132
426386
410272
393853
377182
360394
345341
332830
321919
708449
720254
728386
730920
729533
725569
720187
714204
708129
702084
695616
687877
677907
665831
652549
638300
623193
607199
590222
572084
552517
531271
508996
487576
467545
448443
429445
410023
390201
370137
349983
329925
312082
297290
284386
744576
758432
767454
770186
768778
764702
759004
752463
745596
738492
730648
721175
709188
695030
679705
663373
646087
627754
608222
587243
564466
539532
513157
487651
463810
441113
418579
395588
372213
348701
325272
302160
281742
264965
250434
775480
790906
800409
803137
801608
797455
791673
784899
777589
769781
760953
750242
736805
721158
704329
686442
667495
647356
625810
602546
577090
548943
518808
489388
461870
435685
409743
383339
356608
329885
303459
277600
254919
236478
220649
803094
819792
829483
832009
830237
825891
819964
813046
805491
797252
787789
776251
761807
745064
727093
708009
687785
666231
643093
618002
590362
559485
525971
492901
461903
432402
403223
373584
343701
314009
284866
256584
231970
212186
195372
828782
846726
856435
858600
856471
851822
845643
838473
830628
822038
812117
800011
784913
767402
748575
728531
707265
684553
660119
633585
604217
571120
534718
498364
464170
431579
399352
366644
333776
301304
269679
239256
213017
192197
174711
853484
872916
882590
884268
881638
876569
870026
862516
854329
845341
834948
822313
806654
788503
768975
748147
726013
702352
676865
649192
618504
583720
545034
505931
468952
433552
398475
362824
327053
291885
257901
225528
197908
176322
158468
877770
899221
908879
909915
906624
900981
893947
885996
877384
867966
857098
843919
827626
808724
788429
766817
743862
719368
693045
664475
632850
596968
556777
515654
476439
438604
400905
362400
323701
285761
249361
215063
186187
164006
145982
901769
926118
935798
936016
931870
925480
917797
909275
900142
890230
878847
865086
848086
828330
807137
784617
760761
735411
708307
678984
646680
610240
569415
527188
486502
446799
406858
365654
323952
282994
243887
207459
177254
154481
136306
925066
953644
963384
962559
957353
950025
941522
932287
922523
912033
900076
885662
867852
847130
824939
801436
776642
750414
722507
692489
659658
622982
582146
539722
498486
457736
416207
372729
328101
283846
241526
202442
170513
146925
128499
946514
981278
991095
989002
982537
974106
964638
954557
944052
932905
920301
905160
886452
864680
841430
816913
791175
764091
735431
704816
671614
634918
594448
552516
511607
470755
428554
383564
336388
288667
242453
199782
165339
140483
121620
964391
1.00795e+06
1.01778e+06
1.01423e+06
1.0064e+06
996775
986253
975240
963922
952059
938760
922845
903193
880345
856051
830559
803938
776081
746772
715682
682262
645736
605931
565005
525138
485110
443284
397835
348913
297911
247151
199572
161298
134391
114708
976135
1.0319e+06
1.04163e+06
1.03666e+06
1.02754e+06
1.01676e+06
1.00519e+06
993241
981102
968512
954513
937827
917261
893406
868172
841842
814494
786017
756229
724835
691369
655187
616264
576684
538375
499889
459413
414738
365354
311965
256559
202655
158466
128086
106842
982381
1.05209e+06
1.06097e+06
1.05466e+06
1.04445e+06
1.03269e+06
1.02021e+06
1.0074e+06
994490
981218
966561
949167
927789
903100
877141
850223
822404
793585
763573
732121
698835
663188
625322
587299
550844
514377
475976
433179
384852
330710
271649
210672
157699
121245
96993.1
977813
1.06431e+06
1.07304e+06
1.06638e+06
1.05564e+06
1.04323e+06
1.03003e+06
1.0165e+06
1.00289e+06
989011
973776
955784
933776
908550
882239
855142
827295
798559
768752
737631
704860
670024
633397
597077
562615
528388
492444
452284
406358
353441
292876
225771
161408
114155
83628.5
987598
1.07544e+06
1.08024e+06
1.07181e+06
1.05996e+06
1.04668e+06
1.03273e+06
1.01853e+06
1.00434e+06
989958
974280
955905
933678
908534
882604
856087
828958
801036
772122
741980
710297
676743
641689
607252
574893
542997
509672
472546
429925
379971
320537
249867
173418
109681
61884.6
800790
866776
885187
896761
908117
920952
935826
952957
972393
994754
1.02127e+06
1.05305e+06
1.0898e+06
1.12728e+06
1.16012e+06
1.18507e+06
1.20223e+06
1.21415e+06
1.22254e+06
1.22739e+06
1.22755e+06
1.2211e+06
1.20575e+06
1.18109e+06
1.14941e+06
1.11246e+06
1.07023e+06
1.02169e+06
966152
902795
830223
747203
663180
591567
522298
793493
855856
873470
884894
896315
909334
924481
941954
961780
984530
1.01144e+06
1.04357e+06
1.08056e+06
1.11824e+06
1.15095e+06
1.17558e+06
1.19252e+06
1.20434e+06
1.21268e+06
1.21736e+06
1.21715e+06
1.20999e+06
1.19346e+06
1.16723e+06
1.1338e+06
1.09494e+06
1.05028e+06
998504
938694
869532
788421
692053
592411
502726
400281
782547
840372
856876
868038
879526
892793
908310
926246
946619
969978
997526
1.03021e+06
1.06755e+06
1.10563e+06
1.13844e+06
1.1631e+06
1.18022e+06
1.19241e+06
1.20117e+06
1.20623e+06
1.20627e+06
1.19912e+06
1.18221e+06
1.15488e+06
1.11997e+06
1.07947e+06
1.03307e+06
979072
916396
843601
757652
653956
542695
442079
331527
766293
819547
834976
845909
857518
871108
887080
905565
926582
950663
978971
1.01236e+06
1.05028e+06
1.08906e+06
1.12241e+06
1.1476e+06
1.16543e+06
1.17847e+06
1.18816e+06
1.19416e+06
1.19508e+06
1.18867e+06
1.17223e+06
1.14477e+06
1.1094e+06
1.06818e+06
1.02104e+06
966010
901993
827595
739632
632204
512004
401365
281543
743656
792581
807114
817952
829803
843818
860329
879441
901172
926041
955202
989453
1.02829e+06
1.06822e+06
1.10266e+06
1.12899e+06
1.14811e+06
1.16255e+06
1.17372e+06
1.1813e+06
1.18381e+06
1.17898e+06
1.16397e+06
1.13756e+06
1.10298e+06
1.06215e+06
1.01531e+06
960397
896358
821934
734105
626397
499922
377990
245036
713541
758520
772467
783449
795726
810317
827482
847305
869815
895537
925639
960947
1.0011e+06
1.04275e+06
1.07898e+06
1.10716e+06
1.12818e+06
1.14461e+06
1.15788e+06
1.16773e+06
1.17268e+06
1.1704e+06
1.15799e+06
1.13394e+06
1.10138e+06
1.06209e+06
1.01659e+06
962885
899961
826727
740615
635723
507065
374447
226507
674527
716224
730046
741535
754538
769933
787926
808581
831953
858595
889742
926349
968271
1.01234e+06
1.05115e+06
1.08197e+06
1.10555e+06
1.12456e+06
1.14059e+06
1.15348e+06
1.16181e+06
1.16322e+06
1.15475e+06
1.13454e+06
1.10526e+06
1.06879e+06
1.02579e+06
974430
913793
842973
759879
659367
533184
395171
237303
624920
664103
678593
691221
705428
721992
741085
762785
787158
814818
847151
885338
929571
976803
1.01908e+06
1.05334e+06
1.08015e+06
1.10232e+06
1.12173e+06
1.13843e+06
1.15114e+06
1.15754e+06
1.15455e+06
1.13986e+06
1.11547e+06
1.08333e+06
1.04428e+06
996665
939704
872719
794093
699438
580150
444563
284668
561024
600195
616641
631345
647540
665913
686633
709775
735439
764286
797952
838005
885086
936251
982852
1.02136e+06
1.05197e+06
1.07774e+06
1.10099e+06
1.12213e+06
1.14017e+06
1.15289e+06
1.15715e+06
1.14999e+06
1.13251e+06
1.10675e+06
1.07363e+06
1.03181e+06
980587
919483
847325
760712
652210
526722
373309
480624
519964
540732
560040
580155
601797
625243
650630
678058
708287
743325
785328
835562
891189
942860
986315
1.02115e+06
1.05069e+06
1.07787e+06
1.10366e+06
1.12756e+06
1.1477e+06
1.16093e+06
1.16351e+06
1.15533e+06
1.13849e+06
1.11411e+06
1.08122e+06
1.0393e+06
988187
927327
853929
761928
652945
505613
348127
410700
449589
480166
507638
534445
561702
589936
619351
650585
686206
729228
781931
841994
899261
948590
988276
1.02158e+06
1.05218e+06
1.08186e+06
1.11099e+06
1.13846e+06
1.16152e+06
1.17563e+06
1.179e+06
1.17356e+06
1.16078e+06
1.14018e+06
1.11147e+06
1.07512e+06
1.03224e+06
983458
925277
860673
772449
293869
372110
434955
489262
537499
581671
623352
663721
703644
743668
784308
825324
869564
910766
1.01995e+06
392928
470336
534736
589109
636537
679113
718443
755737
791842
827365
862583
898084
933630
973913
1.04289e+06
466468
535238
593099
641945
684331
722281
757311
790540
822780
854584
886276
918342
950467
988742
1.03476e+06
519754
578472
628621
671675
709483
743673
775510
805947
835674
865165
894731
924596
954922
989386
1.01889e+06
556529
607408
651698
690392
724832
756284
785785
814141
841946
869599
897355
925305
953706
983378
1.00213e+06
584751
629630
669258
704392
736021
765152
792657
819221
845347
871382
897521
923789
950256
975808
988942
608178
648261
683988
716004
745109
772132
797809
822729
847335
871917
896625
921441
946155
968673
979190
628587
664645
696974
726172
752940
777980
801939
825327
848531
871802
895247
918799
942025
962444
972055
646965
679514
708788
735382
759940
783095
805419
827363
849264
871334
893645
916092
938093
957122
966800
664112
693468
719887
743994
766421
787750
808489
829042
849701
870643
891917
913383
934382
952534
962791
681241
707454
730994
752575
772820
792272
811384
830513
849907
869711
889957
910484
930609
948197
959296
699237
722140
742626
761507
779410
796835
814182
831755
849760
868313
887418
906907
926131
943279
955369
718795
738018
755131
771022
786314
801456
816787
832562
848932
865977
883685
901887
920034
936757
950020
738584
753976
767594
780372
792903
805586
818716
832474
846973
862253
878288
894934
911807
928087
942667
757264
768846
779024
788724
798506
808726
819607
831287
843828
857238
871488
886477
902026
917865
933688
774640
782439
789226
795911
803008
810809
819481
829101
839697
851249
863717
877055
891283
906624
923470
790872
794867
798290
802022
806503
811955
818479
826098
834796
844534
855264
866985
879877
894588
912193
806111
806255
806334
807162
809098
812290
816747
822449
829330
837319
846368
856506
868031
881947
900027
820473
816702
813450
811447
810932
811954
814453
818332
823485
829809
837246
845835
855944
868868
887117
834093
826321
819755
814985
812124
811093
811747
813913
817435
822184
828075
835147
843794
855499
873580
847110
835226
825359
817904
812799
809829
808751
809319
811322
814590
819018
824617
831749
841996
859518
859648
843549
830402
820332
813079
808282
805583
804670
805269
807169
810232
814425
820043
828592
845097
871851
851479
835076
822438
813102
806556
802337
800044
799352
800012
801840
804769
808966
815690
830684
883090
858840
839370
824300
813004
804841
799242
795728
793925
793538
794365
796296
799398
804595
817847
892764
865131
842898
825644
812622
803063
796301
791782
789079
787873
787931
789127
791447
795493
807144
900839
870074
845330
826148
811642
800920
793204
787876
784457
782599
782053
782661
784351
787414
797539
907420
873499
846398
825505
809747
798068
789581
783596
779601
777209
776156
776255
777359
779396
787843
912541
875197
845805
823379
806559
794097
784984
778465
773978
771129
769623
769242
769762
770643
777017
915924
874836
843180
819378
801671
788569
778935
771953
767034
763763
761832
760987
760945
760605
764511
916947
871823
837994
813011
794597
780976
770894
763481
758132
754436
752078
750772
750218
748688
749581
914623
865200
829395
803495
784541
770485
759960
752070
746220
742010
739150
737338
736291
733671
730675
907249
853330
815926
789419
770086
755607
744547
736010
729427
724441
720815
718260
716568
712981
704722
891265
832827
794462
767739
748132
733141
721312
711765
703972
697613
692534
688508
685415
680721
664936
857550
795075
756740
730261
710508
694913
682051
671059
661413
652792
645055
638062
631471
624376
595947
768787
703987
667222
641965
622786
607182
593755
581627
570200
559090
547913
536713
523643
530624
526600
522377
517888
512996
507390
571519
575437
579283
583033
586663
590144
593445
596543
599406
602020
604355
606393
608119
609516
610577
611287
611643
611649
611305
610625
609612
608274
606638
604723
602562
600182
597621
594905
592076
589151
586160
583111
580006
576818
573472
630188
633910
637579
641147
644583
647879
651022
653992
656770
659344
661692
663802
665652
667235
668539
669554
670284
670722
670868
670717
670275
669556
668590
667393
665999
664434
662734
660936
659076
657185
655312
653490
651781
650279
649173
687432
691593
695492
699174
702674
706010
709186
712205
715049
717710
720177
722427
724457
726246
727788
729075
730099
730858
731349
731569
731530
731252
730753
730064
729209
728220
727136
725992
724836
723706
722663
721778
721151
720959
721549
732628
737285
741575
745586
749368
752958
756364
759589
762628
765473
768106
770515
772685
774611
776270
777667
778785
779631
780196
780491
780534
780339
779924
779316
778542
777635
776628
775560
774477
773426
772478
771709
771238
771246
772032
760653
765730
770470
774936
779166
783184
786986
790578
793944
797074
799956
802572
804905
806952
808693
810127
811248
812052
812548
812752
812673
812325
811735
810919
809903
808717
807396
805982
804508
803036
801625
800349
799319
798665
798558
771471
776874
782057
787029
791792
796336
800651
804720
808528
812049
815276
818183
820760
822992
824870
826383
827527
828307
828729
828808
828551
827975
827099
825945
824537
822896
821061
819066
816951
814767
812561
810406
808379
806549
804970
768753
774456
780074
785562
790874
795982
800845
805438
809730
813702
817324
820580
823449
825915
827969
829600
830807
831589
831955
831908
831465
830636
829438
827893
826017
823844
821395
818710
815819
812770
809608
806383
803146
799923
796698
756441
762473
768534
774531
780387
786041
791449
796560
801344
805769
809796
813411
816584
819301
821547
823313
824588
825380
825684
825509
824870
823770
822232
820270
817905
815162
812064
808643
804935
800974
796800
792451
787965
783354
778584
737038
743520
750058
756547
762907
769062
774961
780549
785777
790611
795014
798953
802406
805347
807758
809628
810952
811719
811941
811618
810755
809367
807469
805071
802202
798877
795123
790972
786455
781608
776462
771059
765434
759608
753594
711141
718171
725226
732213
739059
745686
752037
758060
763701
768913
773660
777900
781610
784753
787313
789276
790629
791363
791479
790988
789890
788196
785919
783079
779688
775775
771365
766484
761168
755452
749365
742948
736236
729274
722145
678859
686616
694262
701765
709084
716152
722916
729326
735322
740852
745882
750361
754266
757554
760212
762221
763559
764221
764209
763516
762152
760124
757439
754120
750181
745650
740549
734913
728778
722173
715137
707710
699934
691859
683573
640807
649118
657358
665464
673377
681025
688343
695266
701740
707708
713125
717941
722122
725633
728448
730545
731910
732528
732396
731504
729859
727467
724333
720481
715917
710673
704774
698245
691117
683430
675210
666498
657315
647695
637626
600040
608937
617830
626619
635217
643535
651495
659025
666061
672536
678402
683606
688113
691879
694880
697089
698486
699059
698794
697692
695743
692956
689342
684911
679675
673665
666896
659406
651219
642368
632888
622812
612164
600961
589167
558865
568518
578167
587702
597026
606046
614664
622813
630404
637386
643688
649267
654079
658078
661239
663536
664944
665447
665034
663693
661430
658243
654138
649132
643232
636472
628870
620460
611275
601357
590742
579481
567603
555149
542143
518211
528713
539196
549551
559663
569423
578739
587523
595693
603186
609936
615889
620997
625228
628542
630919
632330
632765
632201
630640
628070
624499
619931
614378
607861
600402
592030
582781
572700
561833
550234
537962
525085
511669
497789
478518
489961
501374
512629
523601
534173
544241
553710
562496
570529
577741
584083
589507
593972
597452
599914
601339
601712
601014
599242
596391
592462
587463
581406
574317
566211
557134
547117
536220
524500
512028
498882
485160
470956
456397
439975
452457
464897
477156
489087
500554
511450
521665
531116
539731
547443
554200
559959
564684
568340
570907
572362
572688
571878
569920
566809
562552
557156
550634
543007
534302
524561
513834
502171
489654
476368
462412
447909
432995
417823
402605
416260
429858
443236
456231
468690
480489
491518
501692
510932
519178
526380
532497
537497
541349
544033
545533
545836
544928
542801
539454
534895
529127
522166
514029
504753
494379
482955
470554
457253
443165
428403
413117
397478
381679
366286
381286
396195
410838
425017
438568
451357
463271
474213
484123
492931
500603
507094
512386
516448
519266
520823
521113
520121
517844
514283
509437
503314
495930
487305
477468
466464
454347
441188
427086
412151
396526
380380
363919
347379
330819
347387
363813
379885
395388
410145
424015
436877
448646
459256
468658
476815
483695
489284
493564
496523
498147
498431
497371
494959
491194
486076
479612
471816
462701
452301
440654
427812
413857
398884
383019
366415
349259
331782
314284
296003
314487
332617
350288
367276
383382
398445
412343
424996
436346
446354
455000
462265
468142
472630
475720
477411
477696
476571
474030
470070
464687
457888
449678
440066
429085
416760
403148
388319
372374
355441
337685
319306
300544
281712
262813
282737
302555
321999
340706
358390
374851
389959
403636
415846
426563
435788
443520
449763
454527
457818
459634
459976
458846
456232
452134
446547
439470
430899
420850
409331
396362
381987
366264
349281
331156
312044
292130
271613
250646
233442
254727
276205
297418
317822
337038
354830
371067
385690
398678
410038
419775
427922
434489
439494
442955
444875
445258
444112
441425
437200
431423
424094
415204
404753
392735
379166
364066
347480
329477
310165
289690
268237
245994
223065
207741
230430
253584
276516
298501
319088
338033
355224
370626
384246
396112
406259
414722
421530
426715
430288
432271
432665
431477
428709
424347
418388
410820
401626
390795
378316
364184
348406
331006
312039
291601
269846
246982
223246
198799
184445
208705
233663
258316
281789
303605
323541
341522
357552
371670
383928
394381
403078
410061
415360
419007
421013
421392
420150
417280
412786
406644
398841
389357
378168
365251
350588
334168
315996
296111
274598
251621
227437
202375
176711
162190
188442
215434
241883
266808
289752
310552
329194
345730
360235
372789
383464
392324
399421
404793
408470
410474
410816
409504
406534
401896
395571
387539
377771
366234
352894
337715
320669
301741
280946
258355
234141
208620
182259
155498
140227
168689
198049
226470
252885
276918
298511
317733
334696
349518
362306
373153
382134
389311
394729
398424
400418
400724
399342
396275
391506
385014
376770
366740
354882
341146
325483
307842
288181
266487
242804
217291
190315
162506
134507
118509
149514
181651
212223
240146
265211
287513
307229
324541
339611
352575
363545
372609
379836
385278
388973
390944
391207
389761
386601
381710
375064
366627
356359
344205
330106
313992
295789
275424
252843
228043
201140
172511
142970
113517
96992.6
131095
166530
199406
228807
254815
277725
297840
315416
330661
343741
354784
363890
371135
376574
380249
382185
382395
380879
377628
372622
365834
357222
346738
334318
319889
303363
284639
263609
240168
214243
185865
155345
123645
92437.4
75576.6
113722
153037
511383
457906
981597
1.05994e+06
1.06634e+06
1.05985e+06
1.0494e+06
1.03714e+06
1.02393e+06
1.01026e+06
996450
982329
966889
948891
927391
903403
878837
853803
828207
801859
774542
746024
716025
684260
651136
618733
588504
558927
528251
494304
455503
409894
354634
285812
203293
125235
47415
943648
1.01981e+06
1.03361e+06
1.03261e+06
1.02603e+06
1.0166e+06
1.00558e+06
993612
981148
968109
953689
936898
917032
895049
872596
849705
826262
802062
776900
750561
722790
693335
662589
632553
604687
577618
549775
519230
484603
444129
394992
332462
251667
165527
67906.3
906335
980738
997646
1.00022e+06
996885
990295
981707
971830
961136
949659
936802
921814
904217
884853
865106
844938
824218
802744
780332
756786
731876
705368
677613
650472
625409
601236
576551
549648
519312
483963
440905
385182
309514
219820
114794
848447
927779
951964
960410
961738
958993
953629
946485
938111
928677
917836
905128
890263
873967
857339
840305
822734
804449
785289
765090
743663
720804
696770
673196
651528
630809
609869
587221
561862
532472
496737
450151
384804
301135
197634
282914
347209
388904
421671
451100
479577
508281
537786
568302
600554
637262
681822
737012
800811
863700
918965
962698
998321
1.03071e+06
1.06268e+06
1.09559e+06
1.12916e+06
1.16091e+06
1.18555e+06
1.19969e+06
1.20472e+06
1.20194e+06
1.19114e+06
1.17188e+06
1.14465e+06
1.11111e+06
1.07336e+06
1.0305e+06
983036
904597
299430
336010
361181
385759
411232
437967
466154
495906
527244
561181
600289
647798
706259
773317
840435
899556
945466
982117
1.01519e+06
1.0481e+06
1.08296e+06
1.12018e+06
1.15719e+06
1.18816e+06
1.20891e+06
1.22027e+06
1.22296e+06
1.21666e+06
1.20051e+06
1.17446e+06
1.13959e+06
1.09717e+06
1.04882e+06
990310
879124
273129
307211
329376
351400
375303
401481
429885
460451
493143
528938
570444
620846
682625
753269
823651
884981
932286
970056
1.004e+06
1.03775e+06
1.07396e+06
1.11368e+06
1.15436e+06
1.18958e+06
1.21462e+06
1.22997e+06
1.23614e+06
1.23264e+06
1.21827e+06
1.19262e+06
1.15659e+06
1.11179e+06
1.06103e+06
1.00063e+06
890354
239360
271659
293638
315662
339820
366633
396087
428095
462577
500525
544626
598149
663581
738085
811551
874545
922887
961625
996291
1.03057e+06
1.06755e+06
1.10891e+06
1.15214e+06
1.19026e+06
1.21828e+06
1.23641e+06
1.24505e+06
1.24357e+06
1.23053e+06
1.20525e+06
1.16859e+06
1.12245e+06
1.07081e+06
1.01123e+06
904093
202717
233564
255993
278929
304261
332509
363663
397630
434311
474734
521714
578665
648123
726768
803220
867525
916707
956294
991507
1.02602e+06
1.06326e+06
1.10561e+06
1.15061e+06
1.19076e+06
1.22094e+06
1.24113e+06
1.25162e+06
1.25167e+06
1.23967e+06
1.2147e+06
1.17751e+06
1.13026e+06
1.07803e+06
1.01957e+06
915778
164360
193995
217247
241583
268647
298887
332258
368642
407916
451157
501349
562097
635979
719031
798264
863536
913427
953749
989334
1.02379e+06
1.06088e+06
1.10369e+06
1.14986e+06
1.19137e+06
1.22312e+06
1.24483e+06
1.2567e+06
1.25788e+06
1.24661e+06
1.22176e+06
1.18393e+06
1.13543e+06
1.08245e+06
1.02494e+06
924698
124474
153230
177665
203837
233108
265829
301891
341139
383417
429854
483641
548609
627355
714982
796610
862457
912919
953838
989594
1.02374e+06
1.06026e+06
1.10305e+06
1.14986e+06
1.19216e+06
1.22496e+06
1.2477e+06
1.2605e+06
1.26238e+06
1.25148e+06
1.22649e+06
1.18778e+06
1.13775e+06
1.08372e+06
1.02687e+06
930353
83006.9
111246
137381
165901
197896
233612
272872
315471
361212
411281
469109
538786
622864
715049
798411
864373
915217
956501
992167
1.02569e+06
1.06126e+06
1.10355e+06
1.15046e+06
1.19298e+06
1.22628e+06
1.24955e+06
1.26279e+06
1.26487e+06
1.2539e+06
1.22839e+06
1.18847e+06
1.13657e+06
1.08108e+06
1.02449e+06
931830
38950.6
68146.7
96697.1
128223
163539
202832
245868
292386
342131
396352
458757
533716
623565
719946
804021
869523
920424
961715
996919
1.02946e+06
1.06367e+06
1.10496e+06
1.15136e+06
1.19348e+06
1.22669e+06
1.24989e+06
1.26295e+06
1.26464e+06
1.25302e+06
1.2265e+06
1.18494e+06
1.13068e+06
1.07318e+06
1.0163e+06
927551
8318.97
24219.5
56399.4
91623.2
130898
174436
221950
273097
327526
386542
454182
535102
631020
730542
813897
878220
928663
969396
1.0036e+06
1.03471e+06
1.06712e+06
1.10684e+06
1.15207e+06
1.19314e+06
1.22558e+06
1.248e+06
1.26015e+06
1.26066e+06
1.24767e+06
1.21946e+06
1.1756e+06
1.11826e+06
1.05793e+06
999962
914978
55294.3
23088.9
19377
57232.9
101014
149657
202626
259390
319415
384082
457799
545360
647027
747839
828607
890833
939905
979220
1.01172e+06
1.04082e+06
1.07099e+06
1.10853e+06
1.15199e+06
1.19139e+06
1.22231e+06
1.24311e+06
1.2534e+06
1.25175e+06
1.23637e+06
1.20545e+06
1.15825e+06
1.09669e+06
1.03239e+06
972302
890430
100200
65337.5
26830.2
27753.8
75491.3
130524
190473
254314
321173
392451
473354
568359
674092
772036
848211
907307
953796
990649
1.02064e+06
1.04702e+06
1.07439e+06
1.10936e+06
1.15058e+06
1.18772e+06
1.21623e+06
1.23435e+06
1.24158e+06
1.23645e+06
1.21725e+06
1.18215e+06
1.13008e+06
1.06266e+06
992743
929077
849096
141826
103454
57640.7
14941
57502.2
121263
190635
263886
339294
418494
507064
607523
712201
802197
872585
927442
970094
1.00326e+06
1.02962e+06
1.05236e+06
1.0763e+06
1.10852e+06
1.14728e+06
1.18161e+06
1.20673e+06
1.22086e+06
1.22348e+06
1.2132e+06
1.18834e+06
1.14705e+06
1.08795e+06
1.01223e+06
934306
864878
784569
176400
133110
79215.2
18974.8
54581.1
132020
214424
299280
383845
470249
562783
661826
759091
839197
902323
951041
988005
1.01576e+06
1.03703e+06
1.05513e+06
1.0752e+06
1.10495e+06
1.14154e+06
1.17273e+06
1.19341e+06
1.20205e+06
1.19829e+06
1.18083e+06
1.14804e+06
1.09797e+06
1.02881e+06
941145
851346
772637
688829
197062
147814
83028.8
5181.82
86428.7
183921
281913
376921
466622
554005
642197
731526
815975
883791
936143
975344
1.00378e+06
1.02397e+06
1.03877e+06
1.05172e+06
1.06848e+06
1.09758e+06
1.13346e+06
1.16156e+06
1.17663e+06
1.17801e+06
1.16584e+06
1.13899e+06
1.0958e+06
1.03399e+06
951071
846406
738846
644306
547503
203444
146899
69232.9
34999.7
147961
262170
369684
467540
555156
636880
715999
793354
864277
919277
959996
988669
1.00775e+06
1.01996e+06
1.02845e+06
1.03713e+06
1.05249e+06
1.0841e+06
1.12185e+06
1.14804e+06
1.15751e+06
1.15127e+06
1.13026e+06
1.0935e+06
1.039e+06
963956
864713
738507
606183
487776
365891
209600
140442
37069.5
97703.7
227638
346527
451660
543222
622665
695338
764664
831420
891072
935320
965999
985541
996637
1.00233e+06
1.00618e+06
1.01257e+06
1.02907e+06
1.06659e+06
1.10899e+06
1.13542e+06
1.14101e+06
1.12902e+06
1.10164e+06
1.05776e+06
994948
909725
797091
650959
490245
342044
190614
227076
119343
49572.4
205153
338227
449824
543581
622735
690013
750683
807735
861412
907269
938501
957318
966378
968643
967493
966935
971870
991153
1.03723e+06
1.08643e+06
1.11554e+06
1.12001e+06
1.1062e+06
1.07752e+06
1.03257e+06
968473
881247
764951
610360
425445
242674
37098.1
226468
33762.6
209425
360093
475787
567779
642606
704293
755568
800929
842547
879950
908939
924725
930079
927726
920721
912651
907885
911715
934639
990548
1.0468e+06
1.0808e+06
1.08888e+06
1.07931e+06
1.05635e+06
1.01851e+06
962738
884892
778486
631536
438509
226559
44196.1
63918.9
300123
456420
561281
638496
697886
744674
781910
811639
837326
859822
877925
888032
887664
879942
867119
851894
837691
828882
831058
855794
919294
982422
1.02291e+06
1.03915e+06
1.03936e+06
1.02885e+06
1.007e+06
971546
919209
844832
738517
584233
406042
186880
439512
444044
448813
453611
458325
462882
467225
471317
475119
478598
481732
484487
486845
488784
490295
491357
491962
492112
491803
491044
489844
488227
486203
483800
481037
477941
474540
470863
466919
462727
458266
453503
448320
442497
435601
515215
519619
523907
528113
532203
536130
539853
543337
546549
549463
552056
554302
556179
557674
558774
559463
559739
559598
559041
558087
556744
555027
552954
550547
547833
544840
541598
538131
534466
408702
380372
353826
329061
306035
284661
264810
246309
228904
1.04818e+06
1.04342e+06
1.02985e+06
1.00987e+06
985309
957453
927137
894881
861011
825758
789334
751964
713894
675413
636836
598478
560661
523691
487843
453353
420419
389188
359762
332190
306473
282565
260366
239731
220456
202296
1.04393e+06
1.03928e+06
1.02593e+06
1.00617e+06
981749
953907
923458
890914
856602
820769
783628
745417
706398
666866
627150
587584
548512
510255
473112
437340
403156
370726
340168
311546
284872
260107
237160
215889
196099
177609
1.04095e+06
1.03632e+06
1.02298e+06
1.00325e+06
978827
950929
920332
887531
852840
816498
778727
739751
699842
659302
618467
577690
537330
497722
459193
422026
386462
352694
320866
291067
263333
237649
213951
192122
171995
153437
1.03902e+06
1.03434e+06
1.02084e+06
1.00097e+06
976461
948472
917746
884742
849752
813002
774700
735067
694369
652910
611026
569079
527437
486460
446486
407831
370762
335506
302239
271087
242127
215386
190846
168439
148029
129519
1.03798e+06
1.03313e+06
1.01934e+06
999234
974575
946492
915682
882556
847383
810356
771668
731526
690188
647945
605140
562126
519284
476979
435573
395396
356746
319881
285017
252324
221929
193920
168344
145208
124427
105910
1.03746e+06
1.03235e+06
1.01814e+06
997720
972900
944764
913952
880826
845617
808482
769587
729132
687346
644520
600980
557075
513189
469688
426943
385301
345080
306566
270008
235621
203585
174053
147157
123005
101596
82789.7
1.0366e+06
1.03113e+06
1.01639e+06
995647
970716
942622
911946
878988
843932
806904
768037
727509
685536
642381
598366
553828
509141
464673
420793
377857
336194
296107
257872
221735
187919
156635
128093
102538
80102.1
60484.9
1.03239e+06
1.02657e+06
1.01145e+06
990580
965769
937980
907709
875210
840606
803993
765479
725208
683381
640251
596109
551291
506152
461054
416366
372439
329606
288179
248441
210655
175065
141911
111448
84042.4
60208.2
39360.3
1.01029e+06
1.00529e+06
991325
971727
948264
921882
893026
861894
828583
793161
755718
716388
675360
632872
589212
544709
499706
454562
409639
365282
321824
279574
238814
199804
162783
127975
95612
65981.3
40190.9
20166.2
894951
895696
889009
876776
860463
840920
818552
793511
765865
735653
702963
667938
630783
591750
551156
509348
466687
423558
380331
337373
295025
253604
213394
174650
137590
102394
69156.4
37867.6
8973.35
3600.55
188272
219067
245914
269334
289758
307520
322874
336012
347078
356185
363412
368821
372453
374336
374482
372888
369545
364428
357508
348737
338061
325407
310688
293798
274612
252982
228746
201742
171870
139257
104822
71326.4
53902.2
97939.3
141378
178806
210924
238571
262464
283157
301062
316482
329638
340693
349767
356948
362300
365867
367677
367742
366059
362617
357390
350344
341430
330586
317732
302771
285582
266014
243887
218981
191040
159797
125091
87325.2
50375.4
32438.1
84501
130426
169801
203482
232225
256819
277934
296081
311630
324844
335911
344966
352106
357400
360896
362622
362594
360810
357257
351911
344737
335684
324686
311662
296505
279088
259247
236779
211427
182870
150706
114463
73830
30953.7
29977.4
73499.3
116634
157225
193339
224342
250624
272894
291807
307864
321414
332703
341898
349119
354446
357934
359619
359518
357633
353955
348462
341118
331874
320663
307404
291994
274305
254180
231426
205808
177050
144841
108910
69347.8
28453.5
424350
408712
392447
375125
356645
337052
316458
295016
272907
250345
227578
204897
182639
161196
141008
122564
106380
92976
82835.7
76360.6
73857
75419.1
81321.3
93065.4
113702
147399
198546
273066
373267
552673
497604
482731
466444
448880
430091
410177
389261
367497
345066
322182
299094
276096
253532
231802
211366
192741
176496
163240
153608
148251
147851
153145
164889
184184
212922
253500
308513
380567
475735
614291
565641
551895
536306
519208
500783
481177
460523
438979
416721
393955
370930
347938
325328
303512
282969
264254
247992
234881
225694
221284
222603
230820
246942
271570
305494
349730
405400
473944
561287
678181
643207
630907
616904
601380
584504
566410
547227
527087
506150
484598
462662
440626
418832
397700
377730
359516
343748
331219
322827
319575
322546
332934
351618
378749
414134
457838
510531
573797
653405
754349
717557
707796
696595
684058
670287
655361
639356
622355
604459
585810
566596
547053
527497
508321
490023
473195
458547
446899
439168
436337
439405
449244
466724
492273
525388
565771
614077
671986
744473
831318
769382
762742
755158
746618
737128
726683
715299
702985
689782
675758
661026
645750
630169
614611
599497
585370
572880
562796
555980
553331
555748
563941
578792
601045
630570
666994
710718
763253
828316
902513
796792
793454
789699
785442
780610
775161
769040
762213
754656
746366
737375
727755
717635
707227
696835
686865
677850
670443
665386
663502
665590
672435
684630
703010
728406
760612
799590
846571
904037
966746
803751
803476
803240
802924
802445
801722
800687
799269
797417
795075
792215
788821
784932
780616
776035
771424
767140
763644
761527
761465
764181
770431
780875
796366
817828
845677
879997
921494
971619
1.02405e+06
795781
798111
800828
803829
807025
810346
813717
817074
820343
823460
826360
828988
831297
833268
834920
836320
837632
839103
841098
844114
848742
855650
865597
879235
897543
921598
951614
987998
1.03134e+06
1.07467e+06
777829
782244
787328
792982
799127
805710
812669
819943
827483
835221
843087
851021
858934
866759
874428
881893
889136
896209
903247
910489
918320
927262
937972
951201
967799
988708
1.01482e+06
1.04667e+06
1.08389e+06
1.11916e+06
753056
759232
766237
774011
782511
791692
801517
811946
822939
834445
846412
858776
871458
884372
897420
910495
923485
936298
948871
961214
973453
985843
998834
1.01307e+06
1.02922e+06
1.04838e+06
1.07166e+06
1.09948e+06
1.13105e+06
1.15869e+06
721756
729445
738115
747715
758219
769615
781884
794997
808937
823661
839130
855290
872071
889390
907142
925204
943426
961639
979676
997383
1.01466e+06
1.03151e+06
1.04812e+06
1.06484e+06
1.08224e+06
1.10102e+06
1.12202e+06
1.14613e+06
1.17241e+06
1.19273e+06
683305
692470
702633
713832
726090
739422
753829
769305
785841
803401
821956
841455
861827
882983
904825
927208
949968
972917
995823
1.01846e+06
1.04059e+06
1.06205e+06
1.08278e+06
1.10286e+06
1.12258e+06
1.14237e+06
1.16289e+06
1.18455e+06
1.20603e+06
1.21944e+06
636849
647027
658344
670847
684577
699563
715831
733390
752237
772360
793723
816278
839952
864643
890228
916542
943393
970547
997739
1.02468e+06
1.05106e+06
1.07663e+06
1.10117e+06
1.1246e+06
1.147e+06
1.16858e+06
1.18963e+06
1.20997e+06
1.22785e+06
1.2359e+06
587738
598479
610494
623824
638520
654624
672184
691227
711773
733822
757364
782349
808714
836357
865133
894850
925284
956147
987122
1.01785e+06
1.04798e+06
1.07714e+06
1.10507e+06
1.13155e+06
1.15654e+06
1.18007e+06
1.20219e+06
1.22245e+06
1.23836e+06
1.24286e+06
540269
551356
563745
577503
592705
609412
627685
647578
669131
692367
717303
743917
772168
801970
833192
865635
899055
933130
967480
1.00168e+06
1.03527e+06
1.06782e+06
1.09894e+06
1.12835e+06
1.15587e+06
1.18143e+06
1.20486e+06
1.22549e+06
1.24038e+06
1.24279e+06
495557
506801
519352
533289
548699
565655
584230
604491
626496
650292
675929
703413
732741
763869
796696
831075
866762
903446
940708
978066
1.01498e+06
1.0509e+06
1.08529e+06
1.11773e+06
1.14793e+06
1.17566e+06
1.20059e+06
1.22185e+06
1.23638e+06
1.23777e+06
453854
465173
477791
491797
507273
524293
542931
563255
585341
609252
635045
662774
692466
724123
757700
793099
830149
868567
907989
947920
987788
1.02693e+06
1.06469e+06
1.10047e+06
1.13374e+06
1.16408e+06
1.19098e+06
1.2133e+06
1.22799e+06
1.22902e+06
414994
426396
439103
453188
468719
485760
504377
524636
546607
570365
595979
623522
653054
684609
718201
753776
791238
830378
870897
912386
954292
995981
1.03672e+06
1.07577e+06
1.11241e+06
1.14592e+06
1.17548e+06
1.19965e+06
1.2153e+06
1.21656e+06
378593
390182
403091
417364
433047
450183
468819
489011
510824
534331
559612
586749
615822
646895
680008
715159
752288
791265
831859
873734
916442
959400
1.00195e+06
1.04333e+06
1.08274e+06
1.11928e+06
1.15182e+06
1.17857e+06
1.19611e+06
1.19846e+06
344051
356009
369307
383953
399958
417337
436117
456338
478054
501335
526267
552941
581446
611867
644268
678673
715059
753330
793308
834716
877172
920180
963146
1.00538e+06
1.0461e+06
1.0844e+06
1.11903e+06
1.14795e+06
1.16765e+06
1.17192e+06
310692
323259
337191
352433
368969
386787
405887
426289
448039
471204
495870
522135
550101
579868
611508
645067
680544
717870
756900
797394
839018
881329
923788
965766
1.00653e+06
1.04519e+06
1.08049e+06
1.11039e+06
1.13138e+06
1.13734e+06
277886
291428
306204
322252
339536
358003
377622
398392
420350
443561
468116
494118
521679
550898
581869
614640
649225
685566
723545
762943
803460
844694
886146
927231
967253
1.00536e+06
1.04033e+06
1.07015e+06
1.09145e+06
1.09842e+06
245691
259782
275388
292369
310573
329875
350202
371539
393917
417403
442091
468092
495519
524477
555054
587309
621255
656842
693958
732401
771887
812041
852395
892394
931379
968521
1.00264e+06
1.03183e+06
1.05289e+06
1.06047e+06
217023
231614
248025
265915
285012
305127
326163
348099
370968
394845
419829
446030
473562
502525
533006
565054
598674
633820
670374
708139
746847
786127
825527
864514
902440
938501
971550
999764
1.02013e+06
1.02783e+06
191964
207116
224301
243003
262861
283654
305284
327739
351066
375349
400690
427197
454979
484129
514717
546782
580323
615283
651537
688890
727072
765711
804379
842534
879549
914625
946633
973813
993319
1.00079e+06
169284
185076
203014
222409
242863
264161
286230
309085
332796
357456
383169
410040
438166
467625
498475
530735
564390
599368
635540
672700
710572
748800
786944
824482
860786
895056
926188
952454
971132
978178
147703
164309
182955
202902
223758
245357
267682
290793
314787
339771
365852
393124
421669
451547
482794
515406
549351
584537
620820
657989
695759
733778
771607
808727
844520
878196
908640
934164
952132
958675
126174
143495
162754
183051
204052
225693
248049
271244
295407
320663
347116
374848
403921
434367
466195
499373
533839
569481
606130
643561
681489
719554
757320
794272
829800
863108
893089
918068
935460
941522
104530
122533
142214
162509
183248
204545
226599
249610
273750
299155
325927
354136
383815
414969
447566
481547
516804
553195
590523
628546
666959
705395
743421
780529
816099
849346
879162
903853
920882
926577
82830.6
101566
121334
141066
160949
181358
202637
225066
248856
274160
301080
329671
359945
391872
425387
460378
496705
534171
572546
611556
650869
690107
728822
766511
802553
836156
866202
890992
907983
913553
61409.1
80990.7
100232
118556
136792
155605
175477
196753
219678
244426
271103
299762
330402
362973
397376
433464
471040
509872
549674
590124
630847
671439
711438
750310
787442
822018
852917
878392
895891
901775
41178.3
61686.7
79149.6
94925.8
110578
126965
144644
163993
185282
208700
234373
262369
292700
325319
360124
396952
435583
475749
517119
559322
601942
644519
686545
727464
766616
803167
835945
863146
882142
889242
24865.3
44245.7
57795.2
69908.8
82095.7
95245.7
109880
126359
144950
165852
189216
215141
243673
274808
308480
344565
382876
423163
465117
508371
552507
597045
641465
685171
727465
767456
803887
834845
857461
868178
12322.8
19680.3
28334.4
35697.3
43425.3
52170.1
62370.9
74347.5
88351.5
104590
123230
144399
168186
194633
223733
255426
289601
326091
364680
405105
447058
490185
534099
578344
622361
665401
706277
743275
773077
793840
1.04261e+06
824803
727574
662888
610449
564695
523857
487327
454898
426508
402155
381834
365412
352698
343508
337609
334728
334560
336787
341083
347131
354626
363283
372831
383020
393603
404332
414912
424974
433606
1.04758e+06
893846
797107
727879
671783
623505
581089
543761
511176
483158
459549
440118
424653
412960
404786
399854
397867
398518
401492
406483
413188
421326
430628
440847
451750
463110
474705
486294
497515
507995
1.03144e+06
915051
827642
760099
704583
656995
615540
579434
548317
521947
500054
482379
468689
458711
452144
448675
447982
449746
453657
459416
466739
475363
485038
495538
506647
518162
529886
541616
553124
564195
1.01679e+06
927205
850108
786635
733389
687718
648186
614094
585047
560706
540777
525007
513111
504788
499719
497581
498055
500826
505601
512094
520043
529203
539342
550253
561742
573635
585760
597979
610187
622338
1.00843e+06
939081
871147
812236
761823
718432
681003
648918
621729
599094
580732
566368
555717
548483
544367
543062
544267
547700
553075
560133
568625
578326
589024
600516
612635
625218
638135
651283
664644
678362
1.00706e+06
950996
890810
836328
788823
747711
712271
681978
656409
635223
618133
604879
595182
588759
585336
584617
586333
590198
595958
603354
612149
622119
633047
644743
657027
669739
682756
695979
709403
723184
1.0104e+06
963519
909734
859375
814716
775781
742213
713567
689398
669413
653337
640912
631880
625970
622921
622459
624310
628219
633913
641148
649675
659265
669693
680758
692274
704069
716003
727973
739939
751939
1.01674e+06
976587
928104
881474
839516
802680
770817
743585
720591
701542
686187
674276
665560
659788
656703
656045
657552
660957
665997
672415
679958
688391
697482
707017
716801
726662
736447
746040
755353
764277
1.02496e+06
989866
945765
902450
862948
828066
797788
771769
749700
731311
716355
704606
695824
689769
686195
684855
685487
687829
691618
696595
702504
709109
716178
723502
730880
738152
745160
751780
757889
763307
1.03439e+06
1.00302e+06
962543
922177
884954
851874
823017
798023
776647
758643
743779
731841
722610
715855
711349
708858
708117
708888
710908
713925
717697
721983
726570
731257
735864
740231
744224
747716
750576
752628
1.04479e+06
1.01613e+06
978806
941191
906201
874859
847264
823129
802238
784362
769285
756809
746725
738835
732921
728766
726133
724794
724512
725052
726186
727708
729420
731148
732734
734050
734983
735433
735295
734457
1.05576e+06
1.02951e+06
995189
960198
927349
897607
871034
847460
826692
808526
792772
779246
767777
758177
750267
743859
738756
734751
731644
729231
727326
725744
724329
722935
721445
719748
717769
715428
712671
709447
1.0667e+06
1.04309e+06
1.01186e+06
979392
948458
919987
894043
870576
849430
830430
813413
798222
784718
772765
762216
752934
744762
737548
731137
725367
720097
715190
710521
705982
701486
696962
692343
687589
682668
677597
1.07628e+06
1.05572e+06
1.0274e+06
997064
967460
939636
913775
889880
867846
847520
828778
811499
795582
780937
767471
755089
743701
733196
723469
714406
705894
697843
690149
682731
675509
668416
661397
654395
647372
640296
1.0834e+06
1.06566e+06
1.03976e+06
1.0111e+06
982457
954925
928839
904257
881103
859277
838671
819207
800829
783489
767153
751772
737307
723699
710875
698775
687310
676405
665978
655953
646259
636822
627573
618449
609383
600297
1.08799e+06
1.07264e+06
1.04877e+06
1.02149e+06
993565
966149
939696
914316
889976
866597
844111
822481
801687
781730
762631
744387
727010
710481
694772
679845
665647
652116
639184
626783
614835
603278
592032
581039
570225
559517
1.09025e+06
1.07695e+06
1.05482e+06
1.0287e+06
1.00134e+06
973942
947048
920823
895272
870348
846016
822271
799138
776669
754926
733958
713816
694529
676108
658540
641797
625835
610596
596027
582052
568610
555638
543074
530858
518936
1.09043e+06
1.07889e+06
1.05827e+06
1.03315e+06
1.00625e+06
978799
951426
924346
897599
871169
845051
819277
793910
769040
744779
721221
698465
676573
655597
635553
616435
598218
580866
564324
548542
533453
519005
505149
491841
479043
1.08877e+06
1.07874e+06
1.05942e+06
1.03518e+06
1.00864e+06
981091
953229
925311
897411
869543
841725
814025
786547
759411
732770
706771
681547
657200
633822
611456
590125
569827
550535
532212
514807
498280
482577
467664
453503
440068
1.08554e+06
1.07677e+06
1.05858e+06
1.03508e+06
1.00882e+06
981146
952795
924066
895063
865834
836424
806920
777456
748195
719324
691030
663481
636831
611193
586652
563256
541022
519946
499996
481144
463345
446560
430761
415929
402046
1.08098e+06
1.07328e+06
1.05604e+06
1.03317e+06
1.00712e+06
979300
950457
920944
890895
860381
829473
798285
766973
735729
704775
674327
644600
615779
588020
561430
536094
512052
489315
467873
447697
428755
411015
394452
379061
364850
1.07526e+06
1.06847e+06
1.05206e+06
1.02975e+06
1.00389e+06
975908
946593
916324
885278
853556
821252
788496
755467
722380
689486
657030
625262
594398
564630
536104
508931
483177
458874
436027
414617
394617
375995
358727
342814
328303
1.0684e+06
1.0624e+06
1.04679e+06
1.02506e+06
999446
971367
941631
910668
878694
845843
812240
778037
743428
708649
673966
639652
605979
573199
541532
511162
482227
454821
429000
404786
382171
361130
341629
323635
307139
292207
1.0608e+06
1.05542e+06
1.04067e+06
1.01963e+06
994393
966353
936346
904839
872105
838316
803631
768229
732318
696154
660015
624184
588958
554601
521360
489438
458999
430161
403000
377549
353806
331736
311281
292359
274872
258699
1.05384e+06
1.04885e+06
1.03482e+06
1.0144e+06
989555
961615
931436
899514
866156
831579
795968
759522
722485
685116
647716
610585
574027
538327
503743
470499
438773
)
;

boundaryField
{
    front
    {
        type            wedge;
    }
    back
    {
        type            wedge;
    }
    bottomwall
    {
        type            zeroGradient;
    }
    topwall
    {
        type            zeroGradient;
    }
    reflector
    {
        type            zeroGradient;
    }
    hx
    {
        type            zeroGradient;
    }
}


// ************************************************************************* //
