/*--------------------------------*- C++ -*----------------------------------*\
| =========                 |                                                 |
| \\      /  F ield         | OpenFOAM: The Open Source CFD Toolbox           |
|  \\    /   O peration     | Version:  v1906                                 |
|   \\  /    A nd           | Web:      www.OpenFOAM.com                      |
|    \\/     M anipulation  |                                                 |
\*---------------------------------------------------------------------------*/
FoamFile
{
    version     2.0;
    format      ascii;
    class       volScalarField;
    location    "200/neutroRegion";
    object      flux1;
}
// * * * * * * * * * * * * * * * * * * * * * * * * * * * * * * * * * * * * * //

dimensions      [0 -2 -1 0 0 0 0];


internalField   nonuniform List<scalar> 
625
(
496738.5
1482385
2444662
3368395
4239010
5042777
5767012
6400295
6932637
7355646
7662650
7848807
7911184
7848798
7662632
7355624
6932616
6400279
5767007
5042789
4239043
3368444
2444720
1482434
496760.6
1482385
4423785
7295446
1.005208e+07
1.265019e+07
1.50488e+07
1.721008e+07
1.909994e+07
2.068857e+07
2.195093e+07
2.28671e+07
2.342264e+07
2.360879e+07
2.342262e+07
2.286706e+07
2.195088e+07
2.068852e+07
1.909991e+07
1.721008e+07
1.504884e+07
1.265027e+07
1.00522e+07
7295593
4423911
1482438
2444662
7295446
1.203121e+07
1.657726e+07
2.086189e+07
2.481751e+07
2.838174e+07
3.149836e+07
3.411823e+07
3.620002e+07
3.771091e+07
3.862708e+07
3.893407e+07
3.862705e+07
3.771086e+07
3.619996e+07
3.411817e+07
3.149832e+07
2.838173e+07
2.481755e+07
2.086199e+07
1.657741e+07
1.203139e+07
7295604
2444729
3368395
1.005208e+07
1.657726e+07
2.284103e+07
2.87446e+07
3.419484e+07
3.91058e+07
4.340003e+07
4.700981e+07
4.987821e+07
5.196e+07
5.322235e+07
5.364534e+07
5.322232e+07
5.195996e+07
4.987816e+07
4.700976e+07
4.339999e+07
3.910579e+07
3.419487e+07
2.874469e+07
2.284117e+07
1.657742e+07
1.005222e+07
3368457
4239010
1.265019e+07
2.086189e+07
2.87446e+07
3.617399e+07
4.303289e+07
4.921314e+07
5.461725e+07
5.916002e+07
6.276979e+07
6.538964e+07
6.697826e+07
6.751059e+07
6.697824e+07
6.538961e+07
6.276975e+07
5.915997e+07
5.461721e+07
4.921311e+07
4.30329e+07
3.617405e+07
2.874469e+07
2.086201e+07
1.26503e+07
4239057
5042777
1.50488e+07
2.481751e+07
3.419484e+07
4.303289e+07
5.119229e+07
5.854435e+07
6.497312e+07
7.037723e+07
7.467145e+07
7.778805e+07
7.967789e+07
8.031116e+07
7.967787e+07
7.778802e+07
7.467141e+07
7.03772e+07
6.497309e+07
5.854432e+07
5.119227e+07
4.303291e+07
3.419489e+07
2.481758e+07
1.504887e+07
5042803
5767012
1.721008e+07
2.838174e+07
3.91058e+07
4.921314e+07
5.854435e+07
6.695228e+07
7.430433e+07
8.048455e+07
8.539549e+07
8.895968e+07
9.112094e+07
9.184516e+07
9.112093e+07
8.895967e+07
8.539546e+07
8.048451e+07
7.430429e+07
6.695224e+07
5.854432e+07
4.921311e+07
3.91058e+07
2.838176e+07
1.721011e+07
5767021
6400295
1.909994e+07
3.149836e+07
4.340003e+07
5.461725e+07
6.497312e+07
7.430433e+07
8.24637e+07
8.932258e+07
9.477278e+07
9.872836e+07
1.011269e+08
1.019307e+08
1.011269e+08
9.872836e+07
9.477277e+07
8.932255e+07
8.246366e+07
7.430428e+07
6.497308e+07
5.461721e+07
4.34e+07
3.149834e+07
1.909993e+07
6400290
6932637
2.068857e+07
3.411823e+07
4.700981e+07
5.916002e+07
7.037723e+07
8.048455e+07
8.932258e+07
9.675193e+07
1.026555e+08
1.0694e+08
1.095381e+08
1.104087e+08
1.095381e+08
1.0694e+08
1.026554e+08
9.675191e+07
8.932254e+07
8.04845e+07
7.037718e+07
5.915997e+07
4.700976e+07
3.411818e+07
2.068855e+07
6932626
7355646
2.195093e+07
3.620002e+07
4.987821e+07
6.276979e+07
7.467145e+07
8.539549e+07
9.477278e+07
1.026555e+08
1.089192e+08
1.134652e+08
1.162218e+08
1.171455e+08
1.162218e+08
1.134652e+08
1.089192e+08
1.026554e+08
9.477276e+07
8.539544e+07
7.46714e+07
6.276974e+07
4.987816e+07
3.619997e+07
2.19509e+07
7355632
7662650
2.28671e+07
3.771091e+07
5.196e+07
6.538964e+07
7.778805e+07
8.895968e+07
9.872836e+07
1.0694e+08
1.134652e+08
1.18201e+08
1.210726e+08
1.220349e+08
1.210726e+08
1.18201e+08
1.134652e+08
1.0694e+08
9.872835e+07
8.895965e+07
7.778801e+07
6.53896e+07
5.195996e+07
3.771087e+07
2.286707e+07
7662638
7848807
2.342264e+07
3.862708e+07
5.322235e+07
6.697826e+07
7.967789e+07
9.112094e+07
1.011269e+08
1.095381e+08
1.162218e+08
1.210726e+08
1.240141e+08
1.249997e+08
1.240141e+08
1.210726e+08
1.162218e+08
1.095381e+08
1.011269e+08
9.112091e+07
7.967785e+07
6.697823e+07
5.322232e+07
3.862705e+07
2.342263e+07
7848802
7911184
2.360879e+07
3.893407e+07
5.364534e+07
6.751059e+07
8.031116e+07
9.184516e+07
1.019307e+08
1.104087e+08
1.171455e+08
1.220349e+08
1.249997e+08
1.259932e+08
1.249997e+08
1.220349e+08
1.171455e+08
1.104087e+08
1.019307e+08
9.184514e+07
8.031114e+07
6.751058e+07
5.364534e+07
3.893407e+07
2.36088e+07
7911188
7848798
2.342262e+07
3.862705e+07
5.322232e+07
6.697824e+07
7.967787e+07
9.112093e+07
1.011269e+08
1.095381e+08
1.162218e+08
1.210726e+08
1.240141e+08
1.249997e+08
1.240141e+08
1.210726e+08
1.162218e+08
1.095381e+08
1.011269e+08
9.112092e+07
7.967787e+07
6.697825e+07
5.322234e+07
3.862708e+07
2.342265e+07
7848812
7662632
2.286706e+07
3.771086e+07
5.195996e+07
6.538961e+07
7.778802e+07
8.895967e+07
9.872836e+07
1.0694e+08
1.134652e+08
1.18201e+08
1.210726e+08
1.220349e+08
1.210726e+08
1.18201e+08
1.134652e+08
1.0694e+08
9.872835e+07
8.895967e+07
7.778803e+07
6.538963e+07
5.196e+07
3.771092e+07
2.286711e+07
7662656
7355624
2.195088e+07
3.619996e+07
4.987816e+07
6.276975e+07
7.467141e+07
8.539546e+07
9.477277e+07
1.026554e+08
1.089192e+08
1.134652e+08
1.162218e+08
1.171455e+08
1.162218e+08
1.134652e+08
1.089192e+08
1.026554e+08
9.477277e+07
8.539547e+07
7.467143e+07
6.276978e+07
4.987821e+07
3.620003e+07
2.195094e+07
7355653
6932616
2.068852e+07
3.411817e+07
4.700976e+07
5.915997e+07
7.03772e+07
8.048451e+07
8.932255e+07
9.675191e+07
1.026554e+08
1.0694e+08
1.095381e+08
1.104087e+08
1.095381e+08
1.0694e+08
1.026554e+08
9.675193e+07
8.932256e+07
8.048453e+07
7.037721e+07
5.916e+07
4.700981e+07
3.411824e+07
2.068859e+07
6932646
6400279
1.909991e+07
3.149832e+07
4.339999e+07
5.461721e+07
6.497309e+07
7.430429e+07
8.246366e+07
8.932254e+07
9.477276e+07
9.872835e+07
1.011269e+08
1.019307e+08
1.011269e+08
9.872835e+07
9.477277e+07
8.932256e+07
8.246368e+07
7.43043e+07
6.49731e+07
5.461723e+07
4.340003e+07
3.149837e+07
1.909996e+07
6400305
5767007
1.721008e+07
2.838173e+07
3.910579e+07
4.921311e+07
5.854432e+07
6.695224e+07
7.430428e+07
8.04845e+07
8.539544e+07
8.895965e+07
9.112091e+07
9.184514e+07
9.112092e+07
8.895967e+07
8.539547e+07
8.048453e+07
7.43043e+07
6.695225e+07
5.854432e+07
4.921311e+07
3.910579e+07
2.838174e+07
1.72101e+07
5767023
5042789
1.504884e+07
2.481755e+07
3.419487e+07
4.30329e+07
5.119227e+07
5.854432e+07
6.497308e+07
7.037718e+07
7.46714e+07
7.778801e+07
7.967785e+07
8.031114e+07
7.967787e+07
7.778803e+07
7.467143e+07
7.037721e+07
6.49731e+07
5.854432e+07
5.119226e+07
4.303287e+07
3.419483e+07
2.481752e+07
1.504882e+07
5042786
4239043
1.265027e+07
2.086199e+07
2.874469e+07
3.617405e+07
4.303291e+07
4.921311e+07
5.461721e+07
5.915997e+07
6.276974e+07
6.53896e+07
6.697823e+07
6.751058e+07
6.697825e+07
6.538963e+07
6.276978e+07
5.916e+07
5.461723e+07
4.921311e+07
4.303287e+07
3.617397e+07
2.874459e+07
2.08619e+07
1.265021e+07
4239019
3368444
1.00522e+07
1.657741e+07
2.284117e+07
2.874469e+07
3.419489e+07
3.91058e+07
4.34e+07
4.700976e+07
4.987816e+07
5.195996e+07
5.322232e+07
5.364534e+07
5.322234e+07
5.196e+07
4.987821e+07
4.700981e+07
4.340003e+07
3.910579e+07
3.419483e+07
2.874459e+07
2.284104e+07
1.657728e+07
1.005211e+07
3368408
2444720
7295593
1.203139e+07
1.657742e+07
2.086201e+07
2.481758e+07
2.838176e+07
3.149834e+07
3.411818e+07
3.619997e+07
3.771087e+07
3.862705e+07
3.893407e+07
3.862708e+07
3.771092e+07
3.620003e+07
3.411824e+07
3.149837e+07
2.838174e+07
2.481752e+07
2.08619e+07
1.657728e+07
1.203123e+07
7295474
2444673
1482434
4423911
7295604
1.005222e+07
1.26503e+07
1.504887e+07
1.721011e+07
1.909993e+07
2.068855e+07
2.19509e+07
2.286707e+07
2.342263e+07
2.36088e+07
2.342265e+07
2.286711e+07
2.195094e+07
2.068859e+07
1.909996e+07
1.72101e+07
1.504882e+07
1.265021e+07
1.005211e+07
7295474
4423810
1482393
496760.6
1482438
2444729
3368457
4239057
5042803
5767021
6400290
6932626
7355632
7662638
7848802
7911188
7848812
7662656
7355653
6932646
6400305
5767023
5042786
4239019
3368408
2444673
1482393
496741.3
)
;

boundaryField
{
    fixedWalls
    {
        type            fixedValue;
        value           uniform 0;
    }
    frontAndBack
    {
        type            empty;
    }
}


// ************************************************************************* //
