/*--------------------------------*- C++ -*----------------------------------*\
| =========                 |                                                 |
| \\      /  F ield         | OpenFOAM: The Open Source CFD Toolbox           |
|  \\    /   O peration     | Version:  v1906                                 |
|   \\  /    A nd           | Web:      www.OpenFOAM.com                      |
|    \\/     M anipulation  |                                                 |
\*---------------------------------------------------------------------------*/
FoamFile
{
    version     2.0;
    format      ascii;
    class       volScalarField;
    location    "200/neutroRegion";
    object      prec0;
}
// * * * * * * * * * * * * * * * * * * * * * * * * * * * * * * * * * * * * * //

dimensions      [0 -3 0 0 0 0 0];


internalField   nonuniform List<scalar> 
625
(
19118.91
57055.28
94092.16
129645.5
163154.3
194090.3
221965.2
246339.4
266828.6
283109.7
294925.9
302090.9
304491.7
302090.6
294925.3
283109
266827.9
246338.9
221965
194090.8
163155.5
129647.2
94094.18
57056.99
19119.66
57055.28
170266.4
280793.1
386892.5
486890.5
579209.9
662394.8
735133.1
796277.5
844864.2
880126.4
901508.5
908673.2
901507.8
880125
844862.4
796275.8
735132.1
662394.9
579211.4
486893.4
386896.7
280798.2
170270.7
57057.13
94092.16
280793.1
463066.9
638038.7
802948.7
955195.6
1092378
1212333
1313169
1393294
1451446
1486709
1498524
1486708
1451445
1393292
1313167
1212332
1092378
955197
802952.3
638044
463073.2
280798.6
94094.49
129645.5
386892.5
638038.7
879123.4
1106344
1316117
1505134
1670414
1809349
1919751
1999876
2048462
2064743
2048461
1999875
1919749
1809348
1670412
1505134
1316119
1106348
879128.5
638044.4
386897.4
129647.7
163154.3
486890.5
802948.7
1106344
1392292
1656283
1894153
2102151
2276996
2415932
2516766
2577910
2598399
2577910
2516765
2415930
2276994
2102149
1894152
1656284
1392295
1106348
802953
486894.3
163156
194090.3
579209.9
955195.6
1316117
1656283
1970328
2253300
2500735
2708732
2874011
2993965
3066703
3091077
3066703
2993965
2874010
2708731
2500734
2253299
1970328
1656284
1316119
955198.1
579212.4
194091.3
221965.2
662394.8
1092378
1505134
1894153
2253300
2576911
2859882
3097751
3286766
3423948
3507132
3535006
3507131
3423947
3286766
3097749
2859880
2576909
2253299
1894152
1505134
1092379
662395.8
221965.5
246339.4
735133.1
1212333
1670414
2102151
2500735
2859882
3173926
3437915
3647687
3799932
3892249
3923186
3892249
3799932
3647686
3437914
3173924
2859880
2500734
2102149
1670413
1212332
735132.7
246339.3
266828.6
796277.5
1313169
1809349
2276996
2708732
3097751
3437915
3723862
3951082
4115988
4215985
4249494
4215985
4115988
3951079
3723861
3437914
3097749
2708731
2276994
1809348
1313167
796276.8
266828.3
283109.7
844864.2
1393294
1919751
2415932
2874011
3286766
3647687
3951082
4192164
4367134
4473232
4508785
4473232
4367134
4192164
3951079
3647686
3286765
2874010
2415930
1919749
1393292
844863.1
283109.2
294925.9
880126.4
1451446
1999876
2516766
2993965
3423948
3799932
4115988
4367134
4549409
4659933
4696971
4659933
4549409
4367134
4115988
3799931
3423947
2993964
2516765
1999875
1451445
880125.4
294925.5
302090.9
901508.5
1486709
2048462
2577910
3066703
3507132
3892249
4215985
4473232
4659933
4773148
4811082
4773147
4659933
4473232
4215985
3892249
3507131
3066702
2577909
2048461
1486708
901508.1
302090.7
304491.7
908673.2
1498524
2064743
2598399
3091077
3535006
3923186
4249494
4508785
4696971
4811082
4849321
4811082
4696971
4508785
4249494
3923186
3535005
3091076
2598399
2064743
1498524
908673.6
304491.9
302090.6
901507.8
1486708
2048461
2577910
3066703
3507131
3892249
4215985
4473232
4659933
4773147
4811082
4773148
4659933
4473232
4215985
3892249
3507131
3066702
2577910
2048462
1486709
901508.9
302091.1
294925.3
880125
1451445
1999875
2516765
2993965
3423947
3799932
4115988
4367134
4549409
4659933
4696971
4659933
4549409
4367134
4115988
3799932
3423947
2993965
2516766
1999876
1451447
880126.7
294926.1
283109
844862.4
1393292
1919749
2415930
2874010
3286766
3647686
3951079
4192164
4367134
4473232
4508785
4473232
4367134
4192164
3951079
3647686
3286766
2874011
2415931
1919751
1393294
844864.5
283109.9
266827.9
796275.8
1313167
1809348
2276994
2708731
3097749
3437914
3723861
3951079
4115988
4215985
4249494
4215985
4115988
3951079
3723861
3437914
3097750
2708732
2276995
1809349
1313169
796278.2
266828.9
246338.9
735132.1
1212332
1670412
2102149
2500734
2859880
3173924
3437914
3647686
3799931
3892249
3923186
3892249
3799932
3647686
3437914
3173925
2859881
2500734
2102150
1670414
1212333
735133.7
246339.8
221965
662394.9
1092378
1505134
1894152
2253299
2576909
2859880
3097749
3286765
3423947
3507131
3535005
3507131
3423947
3286766
3097750
2859881
2576909
2253299
1894152
1505134
1092378
662395.5
221965.6
194090.8
579211.4
955197
1316119
1656284
1970328
2253299
2500734
2708731
2874010
2993964
3066702
3091076
3066702
2993965
2874011
2708732
2500734
2253299
1970327
1656282
1316117
955195.9
579210.6
194090.6
163155.5
486893.4
802952.3
1106348
1392295
1656284
1894152
2102149
2276994
2415930
2516765
2577909
2598399
2577910
2516766
2415931
2276995
2102150
1894152
1656282
1392292
1106344
802949.1
486891.1
163154.7
129647.2
386896.7
638044
879128.5
1106348
1316119
1505134
1670413
1809348
1919749
1999875
2048461
2064743
2048462
1999876
1919751
1809349
1670414
1505134
1316117
1106344
879123.7
638039.4
386893.4
129645.9
94094.18
280798.2
463073.2
638044.4
802953
955198.1
1092379
1212332
1313167
1393292
1451445
1486708
1498524
1486709
1451447
1393294
1313169
1212333
1092378
955195.9
802949.1
638039.4
463067.8
280794.1
94092.51
57056.99
170270.7
280798.6
386897.4
486894.3
579212.4
662395.8
735132.7
796276.8
844863.1
880125.4
901508.1
908673.6
901508.9
880126.7
844864.5
796278.2
735133.7
662395.5
579210.6
486891.1
386893.4
280794.1
170267.3
57055.56
19119.66
57057.13
94094.49
129647.7
163156
194091.3
221965.5
246339.3
266828.3
283109.2
294925.5
302090.7
304491.9
302091.1
294926.1
283109.9
266828.9
246339.8
221965.6
194090.6
163154.7
129645.9
94092.51
57055.56
19119
)
;

boundaryField
{
    fixedWalls
    {
        type            zeroGradient;
    }
    frontAndBack
    {
        type            empty;
    }
}


// ************************************************************************* //
