/*--------------------------------*- C++ -*----------------------------------*\
| =========                 |                                                 |
| \\      /  F ield         | OpenFOAM: The Open Source CFD Toolbox           |
|  \\    /   O peration     | Version:  v1906                                 |
|   \\  /    A nd           | Web:      www.OpenFOAM.com                      |
|    \\/     M anipulation  |                                                 |
\*---------------------------------------------------------------------------*/
FoamFile
{
    version     2.0;
    format      ascii;
    class       volScalarField;
    location    "200/neutroRegion";
    object      prec2;
}
// * * * * * * * * * * * * * * * * * * * * * * * * * * * * * * * * * * * * * //

dimensions      [0 -3 0 0 0 0 0];


internalField   nonuniform List<scalar> 
625
(
14213.62
42416.78
69951.21
96382.72
121294.3
144293.1
165016.2
183136.8
198369.2
210473.1
219257.6
224584.3
226369.2
224584.1
219257.2
210472.5
198368.6
183136.4
165016.1
144293.4
121295.2
96383.99
69952.71
42418.04
14214.19
42416.78
126581.6
208750.8
287628.6
361970.4
430603.7
492446.1
546522.1
591978.9
628099.8
654314.9
670211.1
675537.6
670210.6
654313.9
628098.5
591977.6
546521.4
492446.1
430604.8
361972.5
287631.7
208754.6
126584.9
42418.14
69951.21
208750.8
344259.2
474338.9
596938.5
710123.8
812109.9
901288.2
976252.7
1035821
1079053
1105268
1114052
1105267
1079052
1035819
976251.2
901287.3
812109.7
710124.9
596941.2
474342.9
344263.8
208754.9
69952.94
96382.72
287628.6
474338.9
653569.2
822492.8
978444.9
1118966
1241840
1345130
1427206
1486774
1522894
1534998
1522894
1486773
1427204
1345129
1241839
1118966
978445.8
822495.3
653573
474343.2
287632.3
96384.33
121294.3
361970.4
596938.5
822492.8
1035076
1231335
1408176
1562808
1692794
1796083
1871047
1916503
1931735
1916503
1871046
1796082
1692792
1562807
1408175
1231336
1035078
822495.3
596941.7
361973.3
121295.6
144293.1
430603.7
710123.8
978444.9
1231335
1464807
1675177
1859129
2013761
2136635
2225812
2279888
2298008
2279888
2225812
2136634
2013760
1859128
1675176
1464806
1231336
978446.3
710125.7
430605.5
144293.8
165016.2
492446.1
812109.9
1118966
1408176
1675177
1915760
2126130
2302970
2443490
2545475
2607317
2628040
2607317
2545475
2443490
2302969
2126129
1915759
1675176
1408175
1118966
812110.5
492446.9
165016.5
183136.8
546522.1
901288.2
1241840
1562808
1859129
2126130
2359601
2555859
2711810
2824994
2893626
2916625
2893626
2824994
2711810
2555859
2359600
2126129
1859128
1562807
1241840
901287.8
546521.9
183136.7
198369.2
591978.9
976252.7
1345130
1692794
2013761
2302970
2555859
2768441
2937364
3059961
3134302
3159213
3134302
3059961
2937362
2768441
2555858
2302968
2013760
1692792
1345129
976251.5
591978.3
198368.9
210473.1
628099.8
1035821
1427206
1796083
2136635
2443490
2711810
2937364
3116593
3246671
3325548
3351979
3325548
3246671
3116593
2937362
2711810
2443489
2136633
1796082
1427204
1035819
628099
210472.7
219257.6
654314.9
1079053
1486774
1871047
2225812
2545475
2824994
3059961
3246671
3382180
3464348
3491883
3464348
3382180
3246671
3059961
2824994
2545475
2225812
1871046
1486773
1079052
654314.1
219257.3
224584.3
670211.1
1105268
1522894
1916503
2279888
2607317
2893626
3134302
3325548
3464348
3548515
3576717
3548515
3464348
3325548
3134302
2893626
2607316
2279887
1916503
1522893
1105267
670210.8
224584.2
226369.2
675537.6
1114052
1534998
1931735
2298008
2628040
2916625
3159213
3351979
3491883
3576717
3605145
3576717
3491883
3351979
3159213
2916625
2628039
2298008
1931735
1534998
1114052
675537.8
226369.3
224584.1
670210.6
1105267
1522894
1916503
2279888
2607317
2893626
3134302
3325548
3464348
3548515
3576717
3548515
3464348
3325548
3134302
2893626
2607316
2279887
1916503
1522894
1105268
670211.3
224584.4
219257.2
654313.9
1079052
1486773
1871046
2225812
2545475
2824994
3059961
3246671
3382180
3464348
3491883
3464348
3382180
3246671
3059961
2824994
2545475
2225812
1871047
1486774
1079053
654315.2
219257.8
210472.5
628098.5
1035819
1427204
1796082
2136634
2443490
2711810
2937362
3116593
3246671
3325548
3351979
3325548
3246671
3116593
2937362
2711810
2443490
2136634
1796083
1427206
1035821
628100
210473.2
198368.6
591977.6
976251.2
1345129
1692792
2013760
2302969
2555859
2768441
2937362
3059961
3134302
3159213
3134302
3059961
2937362
2768441
2555859
2302969
2013760
1692793
1345130
976252.9
591979.4
198369.4
183136.4
546521.4
901287.3
1241839
1562807
1859128
2126129
2359600
2555858
2711810
2824994
2893626
2916625
2893626
2824994
2711810
2555859
2359600
2126129
1859128
1562807
1241840
901288.5
546522.6
183137.1
165016.1
492446.1
812109.7
1118966
1408175
1675176
1915759
2126129
2302968
2443489
2545475
2607316
2628039
2607316
2545475
2443490
2302969
2126129
1915759
1675176
1408175
1118966
812110
492446.6
165016.5
144293.4
430604.8
710124.9
978445.8
1231336
1464806
1675176
1859128
2013760
2136633
2225812
2279887
2298008
2279887
2225812
2136634
2013760
1859128
1675176
1464806
1231335
978444.6
710124
430604.2
144293.4
121295.2
361972.5
596941.2
822495.3
1035078
1231336
1408175
1562807
1692792
1796082
1871046
1916503
1931735
1916503
1871047
1796083
1692793
1562807
1408175
1231335
1035076
822492.6
596938.8
361970.9
121294.6
96383.99
287631.7
474342.9
653573
822495.3
978446.3
1118966
1241840
1345129
1427204
1486773
1522893
1534998
1522894
1486774
1427206
1345130
1241840
1118966
978444.6
822492.6
653569.4
474339.5
287629.3
96383.01
69952.71
208754.6
344263.8
474343.2
596941.7
710125.7
812110.5
901287.8
976251.5
1035819
1079052
1105267
1114052
1105268
1079053
1035821
976252.9
901288.5
812110
710124
596938.8
474339.5
344259.8
208751.6
69951.47
42418.04
126584.9
208754.9
287632.3
361973.3
430605.5
492446.9
546521.9
591978.3
628099
654314.1
670210.8
675537.8
670211.3
654315.2
628100
591979.4
546522.6
492446.6
430604.2
361970.9
287629.3
208751.6
126582.3
42416.98
14214.19
42418.14
69952.94
96384.33
121295.6
144293.8
165016.5
183136.7
198368.9
210472.7
219257.3
224584.2
226369.3
224584.4
219257.8
210473.2
198369.4
183137.1
165016.5
144293.4
121294.6
96383.01
69951.47
42416.98
14213.69
)
;

boundaryField
{
    fixedWalls
    {
        type            zeroGradient;
    }
    frontAndBack
    {
        type            empty;
    }
}


// ************************************************************************* //
