/*--------------------------------*- C++ -*----------------------------------*\
| =========                 |                                                 |
| \\      /  F ield         | OpenFOAM: The Open Source CFD Toolbox           |
|  \\    /   O peration     | Version:  v1906                                 |
|   \\  /    A nd           | Web:      www.OpenFOAM.com                      |
|    \\/     M anipulation  |                                                 |
\*---------------------------------------------------------------------------*/
FoamFile
{
    version     2.0;
    format      ascii;
    class       volScalarField;
    location    "200/neutroRegion";
    object      TFuel;
}
// * * * * * * * * * * * * * * * * * * * * * * * * * * * * * * * * * * * * * //

dimensions      [0 0 0 1 0 0 0];


internalField   nonuniform List<scalar> 
625
(
601.583
604.7243
607.7913
610.7354
613.5102
616.072
618.3803
620.3987
622.0954
623.4436
624.4221
625.0154
625.2142
625.0154
624.4221
623.4436
622.0953
620.3987
618.3803
616.072
613.5103
610.7355
607.7914
604.7244
601.583
604.7779
614.2573
623.5128
632.3976
640.7715
648.5023
655.4682
661.5593
666.6795
670.7482
673.701
675.4916
676.0916
675.4916
673.701
670.7481
666.6794
661.5592
655.4682
648.5024
640.7717
632.3979
623.5132
614.2576
604.7781
608.0048
623.8826
639.3865
654.2694
668.2964
681.2463
692.9148
703.118
711.6949
718.5103
723.4566
726.456
727.461
726.4559
723.4565
718.5102
711.6948
703.1179
692.9148
681.2464
668.2966
654.2698
639.3869
623.8829
608.005
611.2131
633.4483
655.162
676.0058
695.6509
713.7875
730.1296
744.4193
756.4315
765.9766
772.9041
777.1047
778.5123
777.1047
772.904
765.9765
756.4314
744.4193
730.1296
713.7876
695.6512
676.0061
655.1624
633.4487
611.2133
614.3526
642.8036
670.5904
697.2639
722.4036
745.6127
766.5255
784.8119
800.1838
812.3985
821.2636
826.6391
828.4405
826.6391
821.2635
812.3984
800.1837
784.8119
766.5255
745.6128
722.4037
697.2642
670.5907
642.8039
614.3527
617.3742
651.8009
685.4283
717.7085
748.1324
776.22
801.5285
823.6587
842.2616
857.0438
867.7723
874.2778
876.4578
874.2778
867.7723
857.0438
842.2615
823.6586
801.5285
776.2201
748.1325
717.7087
685.4286
651.8011
617.3743
620.2306
660.2982
699.4418
737.0171
772.4316
805.1266
834.5867
860.347
882.0014
899.2085
911.6968
919.2695
921.807
919.2695
911.6968
899.2085
882.0014
860.3469
834.5866
805.1266
772.4316
737.0172
699.4419
660.2983
620.2307
622.8771
668.1616
712.4097
754.8852
794.9179
831.8766
865.1784
894.2981
918.7764
938.2274
952.3444
960.9045
963.773
960.9044
952.3443
938.2274
918.7764
894.298
865.1783
831.8766
794.9179
754.8852
712.4098
668.1616
622.8772
625.2725
675.267
724.1276
771.0308
815.2368
856.0481
892.8214
924.9766
952.0066
973.4853
989.0737
998.5263
1001.694
998.5263
989.0737
973.4852
952.0066
924.9765
892.8213
856.048
815.2367
771.0308
724.1276
675.267
625.2725
627.3792
681.5024
734.4106
785.1995
833.0676
877.2599
917.0796
951.8986
981.168
1004.426
1021.306
1031.541
1034.971
1031.541
1021.306
1004.426
981.1678
951.8986
917.0795
877.2598
833.0675
785.1994
734.4106
681.5024
627.3792
629.1646
686.7694
743.0966
797.1676
848.1291
895.1773
937.5703
974.6395
1005.8
1030.561
1048.532
1059.429
1063.081
1059.429
1048.532
1030.561
1005.8
974.6395
937.5703
895.1773
848.1291
797.1676
743.0966
686.7693
629.1646
630.6007
690.9849
750.0485
806.7465
860.1839
909.5179
953.9705
992.8406
1025.515
1051.479
1070.323
1081.75
1085.579
1081.75
1070.323
1051.479
1025.515
992.8406
953.9705
909.5179
860.1839
806.7465
750.0486
690.9849
630.6008
631.6654
694.0825
755.1568
813.7851
869.0418
920.0554
966.0214
1006.215
1040.002
1066.85
1086.335
1098.151
1102.11
1098.151
1086.335
1066.85
1040.002
1006.215
966.0214
920.0554
869.0418
813.7851
755.1568
694.0825
631.6655
632.3423
696.0133
758.3407
818.1722
874.563
926.6236
973.533
1014.551
1049.032
1076.431
1096.316
1108.374
1112.415
1108.374
1096.316
1076.431
1049.032
1014.551
973.5329
926.6235
874.563
818.1723
758.3408
696.0134
632.3423
632.621
696.7468
759.5501
819.8388
876.6604
929.1188
976.3866
1017.718
1052.462
1080.071
1100.108
1112.258
1116.329
1112.258
1100.108
1080.071
1052.462
1017.718
976.3866
929.1188
876.6605
819.8389
759.5503
696.747
632.6211
632.4976
696.2716
758.7659
818.7585
875.301
927.5017
974.5373
1015.666
1050.239
1077.712
1097.651
1109.741
1113.793
1109.741
1097.651
1077.712
1050.239
1015.666
974.5373
927.5017
875.3011
818.7586
758.7661
696.2718
632.4976
631.9743
694.595
756.0004
814.9482
870.5061
921.7977
968.0142
1008.427
1042.398
1069.392
1088.984
1100.864
1104.845
1100.864
1088.984
1069.392
1042.398
1008.427
968.0141
921.7976
870.5061
814.9483
756.0006
694.5952
631.9744
631.0598
691.7435
751.2973
808.4682
862.3512
912.0967
956.92
996.1144
1029.062
1055.242
1074.243
1085.765
1089.626
1085.765
1074.243
1055.242
1029.062
996.1143
956.92
912.0967
862.3513
808.4682
751.2974
691.7437
631.0599
629.769
687.7621
744.7306
799.4204
850.9651
898.5517
941.4298
978.9232
1010.441
1035.485
1053.661
1064.683
1068.377
1064.683
1053.661
1035.485
1010.441
978.9232
941.4298
898.5516
850.965
799.4204
744.7306
687.7622
629.7691
628.1225
682.7136
736.4038
787.9475
836.527
881.3762
921.7877
957.1242
986.8285
1010.432
1027.563
1037.951
1041.432
1037.951
1027.563
1010.432
986.8285
957.1242
921.7876
881.3761
836.527
787.9474
736.4038
682.7136
628.1225
626.1467
676.6775
726.4484
774.2306
819.2649
860.841
898.3034
931.0611
958.5977
980.4789
996.3595
1005.989
1009.216
1005.989
996.3595
980.4789
958.5977
931.0611
898.3033
860.8409
819.2647
774.2304
726.4483
676.6774
626.1467
623.8731
669.7491
715.0212
758.4858
799.4507
837.27
871.3472
901.145
926.1933
946.0972
960.5429
969.3024
972.2377
969.3024
960.5429
946.0973
926.1933
901.1449
871.3471
837.2698
799.4505
758.4854
715.021
669.7489
623.8731
621.338
662.0375
702.3024
740.9613
777.397
811.0348
841.3442
867.8474
890.1263
907.8296
920.678
928.4691
931.0798
928.4691
920.6781
907.8296
890.1263
867.8474
841.3442
811.0346
777.3967
740.961
702.3022
662.0373
621.338
618.5817
653.6644
688.4926
721.9335
753.4514
782.549
808.7675
831.6935
850.9653
866.2791
877.3934
884.1329
886.3913
884.1329
877.3935
866.2792
850.9654
831.6935
808.7675
782.5489
753.4511
721.9332
688.4923
653.6643
618.5817
615.6481
644.7622
673.8099
701.7031
727.9924
752.2629
774.132
793.2547
809.3295
822.1028
831.3733
836.9947
838.8784
836.9947
831.3733
822.1028
809.3295
793.2547
774.132
752.2629
727.9923
701.703
673.8098
644.7621
615.6481
)
;

boundaryField
{
    fixedWalls
    {
        type            zeroGradient;
    }
    frontAndBack
    {
        type            empty;
    }
}


// ************************************************************************* //
