/*--------------------------------*- C++ -*----------------------------------*\
| =========                 |                                                 |
| \\      /  F ield         | OpenFOAM: The Open Source CFD Toolbox           |
|  \\    /   O peration     | Version:  2106                                  |
|   \\  /    A nd           | Website:  www.openfoam.com                      |
|    \\/     M anipulation  |                                                 |
\*---------------------------------------------------------------------------*/
FoamFile
{
    version     2.0;
    format      ascii;
    arch        "LSB;label=32;scalar=64";
    class       vectorField;
    location    "constant/fluidRegion/polyMesh";
    object      points;
}
// * * * * * * * * * * * * * * * * * * * * * * * * * * * * * * * * * * * * * //


72
(
(0 0 0)
(0.05 0 0)
(0.1 0 0)
(0 0.0157 0)
(0.05 0.0157 0)
(0.1 0.0157 0)
(0 0 0.0157)
(0.05 0 0.0157)
(0.1 0 0.0157)
(0 0.0157 0.0157)
(0.05 0.0157 0.0157)
(0.1 0.0157 0.0157)
(0.2036666667 0 0)
(0.3073333333 0 0)
(0.411 0 0)
(0.5146666667 0 0)
(0.6183333333 0 0)
(0.722 0 0)
(0.8256666667 0 0)
(0.9293333333 0 0)
(1.033 0 0)
(1.136666667 0 0)
(1.240333333 0 0)
(1.344 0 0)
(1.447666667 0 0)
(1.551333333 0 0)
(1.655 0 0)
(0.2036666667 0.0157 0)
(0.3073333333 0.0157 0)
(0.411 0.0157 0)
(0.5146666667 0.0157 0)
(0.6183333333 0.0157 0)
(0.722 0.0157 0)
(0.8256666667 0.0157 0)
(0.9293333333 0.0157 0)
(1.033 0.0157 0)
(1.136666667 0.0157 0)
(1.240333333 0.0157 0)
(1.344 0.0157 0)
(1.447666667 0.0157 0)
(1.551333333 0.0157 0)
(1.655 0.0157 0)
(0.2036666667 0 0.0157)
(0.3073333333 0 0.0157)
(0.411 0 0.0157)
(0.5146666667 0 0.0157)
(0.6183333333 0 0.0157)
(0.722 0 0.0157)
(0.8256666667 0 0.0157)
(0.9293333333 0 0.0157)
(1.033 0 0.0157)
(1.136666667 0 0.0157)
(1.240333333 0 0.0157)
(1.344 0 0.0157)
(1.447666667 0 0.0157)
(1.551333333 0 0.0157)
(1.655 0 0.0157)
(0.2036666667 0.0157 0.0157)
(0.3073333333 0.0157 0.0157)
(0.411 0.0157 0.0157)
(0.5146666667 0.0157 0.0157)
(0.6183333333 0.0157 0.0157)
(0.722 0.0157 0.0157)
(0.8256666667 0.0157 0.0157)
(0.9293333333 0.0157 0.0157)
(1.033 0.0157 0.0157)
(1.136666667 0.0157 0.0157)
(1.240333333 0.0157 0.0157)
(1.344 0.0157 0.0157)
(1.447666667 0.0157 0.0157)
(1.551333333 0.0157 0.0157)
(1.655 0.0157 0.0157)
)


// ************************************************************************* //
