/*--------------------------------*- C++ -*----------------------------------*\
| =========                 |                                                 |
| \\      /  F ield         | OpenFOAM: The Open Source CFD Toolbox           |
|  \\    /   O peration     | Version:  2412                                  |
|   \\  /    A nd           | Website:  www.openfoam.com                      |
|    \\/     M anipulation  |                                                 |
\*---------------------------------------------------------------------------*/
FoamFile
{
    version     2.0;
    format      ascii;
    arch        "LSB;label=32;scalar=64";
    note        "nPoints:3741  nCells:5831  nFaces:18516  nInternalFaces:10639";
    class       labelList;
    location    "constant/fluidRegion/polyMesh";
    object      neighbour;
}
// * * * * * * * * * * * * * * * * * * * * * * * * * * * * * * * * * * * * * //


10639
(
1
3
6
2791
2
4
7
5
8
4
15
2794
5
16
17
7
9
2797
8
10
11
10
12
2800
11
13
14
13
15
2803
14
16
17
16
2806
17
19
27
33
2809
20
28
34
29
35
22
30
33
2812
23
31
34
32
35
25
27
30
2815
26
28
31
29
32
28
2818
29
31
2821
32
34
2824
35
37
39
45
2827
38
40
46
41
47
40
48
2830
41
49
50
43
45
51
2833
44
46
52
47
53
46
2839
47
49
51
2842
50
52
53
52
2836
53
55
57
69
2845
56
58
70
59
71
58
66
2848
59
67
68
61
63
69
2851
62
64
70
65
71
64
66
2854
65
67
68
67
2857
68
70
2860
71
73
75
84
2863
74
76
85
77
86
76
81
2866
77
82
83
79
81
87
2875
80
82
88
83
89
82
2878
83
85
87
2869
86
88
89
88
2872
89
91
99
105
2881
92
100
106
101
107
94
96
102
2893
95
97
103
98
104
97
99
2884
98
100
101
100
2887
101
103
105
2890
104
106
107
106
2896
107
109
111
117
2899
110
112
118
113
119
112
120
2902
113
121
122
115
120
123
2908
116
121
124
122
125
118
123
2911
119
124
125
121
2905
122
124
2914
125
127
129
135
2917
128
130
136
131
137
130
132
2920
131
133
134
133
138
2923
134
139
140
136
141
2926
137
142
143
139
141
2929
140
142
143
142
2932
143
145
153
156
2941
146
154
157
155
158
148
156
159
2938
149
157
160
158
161
151
153
159
2935
152
154
160
155
161
154
2950
155
157
2944
158
160
2947
161
163
165
168
2953
164
166
169
167
170
166
171
2956
167
172
173
169
174
2959
170
175
176
172
177
2965
173
178
179
175
177
2968
176
178
179
178
2962
179
181
186
195
2971
182
187
196
188
197
184
189
195
2974
185
190
196
191
197
187
192
2980
188
193
194
190
192
2977
191
193
194
193
2986
194
196
2983
197
199
201
210
2989
200
202
211
203
212
202
207
2992
203
208
209
205
207
213
2998
206
208
214
209
215
208
2995
209
211
213
3001
212
214
215
214
3004
215
217
219
225
3007
218
220
226
221
227
220
228
3010
221
229
230
223
228
231
3019
224
229
232
230
233
226
231
3013
227
232
233
229
3016
230
232
3022
233
235
237
249
3025
236
238
250
239
251
238
246
3028
239
247
248
241
243
249
3031
242
244
250
245
251
244
246
3034
245
247
248
247
3037
248
250
3040
251
253
255
267
3043
254
256
268
257
269
256
258
3046
257
259
260
259
261
3049
260
262
263
262
264
3052
263
265
266
265
267
3055
266
268
269
268
3058
269
271
273
276
3061
272
274
277
275
278
274
279
3064
275
280
281
277
282
3067
278
283
284
280
285
3070
281
286
287
283
285
3073
284
286
287
286
3076
287
289
294
297
3079
290
295
298
296
299
292
294
300
3082
293
295
301
296
302
295
3085
296
298
303
3088
299
304
305
301
303
3091
302
304
305
304
3094
305
307
309
318
3097
308
310
319
311
320
310
312
3103
311
313
314
313
321
3109
314
322
323
316
318
321
3106
317
319
322
320
323
319
3100
320
322
3112
323
325
330
336
3115
326
331
337
332
338
328
330
339
3118
329
331
340
332
341
331
3121
332
334
336
339
3124
335
337
340
338
341
337
3127
338
340
3130
341
343
351
354
3133
344
352
355
353
356
346
348
351
3136
347
349
352
350
353
349
357
3139
350
358
359
352
3142
353
355
357
3145
356
358
359
358
3148
359
361
363
372
3160
362
364
373
365
374
364
369
3163
365
370
371
367
372
375
3157
368
373
376
374
377
370
375
3166
371
376
377
373
3151
374
376
3154
377
379
381
384
3184
380
382
385
383
386
382
390
3181
383
391
392
385
387
3178
386
388
389
388
393
3175
389
394
395
391
393
3172
392
394
395
394
3169
395
397
403
406
3190
398
404
407
405
408
400
401
409
3193
402
410
402
406
3202
407
404
409
3187
405
410
411
407
3196
408
410
3199
411
413
417
425
3214
414
418
426
427
416
417
419
3205
418
420
418
3220
420
422
3211
421
423
424
423
425
3208
424
426
427
426
3217
427
429
431
437
3223
430
432
438
433
439
432
434
3226
433
435
436
435
443
3229
436
444
445
438
440
3232
439
441
442
441
443
3235
442
444
445
444
3238
445
447
455
461
3250
448
456
462
457
463
450
452
458
3241
451
453
459
454
460
453
455
3247
454
456
457
456
3256
457
459
461
3244
460
462
463
462
3253
463
465
467
470
3265
466
468
471
469
472
468
473
3268
469
474
475
471
476
3262
472
477
478
474
479
3274
475
480
481
477
479
3271
478
480
481
480
3259
481
483
485
488
3277
484
486
489
487
490
486
494
3280
487
495
496
489
497
3283
490
498
499
492
494
497
3286
493
495
498
496
499
495
3289
496
498
3292
499
501
503
506
3295
502
504
507
505
508
504
509
3298
505
510
511
507
512
3301
508
513
514
510
515
3304
511
516
517
513
515
3307
514
516
517
516
3310
517
519
520
525
3313
521
526
521
522
3316
523
523
531
3319
524
532
533
526
528
3322
527
529
530
529
531
3325
530
532
533
532
3328
533
535
543
546
3337
536
544
547
545
548
538
540
543
3334
539
541
544
542
545
541
549
3343
542
550
551
544
3331
545
547
549
3340
548
550
551
550
3346
551
553
561
567
3352
554
562
568
563
569
556
558
561
3355
557
559
562
560
563
559
564
3361
560
565
566
562
3349
563
565
567
3364
566
568
569
568
3358
569
571
573
576
3367
572
574
577
575
578
574
582
3370
575
583
584
577
579
3373
578
580
581
580
585
3376
581
586
587
583
585
3382
584
586
587
586
3379
587
589
591
597
3391
590
592
598
593
599
592
594
3400
593
595
596
595
603
3397
596
604
605
598
600
3385
599
601
602
601
603
3388
602
604
605
604
3394
605
607
612
618
3406
608
613
619
614
620
610
612
615
3415
611
613
616
614
617
613
3403
614
616
621
3418
617
622
623
619
621
3409
620
622
623
622
3412
623
625
635
638
3424
636
639
627
629
635
3427
628
630
636
631
637
630
632
3430
631
633
634
633
638
3433
634
639
636
3421
637
639
3436
641
643
646
3454
642
644
647
645
648
644
649
3451
645
650
651
647
652
3448
648
653
654
650
655
3445
651
656
657
653
655
3439
654
656
657
656
3442
657
659
661
673
3457
660
662
674
663
675
662
667
3460
663
668
669
665
667
670
3463
666
668
671
669
672
668
3466
669
671
673
3469
672
674
675
674
3472
675
677
679
682
3490
678
680
683
681
684
680
688
3487
681
689
690
683
691
3484
684
692
693
686
688
691
3475
687
689
692
690
693
689
3481
690
692
3478
693
695
697
703
3502
696
698
704
699
705
698
706
3499
699
707
708
701
703
709
3496
702
704
710
705
711
704
3493
705
707
709
3505
708
710
711
710
3508
711
713
716
720
3511
717
721
715
718
720
3514
719
721
717
722
3517
723
719
722
3520
723
721
3523
723
3526
725
728
730
3529
729
731
727
728
734
3532
729
735
729
3535
731
732
3538
733
733
734
3541
735
735
3544
737
739
745
3547
738
740
746
741
747
740
742
3550
741
743
744
743
751
3556
744
752
753
746
748
3553
747
749
750
749
751
3559
750
752
753
752
3562
753
755
757
760
3571
756
758
761
759
762
758
763
3574
759
764
765
761
766
3577
762
767
768
764
769
3580
765
770
771
767
769
3565
768
770
771
770
3568
771
773
775
778
3598
774
776
779
777
780
776
784
3586
777
785
786
779
787
3595
780
788
789
782
784
787
3583
783
785
788
786
789
785
3589
786
788
3592
789
791
799
802
3601
792
800
803
801
804
794
802
805
3604
795
803
806
804
807
797
799
805
3610
798
800
806
801
807
800
3607
801
803
3613
804
806
3616
807
809
810
812
3619
811
813
811
815
3622
816
813
817
3625
814
818
819
816
820
3628
821
818
820
3631
819
821
821
3634
823
824
826
3637
825
827
825
828
3640
829
827
830
3643
831
829
832
3646
833
831
832
3649
833
833
3652
835
837
843
3655
836
838
844
839
845
838
846
3658
839
847
848
841
843
849
3661
842
844
850
845
851
844
3664
845
847
849
3667
848
850
851
850
3670
851
853
858
864
3676
854
859
865
860
866
856
861
867
3673
857
862
868
863
869
859
861
3688
860
862
863
862
3679
863
865
867
3682
866
868
869
868
3685
869
871
873
879
3694
872
874
880
875
881
874
876
3691
875
877
878
877
885
3697
878
886
887
880
882
3703
881
883
884
883
885
3706
884
886
887
886
3700
887
889
891
894
3709
890
892
895
893
896
892
900
3712
893
901
902
895
897
3715
896
898
899
898
903
3718
899
904
905
901
903
3721
902
904
905
904
3724
905
907
909
912
3727
908
910
913
911
914
910
918
3730
911
919
920
913
921
3733
914
922
923
916
918
921
3736
917
919
922
920
923
919
3739
920
922
3742
923
925
926
930
3745
927
931
927
932
3748
933
929
932
934
3751
933
935
931
934
3754
935
933
3757
935
3760
937
942
948
3763
938
943
949
944
950
940
945
951
3766
941
946
952
947
953
943
945
3769
944
946
947
946
3772
947
949
951
3775
950
952
953
952
3778
953
955
957
963
3781
956
958
964
959
965
958
960
3790
959
961
962
961
966
3787
962
967
968
964
969
3784
965
970
971
967
969
3796
968
970
971
970
3793
971
973
981
984
3799
974
982
985
983
986
976
978
981
3802
977
979
982
980
983
979
987
3805
980
988
989
982
3808
983
985
987
3811
986
988
989
988
3814
989
991
993
996
3817
992
994
997
995
998
994
999
3823
995
1000
1001
997
1002
3820
998
1003
1004
1000
1005
3826
1001
1006
1007
1003
1005
3829
1004
1006
1007
1006
3832
1007
1009
1014
1017
3847
1010
1015
1018
1016
1019
1012
1014
1023
3844
1013
1015
1024
1016
1025
1015
3850
1016
1018
1020
3838
1019
1021
1022
1021
1023
3835
1022
1024
1025
1024
3841
1025
1027
1028
1030
3853
1029
1031
1029
1034
3856
1035
1031
1032
3859
1033
1033
1036
3862
1037
1035
1036
3865
1037
1037
3868
1039
1041
1047
3886
1040
1042
1048
1043
1049
1042
1044
3880
1043
1045
1046
1045
1052
3874
1046
1053
1054
1048
1050
3883
1049
1051
1051
1052
3877
1053
1053
3871
1054
1056
1064
1067
3892
1057
1065
1068
1066
1069
1059
1064
1070
3895
1060
1065
1071
1066
1072
1062
1067
1070
3898
1063
1068
1071
1069
1072
1065
3889
1066
1068
3901
1069
1071
3904
1072
1074
1076
1079
3907
1075
1077
1080
1078
1081
1077
1088
3916
1078
1089
1090
1080
1085
3910
1081
1086
1087
1083
1085
1088
3919
1084
1086
1089
1087
1090
1086
3913
1087
1089
3922
1090
1092
1100
1106
3934
1093
1101
1107
1102
1108
1095
1097
1100
3925
1096
1098
1101
1099
1102
1098
1103
3928
1099
1104
1105
1101
3931
1102
1104
1106
3937
1105
1107
1108
1107
3940
1108
1110
1111
1113
3943
1112
1114
1112
1117
3946
1118
1114
1115
3949
1116
1116
1119
3952
1120
1118
1119
3955
1120
1120
3958
1122
1123
1125
3961
1124
1126
1124
1127
3964
1128
1126
1129
3967
1130
1128
1131
3970
1132
1130
1131
3973
1132
1132
3976
1134
1136
1145
3985
1135
1137
1146
1138
1147
1137
1139
3979
1138
1140
1141
1140
1148
3982
1141
1149
1150
1143
1145
1148
3991
1144
1146
1149
1147
1150
1146
3994
1147
1149
3988
1150
1152
1154
1163
4000
1153
1155
1164
1156
1165
1155
1160
3997
1156
1161
1162
1158
1160
1166
4009
1159
1161
1167
1162
1168
1161
4012
1162
1164
1166
4003
1165
1167
1168
1167
4006
1168
1170
1172
1181
4024
1171
1173
1182
1174
1183
1173
1178
4030
1174
1179
1180
1176
1178
1184
4015
1177
1179
1185
1180
1186
1179
4018
1180
1182
1184
4021
1183
1185
1186
1185
4027
1186
1188
1190
1193
4036
1189
1191
1194
1192
1195
1191
1196
4033
1192
1197
1198
1194
1202
4045
1195
1203
1204
1197
1199
4039
1198
1200
1201
1200
1202
4042
1201
1203
1204
1203
4048
1204
1206
1209
1215
4051
1210
1216
1208
1213
1215
4054
1214
1216
1210
1211
4057
1212
1212
1213
4060
1214
1214
4063
1216
4066
1218
1221
1227
4069
1222
1228
1220
1223
1227
4075
1224
1228
1222
1225
4078
1226
1224
1225
4081
1226
1226
4084
1228
4072
1230
1235
1244
4087
1231
1236
1245
1237
1246
1233
1235
1238
4090
1234
1236
1239
1237
1240
1236
4096
1237
1239
1241
4093
1240
1242
1243
1242
1244
4099
1243
1245
1246
1245
4102
1246
1248
1250
1256
4105
1249
1251
1257
1252
1258
1251
1253
4111
1252
1254
1255
1254
1259
4108
1255
1260
1261
1257
1262
4114
1258
1263
1264
1260
1262
4117
1261
1263
1264
1263
4120
1264
1266
1268
1280
4123
1267
1269
1281
1270
1282
1269
1271
4126
1270
1272
1273
1272
1274
4129
1273
1275
1276
1275
1277
4132
1276
1278
1279
1278
1280
4135
1279
1281
1282
1281
4138
1282
1284
1286
1292
4141
1285
1287
1293
1288
1294
1287
1289
4144
1288
1290
1291
1290
1295
4147
1291
1296
1297
1293
1298
4150
1294
1299
1300
1296
1298
4153
1297
1299
1300
1299
4156
1300
1302
1303
1308
4162
1304
1309
1304
1310
4171
1311
1306
1308
1312
4159
1307
1309
1313
1314
1309
4174
1311
1312
4168
1313
1313
4165
1314
1316
1317
1321
4177
1318
1322
1318
1319
4180
1320
1320
1325
4183
1326
1322
1323
4186
1324
1324
1325
4189
1326
1326
4192
1328
1330
1336
4195
1329
1331
1337
1332
1338
1331
1333
4198
1332
1334
1335
1334
1339
4201
1335
1340
1341
1337
1342
4204
1338
1343
1344
1340
1342
4207
1341
1343
1344
1343
4210
1344
1346
1351
1357
4213
1347
1352
1358
1353
1359
1349
1354
1360
4219
1350
1355
1361
1356
1362
1352
1360
4216
1353
1361
1362
1355
1357
4222
1356
1358
1359
1358
4225
1359
1361
4228
1362
1364
1366
1372
4243
1365
1367
1373
1368
1374
1367
1369
4231
1368
1370
1371
1370
1375
4237
1371
1376
1377
1373
1378
4246
1374
1379
1380
1376
1378
4234
1377
1379
1380
1379
4240
1380
1382
1384
1387
4249
1383
1385
1388
1386
1389
1385
1390
4252
1386
1391
1392
1388
1393
4255
1389
1394
1395
1391
1396
4258
1392
1397
1398
1394
1396
4261
1395
1397
1398
1397
4264
1398
1400
1402
1405
4270
1401
1403
1406
1404
1407
1403
1411
4279
1404
1412
1413
1406
1408
4267
1407
1409
1410
1409
1414
4273
1410
1415
1416
1412
1414
4282
1413
1415
1416
1415
4276
1416
1418
1419
1425
4285
1420
1426
1420
1421
4288
1422
1422
1423
4294
1424
1424
1427
4300
1428
1426
1427
4291
1428
1428
4297
1430
1432
1435
4303
1431
1433
1436
1434
1437
1433
1444
4306
1434
1445
1446
1436
1438
4309
1437
1439
1440
1439
1441
4312
1440
1442
1443
1442
1444
4315
1443
1445
1446
1445
4318
1446
1448
1450
1456
4321
1449
1451
1457
1452
1458
1451
1462
4327
1452
1463
1464
1454
1459
1462
4336
1455
1460
1463
1461
1464
1457
1459
4324
1458
1460
1461
1460
4333
1461
1463
4330
1464
1466
1468
1474
4342
1467
1469
1475
1470
1476
1469
1477
4354
1470
1478
1479
1472
1474
1480
4339
1473
1475
1481
1476
1482
1475
4345
1476
1478
1480
4348
1479
1481
1482
1481
4351
1482
1484
1486
1489
4372
1485
1487
1490
1488
1491
1487
1498
4366
1488
1499
1500
1490
1495
4369
1491
1496
1497
1493
1495
1498
4357
1494
1496
1499
1497
1500
1496
4360
1497
1499
4363
1500
1502
1510
1513
4375
1503
1511
1514
1512
1515
1505
1513
1516
4378
1506
1514
1517
1515
1518
1508
1510
1516
4381
1509
1511
1517
1512
1518
1511
4384
1512
1514
4387
1515
1517
4390
1518
1520
1521
1525
4393
1522
1526
1522
1527
4396
1528
1524
1527
1529
4399
1528
1530
1526
1529
4402
1530
1528
4405
1530
4408
1532
1533
1535
4414
1534
1536
1534
1539
4420
1540
1536
1537
4411
1538
1538
1541
4417
1542
1540
1541
4426
1542
1542
4423
1544
1546
1549
4429
1545
1547
1550
1548
1551
1547
1555
4432
1548
1556
1557
1550
1558
4435
1551
1559
1560
1553
1555
1558
4438
1554
1556
1559
1557
1560
1556
4441
1557
1559
4444
1560
1562
1567
1570
4450
1563
1568
1571
1569
1572
1565
1567
1576
4453
1566
1568
1577
1569
1578
1568
4447
1569
1571
1573
4456
1572
1574
1575
1574
1576
4459
1575
1577
1578
1577
4462
1578
1580
1588
1591
4465
1581
1589
1592
1590
1593
1583
1585
1588
4468
1584
1586
1589
1587
1590
1586
1594
4474
1587
1595
1596
1589
4471
1590
1592
1594
4477
1593
1595
1596
1595
4480
1596
1598
1601
1603
4483
1602
1604
1600
1605
1607
4486
1606
1608
1602
1605
4492
1606
1604
1607
4495
1608
1606
4498
1608
4489
1610
1611
1615
4504
1612
1616
1612
1613
4501
1614
1614
1617
4510
1618
1616
1619
4507
1620
1618
1619
4513
1620
1620
4516
1622
1624
1630
4519
1623
1625
1631
1626
1632
1625
1627
4522
1626
1628
1629
1628
1636
4525
1629
1637
1638
1631
1633
4528
1632
1634
1635
1634
1636
4531
1635
1637
1638
1637
4534
1638
1640
1642
1645
4537
1641
1643
1646
1644
1647
1643
1648
4540
1644
1649
1650
1646
1651
4543
1647
1652
1653
1649
1654
4546
1650
1655
1656
1652
1654
4549
1653
1655
1656
1655
4552
1656
1658
1660
1663
4561
1659
1661
1664
1662
1665
1661
1666
4558
1662
1667
1668
1664
1672
4567
1665
1673
1674
1667
1669
4555
1668
1670
1671
1670
1672
4564
1671
1673
1674
1673
4570
1674
1676
1678
1684
4573
1677
1679
1685
1680
1686
1679
1681
4576
1680
1682
1683
1682
1687
4579
1683
1688
1689
1685
1690
4582
1686
1691
1692
1688
1690
4585
1689
1691
1692
1691
4588
1692
1694
1695
1697
4606
1696
1698
1696
1699
4600
1700
1698
1701
4603
1702
1700
1703
4597
1704
1702
1703
4594
1704
1704
4591
1706
1707
1709
4609
1708
1710
1708
1711
4612
1712
1710
1713
4615
1714
1712
1715
4618
1716
1714
1715
4624
1716
1716
4621
1718
1720
1726
4633
1719
1721
1727
1722
1728
1721
1723
4630
1722
1724
1725
1724
1729
4627
1725
1730
1731
1727
1732
4639
1728
1733
1734
1730
1732
4636
1731
1733
1734
1733
4642
1734
1736
1738
1741
4657
1737
1739
1742
1740
1743
1739
1750
4654
1740
1751
1752
1742
1747
4648
1743
1748
1749
1745
1747
1750
4651
1746
1748
1751
1749
1752
1748
4645
1749
1751
4660
1752
1754
1759
1765
4666
1755
1760
1766
1761
1767
1757
1762
1765
4675
1758
1763
1766
1764
1767
1760
1768
4663
1761
1769
1770
1763
1768
4672
1764
1769
1770
1766
4678
1767
1769
4669
1770
1772
1774
1777
4681
1773
1775
1778
1776
1779
1775
1780
4684
1776
1781
1782
1778
1786
4687
1779
1787
1788
1781
1783
4690
1782
1784
1785
1784
1786
4693
1785
1787
1788
1787
4696
1788
1790
1791
1795
4711
1792
1796
1792
1793
4714
1794
1794
1799
4708
1800
1796
1797
4702
1798
1798
1799
4699
1800
1800
4705
1802
1803
1809
4717
1804
1810
1804
1805
4726
1806
1806
1811
4732
1812
1808
1809
1811
4720
1810
1812
1810
4723
1812
4729
1814
1816
1819
4735
1815
1817
1820
1818
1821
1817
1822
4738
1818
1823
1824
1820
1828
4741
1821
1829
1830
1823
1825
4744
1824
1826
1827
1826
1828
4747
1827
1829
1830
1829
4750
1830
1832
1837
1843
4753
1833
1838
1844
1839
1845
1835
1837
1846
4756
1836
1838
1847
1839
1848
1838
4759
1839
1841
1843
1846
4762
1842
1844
1847
1845
1848
1844
4765
1845
1847
4768
1848
1850
1852
1861
4771
1851
1853
1862
1854
1863
1853
1855
4774
1854
1856
1857
1856
1864
4777
1857
1865
1866
1859
1861
1864
4780
1860
1862
1865
1863
1866
1862
4783
1863
1865
4786
1866
1868
1873
1876
4789
1869
1874
1877
1875
1878
1871
1876
1879
4792
1872
1877
1880
1878
1881
1874
1882
4795
1875
1883
1884
1877
4798
1878
1880
1882
4801
1881
1883
1884
1883
4804
1884
1886
1887
1892
4807
1888
1893
1888
1889
4810
1890
1890
1896
4813
1891
1897
1898
1893
1894
4816
1895
1895
1896
4819
1897
1897
4822
1898
1900
1907
1909
4825
1908
1910
1902
1905
1907
4828
1906
1908
1904
1905
1909
4831
1906
1910
1906
4834
1908
4837
1910
4840
1912
1914
1917
4855
1913
1915
1918
1916
1919
1915
1920
4858
1916
1921
1922
1918
1926
4849
1919
1927
1928
1921
1923
4852
1922
1924
1925
1924
1926
4846
1925
1927
1928
1927
4843
1928
1930
1932
1935
4861
1931
1933
1936
1934
1937
1933
1938
4864
1934
1939
1940
1936
1941
4867
1937
1942
1943
1939
1944
4870
1940
1945
1946
1942
1944
4873
1943
1945
1946
1945
4876
1946
1948
1950
1953
4891
1949
1951
1954
1952
1955
1951
1956
4882
1952
1957
1958
1954
1959
4894
1955
1960
1961
1957
1962
4885
1958
1963
1964
1960
1962
4888
1961
1963
1964
1963
4879
1964
1966
1971
1977
4909
1967
1972
1978
1973
1979
1969
1971
1974
4897
1970
1972
1975
1973
1976
1972
4900
1973
1975
1980
4903
1976
1981
1982
1978
1980
4906
1979
1981
1982
1981
4912
1982
1984
1986
1995
4921
1985
1987
1996
1988
1997
1987
1989
4927
1988
1990
1991
1990
1998
4930
1991
1999
2000
1993
1995
1998
4915
1994
1996
1999
1997
2000
1996
4918
1997
1999
4924
2000
2002
2005
2011
4933
2006
2012
2004
2007
2011
4936
2008
2012
2006
2009
4939
2010
2008
2009
4942
2010
2010
4945
2012
4948
2014
2015
2017
4951
2016
2018
2016
2023
4954
2024
2018
2019
4957
2020
2020
2021
4966
2022
2022
2023
4960
2024
2024
4963
2026
2028
2037
4984
2027
2029
2038
2030
2039
2029
2034
4981
2030
2035
2036
2032
2037
2040
4969
2033
2038
2041
2039
2042
2035
2040
4975
2036
2041
2042
2038
4972
2039
2041
4978
2042
2044
2052
2055
4987
2045
2053
2056
2054
2057
2047
2049
2052
4990
2048
2050
2053
2051
2054
2050
2058
4993
2051
2059
2060
2053
4996
2054
2056
2058
4999
2057
2059
2060
2059
5002
2060
2062
2067
2070
5008
2063
2068
2071
2069
2072
2065
2067
2073
5011
2066
2068
2074
2069
2075
2068
5005
2069
2071
2076
5014
2072
2077
2078
2074
2076
5017
2075
2077
2078
2077
5020
2078
2080
2082
2088
5023
2081
2083
2089
2084
2090
2083
2091
5026
2084
2092
2093
2086
2091
2094
5029
2087
2092
2095
2093
2096
2089
2094
5032
2090
2095
2096
2092
5035
2093
2095
5038
2096
2098
2099
2103
5041
2100
2104
2100
2101
5044
2102
2102
2105
5047
2106
2104
2107
5050
2108
2106
2107
5053
2108
2108
5056
2110
2113
2115
5059
2114
2116
2112
2117
2119
5074
2118
2120
2114
2119
5062
2120
2116
2117
5065
2118
2118
5071
2120
5068
2122
2130
2133
5077
2123
2131
2134
2132
2135
2125
2133
2136
5080
2126
2134
2137
2135
2138
2128
2130
2136
5083
2129
2131
2137
2132
2138
2131
5086
2132
2134
5089
2135
2137
5092
2138
2140
2148
2151
5095
2141
2149
2152
2150
2153
2143
2148
2154
5098
2144
2149
2155
2150
2156
2146
2151
2154
5101
2147
2152
2155
2153
2156
2149
5104
2150
2152
5107
2153
2155
5110
2156
2158
2160
2163
5113
2159
2161
2164
2162
2165
2161
2166
5116
2162
2167
2168
2164
2172
5119
2165
2173
2174
2167
2169
5122
2168
2170
2171
2170
2172
5125
2171
2173
2174
2173
5128
2174
2176
2177
2179
5131
2178
2180
2178
2181
5134
2182
2180
2183
5137
2184
2182
2185
5140
2186
2184
2185
5143
2186
2186
5146
2188
2189
2191
5158
2190
2192
2190
2197
5149
2198
2192
2193
5155
2194
2194
2195
5161
2196
2196
2197
5152
2198
2198
5164
2200
2202
2208
5170
2201
2203
2209
2204
2210
2203
2211
5176
2204
2212
2213
2206
2211
2214
5173
2207
2212
2215
2213
2216
2209
2214
5179
2210
2215
2216
2212
5182
2213
2215
5167
2216
2218
2220
2223
5185
2219
2221
2224
2222
2225
2221
2229
5188
2222
2230
2231
2224
2232
5191
2225
2233
2234
2227
2229
2232
5194
2228
2230
2233
2231
2234
2230
5197
2231
2233
5200
2234
2236
2238
2241
5212
2237
2239
2242
2240
2243
2239
2250
5206
2240
2251
2252
2242
2247
5218
2243
2248
2249
2245
2247
2250
5203
2246
2248
2251
2249
2252
2248
5215
2249
2251
5209
2252
2254
2256
2259
5230
2255
2257
2260
2258
2261
2257
2262
5221
2258
2263
2264
2260
2265
5233
2261
2266
2267
2263
2268
5224
2264
2269
2270
2266
2268
5236
2267
2269
2270
2269
5227
2270
2272
2273
2281
5242
2274
2282
2274
2277
5248
2278
2276
2277
2279
5254
2278
2280
2278
5251
2280
2281
5239
2282
2282
5245
2284
2285
2289
5257
2286
2290
2286
2287
5260
2288
2288
2291
5263
2292
2290
2293
5266
2294
2292
2293
5269
2294
2294
5272
2296
2298
2301
5275
2297
2299
2302
2300
2303
2299
2307
5278
2300
2308
2309
2302
2304
5281
2303
2305
2306
2305
2310
5284
2306
2311
2312
2308
2310
5287
2309
2311
2312
2311
5290
2312
2314
2316
2328
5296
2315
2317
2329
2318
2330
2317
2322
5302
2318
2323
2324
2320
2322
2325
5305
2321
2323
2326
2324
2327
2323
5308
2324
2326
2328
5299
2327
2329
2330
2329
5293
2330
2332
2334
2337
5311
2333
2335
2338
2336
2339
2335
2343
5314
2336
2344
2345
2338
2340
5317
2339
2341
2342
2341
2346
5320
2342
2347
2348
2344
2346
5323
2345
2347
2348
2347
5326
2348
2350
2361
2364
5338
2351
2362
2365
2363
2366
2353
2355
2358
5329
2354
2356
2359
2357
2360
2356
2361
5332
2357
2362
2363
2359
2364
5335
2360
2365
2366
2362
5341
2363
2365
5344
2366
2368
2369
2371
5347
2370
2372
2370
2373
5353
2374
2372
2375
5350
2376
2374
2377
5362
2378
2376
2377
5356
2378
2378
5359
2380
2381
2383
5371
2382
2384
2382
2385
5365
2386
2384
2387
5380
2388
2386
2389
5368
2390
2388
2389
5377
2390
2390
5374
2392
2397
2400
5383
2393
2398
2401
2399
2402
2395
2403
2406
5386
2396
2404
2407
2405
2408
2398
2403
5389
2399
2404
2405
2401
2406
5392
2402
2407
2408
2404
5395
2405
2407
5398
2408
2410
2412
2421
5401
2411
2413
2422
2414
2423
2413
2415
5404
2414
2416
2417
2416
2424
5410
2417
2425
2426
2419
2421
2424
5407
2420
2422
2425
2423
2426
2422
5413
2423
2425
5416
2426
2428
2430
2433
5422
2429
2431
2434
2432
2435
2431
2436
5419
2432
2437
2438
2434
2439
5428
2435
2440
2441
2437
2442
5425
2438
2443
2444
2440
2442
5431
2441
2443
2444
2443
5434
2444
2446
2448
2454
5437
2447
2449
2455
2450
2456
2449
2457
5440
2450
2458
2459
2452
2457
2460
5443
2453
2458
2461
2459
2462
2455
2460
5446
2456
2461
2462
2458
5449
2459
2461
5452
2462
2464
2465
2469
5455
2466
2470
2466
2467
5458
2468
2468
2473
5461
2474
2470
2471
5464
2472
2472
2473
5467
2474
2474
5470
2476
2477
2481
5473
2478
2482
2478
2479
5476
2480
2480
2483
5479
2484
2482
2485
5482
2486
2484
2485
5485
2486
2486
5488
2488
2490
2496
5491
2489
2491
2497
2492
2498
2491
2499
5494
2492
2500
2501
2494
2499
2502
5497
2495
2500
2503
2501
2504
2497
2502
5500
2498
2503
2504
2500
5503
2501
2503
5506
2504
2506
2511
2514
5509
2507
2512
2515
2513
2516
2509
2511
2520
5512
2510
2512
2521
2513
2522
2512
5515
2513
2515
2517
5518
2516
2518
2519
2518
2520
5521
2519
2521
2522
2521
5524
2522
2524
2532
2535
5539
2525
2533
2536
2534
2537
2527
2529
2535
5527
2528
2530
2536
2531
2537
2530
2538
5536
2531
2539
2540
2533
2538
5533
2534
2539
2540
2536
5530
2537
2539
5542
2540
2542
2544
2553
5548
2543
2545
2554
2546
2555
2545
2547
5545
2546
2548
2549
2548
2550
5551
2549
2551
2552
2551
2556
5557
2552
2557
2558
2554
2556
5554
2555
2557
2558
2557
5560
2558
2560
2566
2568
5569
2567
2569
2562
2568
2570
5566
2569
2571
2564
2566
2570
5572
2565
2567
2571
2572
2567
5575
2569
5578
2571
5563
2572
2574
2579
2581
5581
2580
2582
2576
2581
2583
5587
2582
2584
2578
2579
2583
5590
2580
2584
2580
5593
2582
5584
2584
5596
2586
2587
2589
5602
2588
2590
2588
2593
5599
2594
2590
2591
5605
2592
2592
2595
5608
2596
2594
2595
5611
2596
2596
5614
2598
2600
2603
5620
2599
2601
2604
2602
2605
2601
2609
5617
2602
2610
2611
2604
2612
5629
2605
2613
2614
2607
2609
2612
5626
2608
2610
2613
2611
2614
2610
5623
2611
2613
5632
2614
2616
2621
2627
5641
2617
2622
2628
2623
2629
2619
2621
2624
5638
2620
2622
2625
2623
2626
2622
5635
2623
2625
2630
5647
2626
2631
2632
2628
2630
5650
2629
2631
2632
2631
5644
2632
2634
2639
2642
5653
2635
2640
2643
2641
2644
2637
2639
2645
5656
2638
2640
2646
2641
2647
2640
5659
2641
2643
2648
5662
2644
2649
2650
2646
2648
5665
2647
2649
2650
2649
5668
2650
2652
2654
2657
5686
2653
2655
2658
2656
2659
2655
2663
5677
2656
2664
2665
2658
2666
5683
2659
2667
2668
2661
2663
2666
5671
2662
2664
2667
2665
2668
2664
5674
2665
2667
5680
2668
2670
2671
2673
5689
2672
2674
2672
2677
5695
2678
2674
2679
5692
2680
2676
2677
2679
5698
2678
2680
2678
5701
2680
5704
2682
2685
2689
5707
2686
2690
2684
2685
2687
5710
2686
2688
2686
5713
2688
2691
5716
2692
2690
2691
5719
2692
2692
5722
2694
2699
2708
5740
2695
2700
2709
2701
2710
2697
2702
2705
5725
2698
2703
2706
2704
2707
2700
2702
5737
2701
2703
2704
2703
5731
2704
2706
2708
5728
2707
2709
2710
2709
5734
2710
2712
2717
2723
5743
2713
2718
2724
2719
2725
2715
2717
2720
5746
2716
2718
2721
2719
2722
2718
5749
2719
2721
2726
5752
2722
2727
2728
2724
2726
5755
2725
2727
2728
2727
5758
2728
2730
2732
2738
5767
2731
2733
2739
2734
2740
2733
2735
5764
2734
2736
2737
2736
2744
5770
2737
2745
2746
2739
2741
5773
2740
2742
2743
2742
2744
5761
2743
2745
2746
2745
5776
2746
2748
2750
2756
5779
2749
2751
2757
2752
2758
2751
2753
5782
2752
2754
2755
2754
2759
5785
2755
2760
2761
2757
2762
5788
2758
2763
2764
2760
2762
5791
2761
2763
2764
2763
5794
2764
2766
2767
2771
5797
2768
2772
2768
2769
5800
2770
2770
2773
5803
2774
2772
2775
5806
2776
2774
2775
5809
2776
2776
5812
2778
2781
2783
5818
2782
2784
2780
2785
2787
5815
2786
2788
2782
2787
5830
2788
2784
2785
5821
2786
2786
5824
2788
5827
2790
2792
2795
2791
2793
2796
2794
2797
2793
2804
2794
2805
2806
2796
2798
2797
2799
2800
2799
2801
2800
2802
2803
2802
2804
2803
2805
2806
2805
2806
2808
2816
2822
2809
2817
2823
2818
2824
2811
2819
2822
2812
2820
2823
2821
2824
2814
2816
2819
2815
2817
2820
2818
2821
2817
2818
2820
2821
2823
2824
2826
2828
2837
2827
2829
2838
2830
2839
2829
2840
2830
2841
2842
2832
2834
2837
2833
2835
2838
2836
2839
2835
2840
2836
2841
2842
2838
2839
2841
2842
2844
2846
2858
2845
2847
2859
2848
2860
2847
2855
2848
2856
2857
2850
2852
2858
2851
2853
2859
2854
2860
2853
2855
2854
2856
2857
2856
2857
2859
2860
2862
2864
2867
2863
2865
2868
2866
2869
2865
2876
2866
2877
2878
2868
2870
2869
2871
2872
2871
2873
2872
2874
2875
2874
2876
2875
2877
2878
2877
2878
2880
2885
2894
2881
2886
2895
2887
2896
2883
2885
2891
2884
2886
2892
2887
2893
2886
2887
2889
2891
2894
2890
2892
2895
2893
2896
2892
2893
2895
2896
2898
2900
2909
2899
2901
2910
2902
2911
2901
2903
2902
2904
2905
2904
2906
2905
2907
2908
2907
2912
2908
2913
2914
2910
2912
2911
2913
2914
2913
2914
2916
2918
2924
2917
2919
2925
2920
2926
2919
2921
2920
2922
2923
2922
2927
2923
2928
2929
2925
2930
2926
2931
2932
2928
2930
2929
2931
2932
2931
2932
2934
2945
2948
2935
2946
2949
2947
2950
2937
2942
2945
2938
2943
2946
2944
2947
2940
2942
2948
2941
2943
2949
2944
2950
2943
2944
2946
2947
2949
2950
2952
2954
2957
2953
2955
2958
2956
2959
2955
2963
2956
2964
2965
2958
2966
2959
2967
2968
2961
2963
2966
2962
2964
2967
2965
2968
2964
2965
2967
2968
2970
2978
2981
2971
2979
2982
2980
2983
2973
2975
2981
2974
2976
2982
2977
2983
2976
2984
2977
2985
2986
2979
2984
2980
2985
2986
2982
2983
2985
2986
2988
2990
2999
2989
2991
3000
2992
3001
2991
2993
2992
2994
2995
2994
2996
2995
2997
2998
2997
3002
2998
3003
3004
3000
3002
3001
3003
3004
3003
3004
3006
3008
3011
3007
3009
3012
3010
3013
3009
3014
3010
3015
3016
3012
3020
3013
3021
3022
3015
3017
3016
3018
3019
3018
3020
3019
3021
3022
3021
3022
3024
3026
3038
3025
3027
3039
3028
3040
3027
3035
3028
3036
3037
3030
3032
3038
3031
3033
3039
3034
3040
3033
3035
3034
3036
3037
3036
3037
3039
3040
3042
3044
3056
3043
3045
3057
3046
3058
3045
3047
3046
3048
3049
3048
3050
3049
3051
3052
3051
3053
3052
3054
3055
3054
3056
3055
3057
3058
3057
3058
3060
3062
3065
3061
3063
3066
3064
3067
3063
3068
3064
3069
3070
3066
3071
3067
3072
3073
3069
3074
3070
3075
3076
3072
3074
3073
3075
3076
3075
3076
3078
3083
3086
3079
3084
3087
3085
3088
3081
3083
3089
3082
3084
3090
3085
3091
3084
3085
3087
3092
3088
3093
3094
3090
3092
3091
3093
3094
3093
3094
3096
3098
3101
3097
3099
3102
3100
3103
3099
3104
3100
3105
3106
3102
3107
3103
3108
3109
3105
3110
3106
3111
3112
3108
3110
3109
3111
3112
3111
3112
3114
3119
3125
3115
3120
3126
3121
3127
3117
3119
3128
3118
3120
3129
3121
3130
3120
3121
3123
3125
3128
3124
3126
3129
3127
3130
3126
3127
3129
3130
3132
3140
3143
3133
3141
3144
3142
3145
3135
3137
3140
3136
3138
3141
3139
3142
3138
3146
3139
3147
3148
3141
3142
3144
3146
3145
3147
3148
3147
3148
3150
3155
3158
3151
3156
3159
3157
3160
3153
3155
3164
3154
3156
3165
3157
3166
3156
3157
3159
3161
3160
3162
3163
3162
3164
3163
3165
3166
3165
3166
3168
3170
3173
3169
3171
3174
3172
3175
3171
3179
3172
3180
3181
3174
3176
3175
3177
3178
3177
3182
3178
3183
3184
3180
3182
3181
3183
3184
3183
3184
3186
3188
3197
3187
3189
3198
3190
3199
3189
3194
3190
3195
3196
3192
3197
3200
3193
3198
3201
3199
3202
3195
3200
3196
3201
3202
3198
3199
3201
3202
3204
3209
3218
3205
3210
3219
3211
3220
3207
3209
3215
3208
3210
3216
3211
3217
3210
3211
3213
3215
3218
3214
3216
3219
3217
3220
3216
3217
3219
3220
3222
3224
3230
3223
3225
3231
3226
3232
3225
3227
3226
3228
3229
3228
3236
3229
3237
3238
3231
3233
3232
3234
3235
3234
3236
3235
3237
3238
3237
3238
3240
3242
3245
3241
3243
3246
3244
3247
3243
3251
3244
3252
3253
3246
3254
3247
3255
3256
3249
3251
3254
3250
3252
3255
3253
3256
3252
3253
3255
3256
3258
3269
3272
3259
3270
3273
3271
3274
3261
3263
3269
3262
3264
3270
3265
3271
3264
3266
3265
3267
3268
3267
3272
3268
3273
3274
3270
3271
3273
3274
3276
3278
3281
3277
3279
3282
3280
3283
3279
3287
3280
3288
3289
3282
3290
3283
3291
3292
3285
3287
3290
3286
3288
3291
3289
3292
3288
3289
3291
3292
3294
3296
3299
3295
3297
3300
3298
3301
3297
3302
3298
3303
3304
3300
3305
3301
3306
3307
3303
3308
3304
3309
3310
3306
3308
3307
3309
3310
3309
3310
3312
3314
3320
3313
3315
3321
3316
3322
3315
3317
3316
3318
3319
3318
3326
3319
3327
3328
3321
3323
3322
3324
3325
3324
3326
3325
3327
3328
3327
3328
3330
3332
3335
3331
3333
3336
3334
3337
3333
3341
3334
3342
3343
3336
3338
3337
3339
3340
3339
3344
3340
3345
3346
3342
3344
3343
3345
3346
3345
3346
3348
3350
3353
3349
3351
3354
3352
3355
3351
3356
3352
3357
3358
3354
3359
3355
3360
3361
3357
3362
3358
3363
3364
3360
3362
3361
3363
3364
3363
3364
3366
3368
3371
3367
3369
3372
3370
3373
3369
3380
3370
3381
3382
3372
3374
3373
3375
3376
3375
3377
3376
3378
3379
3378
3380
3379
3381
3382
3381
3382
3384
3386
3389
3385
3387
3390
3388
3391
3387
3392
3388
3393
3394
3390
3398
3391
3399
3400
3393
3395
3394
3396
3397
3396
3398
3397
3399
3400
3399
3400
3402
3404
3413
3403
3405
3414
3406
3415
3405
3407
3406
3408
3409
3408
3410
3409
3411
3412
3411
3416
3412
3417
3418
3414
3416
3415
3417
3418
3417
3418
3420
3422
3425
3421
3423
3426
3424
3427
3423
3434
3424
3435
3436
3426
3428
3427
3429
3430
3429
3431
3430
3432
3433
3432
3434
3433
3435
3436
3435
3436
3438
3440
3446
3439
3441
3447
3442
3448
3441
3443
3442
3444
3445
3444
3449
3445
3450
3451
3447
3452
3448
3453
3454
3450
3452
3451
3453
3454
3453
3454
3456
3458
3470
3457
3459
3471
3460
3472
3459
3464
3460
3465
3466
3462
3464
3467
3463
3465
3468
3466
3469
3465
3466
3468
3470
3469
3471
3472
3471
3472
3474
3476
3479
3475
3477
3480
3478
3481
3477
3482
3478
3483
3484
3480
3485
3481
3486
3487
3483
3488
3484
3489
3490
3486
3488
3487
3489
3490
3489
3490
3492
3494
3500
3493
3495
3501
3496
3502
3495
3506
3496
3507
3508
3498
3500
3503
3499
3501
3504
3502
3505
3501
3502
3504
3506
3505
3507
3508
3507
3508
3510
3515
3521
3511
3516
3522
3517
3523
3513
3518
3521
3514
3519
3522
3520
3523
3516
3524
3517
3525
3526
3519
3524
3520
3525
3526
3522
3523
3525
3526
3528
3533
3536
3529
3534
3537
3535
3538
3531
3533
3542
3532
3534
3543
3535
3544
3534
3535
3537
3539
3538
3540
3541
3540
3542
3541
3543
3544
3543
3544
3546
3548
3551
3547
3549
3552
3550
3553
3549
3554
3550
3555
3556
3552
3557
3553
3558
3559
3555
3560
3556
3561
3562
3558
3560
3559
3561
3562
3561
3562
3564
3566
3575
3565
3567
3576
3568
3577
3567
3578
3568
3579
3580
3570
3572
3575
3571
3573
3576
3574
3577
3573
3578
3574
3579
3580
3576
3577
3579
3580
3582
3587
3590
3583
3588
3591
3589
3592
3585
3587
3596
3586
3588
3597
3589
3598
3588
3589
3591
3593
3592
3594
3595
3594
3596
3595
3597
3598
3597
3598
3600
3605
3611
3601
3606
3612
3607
3613
3603
3611
3614
3604
3612
3615
3613
3616
3606
3608
3607
3609
3610
3609
3614
3610
3615
3616
3612
3613
3615
3616
3618
3620
3623
3619
3621
3624
3622
3625
3621
3626
3622
3627
3628
3624
3629
3625
3630
3631
3627
3632
3628
3633
3634
3630
3632
3631
3633
3634
3633
3634
3636
3638
3641
3637
3639
3642
3640
3643
3639
3644
3640
3645
3646
3642
3647
3643
3648
3649
3645
3650
3646
3651
3652
3648
3650
3649
3651
3652
3651
3652
3654
3656
3662
3655
3657
3663
3658
3664
3657
3665
3658
3666
3667
3660
3662
3668
3661
3663
3669
3664
3670
3663
3664
3666
3668
3667
3669
3670
3669
3670
3672
3677
3683
3673
3678
3684
3679
3685
3675
3680
3686
3676
3681
3687
3682
3688
3678
3686
3679
3687
3688
3681
3683
3682
3684
3685
3684
3685
3687
3688
3690
3692
3695
3691
3693
3696
3694
3697
3693
3701
3694
3702
3703
3696
3698
3697
3699
3700
3699
3704
3700
3705
3706
3702
3704
3703
3705
3706
3705
3706
3708
3710
3713
3709
3711
3714
3712
3715
3711
3719
3712
3720
3721
3714
3716
3715
3717
3718
3717
3722
3718
3723
3724
3720
3722
3721
3723
3724
3723
3724
3726
3728
3731
3727
3729
3732
3730
3733
3729
3737
3730
3738
3739
3732
3740
3733
3741
3742
3735
3737
3740
3736
3738
3741
3739
3742
3738
3739
3741
3742
3744
3746
3752
3745
3747
3753
3748
3754
3747
3755
3748
3756
3757
3750
3755
3758
3751
3756
3759
3757
3760
3753
3758
3754
3759
3760
3756
3757
3759
3760
3762
3767
3773
3763
3768
3774
3769
3775
3765
3770
3776
3766
3771
3777
3772
3778
3768
3770
3769
3771
3772
3771
3772
3774
3776
3775
3777
3778
3777
3778
3780
3782
3788
3781
3783
3789
3784
3790
3783
3791
3784
3792
3793
3786
3788
3794
3787
3789
3795
3790
3796
3789
3790
3792
3794
3793
3795
3796
3795
3796
3798
3806
3809
3799
3807
3810
3808
3811
3801
3803
3806
3802
3804
3807
3805
3808
3804
3812
3805
3813
3814
3807
3808
3810
3812
3811
3813
3814
3813
3814
3816
3818
3821
3817
3819
3822
3820
3823
3819
3827
3820
3828
3829
3822
3824
3823
3825
3826
3825
3830
3826
3831
3832
3828
3830
3829
3831
3832
3831
3832
3834
3836
3839
3835
3837
3840
3838
3841
3837
3845
3838
3846
3847
3840
3842
3841
3843
3844
3843
3848
3844
3849
3850
3846
3848
3847
3849
3850
3849
3850
3852
3854
3857
3853
3855
3858
3856
3859
3855
3863
3856
3864
3865
3858
3860
3859
3861
3862
3861
3866
3862
3867
3868
3864
3866
3865
3867
3868
3867
3868
3870
3872
3875
3871
3873
3876
3874
3877
3873
3878
3874
3879
3880
3876
3881
3877
3882
3883
3879
3884
3880
3885
3886
3882
3884
3883
3885
3886
3885
3886
3888
3890
3893
3889
3891
3894
3892
3895
3891
3899
3892
3900
3901
3894
3902
3895
3903
3904
3897
3899
3902
3898
3900
3903
3901
3904
3900
3901
3903
3904
3906
3908
3914
3907
3909
3915
3910
3916
3909
3911
3910
3912
3913
3912
3917
3913
3918
3919
3915
3920
3916
3921
3922
3918
3920
3919
3921
3922
3921
3922
3924
3926
3929
3925
3927
3930
3928
3931
3927
3935
3928
3936
3937
3930
3932
3931
3933
3934
3933
3938
3934
3939
3940
3936
3938
3937
3939
3940
3939
3940
3942
3944
3947
3943
3945
3948
3946
3949
3945
3953
3946
3954
3955
3948
3950
3949
3951
3952
3951
3956
3952
3957
3958
3954
3956
3955
3957
3958
3957
3958
3960
3962
3965
3961
3963
3966
3964
3967
3963
3968
3964
3969
3970
3966
3971
3967
3972
3973
3969
3974
3970
3975
3976
3972
3974
3973
3975
3976
3975
3976
3978
3980
3983
3979
3981
3984
3982
3985
3981
3986
3982
3987
3988
3984
3992
3985
3993
3994
3987
3989
3988
3990
3991
3990
3992
3991
3993
3994
3993
3994
3996
3998
4010
3997
3999
4011
4000
4012
3999
4001
4000
4002
4003
4002
4004
4003
4005
4006
4005
4007
4006
4008
4009
4008
4010
4009
4011
4012
4011
4012
4014
4016
4025
4015
4017
4026
4018
4027
4017
4028
4018
4029
4030
4020
4022
4025
4021
4023
4026
4024
4027
4023
4028
4024
4029
4030
4026
4027
4029
4030
4032
4034
4037
4033
4035
4038
4036
4039
4035
4043
4036
4044
4045
4038
4040
4039
4041
4042
4041
4046
4042
4047
4048
4044
4046
4045
4047
4048
4047
4048
4050
4055
4064
4051
4056
4065
4057
4066
4053
4061
4064
4054
4062
4065
4063
4066
4056
4058
4057
4059
4060
4059
4061
4060
4062
4063
4062
4063
4065
4066
4068
4070
4076
4069
4071
4077
4072
4078
4071
4073
4072
4074
4075
4074
4079
4075
4080
4081
4077
4082
4078
4083
4084
4080
4082
4081
4083
4084
4083
4084
4086
4094
4100
4087
4095
4101
4096
4102
4089
4091
4094
4090
4092
4095
4093
4096
4092
4097
4093
4098
4099
4095
4096
4098
4100
4099
4101
4102
4101
4102
4104
4109
4112
4105
4110
4113
4111
4114
4107
4109
4115
4108
4110
4116
4111
4117
4110
4111
4113
4118
4114
4119
4120
4116
4118
4117
4119
4120
4119
4120
4122
4124
4136
4123
4125
4137
4126
4138
4125
4127
4126
4128
4129
4128
4130
4129
4131
4132
4131
4133
4132
4134
4135
4134
4136
4135
4137
4138
4137
4138
4140
4142
4148
4141
4143
4149
4144
4150
4143
4145
4144
4146
4147
4146
4151
4147
4152
4153
4149
4154
4150
4155
4156
4152
4154
4153
4155
4156
4155
4156
4158
4163
4172
4159
4164
4173
4165
4174
4161
4169
4172
4162
4170
4173
4171
4174
4164
4166
4165
4167
4168
4167
4169
4168
4170
4171
4170
4171
4173
4174
4176
4178
4184
4177
4179
4185
4180
4186
4179
4181
4180
4182
4183
4182
4190
4183
4191
4192
4185
4187
4186
4188
4189
4188
4190
4189
4191
4192
4191
4192
4194
4196
4202
4195
4197
4203
4198
4204
4197
4199
4198
4200
4201
4200
4205
4201
4206
4207
4203
4208
4204
4209
4210
4206
4208
4207
4209
4210
4209
4210
4212
4214
4223
4213
4215
4224
4216
4225
4215
4226
4216
4227
4228
4218
4220
4226
4219
4221
4227
4222
4228
4221
4223
4222
4224
4225
4224
4225
4227
4228
4230
4235
4241
4231
4236
4242
4237
4243
4233
4235
4238
4234
4236
4239
4237
4240
4236
4237
4239
4244
4240
4245
4246
4242
4244
4243
4245
4246
4245
4246
4248
4250
4253
4249
4251
4254
4252
4255
4251
4256
4252
4257
4258
4254
4259
4255
4260
4261
4257
4262
4258
4263
4264
4260
4262
4261
4263
4264
4263
4264
4266
4268
4271
4267
4269
4272
4270
4273
4269
4277
4270
4278
4279
4272
4274
4273
4275
4276
4275
4280
4276
4281
4282
4278
4280
4279
4281
4282
4281
4282
4284
4286
4289
4285
4287
4290
4288
4291
4287
4292
4288
4293
4294
4290
4295
4291
4296
4297
4293
4298
4294
4299
4300
4296
4298
4297
4299
4300
4299
4300
4302
4304
4307
4303
4305
4308
4306
4309
4305
4316
4306
4317
4318
4308
4310
4309
4311
4312
4311
4313
4312
4314
4315
4314
4316
4315
4317
4318
4317
4318
4320
4322
4325
4321
4323
4326
4324
4327
4323
4331
4324
4332
4333
4326
4328
4327
4329
4330
4329
4334
4330
4335
4336
4332
4334
4333
4335
4336
4335
4336
4338
4343
4349
4339
4344
4350
4345
4351
4341
4343
4352
4342
4344
4353
4345
4354
4344
4345
4347
4349
4352
4348
4350
4353
4351
4354
4350
4351
4353
4354
4356
4358
4361
4357
4359
4362
4360
4363
4359
4367
4360
4368
4369
4362
4364
4363
4365
4366
4365
4370
4366
4371
4372
4368
4370
4369
4371
4372
4371
4372
4374
4382
4385
4375
4383
4386
4384
4387
4377
4385
4388
4378
4386
4389
4387
4390
4380
4382
4388
4381
4383
4389
4384
4390
4383
4384
4386
4387
4389
4390
4392
4394
4400
4393
4395
4401
4396
4402
4395
4403
4396
4404
4405
4398
4403
4406
4399
4404
4407
4405
4408
4401
4406
4402
4407
4408
4404
4405
4407
4408
4410
4412
4415
4411
4413
4416
4414
4417
4413
4418
4414
4419
4420
4416
4421
4417
4422
4423
4419
4424
4420
4425
4426
4422
4424
4423
4425
4426
4425
4426
4428
4430
4433
4429
4431
4434
4432
4435
4431
4439
4432
4440
4441
4434
4442
4435
4443
4444
4437
4439
4442
4438
4440
4443
4441
4444
4440
4441
4443
4444
4446
4448
4451
4447
4449
4452
4450
4453
4449
4454
4450
4455
4456
4452
4460
4453
4461
4462
4455
4457
4456
4458
4459
4458
4460
4459
4461
4462
4461
4462
4464
4469
4475
4465
4470
4476
4471
4477
4467
4469
4472
4468
4470
4473
4471
4474
4470
4471
4473
4478
4474
4479
4480
4476
4478
4477
4479
4480
4479
4480
4482
4490
4493
4483
4491
4494
4492
4495
4485
4487
4496
4486
4488
4497
4489
4498
4488
4493
4489
4494
4495
4491
4496
4492
4497
4498
4494
4495
4497
4498
4500
4502
4508
4501
4503
4509
4504
4510
4503
4505
4504
4506
4507
4506
4514
4507
4515
4516
4509
4511
4510
4512
4513
4512
4514
4513
4515
4516
4515
4516
4518
4520
4526
4519
4521
4527
4522
4528
4521
4523
4522
4524
4525
4524
4532
4525
4533
4534
4527
4529
4528
4530
4531
4530
4532
4531
4533
4534
4533
4534
4536
4538
4541
4537
4539
4542
4540
4543
4539
4544
4540
4545
4546
4542
4547
4543
4548
4549
4545
4550
4546
4551
4552
4548
4550
4549
4551
4552
4551
4552
4554
4556
4562
4555
4557
4563
4558
4564
4557
4559
4558
4560
4561
4560
4565
4561
4566
4567
4563
4568
4564
4569
4570
4566
4568
4567
4569
4570
4569
4570
4572
4574
4580
4573
4575
4581
4576
4582
4575
4577
4576
4578
4579
4578
4583
4579
4584
4585
4581
4586
4582
4587
4588
4584
4586
4585
4587
4588
4587
4588
4590
4592
4595
4591
4593
4596
4594
4597
4593
4601
4594
4602
4603
4596
4598
4597
4599
4600
4599
4604
4600
4605
4606
4602
4604
4603
4605
4606
4605
4606
4608
4610
4613
4609
4611
4614
4612
4615
4611
4616
4612
4617
4618
4614
4622
4615
4623
4624
4617
4619
4618
4620
4621
4620
4622
4621
4623
4624
4623
4624
4626
4628
4634
4627
4629
4635
4630
4636
4629
4631
4630
4632
4633
4632
4637
4633
4638
4639
4635
4640
4636
4641
4642
4638
4640
4639
4641
4642
4641
4642
4644
4646
4649
4645
4647
4650
4648
4651
4647
4655
4648
4656
4657
4650
4658
4651
4659
4660
4653
4655
4658
4654
4656
4659
4657
4660
4656
4657
4659
4660
4662
4664
4667
4663
4665
4668
4666
4669
4665
4676
4666
4677
4678
4668
4670
4669
4671
4672
4671
4673
4672
4674
4675
4674
4676
4675
4677
4678
4677
4678
4680
4682
4685
4681
4683
4686
4684
4687
4683
4688
4684
4689
4690
4686
4694
4687
4695
4696
4689
4691
4690
4692
4693
4692
4694
4693
4695
4696
4695
4696
4698
4700
4703
4699
4701
4704
4702
4705
4701
4709
4702
4710
4711
4704
4706
4705
4707
4708
4707
4712
4708
4713
4714
4710
4712
4711
4713
4714
4713
4714
4716
4721
4724
4717
4722
4725
4723
4726
4719
4721
4727
4720
4722
4728
4723
4729
4722
4723
4725
4730
4726
4731
4732
4728
4730
4729
4731
4732
4731
4732
4734
4736
4739
4735
4737
4740
4738
4741
4737
4742
4738
4743
4744
4740
4748
4741
4749
4750
4743
4745
4744
4746
4747
4746
4748
4747
4749
4750
4749
4750
4752
4757
4763
4753
4758
4764
4759
4765
4755
4757
4766
4756
4758
4767
4759
4768
4758
4759
4761
4763
4766
4762
4764
4767
4765
4768
4764
4765
4767
4768
4770
4772
4781
4771
4773
4782
4774
4783
4773
4775
4774
4776
4777
4776
4784
4777
4785
4786
4779
4781
4784
4780
4782
4785
4783
4786
4782
4783
4785
4786
4788
4793
4796
4789
4794
4797
4795
4798
4791
4796
4799
4792
4797
4800
4798
4801
4794
4802
4795
4803
4804
4797
4798
4800
4802
4801
4803
4804
4803
4804
4806
4808
4814
4807
4809
4815
4810
4816
4809
4811
4810
4812
4813
4812
4820
4813
4821
4822
4815
4817
4816
4818
4819
4818
4820
4819
4821
4822
4821
4822
4824
4835
4838
4825
4836
4839
4837
4840
4827
4832
4835
4828
4833
4836
4834
4837
4830
4832
4838
4831
4833
4839
4834
4840
4833
4834
4836
4837
4839
4840
4842
4844
4847
4843
4845
4848
4846
4849
4845
4850
4846
4851
4852
4848
4853
4849
4854
4855
4851
4856
4852
4857
4858
4854
4856
4855
4857
4858
4857
4858
4860
4862
4865
4861
4863
4866
4864
4867
4863
4868
4864
4869
4870
4866
4871
4867
4872
4873
4869
4874
4870
4875
4876
4872
4874
4873
4875
4876
4875
4876
4878
4883
4886
4879
4884
4887
4885
4888
4881
4883
4889
4882
4884
4890
4885
4891
4884
4885
4887
4892
4888
4893
4894
4890
4892
4891
4893
4894
4893
4894
4896
4898
4901
4897
4899
4902
4900
4903
4899
4907
4900
4908
4909
4902
4910
4903
4911
4912
4905
4907
4910
4906
4908
4911
4909
4912
4908
4909
4911
4912
4914
4916
4922
4915
4917
4923
4918
4924
4917
4919
4918
4920
4921
4920
4925
4921
4926
4927
4923
4928
4924
4929
4930
4926
4928
4927
4929
4930
4929
4930
4932
4937
4946
4933
4938
4947
4939
4948
4935
4940
4946
4936
4941
4947
4942
4948
4938
4943
4939
4944
4945
4941
4943
4942
4944
4945
4944
4945
4947
4948
4950
4952
4955
4951
4953
4956
4954
4957
4953
4961
4954
4962
4963
4956
4964
4957
4965
4966
4959
4961
4964
4960
4962
4965
4963
4966
4962
4963
4965
4966
4968
4970
4976
4969
4971
4977
4972
4978
4971
4982
4972
4983
4984
4974
4976
4979
4975
4977
4980
4978
4981
4977
4978
4980
4982
4981
4983
4984
4983
4984
4986
4994
4997
4987
4995
4998
4996
4999
4989
4991
4994
4990
4992
4995
4993
4996
4992
5000
4993
5001
5002
4995
4996
4998
5000
4999
5001
5002
5001
5002
5004
5006
5009
5005
5007
5010
5008
5011
5007
5012
5008
5013
5014
5010
5015
5011
5016
5017
5013
5018
5014
5019
5020
5016
5018
5017
5019
5020
5019
5020
5022
5024
5030
5023
5025
5031
5026
5032
5025
5033
5026
5034
5035
5028
5033
5036
5029
5034
5037
5035
5038
5031
5036
5032
5037
5038
5034
5035
5037
5038
5040
5042
5048
5041
5043
5049
5044
5050
5043
5045
5044
5046
5047
5046
5051
5047
5052
5053
5049
5054
5050
5055
5056
5052
5054
5053
5055
5056
5055
5056
5058
5060
5063
5059
5061
5064
5062
5065
5061
5066
5062
5067
5068
5064
5069
5065
5070
5071
5067
5072
5068
5073
5074
5070
5072
5071
5073
5074
5073
5074
5076
5084
5087
5077
5085
5088
5086
5089
5079
5087
5090
5080
5088
5091
5089
5092
5082
5084
5090
5083
5085
5091
5086
5092
5085
5086
5088
5089
5091
5092
5094
5102
5105
5095
5103
5106
5104
5107
5097
5102
5108
5098
5103
5109
5104
5110
5100
5105
5108
5101
5106
5109
5107
5110
5103
5104
5106
5107
5109
5110
5112
5114
5117
5113
5115
5118
5116
5119
5115
5120
5116
5121
5122
5118
5126
5119
5127
5128
5121
5123
5122
5124
5125
5124
5126
5125
5127
5128
5127
5128
5130
5132
5135
5131
5133
5136
5134
5137
5133
5138
5134
5139
5140
5136
5141
5137
5142
5143
5139
5144
5140
5145
5146
5142
5144
5143
5145
5146
5145
5146
5148
5156
5162
5149
5157
5163
5158
5164
5151
5159
5162
5152
5160
5163
5161
5164
5154
5156
5159
5155
5157
5160
5158
5161
5157
5158
5160
5161
5163
5164
5166
5171
5177
5167
5172
5178
5173
5179
5169
5174
5177
5170
5175
5178
5176
5179
5172
5180
5173
5181
5182
5175
5180
5176
5181
5182
5178
5179
5181
5182
5184
5186
5189
5185
5187
5190
5188
5191
5187
5195
5188
5196
5197
5190
5198
5191
5199
5200
5193
5195
5198
5194
5196
5199
5197
5200
5196
5197
5199
5200
5202
5207
5213
5203
5208
5214
5209
5215
5205
5207
5210
5206
5208
5211
5209
5212
5208
5209
5211
5216
5212
5217
5218
5214
5216
5215
5217
5218
5217
5218
5220
5222
5228
5221
5223
5229
5224
5230
5223
5225
5224
5226
5227
5226
5234
5227
5235
5236
5229
5231
5230
5232
5233
5232
5234
5233
5235
5236
5235
5236
5238
5243
5252
5239
5244
5253
5245
5254
5241
5243
5246
5242
5244
5247
5245
5248
5244
5245
5247
5249
5248
5250
5251
5250
5252
5251
5253
5254
5253
5254
5256
5258
5264
5257
5259
5265
5260
5266
5259
5261
5260
5262
5263
5262
5267
5263
5268
5269
5265
5270
5266
5271
5272
5268
5270
5269
5271
5272
5271
5272
5274
5276
5279
5275
5277
5280
5278
5281
5277
5285
5278
5286
5287
5280
5282
5281
5283
5284
5283
5288
5284
5289
5290
5286
5288
5287
5289
5290
5289
5290
5292
5294
5297
5293
5295
5298
5296
5299
5295
5300
5296
5301
5302
5298
5303
5299
5304
5305
5301
5306
5302
5307
5308
5304
5306
5305
5307
5308
5307
5308
5310
5312
5315
5311
5313
5316
5314
5317
5313
5321
5314
5322
5323
5316
5318
5317
5319
5320
5319
5324
5320
5325
5326
5322
5324
5323
5325
5326
5325
5326
5328
5330
5333
5329
5331
5334
5332
5335
5331
5339
5332
5340
5341
5334
5342
5335
5343
5344
5337
5339
5342
5338
5340
5343
5341
5344
5340
5341
5343
5344
5346
5348
5351
5347
5349
5352
5350
5353
5349
5354
5350
5355
5356
5352
5360
5353
5361
5362
5355
5357
5356
5358
5359
5358
5360
5359
5361
5362
5361
5362
5364
5366
5369
5365
5367
5370
5368
5371
5367
5372
5368
5373
5374
5370
5378
5371
5379
5380
5373
5375
5374
5376
5377
5376
5378
5377
5379
5380
5379
5380
5382
5387
5390
5383
5388
5391
5389
5392
5385
5393
5396
5386
5394
5397
5395
5398
5388
5393
5389
5394
5395
5391
5396
5392
5397
5398
5394
5395
5397
5398
5400
5402
5411
5401
5403
5412
5404
5413
5403
5408
5404
5409
5410
5406
5411
5414
5407
5412
5415
5413
5416
5409
5414
5410
5415
5416
5412
5413
5415
5416
5418
5420
5423
5419
5421
5424
5422
5425
5421
5426
5422
5427
5428
5424
5432
5425
5433
5434
5427
5429
5428
5430
5431
5430
5432
5431
5433
5434
5433
5434
5436
5438
5444
5437
5439
5445
5440
5446
5439
5447
5440
5448
5449
5442
5447
5450
5443
5448
5451
5449
5452
5445
5450
5446
5451
5452
5448
5449
5451
5452
5454
5456
5462
5455
5457
5463
5458
5464
5457
5459
5458
5460
5461
5460
5468
5461
5469
5470
5463
5465
5464
5466
5467
5466
5468
5467
5469
5470
5469
5470
5472
5474
5480
5473
5475
5481
5476
5482
5475
5477
5476
5478
5479
5478
5483
5479
5484
5485
5481
5486
5482
5487
5488
5484
5486
5485
5487
5488
5487
5488
5490
5492
5498
5491
5493
5499
5494
5500
5493
5501
5494
5502
5503
5496
5501
5504
5497
5502
5505
5503
5506
5499
5504
5500
5505
5506
5502
5503
5505
5506
5508
5513
5516
5509
5514
5517
5515
5518
5511
5513
5522
5512
5514
5523
5515
5524
5514
5515
5517
5519
5518
5520
5521
5520
5522
5521
5523
5524
5523
5524
5526
5528
5534
5527
5529
5535
5530
5536
5529
5537
5530
5538
5539
5532
5537
5540
5533
5538
5541
5539
5542
5535
5540
5536
5541
5542
5538
5539
5541
5542
5544
5546
5549
5545
5547
5550
5548
5551
5547
5552
5548
5553
5554
5550
5555
5551
5556
5557
5553
5558
5554
5559
5560
5556
5558
5557
5559
5560
5559
5560
5562
5564
5570
5563
5565
5571
5566
5572
5565
5576
5566
5577
5578
5568
5573
5576
5569
5574
5577
5575
5578
5571
5573
5572
5574
5575
5574
5575
5577
5578
5580
5582
5591
5581
5583
5592
5584
5593
5583
5585
5584
5586
5587
5586
5594
5587
5595
5596
5589
5591
5594
5590
5592
5595
5593
5596
5592
5593
5595
5596
5598
5600
5609
5599
5601
5610
5602
5611
5601
5603
5602
5604
5605
5604
5606
5605
5607
5608
5607
5612
5608
5613
5614
5610
5612
5611
5613
5614
5613
5614
5616
5618
5621
5617
5619
5622
5620
5623
5619
5627
5620
5628
5629
5622
5624
5623
5625
5626
5625
5630
5626
5631
5632
5628
5630
5629
5631
5632
5631
5632
5634
5636
5639
5635
5637
5640
5638
5641
5637
5645
5638
5646
5647
5640
5648
5641
5649
5650
5643
5645
5648
5644
5646
5649
5647
5650
5646
5647
5649
5650
5652
5657
5660
5653
5658
5661
5659
5662
5655
5657
5663
5656
5658
5664
5659
5665
5658
5659
5661
5666
5662
5667
5668
5664
5666
5665
5667
5668
5667
5668
5670
5672
5678
5671
5673
5679
5674
5680
5673
5675
5674
5676
5677
5676
5684
5677
5685
5686
5679
5681
5680
5682
5683
5682
5684
5683
5685
5686
5685
5686
5688
5690
5693
5689
5691
5694
5692
5695
5691
5702
5692
5703
5704
5694
5699
5695
5700
5701
5697
5699
5702
5698
5700
5703
5701
5704
5700
5701
5703
5704
5706
5711
5717
5707
5712
5718
5713
5719
5709
5711
5714
5710
5712
5715
5713
5716
5712
5713
5715
5720
5716
5721
5722
5718
5720
5719
5721
5722
5721
5722
5724
5726
5729
5725
5727
5730
5728
5731
5727
5732
5728
5733
5734
5730
5735
5731
5736
5737
5733
5738
5734
5739
5740
5736
5738
5737
5739
5740
5739
5740
5742
5747
5753
5743
5748
5754
5749
5755
5745
5747
5750
5746
5748
5751
5749
5752
5748
5749
5751
5756
5752
5757
5758
5754
5756
5755
5757
5758
5757
5758
5760
5771
5774
5761
5772
5775
5773
5776
5763
5765
5768
5764
5766
5769
5767
5770
5766
5771
5767
5772
5773
5769
5774
5770
5775
5776
5772
5773
5775
5776
5778
5780
5786
5779
5781
5787
5782
5788
5781
5783
5782
5784
5785
5784
5789
5785
5790
5791
5787
5792
5788
5793
5794
5790
5792
5791
5793
5794
5793
5794
5796
5798
5804
5797
5799
5805
5800
5806
5799
5801
5800
5802
5803
5802
5807
5803
5808
5809
5805
5810
5806
5811
5812
5808
5810
5809
5811
5812
5811
5812
5814
5822
5825
5815
5823
5826
5824
5827
5817
5819
5828
5818
5820
5829
5821
5830
5820
5822
5821
5823
5824
5823
5824
5826
5828
5827
5829
5830
5829
5830
)


// ************************************************************************* //
