timePoints 
(  0.0 0.083333 300.08333  600.08333  900.08333);

axialLocations (0.0 0.05 0.1 0.15 0.2 0.25 0.3 0.35 0.4 0.45 0.5 0.55 0.6 0.65 0.7 0.75 0.8 0.85 0.9 0.95 1);

data
(
    (0.026694618 0.032606901 0.043464091 0.062217237 0.098567928 0.948998062 1.097375793 1.233257049 1.350789528 1.443823033 1.511167244 1.54910414  1.560224268 1.539868161 1.491618091 1.416994954 1.318495026 1.200897187 1.079250751 0.994585937  0.994585937)
    (0.026694618 0.032606901 0.043464091 0.062217237 0.098567928 0.948998062 1.097375793 1.233257049 1.350789528 1.443823033 1.511167244 1.54910414  1.560224268 1.539868161 1.491618091 1.416994954 1.318495026 1.200897187 1.079250751 0.994585937 0.994585937)
    (0.079278042 0.08762491  0.109251055 0.145873296 0.19611204  0.968048808 1.111181107 1.238890115 1.340226198 1.425228172 1.483895584 1.516290311 1.520294947 1.498927816 1.450931594 1.376849554 1.279103534 1.166311669 1.044338596 0.961342653 0.961342653)
    (0.129774195 0.140414929 0.172955848 0.225450771 0.288549163 0.987315602 1.1236136   1.244797165 1.334239191 1.410673457 1.463186581 1.48580043  1.485548318 1.459707433 1.410910812 1.334161712 1.235839189 1.129099808 1.010348818 0.927612977 0.927612977)
    (0.178475079 0.192395    0.234819402 0.301435729 0.376233352 1.002903786 1.134221113 1.245686073 1.323845581 1.392635784 1.43870726  1.453704416 1.449612201 1.421299373 1.373233017 1.29761683  1.202120551 1.09955842  0.981034841 0.900462191 0.900462191)
);

axialScalingFactors
(
    1.09090909090909	1.09090909090909	1.09090909090909	1.09090909090909	1.09090909090909	0.96969696969697	0.96969696969697	0.96969696969697	0.96969696969697	0.96969696969697	0.96969696969697	0.96969696969697	0.96969696969697	0.96969696969697	0.96969696969697	0.96969696969697	0.96969696969697	0.96969696969697	0.96969696969697	0.96969696969697 0.96969696969697 
);
