/*--------------------------------*- C++ -*----------------------------------*\
| =========                 |                                                 |
| \\      /  F ield         | OpenFOAM: The Open Source CFD Toolbox           |
|  \\    /   O peration     | Version:  2412                                  |
|   \\  /    A nd           | Website:  www.openfoam.com                      |
|    \\/     M anipulation  |                                                 |
\*---------------------------------------------------------------------------*/
FoamFile
{
    version     2.0;
    format      ascii;
    arch        "LSB;label=32;scalar=64";
    class       volScalarField;
    location    "583.522882481/fuelBehaviourRegion";
    object      DepsilonCreepThEq;
}
// * * * * * * * * * * * * * * * * * * * * * * * * * * * * * * * * * * * * * //

dimensions      [0 0 0 0 0 0 0];

internalField   nonuniform List<scalar> 
4720
(
0
0
0
0
0
0
0
0
0
0
0
0
0
0
0
0
0
0
0
0
0
0
0
0
0
0
0
0
0
0
0
0
0
0
0
0
0
0
0
0
0
0
0
0
0
0
0
0
0
0
0
0
0
0
0
0
0
0
0
0
0
0
0
0
0
0
0
0
0
0
0
0
0
0
0
0
0
0
0
0
0
0
0
0
0
0
0
0
0
0
0
0
0
0
0
0
0
0
0
0
0
0
0
0
0
0
0
0
0
0
0
0
0
0
0
0
0
0
0
0
0
0
0
0
0
0
0
0
0
0
0
0
0
0
0
0
0
0
0
0
0
0
0
0
0
0
0
0
0
0
0
0
0
0
0
0
0
0
0
0
0
0
0
0
0
0
0
0
0
0
0
0
0
0
0
0
0
0
0
0
0
0
0
0
0
0
0
0
0
0
0
0
0
0
0
0
0
0
0
0
0
0
0
0
0
0
0
0
0
0
0
0
0
0
0
0
0
0
0
0
0
0
0
0
0
0
0
0
0
0
0
0
0
0
0
0
0
0
0
0
0
0
0
0
0
0
0
0
0
0
0
0
0
0
0
0
0
0
0
0
0
0
0
0
0
0
0
0
0
0
0
0
0
0
0
0
0
0
0
0
0
0
0
0
0
0
0
0
0
0
0
0
0
0
0
0
0
0
0
0
0
0
0
0
0
0
0
0
0
0
0
0
0
0
0
0
0
0
0
0
0
0
0
0
0
0
0
0
0
0
0
0
0
0
0
0
0
0
0
0
0
0
0
0
0
0
0
0
0
0
0
0
0
0
0
0
0
0
0
0
0
0
0
0
0
0
0
0
0
0
0
0
0
0
0
0
0
0
0
0
0
0
0
0
0
0
0
0
0
0
0
0
0
0
0
0
0
0
0
0
0
0
0
0
0
0
0
0
0
0
0
0
0
0
0
0
0
0
0
0
0
0
0
0
0
0
0
0
0
0
0
0
0
0
0
0
0
0
0
0
0
0
0
0
0
0
0
0
0
0
0
0
0
0
0
0
0
0
0
0
0
0
0
0
0
0
0
0
0
0
0
0
0
0
0
0
0
0
0
0
0
0
0
0
0
0
0
0
0
0
0
0
0
0
0
0
0
0
0
0
0
0
0
0
0
0
0
0
0
0
0
0
0
0
0
0
0
0
0
0
0
0
0
0
0
0
0
0
0
0
0
0
0
0
0
0
0
0
0
0
0
0
0
0
0
0
0
0
0
0
0
0
0
0
0
0
0
0
0
0
0
0
0
0
0
0
0
0
0
0
0
0
0
0
0
0
0
0
0
0
0
0
0
0
0
0
0
0
0
0
0
0
0
0
0
0
0
0
0
0
0
0
0
0
0
0
0
0
0
0
0
0
0
0
0
0
0
0
0
0
0
0
0
0
0
0
0
0
0
0
0
0
0
0
0
0
0
0
0
0
0
0
0
0
0
0
0
0
0
0
0
0
0
0
0
0
0
0
0
0
0
0
0
0
0
0
0
0
0
0
0
0
0
0
0
0
0
0
0
0
0
0
0
0
0
0
0
0
0
0
0
0
0
0
0
0
0
0
0
0
0
0
0
0
0
0
0
0
0
0
0
0
0
0
0
0
0
0
0
0
0
0
0
0
0
0
0
0
0
0
0
0
0
0
0
0
0
0
0
0
0
0
0
0
0
0
0
0
0
0
0
0
0
0
0
0
0
0
0
0
0
0
0
0
0
0
0
0
0
0
0
0
0
0
0
0
0
0
0
0
0
0
0
0
0
0
0
0
0
0
0
0
0
0
0
0
0
0
0
0
0
0
0
0
0
0
0
0
0
0
0
0
0
0
0
0
0
0
0
0
0
0
0
0
0
0
0
0
0
0
0
0
0
0
0
0
0
0
0
0
0
0
0
0
0
0
0
0
0
0
0
0
0
0
0
0
0
0
0
0
0
0
0
0
0
0
0
0
0
0
0
0
0
0
0
0
0
0
0
0
0
0
0
0
0
0
0
0
0
0
0
0
0
0
0
0
0
0
0
0
0
0
0
0
0
0
0
0
0
0
0
0
0
0
0
0
0
0
0
0
0
0
0
0
0
0
0
0
0
0
0
0
0
0
0
0
0
0
0
0
0
0
0
0
0
0
0
0
0
0
0
0
0
0
0
0
0
0
0
0
0
0
0
0
0
0
0
0
0
0
0
0
0
0
0
0
0
0
0
0
0
0
0
0
0
0
0
0
0
0
0
0
0
0
0
0
0
0
0
0
0
0
0
0
0
0
0
0
0
0
0
0
0
0
0
0
0
0
0
0
0
0
0
0
0
0
0
0
0
0
0
0
0
0
0
0
0
0
0
0
0
0
0
0
0
0
0
0
0
0
0
0
0
0
0
0
0
0
0
0
0
0
0
0
0
0
0
0
0
0
0
0
0
0
0
0
0
0
0
0
0
0
0
0
0
0
0
0
0
0
0
0
0
0
0
0
0
0
0
0
0
0
0
0
0
0
0
0
0
0
0
0
0
0
0
0
0
0
0
0
0
0
0
0
0
0
0
0
0
0
0
0
0
0
0
0
0
0
0
0
0
0
0
0
0
0
0
0
0
0
0
0
0
0
0
0
0
0
0
0
0
0
0
0
0
0
0
0
0
0
0
0
0
0
0
0
0
0
0
0
0
0
0
0
0
0
0
0
0
0
0
0
0
0
0
0
0
0
0
0
0
0
0
0
0
0
0
0
0
0
0
0
0
0
0
0
0
0
0
0
0
0
0
0
0
0
0
0
0
0
0
0
0
0
0
0
0
0
0
0
0
0
0
0
0
0
0
0
0
0
0
0
0
0
0
0
0
0
0
0
0
0
0
0
0
0
0
0
0
0
0
0
0
0
0
0
0
0
0
0
0
0
0
0
0
0
0
0
0
0
0
0
0
0
0
0
0
0
0
0
0
0
0
0
0
0
0
0
0
0
0
0
0
0
0
0
0
0
0
0
0
0
0
0
0
0
0
0
0
0
0
0
0
0
0
0
0
0
0
0
0
0
0
0
0
0
0
0
0
0
0
0
0
0
0
0
0
0
0
0
0
0
0
0
0
0
0
0
0
0
0
0
0
0
0
0
0
0
0
0
0
0
0
0
0
0
0
0
0
0
0
0
0
0
0
0
0
0
0
0
0
0
0
0
0
0
0
0
0
0
0
0
0
0
0
0
0
0
0
0
0
0
0
0
0
0
0
0
0
0
0
0
0
0
0
0
0
0
0
0
0
0
0
0
0
0
0
0
0
0
0
0
0
0
0
0
0
0
0
0
0
0
0
0
0
0
0
0
0
0
0
0
0
0
0
0
0
0
0
0
0
0
0
0
0
0
0
0
0
0
0
0
0
0
0
0
0
0
0
0
0
0
0
0
0
0
0
0
0
0
0
0
0
0
0
0
0
0
0
0
0
0
0
0
0
0
0
0
0
0
0
0
0
0
0
0
0
0
0
0
0
0
0
0
0
0
0
0
0
0
0
0
0
0
0
0
0
0
0
0
0
0
0
0
0
0
0
0
0
0
0
0
0
0
0
0
0
0
0
0
0
0
0
0
0
0
0
0
0
0
0
0
0
0
0
0
0
0
0
0
0
0
0
0
0
0
0
0
0
0
0
0
0
0
0
0
0
0
0
0
0
0
0
0
0
0
0
0
0
0
0
0
0
0
0
0
0
0
0
0
0
0
0
0
0
0
0
0
0
0
0
0
0
0
0
0
0
0
0
0
0
0
0
0
0
0
0
0
0
0
0
0
0
0
0
0
0
0
0
0
0
0
0
0
0
0
0
0
0
0
0
0
0
0
0
0
0
0
0
0
0
0
0
0
0
0
0
0
0
0
0
0
0
0
0
0
0
0
0
0
0
0
0
0
0
0
0
0
0
0
0
0
0
0
0
0
0
0
0
0
0
0
0
0
0
0
0
0
0
0
0
0
0
0
0
0
0
0
0
0
0
0
0
0
0
0
0
0
0
0
0
0
0
0
0
0
0
0
0
0
0
0
0
0
0
0
0
0
0
0
0
0
0
0
0
0
0
0
0
0
0
0
0
0
0
0
0
0
0
0
0
0
0
0
0
0
0
0
0
0
0
0
0
0
0
0
0
0
0
0
0
0
0
0
0
0
0
0
0
0
0
0
0
0
0
0
0
0
0
0
0
0
0
0
0
0
0
0
0
0
0
0
0
0
0
0
0
0
0
0
0
0
0
0
0
0
0
0
0
0
0
0
0
0
0
0
0
0
0
0
0
0
0
0
0
0
0
0
0
0
0
0
0
0
0
0
0
0
0
0
0
0
0
0
0
0
0
0
0
0
0
0
0
0
0
0
0
0
0
0
0
0
0
0
0
0
0
0
0
0
0
0
0
0
0
0
0
0
0
0
0
0
0
0
0
0
0
0
0
0
0
0
0
0
0
0
0
0
0
0
0
0
0
0
0
0
0
0
0
0
0
0
0
0
0
0
0
0
0
0
0
0
0
0
0
0
0
0
0
0
0
0
0
0
0
0
0
0
0
0
0
0
0
0
0
0
0
0
0
0
0
0
0
0
0
0
0
0
0
0
0
0
0
0
0
0
0
0
0
0
0
0
0
0
0
0
0
0
0
0
0
0
0
0
0
0
0
0
0
0
0
0
0
0
0
0
0
0
0
0
0
0
0
0
0
0
0
0
0
0
0
0
0
0
0
0
0
0
0
0
0
0
0
0
0
0
0
0
0
0
0
0
0
0
0
0
0
0
0
0
0
0
0
0
0
0
0
0
0
0
0
0
0
0
0
0
0
0
0
0
0
0
0
0
0
0
0
0
0
0
0
0
0
0
0
0
0
0
0
0
0
0
0
0
0
0
0
0
0
0
0
0
0
0
0
0
0
0
0
0
0
0
0
0
0
0
0
0
0
0
0
0
0
0
0
0
0
0
0
0
0
0
0
0
0
0
0
0
0
0
0
0
0
0
0
0
0
0
0
0
0
0
0
0
0
0
0
0
0
0
0
0
0
0
0
0
0
0
0
0
0
0
0
0
0
0
0
0
0
0
0
0
0
0
0
0
0
0
0
0
0
0
0
0
0
0
0
0
0
0
0
0
0
0
0
0
0
0
0
0
0
0
0
0
0
0
0
0
0
0
0
0
0
0
0
0
0
0
0
0
0
0
0
0
0
0
0
0
0
0
0
0
0
0
0
0
0
0
0
0
0
0
0
0
0
0
0
0
0
0
0
0
0
0
0
0
0
0
0
0
0
0
0
0
0
0
0
0
0
0
0
0
0
0
0
0
0
0
0
0
0
0
0
0
0
0
0
0
0
0
0
0
0
0
0
0
0
0
0
0
0
0
0
0
0
0
0
0
0
0
0
0
0
0
0
0
0
0
0
0
0
0
0
0
0
0
0
0
0
0
0
0
0
0
0
0
0
0
0
0
0
0
0
0
0
0
0
0
0
0
0
0
0
0
0
0
0
0
0
0
0
0
0
0
0
0
0
0
0
0
0
0
0
0
0
0
0
0
0
0
0
0
0
0
0
0
0
0
0
0
0
0
0
0
0
0
0
0
0
0
0
0
0
0
0
0
0
0
0
0
0
0
0
0
0
0
0
0
0
0
0
0
0
0
0
0
0
0
0
0
0
0
0
0
0
0
0
0
0
0
0
0
0
0
0
0
0
0
0
0
0
0
0
0
0
0
0
0
0
0
0
0
0
0
0
0
0
0
0
0
0
0
0
0
0
0
0
0
0
0
0
0
0
0
0
0
0
0
0
0
0
0
0
0
0
0
0
0
0
0
0
0
0
0
0
0
0
0
0
0
0
0
0
0
0
0
0
0
0
0
0
0
0
0
0
0
0
0
0
0
0
0
0
0
0
0
0
0
0
0
0
0
0
0
0
0
0
0
0
0
0
0
0
0
0
0
0
0
0
0
0
0
0
0
0
0
0
0
0
0
0
0
0
0
0
0
0
0
0
0
0
0
0
0
0
0
0
0
0
0
0
0
0
0
0
0
0
0
0
0
0
0
0
0
0
0
0
0
0
0
0
0
0
0
0
0
0
0
0
0
0
0
0
0
0
0
0
0
0
0
0
0
0
0
0
0
0
0
0
0
0
0
0
0
0
0
0
0
0
0
0
0
0
0
0
0
0
0
0
0
0
0
0
0
0
0
0
0
0
0
0
0
0
0
0
0
0
0
0
0
0
0
0
0
0
0
0
0
0
0
0
0
0
0
0
0
0
0
0
0
0
0
0
0
0
0
0
0
0
0
0
0
0
0
0
0
0
0
0
0
0
0
0
0
0
0
0
0
0
0
0
0
0
0
0
0
0
0
0
0
0
0
0
0
0
0
0
0
0
0
0
0
0
0
0
0
0
0
0
0
0
0
0
0
0
0
0
0
0
0
0
0
0
0
0
0
0
0
0
0
0
0
0
0
0
0
0
0
0
0
0
0
0
0
0
0
0
0
0
0
0
0
0
0
0
0
0
0
0
0
0
0
0
0
0
0
0
0
0
0
0
0
0
0
0
0
0
0
0
0
0
0
0
0
0
0
0
0
0
0
0
0
0
0
0
0
0
0
0
0
0
0
0
0
0
0
0
0
0
0
0
0
0
0
0
0
0
0
0
0
0
0
0
0
0
0
0
0
0
0
0
0
0
0
0
0
0
0
0
0
0
0
0
0
0
0
0
0
0
0
0
0
0
0
0
0
0
0
0
0
0
0
0
0
0
0
0
0
0
0
0
0
0
0
0
0
0
0
0
0
0
0
0
0
0
0
0
0
0
0
0
0
0
0
0
0
0
0
0
0
0
0
0
0
0
0
0
0
0
0
0
0
0
0
0
0
0
0
0
0
0
0
0
0
0
0
0
0
0
0
0
0
0
0
0
0
0
0
0
0
0
0
0
0
0
0
0
0
0
0
0
0
0
0
0
0
0
0
0
0
0
0
0
0
0
0
0
0
0
0
0
0
0
0
0
0
0
0
0
0
0
0
0
0
0
0
0
0
0
0
0
0
0
0
0
0
0
0
0
0
0
0
0
0
0
0
0
0
0
0
0
0
0
0
0
0
0
0
0
0
0
0
0
0
0
0
0
0
0
0
0
0
0
0
0
0
0
0
0
0
0
0
0
0
0
0
0
0
0
0
0
0
0
0
0
0
0
0
0
0
0
0
0
0
0
0
0
0
0
0
0
0
0
0
0
0
0
0
0
0
0
0
0
0
0
0
0
0
0
0
0
0
0
0
0
0
0
0
0
0
0
0
0
0
0
0
0
0
0
0
0
0
0
0
0
0
0
0
0
0
0
0
0
0
0
0
0
0
0
0
0
0
0
0
0
0
0
0
0
0
0
0
0
0
0
0
0
0
0
0
0
0
0
0
0
0
0
0
0
0
0
0
0
0
0
0
0
0
0
0
0
0
0
0
0
0
0
0
0
0
1.10979e-16
1.10979e-16
1.1098e-16
1.1098e-16
1.1098e-16
1.10981e-16
1.10981e-16
1.10981e-16
1.10982e-16
1.18378e-16
1.10979e-16
1.10979e-16
1.1098e-16
1.1098e-16
1.1098e-16
1.10981e-16
1.10981e-16
1.10981e-16
1.10982e-16
1.18378e-16
1.10979e-16
1.10979e-16
1.1098e-16
1.1098e-16
1.1098e-16
1.10981e-16
1.10981e-16
1.10981e-16
1.10982e-16
1.18378e-16
1.10979e-16
1.10979e-16
1.1098e-16
1.1098e-16
1.1098e-16
1.10981e-16
1.10981e-16
1.10981e-16
1.10982e-16
1.18378e-16
1.10979e-16
1.10979e-16
1.1098e-16
1.1098e-16
1.1098e-16
1.10981e-16
1.10981e-16
1.10981e-16
1.10982e-16
1.18378e-16
1.10979e-16
1.10979e-16
1.1098e-16
1.1098e-16
1.1098e-16
1.10981e-16
1.10981e-16
1.10981e-16
1.10982e-16
1.18378e-16
1.10979e-16
1.10979e-16
1.1098e-16
1.1098e-16
1.1098e-16
1.10981e-16
1.10981e-16
1.10981e-16
1.10982e-16
1.18378e-16
1.10979e-16
1.10979e-16
1.1098e-16
1.1098e-16
1.1098e-16
1.10981e-16
1.10981e-16
1.10981e-16
1.10982e-16
1.18378e-16
1.10979e-16
1.10979e-16
1.1098e-16
1.1098e-16
1.1098e-16
1.10981e-16
1.10981e-16
1.10981e-16
1.10982e-16
1.18378e-16
1.10979e-16
1.10979e-16
1.1098e-16
1.1098e-16
1.1098e-16
1.10981e-16
1.10981e-16
1.10981e-16
1.10982e-16
1.18378e-16
1.10979e-16
1.10979e-16
1.1098e-16
1.1098e-16
1.1098e-16
1.10981e-16
1.10981e-16
1.10981e-16
1.10982e-16
1.18378e-16
1.10979e-16
1.10979e-16
1.1098e-16
1.1098e-16
1.1098e-16
1.10981e-16
1.10981e-16
1.10981e-16
1.10982e-16
1.18377e-16
1.10979e-16
1.10979e-16
1.1098e-16
1.1098e-16
1.1098e-16
1.10981e-16
1.10981e-16
1.10981e-16
1.10982e-16
1.18377e-16
1.10979e-16
1.10979e-16
1.1098e-16
1.1098e-16
1.1098e-16
1.10981e-16
1.10981e-16
1.10981e-16
1.10981e-16
1.18377e-16
1.10979e-16
1.10979e-16
1.1098e-16
1.1098e-16
1.1098e-16
1.1098e-16
1.10981e-16
1.10981e-16
1.10981e-16
1.18377e-16
1.10979e-16
1.10979e-16
1.1098e-16
1.1098e-16
1.1098e-16
1.1098e-16
1.10981e-16
1.10981e-16
1.10981e-16
1.18377e-16
1.10979e-16
1.10979e-16
1.10979e-16
1.1098e-16
1.1098e-16
1.1098e-16
1.10981e-16
1.10981e-16
1.10981e-16
1.18377e-16
1.10979e-16
1.10979e-16
1.10979e-16
1.1098e-16
1.1098e-16
1.1098e-16
1.10981e-16
1.10981e-16
1.10981e-16
1.18377e-16
1.10979e-16
1.10979e-16
1.10979e-16
1.1098e-16
1.1098e-16
1.1098e-16
1.10981e-16
1.10981e-16
1.10981e-16
1.18377e-16
1.10979e-16
1.10979e-16
1.10979e-16
1.1098e-16
1.1098e-16
1.1098e-16
1.10981e-16
1.10981e-16
1.10981e-16
1.18377e-16
1.10979e-16
1.10979e-16
1.10979e-16
1.1098e-16
1.1098e-16
1.1098e-16
1.10981e-16
1.10981e-16
1.10981e-16
1.18377e-16
1.10979e-16
1.10979e-16
1.10979e-16
1.1098e-16
1.1098e-16
1.1098e-16
1.10981e-16
1.10981e-16
1.10981e-16
1.18377e-16
1.10979e-16
1.10979e-16
1.10979e-16
1.1098e-16
1.1098e-16
1.1098e-16
1.10981e-16
1.10981e-16
1.10981e-16
1.18377e-16
1.10979e-16
1.10979e-16
1.10979e-16
1.1098e-16
1.1098e-16
1.1098e-16
1.10981e-16
1.10981e-16
1.10981e-16
1.18377e-16
1.10979e-16
1.10979e-16
1.10979e-16
1.1098e-16
1.1098e-16
1.1098e-16
1.10981e-16
1.10981e-16
1.10981e-16
1.18377e-16
1.10979e-16
1.10979e-16
1.10979e-16
1.1098e-16
1.1098e-16
1.1098e-16
1.1098e-16
1.10981e-16
1.10981e-16
1.18377e-16
1.10979e-16
1.10979e-16
1.1098e-16
1.1098e-16
1.1098e-16
1.10981e-16
1.10981e-16
1.10981e-16
1.10982e-16
1.18377e-16
1.10988e-16
1.10988e-16
1.10988e-16
1.10989e-16
1.10989e-16
1.10989e-16
1.10989e-16
1.10989e-16
1.10989e-16
1.18371e-16
1.10952e-16
1.10953e-16
1.10953e-16
1.10954e-16
1.10955e-16
1.10955e-16
1.10956e-16
1.10957e-16
1.10957e-16
1.18379e-16
1.1289e-16
1.1245e-16
1.12027e-16
1.1162e-16
1.11228e-16
1.1085e-16
1.10485e-16
1.10132e-16
1.09791e-16
1.19463e-16
1.16223e-16
1.1501e-16
1.1389e-16
1.12854e-16
1.11893e-16
1.11e-16
1.10168e-16
1.0939e-16
1.08662e-16
1.23535e-16
1.1609e-16
1.14879e-16
1.13761e-16
1.12728e-16
1.11771e-16
1.10882e-16
1.10055e-16
1.09282e-16
1.08558e-16
1.2426e-16
1.16068e-16
1.14855e-16
1.13737e-16
1.12704e-16
1.11748e-16
1.10859e-16
1.10032e-16
1.0926e-16
1.08538e-16
1.24434e-16
1.15948e-16
1.14748e-16
1.13641e-16
1.12619e-16
1.11671e-16
1.10792e-16
1.09973e-16
1.09208e-16
1.08493e-16
1.24558e-16
1.16379e-16
1.15072e-16
1.13871e-16
1.12767e-16
1.11749e-16
1.10809e-16
1.09937e-16
1.09126e-16
1.08371e-16
1.24685e-16
1.16467e-16
1.15122e-16
1.1389e-16
1.1276e-16
1.1172e-16
1.1076e-16
1.09872e-16
1.09049e-16
1.08283e-16
1.24829e-16
1.16434e-16
1.15088e-16
1.13854e-16
1.12723e-16
1.11683e-16
1.10724e-16
1.09837e-16
1.09014e-16
1.0825e-16
1.24983e-16
1.16404e-16
1.15056e-16
1.13823e-16
1.12692e-16
1.11652e-16
1.10693e-16
1.09807e-16
1.08986e-16
1.08224e-16
1.25138e-16
1.16288e-16
1.14944e-16
1.13712e-16
1.12585e-16
1.11548e-16
1.10594e-16
1.09713e-16
1.08896e-16
1.08139e-16
1.25305e-16
1.16823e-16
1.15326e-16
1.13964e-16
1.12725e-16
1.11594e-16
1.10559e-16
1.0961e-16
1.08737e-16
1.07932e-16
1.25536e-16
1.17735e-16
1.15987e-16
1.14413e-16
1.12995e-16
1.11714e-16
1.10554e-16
1.095e-16
1.0854e-16
1.07663e-16
1.25781e-16
1.17725e-16
1.15944e-16
1.14345e-16
1.12908e-16
1.11612e-16
1.10441e-16
1.0938e-16
1.08416e-16
1.07537e-16
1.26028e-16
1.17692e-16
1.15906e-16
1.14304e-16
1.12865e-16
1.11569e-16
1.10399e-16
1.09339e-16
1.08377e-16
1.07502e-16
1.26275e-16
1.1761e-16
1.15825e-16
1.14224e-16
1.12787e-16
1.11495e-16
1.10328e-16
1.09273e-16
1.08316e-16
1.07446e-16
1.26516e-16
1.1735e-16
1.15573e-16
1.13978e-16
1.12551e-16
1.11269e-16
1.10114e-16
1.09073e-16
1.08129e-16
1.07274e-16
1.26905e-16
1.19732e-16
1.17304e-16
1.15173e-16
1.13307e-16
1.11668e-16
1.10226e-16
1.08954e-16
1.07828e-16
1.06833e-16
1.27491e-16
1.2013e-16
1.1751e-16
1.15232e-16
1.13253e-16
1.11529e-16
1.10025e-16
1.08711e-16
1.07559e-16
1.06549e-16
1.28036e-16
1.20022e-16
1.17389e-16
1.15106e-16
1.13126e-16
1.11406e-16
1.09908e-16
1.08602e-16
1.07461e-16
1.06462e-16
1.28513e-16
1.19961e-16
1.1732e-16
1.15033e-16
1.13054e-16
1.11336e-16
1.09843e-16
1.08543e-16
1.07409e-16
1.06419e-16
1.2897e-16
1.19714e-16
1.17084e-16
1.14807e-16
1.12842e-16
1.11141e-16
1.09666e-16
1.08385e-16
1.07271e-16
1.06302e-16
1.2954e-16
1.20746e-16
1.17746e-16
1.15178e-16
1.12992e-16
1.11126e-16
1.09532e-16
1.0817e-16
1.07003e-16
1.06008e-16
1.30589e-16
1.23367e-16
1.19503e-16
1.16275e-16
1.13591e-16
1.11356e-16
1.09497e-16
1.07952e-16
1.06669e-16
1.05609e-16
1.31875e-16
1.23454e-16
1.19453e-16
1.16139e-16
1.13401e-16
1.11137e-16
1.09269e-16
1.07731e-16
1.06465e-16
1.05431e-16
1.32944e-16
1.23514e-16
1.19462e-16
1.16111e-16
1.13353e-16
1.11079e-16
1.0921e-16
1.07676e-16
1.06419e-16
1.05398e-16
1.33833e-16
1.22147e-16
1.18303e-16
1.15082e-16
1.1247e-16
1.10331e-16
1.08589e-16
1.07178e-16
1.06032e-16
1.05131e-16
1.34159e-16
1.19787e-16
1.16366e-16
1.1317e-16
1.10811e-16
1.08928e-16
1.07484e-16
1.06395e-16
1.05541e-16
1.05065e-16
1.46435e-16
2.02231e-16
1.60535e-16
1.33616e-16
1.18337e-16
1.0998e-16
1.06022e-16
1.04748e-16
1.05022e-16
1.06595e-16
1.83852e-16
3.10774e-16
2.03588e-16
1.42125e-16
1.11774e-16
1.0004e-16
9.81429e-17
1.0068e-16
1.0503e-16
1.10316e-16
2.32879e-16
3.65188e-16
2.22615e-16
1.41114e-16
1.01561e-16
8.92596e-17
9.07899e-17
9.72147e-17
1.04839e-16
1.12639e-16
2.78614e-16
4.35596e-16
2.55736e-16
1.49976e-16
9.54371e-17
7.8444e-17
8.23821e-17
9.25782e-17
1.03331e-16
1.1345e-16
3.26849e-16
4.72083e-16
2.74348e-16
1.54099e-16
8.7832e-17
6.5989e-17
7.31168e-17
8.7637e-17
1.0162e-16
1.14e-16
3.80617e-16
6.73162e-16
3.80867e-16
2.02722e-16
9.69522e-17
4.85477e-17
5.79431e-17
8.16309e-17
1.02018e-16
1.18765e-16
4.53101e-16
1.11981e-15
6.20233e-16
3.25362e-16
1.50183e-16
4.66885e-17
3.5319e-17
7.51903e-17
1.05215e-16
1.28049e-16
5.57926e-16
1.55766e-15
8.62186e-16
4.58018e-16
2.21254e-16
8.20576e-17
3.20863e-17
7.46678e-17
1.11034e-16
1.38319e-16
6.73829e-16
1.93707e-15
1.08579e-15
5.90964e-16
3.01926e-16
1.34961e-16
6.2075e-17
8.27463e-17
1.19049e-16
1.4854e-16
7.9581e-16
2.42422e-15
1.37807e-15
7.68843e-16
4.13282e-16
2.09105e-16
1.10746e-16
1.03393e-16
1.32455e-16
1.61854e-16
9.35768e-16
2.91684e-15
1.69236e-15
9.71958e-16
5.48153e-16
3.029e-16
1.76661e-16
1.41153e-16
1.55296e-16
1.80572e-16
1.10913e-15
3.68052e-15
2.17233e-15
1.27875e-15
7.5058e-16
4.42622e-16
2.76607e-16
2.09216e-16
2.01508e-16
2.17104e-16
1.35369e-15
6.62158e-15
3.82745e-15
2.2239e-15
1.30352e-15
7.77794e-16
4.89202e-16
3.4967e-16
3.00623e-16
2.96403e-16
1.76562e-15
1.01833e-14
5.84154e-15
3.38571e-15
1.99232e-15
1.202e-15
7.63306e-16
5.35744e-16
4.34092e-16
4.00322e-16
2.26531e-15
1.31454e-14
7.6215e-15
4.47773e-15
2.67975e-15
1.64904e-15
1.06497e-15
7.46564e-16
5.86632e-16
5.16458e-16
2.78939e-15
1.67891e-14
9.84645e-15
5.86139e-15
3.55982e-15
2.22419e-15
1.45247e-15
1.01574e-15
7.79625e-16
6.60839e-16
3.38256e-15
1.82365e-14
1.10468e-14
6.79735e-15
4.27166e-15
2.76101e-15
1.85794e-15
1.32357e-15
1.01483e-15
8.4311e-16
4.0891e-15
3.17559e-14
1.87882e-14
1.1307e-14
6.96133e-15
4.41279e-15
2.91066e-15
2.02566e-15
1.50859e-15
1.21189e-15
5.41065e-15
5.07307e-14
2.95869e-14
1.75772e-14
1.06948e-14
6.70564e-15
4.37319e-15
3.00152e-15
2.19395e-15
1.72058e-15
7.14794e-15
6.77135e-14
3.97293e-14
2.37606e-14
1.4555e-14
9.18335e-15
6.01517e-15
4.12939e-15
2.99961e-15
2.32031e-15
9.03399e-15
8.83507e-14
5.22242e-14
3.14691e-14
1.94129e-14
1.23209e-14
8.09888e-15
5.55704e-15
4.01175e-15
3.0645e-15
1.11271e-14
9.5473e-14
5.82367e-14
3.61869e-14
2.29919e-14
1.49959e-14
1.00921e-14
7.04921e-15
5.13984e-15
3.86685e-15
1.33642e-14
1.41748e-13
8.59124e-14
5.30382e-14
3.34809e-14
2.16869e-14
1.44821e-14
1.00217e-14
7.22322e-15
5.22896e-15
1.72234e-14
2.35498e-13
1.39911e-13
8.47108e-14
5.24706e-14
3.33644e-14
2.18786e-14
1.48693e-14
1.05244e-14
7.28661e-15
2.30303e-14
3.4538e-13
2.04052e-13
1.22893e-13
7.57123e-14
4.78734e-14
3.1198e-14
2.10492e-14
1.47682e-14
9.8046e-15
2.99609e-14
4.56343e-13
2.71278e-13
1.64364e-13
1.01812e-13
6.46679e-14
4.22733e-14
2.85522e-14
2.0001e-14
1.27221e-14
3.77046e-14
6.01003e-13
3.594e-13
2.18979e-13
1.36313e-13
8.69234e-14
5.69638e-14
3.84959e-14
2.6916e-14
1.6286e-14
4.68307e-14
7.16066e-13
4.3614e-13
2.7046e-13
1.71166e-13
1.10797e-13
7.35516e-14
5.02131e-14
3.53468e-14
2.03434e-14
5.70666e-14
9.02987e-13
5.56475e-13
3.4893e-13
2.23127e-13
1.45776e-13
9.75283e-14
6.69743e-14
4.73101e-14
2.58104e-14
7.08931e-14
1.3943e-12
8.48637e-13
5.25619e-13
3.32076e-13
2.14383e-13
1.41744e-13
9.6203e-14
6.71651e-14
3.44161e-14
9.27727e-14
2.14923e-12
1.29186e-12
7.9043e-13
4.93407e-13
3.1479e-13
2.05716e-13
1.3802e-13
9.52659e-14
4.57981e-14
1.21625e-13
2.83492e-12
1.71317e-12
1.05363e-12
6.60757e-13
4.23233e-13
2.7743e-13
1.86486e-13
1.28782e-13
5.82056e-14
1.52655e-13
3.54108e-12
2.16332e-12
1.34437e-12
8.51208e-13
5.49928e-13
3.63128e-13
2.45499e-13
1.702e-13
7.20559e-14
1.86096e-13
3.96413e-12
2.48059e-12
1.57742e-12
1.02083e-12
6.73054e-13
4.52709e-13
3.11062e-13
2.18595e-13
8.71689e-14
2.22623e-13
5.53098e-12
3.4544e-12
2.19193e-12
1.41527e-12
9.3076e-13
6.2426e-13
4.27541e-13
2.99308e-13
1.11569e-13
2.82024e-13
8.98649e-12
5.50089e-12
3.42274e-12
2.16821e-12
1.39984e-12
9.22324e-13
6.21032e-13
4.27812e-13
1.48225e-13
3.71319e-13
1.17774e-11
7.24561e-12
4.53028e-12
2.88255e-12
1.86838e-12
1.23512e-12
8.3375e-13
5.75287e-13
1.86836e-13
4.6583e-13
1.53413e-11
9.47849e-12
5.95017e-12
3.79939e-12
2.46998e-12
1.63656e-12
1.10637e-12
7.63832e-13
2.2971e-13
5.67297e-13
1.56158e-11
9.97269e-12
6.46312e-12
4.25432e-12
2.84613e-12
1.93661e-12
1.34129e-12
9.46154e-13
2.66483e-13
6.55368e-13
2.0115e-11
1.29158e-11
8.41216e-12
5.56281e-12
3.73679e-12
2.5516e-12
1.77228e-12
1.25273e-12
3.2755e-13
8.01636e-13
3.1471e-11
1.98611e-11
1.2719e-11
8.2739e-12
5.47029e-12
3.67853e-12
2.51781e-12
1.70268e-12
4.24393e-13
1.03571e-12
4.35695e-11
2.74088e-11
1.74975e-11
1.13459e-11
7.47689e-12
5.01097e-12
3.41779e-12
2.07375e-12
5.33629e-13
1.3035e-12
5.39728e-11
3.56486e-11
2.28418e-11
1.48609e-11
9.82219e-12
6.5992e-12
4.50984e-12
2.46568e-12
6.53246e-13
1.59586e-12
6.05074e-11
4.58365e-11
2.94739e-11
1.92368e-11
1.27499e-11
8.58613e-12
5.87815e-12
2.90039e-12
7.85964e-13
1.91616e-12
6.40552e-11
5.25619e-11
3.43971e-11
2.28282e-11
1.53701e-11
1.05031e-11
7.28741e-12
3.28063e-12
9.12333e-13
2.22253e-12
6.82104e-11
5.67983e-11
4.07945e-11
2.74661e-11
1.87449e-11
1.29718e-11
9.10501e-12
3.73613e-12
1.06612e-12
2.59757e-12
7.77029e-11
6.49063e-11
5.40887e-11
3.68799e-11
2.5085e-11
1.73003e-11
1.21012e-11
4.46853e-12
1.30436e-12
3.18063e-12
9.08998e-11
7.57544e-11
6.29493e-11
5.11383e-11
3.44944e-11
2.3597e-11
1.63756e-11
5.42365e-12
1.61928e-12
3.95679e-12
1.01132e-10
8.43684e-11
7.03199e-11
5.84444e-11
4.44215e-11
3.04599e-11
2.11806e-11
6.35286e-12
1.94394e-12
4.76329e-12
1.08907e-10
9.1177e-11
7.62805e-11
6.3729e-11
5.31233e-11
3.75725e-11
2.63418e-11
7.21216e-12
2.2535e-12
5.52656e-12
1.12539e-10
9.49575e-11
8.00712e-11
6.74761e-11
5.68197e-11
4.456e-11
3.17443e-11
7.98481e-12
2.55621e-12
6.28215e-12
1.21e-10
1.02503e-10
8.67827e-11
7.34252e-11
6.20818e-11
5.24539e-11
3.98146e-11
9.1396e-12
2.99868e-12
7.39629e-12
1.42896e-10
1.20364e-10
1.01319e-10
8.5226e-11
7.16362e-11
6.01667e-11
5.04932e-11
1.10887e-11
3.70713e-12
9.17514e-12
1.58166e-10
1.33325e-10
1.12315e-10
9.455e-11
7.95381e-11
6.68599e-11
5.61596e-11
1.29087e-11
4.43342e-12
1.1043e-11
1.72724e-10
1.45783e-10
1.22975e-10
1.03673e-10
8.73443e-11
7.35392e-11
6.18713e-11
1.46895e-11
5.13701e-12
1.28294e-11
1.73475e-10
1.47813e-10
1.25894e-10
1.0717e-10
9.11852e-11
7.75471e-11
6.59162e-11
1.57865e-11
5.64568e-12
1.4145e-11
1.75962e-10
1.51222e-10
1.29912e-10
1.11561e-10
9.57638e-11
8.21698e-11
7.04715e-11
1.71759e-11
6.29839e-12
1.58465e-11
2.05771e-10
1.7585e-10
1.50207e-10
1.28234e-10
1.09414e-10
9.33022e-11
7.95046e-11
2.05644e-11
7.64001e-12
1.92717e-11
2.28387e-10
1.95032e-10
1.6647e-10
1.42019e-10
1.21095e-10
1.03196e-10
8.7874e-11
2.37477e-11
9.04201e-12
2.29661e-11
2.49501e-10
2.13206e-10
1.8211e-10
1.55474e-10
1.32666e-10
1.13143e-10
9.64061e-11
2.70198e-11
1.0507e-11
2.68312e-11
2.70295e-10
2.31159e-10
1.97606e-10
1.68846e-10
1.44201e-10
1.23089e-10
1.04959e-10
3.03194e-11
1.19758e-11
3.06815e-11
2.78506e-10
2.39529e-10
2.05945e-10
1.77012e-10
1.52091e-10
1.30616e-10
1.12066e-10
3.27022e-11
1.31457e-11
3.37849e-11
2.78144e-10
2.41382e-10
2.09433e-10
1.81669e-10
1.57543e-10
1.36545e-10
1.18257e-10
3.47627e-11
1.42652e-11
3.68192e-11
3.00756e-10
2.61294e-10
2.26948e-10
1.97055e-10
1.71017e-10
1.4834e-10
1.28566e-10
3.91449e-11
1.62947e-11
4.22164e-11
3.34418e-10
2.8995e-10
2.51326e-10
2.17777e-10
1.8864e-10
1.63279e-10
1.41203e-10
4.47978e-11
1.89519e-11
4.93697e-11
3.60505e-10
3.12739e-10
2.7123e-10
2.3516e-10
2.03801e-10
1.76506e-10
1.52727e-10
4.99951e-11
2.14877e-11
5.62261e-11
3.76643e-10
3.2786e-10
2.85341e-10
2.48282e-10
2.15938e-10
1.87717e-10
1.63047e-10
5.41785e-11
2.35992e-11
6.1918e-11
3.78252e-10
3.317e-10
2.90858e-10
2.55022e-10
2.23498e-10
1.95828e-10
1.71462e-10
5.70762e-11
2.52659e-11
6.64944e-11
3.89941e-10
3.43627e-10
3.02804e-10
2.66744e-10
2.3494e-10
2.06897e-10
1.82061e-10
6.1545e-11
2.76749e-11
7.31019e-11
4.33832e-10
3.81164e-10
3.34875e-10
2.94183e-10
2.58311e-10
2.26764e-10
1.98926e-10
6.98321e-11
3.17403e-11
8.41348e-11
4.6563e-10
4.09263e-10
3.59706e-10
3.16114e-10
2.77676e-10
2.43864e-10
2.14014e-10
7.73947e-11
3.57263e-11
9.5188e-11
4.88697e-10
4.30313e-10
3.78904e-10
3.33604e-10
2.93599e-10
2.58353e-10
2.27184e-10
8.3591e-11
3.90197e-11
1.04284e-10
4.88031e-10
4.32693e-10
3.83659e-10
3.40078e-10
3.0144e-10
2.67171e-10
2.36608e-10
8.70129e-11
4.1107e-11
1.10123e-10
4.71529e-10
4.22403e-10
3.78376e-10
3.38971e-10
3.03678e-10
2.71955e-10
2.43348e-10
8.95124e-11
4.30637e-11
1.15877e-10
5.26168e-10
4.69341e-10
4.18652e-10
3.73305e-10
3.32871e-10
2.96771e-10
2.6432e-10
1.00789e-10
4.87485e-11
1.31473e-10
5.60611e-10
5.00178e-10
4.46222e-10
3.97977e-10
3.54954e-10
3.16525e-10
2.81964e-10
1.10755e-10
5.44295e-11
1.47672e-10
5.95033e-10
5.31044e-10
4.73872e-10
4.22759e-10
3.77172e-10
3.36433e-10
2.99771e-10
1.20892e-10
6.02068e-11
1.64134e-10
6.3017e-10
5.62636e-10
5.02214e-10
4.48233e-10
4.00074e-10
3.57012e-10
3.18209e-10
1.31187e-10
6.59947e-11
1.80538e-10
6.41228e-10
5.7498e-10
5.15471e-10
4.62173e-10
4.14432e-10
3.71475e-10
3.32656e-10
1.38055e-10
7.02632e-11
1.92828e-10
6.3413e-10
5.7288e-10
5.17479e-10
4.67506e-10
4.22401e-10
3.81478e-10
3.44219e-10
1.43249e-10
7.40406e-11
2.04064e-10
6.81178e-10
6.14653e-10
5.5463e-10
5.00536e-10
4.51727e-10
4.07407e-10
3.67166e-10
1.57148e-10
8.19089e-11
2.2654e-10
7.28524e-10
6.57025e-10
5.9241e-10
5.34237e-10
4.81764e-10
4.3423e-10
3.91014e-10
1.72783e-10
9.13927e-11
2.54198e-10
7.71915e-10
6.96289e-10
6.27995e-10
5.66468e-10
5.10954e-10
4.60616e-10
4.14889e-10
1.89491e-10
1.00917e-10
2.80096e-10
8.08344e-10
7.30155e-10
6.59621e-10
5.95956e-10
5.38429e-10
4.86036e-10
4.38601e-10
1.88719e-10
9.9616e-11
2.67769e-10
2.88624e-10
2.78588e-10
2.68895e-10
2.59645e-10
2.50845e-10
2.4231e-10
2.34414e-10
1.06994e-10
5.70319e-11
1.48228e-10
2.13871e-10
2.13528e-10
2.13034e-10
2.12388e-10
2.11563e-10
2.10168e-10
2.07767e-10
9.56841e-11
5.00166e-11
1.28259e-10
)
;

boundaryField
{
    fuelBottom
    {
        type            empty;
    }
    fuelTop_1
    {
        type            empty;
    }
    fuelOuter
    {
        type            calculated;
        value           uniform 0;
    }
    fuelTop
    {
        type            empty;
    }
    fuelInner
    {
        type            calculated;
        value           uniform 0;
    }
    cladBottom
    {
        type            empty;
    }
    cladInner
    {
        type            calculated;
        value           nonuniform List<scalar> 
142
(
1.10931e-16
1.10931e-16
1.10931e-16
1.10931e-16
1.10931e-16
1.10931e-16
1.10931e-16
1.10931e-16
1.10931e-16
1.10931e-16
1.10931e-16
1.10931e-16
1.10931e-16
1.10931e-16
1.10931e-16
1.10931e-16
1.10931e-16
1.10931e-16
1.10931e-16
1.10931e-16
1.10931e-16
1.1093e-16
1.1093e-16
1.1093e-16
1.1093e-16
1.1093e-16
1.10931e-16
1.1094e-16
1.10904e-16
1.14662e-16
1.18007e-16
1.17879e-16
1.17856e-16
1.17725e-16
1.18279e-16
1.18411e-16
1.1838e-16
1.18349e-16
1.18236e-16
1.18943e-16
1.20123e-16
1.20152e-16
1.20121e-16
1.20038e-16
1.19788e-16
1.22781e-16
1.23362e-16
1.23262e-16
1.23199e-16
1.22949e-16
1.24289e-16
1.27547e-16
1.27726e-16
1.27791e-16
1.26357e-16
1.23887e-16
2.18652e-16
3.43355e-16
4.05002e-16
4.83162e-16
5.22012e-16
7.47217e-16
1.25167e-15
1.74547e-15
2.16936e-15
2.71267e-15
3.2563e-15
4.1027e-15
7.43042e-15
1.14658e-14
1.47893e-14
1.88631e-14
2.03782e-14
3.56785e-14
5.72102e-14
7.63308e-14
9.94896e-14
1.06894e-13
1.58936e-13
2.65172e-13
3.89466e-13
5.14107e-13
6.76342e-13
8.03001e-13
1.01036e-12
1.56398e-12
2.417e-12
3.18514e-12
3.96982e-12
4.4231e-12
6.17338e-12
1.00697e-11
1.31852e-11
1.7158e-11
1.73504e-11
2.23221e-11
3.50408e-11
4.85413e-11
5.97631e-11
6.69519e-11
7.06254e-11
7.49731e-11
8.54698e-11
1.0018e-10
1.11397e-10
1.19699e-10
1.23185e-10
1.32227e-10
1.56617e-10
1.73275e-10
1.89045e-10
1.88906e-10
1.90797e-10
2.23895e-10
2.48547e-10
2.7141e-10
2.93897e-10
3.01823e-10
3.00044e-10
3.24408e-10
3.61075e-10
3.89112e-10
4.05702e-10
4.05717e-10
4.172e-10
4.64879e-10
4.98828e-10
5.22952e-10
5.20267e-10
5.00088e-10
5.59396e-10
5.9591e-10
6.32374e-10
6.69553e-10
6.79561e-10
6.69437e-10
7.19663e-10
7.6992e-10
8.1562e-10
8.53445e-10
3.06443e-10
2.13889e-10
)
;
    }
    cladOuter
    {
        type            calculated;
        value           nonuniform List<scalar> 
142
(
1.173e-16
1.173e-16
1.173e-16
1.173e-16
1.173e-16
1.173e-16
1.173e-16
1.173e-16
1.173e-16
1.173e-16
1.173e-16
1.173e-16
1.173e-16
1.173e-16
1.173e-16
1.173e-16
1.173e-16
1.173e-16
1.173e-16
1.173e-16
1.173e-16
1.173e-16
1.173e-16
1.173e-16
1.173e-16
1.173e-16
1.173e-16
1.17294e-16
1.173e-16
1.17532e-16
1.20378e-16
1.2106e-16
1.21224e-16
1.21349e-16
1.21351e-16
1.21443e-16
1.21586e-16
1.2173e-16
1.21878e-16
1.21929e-16
1.21909e-16
1.22101e-16
1.2233e-16
1.22553e-16
1.22883e-16
1.22856e-16
1.23168e-16
1.23574e-16
1.24003e-16
1.24525e-16
1.25227e-16
1.25899e-16
1.26814e-16
1.2764e-16
1.27866e-16
1.38851e-16
1.66173e-16
2.06858e-16
2.47078e-16
2.89967e-16
3.38669e-16
4.0137e-16
4.90655e-16
5.91189e-16
6.98716e-16
8.22279e-16
9.76867e-16
1.19365e-15
1.54583e-15
1.977e-15
2.43723e-15
2.96028e-15
3.59887e-15
4.73368e-15
6.23028e-15
7.88009e-15
9.71888e-15
1.17457e-14
1.51108e-14
2.01132e-14
2.61289e-14
3.29204e-14
4.09399e-14
5.00817e-14
6.23593e-14
8.13681e-14
1.06371e-13
1.33655e-13
1.63332e-13
1.96398e-13
2.48649e-13
3.25906e-13
4.09267e-13
4.98955e-13
5.80623e-13
7.10993e-13
9.14999e-13
1.1507e-12
1.41002e-12
1.69465e-12
1.97382e-12
2.31512e-12
2.83262e-12
3.51676e-12
4.23686e-12
4.92846e-12
5.62853e-12
6.63956e-12
8.21046e-12
9.88826e-12
1.15012e-11
1.27527e-11
1.43545e-11
1.73924e-11
2.07252e-11
2.42262e-11
2.77185e-11
3.06328e-11
3.3552e-11
3.84759e-11
4.49506e-11
5.12151e-11
5.65258e-11
6.09796e-11
6.72202e-11
7.7243e-11
8.74189e-11
9.58898e-11
1.01663e-10
1.0755e-10
1.21724e-10
1.36751e-10
1.52032e-10
1.67274e-10
1.79137e-10
1.90331e-10
2.11131e-10
2.36841e-10
2.61025e-10
2.49765e-10
1.44738e-10
1.26158e-10
)
;
    }
    cladTop
    {
        type            empty;
    }
    front
    {
        type            wedge;
    }
    back
    {
        type            wedge;
    }
}


// ************************************************************************* //
