/*--------------------------------*- C++ -*----------------------------------*\
| =========                 |                                                 |
| \\      /  F ield         | OpenFOAM: The Open Source CFD Toolbox           |
|  \\    /   O peration     | Version:  2412                                  |
|   \\  /    A nd           | Website:  www.openfoam.com                      |
|    \\/     M anipulation  |                                                 |
\*---------------------------------------------------------------------------*/
FoamFile
{
    version     2.0;
    format      ascii;
    arch        "LSB;label=32;scalar=64";
    class       volScalarField;
    location    "583.522882481/fuelBehaviourRegion";
    object      epsilonDensification;
}
// * * * * * * * * * * * * * * * * * * * * * * * * * * * * * * * * * * * * * //

dimensions      [0 0 0 0 0 0 0];

internalField   nonuniform List<scalar> 
4720
(
-3.91748e-08
-3.91748e-08
-3.91748e-08
-3.91748e-08
-3.91748e-08
-3.91748e-08
-3.91748e-08
-3.91748e-08
-3.91748e-08
-3.91748e-08
-3.91748e-08
-3.91748e-08
-3.91748e-08
-3.91748e-08
-3.91748e-08
-3.91748e-08
-3.91748e-08
-3.91748e-08
-3.91748e-08
-3.91748e-08
-3.91748e-08
-3.91748e-08
-3.91748e-08
-3.91748e-08
-3.91748e-08
-3.91748e-08
-3.91748e-08
-3.91748e-08
-3.91748e-08
-3.91748e-08
-3.91748e-08
-3.91748e-08
-3.91748e-08
-3.91748e-08
-3.91748e-08
-3.91748e-08
-3.91748e-08
-3.91748e-08
-3.91748e-08
-3.91748e-08
-3.91748e-08
-3.91748e-08
-3.91748e-08
-3.91748e-08
-3.91748e-08
-3.91748e-08
-3.91748e-08
-3.91748e-08
-3.91748e-08
-3.91748e-08
-3.91748e-08
-3.91748e-08
-3.91748e-08
-3.91748e-08
-3.91748e-08
-3.91748e-08
-3.91748e-08
-3.91748e-08
-3.91748e-08
-3.91748e-08
-3.91748e-08
-3.91748e-08
-3.91748e-08
-3.91748e-08
-3.91748e-08
-3.91748e-08
-3.91748e-08
-3.91748e-08
-3.91748e-08
-3.91748e-08
-3.91748e-08
-3.91748e-08
-3.91748e-08
-3.91748e-08
-3.91748e-08
-3.91748e-08
-3.91748e-08
-3.91748e-08
-3.91748e-08
-3.91748e-08
-3.91748e-08
-3.91748e-08
-3.91748e-08
-3.91748e-08
-3.91748e-08
-3.91748e-08
-3.91748e-08
-3.91748e-08
-3.91748e-08
-3.91748e-08
-3.91748e-08
-3.91748e-08
-3.91748e-08
-3.91748e-08
-3.91748e-08
-3.91748e-08
-3.91748e-08
-3.91748e-08
-3.91748e-08
-3.91748e-08
-3.91748e-08
-3.91748e-08
-3.91748e-08
-3.91748e-08
-3.91748e-08
-3.91748e-08
-3.91748e-08
-3.91748e-08
-3.91748e-08
-3.91748e-08
-3.91748e-08
-3.91748e-08
-3.91748e-08
-3.91748e-08
-3.91748e-08
-3.91748e-08
-3.91748e-08
-3.91748e-08
-3.91748e-08
-3.91748e-08
-3.91748e-08
-3.91748e-08
-3.91748e-08
-3.91748e-08
-3.91748e-08
-3.91748e-08
-3.91748e-08
-3.91748e-08
-3.91748e-08
-3.91748e-08
-3.91748e-08
-3.91748e-08
-3.91748e-08
-3.91748e-08
-3.91748e-08
-3.91748e-08
-3.91748e-08
-3.91748e-08
-3.91748e-08
-3.91748e-08
-3.91748e-08
-3.91748e-08
-3.91748e-08
-3.91748e-08
-3.91748e-08
-3.91748e-08
-3.91748e-08
-3.91748e-08
-3.91748e-08
-3.91748e-08
-3.91748e-08
-3.91748e-08
-3.91748e-08
-3.91748e-08
-3.91748e-08
-3.91748e-08
-3.91748e-08
-3.91748e-08
-3.91748e-08
-3.91748e-08
-3.91748e-08
-3.91748e-08
-3.91748e-08
-3.91748e-08
-3.91748e-08
-3.91748e-08
-3.91748e-08
-3.91748e-08
-3.91748e-08
-3.91748e-08
-3.91748e-08
-3.91748e-08
-3.91748e-08
-3.91748e-08
-3.91748e-08
-3.91748e-08
-3.91748e-08
-3.91748e-08
-3.91748e-08
-3.91748e-08
-4.32584e-08
-4.32584e-08
-4.32584e-08
-4.32584e-08
-4.32584e-08
-4.32584e-08
-4.32584e-08
-4.32584e-08
-4.32584e-08
-4.32584e-08
-4.32584e-08
-4.32584e-08
-4.32584e-08
-4.32584e-08
-4.32584e-08
-4.32584e-08
-4.32584e-08
-4.32584e-08
-4.32584e-08
-4.32584e-08
-4.32584e-08
-4.32584e-08
-4.32584e-08
-4.32584e-08
-4.32584e-08
-4.32584e-08
-4.32584e-08
-4.32584e-08
-4.32584e-08
-4.32584e-08
-4.32584e-08
-4.32584e-08
-4.32584e-08
-4.32584e-08
-4.32584e-08
-4.32584e-08
-4.32584e-08
-4.32584e-08
-4.32584e-08
-4.32584e-08
-4.32584e-08
-4.32584e-08
-4.32584e-08
-4.32584e-08
-4.32584e-08
-4.32584e-08
-4.32584e-08
-4.32584e-08
-4.32584e-08
-4.32584e-08
-4.32584e-08
-4.32584e-08
-4.32584e-08
-4.32584e-08
-4.32584e-08
-4.32584e-08
-4.32584e-08
-4.32584e-08
-4.32584e-08
-4.32584e-08
-4.32584e-08
-4.32584e-08
-4.32584e-08
-4.32584e-08
-4.32584e-08
-4.32584e-08
-4.32584e-08
-4.32584e-08
-4.32584e-08
-4.32584e-08
-4.32584e-08
-4.32584e-08
-4.32584e-08
-4.32584e-08
-4.32584e-08
-4.32584e-08
-4.32584e-08
-4.32584e-08
-4.32584e-08
-4.32584e-08
-4.32584e-08
-4.32584e-08
-4.32584e-08
-4.32584e-08
-4.32584e-08
-4.32584e-08
-4.32584e-08
-4.32584e-08
-4.32584e-08
-4.32584e-08
-4.32584e-08
-4.32584e-08
-4.32584e-08
-4.32584e-08
-4.32584e-08
-4.32584e-08
-4.32584e-08
-4.32584e-08
-4.32584e-08
-4.32584e-08
-4.32584e-08
-4.32584e-08
-4.32584e-08
-4.32584e-08
-4.32584e-08
-4.32584e-08
-4.32584e-08
-4.32584e-08
-4.32584e-08
-4.32584e-08
-4.32584e-08
-4.32584e-08
-4.32584e-08
-4.32584e-08
-4.32584e-08
-4.32584e-08
-4.32584e-08
-4.32584e-08
-4.32584e-08
-4.32584e-08
-4.32584e-08
-4.32584e-08
-4.32584e-08
-4.32584e-08
-4.32584e-08
-4.32584e-08
-4.32584e-08
-4.32584e-08
-4.32584e-08
-4.32584e-08
-4.32584e-08
-4.32584e-08
-4.32584e-08
-4.32584e-08
-4.32584e-08
-4.32584e-08
-4.32584e-08
-4.32584e-08
-4.32584e-08
-4.32584e-08
-4.32584e-08
-4.32584e-08
-4.32584e-08
-4.32584e-08
-4.32584e-08
-4.32584e-08
-4.32584e-08
-4.32584e-08
-4.32584e-08
-4.32584e-08
-4.32584e-08
-4.32584e-08
-4.32584e-08
-4.32584e-08
-4.32584e-08
-4.32584e-08
-4.32584e-08
-4.32584e-08
-4.32584e-08
-4.32584e-08
-4.32584e-08
-4.32584e-08
-4.32584e-08
-4.32584e-08
-4.32584e-08
-4.32584e-08
-4.32584e-08
-4.32584e-08
-4.32584e-08
-4.32584e-08
-4.32584e-08
-4.32584e-08
-4.32584e-08
-4.32584e-08
-4.32584e-08
-4.32584e-08
-4.32584e-08
-4.32584e-08
-4.32584e-08
-4.32584e-08
-5.39786e-08
-5.39786e-08
-5.39786e-08
-5.39786e-08
-5.39786e-08
-5.39786e-08
-5.39786e-08
-5.39786e-08
-5.39786e-08
-5.39786e-08
-5.39786e-08
-5.39786e-08
-5.39786e-08
-5.39786e-08
-5.39786e-08
-5.39786e-08
-5.39786e-08
-5.39786e-08
-5.39786e-08
-5.39786e-08
-5.39786e-08
-5.39786e-08
-5.39786e-08
-5.39786e-08
-5.39786e-08
-5.39786e-08
-5.39786e-08
-5.39786e-08
-5.39786e-08
-5.39786e-08
-5.39786e-08
-5.39786e-08
-5.39786e-08
-5.39786e-08
-5.39786e-08
-5.39786e-08
-5.39786e-08
-5.39786e-08
-5.39786e-08
-5.39786e-08
-5.39786e-08
-5.39786e-08
-5.39786e-08
-5.39786e-08
-5.39786e-08
-5.39786e-08
-5.39786e-08
-5.39786e-08
-5.39786e-08
-5.39786e-08
-5.39786e-08
-5.39786e-08
-5.39786e-08
-5.39786e-08
-5.39786e-08
-5.39786e-08
-5.39786e-08
-5.39786e-08
-5.39786e-08
-5.39786e-08
-5.39786e-08
-5.39786e-08
-5.39786e-08
-5.39786e-08
-5.39786e-08
-5.39786e-08
-5.39786e-08
-5.39786e-08
-5.39786e-08
-5.39786e-08
-5.39786e-08
-5.39786e-08
-5.39786e-08
-5.39786e-08
-5.39786e-08
-5.39786e-08
-5.39786e-08
-5.39786e-08
-5.39786e-08
-5.39786e-08
-5.39786e-08
-5.39786e-08
-5.39786e-08
-5.39786e-08
-5.39786e-08
-5.39786e-08
-5.39786e-08
-5.39786e-08
-5.39786e-08
-5.39786e-08
-5.39786e-08
-5.39786e-08
-5.39786e-08
-5.39786e-08
-5.39786e-08
-5.39786e-08
-5.39786e-08
-5.39786e-08
-5.39786e-08
-5.39786e-08
-5.39786e-08
-5.39786e-08
-5.39786e-08
-5.39786e-08
-5.39786e-08
-5.39786e-08
-5.39786e-08
-5.39786e-08
-5.39786e-08
-5.39786e-08
-5.39786e-08
-5.39786e-08
-5.39786e-08
-5.39786e-08
-5.39786e-08
-5.39786e-08
-5.39786e-08
-5.39786e-08
-5.39786e-08
-5.39786e-08
-5.39786e-08
-5.39786e-08
-5.39786e-08
-5.39786e-08
-5.39786e-08
-5.39786e-08
-5.39786e-08
-5.39786e-08
-5.39786e-08
-5.39786e-08
-5.39786e-08
-5.39786e-08
-5.39786e-08
-5.39786e-08
-5.39786e-08
-5.39786e-08
-5.39786e-08
-5.39786e-08
-5.39786e-08
-5.39786e-08
-5.39786e-08
-5.39786e-08
-5.39786e-08
-5.39786e-08
-5.39786e-08
-5.39786e-08
-5.39786e-08
-5.39786e-08
-5.39786e-08
-5.39786e-08
-5.39786e-08
-5.39786e-08
-5.39786e-08
-5.39786e-08
-5.39786e-08
-5.39786e-08
-5.39786e-08
-5.39786e-08
-5.39786e-08
-5.39786e-08
-5.39786e-08
-5.39786e-08
-5.39786e-08
-5.39786e-08
-5.39786e-08
-5.39786e-08
-5.39786e-08
-5.39786e-08
-5.39786e-08
-5.39786e-08
-5.39786e-08
-5.39786e-08
-5.39786e-08
-5.39786e-08
-5.39786e-08
-5.39786e-08
-5.39786e-08
-5.39786e-08
-5.39786e-08
-5.39786e-08
-7.18334e-08
-7.18334e-08
-7.18334e-08
-7.18334e-08
-7.18334e-08
-7.18334e-08
-7.18334e-08
-7.18334e-08
-7.18334e-08
-7.18334e-08
-7.18334e-08
-7.18334e-08
-7.18334e-08
-7.18334e-08
-7.18334e-08
-7.18334e-08
-7.18334e-08
-7.18334e-08
-7.18334e-08
-7.18334e-08
-7.18334e-08
-7.18334e-08
-7.18334e-08
-7.18334e-08
-7.18334e-08
-7.18334e-08
-7.18334e-08
-7.18334e-08
-7.18334e-08
-7.18334e-08
-7.18334e-08
-7.18334e-08
-7.18334e-08
-7.18334e-08
-7.18334e-08
-7.18334e-08
-7.18334e-08
-7.18334e-08
-7.18334e-08
-7.18334e-08
-7.18334e-08
-7.18334e-08
-7.18334e-08
-7.18334e-08
-7.18334e-08
-7.18334e-08
-7.18334e-08
-7.18334e-08
-7.18334e-08
-7.18334e-08
-7.18334e-08
-7.18334e-08
-7.18334e-08
-7.18334e-08
-7.18334e-08
-7.18334e-08
-7.18334e-08
-7.18334e-08
-7.18334e-08
-7.18334e-08
-7.18334e-08
-7.18334e-08
-7.18334e-08
-7.18334e-08
-7.18334e-08
-7.18334e-08
-7.18334e-08
-7.18334e-08
-7.18334e-08
-7.18334e-08
-7.18334e-08
-7.18334e-08
-7.18334e-08
-7.18334e-08
-7.18334e-08
-7.18334e-08
-7.18334e-08
-7.18334e-08
-7.18334e-08
-7.18334e-08
-7.18334e-08
-7.18334e-08
-7.18334e-08
-7.18334e-08
-7.18334e-08
-7.18334e-08
-7.18334e-08
-7.18334e-08
-7.18334e-08
-7.18334e-08
-7.18334e-08
-7.18334e-08
-7.18334e-08
-7.18334e-08
-7.18334e-08
-7.18334e-08
-7.18334e-08
-7.18334e-08
-7.18334e-08
-7.18334e-08
-7.18334e-08
-7.18334e-08
-7.18334e-08
-7.18334e-08
-7.18334e-08
-7.18334e-08
-7.18334e-08
-7.18334e-08
-7.18334e-08
-7.18334e-08
-7.18334e-08
-7.18334e-08
-7.18334e-08
-7.18334e-08
-7.18334e-08
-7.18334e-08
-7.18334e-08
-7.18334e-08
-7.18334e-08
-7.18334e-08
-7.18334e-08
-7.18334e-08
-7.18334e-08
-7.18334e-08
-7.18334e-08
-7.18334e-08
-7.18334e-08
-7.18334e-08
-7.18334e-08
-7.18334e-08
-7.18334e-08
-7.18334e-08
-7.18334e-08
-7.18334e-08
-7.18334e-08
-7.18334e-08
-7.18334e-08
-7.18334e-08
-7.18334e-08
-7.18334e-08
-7.18334e-08
-7.18334e-08
-7.18334e-08
-7.18334e-08
-7.18334e-08
-7.18334e-08
-7.18334e-08
-7.18334e-08
-7.18334e-08
-7.18334e-08
-7.30968e-08
-7.28994e-08
-7.24652e-08
-7.18334e-08
-7.18334e-08
-7.18334e-08
-7.18334e-08
-7.18334e-08
-7.18334e-08
-7.18334e-08
-7.18334e-08
-7.18334e-08
-7.18334e-08
-7.18334e-08
-7.18334e-08
-7.18334e-08
-7.18334e-08
-7.18334e-08
-7.18334e-08
-7.18334e-08
-7.18334e-08
-7.18334e-08
-7.18334e-08
-7.18334e-08
-7.18334e-08
-7.18334e-08
-7.18334e-08
-7.18334e-08
-7.18334e-08
-7.18334e-08
-1.56745e-07
-1.56404e-07
-1.55654e-07
-1.54517e-07
-1.52995e-07
-1.51093e-07
-1.48811e-07
-1.46154e-07
-1.43124e-07
-1.39724e-07
-1.35957e-07
-1.31829e-07
-1.27342e-07
-1.22502e-07
-1.17314e-07
-1.11782e-07
-1.05913e-07
-9.97122e-08
-9.63738e-08
-9.63738e-08
-9.63738e-08
-9.63738e-08
-9.63738e-08
-9.63738e-08
-9.63738e-08
-9.63738e-08
-9.63738e-08
-9.63738e-08
-9.63738e-08
-9.63738e-08
-1.64915e-07
-1.64564e-07
-1.63793e-07
-1.62624e-07
-1.61059e-07
-1.59103e-07
-1.56758e-07
-1.54026e-07
-1.50912e-07
-1.47418e-07
-1.43548e-07
-1.39308e-07
-1.347e-07
-1.29731e-07
-1.24405e-07
-1.18729e-07
-1.12708e-07
-1.06349e-07
-9.96582e-08
-9.63738e-08
-9.63738e-08
-9.63738e-08
-9.63738e-08
-9.63738e-08
-9.63738e-08
-9.63738e-08
-9.63738e-08
-9.63738e-08
-9.63738e-08
-9.63738e-08
-1.66028e-07
-1.65676e-07
-1.64902e-07
-1.63727e-07
-1.62157e-07
-1.60193e-07
-1.57838e-07
-1.55096e-07
-1.5197e-07
-1.48462e-07
-1.44578e-07
-1.40321e-07
-1.35696e-07
-1.30708e-07
-1.25362e-07
-1.19665e-07
-1.13622e-07
-1.0724e-07
-1.00525e-07
-9.63738e-08
-9.63738e-08
-9.63738e-08
-9.63738e-08
-9.63738e-08
-9.63738e-08
-9.63738e-08
-9.63738e-08
-9.63738e-08
-9.63738e-08
-9.63738e-08
-1.66666e-07
-1.66314e-07
-1.65539e-07
-1.64362e-07
-1.62789e-07
-1.60821e-07
-1.58463e-07
-1.55716e-07
-1.52585e-07
-1.49071e-07
-1.45181e-07
-1.40917e-07
-1.36284e-07
-1.31288e-07
-1.25934e-07
-1.20228e-07
-1.14176e-07
-1.07784e-07
-1.01059e-07
-9.63738e-08
-9.63738e-08
-9.63738e-08
-9.63738e-08
-9.63738e-08
-9.63738e-08
-9.63738e-08
-9.63738e-08
-9.63738e-08
-9.63738e-08
-9.63738e-08
-1.69324e-07
-1.68967e-07
-1.68184e-07
-1.66994e-07
-1.65403e-07
-1.63413e-07
-1.61028e-07
-1.5825e-07
-1.55083e-07
-1.5153e-07
-1.47595e-07
-1.43283e-07
-1.38599e-07
-1.33546e-07
-1.28132e-07
-1.22363e-07
-1.16244e-07
-1.09782e-07
-1.02985e-07
-9.63738e-08
-9.63738e-08
-9.63738e-08
-9.63738e-08
-9.63738e-08
-9.63738e-08
-9.63738e-08
-9.63738e-08
-9.63738e-08
-9.63738e-08
-9.63738e-08
-1.8311e-07
-1.8311e-07
-1.8311e-07
-1.8311e-07
-1.8311e-07
-1.8311e-07
-1.8311e-07
-1.82925e-07
-1.79747e-07
-1.76182e-07
-1.72233e-07
-1.67743e-07
-1.62731e-07
-1.57214e-07
-1.51209e-07
-1.44733e-07
-1.37802e-07
-1.30433e-07
-1.22642e-07
-1.14447e-07
-1.05864e-07
-9.69124e-08
-9.63738e-08
-9.63738e-08
-9.63738e-08
-9.63738e-08
-9.63738e-08
-9.63738e-08
-9.63738e-08
-9.63738e-08
-8.88143e-07
-8.88143e-07
-8.88143e-07
-8.88143e-07
-8.88143e-07
-8.88143e-07
-8.88143e-07
-8.88143e-07
-8.88143e-07
-8.88143e-07
-8.88143e-07
-8.88143e-07
-8.88143e-07
-8.88143e-07
-8.88143e-07
-8.88143e-07
-8.88143e-07
-8.88143e-07
-8.88143e-07
-8.88143e-07
-8.88143e-07
-8.88143e-07
-8.88143e-07
-8.88143e-07
-8.88143e-07
-8.88143e-07
-8.88143e-07
-8.88143e-07
-8.88143e-07
-8.52713e-07
-8.88143e-07
-8.88143e-07
-8.88143e-07
-8.88143e-07
-8.88143e-07
-8.88143e-07
-8.88143e-07
-8.88143e-07
-8.88143e-07
-8.88143e-07
-8.88143e-07
-8.88143e-07
-8.88143e-07
-8.88143e-07
-8.88143e-07
-8.88143e-07
-8.88143e-07
-8.88143e-07
-8.88143e-07
-8.88143e-07
-8.88143e-07
-8.88143e-07
-8.88143e-07
-8.88143e-07
-8.88143e-07
-8.88143e-07
-8.88143e-07
-8.88143e-07
-8.88143e-07
-8.76263e-07
-8.88143e-07
-8.88143e-07
-8.88143e-07
-8.88143e-07
-8.88143e-07
-8.88143e-07
-8.88143e-07
-8.88143e-07
-8.88143e-07
-8.88143e-07
-8.88143e-07
-8.88143e-07
-8.88143e-07
-8.88143e-07
-8.88143e-07
-8.88143e-07
-8.88143e-07
-8.88143e-07
-8.88143e-07
-8.88143e-07
-8.88143e-07
-8.88143e-07
-8.88143e-07
-8.88143e-07
-8.88143e-07
-8.88143e-07
-8.88143e-07
-8.88143e-07
-8.88143e-07
-8.75587e-07
-8.88143e-07
-8.88143e-07
-8.88143e-07
-8.88143e-07
-8.88143e-07
-8.88143e-07
-8.88143e-07
-8.88143e-07
-8.88143e-07
-8.88143e-07
-8.88143e-07
-8.88143e-07
-8.88143e-07
-8.88143e-07
-8.88143e-07
-8.88143e-07
-8.88143e-07
-8.88143e-07
-8.88143e-07
-8.88143e-07
-8.88143e-07
-8.88143e-07
-8.88143e-07
-8.88143e-07
-8.88143e-07
-8.88143e-07
-8.88143e-07
-8.88143e-07
-8.88143e-07
-8.83818e-07
-8.88143e-07
-8.88143e-07
-8.88143e-07
-8.88143e-07
-8.88143e-07
-8.88143e-07
-8.88143e-07
-8.88143e-07
-8.88143e-07
-8.88143e-07
-8.88143e-07
-8.88143e-07
-8.88143e-07
-8.88143e-07
-8.88143e-07
-8.88143e-07
-8.88143e-07
-8.88143e-07
-8.88143e-07
-8.88143e-07
-8.88143e-07
-8.88143e-07
-8.88143e-07
-8.88143e-07
-8.88143e-07
-8.88143e-07
-8.88143e-07
-8.88143e-07
-8.88143e-07
-8.2176e-07
-1.01874e-06
-1.01874e-06
-1.01874e-06
-1.01874e-06
-1.01874e-06
-1.01874e-06
-1.01874e-06
-1.01874e-06
-1.01874e-06
-1.01874e-06
-1.01874e-06
-1.01874e-06
-1.01874e-06
-1.01874e-06
-1.01874e-06
-1.01874e-06
-1.01874e-06
-1.01874e-06
-1.01874e-06
-1.01874e-06
-1.01874e-06
-1.01874e-06
-1.01874e-06
-1.01874e-06
-1.01874e-06
-1.01874e-06
-1.01874e-06
-1.01874e-06
-1.01874e-06
-1.01874e-06
-1.01874e-06
-1.01874e-06
-1.01874e-06
-1.01874e-06
-1.01874e-06
-1.01874e-06
-1.01874e-06
-1.01874e-06
-1.01874e-06
-1.01874e-06
-1.01874e-06
-1.01874e-06
-1.01874e-06
-1.01874e-06
-1.01874e-06
-1.01874e-06
-1.01874e-06
-1.01874e-06
-1.01874e-06
-1.01874e-06
-1.01874e-06
-1.01874e-06
-1.01874e-06
-1.01874e-06
-1.01874e-06
-1.01874e-06
-1.01874e-06
-1.01874e-06
-1.01874e-06
-1.01874e-06
-1.01874e-06
-1.01874e-06
-1.01874e-06
-1.01874e-06
-1.01874e-06
-1.01874e-06
-1.01874e-06
-1.01874e-06
-1.01874e-06
-1.01874e-06
-1.01874e-06
-1.01874e-06
-1.01874e-06
-1.01874e-06
-1.01874e-06
-1.01874e-06
-1.01874e-06
-1.01874e-06
-1.01874e-06
-1.01874e-06
-1.01874e-06
-1.01874e-06
-1.01874e-06
-1.01874e-06
-1.01874e-06
-1.01874e-06
-1.01874e-06
-1.01874e-06
-1.01874e-06
-1.01874e-06
-1.01874e-06
-1.01874e-06
-1.01874e-06
-1.01874e-06
-1.01874e-06
-1.01874e-06
-1.01874e-06
-1.01874e-06
-1.01874e-06
-1.01874e-06
-1.01874e-06
-1.01874e-06
-1.01874e-06
-1.01874e-06
-1.01874e-06
-1.01874e-06
-1.01874e-06
-1.01874e-06
-1.01874e-06
-1.01874e-06
-1.01874e-06
-1.01874e-06
-1.01874e-06
-1.01874e-06
-1.01874e-06
-1.01874e-06
-1.01874e-06
-1.01874e-06
-1.01874e-06
-1.01874e-06
-1.01874e-06
-1.01874e-06
-1.01874e-06
-1.01874e-06
-1.01874e-06
-1.01874e-06
-1.01874e-06
-1.01874e-06
-1.01874e-06
-1.01874e-06
-1.01874e-06
-1.01874e-06
-1.01874e-06
-1.01874e-06
-1.01874e-06
-1.01874e-06
-1.01874e-06
-1.01874e-06
-1.01874e-06
-1.01874e-06
-1.01874e-06
-1.01874e-06
-1.01874e-06
-1.01874e-06
-1.01874e-06
-1.01874e-06
-1.01874e-06
-1.01874e-06
-1.01874e-06
-1.01874e-06
-1.01874e-06
-1.01874e-06
-1.01874e-06
-1.01874e-06
-1.01874e-06
-1.01874e-06
-1.01874e-06
-1.01874e-06
-1.01874e-06
-1.01874e-06
-1.01874e-06
-1.01874e-06
-1.01874e-06
-1.01874e-06
-1.01874e-06
-1.01874e-06
-1.01874e-06
-1.01874e-06
-1.01874e-06
-1.01874e-06
-1.01874e-06
-1.01874e-06
-1.01874e-06
-1.01874e-06
-1.01874e-06
-1.01874e-06
-1.01874e-06
-1.01874e-06
-1.01874e-06
-1.01874e-06
-1.1359e-06
-1.1359e-06
-1.1359e-06
-1.1359e-06
-1.1359e-06
-1.1359e-06
-1.1359e-06
-1.1359e-06
-1.1359e-06
-1.1359e-06
-1.1359e-06
-1.1359e-06
-1.1359e-06
-1.1359e-06
-1.1359e-06
-1.1359e-06
-1.1359e-06
-1.1359e-06
-1.1359e-06
-1.1359e-06
-1.1359e-06
-1.1359e-06
-1.1359e-06
-1.1359e-06
-1.1359e-06
-1.1359e-06
-1.1359e-06
-1.1359e-06
-1.1359e-06
-1.1359e-06
-1.1359e-06
-1.1359e-06
-1.1359e-06
-1.1359e-06
-1.1359e-06
-1.1359e-06
-1.1359e-06
-1.1359e-06
-1.1359e-06
-1.1359e-06
-1.1359e-06
-1.1359e-06
-1.1359e-06
-1.1359e-06
-1.1359e-06
-1.1359e-06
-1.1359e-06
-1.1359e-06
-1.1359e-06
-1.1359e-06
-1.1359e-06
-1.1359e-06
-1.1359e-06
-1.1359e-06
-1.1359e-06
-1.1359e-06
-1.1359e-06
-1.1359e-06
-1.1359e-06
-1.1359e-06
-1.1359e-06
-1.1359e-06
-1.1359e-06
-1.1359e-06
-1.1359e-06
-1.1359e-06
-1.1359e-06
-1.1359e-06
-1.1359e-06
-1.1359e-06
-1.1359e-06
-1.1359e-06
-1.1359e-06
-1.1359e-06
-1.1359e-06
-1.1359e-06
-1.1359e-06
-1.1359e-06
-1.1359e-06
-1.1359e-06
-1.1359e-06
-1.1359e-06
-1.1359e-06
-1.1359e-06
-1.1359e-06
-1.1359e-06
-1.1359e-06
-1.1359e-06
-1.1359e-06
-1.1359e-06
-1.1359e-06
-1.1359e-06
-1.1359e-06
-1.1359e-06
-1.1359e-06
-1.1359e-06
-1.1359e-06
-1.1359e-06
-1.1359e-06
-1.1359e-06
-1.1359e-06
-1.1359e-06
-1.1359e-06
-1.1359e-06
-1.1359e-06
-1.1359e-06
-1.1359e-06
-1.1359e-06
-1.1359e-06
-1.1359e-06
-1.1359e-06
-1.1359e-06
-1.1359e-06
-1.1359e-06
-1.1359e-06
-1.1359e-06
-1.1359e-06
-1.1359e-06
-1.1359e-06
-1.1359e-06
-1.1359e-06
-1.1359e-06
-1.1359e-06
-1.1359e-06
-1.1359e-06
-1.1359e-06
-1.1359e-06
-1.1359e-06
-1.1359e-06
-1.1359e-06
-1.1359e-06
-1.1359e-06
-1.1359e-06
-1.1359e-06
-1.1359e-06
-1.1359e-06
-1.1359e-06
-1.1359e-06
-1.1359e-06
-1.1359e-06
-1.1359e-06
-1.1359e-06
-1.1359e-06
-1.1359e-06
-1.1359e-06
-1.1359e-06
-1.1359e-06
-1.1359e-06
-1.1359e-06
-1.1359e-06
-1.22928e-06
-1.22928e-06
-1.22928e-06
-1.22928e-06
-1.22928e-06
-1.22928e-06
-1.22928e-06
-1.22928e-06
-1.22928e-06
-1.22928e-06
-1.22928e-06
-1.22928e-06
-1.22928e-06
-1.22928e-06
-1.22928e-06
-1.22928e-06
-1.22928e-06
-1.22928e-06
-1.22928e-06
-1.22928e-06
-1.22928e-06
-1.22928e-06
-1.22928e-06
-1.22928e-06
-1.22928e-06
-1.22928e-06
-1.22928e-06
-1.22928e-06
-1.22928e-06
-1.22928e-06
-1.22928e-06
-1.22928e-06
-1.22928e-06
-1.22928e-06
-1.22928e-06
-1.22928e-06
-1.22928e-06
-1.22928e-06
-1.22928e-06
-1.22928e-06
-1.22928e-06
-1.22928e-06
-1.22928e-06
-1.22928e-06
-1.22928e-06
-1.22928e-06
-1.22928e-06
-1.22928e-06
-1.22928e-06
-1.22928e-06
-1.22928e-06
-1.22928e-06
-1.22928e-06
-1.22928e-06
-1.22928e-06
-1.22928e-06
-1.22928e-06
-1.22928e-06
-1.22928e-06
-1.22928e-06
-1.22928e-06
-1.22928e-06
-1.22928e-06
-1.22928e-06
-1.22928e-06
-1.22928e-06
-1.22928e-06
-1.22928e-06
-1.22928e-06
-1.22928e-06
-1.22928e-06
-1.22928e-06
-1.22928e-06
-1.22928e-06
-1.22928e-06
-1.22928e-06
-1.22928e-06
-1.22928e-06
-1.22928e-06
-1.22928e-06
-1.22928e-06
-1.22928e-06
-1.22928e-06
-1.22928e-06
-1.22928e-06
-1.22928e-06
-1.22928e-06
-1.22928e-06
-1.22928e-06
-1.22928e-06
-1.22928e-06
-1.22928e-06
-1.22928e-06
-1.22928e-06
-1.22928e-06
-1.22928e-06
-1.22928e-06
-1.22928e-06
-1.22928e-06
-1.22928e-06
-1.22928e-06
-1.22928e-06
-1.22928e-06
-1.22928e-06
-1.22928e-06
-1.22928e-06
-1.22928e-06
-1.22928e-06
-1.22928e-06
-1.22928e-06
-1.22928e-06
-1.22928e-06
-1.22928e-06
-1.22928e-06
-1.22928e-06
-1.22928e-06
-1.22928e-06
-1.22928e-06
-1.22928e-06
-1.22928e-06
-1.22928e-06
-1.22928e-06
-1.22928e-06
-1.22928e-06
-1.22928e-06
-1.22928e-06
-1.22928e-06
-1.22928e-06
-1.22928e-06
-1.22928e-06
-1.22928e-06
-1.22928e-06
-1.22928e-06
-1.22928e-06
-1.22928e-06
-1.22928e-06
-1.22928e-06
-1.22928e-06
-1.22928e-06
-1.22928e-06
-1.22928e-06
-1.22928e-06
-1.22928e-06
-1.22928e-06
-1.22928e-06
-1.22928e-06
-1.22928e-06
-1.22928e-06
-1.22928e-06
-1.22928e-06
-1.30676e-06
-1.30676e-06
-1.30676e-06
-1.30676e-06
-1.30676e-06
-1.30676e-06
-1.30676e-06
-1.30676e-06
-1.30676e-06
-1.30676e-06
-1.30676e-06
-1.30676e-06
-1.30676e-06
-1.30676e-06
-1.30676e-06
-1.30676e-06
-1.30676e-06
-1.30676e-06
-1.30676e-06
-1.30676e-06
-1.30676e-06
-1.30676e-06
-1.30676e-06
-1.30676e-06
-1.30676e-06
-1.30676e-06
-1.30676e-06
-1.30676e-06
-1.30676e-06
-1.30676e-06
-1.30676e-06
-1.30676e-06
-1.30676e-06
-1.30676e-06
-1.30676e-06
-1.30676e-06
-1.30676e-06
-1.30676e-06
-1.30676e-06
-1.30676e-06
-1.30676e-06
-1.30676e-06
-1.30676e-06
-1.30676e-06
-1.30676e-06
-1.30676e-06
-1.30676e-06
-1.30676e-06
-1.30676e-06
-1.30676e-06
-1.30676e-06
-1.30676e-06
-1.30676e-06
-1.30676e-06
-1.30676e-06
-1.30676e-06
-1.30676e-06
-1.30676e-06
-1.30676e-06
-1.30676e-06
-1.30676e-06
-1.30676e-06
-1.30676e-06
-1.30676e-06
-1.30676e-06
-1.30676e-06
-1.30676e-06
-1.30676e-06
-1.30676e-06
-1.30676e-06
-1.30676e-06
-1.30676e-06
-1.30676e-06
-1.30676e-06
-1.30676e-06
-1.30676e-06
-1.30676e-06
-1.30676e-06
-1.30676e-06
-1.30676e-06
-1.30676e-06
-1.30676e-06
-1.30676e-06
-1.30676e-06
-1.30676e-06
-1.30676e-06
-1.30676e-06
-1.30676e-06
-1.30676e-06
-1.30676e-06
-1.30676e-06
-1.30676e-06
-1.30676e-06
-1.30676e-06
-1.30676e-06
-1.30676e-06
-1.30676e-06
-1.30676e-06
-1.30676e-06
-1.30676e-06
-1.30676e-06
-1.30676e-06
-1.30676e-06
-1.30676e-06
-1.30676e-06
-1.30676e-06
-1.30676e-06
-1.30676e-06
-1.30676e-06
-1.30676e-06
-1.30676e-06
-1.30676e-06
-1.30676e-06
-1.30676e-06
-1.30676e-06
-1.30676e-06
-1.30676e-06
-1.30676e-06
-1.30676e-06
-1.30676e-06
-1.30676e-06
-1.30676e-06
-1.30676e-06
-1.30676e-06
-1.30676e-06
-1.30676e-06
-1.30676e-06
-1.30676e-06
-1.30676e-06
-1.30676e-06
-1.30676e-06
-1.30676e-06
-1.30676e-06
-1.30676e-06
-1.30676e-06
-1.30676e-06
-1.30676e-06
-1.30676e-06
-1.30676e-06
-1.30676e-06
-1.30676e-06
-1.30676e-06
-1.30676e-06
-1.30676e-06
-1.30676e-06
-1.30676e-06
-1.30676e-06
-1.30676e-06
-1.30676e-06
-1.30676e-06
-1.30676e-06
-1.30676e-06
-1.30676e-06
-1.30676e-06
-1.30676e-06
-1.30676e-06
-1.30676e-06
-1.30676e-06
-1.30676e-06
-1.30676e-06
-1.30676e-06
-1.30676e-06
-1.30676e-06
-1.30676e-06
-1.30676e-06
-1.30676e-06
-1.30676e-06
-1.30676e-06
-1.30676e-06
-1.30676e-06
-1.30676e-06
-1.30676e-06
-1.30676e-06
-1.30676e-06
-1.30676e-06
-1.30676e-06
-1.30676e-06
-1.30676e-06
-1.30676e-06
-1.30676e-06
-1.36085e-06
-1.36085e-06
-1.36085e-06
-1.36085e-06
-1.36085e-06
-1.36085e-06
-1.36085e-06
-1.36085e-06
-1.36085e-06
-1.36085e-06
-1.36085e-06
-1.36085e-06
-1.36085e-06
-1.36085e-06
-1.36085e-06
-1.36085e-06
-1.36085e-06
-1.36085e-06
-1.36085e-06
-1.36085e-06
-1.36085e-06
-1.36085e-06
-1.36085e-06
-1.36085e-06
-1.36085e-06
-1.36085e-06
-1.36085e-06
-1.36085e-06
-1.36085e-06
-1.36085e-06
-1.36085e-06
-1.36085e-06
-1.36085e-06
-1.36085e-06
-1.36085e-06
-1.36085e-06
-1.36085e-06
-1.36085e-06
-1.36085e-06
-1.36085e-06
-1.36085e-06
-1.36085e-06
-1.36085e-06
-1.36085e-06
-1.36085e-06
-1.36085e-06
-1.36085e-06
-1.36085e-06
-1.36085e-06
-1.36085e-06
-1.36085e-06
-1.36085e-06
-1.36085e-06
-1.36085e-06
-1.36085e-06
-1.36085e-06
-1.36085e-06
-1.36085e-06
-1.36085e-06
-1.36085e-06
-1.36085e-06
-1.36085e-06
-1.36085e-06
-1.36085e-06
-1.36085e-06
-1.36085e-06
-1.36085e-06
-1.36085e-06
-1.36085e-06
-1.36085e-06
-1.36085e-06
-1.36085e-06
-1.36085e-06
-1.36085e-06
-1.36085e-06
-1.36085e-06
-1.36085e-06
-1.36085e-06
-1.36085e-06
-1.36085e-06
-1.36085e-06
-1.36085e-06
-1.36085e-06
-1.36085e-06
-1.36085e-06
-1.36085e-06
-1.36085e-06
-1.36085e-06
-1.36085e-06
-1.36085e-06
-1.36085e-06
-1.36085e-06
-1.36085e-06
-1.36085e-06
-1.36085e-06
-1.36085e-06
-1.36085e-06
-1.36085e-06
-1.36085e-06
-1.36085e-06
-1.36085e-06
-1.36085e-06
-1.36085e-06
-1.36085e-06
-1.36085e-06
-1.36085e-06
-1.36085e-06
-1.36085e-06
-1.36085e-06
-1.36085e-06
-1.36085e-06
-1.36085e-06
-1.36085e-06
-1.36085e-06
-1.36085e-06
-1.36085e-06
-1.36085e-06
-1.36085e-06
-1.36085e-06
-1.36085e-06
-1.36085e-06
-1.36085e-06
-1.36085e-06
-1.36085e-06
-1.36085e-06
-1.36085e-06
-1.36085e-06
-1.36085e-06
-1.36085e-06
-1.36085e-06
-1.36085e-06
-1.36085e-06
-1.36085e-06
-1.36085e-06
-1.36085e-06
-1.36085e-06
-1.36085e-06
-1.36085e-06
-1.36085e-06
-1.36085e-06
-1.36085e-06
-1.36085e-06
-1.36085e-06
-1.36085e-06
-1.36085e-06
-1.36085e-06
-1.36085e-06
-1.36085e-06
-1.36085e-06
-1.36085e-06
-1.3893e-06
-1.3893e-06
-1.3893e-06
-1.3893e-06
-1.3893e-06
-1.3893e-06
-1.3893e-06
-1.3893e-06
-1.3893e-06
-1.3893e-06
-1.3893e-06
-1.3893e-06
-1.3893e-06
-1.3893e-06
-1.3893e-06
-1.3893e-06
-1.3893e-06
-1.3893e-06
-1.3893e-06
-1.3893e-06
-1.3893e-06
-1.3893e-06
-1.3893e-06
-1.3893e-06
-1.3893e-06
-1.3893e-06
-1.3893e-06
-1.3893e-06
-1.3893e-06
-1.3893e-06
-1.3893e-06
-1.3893e-06
-1.3893e-06
-1.3893e-06
-1.3893e-06
-1.3893e-06
-1.3893e-06
-1.3893e-06
-1.3893e-06
-1.3893e-06
-1.3893e-06
-1.3893e-06
-1.3893e-06
-1.3893e-06
-1.3893e-06
-1.3893e-06
-1.3893e-06
-1.3893e-06
-1.3893e-06
-1.3893e-06
-1.3893e-06
-1.3893e-06
-1.3893e-06
-1.3893e-06
-1.3893e-06
-1.3893e-06
-1.3893e-06
-1.3893e-06
-1.3893e-06
-1.3893e-06
-1.3893e-06
-1.3893e-06
-1.3893e-06
-1.3893e-06
-1.3893e-06
-1.3893e-06
-1.3893e-06
-1.3893e-06
-1.3893e-06
-1.3893e-06
-1.3893e-06
-1.3893e-06
-1.3893e-06
-1.3893e-06
-1.3893e-06
-1.3893e-06
-1.3893e-06
-1.3893e-06
-1.3893e-06
-1.3893e-06
-1.3893e-06
-1.3893e-06
-1.3893e-06
-1.3893e-06
-1.3893e-06
-1.3893e-06
-1.3893e-06
-1.3893e-06
-1.3893e-06
-1.3893e-06
-1.3893e-06
-1.3893e-06
-1.3893e-06
-1.3893e-06
-1.3893e-06
-1.3893e-06
-1.3893e-06
-1.3893e-06
-1.3893e-06
-1.3893e-06
-1.3893e-06
-1.3893e-06
-1.3893e-06
-1.3893e-06
-1.3893e-06
-1.3893e-06
-1.3893e-06
-1.3893e-06
-1.3893e-06
-1.3893e-06
-1.3893e-06
-1.3893e-06
-1.3893e-06
-1.3893e-06
-1.3893e-06
-1.3893e-06
-1.3893e-06
-1.3893e-06
-1.3893e-06
-1.3893e-06
-1.3893e-06
-1.3893e-06
-1.3893e-06
-1.3893e-06
-1.3893e-06
-1.3893e-06
-1.3893e-06
-1.3893e-06
-1.3893e-06
-1.3893e-06
-1.3893e-06
-1.3893e-06
-1.3893e-06
-1.3893e-06
-1.3893e-06
-1.3893e-06
-1.3893e-06
-1.3893e-06
-1.3893e-06
-1.3893e-06
-1.3893e-06
-1.3893e-06
-1.3893e-06
-1.3893e-06
-1.3893e-06
-1.3893e-06
-1.3893e-06
-1.3893e-06
-1.3893e-06
-1.3893e-06
-1.39345e-06
-1.39345e-06
-1.39345e-06
-1.39345e-06
-1.39345e-06
-1.39345e-06
-1.39345e-06
-1.39345e-06
-1.39345e-06
-1.39345e-06
-1.39345e-06
-1.39345e-06
-1.39345e-06
-1.39345e-06
-1.39345e-06
-1.39345e-06
-1.39345e-06
-1.39345e-06
-1.39345e-06
-1.39345e-06
-1.39345e-06
-1.39345e-06
-1.39345e-06
-1.39345e-06
-1.39345e-06
-1.39345e-06
-1.39345e-06
-1.39345e-06
-1.39345e-06
-1.39345e-06
-1.39345e-06
-1.39345e-06
-1.39345e-06
-1.39345e-06
-1.39345e-06
-1.39345e-06
-1.39345e-06
-1.39345e-06
-1.39345e-06
-1.39345e-06
-1.39345e-06
-1.39345e-06
-1.39345e-06
-1.39345e-06
-1.39345e-06
-1.39345e-06
-1.39345e-06
-1.39345e-06
-1.39345e-06
-1.39345e-06
-1.39345e-06
-1.39345e-06
-1.39345e-06
-1.39345e-06
-1.39345e-06
-1.39345e-06
-1.39345e-06
-1.39345e-06
-1.39345e-06
-1.39345e-06
-1.39345e-06
-1.39345e-06
-1.39345e-06
-1.39345e-06
-1.39345e-06
-1.39345e-06
-1.39345e-06
-1.39345e-06
-1.39345e-06
-1.39345e-06
-1.39345e-06
-1.39345e-06
-1.39345e-06
-1.39345e-06
-1.39345e-06
-1.39345e-06
-1.39345e-06
-1.39345e-06
-1.39345e-06
-1.39345e-06
-1.39345e-06
-1.39345e-06
-1.39345e-06
-1.39345e-06
-1.39345e-06
-1.39345e-06
-1.39345e-06
-1.39345e-06
-1.39345e-06
-1.39345e-06
-1.39345e-06
-1.39345e-06
-1.39345e-06
-1.39345e-06
-1.39345e-06
-1.39345e-06
-1.39345e-06
-1.39345e-06
-1.39345e-06
-1.39345e-06
-1.39345e-06
-1.39345e-06
-1.39345e-06
-1.39345e-06
-1.39345e-06
-1.39345e-06
-1.39345e-06
-1.39345e-06
-1.39345e-06
-1.39345e-06
-1.39345e-06
-1.39345e-06
-1.39345e-06
-1.39345e-06
-1.39345e-06
-1.39345e-06
-1.39345e-06
-1.39345e-06
-1.39345e-06
-1.39345e-06
-1.39345e-06
-1.39345e-06
-1.39345e-06
-1.39345e-06
-1.39345e-06
-1.39345e-06
-1.39345e-06
-1.39345e-06
-1.39345e-06
-1.39345e-06
-1.39345e-06
-1.39345e-06
-1.39345e-06
-1.39345e-06
-1.39345e-06
-1.39345e-06
-1.39345e-06
-1.39345e-06
-1.39345e-06
-1.39345e-06
-1.39345e-06
-1.39345e-06
-1.39345e-06
-1.39345e-06
-1.39345e-06
-1.39345e-06
-1.39345e-06
-1.39345e-06
-1.39345e-06
-1.39345e-06
-1.39345e-06
-1.39345e-06
-1.39345e-06
-1.39345e-06
-1.39345e-06
-1.39345e-06
-1.39345e-06
-1.39345e-06
-1.39345e-06
-1.39345e-06
-1.39345e-06
-1.39345e-06
-1.39345e-06
-1.39345e-06
-1.39345e-06
-1.39345e-06
-1.39345e-06
-1.39345e-06
-1.39345e-06
-1.39345e-06
-1.39345e-06
-1.39345e-06
-1.39345e-06
-1.39345e-06
-1.39345e-06
-1.39345e-06
-1.39345e-06
-1.39345e-06
-1.39345e-06
-1.39345e-06
-1.373e-06
-1.373e-06
-1.373e-06
-1.373e-06
-1.373e-06
-1.373e-06
-1.373e-06
-1.373e-06
-1.373e-06
-1.373e-06
-1.373e-06
-1.373e-06
-1.373e-06
-1.373e-06
-1.373e-06
-1.373e-06
-1.373e-06
-1.373e-06
-1.373e-06
-1.373e-06
-1.373e-06
-1.373e-06
-1.373e-06
-1.373e-06
-1.373e-06
-1.373e-06
-1.373e-06
-1.373e-06
-1.373e-06
-1.373e-06
-1.373e-06
-1.373e-06
-1.373e-06
-1.373e-06
-1.373e-06
-1.373e-06
-1.373e-06
-1.373e-06
-1.373e-06
-1.373e-06
-1.373e-06
-1.373e-06
-1.373e-06
-1.373e-06
-1.373e-06
-1.373e-06
-1.373e-06
-1.373e-06
-1.373e-06
-1.373e-06
-1.373e-06
-1.373e-06
-1.373e-06
-1.373e-06
-1.373e-06
-1.373e-06
-1.373e-06
-1.373e-06
-1.373e-06
-1.373e-06
-1.373e-06
-1.373e-06
-1.373e-06
-1.373e-06
-1.373e-06
-1.373e-06
-1.373e-06
-1.373e-06
-1.373e-06
-1.373e-06
-1.373e-06
-1.373e-06
-1.373e-06
-1.373e-06
-1.373e-06
-1.373e-06
-1.373e-06
-1.373e-06
-1.373e-06
-1.373e-06
-1.373e-06
-1.373e-06
-1.373e-06
-1.373e-06
-1.373e-06
-1.373e-06
-1.373e-06
-1.373e-06
-1.373e-06
-1.373e-06
-1.373e-06
-1.373e-06
-1.373e-06
-1.373e-06
-1.373e-06
-1.373e-06
-1.373e-06
-1.373e-06
-1.373e-06
-1.373e-06
-1.373e-06
-1.373e-06
-1.373e-06
-1.373e-06
-1.373e-06
-1.373e-06
-1.373e-06
-1.373e-06
-1.373e-06
-1.373e-06
-1.373e-06
-1.373e-06
-1.373e-06
-1.373e-06
-1.373e-06
-1.373e-06
-1.373e-06
-1.373e-06
-1.373e-06
-1.373e-06
-1.373e-06
-1.373e-06
-1.373e-06
-1.373e-06
-1.373e-06
-1.373e-06
-1.373e-06
-1.373e-06
-1.373e-06
-1.373e-06
-1.373e-06
-1.373e-06
-1.373e-06
-1.373e-06
-1.373e-06
-1.373e-06
-1.373e-06
-1.373e-06
-1.373e-06
-1.373e-06
-1.373e-06
-1.373e-06
-1.373e-06
-1.373e-06
-1.373e-06
-1.373e-06
-1.373e-06
-1.373e-06
-1.373e-06
-1.373e-06
-1.32879e-06
-1.32879e-06
-1.32879e-06
-1.32879e-06
-1.32879e-06
-1.32879e-06
-1.32879e-06
-1.32879e-06
-1.32879e-06
-1.32879e-06
-1.32879e-06
-1.32879e-06
-1.32879e-06
-1.32879e-06
-1.32879e-06
-1.32879e-06
-1.32879e-06
-1.32879e-06
-1.32879e-06
-1.32879e-06
-1.32879e-06
-1.32879e-06
-1.32879e-06
-1.32879e-06
-1.32879e-06
-1.32879e-06
-1.32879e-06
-1.32879e-06
-1.32879e-06
-1.32879e-06
-1.32879e-06
-1.32879e-06
-1.32879e-06
-1.32879e-06
-1.32879e-06
-1.32879e-06
-1.32879e-06
-1.32879e-06
-1.32879e-06
-1.32879e-06
-1.32879e-06
-1.32879e-06
-1.32879e-06
-1.32879e-06
-1.32879e-06
-1.32879e-06
-1.32879e-06
-1.32879e-06
-1.32879e-06
-1.32879e-06
-1.32879e-06
-1.32879e-06
-1.32879e-06
-1.32879e-06
-1.32879e-06
-1.32879e-06
-1.32879e-06
-1.32879e-06
-1.32879e-06
-1.32879e-06
-1.32879e-06
-1.32879e-06
-1.32879e-06
-1.32879e-06
-1.32879e-06
-1.32879e-06
-1.32879e-06
-1.32879e-06
-1.32879e-06
-1.32879e-06
-1.32879e-06
-1.32879e-06
-1.32879e-06
-1.32879e-06
-1.32879e-06
-1.32879e-06
-1.32879e-06
-1.32879e-06
-1.32879e-06
-1.32879e-06
-1.32879e-06
-1.32879e-06
-1.32879e-06
-1.32879e-06
-1.32879e-06
-1.32879e-06
-1.32879e-06
-1.32879e-06
-1.32879e-06
-1.32879e-06
-1.32879e-06
-1.32879e-06
-1.32879e-06
-1.32879e-06
-1.32879e-06
-1.32879e-06
-1.32879e-06
-1.32879e-06
-1.32879e-06
-1.32879e-06
-1.32879e-06
-1.32879e-06
-1.32879e-06
-1.32879e-06
-1.32879e-06
-1.32879e-06
-1.32879e-06
-1.32879e-06
-1.32879e-06
-1.32879e-06
-1.32879e-06
-1.32879e-06
-1.32879e-06
-1.32879e-06
-1.32879e-06
-1.32879e-06
-1.32879e-06
-1.32879e-06
-1.32879e-06
-1.32879e-06
-1.32879e-06
-1.32879e-06
-1.32879e-06
-1.32879e-06
-1.32879e-06
-1.32879e-06
-1.32879e-06
-1.32879e-06
-1.32879e-06
-1.32879e-06
-1.32879e-06
-1.32879e-06
-1.32879e-06
-1.32879e-06
-1.32879e-06
-1.32879e-06
-1.32879e-06
-1.32879e-06
-1.32879e-06
-1.32879e-06
-1.32879e-06
-1.32879e-06
-1.32879e-06
-1.32879e-06
-1.32879e-06
-1.32879e-06
-1.32879e-06
-1.32879e-06
-1.32879e-06
-1.32879e-06
-1.26016e-06
-1.26016e-06
-1.26016e-06
-1.26016e-06
-1.26016e-06
-1.26016e-06
-1.26016e-06
-1.26016e-06
-1.26016e-06
-1.26016e-06
-1.26016e-06
-1.26016e-06
-1.26016e-06
-1.26016e-06
-1.26016e-06
-1.26016e-06
-1.26016e-06
-1.26016e-06
-1.26016e-06
-1.26016e-06
-1.26016e-06
-1.26016e-06
-1.26016e-06
-1.26016e-06
-1.26016e-06
-1.26016e-06
-1.26016e-06
-1.26016e-06
-1.26016e-06
-1.26016e-06
-1.26016e-06
-1.26016e-06
-1.26016e-06
-1.26016e-06
-1.26016e-06
-1.26016e-06
-1.26016e-06
-1.26016e-06
-1.26016e-06
-1.26016e-06
-1.26016e-06
-1.26016e-06
-1.26016e-06
-1.26016e-06
-1.26016e-06
-1.26016e-06
-1.26016e-06
-1.26016e-06
-1.26016e-06
-1.26016e-06
-1.26016e-06
-1.26016e-06
-1.26016e-06
-1.26016e-06
-1.26016e-06
-1.26016e-06
-1.26016e-06
-1.26016e-06
-1.26016e-06
-1.26016e-06
-1.26016e-06
-1.26016e-06
-1.26016e-06
-1.26016e-06
-1.26016e-06
-1.26016e-06
-1.26016e-06
-1.26016e-06
-1.26016e-06
-1.26016e-06
-1.26016e-06
-1.26016e-06
-1.26016e-06
-1.26016e-06
-1.26016e-06
-1.26016e-06
-1.26016e-06
-1.26016e-06
-1.26016e-06
-1.26016e-06
-1.26016e-06
-1.26016e-06
-1.26016e-06
-1.26016e-06
-1.26016e-06
-1.26016e-06
-1.26016e-06
-1.26016e-06
-1.26016e-06
-1.26016e-06
-1.26016e-06
-1.26016e-06
-1.26016e-06
-1.26016e-06
-1.26016e-06
-1.26016e-06
-1.26016e-06
-1.26016e-06
-1.26016e-06
-1.26016e-06
-1.26016e-06
-1.26016e-06
-1.26016e-06
-1.26016e-06
-1.26016e-06
-1.26016e-06
-1.26016e-06
-1.26016e-06
-1.26016e-06
-1.26016e-06
-1.26016e-06
-1.26016e-06
-1.26016e-06
-1.26016e-06
-1.26016e-06
-1.26016e-06
-1.26016e-06
-1.26016e-06
-1.26016e-06
-1.26016e-06
-1.26016e-06
-1.26016e-06
-1.26016e-06
-1.26016e-06
-1.26016e-06
-1.26016e-06
-1.26016e-06
-1.26016e-06
-1.26016e-06
-1.26016e-06
-1.26016e-06
-1.26016e-06
-1.26016e-06
-1.26016e-06
-1.26016e-06
-1.26016e-06
-1.26016e-06
-1.26016e-06
-1.26016e-06
-1.26016e-06
-1.26016e-06
-1.26016e-06
-1.26016e-06
-1.26016e-06
-1.26016e-06
-1.26016e-06
-1.26016e-06
-1.26016e-06
-1.26016e-06
-1.26016e-06
-1.26016e-06
-1.26016e-06
-1.26016e-06
-1.26016e-06
-1.26016e-06
-1.26016e-06
-1.26016e-06
-1.26016e-06
-1.26016e-06
-1.26016e-06
-1.26016e-06
-1.26016e-06
-1.26016e-06
-1.26016e-06
-1.26016e-06
-1.26016e-06
-1.26016e-06
-1.26016e-06
-1.26016e-06
-1.26016e-06
-1.26016e-06
-1.26016e-06
-1.26016e-06
-1.26016e-06
-1.26016e-06
-1.26016e-06
-1.26016e-06
-1.26016e-06
-1.26016e-06
-1.26016e-06
-1.17032e-06
-1.17032e-06
-1.17032e-06
-1.17032e-06
-1.17032e-06
-1.17032e-06
-1.17032e-06
-1.17032e-06
-1.17032e-06
-1.17032e-06
-1.17032e-06
-1.17032e-06
-1.17032e-06
-1.17032e-06
-1.17032e-06
-1.17032e-06
-1.17032e-06
-1.17032e-06
-1.17032e-06
-1.17032e-06
-1.17032e-06
-1.17032e-06
-1.17032e-06
-1.17032e-06
-1.17032e-06
-1.17032e-06
-1.17032e-06
-1.17032e-06
-1.17032e-06
-1.17032e-06
-1.17032e-06
-1.17032e-06
-1.17032e-06
-1.17032e-06
-1.17032e-06
-1.17032e-06
-1.17032e-06
-1.17032e-06
-1.17032e-06
-1.17032e-06
-1.17032e-06
-1.17032e-06
-1.17032e-06
-1.17032e-06
-1.17032e-06
-1.17032e-06
-1.17032e-06
-1.17032e-06
-1.17032e-06
-1.17032e-06
-1.17032e-06
-1.17032e-06
-1.17032e-06
-1.17032e-06
-1.17032e-06
-1.17032e-06
-1.17032e-06
-1.17032e-06
-1.17032e-06
-1.17032e-06
-1.17032e-06
-1.17032e-06
-1.17032e-06
-1.17032e-06
-1.17032e-06
-1.17032e-06
-1.17032e-06
-1.17032e-06
-1.17032e-06
-1.17032e-06
-1.17032e-06
-1.17032e-06
-1.17032e-06
-1.17032e-06
-1.17032e-06
-1.17032e-06
-1.17032e-06
-1.17032e-06
-1.17032e-06
-1.17032e-06
-1.17032e-06
-1.17032e-06
-1.17032e-06
-1.17032e-06
-1.17032e-06
-1.17032e-06
-1.17032e-06
-1.17032e-06
-1.17032e-06
-1.17032e-06
-1.17032e-06
-1.17032e-06
-1.17032e-06
-1.17032e-06
-1.17032e-06
-1.17032e-06
-1.17032e-06
-1.17032e-06
-1.17032e-06
-1.17032e-06
-1.17032e-06
-1.17032e-06
-1.17032e-06
-1.17032e-06
-1.17032e-06
-1.17032e-06
-1.17032e-06
-1.17032e-06
-1.17032e-06
-1.17032e-06
-1.17032e-06
-1.17032e-06
-1.17032e-06
-1.17032e-06
-1.17032e-06
-1.17032e-06
-1.17032e-06
-1.17032e-06
-1.17032e-06
-1.17032e-06
-1.17032e-06
-1.17032e-06
-1.17032e-06
-1.17032e-06
-1.17032e-06
-1.17032e-06
-1.17032e-06
-1.17032e-06
-1.17032e-06
-1.17032e-06
-1.17032e-06
-1.17032e-06
-1.17032e-06
-1.17032e-06
-1.17032e-06
-1.17032e-06
-1.17032e-06
-1.17032e-06
-1.17032e-06
-1.17032e-06
-1.17032e-06
-1.17032e-06
-1.17032e-06
-1.17032e-06
-1.17032e-06
-1.17032e-06
-1.17032e-06
-1.17032e-06
-1.17032e-06
-1.17032e-06
-1.06745e-06
-1.06745e-06
-1.06745e-06
-1.06745e-06
-1.06745e-06
-1.06745e-06
-1.06745e-06
-1.06745e-06
-1.06745e-06
-1.06745e-06
-1.06745e-06
-1.06745e-06
-1.06745e-06
-1.06745e-06
-1.06745e-06
-1.06745e-06
-1.06745e-06
-1.06745e-06
-1.06745e-06
-1.06745e-06
-1.06745e-06
-1.06745e-06
-1.06745e-06
-1.06745e-06
-1.06745e-06
-1.06745e-06
-1.06745e-06
-1.06745e-06
-1.06745e-06
-1.06745e-06
-1.06745e-06
-1.06745e-06
-1.06745e-06
-1.06745e-06
-1.06745e-06
-1.06745e-06
-1.06745e-06
-1.06745e-06
-1.06745e-06
-1.06745e-06
-1.06745e-06
-1.06745e-06
-1.06745e-06
-1.06745e-06
-1.06745e-06
-1.06745e-06
-1.06745e-06
-1.06745e-06
-1.06745e-06
-1.06745e-06
-1.06745e-06
-1.06745e-06
-1.06745e-06
-1.06745e-06
-1.06745e-06
-1.06745e-06
-1.06745e-06
-1.06745e-06
-1.06745e-06
-1.06745e-06
-1.06745e-06
-1.06745e-06
-1.06745e-06
-1.06745e-06
-1.06745e-06
-1.06745e-06
-1.06745e-06
-1.06745e-06
-1.06745e-06
-1.06745e-06
-1.06745e-06
-1.06745e-06
-1.06745e-06
-1.06745e-06
-1.06745e-06
-1.06745e-06
-1.06745e-06
-1.06745e-06
-1.06745e-06
-1.06745e-06
-1.06745e-06
-1.06745e-06
-1.06745e-06
-1.06745e-06
-1.06745e-06
-1.06745e-06
-1.06745e-06
-1.06745e-06
-1.06745e-06
-1.06745e-06
-1.06745e-06
-1.06745e-06
-1.06745e-06
-1.06745e-06
-1.06745e-06
-1.06745e-06
-1.06745e-06
-1.06745e-06
-1.06745e-06
-1.06745e-06
-1.06745e-06
-1.06745e-06
-1.06745e-06
-1.06745e-06
-1.06745e-06
-1.06745e-06
-1.06745e-06
-1.06745e-06
-1.06745e-06
-1.06745e-06
-1.06745e-06
-1.06745e-06
-1.06745e-06
-1.06745e-06
-1.06745e-06
-1.06745e-06
-1.06745e-06
-1.06745e-06
-1.06745e-06
-1.06745e-06
-1.06745e-06
-1.06745e-06
-1.06745e-06
-1.06745e-06
-1.06745e-06
-1.06745e-06
-1.06745e-06
-1.06745e-06
-1.06745e-06
-1.06745e-06
-1.06745e-06
-1.06745e-06
-1.06745e-06
-1.06745e-06
-1.06745e-06
-1.06745e-06
-1.06745e-06
-1.06745e-06
-1.06745e-06
-1.06745e-06
-1.06745e-06
-1.06745e-06
-1.06745e-06
-1.06745e-06
-1.06745e-06
-1.06745e-06
-1.06745e-06
-1.06745e-06
-1.06745e-06
-1.06745e-06
-9.5655e-07
-9.5655e-07
-9.5655e-07
-9.5655e-07
-9.5655e-07
-9.5655e-07
-9.5655e-07
-9.5655e-07
-9.5655e-07
-9.5655e-07
-9.5655e-07
-9.5655e-07
-9.5655e-07
-9.5655e-07
-9.5655e-07
-9.5655e-07
-9.5655e-07
-9.5655e-07
-9.5655e-07
-9.5655e-07
-9.5655e-07
-9.5655e-07
-9.5655e-07
-9.5655e-07
-9.5655e-07
-9.5655e-07
-9.5655e-07
-9.5655e-07
-9.5655e-07
-9.5655e-07
-9.5655e-07
-9.5655e-07
-9.5655e-07
-9.5655e-07
-9.5655e-07
-9.5655e-07
-9.5655e-07
-9.5655e-07
-9.5655e-07
-9.5655e-07
-9.5655e-07
-9.5655e-07
-9.5655e-07
-9.5655e-07
-9.5655e-07
-9.5655e-07
-9.5655e-07
-9.5655e-07
-9.5655e-07
-9.5655e-07
-9.5655e-07
-9.5655e-07
-9.5655e-07
-9.5655e-07
-9.5655e-07
-9.5655e-07
-9.5655e-07
-9.5655e-07
-9.5655e-07
-9.5655e-07
-9.5655e-07
-9.5655e-07
-9.5655e-07
-9.5655e-07
-9.5655e-07
-9.5655e-07
-9.5655e-07
-9.5655e-07
-9.5655e-07
-9.5655e-07
-9.5655e-07
-9.5655e-07
-9.5655e-07
-9.5655e-07
-9.5655e-07
-9.5655e-07
-9.5655e-07
-9.5655e-07
-9.5655e-07
-9.5655e-07
-9.5655e-07
-9.5655e-07
-9.5655e-07
-9.5655e-07
-9.5655e-07
-9.5655e-07
-9.5655e-07
-9.5655e-07
-9.5655e-07
-9.5655e-07
-9.5655e-07
-9.5655e-07
-9.5655e-07
-9.5655e-07
-9.5655e-07
-9.5655e-07
-9.5655e-07
-9.5655e-07
-9.5655e-07
-9.5655e-07
-9.5655e-07
-9.5655e-07
-9.5655e-07
-9.5655e-07
-9.5655e-07
-9.5655e-07
-9.5655e-07
-9.5655e-07
-9.5655e-07
-9.5655e-07
-9.5655e-07
-9.5655e-07
-9.5655e-07
-9.5655e-07
-9.5655e-07
-9.5655e-07
-9.5655e-07
-9.5655e-07
-9.5655e-07
-9.5655e-07
-9.5655e-07
-9.5655e-07
-9.5655e-07
-9.5655e-07
-9.5655e-07
-9.5655e-07
-9.5655e-07
-9.5655e-07
-9.5655e-07
-9.5655e-07
-9.5655e-07
-9.5655e-07
-9.5655e-07
-9.5655e-07
-9.5655e-07
-9.5655e-07
-9.5655e-07
-9.5655e-07
-9.5655e-07
-9.5655e-07
-9.5655e-07
-9.5655e-07
-9.5655e-07
-9.5655e-07
-9.5655e-07
-9.5655e-07
-9.5655e-07
-9.5655e-07
-9.5655e-07
-9.5655e-07
-9.5655e-07
-9.5655e-07
-9.5655e-07
-9.5655e-07
-9.5655e-07
-9.5655e-07
-9.5655e-07
-9.5655e-07
-9.5655e-07
-9.5655e-07
-9.5655e-07
-9.5655e-07
-9.5655e-07
-9.5655e-07
-9.5655e-07
-9.5655e-07
-9.5655e-07
-9.5655e-07
-9.5655e-07
-9.5655e-07
-9.5655e-07
-9.5655e-07
-9.5655e-07
-9.5655e-07
-9.5655e-07
-9.5655e-07
-9.5655e-07
-9.5655e-07
-9.5655e-07
-9.5655e-07
-8.80205e-07
-8.80205e-07
-8.80205e-07
-8.80205e-07
-8.80205e-07
-8.80205e-07
-8.80205e-07
-8.80205e-07
-8.80205e-07
-8.80205e-07
-8.80205e-07
-8.80205e-07
-8.80205e-07
-8.80205e-07
-8.80205e-07
-8.80205e-07
-8.80205e-07
-8.80205e-07
-8.80205e-07
-8.80205e-07
-8.80205e-07
-8.80205e-07
-8.80205e-07
-8.80205e-07
-8.80205e-07
-8.80205e-07
-8.80205e-07
-8.80205e-07
-8.80205e-07
-8.80205e-07
-8.80205e-07
-8.80205e-07
-8.80205e-07
-8.80205e-07
-8.80205e-07
-8.80205e-07
-8.80205e-07
-8.80205e-07
-8.80205e-07
-8.80205e-07
-8.80205e-07
-8.80205e-07
-8.80205e-07
-8.80205e-07
-8.80205e-07
-8.80205e-07
-8.80205e-07
-8.80205e-07
-8.80205e-07
-8.80205e-07
-8.80205e-07
-8.80205e-07
-8.80205e-07
-8.80205e-07
-8.80205e-07
-8.80205e-07
-8.80205e-07
-8.80205e-07
-8.80205e-07
-8.80205e-07
-8.80205e-07
-8.80205e-07
-8.80205e-07
-8.80205e-07
-8.80205e-07
-8.80205e-07
-8.80205e-07
-8.80205e-07
-8.80205e-07
-8.80205e-07
-8.80205e-07
-8.80205e-07
-8.80205e-07
-8.80205e-07
-8.80205e-07
-8.80205e-07
-8.80205e-07
-8.80205e-07
-8.80205e-07
-8.80205e-07
-8.80205e-07
-8.80205e-07
-8.80205e-07
-8.80205e-07
-8.80205e-07
-8.80205e-07
-8.80205e-07
-8.80205e-07
-8.80205e-07
-8.80205e-07
-8.80205e-07
-8.80205e-07
-8.80205e-07
-8.80205e-07
-8.80205e-07
-8.80205e-07
-8.80205e-07
-8.80205e-07
-8.80205e-07
-8.80205e-07
-8.80205e-07
-8.80205e-07
-8.80205e-07
-8.80205e-07
-8.80205e-07
-8.80205e-07
-8.80205e-07
-8.80205e-07
-8.80205e-07
-8.80205e-07
-8.80205e-07
-8.80205e-07
-8.80205e-07
-8.80205e-07
-8.80205e-07
-8.80205e-07
-8.80205e-07
-8.80205e-07
-8.80205e-07
-8.80205e-07
-8.80205e-07
-8.80205e-07
-8.80205e-07
-8.80205e-07
-8.80205e-07
-8.80205e-07
-8.80205e-07
-8.80205e-07
-8.80205e-07
-8.80205e-07
-8.80205e-07
-8.80205e-07
-8.80205e-07
-8.80205e-07
-8.80205e-07
-8.80205e-07
-8.80205e-07
-8.80205e-07
-8.80205e-07
-8.80205e-07
-8.80205e-07
-8.80205e-07
-8.80205e-07
-8.80205e-07
-8.80205e-07
-8.80205e-07
-8.80205e-07
-8.80205e-07
-8.80205e-07
-8.80205e-07
0
0
0
0
0
0
0
0
0
0
0
0
0
0
0
0
0
0
0
0
0
0
0
0
0
0
0
0
0
0
0
0
0
0
0
0
0
0
0
0
0
0
0
0
0
0
0
0
0
0
0
0
0
0
0
0
0
0
0
0
0
0
0
0
0
0
0
0
0
0
0
0
0
0
0
0
0
0
0
0
0
0
0
0
0
0
0
0
0
0
0
0
0
0
0
0
0
0
0
0
0
0
0
0
0
0
0
0
0
0
0
0
0
0
0
0
0
0
0
0
0
0
0
0
0
0
0
0
0
0
0
0
0
0
0
0
0
0
0
0
0
0
0
0
0
0
0
0
0
0
0
0
0
0
0
0
0
0
0
0
0
0
0
0
0
0
0
0
0
0
0
0
0
0
0
0
0
0
0
0
0
0
0
0
0
0
0
0
0
0
0
0
0
0
0
0
0
0
0
0
0
0
0
0
0
0
0
0
0
0
0
0
0
0
0
0
0
0
0
0
0
0
0
0
0
0
0
0
0
0
0
0
0
0
0
0
0
0
0
0
0
0
0
0
0
0
0
0
0
0
0
0
0
0
0
0
0
0
0
0
0
0
0
0
0
0
0
0
0
0
0
0
0
0
0
0
0
0
0
0
0
0
0
0
0
0
0
0
0
0
0
0
0
0
0
0
0
0
0
0
0
0
0
0
0
0
0
0
0
0
0
0
0
0
0
0
0
0
0
0
0
0
0
0
0
0
0
0
0
0
0
0
0
0
0
0
0
0
0
0
0
0
0
0
0
0
0
0
0
0
0
0
0
0
0
0
0
0
0
0
0
0
0
0
0
0
0
0
0
0
0
0
0
0
0
0
0
0
0
0
0
0
0
0
0
0
0
0
0
0
0
0
0
0
0
0
0
0
0
0
0
0
0
0
0
0
0
0
0
0
0
0
0
0
0
0
0
0
0
0
0
0
0
0
0
0
0
0
0
0
0
0
0
0
0
0
0
0
0
0
0
0
0
0
0
0
0
0
0
0
0
0
0
0
0
0
0
0
0
0
0
0
0
0
0
0
0
0
0
0
0
0
0
0
0
0
0
0
0
0
0
0
0
0
0
0
0
0
0
0
0
0
0
0
0
0
0
0
0
0
0
0
0
0
0
0
0
0
0
0
0
0
0
0
0
0
0
0
0
0
0
0
0
0
0
0
0
0
0
0
0
0
0
0
0
0
0
0
0
0
0
0
0
0
0
0
0
0
0
0
0
0
0
0
0
0
0
0
0
0
0
0
0
0
0
0
0
0
0
0
0
0
0
0
0
0
0
0
0
0
0
0
0
0
0
0
0
0
0
0
0
0
0
0
0
0
0
0
0
0
0
0
0
0
0
0
0
0
0
0
0
0
0
0
0
0
0
0
0
0
0
0
0
0
0
0
0
0
0
0
0
0
0
0
0
0
0
0
0
0
0
0
0
0
0
0
0
0
0
0
0
0
0
0
0
0
0
0
0
0
0
0
0
0
0
0
0
0
0
0
0
0
0
0
0
0
0
0
0
0
0
0
0
0
0
0
0
0
0
0
0
0
0
0
0
0
0
0
0
0
0
0
0
0
0
0
0
0
0
0
0
0
0
0
0
0
0
0
0
0
0
0
0
0
0
0
0
0
0
0
0
0
0
0
0
0
0
0
0
0
0
0
0
0
0
0
0
0
0
0
0
0
0
0
0
0
0
0
0
0
0
0
0
0
0
0
0
0
0
0
0
0
0
0
0
0
0
0
0
0
0
0
0
0
0
0
0
0
0
0
0
0
0
0
0
0
0
0
0
0
0
0
0
0
0
0
0
0
0
0
0
0
0
0
0
0
0
0
0
0
0
0
0
0
0
0
0
0
0
0
0
0
0
0
0
0
0
0
0
0
0
0
0
0
0
0
0
0
0
0
0
0
0
0
0
0
0
0
0
0
0
0
0
0
0
0
0
0
0
0
0
0
0
0
0
0
0
0
0
0
0
0
0
0
0
0
0
0
0
0
0
0
0
0
0
0
0
0
0
0
0
0
0
0
0
0
0
0
0
0
0
0
0
0
0
0
0
0
0
0
0
0
0
0
0
0
0
0
0
0
0
0
0
0
0
0
0
0
0
0
0
0
0
0
0
0
0
0
0
0
0
0
0
0
0
0
0
0
0
0
0
0
0
0
0
0
0
0
0
0
0
0
0
0
0
0
0
0
0
0
0
0
0
0
0
0
0
0
0
0
0
0
0
0
0
0
0
0
0
0
0
0
0
0
0
0
0
0
0
0
0
0
0
0
0
0
0
0
0
0
0
0
0
0
0
0
0
0
0
0
0
0
0
0
0
0
0
0
0
0
0
0
0
0
0
0
0
0
0
0
0
0
0
0
0
0
0
0
0
0
0
0
0
0
0
0
0
0
0
0
0
0
0
0
0
0
0
0
0
0
0
0
0
0
0
0
0
0
0
0
0
0
0
0
0
0
0
0
0
0
0
0
0
0
0
0
0
0
0
0
0
0
0
0
0
0
0
0
0
0
0
0
0
0
0
0
0
0
0
0
0
0
0
0
0
0
0
0
0
0
0
0
0
0
0
0
0
0
0
0
0
0
0
0
0
0
0
0
0
0
0
0
0
0
0
0
0
0
0
0
0
0
0
0
0
0
0
0
0
0
0
0
0
0
0
0
0
0
0
0
0
0
0
0
0
0
0
0
0
0
0
0
0
0
0
0
0
0
0
0
0
0
0
0
0
0
0
0
0
0
0
0
0
0
0
0
0
0
0
0
0
0
0
0
0
0
0
0
0
0
0
0
0
0
0
0
0
0
0
0
0
0
0
0
0
0
0
0
0
0
0
0
0
0
0
0
0
0
0
0
0
0
0
0
0
0
0
0
0
0
0
0
0
0
0
0
0
0
0
0
0
0
0
0
0
0
0
0
0
0
0
0
0
0
0
0
0
0
0
0
0
0
0
0
0
0
0
0
0
0
0
0
0
0
0
0
0
0
0
0
0
0
0
0
0
0
0
0
0
0
0
0
0
0
0
0
0
0
0
0
0
0
0
0
0
0
0
0
0
0
0
0
0
0
0
0
0
0
0
0
0
0
0
0
0
0
0
0
0
0
0
0
0
0
0
0
0
0
0
0
0
0
0
0
0
0
0
0
0
0
0
0
0
0
0
0
0
0
0
0
0
0
0
0
0
0
0
0
0
0
)
;

boundaryField
{
    fuelBottom
    {
        type            empty;
    }
    fuelTop_1
    {
        type            empty;
    }
    fuelOuter
    {
        type            zeroGradient;
    }
    fuelTop
    {
        type            empty;
    }
    fuelInner
    {
        type            zeroGradient;
    }
    cladBottom
    {
        type            empty;
    }
    cladInner
    {
        type            zeroGradient;
    }
    cladOuter
    {
        type            zeroGradient;
    }
    cladTop
    {
        type            empty;
    }
    front
    {
        type            wedge;
    }
    back
    {
        type            wedge;
    }
}


// ************************************************************************* //
