/*--------------------------------*- C++ -*----------------------------------*\
| =========                 |                                                 |
| \\      /  F ield         | OpenFOAM: The Open Source CFD Toolbox           |
|  \\    /   O peration     | Version:  2412                                  |
|   \\  /    A nd           | Website:  www.openfoam.com                      |
|    \\/     M anipulation  |                                                 |
\*---------------------------------------------------------------------------*/
FoamFile
{
    version     2.0;
    format      ascii;
    arch        "LSB;label=32;scalar=64";
    class       volScalarField;
    location    "51801860.86068268/fuelBehaviourRegion";
    object      epsilonPEq;
}
// * * * * * * * * * * * * * * * * * * * * * * * * * * * * * * * * * * * * * //

dimensions      [0 0 0 0 0 0 0];

internalField   nonuniform List<scalar> 
4720
(
0
0
0
0
0
0
0
0
0
0
0
0
0
0
0
0
0
0
0
0
0
0
0
0
0
0
0
0
0
0
0
0
0
0
0
0
0
0
0
0
0
0
0
0
0
0
0
0
0
0
0
0
0
0
0
0
0
0
0
0
0
0
0
0
0
0
0
0
0
0
0
0
0
0
0
0
0
0
0
0
0
0
0
0
0
0
0
0
0
0
0
0
0
0
0
0
0
0
0
0
0
0
0
0
0
0
0
0
0
0
0
0
0
0
0
0
0
0
0
0
0
0
0
0
0
0
0
0
0
0
0
0
0
0
0
0
0
0
0
0
0
0
0
0
0
0
0
0
0
0
0
0
0
0
0
0
0
0
0
0
0
0
0
0
0
0
0
0
0
0
0
0
0
0
0
0
0
0
0
0
0
0
0
0
0
0
0
0
0
0
0
0
0
0
0
0
0
0
0
0
0
0
0
0
0
0
0
0
0
0
0
0
0
0
0
0
0
0
0
0
0
0
0
0
0
0
0
0
0
0
0
0
0
0
0
0
0
0
0
0
0
0
0
0
0
0
0
0
0
0
0
0
0
0
0
0
0
0
0
0
0
0
0
0
0
0
0
0
0
0
0
0
0
0
0
0
0
0
0
0
0
0
0
0
0
0
0
0
0
0
0
0
0
0
0
0
0
0
0
0
0
0
0
0
0
0
0
0
0
0
0
0
0
0
0
0
0
0
0
0
0
0
0
0
0
0
0
0
0
0
0
0
0
0
0
0
0
0
0
0
0
0
0
0
0
0
0
0
0
0
0
0
0
0
0
0
0
0
0
0
0
0
0
0
0
0
0
0
0
0
0
0
0
0
0
0
0
0
0
0
0
0
0
0
0
0
0
0
0
0
0
0
0
0
0
0
0
0
0
0
0
0
0
0
0
0
0
0
0
0
0
0
0
0
0
0
0
0
0
0
0
0
0
0
0
0
0
0
0
0
0
0
0
0
0
0
0
0
0
0
0
0
0
0
0
0
0
0
0
0
0
0
0
0
0
0
0
0
0
0
0
0
0
0
0
0
0
0
0
0
0
0
0
0
0
0
0
0
0
0
0
0
0
0
0
0
0
0
0
0
0
0
0
0
0
0
0
0
0
0
0
0
0
0
0
0
0
0
0
0
0
0
0
0
0
0
0
0
0
0
0
0
0
0
0
0
0
0
0
0
0
0
0
0
0
0
0
0
0
0
0
0
0
0
0
0
0
0
0
0
0
0
0
0
0
0
0
0
0
0
0
0
0
0
0
0
0
0
0
0
0
0
0
0
0
0
0
0
0
0
0
0
0
0
0
0
0
0
0
0
0
0
0
0
0
0
0
0
0
0
0
0
0
0
0
0
0
0
0
0
0
0
0
0
0
0
0
0
0
0
0
0
0
0
0
0
0
0
0
0
0
0
0
0
0
0
0
0
0
0
0
0
0
0
0
0
0
0
0
0
0
0
0
0
0
0
0
0
0
0
0
0
0
0
0
0
0
0
0
0
0
0
0
0
0
0
0
0
0
0
0
0
0
0
0
0
0
0
0
0
0
0
0
0
0
0
0
0
0
0
0
0
0
0
0
0
0
0
0
0
0
0
0
0
0
0
0
0
0
0
0
0
0
0
0
0
0
0
0
0
0
0
0
0
0
0
0
0
0
0
0
0
0
0
0
0
0
0
0
0
0
0
0
0
0
0
0
0
0
0
0
0
0
0
0
0
0
0
0
0
0
0
0
0
0
0
0
0
0
0
0
0
0
0
0
0
0
0
0
0
0
0
0
0
0
0
0
0
0
0
0
0
0
0
0
0
0
0
0
0
0
0
0
0
0
0
0
0
0
0
0
0
0
0
0
0
0
0
0
0
0
0
0
0
0
0
0
0
0
0
0
0
0
0
0
0
0
0
0
0
0
0
0
0
0
0
0
0
0
0
0
0
0
0
0
0
0
0
0
0
0
0
0
0
0
0
0
0
0
0
0
0
0
0
0
0
0
0
0
0
0
0
0
0
0
0
0
0
0
0
0
0
0
0
0
0
0
0
0
0
0
0
0
0
0
0
0
0
0
0
0
0
0
0
0
0
0
0
0
0
0
0
0
0
0
0
0
0
0
0
0
0
0
0
0
0
0
0
0
0
0
0
0
0
0
0
0
0
0
0
0
0
0
0
0
0
0
0
0
0
0
0
0
0
0
0
0
0
0
0
0
0
0
0
0
0
0
0
0
0
0
0
0
0
0
0
0
0
0
0
0
0
0
0
0
0
0
0
0
0
0
0
0
0
0
0
0
0
0
0
0
0
0
0
0
0
0
0
0
0
0
0
0
0
0
0
0
0
0
0
0
0
0
0
0
0
0
0
0
0
0
0
0
0
0
0
0
0
0
0
0
0
0
0
0
0
0
0
0
0
0
0
0
0
0
0
0
0
0
0
0
0
0
0
0
0
0
0
0
0
0
0
0
0
0
0
0
0
0
0
0
0
0
0
0
0
0
0
0
0
0
0
0
0
0
0
0
0
0
0
0
0
0
0
0
0
0
0
0
0
0
0
0
0
0
0
0
0
0
0
0
0
0
0
0
0
0
0
0
0
0
0
0
0
0
0
0
0
0
0
0
0
0
0
0
0
0
0
0
0
0
0
0
0
0
0
0
0
0
0
0
0
0
0
0
0
0
0
0
0
0
0
0
0
0
0
0
0
0
0
0
0
0
0
0
0
0
0
0
0
0
0
0
0
0
0
0
0
0
0
0
0
0
0
0
0
0
0
0
0
0
0
0
0
0
0
0
0
0
0
0
0
0
0
0
0
0
0
0
0
0
0
0
0
0
0
0
0
0
0
0
0
0
0
0
0
0
0
0
0
0
0
0
0
0
0
0
0
0
0
0
0
0
0
0
0
0
0
0
0
0
0
0
0
0
0
0
0
0
0
0
0
0
0
0
0
0
0
0
0
0
0
0
0
0
0
0
0
0
0
0
0
0
0
0
0
0
0
0
0
0
0
0
0
0
0
0
0
0
0
0
0
0
0
0
0
0
0
0
0
0
0
0
0
0
0
0
0
0
0
0
0
0
0
0
0
0
0
0
0
0
0
0
0
0
0
0
0
0
0
0
0
0
0
0
0
0
0
0
0
0
0
0
0
0
0
0
0
0
0
0
0
0
0
0
0
0
0
0
0
0
0
0
0
0
0
0
0
0
0
0
0
0
0
0
0
0
0
0
0
0
0
0
0
0
0
0
0
0
0
0
0
0
0
0
0
0
0
0
0
0
0
0
0
0
0
0
0
0
0
0
0
0
0
0
0
0
0
0
0
0
0
0
0
0
0
0
0
0
0
0
0
0
0
0
0
0
0
0
0
0
0
0
0
0
0
0
0
0
0
0
0
0
0
0
0
0
0
0
0
0
0
0
0
0
0
0
0
0
0
0
0
0
0
0
0
0
0
0
0
0
0
0
0
0
0
0
0
0
0
0
0
0
0
0
0
0
0
0
0
0
0
0
0
0
0
0
0
0
0
0
0
0
0
0
0
0
0
0
0
0
0
0
0
0
0
0
0
0
0
0
0
0
0
0
0
0
0
0
0
0
0
0
0
0
0
0
0
0
0
0
0
0
0
0
0
0
0
0
0
0
0
0
0
0
0
0
0
0
0
0
0
0
0
0
0
0
0
0
0
0
0
0
0
0
0
0
0
0
0
0
0
0
0
0
0
0
0
0
0
0
0
0
0
0
0
0
0
0
0
0
0
0
0
0
0
0
0
0
0
0
0
0
0
0
0
0
0
0
0
0
0
0
0
0
0
0
0
0
0
0
0
0
0
0
0
0
0
0
0
0
0
0
0
0
0
0
0
0
0
0
0
0
0
0
0
0
0
0
0
0
0
0
0
0
0
0
0
0
0
0
0
0
0
0
0
0
0
0
0
0
0
0
0
0
0
0
0
0
0
0
0
0
0
0
0
0
0
0
0
0
0
0
0
0
0
0
0
0
0
0
0
0
0
0
0
0
0
0
0
0
0
0
0
0
0
0
0
0
0
0
0
0
0
0
0
0
0
0
0
0
0
0
0
0
0
0
0
0
0
0
0
0
0
0
0
0
0
0
0
0
0
0
0
0
0
0
0
0
0
0
0
0
0
0
0
0
0
0
0
0
0
0
0
0
0
0
0
0
0
0
0
0
0
0
0
0
0
0
0
0
0
0
0
0
0
0
0
0
0
0
0
0
0
0
0
0
0
0
0
0
0
0
0
0
0
0
0
0
0
0
0
0
0
0
0
0
0
0
0
0
0
0
0
0
0
0
0
0
0
0
0
0
0
0
0
0
0
0
0
0
0
0
0
0
0
0
0
0
0
0
0
0
0
0
0
0
0
0
0
0
0
0
0
0
0
0
0
0
0
0
0
0
0
0
0
0
0
0
0
0
0
0
0
0
0
0
0
0
0
0
0
0
0
0
0
0
0
0
0
0
0
0
0
0
0
0
0
0
0
0
0
0
0
0
0
0
0
0
0
0
0
0
0
0
0
0
0
0
0
0
0
0
0
0
0
0
0
0
0
0
0
0
0
0
0
0
0
0
0
0
0
0
0
0
0
0
0
0
0
0
0
0
0
0
0
0
0
0
0
0
0
0
0
0
0
0
0
0
0
0
0
0
0
0
0
0
0
0
0
0
0
0
0
0
0
0
0
0
0
0
0
0
0
0
0
0
0
0
0
0
0
0
0
0
0
0
0
0
0
0
0
0
0
0
0
0
0
0
0
0
0
0
0
0
0
0
0
0
0
0
0
0
0
0
0
0
0
0
0
0
0
0
0
0
0
0
0
0
0
0
0
0
0
0
0
0
0
0
0
0
0
0
0
0
0
0
0
0
0
0
0
0
0
0
0
0
0
0
0
0
0
0
0
0
0
0
0
0
0
0
0
0
0
0
0
0
0
0
0
0
0
0
0
0
0
0
0
0
0
0
0
0
0
0
0
0
0
0
0
0
0
0
0
0
0
0
0
0
0
0
0
0
0
0
0
0
0
0
0
0
0
0
0
0
0
0
0
0
0
0
0
0
0
0
0
0
0
0
0
0
0
0
0
0
0
0
0
0
0
0
0
0
0
0
0
0
0
0
0
0
0
0
0
0
0
0
0
0
0
0
0
0
0
0
0
0
0
0
0
0
0
0
0
0
0
0
0
0
0
0
0
0
0
0
0
0
0
0
0
0
0
0
0
0
0
0
0
0
0
0
0
0
0
0
0
0
0
0
0
0
0
0
0
0
0
0
0
0
0
0
0
0
0
0
0
0
0
0
0
0
0
0
0
0
0
0
0
0
0
0
0
0
0
0
0
0
0
0
0
0
0
0
0
0
0
0
0
0
0
0
0
0
0
0
0
0
0
0
0
0
0
0
0
0
0
0
0
0
0
0
0
0
0
0
0
0
0
0
0
0
0
0
0
0
0
0
0
0
0
0
0
0
0
0
0
0
0
0
0
0
0
0
0
0
0
0
0
0
0
0
0
0
0
0
0
0
0
0
0
0
0
0
0
0
0
0
0
0
0
0
0
0
0
0
0
0
0
0
0
0
0
0
0
0
0
0
0
0
0
0
0
0
0
0
0
0
0
0
0
0
0
0
0
0
0
0
0
0
0
0
0
0
0
0
0
0
0
0
0
0
0
0
0
0
0
0
0
0
0
0
0
0
0
0
0
0
0
0
0
0
0
0
0
0
0
0
0
0
0
0
0
0
0
0
0
0
0
0
0
0
0
0
0
0
0
0
0
0
0
0
0
0
0
0
0
0
0
0
0
0
0
0
0
0
0
0
0
0
0
0
0
0
0
0
0
0
0
0
0
0
0
0
0
0
0
0
0
0
0
0
0
0
0
0
0
0
0
0
0
0
0
0
0
0
0
0
0
0
0
0
0
0
0
0
0
0
0
0
0
0
0
0
0
0
0
0
0
0
0
0
0
0
0
0
0
0
0
0
0
0
0
0
0
0
0
0
0
0
0
0
0
0
0
0
0
0
0
0
0
0
0
0
0
0
0
0
0
0
0
0
0
0
0
0
0
0
0
0
0
0
0
0
0
0
0
0
0
0
0
0
0
0
0
0
0
0
0
0
0
0
0
0
0
0
0
0
0
0
0
0
0
0
0
0
0
0
0
0
0
0
0
0
0
0
0
0
0
0
0
0
0
0
0
0
0
0
0
0
0
0
0
0
0
0
0
0
0
0
0
0
0
0
0
0
0
0
0
0
0
0
0
0
0
0
0
0
0
0
0
0
0
0
0
0
0
0
0
0
0
0
0
0
0
0
0
0
0
0
0
0
0
0
0
0
0
0
0
0
0
0
0
0
0
0
0
0
0
0
0
0
0
0
0
0
0
0
0
0
0
0
0
0
0
0
0
0
0
0
0
0
0
0
0
0
0
0
0
0
0
0
0
0
0
0
0
0
0
0
0
0
0
0
0
0
0
0
0
0
0
0
0
0
0
0
0
0
0
0
0
0
0
0
0
0
0
0
0
0
0
0
0
0
0
0
0
0
0
0
0
0
0
0
0
0
0
0
0
0
0
0
0
0
0
0
0
0
0
0
0
0
0
0
0
0
0
0
0
0
0
0
0
0
0
0
0
0
0
0
0
0
0
0
0
0
0
0
0
0
0
0
0
0
0
0
0
0
0
0
0
0
0
0
0
0
0
0
0
0
0
0
0
0
0
0
0
0
0
0
0
0
0
0
0
0
0
0
0
0
0
0
0
0
0
0
0
0
0
0
0
0
0
0
0
0
0
0
0
0
0
0
0
0
0
0
0
0
0
0
0
0
0
0
0
0
0
0
0
0
0
0
0
0
0
0
0
0
0
0
0
0
0
0
0
0
0
0
0
0
0
0
0
0
0
0
0
0
0
0
0
0
0
0
0
0
0
0
0
0
0
0
0
0
0
0
0
0
0
0
0
0
0
0
0
0
0
0
0
0
0
0
0
0
0
0
0
0
0
0
0
0
0
0
0
0
0
0
0
0
0
0
0
0
0
0
0
0
0
0
0
0
0
0
0
0
0
0
0
0
0
0
0
0
0
0
0
0
0
0
0
0
0
0
0
0
0
0
0
0
0
0
0
0
0
0
0
0
0
0
0
0
0
0
0
0
0
0
0
0
0
0
0
0
0
0
0
0
0
0
0
0
0
0
0
0
0
0
0
0
0
0
0
0
0
0
0
0
0
0
0
0
0
0
0
0
0
0
0
0
0
0
0
0
0
0
0
0
0
0
0
0
0
0
0
0
0
0
0
0
0
0
0
0
0
0
0
0
0
0
0
0
0
0
0
0
0
0
0
0
0
0
0
0
0
0
0
0
0
0
0
0
0
0
0
0
0
0
0
0
0
0
0
0
0
0
0
0
0
0
0
0
0
0
0
0
0
0
0
0
0
0
0
0
0
0
0
0
0
0
0
0.000299963
0.000299958
0.000299953
0.000299948
0.000299944
0.00029994
0.000299936
0.000299932
0.000299928
0.000299925
0.000297068
0.000297063
0.000297058
0.000297053
0.000297049
0.000297044
0.00029704
0.000297037
0.000297033
0.00029703
0.000294004
0.000293999
0.000293994
0.000293989
0.000293984
0.00029398
0.000293976
0.000293972
0.000293969
0.000293965
0.000290766
0.000290761
0.000290756
0.000290751
0.000290746
0.000290742
0.000290738
0.000290734
0.000290731
0.000290727
0.000287331
0.000287325
0.00028732
0.000287316
0.000287311
0.000287307
0.000287303
0.0002873
0.000287296
0.000287293
0.000281089
0.000281084
0.000281079
0.000281074
0.00028107
0.000281066
0.000281062
0.000281058
0.000281055
0.000281051
0.000273024
0.000273018
0.000273013
0.000273009
0.000273004
0.000273
0.000272996
0.000272992
0.000272989
0.000272985
0.000264062
0.000264057
0.000264052
0.000264048
0.000264043
0.000264039
0.000264035
0.000264032
0.000264028
0.000264025
0.000251992
0.000251988
0.000251983
0.000251978
0.000251974
0.00025197
0.000251966
0.000251963
0.000251959
0.000251956
0.000236084
0.00023608
0.000236074
0.00023607
0.000236065
0.000236061
0.000236057
0.000236054
0.00023605
0.000236047
0.000217987
0.000217983
0.000217978
0.000217974
0.00021797
0.000217966
0.000217962
0.000217959
0.000217956
0.000217952
0.000194015
0.000194012
0.000194007
0.000194004
0.000194
0.000193997
0.000193994
0.00019399
0.000193989
0.000193984
0.000157773
0.000157772
0.000157766
0.000157762
0.000157758
0.000157754
0.000157751
0.000157747
0.000157746
0.000157739
0.000115279
0.00011528
0.000115274
0.000115271
0.000115267
0.000115263
0.00011526
0.000115256
0.000115255
0.000115246
6.29971e-05
6.30072e-05
6.30008e-05
6.30004e-05
6.29985e-05
6.29972e-05
6.29967e-05
6.29944e-05
6.29991e-05
6.29838e-05
0
0
0
0
0
0
0
0
0
0
0
0
0
0
0
0
0
0
0
0
0
0
0
0
0
0
0
0
0
0
0
0
0
0
0
0
0
0
0
0
0
0
0
0
0
0
0
0
0
0
0
0
0
0
0
0
0
0
0
0
0
0
0
0
0
0
0
0
0
0
0
0
0
0
0
0
0
0
0
0
0
0
0
0
0
0
0
0
0
0
0
0
0
0
0
0
0
0
0
0
0
0
0
0
0
0
0
0
0
0
0
0
0
0
0
0
0
0
0
0
0
0
0
0
0
0
0
0
0
0
0
0
0
0
0
0
0
0
0
0
0
0
0
0
0
0
0
0
0
0
0
0
0
0
0
0
0
0
0
0
0
0
0
0
0
0
0
0
0
0
0
0
0
0
0
0
0
0
0
0
0
0
0
0
0
0
0
0
0
0
0
0
0
0
0
0
0
0
0
0
0
0
0
0
0
0
0
0
0
0
0
0
0
0
0
0
0
0
0
0
0
0
0
0
0
0
0
0
0
0
0
0
0
0
0
0
0
0
0
0
0
0
0
0
0
0
0
0
0
0
0
0
0
0
0
0
0
0
0
0
0
0
0
0
0
0
0
0
0
0
0
0
0
0
0
0
0
0
0
0
0
0
0
0
0
0
0
0
0
0
0
0
0
0
0
0
0
0
0
0
0
0
0
0
0
0
0
0
0
0
0
0
0
0
0
0
0
0
0
0
0
0
0
0
0
0
0
0
0
0
0
0
0
0
0
0
0
0
0
0
0
0
0
0
0
0
0
0
0
0
3.45857e-05
0
0
0
0
0
0
0
0
0
0.000143234
8.17689e-05
2.70278e-05
0
0
0
0
0
0
0
0.000208123
0.000144125
8.70307e-05
3.65948e-05
0
0
0
0
0
0
0.000256496
0.00019155
0.000133406
8.18539e-05
3.64405e-05
0
0
0
0
0
0.000295658
0.000232738
0.000175769
0.000125377
8.08158e-05
4.18046e-05
7.919e-06
0
0
0
0.000423922
0.000370477
0.000318798
0.00027396
0.000233513
0.000197858
0.000166714
0.000138912
0.000116979
9.26277e-05
0.00162519
0.00141629
0.00121832
0.00103932
0.000880701
0.000745874
0.000636373
0.000551491
0.000494082
0.000454896
0.00184865
0.00164706
0.00145395
0.00127577
0.00111619
0.000979185
0.000867352
0.00078172
0.000723893
0.000690856
0.00195022
0.00176648
0.00158871
0.00142218
0.00127084
0.00113854
0.00102816
0.000941433
0.000879892
0.000842698
0.00204516
0.00187711
0.00171228
0.00155534
0.00141016
0.0012805
0.00116942
0.00107908
0.00101131
0.000966204
0.00204324
0.00189782
0.00175505
0.00161855
0.00149121
0.00137588
0.00127496
0.0011902
0.00112324
0.00107427
0.00218914
0.00205163
0.00191283
0.00177691
0.00164727
0.00152747
0.00142065
0.00132932
0.00125595
0.00120119
0.00232852
0.00220336
0.00207188
0.00193868
0.0018079
0.00168396
0.001571
0.00147261
0.00139223
0.00133161
0.00241471
0.00230591
0.00218689
0.00206213
0.00193607
0.0018135
0.00169911
0.00159721
0.00151188
0.00144595
0.00243627
0.00234318
0.00223852
0.00212625
0.00201049
0.0018957
0.00178638
0.00168681
0.00160107
0.00153236
0.00244416
0.00236567
0.00227455
0.00217424
0.00206852
0.00196149
0.0018574
0.00176042
0.00167457
0.00160326
0.00243516
0.0023691
0.00229077
0.00220307
0.00210913
0.00201246
0.00191668
0.00182546
0.00174237
0.00167058
0.00243293
0.00238009
0.0023147
0.00223922
0.0021563
0.00206901
0.00198059
0.00189439
0.00181376
0.00174172
0.00244499
0.0024127
0.00236466
0.00230293
0.00223003
0.00214906
0.00206352
0.00197717
0.00189396
0.00181763
0.00243185
0.00242341
0.00239633
0.0023519
0.00229218
0.00222011
0.00213929
0.00205389
0.0019685
0.00188774
0.0024043
0.00240798
0.00239371
0.0023621
0.00231461
0.00225355
0.00218201
0.00210366
0.00202271
0.00194358
0.00237312
0.00238719
0.00238432
0.00236448
0.00232854
0.00227823
0.00221604
0.00214514
0.00206926
0.00199251
0.00235524
0.00236739
0.00236559
0.00234985
0.00232076
0.00227954
0.00222795
0.00216822
0.00210301
0.00203522
0.00229584
0.00232707
0.00234416
0.00234606
0.00233251
0.00230407
0.00226206
0.00220853
0.00214617
0.00207816
0.00221838
0.00226637
0.00230156
0.00232155
0.00232494
0.0023113
0.00228127
0.00223639
0.00217916
0.00211279
0.00213809
0.00219405
0.00223966
0.00227172
0.00228797
0.00228716
0.00226916
0.00223484
0.00218612
0.00212577
0.00206253
0.00212178
0.00217318
0.00221313
0.00223887
0.00224859
0.00224152
0.0022179
0.00217897
0.00212687
0.00201897
0.00207469
0.00212397
0.00216381
0.00219178
0.00220624
0.00220628
0.00219179
0.00216344
0.00212254
0.00192872
0.00198793
0.00204342
0.00209169
0.0021297
0.00215519
0.00216662
0.00216324
0.00214517
0.00211319
0.00183323
0.00189367
0.0019542
0.00201062
0.00205909
0.00209646
0.00212036
0.00212925
0.00212252
0.00210035
0.00171611
0.0017761
0.00184139
0.0019069
0.00196764
0.00201922
0.00205801
0.00208131
0.00208751
0.00207595
0.00163113
0.00168772
0.00175237
0.00182007
0.00188571
0.00194458
0.00199263
0.00202656
0.00204416
0.00204406
0.00155137
0.00160341
0.00166583
0.00173384
0.0018024
0.00186671
0.0019224
0.00196579
0.00199414
0.00200548
0.00148518
0.00153263
0.00159144
0.00165728
0.00172556
0.00179175
0.00185166
0.00190156
0.0019385
0.00196021
0.00145343
0.00149562
0.00154826
0.00160779
0.00167046
0.00173254
0.0017905
0.00184117
0.00188187
0.00191047
0.00144702
0.00147024
0.00150742
0.00155529
0.00161017
0.00166826
0.00172576
0.00177909
0.00182507
0.001861
0.00137632
0.00137869
0.00140051
0.00143894
0.00149011
0.00154969
0.00161302
0.00167535
0.00173232
0.00177975
0.0012951
0.00129039
0.00130554
0.00133842
0.00138564
0.00144331
0.00150702
0.00157212
0.0016342
0.00168874
0.0012156
0.00120515
0.00121445
0.0012419
0.00128471
0.00133946
0.00140216
0.00146842
0.0015339
0.00159408
0.00114226
0.00113607
0.00114665
0.00117261
0.00121175
0.00126143
0.00131855
0.00137973
0.00144158
0.00150054
0.00111116
0.00109417
0.0010939
0.00110946
0.00113918
0.00118083
0.00123171
0.00128873
0.00134868
0.00140811
0.0010723
0.00104049
0.00102613
0.00102926
0.00104881
0.00108305
0.0011295
0.00118509
0.00124648
0.0013097
0.00101068
0.000970527
0.000947273
0.000941781
0.000953667
0.000981811
0.00102422
0.00107809
0.00114019
0.00120638
0.00093885
0.000896991
0.000870535
0.000860758
0.00086774
0.000890895
0.000928763
0.000979051
0.00103898
0.00110476
0.000853435
0.000816837
0.000793664
0.000785054
0.000791151
0.000811601
0.000845366
0.000890722
0.000945562
0.00100685
0.000772703
0.000740468
0.00071988
0.000711971
0.000716932
0.0007346
0.000764264
0.000804658
0.000854222
0.000910537
0.00071101
0.000676318
0.000652045
0.000639568
0.000639461
0.00065196
0.00067676
0.000712969
0.00075937
0.000813755
0.000658361
0.000617531
0.000585385
0.000564126
0.000555115
0.000559372
0.000577284
0.000608513
0.000652228
0.000706332
0.000582833
0.000544321
0.000512713
0.000490303
0.000478641
0.00047902
0.000492177
0.000518199
0.000556703
0.000606085
0.000509257
0.000473857
0.000443741
0.000421189
0.00040785
0.00040518
0.000414179
0.00043528
0.000468491
0.000512675
0.000435345
0.000403668
0.000375881
0.000354209
0.000340257
0.000335547
0.000341221
0.000357948
0.000386063
0.000424797
0.000339444
0.000314502
0.000292836
0.000276355
0.000266151
0.000263381
0.000268913
0.000283266
0.00030688
0.000339059
0.000253434
0.000209231
0.000192568
0.000179918
0.000172359
0.000171055
0.00017694
0.00019066
0.000212818
0.000242956
0.000212885
0.000160511
0.000126589
0.000114274
0.000105746
0.000102444
0.000105642
0.000116372
0.000135543
0.000163274
0.000173087
0.000121533
8.03299e-05
6.02313e-05
5.19962e-05
4.77882e-05
4.89711e-05
5.6734e-05
7.21523e-05
9.57068e-05
0.000158336
9.91782e-05
4.6423e-05
1.38897e-05
6.57275e-06
2.18217e-06
2.0368e-06
7.32329e-06
1.91469e-05
3.81843e-05
0.000171363
0.000115422
6.53456e-05
2.07954e-05
0
0
0
0
0
0
0.000202237
0.00014669
9.68325e-05
5.2352e-05
1.28758e-05
0
0
0
0
0
0.000258521
0.000199432
0.00014632
9.8964e-05
5.69306e-05
1.98644e-05
0
0
0
0
0.000294155
0.000234894
0.000181597
0.000133927
9.15475e-05
5.40657e-05
2.11405e-05
0
0
0
0.000323134
0.00026429
0.000211281
0.000163763
0.000121378
8.37964e-05
5.06418e-05
2.15994e-05
0
0
0.000326365
0.000271992
0.000222809
0.00017852
0.00013877
0.00010328
7.17354e-05
4.38329e-05
1.93196e-05
0
0.000336695
0.000285842
0.000239654
0.000197905
0.000160249
0.000126431
9.6182e-05
6.9226e-05
4.53464e-05
2.42248e-05
0.000397295
0.000342092
0.000291988
0.000246761
0.00020607
0.000169599
0.000137058
0.000108162
8.26794e-05
6.02285e-05
0.000433157
0.000377706
0.000327333
0.000281807
0.000240796
0.000204006
0.00017113
0.000141885
0.000116041
9.32527e-05
0.000465519
0.000410094
0.00035969
0.000314063
0.000272895
0.000235898
0.000202784
0.000173262
0.000147101
0.000123984
0.000495261
0.000439804
0.000389316
0.000343543
0.000302178
0.000264938
0.00023154
0.00020171
0.000175204
0.000151734
0.000504687
0.000452234
0.000404342
0.000360767
0.000321228
0.000285465
0.000253221
0.000224247
0.000198322
0.000175192
0.000508085
0.000459592
0.000415145
0.000374533
0.000337502
0.000303819
0.00027326
0.000245602
0.000220659
0.000198192
0.000542634
0.000493421
0.000448269
0.000406987
0.000369311
0.000335015
0.000303872
0.000275659
0.000250198
0.000227224
0.00058114
0.00053071
0.000484432
0.000442107
0.000403472
0.000368296
0.000336351
0.000307411
0.000281293
0.000257734
0.000608804
0.000558402
0.000512117
0.000469735
0.000431005
0.000395698
0.000363589
0.00033446
0.000308122
0.00028434
0.000623279
0.000574579
0.00052977
0.000488638
0.000450952
0.000416492
0.000385049
0.000356418
0.000330418
0.000306845
0.000623434
0.000578517
0.000537041
0.000498815
0.00046363
0.000431294
0.00040162
0.00037443
0.000349564
0.000326842
0.000637212
0.000594137
0.00055426
0.000517421
0.000483415
0.000452067
0.000423203
0.000396655
0.000372284
0.0003499
0.000675536
0.000630764
0.000589329
0.000551068
0.00051577
0.000483252
0.000453335
0.000425842
0.000400633
0.000377502
0.000701916
0.000657139
0.000615676
0.000577354
0.000541969
0.00050934
0.00047929
0.000451647
0.000426267
0.000402963
0.000719203
0.000675267
0.000634535
0.000596828
0.000561955
0.000529738
0.000500009
0.000472603
0.000447377
0.000424167
0.000719563
0.000678781
0.000640855
0.00060562
0.000572907
0.000542556
0.000514417
0.000488346
0.000464212
0.000441877
0.000715323
0.000678445
0.000644009
0.000611882
0.000581913
0.000553967
0.000527916
0.000503633
0.000481016
0.000459929
0.00075562
0.000716333
0.000679687
0.000645552
0.00061376
0.000584167
0.000556634
0.000531023
0.000507228
0.000485087
0.000780018
0.000740757
0.000704117
0.000669964
0.000638135
0.000608487
0.000580883
0.000555187
0.000531293
0.000509046
0.000803053
0.000763805
0.000727159
0.000692979
0.000661105
0.000631394
0.000603712
0.000577925
0.000553925
0.000531566
0.000825397
0.000786092
0.000749379
0.000715112
0.000683137
0.000653312
0.000625503
0.000599579
0.000575429
0.00055292
0.000831905
0.000794694
0.000759858
0.00072726
0.000696759
0.000668225
0.000641535
0.000616571
0.000593229
0.000571392
0.00083174
0.000797598
0.000765526
0.000735413
0.000707129
0.000680564
0.000655609
0.000632161
0.000610134
0.000589415
0.000861862
0.000826635
0.000793548
0.0007625
0.000733353
0.000705993
0.000680308
0.000656189
0.000633551
0.000612266
0.000887543
0.000852008
0.000818621
0.000787285
0.000757863
0.000730239
0.000704304
0.000679945
0.000657078
0.000635578
0.000910084
0.000874483
0.00084104
0.000809622
0.000780109
0.000752384
0.000726336
0.00070186
0.000678861
0.00065724
0.000927602
0.000891528
0.000857601
0.000825711
0.000795727
0.000767538
0.000741032
0.000716097
0.000692655
0.000670561
0.000662097
0.000658559
0.000655037
0.000651588
0.000648186
0.000644843
0.000641559
0.000638315
0.000635138
0.000631952
0.000622352
0.000622358
0.00062236
0.000622365
0.000622369
0.000622375
0.00062238
0.000622386
0.000622395
0.000622398
)
;

boundaryField
{
    fuelBottom
    {
        type            empty;
    }
    fuelTop_1
    {
        type            empty;
    }
    fuelOuter
    {
        type            calculated;
        value           uniform 0;
    }
    fuelTop
    {
        type            empty;
    }
    fuelInner
    {
        type            calculated;
        value           uniform 0;
    }
    cladBottom
    {
        type            empty;
    }
    cladInner
    {
        type            calculated;
        value           nonuniform List<scalar> 
142
(
0.00029992
0.000297025
0.000293961
0.000290723
0.000287287
0.000281046
0.000272981
0.000264019
0.000251949
0.000236041
0.000217944
0.000193971
0.000157728
0.000115233
6.29459e-05
0
0
0
0
0
0
0
0
0
0
0
0
0
0
0
0
0
0
0
0
0
0
0
0
0
0
0
0
0
0
0
0
0
0
0
3.51499e-05
0.000143923
0.000208864
0.000257238
0.000296145
0.000423059
0.00162585
0.00184967
0.00195129
0.00204618
0.00204411
0.00218997
0.0023293
0.00241545
0.00243694
0.00244477
0.0024357
0.00243339
0.00244536
0.00243212
0.0024045
0.00237325
0.00235535
0.00229585
0.00221828
0.00213792
0.0020623
0.00201874
0.00192844
0.00183282
0.0017156
0.00163059
0.00155081
0.00148462
0.0014529
0.0014465
0.00137584
0.00129461
0.00121512
0.00114181
0.00111076
0.00107192
0.00101029
0.000938425
0.000853003
0.000772199
0.00071037
0.000657572
0.000581875
0.000508118
0.000434096
0.000338077
0.000252508
0.00021199
0.000172251
0.000159131
0.00017212
0.000202928
0.000259293
0.000294928
0.000323904
0.000327086
0.000337362
0.00039799
0.000433847
0.000466204
0.000495944
0.000505338
0.000508691
0.000543236
0.000581748
0.00060941
0.000623868
0.000623985
0.00063774
0.000676073
0.000702451
0.00071973
0.000720062
0.00071578
0.000756095
0.000780489
0.000803521
0.000825866
0.000832355
0.000832159
0.000862287
0.000887968
0.000910511
0.000928033
0.000662223
0.000622463
)
;
    }
    cladOuter
    {
        type            calculated;
        value           nonuniform List<scalar> 
142
(
0.00029983
0.000296935
0.000293871
0.000290633
0.000287199
0.000280957
0.000272891
0.000263931
0.000251862
0.000235953
0.000217858
0.00019389
0.000157643
0.000115149
6.28818e-05
0
0
0
0
0
0
0
0
0
0
0
0
0
0
0
0
0
0
0
0
0
0
0
0
0
0
0
0
0
0
0
0
0
0
0
0
0
0
0
0
9.01841e-05
0.000452674
0.000690206
0.000842518
0.000966203
0.00107431
0.00120122
0.00133168
0.00144609
0.00153256
0.00160348
0.00167081
0.00174195
0.00181785
0.00188796
0.0019438
0.00199272
0.00203542
0.00207833
0.00211293
0.00212587
0.00212693
0.00212259
0.0021132
0.00210038
0.00207592
0.00204402
0.00200543
0.00196016
0.00191043
0.00186115
0.00177983
0.00168882
0.00159418
0.00150067
0.00140832
0.00130992
0.0012066
0.00110501
0.00100712
0.000910832
0.00081408
0.000706687
0.000606488
0.000513123
0.000425268
0.000339496
0.000243402
0.000163868
9.63857e-05
3.89243e-05
0
0
0
0
0
0
2.45123e-05
6.05144e-05
9.35462e-05
0.000124285
0.000152045
0.000175504
0.000198492
0.000227517
0.000258031
0.000284645
0.000307153
0.000327142
0.00035019
0.000377793
0.000403258
0.000424466
0.00044217
0.000460207
0.000485368
0.000509327
0.000531848
0.000553206
0.000571675
0.000589686
0.000612537
0.000635848
0.000657518
0.000670838
0.000632086
0.000622531
)
;
    }
    cladTop
    {
        type            empty;
    }
    front
    {
        type            wedge;
    }
    back
    {
        type            wedge;
    }
}


// ************************************************************************* //
