/*--------------------------------*- C++ -*----------------------------------*\
| =========                 |                                                 |
| \\      /  F ield         | OpenFOAM: The Open Source CFD Toolbox           |
|  \\    /   O peration     | Version:  2412                                  |
|   \\  /    A nd           | Website:  www.openfoam.com                      |
|    \\/     M anipulation  |                                                 |
\*---------------------------------------------------------------------------*/
FoamFile
{
    version     2.0;
    format      ascii;
    arch        "LSB;label=32;scalar=64";
    class       volScalarField;
    location    "583.522882481/fuelBehaviourRegion";
    object      lambda;
}
// * * * * * * * * * * * * * * * * * * * * * * * * * * * * * * * * * * * * * //

dimensions      [1 -1 -2 0 0 0 0];

internalField   nonuniform List<scalar> 
4720
(
7.69605e+10
7.69618e+10
7.69649e+10
7.69695e+10
7.69758e+10
7.69835e+10
7.69929e+10
7.70037e+10
7.70162e+10
7.70301e+10
7.70456e+10
7.70626e+10
7.70811e+10
7.71012e+10
7.71227e+10
7.71457e+10
7.71702e+10
7.71962e+10
7.72236e+10
7.72524e+10
7.72826e+10
7.73143e+10
7.73474e+10
7.73818e+10
7.74176e+10
7.74548e+10
7.74932e+10
7.7533e+10
7.75741e+10
7.76164e+10
7.69542e+10
7.69556e+10
7.69586e+10
7.69633e+10
7.69695e+10
7.69772e+10
7.69866e+10
7.69975e+10
7.70099e+10
7.70238e+10
7.70393e+10
7.70564e+10
7.70749e+10
7.70949e+10
7.71165e+10
7.71395e+10
7.7164e+10
7.71899e+10
7.72173e+10
7.72462e+10
7.72764e+10
7.73081e+10
7.73412e+10
7.73756e+10
7.74115e+10
7.74486e+10
7.74871e+10
7.75269e+10
7.7568e+10
7.76103e+10
7.6945e+10
7.69464e+10
7.69494e+10
7.69541e+10
7.69603e+10
7.69681e+10
7.69774e+10
7.69883e+10
7.70007e+10
7.70146e+10
7.70301e+10
7.70472e+10
7.70657e+10
7.70857e+10
7.71072e+10
7.71303e+10
7.71548e+10
7.71807e+10
7.72081e+10
7.7237e+10
7.72672e+10
7.72989e+10
7.7332e+10
7.73664e+10
7.74022e+10
7.74394e+10
7.74778e+10
7.75176e+10
7.75587e+10
7.76011e+10
7.69423e+10
7.69437e+10
7.69468e+10
7.69514e+10
7.69576e+10
7.69654e+10
7.69747e+10
7.69856e+10
7.69981e+10
7.7012e+10
7.70275e+10
7.70446e+10
7.70631e+10
7.70832e+10
7.71047e+10
7.71278e+10
7.71523e+10
7.71782e+10
7.72057e+10
7.72345e+10
7.72648e+10
7.72965e+10
7.73296e+10
7.73641e+10
7.73999e+10
7.74371e+10
7.74756e+10
7.75155e+10
7.75566e+10
7.7599e+10
7.69406e+10
7.6942e+10
7.69451e+10
7.69497e+10
7.6956e+10
7.69637e+10
7.69731e+10
7.6984e+10
7.69964e+10
7.70104e+10
7.70259e+10
7.7043e+10
7.70615e+10
7.70816e+10
7.71031e+10
7.71262e+10
7.71507e+10
7.71767e+10
7.72041e+10
7.7233e+10
7.72633e+10
7.7295e+10
7.73281e+10
7.73626e+10
7.73984e+10
7.74356e+10
7.74741e+10
7.7514e+10
7.75551e+10
7.75975e+10
7.69372e+10
7.69386e+10
7.69417e+10
7.69464e+10
7.69527e+10
7.69605e+10
7.697e+10
7.6981e+10
7.69936e+10
7.70077e+10
7.70234e+10
7.70406e+10
7.70593e+10
7.70796e+10
7.71014e+10
7.71247e+10
7.71494e+10
7.71757e+10
7.72034e+10
7.72325e+10
7.72631e+10
7.72952e+10
7.73286e+10
7.73634e+10
7.73996e+10
7.74371e+10
7.7476e+10
7.75161e+10
7.75576e+10
7.76004e+10
5.65692e+10
5.65703e+10
5.65727e+10
5.65765e+10
5.65814e+10
5.65877e+10
5.65951e+10
5.66038e+10
5.66138e+10
5.6625e+10
5.66374e+10
5.6651e+10
5.66658e+10
5.66818e+10
5.66991e+10
5.67175e+10
5.67371e+10
5.67578e+10
5.67797e+10
5.68028e+10
5.6827e+10
5.68523e+10
5.68788e+10
5.69063e+10
5.69349e+10
5.69646e+10
5.69953e+10
5.70271e+10
5.70599e+10
5.70937e+10
5.65536e+10
5.65547e+10
5.65572e+10
5.6561e+10
5.6566e+10
5.65723e+10
5.65798e+10
5.65886e+10
5.65986e+10
5.66099e+10
5.66224e+10
5.66361e+10
5.6651e+10
5.66672e+10
5.66846e+10
5.67031e+10
5.67229e+10
5.67438e+10
5.67659e+10
5.67891e+10
5.68135e+10
5.6839e+10
5.68656e+10
5.68933e+10
5.69221e+10
5.6952e+10
5.69829e+10
5.70149e+10
5.70479e+10
5.70819e+10
5.65507e+10
5.65518e+10
5.65543e+10
5.65581e+10
5.65631e+10
5.65694e+10
5.65769e+10
5.65857e+10
5.65958e+10
5.66071e+10
5.66196e+10
5.66333e+10
5.66483e+10
5.66645e+10
5.66819e+10
5.67005e+10
5.67203e+10
5.67412e+10
5.67634e+10
5.67866e+10
5.68111e+10
5.68366e+10
5.68633e+10
5.6891e+10
5.69199e+10
5.69498e+10
5.69808e+10
5.70129e+10
5.70459e+10
5.708e+10
5.65492e+10
5.65503e+10
5.65528e+10
5.65565e+10
5.65616e+10
5.65679e+10
5.65754e+10
5.65842e+10
5.65943e+10
5.66056e+10
5.66181e+10
5.66319e+10
5.66468e+10
5.6663e+10
5.66805e+10
5.66991e+10
5.67188e+10
5.67398e+10
5.67619e+10
5.67852e+10
5.68097e+10
5.68352e+10
5.68619e+10
5.68897e+10
5.69186e+10
5.69485e+10
5.69795e+10
5.70116e+10
5.70446e+10
5.70787e+10
5.65466e+10
5.65477e+10
5.65502e+10
5.6554e+10
5.6559e+10
5.65653e+10
5.65729e+10
5.65817e+10
5.65918e+10
5.66031e+10
5.66156e+10
5.66294e+10
5.66445e+10
5.66607e+10
5.66781e+10
5.66968e+10
5.67166e+10
5.67376e+10
5.67598e+10
5.67831e+10
5.68076e+10
5.68332e+10
5.68599e+10
5.68877e+10
5.69167e+10
5.69466e+10
5.69777e+10
5.70098e+10
5.70429e+10
5.7077e+10
5.65297e+10
5.65309e+10
5.65335e+10
5.65373e+10
5.65425e+10
5.6549e+10
5.65568e+10
5.65658e+10
5.65762e+10
5.65878e+10
5.66007e+10
5.66149e+10
5.66303e+10
5.6647e+10
5.66649e+10
5.6684e+10
5.67043e+10
5.67259e+10
5.67486e+10
5.67726e+10
5.67976e+10
5.68239e+10
5.68512e+10
5.68797e+10
5.69093e+10
5.694e+10
5.69718e+10
5.70046e+10
5.70384e+10
5.70733e+10
2.67476e+10
2.67483e+10
2.67498e+10
2.6752e+10
2.6755e+10
2.67587e+10
2.67632e+10
2.67684e+10
2.67744e+10
2.6781e+10
2.67885e+10
2.67966e+10
2.68055e+10
2.68151e+10
2.68254e+10
2.68364e+10
2.68481e+10
2.68605e+10
2.68735e+10
2.68873e+10
2.69017e+10
2.69168e+10
2.69325e+10
2.69489e+10
2.69659e+10
2.69835e+10
2.70017e+10
2.70206e+10
2.704e+10
2.706e+10
2.67319e+10
2.67326e+10
2.67341e+10
2.67363e+10
2.67394e+10
2.67432e+10
2.67478e+10
2.67531e+10
2.67592e+10
2.6766e+10
2.67736e+10
2.6782e+10
2.6791e+10
2.68008e+10
2.68113e+10
2.68226e+10
2.68345e+10
2.68472e+10
2.68605e+10
2.68745e+10
2.68892e+10
2.69046e+10
2.69206e+10
2.69373e+10
2.69546e+10
2.69725e+10
2.69911e+10
2.70103e+10
2.703e+10
2.70503e+10
2.67295e+10
2.67302e+10
2.67317e+10
2.6734e+10
2.67371e+10
2.67409e+10
2.67455e+10
2.67508e+10
2.67569e+10
2.67638e+10
2.67714e+10
2.67798e+10
2.67889e+10
2.67987e+10
2.68092e+10
2.68205e+10
2.68325e+10
2.68452e+10
2.68586e+10
2.68726e+10
2.68874e+10
2.69028e+10
2.69189e+10
2.69356e+10
2.6953e+10
2.69709e+10
2.69895e+10
2.70088e+10
2.70286e+10
2.70489e+10
2.67285e+10
2.67292e+10
2.67307e+10
2.6733e+10
2.6736e+10
2.67399e+10
2.67445e+10
2.67498e+10
2.67559e+10
2.67628e+10
2.67704e+10
2.67788e+10
2.67879e+10
2.67977e+10
2.68083e+10
2.68195e+10
2.68315e+10
2.68442e+10
2.68576e+10
2.68717e+10
2.68865e+10
2.69019e+10
2.6918e+10
2.69347e+10
2.69521e+10
2.69701e+10
2.69887e+10
2.70079e+10
2.70277e+10
2.70481e+10
2.67266e+10
2.67273e+10
2.67288e+10
2.67311e+10
2.67342e+10
2.6738e+10
2.67426e+10
2.6748e+10
2.67541e+10
2.6761e+10
2.67686e+10
2.6777e+10
2.67861e+10
2.6796e+10
2.68066e+10
2.68179e+10
2.68299e+10
2.68426e+10
2.68561e+10
2.68702e+10
2.6885e+10
2.69004e+10
2.69166e+10
2.69333e+10
2.69507e+10
2.69688e+10
2.69874e+10
2.70067e+10
2.70265e+10
2.7047e+10
2.67132e+10
2.67139e+10
2.67155e+10
2.67178e+10
2.6721e+10
2.6725e+10
2.67298e+10
2.67353e+10
2.67417e+10
2.67488e+10
2.67567e+10
2.67654e+10
2.67749e+10
2.67851e+10
2.6796e+10
2.68077e+10
2.68201e+10
2.68333e+10
2.68471e+10
2.68617e+10
2.6877e+10
2.68929e+10
2.69096e+10
2.69268e+10
2.69448e+10
2.69633e+10
2.69825e+10
2.70023e+10
2.70227e+10
2.70437e+10
1.03564e+10
1.03568e+10
1.03576e+10
1.03588e+10
1.03604e+10
1.03624e+10
1.03648e+10
1.03676e+10
1.03708e+10
1.03744e+10
1.03784e+10
1.03827e+10
1.03875e+10
1.03926e+10
1.03981e+10
1.0404e+10
1.04102e+10
1.04168e+10
1.04238e+10
1.04311e+10
1.04388e+10
1.04468e+10
1.04551e+10
1.04638e+10
1.04727e+10
1.0482e+10
1.04916e+10
1.05015e+10
1.05117e+10
1.05222e+10
1.0347e+10
1.03473e+10
1.03481e+10
1.03494e+10
1.0351e+10
1.03531e+10
1.03556e+10
1.03584e+10
1.03617e+10
1.03654e+10
1.03695e+10
1.0374e+10
1.03789e+10
1.03842e+10
1.03898e+10
1.03958e+10
1.04023e+10
1.0409e+10
1.04162e+10
1.04237e+10
1.04315e+10
1.04397e+10
1.04483e+10
1.04571e+10
1.04663e+10
1.04758e+10
1.04856e+10
1.04957e+10
1.05062e+10
1.05168e+10
1.03456e+10
1.0346e+10
1.03468e+10
1.0348e+10
1.03497e+10
1.03518e+10
1.03542e+10
1.03571e+10
1.03604e+10
1.03641e+10
1.03682e+10
1.03728e+10
1.03777e+10
1.03829e+10
1.03886e+10
1.03947e+10
1.04011e+10
1.04079e+10
1.04151e+10
1.04226e+10
1.04305e+10
1.04387e+10
1.04473e+10
1.04562e+10
1.04654e+10
1.04749e+10
1.04848e+10
1.04949e+10
1.05054e+10
1.05161e+10
1.03451e+10
1.03454e+10
1.03462e+10
1.03475e+10
1.03491e+10
1.03512e+10
1.03537e+10
1.03566e+10
1.03599e+10
1.03636e+10
1.03677e+10
1.03722e+10
1.03771e+10
1.03824e+10
1.03881e+10
1.03942e+10
1.04006e+10
1.04074e+10
1.04146e+10
1.04221e+10
1.043e+10
1.04382e+10
1.04468e+10
1.04557e+10
1.04649e+10
1.04745e+10
1.04843e+10
1.04945e+10
1.05049e+10
1.05157e+10
1.03442e+10
1.03446e+10
1.03454e+10
1.03467e+10
1.03483e+10
1.03504e+10
1.03529e+10
1.03558e+10
1.03591e+10
1.03628e+10
1.03669e+10
1.03715e+10
1.03764e+10
1.03817e+10
1.03874e+10
1.03935e+10
1.03999e+10
1.04067e+10
1.04139e+10
1.04215e+10
1.04294e+10
1.04376e+10
1.04462e+10
1.04551e+10
1.04644e+10
1.04739e+10
1.04838e+10
1.0494e+10
1.05044e+10
1.05152e+10
1.03384e+10
1.03388e+10
1.03397e+10
1.03409e+10
1.03427e+10
1.03448e+10
1.03474e+10
1.03504e+10
1.03538e+10
1.03577e+10
1.03619e+10
1.03666e+10
1.03717e+10
1.03771e+10
1.0383e+10
1.03893e+10
1.03959e+10
1.0403e+10
1.04104e+10
1.04181e+10
1.04263e+10
1.04348e+10
1.04436e+10
1.04528e+10
1.04623e+10
1.04721e+10
1.04822e+10
1.04926e+10
1.05034e+10
1.05144e+10
3.97252e+09
3.97271e+09
3.97314e+09
3.97378e+09
3.97463e+09
3.9757e+09
3.97699e+09
3.97848e+09
3.98018e+09
3.9821e+09
3.98422e+09
3.98654e+09
3.98906e+09
3.99178e+09
3.9947e+09
3.99781e+09
4.00112e+09
4.0046e+09
4.00828e+09
4.01213e+09
4.01615e+09
4.02035e+09
4.02471e+09
4.02924e+09
4.03393e+09
4.03877e+09
4.04376e+09
4.04889e+09
4.05417e+09
4.05958e+09
3.96793e+09
3.96812e+09
3.96856e+09
3.96921e+09
3.97009e+09
3.97119e+09
3.97251e+09
3.97405e+09
3.9758e+09
3.97777e+09
3.97994e+09
3.98233e+09
3.98492e+09
3.98772e+09
3.99071e+09
3.99391e+09
3.99729e+09
4.00087e+09
4.00463e+09
4.00858e+09
4.0127e+09
4.017e+09
4.02147e+09
4.0261e+09
4.0309e+09
4.03584e+09
4.04094e+09
4.04618e+09
4.05157e+09
4.05708e+09
3.9673e+09
3.9675e+09
3.96793e+09
3.96859e+09
3.96948e+09
3.97058e+09
3.97191e+09
3.97345e+09
3.97521e+09
3.97718e+09
3.97936e+09
3.98176e+09
3.98436e+09
3.98717e+09
3.99017e+09
3.99338e+09
3.99678e+09
4.00037e+09
4.00415e+09
4.00811e+09
4.01224e+09
4.01656e+09
4.02104e+09
4.02569e+09
4.0305e+09
4.03546e+09
4.04058e+09
4.04584e+09
4.05124e+09
4.05677e+09
3.96694e+09
3.96714e+09
3.96757e+09
3.96824e+09
3.96912e+09
3.97023e+09
3.97155e+09
3.9731e+09
3.97486e+09
3.97684e+09
3.97903e+09
3.98142e+09
3.98403e+09
3.98684e+09
3.98985e+09
3.99306e+09
3.99647e+09
4.00006e+09
4.00385e+09
4.00781e+09
4.01196e+09
4.01628e+09
4.02077e+09
4.02542e+09
4.03024e+09
4.03521e+09
4.04033e+09
4.04559e+09
4.051e+09
4.05654e+09
3.96545e+09
3.96565e+09
3.96609e+09
3.96676e+09
3.96765e+09
3.96877e+09
3.97011e+09
3.97167e+09
3.97346e+09
3.97545e+09
3.97767e+09
3.98009e+09
3.98273e+09
3.98557e+09
3.98862e+09
3.99186e+09
3.9953e+09
3.99894e+09
4.00276e+09
4.00677e+09
4.01096e+09
4.01532e+09
4.01986e+09
4.02455e+09
4.02942e+09
4.03443e+09
4.0396e+09
4.04491e+09
4.05036e+09
4.05594e+09
3.95155e+09
3.95175e+09
3.95219e+09
3.95286e+09
3.95376e+09
3.95488e+09
3.95623e+09
3.9578e+09
3.95959e+09
3.96159e+09
3.96381e+09
3.96634e+09
3.96916e+09
3.97226e+09
3.97564e+09
3.97928e+09
3.98318e+09
3.98733e+09
3.99171e+09
3.99632e+09
4.00115e+09
4.00618e+09
4.01142e+09
4.01684e+09
4.02243e+09
4.0282e+09
4.03412e+09
4.04018e+09
4.04638e+09
4.0527e+09
6.03518e+06
6.03712e+06
6.04089e+06
6.0464e+06
6.05357e+06
6.06235e+06
6.07267e+06
6.0845e+06
6.0978e+06
6.11252e+06
6.12865e+06
6.14614e+06
6.16497e+06
6.18511e+06
6.20653e+06
6.2292e+06
6.25309e+06
6.27816e+06
6.30436e+06
6.33166e+06
6.36002e+06
6.38937e+06
6.41966e+06
6.45084e+06
6.48284e+06
6.51559e+06
6.54902e+06
6.58305e+06
6.61762e+06
6.65264e+06
6.00032e+06
6.00235e+06
6.0063e+06
6.01208e+06
6.01961e+06
6.02882e+06
6.03966e+06
6.05208e+06
6.06605e+06
6.08152e+06
6.09847e+06
6.11686e+06
6.13667e+06
6.15785e+06
6.18039e+06
6.20424e+06
6.22937e+06
6.25574e+06
6.2833e+06
6.31201e+06
6.34182e+06
6.37266e+06
6.40447e+06
6.43718e+06
6.47072e+06
6.50502e+06
6.53998e+06
6.57554e+06
6.61159e+06
6.64806e+06
5.99937e+06
6.00141e+06
6.00537e+06
6.01116e+06
6.0187e+06
6.02793e+06
6.03879e+06
6.05123e+06
6.06523e+06
6.08073e+06
6.09771e+06
6.11614e+06
6.13598e+06
6.1572e+06
6.17978e+06
6.20367e+06
6.22885e+06
6.25527e+06
6.28288e+06
6.31164e+06
6.3415e+06
6.37239e+06
6.40425e+06
6.43702e+06
6.47061e+06
6.50496e+06
6.53997e+06
6.57558e+06
6.61168e+06
6.64819e+06
5.99804e+06
6.00008e+06
6.00403e+06
6.00981e+06
6.01735e+06
6.02657e+06
6.03742e+06
6.04986e+06
6.06384e+06
6.07933e+06
6.0963e+06
6.11471e+06
6.13454e+06
6.15575e+06
6.17831e+06
6.20219e+06
6.22735e+06
6.25376e+06
6.28136e+06
6.31011e+06
6.33995e+06
6.37083e+06
6.40268e+06
6.43544e+06
6.46902e+06
6.50336e+06
6.53838e+06
6.57398e+06
6.61008e+06
6.64659e+06
6.00712e+06
6.00917e+06
6.01316e+06
6.019e+06
6.0266e+06
6.0359e+06
6.04685e+06
6.0594e+06
6.0735e+06
6.08912e+06
6.10623e+06
6.12479e+06
6.14477e+06
6.16614e+06
6.18886e+06
6.2129e+06
6.23823e+06
6.26479e+06
6.29255e+06
6.32145e+06
6.35143e+06
6.38244e+06
6.41441e+06
6.44727e+06
6.48095e+06
6.51536e+06
6.55042e+06
6.58606e+06
6.62217e+06
6.65868e+06
3.04538e+06
3.04654e+06
3.04881e+06
3.05213e+06
3.05646e+06
3.06177e+06
3.06802e+06
3.07519e+06
3.08327e+06
3.09224e+06
3.10208e+06
3.11278e+06
3.12433e+06
3.13671e+06
3.14991e+06
3.16391e+06
3.1787e+06
3.19425e+06
3.21053e+06
3.22753e+06
3.2452e+06
3.26351e+06
3.28242e+06
3.30187e+06
3.32184e+06
3.34224e+06
3.36304e+06
3.38417e+06
3.40557e+06
3.42719e+06
3.03685e+06
3.03802e+06
3.04029e+06
3.04361e+06
3.04794e+06
3.05324e+06
3.0595e+06
3.06668e+06
3.07476e+06
3.08374e+06
3.09359e+06
3.10431e+06
3.11588e+06
3.12829e+06
3.14152e+06
3.15556e+06
3.1704e+06
3.18601e+06
3.20237e+06
3.21944e+06
3.2372e+06
3.25562e+06
3.27464e+06
3.29423e+06
3.31433e+06
3.33489e+06
3.35586e+06
3.37716e+06
3.39875e+06
3.42055e+06
3.03615e+06
3.03732e+06
3.03959e+06
3.04291e+06
3.04725e+06
3.05255e+06
3.05881e+06
3.06599e+06
3.07408e+06
3.08306e+06
3.09292e+06
3.10365e+06
3.11522e+06
3.12764e+06
3.14088e+06
3.15494e+06
3.16979e+06
3.18541e+06
3.20178e+06
3.21887e+06
3.23665e+06
3.25508e+06
3.27412e+06
3.29373e+06
3.31385e+06
3.33443e+06
3.35542e+06
3.37674e+06
3.39835e+06
3.42018e+06
3.03546e+06
3.03662e+06
3.03889e+06
3.04221e+06
3.04654e+06
3.05185e+06
3.05811e+06
3.06529e+06
3.07337e+06
3.08235e+06
3.09221e+06
3.10293e+06
3.1145e+06
3.12692e+06
3.14016e+06
3.15421e+06
3.16906e+06
3.18468e+06
3.20105e+06
3.21814e+06
3.23592e+06
3.25436e+06
3.27341e+06
3.29302e+06
3.31315e+06
3.33374e+06
3.35473e+06
3.37607e+06
3.39769e+06
3.41953e+06
3.0349e+06
3.03607e+06
3.03834e+06
3.04165e+06
3.04598e+06
3.05128e+06
3.05753e+06
3.06471e+06
3.07279e+06
3.08176e+06
3.09161e+06
3.10233e+06
3.11389e+06
3.1263e+06
3.13953e+06
3.15358e+06
3.16841e+06
3.18403e+06
3.20039e+06
3.21747e+06
3.23525e+06
3.25368e+06
3.27272e+06
3.29232e+06
3.31245e+06
3.33304e+06
3.35403e+06
3.37537e+06
3.39699e+06
3.41883e+06
3.03925e+06
3.04042e+06
3.04271e+06
3.04606e+06
3.05042e+06
3.05576e+06
3.06206e+06
3.0693e+06
3.07744e+06
3.08648e+06
3.09641e+06
3.1072e+06
3.11885e+06
3.13134e+06
3.14466e+06
3.15879e+06
3.17371e+06
3.18941e+06
3.20586e+06
3.22302e+06
3.24087e+06
3.25937e+06
3.27847e+06
3.29813e+06
3.31829e+06
3.33891e+06
3.35992e+06
3.38126e+06
3.40288e+06
3.4247e+06
1.82308e+06
1.82384e+06
1.82533e+06
1.82751e+06
1.83035e+06
1.83383e+06
1.83795e+06
1.84267e+06
1.84801e+06
1.85394e+06
1.86046e+06
1.86757e+06
1.87526e+06
1.88353e+06
1.89237e+06
1.90177e+06
1.91173e+06
1.92223e+06
1.93326e+06
1.94479e+06
1.95682e+06
1.96931e+06
1.98224e+06
1.99556e+06
2.00925e+06
2.02326e+06
2.03754e+06
2.05204e+06
2.06673e+06
2.08155e+06
1.81848e+06
1.81924e+06
1.82072e+06
1.8229e+06
1.82573e+06
1.82921e+06
1.83332e+06
1.83804e+06
1.84337e+06
1.84929e+06
1.85581e+06
1.86292e+06
1.87061e+06
1.87888e+06
1.88772e+06
1.89713e+06
1.9071e+06
1.91762e+06
1.92867e+06
1.94024e+06
1.9523e+06
1.96484e+06
1.97782e+06
1.99121e+06
2.00497e+06
2.01905e+06
2.03342e+06
2.04803e+06
2.06282e+06
2.07775e+06
1.81797e+06
1.81874e+06
1.82022e+06
1.8224e+06
1.82523e+06
1.82871e+06
1.83282e+06
1.83754e+06
1.84287e+06
1.84879e+06
1.85531e+06
1.86242e+06
1.87011e+06
1.87838e+06
1.88723e+06
1.89664e+06
1.90662e+06
1.91714e+06
1.9282e+06
1.93977e+06
1.95185e+06
1.96439e+06
1.97738e+06
1.99078e+06
2.00455e+06
2.01865e+06
2.03304e+06
2.04766e+06
2.06246e+06
2.07741e+06
1.81762e+06
1.81838e+06
1.81987e+06
1.82204e+06
1.82487e+06
1.82835e+06
1.83245e+06
1.83717e+06
1.84249e+06
1.84841e+06
1.85493e+06
1.86203e+06
1.86972e+06
1.87798e+06
1.88682e+06
1.89623e+06
1.9062e+06
1.91671e+06
1.92776e+06
1.93934e+06
1.9514e+06
1.96395e+06
1.97693e+06
1.99033e+06
2.00409e+06
2.01819e+06
2.03257e+06
2.04719e+06
2.062e+06
2.07694e+06
1.82033e+06
1.8211e+06
1.82259e+06
1.82478e+06
1.82764e+06
1.83114e+06
1.83527e+06
1.84002e+06
1.84538e+06
1.85134e+06
1.8579e+06
1.86505e+06
1.87278e+06
1.8811e+06
1.88999e+06
1.89944e+06
1.90946e+06
1.92003e+06
1.93113e+06
1.94274e+06
1.95485e+06
1.96743e+06
1.98044e+06
1.99386e+06
2.00765e+06
2.02175e+06
2.03613e+06
2.05074e+06
2.06553e+06
2.08045e+06
1.30845e+06
1.30903e+06
1.31016e+06
1.31181e+06
1.31397e+06
1.31662e+06
1.31975e+06
1.32336e+06
1.32743e+06
1.33196e+06
1.33696e+06
1.34241e+06
1.34832e+06
1.35469e+06
1.36151e+06
1.36878e+06
1.37649e+06
1.38465e+06
1.39323e+06
1.40224e+06
1.41164e+06
1.42142e+06
1.43157e+06
1.44204e+06
1.45281e+06
1.46384e+06
1.47509e+06
1.48652e+06
1.49809e+06
1.50976e+06
1.30499e+06
1.30557e+06
1.30669e+06
1.30834e+06
1.31049e+06
1.31313e+06
1.31624e+06
1.31983e+06
1.32389e+06
1.32841e+06
1.33339e+06
1.33882e+06
1.34471e+06
1.35106e+06
1.35787e+06
1.36513e+06
1.37283e+06
1.38098e+06
1.38956e+06
1.39857e+06
1.40798e+06
1.41779e+06
1.42795e+06
1.43846e+06
1.44927e+06
1.46034e+06
1.47165e+06
1.48315e+06
1.4948e+06
1.50655e+06
1.30458e+06
1.30516e+06
1.30628e+06
1.30793e+06
1.31008e+06
1.31271e+06
1.31583e+06
1.31942e+06
1.32348e+06
1.328e+06
1.33297e+06
1.33841e+06
1.3443e+06
1.35065e+06
1.35746e+06
1.36472e+06
1.37243e+06
1.38058e+06
1.38917e+06
1.39818e+06
1.40759e+06
1.4174e+06
1.42758e+06
1.43809e+06
1.44891e+06
1.46e+06
1.47132e+06
1.48283e+06
1.49449e+06
1.50625e+06
1.30432e+06
1.3049e+06
1.30602e+06
1.30766e+06
1.30981e+06
1.31245e+06
1.31556e+06
1.31915e+06
1.3232e+06
1.32771e+06
1.33268e+06
1.33811e+06
1.344e+06
1.35035e+06
1.35715e+06
1.3644e+06
1.3721e+06
1.38024e+06
1.38882e+06
1.39783e+06
1.40724e+06
1.41704e+06
1.42721e+06
1.43772e+06
1.44853e+06
1.45962e+06
1.47094e+06
1.48245e+06
1.4941e+06
1.50586e+06
1.3072e+06
1.30779e+06
1.30892e+06
1.31058e+06
1.31275e+06
1.31541e+06
1.31855e+06
1.32217e+06
1.32625e+06
1.33081e+06
1.33582e+06
1.34129e+06
1.34723e+06
1.35362e+06
1.36047e+06
1.36777e+06
1.37552e+06
1.38371e+06
1.39233e+06
1.40138e+06
1.41082e+06
1.42066e+06
1.43085e+06
1.44137e+06
1.45219e+06
1.46328e+06
1.47458e+06
1.48607e+06
1.49769e+06
1.50941e+06
998518
998980
999878
1.00119e+06
1.00291e+06
1.00502e+06
1.00752e+06
1.01039e+06
1.01365e+06
1.01727e+06
1.02127e+06
1.02564e+06
1.03039e+06
1.03551e+06
1.041e+06
1.04687e+06
1.05311e+06
1.05972e+06
1.0667e+06
1.07402e+06
1.08169e+06
1.08968e+06
1.09798e+06
1.10657e+06
1.1154e+06
1.12446e+06
1.13371e+06
1.14311e+06
1.15262e+06
1.16221e+06
995455
995913
996805
998111
999818
1.00192e+06
1.00439e+06
1.00725e+06
1.01048e+06
1.01408e+06
1.01806e+06
1.02241e+06
1.02713e+06
1.03222e+06
1.03769e+06
1.04354e+06
1.04976e+06
1.05635e+06
1.06331e+06
1.07063e+06
1.07829e+06
1.08629e+06
1.0946e+06
1.1032e+06
1.11206e+06
1.12116e+06
1.13045e+06
1.13991e+06
1.14948e+06
1.15914e+06
995185
995643
996535
997841
999548
1.00165e+06
1.00412e+06
1.00698e+06
1.01021e+06
1.01382e+06
1.01779e+06
1.02214e+06
1.02686e+06
1.03196e+06
1.03743e+06
1.04328e+06
1.0495e+06
1.0561e+06
1.06306e+06
1.07038e+06
1.07805e+06
1.08605e+06
1.09436e+06
1.10297e+06
1.11184e+06
1.12095e+06
1.13025e+06
1.13972e+06
1.14931e+06
1.15897e+06
994927
995384
996275
997581
999286
1.00138e+06
1.00386e+06
1.00671e+06
1.00994e+06
1.01354e+06
1.01752e+06
1.02186e+06
1.02658e+06
1.03168e+06
1.03715e+06
1.04299e+06
1.04921e+06
1.0558e+06
1.06276e+06
1.07008e+06
1.07775e+06
1.08575e+06
1.09407e+06
1.10268e+06
1.11155e+06
1.12066e+06
1.12997e+06
1.13944e+06
1.14903e+06
1.1587e+06
994701
995158
996048
997352
999056
1.00115e+06
1.00362e+06
1.00648e+06
1.0097e+06
1.0133e+06
1.01727e+06
1.02161e+06
1.02632e+06
1.03141e+06
1.03687e+06
1.04271e+06
1.04893e+06
1.05552e+06
1.06247e+06
1.06978e+06
1.07744e+06
1.08544e+06
1.09375e+06
1.10236e+06
1.11123e+06
1.12033e+06
1.12964e+06
1.13911e+06
1.1487e+06
1.15838e+06
996636
997096
997993
999308
1.00103e+06
1.00313e+06
1.00563e+06
1.0085e+06
1.01175e+06
1.01538e+06
1.01937e+06
1.02375e+06
1.02849e+06
1.03362e+06
1.03911e+06
1.04499e+06
1.05124e+06
1.05786e+06
1.06485e+06
1.07219e+06
1.07988e+06
1.0879e+06
1.09623e+06
1.10484e+06
1.11372e+06
1.12282e+06
1.13212e+06
1.14157e+06
1.15114e+06
1.16079e+06
828198
828590
829352
830469
831928
833722
835845
838291
841059
844149
847560
851294
855352
859736
864447
869488
874856
880551
886569
892904
899546
906483
913698
921170
928875
936784
944866
953085
961407
969794
826029
826417
827174
828283
829733
831515
833623
836054
838804
841875
845265
848978
853013
857375
862064
867081
872429
878104
884106
890427
897059
903991
911207
918687
926406
934337
942448
950705
959072
967510
825796
826185
826942
828051
829500
831282
833389
835819
838570
841640
845030
848742
852778
857139
861828
866847
872195
877872
883875
890198
896833
903769
910989
918473
926198
934136
942254
950519
958894
967341
825615
826003
826759
827867
829314
831094
833199
835626
838374
841440
844827
848535
852566
856923
861607
866620
871963
877635
883633
889951
896581
903512
910728
918209
925931
933866
941982
950247
958622
967070
827237
827628
828389
829505
830964
832756
834876
837321
840087
843175
846585
850317
854374
858757
863469
868510
873881
879579
885602
891944
898595
905543
912772
920260
927984
935915
944021
952267
960618
969036
746489
746845
747538
748554
749882
751515
753446
755674
758195
761011
764121
767526
771230
775234
779540
784149
789063
794280
799797
805611
811712
818090
824729
831612
838714
846010
853469
861060
868747
876496
744598
744952
745639
746647
747965
749585
751503
753714
756217
759012
762101
765484
769163
773143
777424
782008
786897
792091
797588
803382
809468
815835
822469
829351
836460
843770
851250
858870
866593
874385
744357
744710
745398
746405
747723
749342
751259
753469
755971
758766
761853
765235
768915
772893
777173
781758
786647
791841
797338
803134
809222
815592
822229
829115
836229
843544
851031
858658
866389
874190
744212
744565
745251
746258
747574
749191
751105
753313
755812
758604
761688
765066
768741
772715
776991
781570
786454
791643
797135
802926
809009
815373
822006
828888
835998
843310
850795
858420
866151
873952
745985
746341
747033
748048
749374
751005
752935
755160
757679
760492
763599
767002
770703
774704
779007
783614
788526
793742
799259
805073
811175
817556
824199
831087
838197
845501
852971
860574
868275
876039
724996
725342
726014
727000
728289
729873
731748
733909
736357
739090
742108
745415
749011
752898
757080
761557
766330
771399
776761
782412
788344
794546
801005
807701
814614
821717
828981
836376
843866
851418
722832
723174
723840
724816
726092
727660
729517
731658
734082
736789
739780
743057
746623
750478
754627
759071
763812
768850
774182
779806
785715
791899
798346
805037
811952
819065
826349
833772
841299
848897
722618
722960
723625
724601
725877
727445
729301
731442
733865
736572
739564
742841
746406
750262
754411
758856
763597
768636
773970
779596
785508
791696
798146
804842
811763
818882
826173
833604
841140
848746
722435
722776
723441
724416
725691
727258
729113
731252
733674
736379
739368
742643
746206
750060
754207
758649
763389
768425
773758
779382
785293
791480
797930
804626
811547
818668
825962
833395
840935
848546
722268
722609
723273
724247
725520
727086
728938
731074
733493
736195
739181
742452
746011
749860
754002
758440
763174
768206
773533
779152
785058
791240
797685
804378
811296
818415
825706
833139
840679
848291
723769
724113
724782
725762
727043
728618
730483
732632
735066
737785
740788
744077
747656
751526
755689
760147
764902
769953
775299
780935
786854
793047
799500
806194
813109
820219
827496
834908
842421
850000
764605
764964
765663
766688
768027
769673
771621
773866
776408
779245
782379
785810
789541
793574
797910
802552
807499
812752
818308
824162
830307
836731
843422
850361
857525
864889
872424
880098
887877
895726
762684
763040
763732
764747
766074
767706
769636
771861
774381
777194
780302
783705
787406
791408
795713
800323
805239
810460
815986
821813
827934
834338
841014
847943
855105
862474
870022
877716
885524
893410
762467
762823
763515
764530
765857
767488
769418
771643
774162
776974
780081
783484
787186
791187
795492
800102
805018
810241
815768
821597
827720
834127
840806
847740
854906
862281
869835
877537
885353
893247
762303
762658
763350
764364
765689
767318
769245
771467
773983
776793
779896
783295
786992
790990
795290
799895
804806
810023
815546
821369
827487
833890
840564
847494
854657
862029
869582
877282
885098
892993
763905
764262
764958
765978
767310
768949
770887
773122
775652
778476
781595
785011
788726
792742
797060
801683
806612
811847
817384
823221
829349
835759
842436
849364
856521
863880
871414
879091
886876
894735
874055
874456
875235
876378
877871
879705
881875
884375
887204
890359
893843
897654
901795
906268
911073
916212
921685
927491
933625
940084
946857
953934
961299
968933
976812
984909
993195
1.00164e+06
1.01019e+06
1.01884e+06
871977
872374
873146
874278
875757
877575
879725
882203
885006
888135
891589
895369
899477
903915
908685
913788
919225
924995
931096
937522
944267
951320
958666
966286
974159
982258
990553
999011
1.0076e+06
1.01627e+06
871725
872122
872894
874025
875504
877321
879471
881948
884751
887879
891332
895112
899219
903657
908427
913530
918967
924738
930841
937269
944016
951072
958422
966047
973925
982030
990332
998798
1.00739e+06
1.01608e+06
871586
871982
872754
873884
875361
877176
879323
881798
884598
887722
891172
894947
899050
903483
908248
913346
918778
924543
930640
937063
943804
950854
958199
965819
973692
981793
990092
998556
1.00715e+06
1.01583e+06
873802
874201
874977
876114
877601
879427
881587
884076
886892
890033
893501
897296
901419
905872
910658
915775
921226
927009
933120
939555
946305
953360
960702
968315
976175
984255
992526
1.00095e+06
1.0095e+06
1.01814e+06
1.09451e+06
1.09499e+06
1.09592e+06
1.0973e+06
1.09909e+06
1.1013e+06
1.1039e+06
1.1069e+06
1.11029e+06
1.11407e+06
1.11823e+06
1.12279e+06
1.12773e+06
1.13306e+06
1.13877e+06
1.14488e+06
1.15137e+06
1.15824e+06
1.1655e+06
1.17312e+06
1.1811e+06
1.18943e+06
1.19808e+06
1.20704e+06
1.21628e+06
1.22577e+06
1.23548e+06
1.24537e+06
1.2554e+06
1.26554e+06
1.09175e+06
1.09223e+06
1.09316e+06
1.09452e+06
1.09629e+06
1.09848e+06
1.10105e+06
1.10402e+06
1.10738e+06
1.11112e+06
1.11525e+06
1.11976e+06
1.12466e+06
1.12994e+06
1.13561e+06
1.14167e+06
1.14811e+06
1.15494e+06
1.16215e+06
1.16973e+06
1.17767e+06
1.18597e+06
1.19459e+06
1.20354e+06
1.21276e+06
1.22225e+06
1.23197e+06
1.24188e+06
1.25194e+06
1.26211e+06
1.09144e+06
1.09191e+06
1.09284e+06
1.0942e+06
1.09598e+06
1.09816e+06
1.10074e+06
1.10371e+06
1.10706e+06
1.1108e+06
1.11493e+06
1.11944e+06
1.12434e+06
1.12962e+06
1.13529e+06
1.14135e+06
1.1478e+06
1.15463e+06
1.16184e+06
1.16942e+06
1.17737e+06
1.18567e+06
1.1943e+06
1.20325e+06
1.21249e+06
1.22198e+06
1.23171e+06
1.24162e+06
1.2517e+06
1.26188e+06
1.0912e+06
1.09167e+06
1.0926e+06
1.09396e+06
1.09574e+06
1.09792e+06
1.10049e+06
1.10346e+06
1.10682e+06
1.11056e+06
1.11468e+06
1.11919e+06
1.12409e+06
1.12937e+06
1.13504e+06
1.14109e+06
1.14754e+06
1.15436e+06
1.16157e+06
1.16915e+06
1.1771e+06
1.1854e+06
1.19403e+06
1.20298e+06
1.21222e+06
1.22172e+06
1.23144e+06
1.24137e+06
1.25144e+06
1.26163e+06
1.091e+06
1.09147e+06
1.0924e+06
1.09376e+06
1.09553e+06
1.09771e+06
1.10028e+06
1.10325e+06
1.1066e+06
1.11033e+06
1.11445e+06
1.11896e+06
1.12385e+06
1.12913e+06
1.13479e+06
1.14084e+06
1.14728e+06
1.1541e+06
1.1613e+06
1.16888e+06
1.17682e+06
1.18511e+06
1.19374e+06
1.20268e+06
1.21192e+06
1.22141e+06
1.23114e+06
1.24106e+06
1.25113e+06
1.26132e+06
1.09324e+06
1.09372e+06
1.09465e+06
1.09601e+06
1.09779e+06
1.09998e+06
1.10256e+06
1.10553e+06
1.10889e+06
1.11264e+06
1.11677e+06
1.12128e+06
1.12619e+06
1.13147e+06
1.13714e+06
1.1432e+06
1.14965e+06
1.15647e+06
1.16368e+06
1.17125e+06
1.17919e+06
1.18748e+06
1.19609e+06
1.20502e+06
1.21423e+06
1.22369e+06
1.23338e+06
1.24326e+06
1.25329e+06
1.26343e+06
1.52319e+06
1.52382e+06
1.52505e+06
1.52686e+06
1.52921e+06
1.53209e+06
1.5355e+06
1.53942e+06
1.54384e+06
1.54877e+06
1.55419e+06
1.56011e+06
1.56653e+06
1.57343e+06
1.58082e+06
1.5887e+06
1.59707e+06
1.60591e+06
1.61521e+06
1.62498e+06
1.63519e+06
1.64582e+06
1.65685e+06
1.66826e+06
1.68002e+06
1.69209e+06
1.70443e+06
1.71701e+06
1.72978e+06
1.74269e+06
1.52004e+06
1.52067e+06
1.52189e+06
1.52367e+06
1.526e+06
1.52886e+06
1.53223e+06
1.53612e+06
1.5405e+06
1.54538e+06
1.55076e+06
1.55663e+06
1.56299e+06
1.56984e+06
1.57718e+06
1.585e+06
1.59331e+06
1.60209e+06
1.61134e+06
1.62106e+06
1.63122e+06
1.64181e+06
1.6528e+06
1.66418e+06
1.67592e+06
1.68798e+06
1.70032e+06
1.7129e+06
1.72569e+06
1.73863e+06
1.51964e+06
1.52027e+06
1.52148e+06
1.52327e+06
1.5256e+06
1.52845e+06
1.53183e+06
1.53571e+06
1.5401e+06
1.54498e+06
1.55036e+06
1.55623e+06
1.56259e+06
1.56944e+06
1.57678e+06
1.5846e+06
1.59291e+06
1.6017e+06
1.61095e+06
1.62067e+06
1.63083e+06
1.64143e+06
1.65243e+06
1.66382e+06
1.67557e+06
1.68763e+06
1.69999e+06
1.71258e+06
1.72538e+06
1.73834e+06
1.51937e+06
1.51999e+06
1.52121e+06
1.52299e+06
1.52532e+06
1.52817e+06
1.53154e+06
1.53542e+06
1.5398e+06
1.54468e+06
1.55005e+06
1.55592e+06
1.56227e+06
1.56912e+06
1.57645e+06
1.58427e+06
1.59257e+06
1.60135e+06
1.6106e+06
1.62031e+06
1.63046e+06
1.64105e+06
1.65205e+06
1.66343e+06
1.67517e+06
1.68723e+06
1.69958e+06
1.71218e+06
1.72497e+06
1.73793e+06
1.52245e+06
1.52308e+06
1.5243e+06
1.52608e+06
1.52841e+06
1.53127e+06
1.53465e+06
1.53854e+06
1.54293e+06
1.54781e+06
1.55319e+06
1.55906e+06
1.56542e+06
1.57227e+06
1.5796e+06
1.58742e+06
1.59572e+06
1.6045e+06
1.61374e+06
1.62344e+06
1.63358e+06
1.64414e+06
1.65511e+06
1.66646e+06
1.67816e+06
1.69018e+06
1.70248e+06
1.71501e+06
1.72775e+06
1.74063e+06
2.39398e+06
2.3949e+06
2.3967e+06
2.39932e+06
2.40275e+06
2.40695e+06
2.41191e+06
2.4176e+06
2.42402e+06
2.43116e+06
2.43901e+06
2.44756e+06
2.4568e+06
2.46673e+06
2.47735e+06
2.48864e+06
2.5006e+06
2.51321e+06
2.52646e+06
2.54034e+06
2.55482e+06
2.56987e+06
2.58546e+06
2.60157e+06
2.61816e+06
2.63517e+06
2.65256e+06
2.67028e+06
2.68829e+06
2.70651e+06
2.38947e+06
2.39039e+06
2.39217e+06
2.39477e+06
2.39816e+06
2.40233e+06
2.40724e+06
2.41288e+06
2.41925e+06
2.42633e+06
2.43411e+06
2.44259e+06
2.45176e+06
2.46162e+06
2.47216e+06
2.48337e+06
2.49525e+06
2.50779e+06
2.52096e+06
2.53477e+06
2.54918e+06
2.56417e+06
2.57971e+06
2.59578e+06
2.61232e+06
2.62931e+06
2.64669e+06
2.66442e+06
2.68243e+06
2.70069e+06
2.38887e+06
2.38979e+06
2.39157e+06
2.39417e+06
2.39756e+06
2.40173e+06
2.40664e+06
2.41229e+06
2.41865e+06
2.42573e+06
2.43351e+06
2.44199e+06
2.45117e+06
2.46103e+06
2.47157e+06
2.48279e+06
2.49467e+06
2.50721e+06
2.52039e+06
2.5342e+06
2.54862e+06
2.56362e+06
2.57917e+06
2.59525e+06
2.61181e+06
2.62881e+06
2.6462e+06
2.66394e+06
2.68198e+06
2.70025e+06
2.38857e+06
2.38948e+06
2.39125e+06
2.39385e+06
2.39725e+06
2.40141e+06
2.40631e+06
2.41195e+06
2.41831e+06
2.42538e+06
2.43316e+06
2.44163e+06
2.4508e+06
2.46065e+06
2.47118e+06
2.48239e+06
2.49426e+06
2.50679e+06
2.51996e+06
2.53376e+06
2.54817e+06
2.56316e+06
2.5787e+06
2.59477e+06
2.61132e+06
2.62831e+06
2.6457e+06
2.66343e+06
2.68146e+06
2.69973e+06
2.39426e+06
2.39517e+06
2.39695e+06
2.39955e+06
2.40295e+06
2.40712e+06
2.41203e+06
2.41767e+06
2.42404e+06
2.43112e+06
2.4389e+06
2.44737e+06
2.45654e+06
2.46638e+06
2.47691e+06
2.48811e+06
2.49997e+06
2.51248e+06
2.52563e+06
2.53939e+06
2.55376e+06
2.5687e+06
2.58419e+06
2.60019e+06
2.61667e+06
2.63358e+06
2.65087e+06
2.66851e+06
2.68643e+06
2.70458e+06
4.13234e+06
4.13379e+06
4.1366e+06
4.1407e+06
4.14606e+06
4.15262e+06
4.16035e+06
4.16922e+06
4.17921e+06
4.19029e+06
4.20246e+06
4.21568e+06
4.22996e+06
4.24526e+06
4.26159e+06
4.27891e+06
4.29721e+06
4.31647e+06
4.33667e+06
4.35777e+06
4.37975e+06
4.40255e+06
4.42615e+06
4.45049e+06
4.47553e+06
4.50119e+06
4.52743e+06
4.55417e+06
4.58136e+06
4.60891e+06
4.12469e+06
4.12612e+06
4.1289e+06
4.13297e+06
4.13828e+06
4.14478e+06
4.15244e+06
4.16123e+06
4.17113e+06
4.18212e+06
4.19418e+06
4.20729e+06
4.22145e+06
4.23664e+06
4.25284e+06
4.27004e+06
4.28822e+06
4.30737e+06
4.32744e+06
4.34843e+06
4.3703e+06
4.39301e+06
4.41652e+06
4.44079e+06
4.46576e+06
4.49137e+06
4.51758e+06
4.54431e+06
4.5715e+06
4.59907e+06
4.1237e+06
4.12513e+06
4.12792e+06
4.13199e+06
4.13729e+06
4.14379e+06
4.15145e+06
4.16025e+06
4.17015e+06
4.18114e+06
4.19321e+06
4.20633e+06
4.22049e+06
4.23568e+06
4.25189e+06
4.2691e+06
4.28729e+06
4.30644e+06
4.32653e+06
4.34754e+06
4.36942e+06
4.39214e+06
4.41567e+06
4.43996e+06
4.46495e+06
4.49059e+06
4.51682e+06
4.54358e+06
4.57079e+06
4.59839e+06
4.12301e+06
4.12444e+06
4.12722e+06
4.13129e+06
4.13659e+06
4.14309e+06
4.15075e+06
4.15954e+06
4.16945e+06
4.18043e+06
4.1925e+06
4.20562e+06
4.21978e+06
4.23497e+06
4.25118e+06
4.26838e+06
4.28657e+06
4.30572e+06
4.32581e+06
4.34682e+06
4.3687e+06
4.39143e+06
4.41496e+06
4.43925e+06
4.46425e+06
4.48989e+06
4.51613e+06
4.5429e+06
4.57012e+06
4.59773e+06
4.12258e+06
4.12401e+06
4.12679e+06
4.13086e+06
4.13616e+06
4.14265e+06
4.1503e+06
4.15909e+06
4.16898e+06
4.17996e+06
4.19202e+06
4.20512e+06
4.21928e+06
4.23446e+06
4.25065e+06
4.26785e+06
4.28603e+06
4.30516e+06
4.32524e+06
4.34623e+06
4.3681e+06
4.39082e+06
4.41434e+06
4.43862e+06
4.46361e+06
4.48924e+06
4.51547e+06
4.54223e+06
4.56945e+06
4.59705e+06
4.12988e+06
4.13131e+06
4.13409e+06
4.13815e+06
4.14346e+06
4.14995e+06
4.1576e+06
4.16639e+06
4.17628e+06
4.18726e+06
4.1993e+06
4.2124e+06
4.22654e+06
4.24171e+06
4.25788e+06
4.27505e+06
4.2932e+06
4.3123e+06
4.33234e+06
4.35328e+06
4.37509e+06
4.39774e+06
4.42118e+06
4.44538e+06
4.47027e+06
4.4958e+06
4.52192e+06
4.54856e+06
4.57564e+06
4.60311e+06
6.36591e+06
6.36796e+06
6.37194e+06
6.37777e+06
6.38536e+06
6.39465e+06
6.40559e+06
6.41813e+06
6.43224e+06
6.44788e+06
6.46503e+06
6.48365e+06
6.50373e+06
6.52523e+06
6.54813e+06
6.5724e+06
6.59801e+06
6.62494e+06
6.65313e+06
6.68256e+06
6.71318e+06
6.74494e+06
6.77777e+06
6.81163e+06
6.84643e+06
6.88212e+06
6.91861e+06
6.95583e+06
6.99368e+06
7.03209e+06
6.35643e+06
6.35846e+06
6.36242e+06
6.3682e+06
6.37574e+06
6.38497e+06
6.39583e+06
6.40829e+06
6.42231e+06
6.43786e+06
6.4549e+06
6.47341e+06
6.49337e+06
6.51475e+06
6.53753e+06
6.56167e+06
6.58717e+06
6.61397e+06
6.64205e+06
6.67137e+06
6.70188e+06
6.73354e+06
6.76629e+06
6.80007e+06
6.83482e+06
6.87046e+06
6.90692e+06
6.94412e+06
6.98198e+06
7.02041e+06
6.35503e+06
6.35706e+06
6.36102e+06
6.36681e+06
6.37434e+06
6.38357e+06
6.39444e+06
6.4069e+06
6.42093e+06
6.43647e+06
6.45352e+06
6.47204e+06
6.492e+06
6.51339e+06
6.53618e+06
6.56034e+06
6.58584e+06
6.61266e+06
6.64075e+06
6.67009e+06
6.70062e+06
6.7323e+06
6.76507e+06
6.79887e+06
6.83365e+06
6.86932e+06
6.90581e+06
6.94305e+06
6.98094e+06
7.01941e+06
6.35417e+06
6.35621e+06
6.36016e+06
6.36594e+06
6.37348e+06
6.3827e+06
6.39357e+06
6.40603e+06
6.42004e+06
6.43559e+06
6.45263e+06
6.47114e+06
6.4911e+06
6.51248e+06
6.53526e+06
6.55941e+06
6.58491e+06
6.61172e+06
6.63981e+06
6.66914e+06
6.69967e+06
6.73135e+06
6.76412e+06
6.79792e+06
6.8327e+06
6.86837e+06
6.90486e+06
6.9421e+06
6.98e+06
7.01847e+06
6.35739e+06
6.35943e+06
6.36339e+06
6.36918e+06
6.37672e+06
6.38595e+06
6.39683e+06
6.4093e+06
6.42333e+06
6.43889e+06
6.45594e+06
6.47447e+06
6.49444e+06
6.51584e+06
6.53863e+06
6.5628e+06
6.58831e+06
6.61513e+06
6.64323e+06
6.67256e+06
6.70309e+06
6.73477e+06
6.76754e+06
6.80133e+06
6.8361e+06
6.87175e+06
6.90823e+06
6.94544e+06
6.98331e+06
7.02175e+06
9.88506e+10
9.88506e+10
9.88506e+10
9.88506e+10
9.88506e+10
9.88506e+10
9.88506e+10
9.88506e+10
9.88506e+10
9.88506e+10
9.88506e+10
9.88506e+10
9.88506e+10
9.88506e+10
9.88506e+10
9.88506e+10
9.88506e+10
9.88506e+10
9.88506e+10
9.88506e+10
9.88506e+10
9.88506e+10
9.88506e+10
9.88506e+10
9.88506e+10
9.88506e+10
9.88506e+10
9.88506e+10
9.88506e+10
9.88506e+10
9.88506e+10
9.88506e+10
9.88506e+10
9.88506e+10
9.88506e+10
9.88506e+10
9.88506e+10
9.88506e+10
9.88506e+10
9.88506e+10
9.88506e+10
9.88506e+10
9.88506e+10
9.88506e+10
9.88506e+10
9.88506e+10
9.88506e+10
9.88506e+10
9.88506e+10
9.88506e+10
9.88506e+10
9.88506e+10
9.88506e+10
9.88506e+10
9.88506e+10
9.88506e+10
9.88506e+10
9.88506e+10
9.88506e+10
9.88506e+10
9.88506e+10
9.88506e+10
9.88506e+10
9.88506e+10
9.88506e+10
9.88506e+10
9.88506e+10
9.88506e+10
9.88506e+10
9.88506e+10
9.88506e+10
9.88506e+10
9.88506e+10
9.88506e+10
9.88506e+10
9.88506e+10
9.88506e+10
9.88506e+10
9.88506e+10
9.88506e+10
9.88506e+10
9.88506e+10
9.88506e+10
9.88506e+10
9.88506e+10
9.88506e+10
9.88506e+10
9.88506e+10
9.88506e+10
9.88506e+10
9.88506e+10
9.88506e+10
9.88506e+10
9.88506e+10
9.88506e+10
9.88506e+10
9.88506e+10
9.88506e+10
9.88506e+10
9.88506e+10
9.88506e+10
9.88506e+10
9.88506e+10
9.88506e+10
9.88506e+10
9.88506e+10
9.88506e+10
9.88506e+10
9.88506e+10
9.88506e+10
9.88506e+10
9.88506e+10
9.88506e+10
9.88506e+10
9.88506e+10
9.88506e+10
9.88506e+10
9.88506e+10
9.88506e+10
9.88506e+10
9.88506e+10
9.88506e+10
9.88506e+10
9.88506e+10
9.88506e+10
9.88506e+10
9.88506e+10
9.88506e+10
9.88506e+10
9.88506e+10
9.88506e+10
9.88506e+10
9.88506e+10
9.88506e+10
9.88506e+10
9.88506e+10
9.88506e+10
9.88506e+10
9.88506e+10
9.88506e+10
9.88506e+10
9.88506e+10
9.88506e+10
9.88506e+10
9.88506e+10
9.88506e+10
9.88506e+10
9.88506e+10
9.88506e+10
9.88506e+10
9.88506e+10
9.88506e+10
9.88506e+10
9.88506e+10
9.88506e+10
9.88506e+10
9.88506e+10
9.88506e+10
9.88506e+10
9.88506e+10
9.88506e+10
9.88506e+10
9.88506e+10
9.88506e+10
9.88506e+10
9.88506e+10
9.88506e+10
9.88506e+10
9.88506e+10
9.88506e+10
9.88506e+10
9.88506e+10
9.88506e+10
9.88506e+10
9.88506e+10
9.88506e+10
9.88506e+10
9.88506e+10
9.88506e+10
9.88506e+10
9.88506e+10
9.88506e+10
9.88506e+10
9.88506e+10
9.88506e+10
9.88506e+10
9.88506e+10
9.88506e+10
9.88506e+10
9.88506e+10
9.88506e+10
9.88506e+10
9.88506e+10
9.88506e+10
9.88506e+10
9.88506e+10
9.88506e+10
9.88506e+10
9.88506e+10
9.88506e+10
9.88506e+10
9.88506e+10
9.88506e+10
9.88506e+10
9.88506e+10
9.88506e+10
9.88506e+10
9.88506e+10
9.88506e+10
9.88506e+10
9.88506e+10
9.88506e+10
9.88506e+10
9.88506e+10
9.88506e+10
9.88506e+10
9.88506e+10
9.88506e+10
9.88506e+10
9.88506e+10
9.88506e+10
9.88506e+10
9.88506e+10
9.88506e+10
9.88506e+10
9.88506e+10
9.88506e+10
9.88506e+10
9.88506e+10
9.88506e+10
9.88506e+10
9.88506e+10
9.88506e+10
9.88506e+10
9.88506e+10
9.88506e+10
9.88506e+10
9.88506e+10
9.88506e+10
9.88506e+10
9.88506e+10
9.88506e+10
9.88506e+10
9.88506e+10
9.88506e+10
9.88506e+10
9.88506e+10
9.88506e+10
9.88506e+10
9.88506e+10
9.88506e+10
9.88506e+10
9.88506e+10
9.88506e+10
9.88506e+10
9.88506e+10
9.88506e+10
9.88506e+10
9.88506e+10
9.88506e+10
9.88506e+10
9.88506e+10
9.88506e+10
9.88506e+10
9.88506e+10
9.88506e+10
9.88506e+10
9.88506e+10
9.88506e+10
9.88506e+10
9.88506e+10
9.88506e+10
9.88506e+10
9.88506e+10
9.88506e+10
9.88506e+10
9.88506e+10
9.88506e+10
9.88506e+10
9.88506e+10
9.88506e+10
9.88506e+10
9.88506e+10
9.88506e+10
9.88506e+10
9.88506e+10
9.88506e+10
9.88506e+10
9.88506e+10
9.88506e+10
9.88472e+10
9.88476e+10
9.8848e+10
9.88483e+10
9.88487e+10
9.8849e+10
9.88494e+10
9.88497e+10
9.88501e+10
9.88504e+10
9.88426e+10
9.88435e+10
9.88443e+10
9.88451e+10
9.8846e+10
9.88468e+10
9.88476e+10
9.88484e+10
9.88492e+10
9.885e+10
9.88421e+10
9.88429e+10
9.88438e+10
9.88446e+10
9.88455e+10
9.88463e+10
9.88471e+10
9.88479e+10
9.88487e+10
9.88495e+10
9.88416e+10
9.88424e+10
9.88433e+10
9.88441e+10
9.8845e+10
9.88458e+10
9.88466e+10
9.88474e+10
9.88482e+10
9.8849e+10
9.88411e+10
9.8842e+10
9.88428e+10
9.88437e+10
9.88445e+10
9.88453e+10
9.88461e+10
9.88469e+10
9.88477e+10
9.88485e+10
9.88401e+10
9.8841e+10
9.8842e+10
9.88428e+10
9.88437e+10
9.88446e+10
9.88455e+10
9.88463e+10
9.88472e+10
9.8848e+10
9.88394e+10
9.88404e+10
9.88413e+10
9.88422e+10
9.88431e+10
9.8844e+10
9.88449e+10
9.88458e+10
9.88466e+10
9.88475e+10
9.88389e+10
9.88399e+10
9.88408e+10
9.88417e+10
9.88426e+10
9.88435e+10
9.88444e+10
9.88453e+10
9.88462e+10
9.8847e+10
9.88384e+10
9.88394e+10
9.88403e+10
9.88412e+10
9.88421e+10
9.8843e+10
9.88439e+10
9.88448e+10
9.88457e+10
9.88465e+10
9.88379e+10
9.88388e+10
9.88398e+10
9.88407e+10
9.88416e+10
9.88425e+10
9.88434e+10
9.88443e+10
9.88451e+10
9.8846e+10
9.88365e+10
9.88375e+10
9.88385e+10
9.88395e+10
9.88405e+10
9.88415e+10
9.88425e+10
9.88434e+10
9.88444e+10
9.88453e+10
9.88347e+10
9.88359e+10
9.8837e+10
9.88382e+10
9.88393e+10
9.88404e+10
9.88414e+10
9.88425e+10
9.88436e+10
9.88446e+10
9.88339e+10
9.88351e+10
9.88362e+10
9.88374e+10
9.88385e+10
9.88396e+10
9.88407e+10
9.88418e+10
9.88429e+10
9.88439e+10
9.88332e+10
9.88344e+10
9.88355e+10
9.88367e+10
9.88378e+10
9.88389e+10
9.884e+10
9.88411e+10
9.88422e+10
9.88433e+10
9.88325e+10
9.88337e+10
9.88349e+10
9.8836e+10
9.88371e+10
9.88383e+10
9.88394e+10
9.88405e+10
9.88415e+10
9.88426e+10
9.88316e+10
9.88328e+10
9.8834e+10
9.88351e+10
9.88363e+10
9.88374e+10
9.88385e+10
9.88396e+10
9.88407e+10
9.88418e+10
9.88283e+10
9.88297e+10
9.88312e+10
9.88326e+10
9.8834e+10
9.88354e+10
9.88368e+10
9.88381e+10
9.88395e+10
9.88408e+10
9.88266e+10
9.88282e+10
9.88297e+10
9.88312e+10
9.88327e+10
9.88342e+10
9.88356e+10
9.8837e+10
9.88385e+10
9.88398e+10
9.88256e+10
9.88272e+10
9.88287e+10
9.88302e+10
9.88317e+10
9.88332e+10
9.88347e+10
9.88361e+10
9.88375e+10
9.8839e+10
9.88247e+10
9.88263e+10
9.88278e+10
9.88293e+10
9.88308e+10
9.88323e+10
9.88338e+10
9.88352e+10
9.88366e+10
9.88381e+10
9.88237e+10
9.88252e+10
9.88268e+10
9.88283e+10
9.88298e+10
9.88313e+10
9.88328e+10
9.88342e+10
9.88357e+10
9.88371e+10
9.88212e+10
9.8823e+10
9.88247e+10
9.88263e+10
9.8828e+10
9.88296e+10
9.88312e+10
9.88328e+10
9.88343e+10
9.88359e+10
9.88177e+10
9.88197e+10
9.88216e+10
9.88236e+10
9.88255e+10
9.88274e+10
9.88292e+10
9.8831e+10
9.88328e+10
9.88346e+10
9.88161e+10
9.88181e+10
9.88201e+10
9.88221e+10
9.88241e+10
9.8826e+10
9.88279e+10
9.88298e+10
9.88316e+10
9.88335e+10
9.88148e+10
9.88169e+10
9.88189e+10
9.88209e+10
9.88229e+10
9.88248e+10
9.88267e+10
9.88286e+10
9.88305e+10
9.88323e+10
9.88135e+10
9.88156e+10
9.88176e+10
9.88196e+10
9.88216e+10
9.88236e+10
9.88255e+10
9.88274e+10
9.88293e+10
9.88311e+10
9.88077e+10
9.881e+10
9.88122e+10
9.88143e+10
9.88165e+10
9.88186e+10
9.88207e+10
9.88227e+10
9.88247e+10
9.88267e+10
9.87744e+10
9.87799e+10
9.87853e+10
9.87905e+10
9.87957e+10
9.88007e+10
9.88057e+10
9.88105e+10
9.88153e+10
9.882e+10
9.87565e+10
9.87634e+10
9.87702e+10
9.87769e+10
9.87834e+10
9.87898e+10
9.8796e+10
9.88021e+10
9.8808e+10
9.88139e+10
9.87486e+10
9.87559e+10
9.87629e+10
9.87698e+10
9.87766e+10
9.87832e+10
9.87896e+10
9.87959e+10
9.88021e+10
9.88081e+10
9.87423e+10
9.87496e+10
9.87567e+10
9.87637e+10
9.87705e+10
9.87772e+10
9.87837e+10
9.87901e+10
9.87963e+10
9.88024e+10
9.8738e+10
9.87451e+10
9.87521e+10
9.8759e+10
9.87656e+10
9.87722e+10
9.87786e+10
9.87849e+10
9.8791e+10
9.8797e+10
9.87294e+10
9.8737e+10
9.87445e+10
9.87517e+10
9.87588e+10
9.87658e+10
9.87726e+10
9.87792e+10
9.87857e+10
9.87921e+10
9.87184e+10
9.87267e+10
9.87349e+10
9.87429e+10
9.87507e+10
9.87583e+10
9.87657e+10
9.8773e+10
9.87801e+10
9.87871e+10
9.87105e+10
9.87193e+10
9.87278e+10
9.87361e+10
9.87442e+10
9.87522e+10
9.87599e+10
9.87675e+10
9.87749e+10
9.87822e+10
9.8705e+10
9.87138e+10
9.87224e+10
9.87308e+10
9.8739e+10
9.8747e+10
9.87548e+10
9.87625e+10
9.877e+10
9.87773e+10
9.86995e+10
9.87083e+10
9.8717e+10
9.87255e+10
9.87337e+10
9.87418e+10
9.87497e+10
9.87574e+10
9.8765e+10
9.87724e+10
9.86947e+10
9.87035e+10
9.87121e+10
9.87205e+10
9.87287e+10
9.87367e+10
9.87446e+10
9.87522e+10
9.87597e+10
9.87671e+10
9.86888e+10
9.86976e+10
9.87063e+10
9.87147e+10
9.8723e+10
9.8731e+10
9.87389e+10
9.87467e+10
9.87542e+10
9.87616e+10
9.86759e+10
9.86856e+10
9.86951e+10
9.87044e+10
9.87134e+10
9.87223e+10
9.8731e+10
9.87394e+10
9.87477e+10
9.87558e+10
9.86658e+10
9.8676e+10
9.86861e+10
9.86958e+10
9.87054e+10
9.87147e+10
9.87239e+10
9.87328e+10
9.87415e+10
9.875e+10
9.86593e+10
9.86697e+10
9.86798e+10
9.86896e+10
9.86993e+10
9.87087e+10
9.87179e+10
9.87269e+10
9.87357e+10
9.87443e+10
9.86532e+10
9.86635e+10
9.86737e+10
9.86836e+10
9.86933e+10
9.87028e+10
9.8712e+10
9.8721e+10
9.87299e+10
9.87385e+10
9.86503e+10
9.86603e+10
9.86701e+10
9.86796e+10
9.86889e+10
9.86981e+10
9.8707e+10
9.87157e+10
9.87243e+10
9.87326e+10
9.86371e+10
9.86479e+10
9.86585e+10
9.86689e+10
9.8679e+10
9.86889e+10
9.86985e+10
9.87079e+10
9.87172e+10
9.87262e+10
9.86254e+10
9.86369e+10
9.86481e+10
9.86591e+10
9.86698e+10
9.86802e+10
9.86905e+10
9.87004e+10
9.87102e+10
9.87197e+10
9.86177e+10
9.86293e+10
9.86407e+10
9.86519e+10
9.86627e+10
9.86733e+10
9.86837e+10
9.86938e+10
9.87037e+10
9.87134e+10
9.86106e+10
9.86223e+10
9.86338e+10
9.8645e+10
9.8656e+10
9.86667e+10
9.86771e+10
9.86873e+10
9.86973e+10
9.87071e+10
9.8608e+10
9.86192e+10
9.86302e+10
9.8641e+10
9.86515e+10
9.86618e+10
9.86718e+10
9.86816e+10
9.86912e+10
9.87006e+10
9.85976e+10
9.86092e+10
9.86207e+10
9.86318e+10
9.86427e+10
9.86534e+10
9.86638e+10
9.8674e+10
9.86839e+10
9.86937e+10
9.8584e+10
9.85965e+10
9.86087e+10
9.86206e+10
9.86322e+10
9.86436e+10
9.86547e+10
9.86655e+10
9.86762e+10
9.86865e+10
9.85733e+10
9.85863e+10
9.85989e+10
9.86112e+10
9.86232e+10
9.8635e+10
9.86465e+10
9.86577e+10
9.86687e+10
9.86794e+10
9.85653e+10
9.85783e+10
9.85911e+10
9.86035e+10
9.86157e+10
9.86275e+10
9.86391e+10
9.86505e+10
9.86616e+10
9.86724e+10
9.85573e+10
9.85704e+10
9.85833e+10
9.85958e+10
9.8608e+10
9.862e+10
9.86317e+10
9.86431e+10
9.86543e+10
9.86652e+10
9.85519e+10
9.85648e+10
9.85774e+10
9.85897e+10
9.86018e+10
9.86135e+10
9.8625e+10
9.86362e+10
9.86472e+10
9.8658e+10
9.8545e+10
9.85578e+10
9.85703e+10
9.85826e+10
9.85945e+10
9.86063e+10
9.86177e+10
9.86289e+10
9.86399e+10
9.86506e+10
9.85321e+10
9.85456e+10
9.85587e+10
9.85716e+10
9.85841e+10
9.85964e+10
9.86084e+10
9.86202e+10
9.86316e+10
9.86429e+10
9.8519e+10
9.85331e+10
9.85469e+10
9.85604e+10
9.85735e+10
9.85864e+10
9.8599e+10
9.86113e+10
9.86233e+10
9.8635e+10
9.85102e+10
9.85245e+10
9.85384e+10
9.8552e+10
9.85653e+10
9.85783e+10
9.8591e+10
9.86034e+10
9.86155e+10
9.86274e+10
9.85031e+10
9.85173e+10
9.85311e+10
9.85446e+10
9.85578e+10
9.85708e+10
9.85834e+10
9.85958e+10
9.86078e+10
9.86196e+10
9.84992e+10
9.85129e+10
9.85262e+10
9.85393e+10
9.85521e+10
9.85646e+10
9.85769e+10
9.85888e+10
9.86006e+10
9.8612e+10
9.84885e+10
9.85025e+10
9.85162e+10
9.85296e+10
9.85427e+10
9.85555e+10
9.8568e+10
9.85803e+10
9.85923e+10
9.8604e+10
9.84727e+10
9.84876e+10
9.85022e+10
9.85165e+10
9.85305e+10
9.85441e+10
9.85574e+10
9.85705e+10
9.85832e+10
9.85957e+10
9.84635e+10
9.84786e+10
9.84933e+10
9.85077e+10
9.85218e+10
9.85355e+10
9.8549e+10
9.85621e+10
9.8575e+10
9.85876e+10
9.84545e+10
9.84696e+10
9.84845e+10
9.8499e+10
9.85131e+10
9.8527e+10
9.85405e+10
9.85538e+10
9.85668e+10
9.85794e+10
9.84535e+10
9.84678e+10
9.84818e+10
9.84955e+10
9.85089e+10
9.8522e+10
9.85348e+10
9.85473e+10
9.85596e+10
9.85716e+10
9.84447e+10
9.84591e+10
9.84731e+10
9.84869e+10
9.85003e+10
9.85135e+10
9.85264e+10
9.8539e+10
9.85513e+10
9.85634e+10
9.84291e+10
9.84443e+10
9.84592e+10
9.84738e+10
9.8488e+10
9.8502e+10
9.85156e+10
9.8529e+10
9.8542e+10
9.85548e+10
9.84174e+10
9.8433e+10
9.84483e+10
9.84632e+10
9.84778e+10
9.84921e+10
9.85061e+10
9.85198e+10
9.85332e+10
9.85463e+10
9.84079e+10
9.84236e+10
9.8439e+10
9.84541e+10
9.84688e+10
9.84832e+10
9.84973e+10
9.85111e+10
9.85246e+10
9.85378e+10
9.83987e+10
9.84145e+10
9.843e+10
9.84452e+10
9.846e+10
9.84745e+10
9.84887e+10
9.85026e+10
9.85161e+10
9.85294e+10
9.83941e+10
9.84095e+10
9.84245e+10
9.84393e+10
9.84537e+10
9.84678e+10
9.84816e+10
9.84951e+10
9.85083e+10
9.85213e+10
9.83888e+10
9.84038e+10
9.84184e+10
9.84328e+10
9.84469e+10
9.84607e+10
9.84742e+10
9.84874e+10
9.85003e+10
9.8513e+10
9.83772e+10
9.83925e+10
9.84076e+10
9.84223e+10
9.84367e+10
9.84508e+10
9.84646e+10
9.84782e+10
9.84914e+10
9.85044e+10
9.83636e+10
9.83795e+10
9.83951e+10
9.84104e+10
9.84254e+10
9.844e+10
9.84543e+10
9.84684e+10
9.84821e+10
9.84956e+10
9.8354e+10
9.83701e+10
9.83858e+10
9.84012e+10
9.84163e+10
9.8431e+10
9.84455e+10
9.84596e+10
9.84735e+10
9.8487e+10
9.83476e+10
9.83634e+10
9.83789e+10
9.83941e+10
9.8409e+10
9.84235e+10
9.84378e+10
9.84517e+10
9.84654e+10
9.84788e+10
9.83444e+10
9.83596e+10
9.83745e+10
9.83891e+10
9.84034e+10
9.84174e+10
9.84311e+10
9.84446e+10
9.84578e+10
9.84707e+10
9.83371e+10
9.83522e+10
9.83669e+10
9.83814e+10
9.83955e+10
9.84094e+10
9.8423e+10
9.84364e+10
9.84495e+10
9.84623e+10
9.83218e+10
9.83377e+10
9.83532e+10
9.83684e+10
9.83833e+10
9.83979e+10
9.84122e+10
9.84262e+10
9.844e+10
9.84535e+10
9.83122e+10
9.83282e+10
9.83438e+10
9.83591e+10
9.83742e+10
9.83889e+10
9.84033e+10
9.84174e+10
9.84313e+10
9.84448e+10
9.83041e+10
9.832e+10
9.83356e+10
9.8351e+10
9.8366e+10
9.83807e+10
9.83951e+10
9.84092e+10
9.84231e+10
9.84367e+10
9.83034e+10
9.83185e+10
9.83332e+10
9.83477e+10
9.83619e+10
9.83758e+10
9.83895e+10
9.84029e+10
9.8416e+10
9.84289e+10
9.83013e+10
9.83156e+10
9.83297e+10
9.83435e+10
9.83571e+10
9.83703e+10
9.83834e+10
9.83962e+10
9.84087e+10
9.84211e+10
9.82854e+10
9.83007e+10
9.83156e+10
9.83303e+10
9.83446e+10
9.83587e+10
9.83726e+10
9.83861e+10
9.83994e+10
9.84125e+10
9.82753e+10
9.82907e+10
9.83059e+10
9.83208e+10
9.83353e+10
9.83496e+10
9.83637e+10
9.83774e+10
9.83909e+10
9.84041e+10
9.82664e+10
9.82819e+10
9.82972e+10
9.83121e+10
9.83268e+10
9.83411e+10
9.83552e+10
9.83691e+10
9.83827e+10
9.8396e+10
9.82582e+10
9.82738e+10
9.82891e+10
9.83041e+10
9.83188e+10
9.83332e+10
9.83474e+10
9.83613e+10
9.83749e+10
9.83883e+10
9.82553e+10
9.82703e+10
9.82851e+10
9.82995e+10
9.83137e+10
9.83277e+10
9.83413e+10
9.83548e+10
9.83679e+10
9.83809e+10
9.82548e+10
9.8269e+10
9.82829e+10
9.82966e+10
9.831e+10
9.83232e+10
9.83361e+10
9.83488e+10
9.83612e+10
9.83735e+10
9.8246e+10
9.82603e+10
9.82743e+10
9.82881e+10
9.83016e+10
9.83149e+10
9.83279e+10
9.83407e+10
9.83533e+10
9.83657e+10
9.8235e+10
9.82497e+10
9.8264e+10
9.82782e+10
9.8292e+10
9.83057e+10
9.8319e+10
9.83322e+10
9.8345e+10
9.83577e+10
9.82271e+10
9.82418e+10
9.82563e+10
9.82705e+10
9.82844e+10
9.82981e+10
9.83115e+10
9.83247e+10
9.83377e+10
9.83504e+10
9.82227e+10
9.82371e+10
9.82513e+10
9.82651e+10
9.82788e+10
9.82922e+10
9.83053e+10
9.83182e+10
9.83309e+10
9.83434e+10
9.82225e+10
9.82361e+10
9.82495e+10
9.82626e+10
9.82754e+10
9.82881e+10
9.83005e+10
9.83127e+10
9.83247e+10
9.83365e+10
9.82191e+10
9.82322e+10
9.82451e+10
9.82578e+10
9.82703e+10
9.82825e+10
9.82946e+10
9.83064e+10
9.83181e+10
9.83295e+10
9.82078e+10
9.82214e+10
9.82348e+10
9.82479e+10
9.82608e+10
9.82735e+10
9.82859e+10
9.82982e+10
9.83102e+10
9.83221e+10
9.82002e+10
9.82138e+10
9.82273e+10
9.82404e+10
9.82534e+10
9.82661e+10
9.82787e+10
9.8291e+10
9.83031e+10
9.8315e+10
9.8195e+10
9.82085e+10
9.82218e+10
9.82348e+10
9.82477e+10
9.82603e+10
9.82727e+10
9.82848e+10
9.82968e+10
9.83086e+10
9.81951e+10
9.82078e+10
9.82204e+10
9.82327e+10
9.82448e+10
9.82567e+10
9.82684e+10
9.828e+10
9.82913e+10
9.83024e+10
9.81977e+10
9.82094e+10
9.82209e+10
9.82322e+10
9.82434e+10
9.82543e+10
9.82651e+10
9.82757e+10
9.82861e+10
9.82964e+10
9.81857e+10
9.8198e+10
9.82101e+10
9.82221e+10
9.82338e+10
9.82453e+10
9.82567e+10
9.82678e+10
9.82788e+10
9.82896e+10
9.81786e+10
9.8191e+10
9.82032e+10
9.82152e+10
9.82269e+10
9.82385e+10
9.82499e+10
9.82611e+10
9.82722e+10
9.8283e+10
9.81719e+10
9.81843e+10
9.81965e+10
9.82086e+10
9.82204e+10
9.8232e+10
9.82435e+10
9.82547e+10
9.82658e+10
9.82767e+10
9.81654e+10
9.81778e+10
9.81901e+10
9.82021e+10
9.8214e+10
9.82257e+10
9.82371e+10
9.82484e+10
9.82595e+10
9.82705e+10
9.81635e+10
9.81754e+10
9.81872e+10
9.81988e+10
9.82101e+10
9.82213e+10
9.82324e+10
9.82432e+10
9.82539e+10
9.82644e+10
9.81642e+10
9.81753e+10
9.81863e+10
9.81971e+10
9.82077e+10
9.82182e+10
9.82285e+10
9.82386e+10
9.82486e+10
9.82585e+10
9.81556e+10
9.8167e+10
9.81782e+10
9.81893e+10
9.82002e+10
9.82109e+10
9.82214e+10
9.82318e+10
9.8242e+10
9.8252e+10
9.81479e+10
9.81595e+10
9.81709e+10
9.81821e+10
9.81931e+10
9.82039e+10
9.82146e+10
9.82251e+10
9.82354e+10
9.82456e+10
9.81412e+10
9.81528e+10
9.81642e+10
9.81754e+10
9.81865e+10
9.81974e+10
9.82081e+10
9.82186e+10
9.8229e+10
9.82393e+10
9.81357e+10
9.81472e+10
9.81585e+10
9.81697e+10
9.81806e+10
9.81914e+10
9.8202e+10
9.82125e+10
9.82228e+10
9.82329e+10
9.82213e+10
9.82228e+10
9.82243e+10
9.82257e+10
9.82271e+10
9.82285e+10
9.82299e+10
9.82313e+10
9.82327e+10
9.8234e+10
9.82347e+10
9.82347e+10
9.82347e+10
9.82347e+10
9.82347e+10
9.82347e+10
9.82347e+10
9.82347e+10
9.82347e+10
9.82347e+10
)
;

boundaryField
{
    fuelBottom
    {
        type            empty;
    }
    fuelTop_1
    {
        type            empty;
    }
    fuelOuter
    {
        type            zeroGradient;
    }
    fuelTop
    {
        type            empty;
    }
    fuelInner
    {
        type            zeroGradient;
    }
    cladBottom
    {
        type            empty;
    }
    cladInner
    {
        type            zeroGradient;
    }
    cladOuter
    {
        type            zeroGradient;
    }
    cladTop
    {
        type            empty;
    }
    front
    {
        type            wedge;
    }
    back
    {
        type            wedge;
    }
}


// ************************************************************************* //
