/*--------------------------------*- C++ -*----------------------------------*\
| =========                 |                                                 |
| \\      /  F ield         | OpenFOAM: The Open Source CFD Toolbox           |
|  \\    /   O peration     | Version:  2412                                  |
|   \\  /    A nd           | Website:  www.openfoam.com                      |
|    \\/     M anipulation  |                                                 |
\*---------------------------------------------------------------------------*/
FoamFile
{
    version     2.0;
    format      ascii;
    arch        "LSB;label=32;scalar=64";
    class       volScalarField;
    location    "583.522882481/fuelBehaviourRegion";
    object      SCIANTIX::Gas_grain_bubbles;
}
// * * * * * * * * * * * * * * * * * * * * * * * * * * * * * * * * * * * * * //

dimensions      [0 0 0 0 0 0 0];

internalField   nonuniform List<scalar> 
4720
(
7.26049e+16
7.25896e+16
7.25561e+16
7.25056e+16
7.24386e+16
7.23559e+16
7.22581e+16
7.21462e+16
7.2021e+16
7.18838e+16
7.17356e+16
7.15777e+16
7.14113e+16
7.12378e+16
7.10585e+16
7.08748e+16
7.0688e+16
7.04993e+16
7.03102e+16
7.01217e+16
6.99351e+16
6.97514e+16
6.95717e+16
6.93968e+16
6.92275e+16
6.90646e+16
6.89087e+16
6.87601e+16
6.86194e+16
6.84868e+16
7.26755e+16
7.266e+16
7.26261e+16
7.2575e+16
7.25072e+16
7.24235e+16
7.23245e+16
7.22112e+16
7.20846e+16
7.19457e+16
7.17958e+16
7.16359e+16
7.14675e+16
7.12919e+16
7.11104e+16
7.09244e+16
7.07353e+16
7.05443e+16
7.03527e+16
7.01619e+16
6.99729e+16
6.97869e+16
6.96048e+16
6.94277e+16
6.92562e+16
6.90911e+16
6.8933e+16
6.87825e+16
6.86398e+16
6.85054e+16
7.27799e+16
7.27642e+16
7.27297e+16
7.26777e+16
7.26088e+16
7.25237e+16
7.2423e+16
7.23078e+16
7.21791e+16
7.20378e+16
7.18852e+16
7.17227e+16
7.15513e+16
7.13727e+16
7.1188e+16
7.09987e+16
7.08062e+16
7.06118e+16
7.04168e+16
7.02224e+16
7.003e+16
6.98405e+16
6.96551e+16
6.94745e+16
6.92998e+16
6.91315e+16
6.89703e+16
6.88168e+16
6.86713e+16
6.85341e+16
7.28109e+16
7.27951e+16
7.27604e+16
7.27081e+16
7.26388e+16
7.25532e+16
7.2452e+16
7.23361e+16
7.22065e+16
7.20645e+16
7.1911e+16
7.17475e+16
7.15752e+16
7.13955e+16
7.12097e+16
7.10193e+16
7.08257e+16
7.06302e+16
7.0434e+16
7.02386e+16
7.0045e+16
6.98545e+16
6.9668e+16
6.94864e+16
6.93106e+16
6.91414e+16
6.89794e+16
6.8825e+16
6.86786e+16
6.85407e+16
7.28312e+16
7.28153e+16
7.27805e+16
7.2728e+16
7.26584e+16
7.25725e+16
7.24709e+16
7.23546e+16
7.22246e+16
7.2082e+16
7.19279e+16
7.17638e+16
7.15909e+16
7.14105e+16
7.1224e+16
7.1033e+16
7.08386e+16
7.06424e+16
7.04456e+16
7.02494e+16
7.00552e+16
6.98639e+16
6.96767e+16
6.94945e+16
6.93182e+16
6.91483e+16
6.89857e+16
6.88308e+16
6.86839e+16
6.85455e+16
7.28792e+16
7.2863e+16
7.28276e+16
7.27741e+16
7.27032e+16
7.26156e+16
7.25122e+16
7.23938e+16
7.22614e+16
7.21163e+16
7.19596e+16
7.17927e+16
7.16169e+16
7.14337e+16
7.12443e+16
7.10504e+16
7.08532e+16
7.06543e+16
7.04548e+16
7.02562e+16
7.00597e+16
6.98663e+16
6.96771e+16
6.94932e+16
6.93153e+16
6.91441e+16
6.89803e+16
6.88245e+16
6.86769e+16
6.85379e+16
9.0828e+16
9.08033e+16
9.0749e+16
9.06673e+16
9.0559e+16
9.04253e+16
9.02674e+16
9.00869e+16
8.98854e+16
8.96647e+16
8.94268e+16
8.91737e+16
8.89076e+16
8.86307e+16
8.83452e+16
8.80534e+16
8.77574e+16
8.74596e+16
8.71618e+16
8.68661e+16
8.65744e+16
8.62885e+16
8.60097e+16
8.57397e+16
8.54796e+16
8.52304e+16
8.49932e+16
8.47684e+16
8.45567e+16
8.43584e+16
9.11911e+16
9.11652e+16
9.11083e+16
9.10226e+16
9.09092e+16
9.07691e+16
9.06037e+16
9.04146e+16
9.02035e+16
8.99723e+16
8.97231e+16
8.94581e+16
8.91795e+16
8.88896e+16
8.85908e+16
8.82854e+16
8.79759e+16
8.76643e+16
8.73529e+16
8.70439e+16
8.6739e+16
8.64402e+16
8.61491e+16
8.58672e+16
8.55956e+16
8.53356e+16
8.50881e+16
8.48537e+16
8.4633e+16
8.44263e+16
9.12605e+16
9.12343e+16
9.1177e+16
9.10905e+16
9.0976e+16
9.08346e+16
9.06677e+16
9.04769e+16
9.02639e+16
9.00306e+16
8.97792e+16
8.95118e+16
8.92307e+16
8.89383e+16
8.86368e+16
8.83288e+16
8.80165e+16
8.77023e+16
8.73883e+16
8.70766e+16
8.67691e+16
8.64679e+16
8.61743e+16
8.589e+16
8.56163e+16
8.53542e+16
8.51047e+16
8.48685e+16
8.46461e+16
8.44379e+16
9.12971e+16
9.12708e+16
9.12132e+16
9.11264e+16
9.10114e+16
9.08694e+16
9.07018e+16
9.05101e+16
9.02962e+16
9.0062e+16
8.98095e+16
8.95409e+16
8.92586e+16
8.89649e+16
8.86622e+16
8.83529e+16
8.80393e+16
8.77237e+16
8.74083e+16
8.70953e+16
8.67866e+16
8.6484e+16
8.61892e+16
8.59037e+16
8.56289e+16
8.53657e+16
8.51151e+16
8.48779e+16
8.46545e+16
8.44454e+16
9.1361e+16
9.13345e+16
9.12764e+16
9.11888e+16
9.10727e+16
9.09295e+16
9.07605e+16
9.05672e+16
9.03514e+16
9.01152e+16
8.98605e+16
8.95897e+16
8.93051e+16
8.9009e+16
8.87038e+16
8.83919e+16
8.80758e+16
8.77577e+16
8.74399e+16
8.71245e+16
8.68134e+16
8.65086e+16
8.62116e+16
8.59241e+16
8.56472e+16
8.53822e+16
8.51299e+16
8.48911e+16
8.46662e+16
8.44558e+16
9.17857e+16
9.17572e+16
9.16949e+16
9.1601e+16
9.14767e+16
9.13232e+16
9.11422e+16
9.09353e+16
9.07045e+16
9.0452e+16
9.018e+16
8.9891e+16
8.95876e+16
8.92722e+16
8.89475e+16
8.86162e+16
8.82807e+16
8.79436e+16
8.76073e+16
8.72741e+16
8.69459e+16
8.66249e+16
8.63128e+16
8.60111e+16
8.57212e+16
8.54442e+16
8.51811e+16
8.49327e+16
8.46993e+16
8.44813e+16
1.52157e+17
1.52076e+17
1.51898e+17
1.51631e+17
1.51278e+17
1.50843e+17
1.50331e+17
1.49748e+17
1.49099e+17
1.48391e+17
1.47631e+17
1.46828e+17
1.45988e+17
1.45119e+17
1.4423e+17
1.43328e+17
1.42421e+17
1.41517e+17
1.40621e+17
1.3974e+17
1.38881e+17
1.38048e+17
1.37246e+17
1.3648e+17
1.35752e+17
1.35065e+17
1.3442e+17
1.3382e+17
1.33265e+17
1.32754e+17
1.54183e+17
1.54093e+17
1.53898e+17
1.53604e+17
1.53216e+17
1.52737e+17
1.52174e+17
1.51533e+17
1.50819e+17
1.50042e+17
1.49208e+17
1.48326e+17
1.47405e+17
1.46453e+17
1.45479e+17
1.44492e+17
1.435e+17
1.42511e+17
1.41533e+17
1.40573e+17
1.39637e+17
1.38731e+17
1.37859e+17
1.37027e+17
1.36237e+17
1.35493e+17
1.34796e+17
1.34147e+17
1.33548e+17
1.32998e+17
1.54502e+17
1.54411e+17
1.54213e+17
1.53915e+17
1.53521e+17
1.53036e+17
1.52464e+17
1.51814e+17
1.5109e+17
1.50301e+17
1.49455e+17
1.48561e+17
1.47627e+17
1.46662e+17
1.45675e+17
1.44674e+17
1.43669e+17
1.42667e+17
1.41676e+17
1.40703e+17
1.39754e+17
1.38836e+17
1.37954e+17
1.37111e+17
1.36312e+17
1.35559e+17
1.34853e+17
1.34197e+17
1.33591e+17
1.33034e+17
1.54643e+17
1.54552e+17
1.54353e+17
1.54054e+17
1.53657e+17
1.53169e+17
1.52595e+17
1.5194e+17
1.51212e+17
1.50419e+17
1.49568e+17
1.48669e+17
1.4773e+17
1.46759e+17
1.45766e+17
1.4476e+17
1.43749e+17
1.42742e+17
1.41745e+17
1.40767e+17
1.39813e+17
1.3889e+17
1.38003e+17
1.37155e+17
1.36352e+17
1.35594e+17
1.34885e+17
1.34225e+17
1.33616e+17
1.33056e+17
1.54911e+17
1.54819e+17
1.54618e+17
1.54314e+17
1.53913e+17
1.53419e+17
1.52837e+17
1.52175e+17
1.51438e+17
1.50636e+17
1.49775e+17
1.48865e+17
1.47915e+17
1.46933e+17
1.45929e+17
1.44912e+17
1.43889e+17
1.42871e+17
1.41863e+17
1.40874e+17
1.39911e+17
1.38978e+17
1.38082e+17
1.37226e+17
1.36414e+17
1.35649e+17
1.34933e+17
1.34267e+17
1.33652e+17
1.33087e+17
1.56874e+17
1.56772e+17
1.56549e+17
1.56213e+17
1.5577e+17
1.55225e+17
1.54583e+17
1.53852e+17
1.53041e+17
1.52158e+17
1.51211e+17
1.50212e+17
1.4917e+17
1.48095e+17
1.46997e+17
1.45887e+17
1.44773e+17
1.43666e+17
1.42573e+17
1.41502e+17
1.40462e+17
1.39457e+17
1.38493e+17
1.37576e+17
1.36709e+17
1.35894e+17
1.35133e+17
1.34428e+17
1.33779e+17
1.33185e+17
3.32472e+17
3.32036e+17
3.31084e+17
3.29652e+17
3.27764e+17
3.25446e+17
3.22727e+17
3.19643e+17
3.16233e+17
3.12537e+17
3.08599e+17
3.04467e+17
3.00185e+17
2.95801e+17
2.9136e+17
2.86907e+17
2.82484e+17
2.7813e+17
2.73882e+17
2.6977e+17
2.65825e+17
2.62068e+17
2.5852e+17
2.55196e+17
2.52105e+17
2.49255e+17
2.46646e+17
2.44279e+17
2.42146e+17
2.40242e+17
3.44912e+17
3.44417e+17
3.43335e+17
3.41709e+17
3.39564e+17
3.36932e+17
3.33847e+17
3.30349e+17
3.26482e+17
3.22294e+17
3.17835e+17
3.13159e+17
3.08319e+17
3.03367e+17
2.98356e+17
2.93336e+17
2.88356e+17
2.83459e+17
2.78686e+17
2.74074e+17
2.69654e+17
2.65452e+17
2.6149e+17
2.57783e+17
2.54343e+17
2.51175e+17
2.48282e+17
2.4566e+17
2.43304e+17
2.41204e+17
3.46816e+17
3.46311e+17
3.45209e+17
3.43553e+17
3.4137e+17
3.3869e+17
3.35548e+17
3.31986e+17
3.28049e+17
3.23786e+17
3.19248e+17
3.14489e+17
3.09562e+17
3.04523e+17
2.99425e+17
2.94318e+17
2.89252e+17
2.84272e+17
2.7942e+17
2.74731e+17
2.70238e+17
2.65968e+17
2.61942e+17
2.58177e+17
2.54683e+17
2.51466e+17
2.48529e+17
2.45869e+17
2.43478e+17
2.41348e+17
3.47586e+17
3.47079e+17
3.4597e+17
3.44303e+17
3.42105e+17
3.39407e+17
3.36245e+17
3.3266e+17
3.28697e+17
3.24406e+17
3.19838e+17
3.15048e+17
3.10089e+17
3.05017e+17
2.99886e+17
2.94746e+17
2.89647e+17
2.84634e+17
2.7975e+17
2.7503e+17
2.70508e+17
2.6621e+17
2.62157e+17
2.58367e+17
2.5485e+17
2.51613e+17
2.48656e+17
2.45978e+17
2.43572e+17
2.41428e+17
3.48831e+17
3.48318e+17
3.47195e+17
3.45509e+17
3.43285e+17
3.40555e+17
3.37356e+17
3.33729e+17
3.29721e+17
3.2538e+17
3.2076e+17
3.15915e+17
3.109e+17
3.05771e+17
3.00582e+17
2.95386e+17
2.90231e+17
2.85165e+17
2.80229e+17
2.7546e+17
2.70891e+17
2.66548e+17
2.62455e+17
2.58627e+17
2.55076e+17
2.51807e+17
2.48823e+17
2.4612e+17
2.43691e+17
2.41528e+17
3.57891e+17
3.57324e+17
3.56086e+17
3.54226e+17
3.51776e+17
3.48769e+17
3.45248e+17
3.41258e+17
3.36853e+17
3.32089e+17
3.27024e+17
3.21719e+17
3.16237e+17
3.1064e+17
3.04986e+17
2.99335e+17
2.93741e+17
2.88255e+17
2.82921e+17
2.77781e+17
2.72869e+17
2.68214e+17
2.63839e+17
2.59759e+17
2.55986e+17
2.52526e+17
2.49377e+17
2.46535e+17
2.43992e+17
2.41735e+17
9.54269e+17
9.51593e+17
9.45749e+17
9.3698e+17
9.25448e+17
9.11335e+17
8.94857e+17
8.76259e+17
8.55809e+17
8.33797e+17
8.10526e+17
7.86307e+17
7.61449e+17
7.3626e+17
7.11034e+17
6.86049e+17
6.61564e+17
6.37811e+17
6.14994e+17
5.93287e+17
5.72831e+17
5.53735e+17
5.36075e+17
5.19896e+17
5.05213e+17
4.92016e+17
4.80269e+17
4.69914e+17
4.60879e+17
4.53076e+17
1.02476e+18
1.0217e+18
1.01502e+18
1.00499e+18
9.91805e+17
9.75675e+17
9.56849e+17
9.35609e+17
9.12266e+17
8.87155e+17
8.60624e+17
8.3303e+17
8.04731e+17
7.76078e+17
7.47409e+17
7.19042e+17
6.91271e+17
6.6436e+17
6.38539e+17
6.14005e+17
5.90915e+17
5.6939e+17
5.49512e+17
5.3133e+17
5.14855e+17
5.00071e+17
4.86934e+17
4.75375e+17
4.65307e+17
4.56629e+17
1.03505e+18
1.03193e+18
1.02513e+18
1.01491e+18
1.00148e+18
9.85056e+17
9.65882e+17
9.44252e+17
9.20481e+17
8.94912e+17
8.679e+17
8.39808e+17
8.11002e+17
7.81839e+17
7.52663e+17
7.23799e+17
6.95546e+17
6.68172e+17
6.41912e+17
6.16965e+17
5.93491e+17
5.71612e+17
5.51412e+17
5.32939e+17
5.16206e+17
5.01193e+17
4.87857e+17
4.76126e+17
4.65911e+17
4.57109e+17
1.04127e+18
1.03812e+18
1.03124e+18
1.02092e+18
1.00735e+18
9.90749e+17
9.71375e+17
9.49518e+17
9.25499e+17
8.99664e+17
8.72371e+17
8.43988e+17
8.14885e+17
7.85422e+17
7.55948e+17
7.26789e+17
6.98249e+17
6.70598e+17
6.44074e+17
6.18877e+17
5.9517e+17
5.73074e+17
5.52676e+17
5.34022e+17
5.17126e+17
5.01969e+17
4.88504e+17
4.76662e+17
4.66351e+17
4.57466e+17
1.06993e+18
1.06662e+18
1.05938e+18
1.04851e+18
1.03423e+18
1.01676e+18
9.96375e+17
9.73383e+17
9.48122e+17
9.20957e+17
8.92269e+17
8.62445e+17
8.31876e+17
8.00943e+17
7.70014e+17
7.39435e+17
7.09523e+17
6.80564e+17
6.52807e+17
6.26462e+17
6.01696e+17
5.78637e+17
5.57372e+17
5.37946e+17
5.20372e+17
5.04625e+17
4.90653e+17
4.78381e+17
4.6771e+17
4.58527e+17
1.39079e+18
1.38612e+18
1.3759e+18
1.36056e+18
1.34038e+18
1.31566e+18
1.28676e+18
1.25411e+18
1.21815e+18
1.17938e+18
1.13832e+18
1.09374e+18
1.04663e+18
9.97933e+17
9.48548e+17
8.99298e+17
8.50927e+17
8.0409e+17
7.5934e+17
7.1713e+17
6.77803e+17
6.41604e+17
6.08674e+17
5.79067e+17
5.52756e+17
5.29643e+17
5.09574e+17
4.9235e+17
4.77741e+17
4.65495e+17
1.96423e+21
1.95718e+21
1.94318e+21
1.92204e+21
1.89325e+21
1.85611e+21
1.80975e+21
1.75317e+21
1.6854e+21
1.60568e+21
1.51362e+21
1.40953e+21
1.2946e+21
1.17107e+21
1.04214e+21
9.11666e+20
7.83695e+20
6.61916e+20
5.49248e+20
4.47652e+20
3.58173e+20
2.8111e+20
2.16212e+20
1.62848e+20
1.20104e+20
8.68509e+19
6.18105e+19
4.36203e+19
3.09173e+19
2.24209e+19
2.07791e+21
2.07239e+21
2.06138e+21
2.0446e+21
2.02148e+21
1.9912e+21
1.95266e+21
1.90456e+21
1.84542e+21
1.77375e+21
1.68821e+21
1.58797e+21
1.47311e+21
1.34497e+21
1.20643e+21
1.06175e+21
9.16117e+20
7.74822e+20
6.42434e+20
5.2226e+20
4.16206e+20
3.24968e+20
2.48364e+20
1.85632e+20
1.35632e+20
9.6967e+19
6.80603e+19
4.72458e+19
3.28653e+19
2.33701e+19
2.08054e+21
2.07507e+21
2.06413e+21
2.04746e+21
2.02448e+21
1.99436e+21
1.95602e+21
1.90813e+21
1.84921e+21
1.77775e+21
1.69238e+21
1.59225e+21
1.4774e+21
1.34915e+21
1.21035e+21
1.06529e+21
9.19176e+20
7.77355e+20
6.44442e+20
5.23785e+20
4.17314e+20
3.25735e+20
2.48864e+20
1.85933e+20
1.35793e+20
9.70348e+19
6.80726e+19
4.72297e+19
3.28386e+19
2.33434e+19
2.08412e+21
2.07871e+21
2.06791e+21
2.05144e+21
2.02874e+21
1.99898e+21
1.96107e+21
1.91369e+21
1.85535e+21
1.78452e+21
1.69981e+21
1.60032e+21
1.486e+21
1.35812e+21
1.21945e+21
1.07422e+21
9.27669e+20
7.85164e+20
6.51407e+20
5.2983e+20
4.22435e+20
3.29978e+20
2.52303e+20
1.88654e+20
1.3789e+20
9.86025e+19
6.92053e+19
4.80176e+19
3.33641e+19
2.3678e+19
2.05937e+21
2.05346e+21
2.04168e+21
2.02373e+21
1.99903e+21
1.96673e+21
1.92571e+21
1.87466e+21
1.81214e+21
1.73673e+21
1.64728e+21
1.54325e+21
1.42508e+21
1.29459e+21
1.15503e+21
1.01095e+21
8.67544e+20
7.29849e+20
6.0202e+20
4.869e+20
3.86001e+20
2.99743e+20
2.27774e+20
1.69236e+20
1.22936e+20
8.74409e+19
6.11621e+19
4.24437e+19
2.96646e+19
2.13364e+19
2.58894e+21
2.58667e+21
2.58209e+21
2.57493e+21
2.56475e+21
2.55088e+21
2.5324e+21
2.50803e+21
2.47612e+21
2.4345e+21
2.38042e+21
2.31057e+21
2.22115e+21
2.10839e+21
1.96931e+21
1.80306e+21
1.6123e+21
1.40396e+21
1.18857e+21
9.78018e+20
7.82693e+20
6.0962e+20
4.62135e+20
3.40709e+20
2.44018e+20
1.69713e+20
1.14838e+20
7.60857e+19
5.00531e+19
3.35031e+19
2.60368e+21
2.60185e+21
2.59813e+21
2.59228e+21
2.58392e+21
2.57246e+21
2.55706e+21
2.53663e+21
2.50966e+21
2.4742e+21
2.4277e+21
2.36696e+21
2.28817e+21
2.18715e+21
2.06002e+21
1.9044e+21
1.72097e+21
1.51482e+21
1.29564e+21
1.0759e+21
8.67801e+20
6.80514e+20
5.19085e+20
3.8499e+20
2.7734e+20
1.93903e+20
1.31697e+20
8.73063e+19
5.71469e+19
3.77402e+19
2.60475e+21
2.60295e+21
2.59929e+21
2.59354e+21
2.58532e+21
2.57403e+21
2.55886e+21
2.53871e+21
2.5121e+21
2.47708e+21
2.43113e+21
2.37104e+21
2.29302e+21
2.19285e+21
2.0666e+21
1.91177e+21
1.72889e+21
1.52293e+21
1.30347e+21
1.08304e+21
8.73968e+20
6.85595e+20
5.23108e+20
3.88066e+20
2.79611e+20
1.95519e+20
1.32798e+20
8.80215e+19
5.75873e+19
3.79956e+19
2.6058e+21
2.60403e+21
2.60044e+21
2.59479e+21
2.58671e+21
2.5756e+21
2.56068e+21
2.54084e+21
2.51462e+21
2.48009e+21
2.43475e+21
2.37542e+21
2.2983e+21
2.19917e+21
2.07402e+21
1.92025e+21
1.73821e+21
1.53268e+21
1.31313e+21
1.09207e+21
8.81973e+20
6.92374e+20
5.28634e+20
3.92422e+20
2.82934e+20
1.97965e+20
1.34528e+20
8.91912e+19
5.83386e+19
3.84517e+19
2.60663e+21
2.60488e+21
2.60134e+21
2.59578e+21
2.58781e+21
2.57686e+21
2.56213e+21
2.54255e+21
2.51666e+21
2.48255e+21
2.43774e+21
2.37907e+21
2.30274e+21
2.20454e+21
2.08041e+21
1.92764e+21
1.74645e+21
1.54143e+21
1.32192e+21
1.10042e+21
8.89495e+20
6.98847e+20
5.33995e+20
3.96716e+20
2.86265e+20
2.0046e+20
1.36325e+20
9.04279e+19
5.9148e+19
3.89527e+19
2.59987e+21
2.5979e+21
2.59392e+21
2.58767e+21
2.57875e+21
2.56652e+21
2.55013e+21
2.5284e+21
2.49975e+21
2.46212e+21
2.41286e+21
2.34867e+21
2.26564e+21
2.15966e+21
2.02708e+21
1.86604e+21
1.67804e+21
1.46911e+21
1.24957e+21
1.032e+21
8.2808e+20
6.46132e+20
4.90416e+20
3.61865e+20
2.59294e+20
1.8032e+20
1.21884e+20
8.05401e+19
5.27174e+19
3.50023e+19
2.94297e+21
2.94277e+21
2.94226e+21
2.94123e+21
2.93938e+21
2.93626e+21
2.93133e+21
2.92382e+21
2.91275e+21
2.89679e+21
2.87408e+21
2.8421e+21
2.79733e+21
2.73502e+21
2.64901e+21
2.53192e+21
2.37623e+21
2.17677e+21
1.93433e+21
1.65893e+21
1.36939e+21
1.08798e+21
8.33261e+20
6.15978e+20
4.39471e+20
3.02283e+20
2.00403e+20
1.2849e+20
8.05573e+19
5.05865e+19
2.94335e+21
2.94338e+21
2.94334e+21
2.94301e+21
2.94209e+21
2.94019e+21
2.93678e+21
2.93119e+21
2.92255e+21
2.90964e+21
2.89087e+21
2.86397e+21
2.82582e+21
2.77209e+21
2.697e+21
2.59327e+21
2.45281e+21
2.26867e+21
2.03861e+21
1.76916e+21
1.47706e+21
1.18533e+21
9.15561e+20
6.8186e+20
4.89864e+20
3.39203e+20
2.26225e+20
1.45623e+20
9.12673e+19
5.68519e+19
2.94331e+21
2.94337e+21
2.94337e+21
2.94311e+21
2.9423e+21
2.94052e+21
2.93727e+21
2.93188e+21
2.92347e+21
2.91088e+21
2.89249e+21
2.86609e+21
2.82859e+21
2.7757e+21
2.70168e+21
2.59928e+21
2.46035e+21
2.27778e+21
2.04904e+21
1.78029e+21
1.48801e+21
1.19527e+21
9.23965e+20
6.88559e+20
4.94954e+20
3.42902e+20
2.28789e+20
1.47308e+20
9.23097e+19
5.74548e+19
2.94327e+21
2.94334e+21
2.94338e+21
2.94318e+21
2.94243e+21
2.94074e+21
2.93761e+21
2.93237e+21
2.92415e+21
2.9118e+21
2.89372e+21
2.86774e+21
2.83078e+21
2.77862e+21
2.70555e+21
2.60437e+21
2.4669e+21
2.28592e+21
2.05864e+21
1.79085e+21
1.49875e+21
1.20536e+21
9.32787e+20
6.95844e+20
5.00693e+20
3.47232e+20
2.31911e+20
1.49446e+20
9.369e+19
5.82895e+19
2.94332e+21
2.94326e+21
2.94304e+21
2.94243e+21
2.94114e+21
2.93874e+21
2.93469e+21
2.92829e+21
2.91859e+21
2.90433e+21
2.88376e+21
2.85448e+21
2.81316e+21
2.7552e+21
2.67454e+21
2.56374e+21
2.41485e+21
2.22166e+21
1.98351e+21
1.70897e+21
1.41632e+21
1.12868e+21
8.66223e+20
6.41222e+20
4.57904e+20
3.15134e+20
2.08924e+20
1.33827e+20
8.36926e+19
5.23018e+19
3.1677e+21
3.16884e+21
3.17093e+21
3.1737e+21
3.1768e+21
3.17981e+21
3.1822e+21
3.18337e+21
3.18256e+21
3.17881e+21
3.17088e+21
3.15705e+21
3.13488e+21
3.10089e+21
3.04998e+21
2.97497e+21
2.86618e+21
2.71206e+21
2.50179e+21
2.23097e+21
1.90853e+21
1.55916e+21
1.21585e+21
9.0702e+20
6.48474e+20
4.44302e+20
2.91466e+20
1.83347e+20
1.11574e+20
6.72128e+19
3.16003e+21
3.16141e+21
3.16398e+21
3.16745e+21
3.17148e+21
3.17563e+21
3.17941e+21
3.18223e+21
3.18338e+21
3.18201e+21
3.17699e+21
3.16682e+21
3.14941e+21
3.12171e+21
3.07929e+21
3.01572e+21
2.92206e+21
2.78686e+21
2.59793e+21
2.34703e+21
2.03734e+21
1.68881e+21
1.33433e+21
1.00663e+21
7.26879e+20
5.0274e+20
3.32774e+20
2.10891e+20
1.28763e+20
7.71723e+19
3.15901e+21
3.16042e+21
3.16305e+21
3.16661e+21
3.17074e+21
3.17503e+21
3.17897e+21
3.18198e+21
3.18336e+21
3.18225e+21
3.17755e+21
3.16778e+21
3.15087e+21
3.12382e+21
3.08228e+21
3.01989e+21
2.92779e+21
2.79455e+21
2.60787e+21
2.35913e+21
2.05091e+21
1.70261e+21
1.347e+21
1.01728e+21
7.35216e+20
5.08903e+20
3.37089e+20
2.1374e+20
1.30522e+20
7.81798e+19
3.15837e+21
3.15979e+21
3.16245e+21
3.16606e+21
3.17026e+21
3.17463e+21
3.17868e+21
3.18181e+21
3.18333e+21
3.1824e+21
3.17793e+21
3.16844e+21
3.15191e+21
3.12537e+21
3.08453e+21
3.0231e+21
2.93232e+21
2.80083e+21
2.61624e+21
2.36968e+21
2.06317e+21
1.71554e+21
1.35934e+21
1.02805e+21
7.43992e+20
5.15657e+20
3.4202e+20
2.17139e+20
1.32718e+20
7.94974e+19
3.16499e+21
3.16622e+21
3.1685e+21
3.17154e+21
3.175e+21
3.17844e+21
3.18135e+21
3.18311e+21
3.18299e+21
3.18004e+21
3.17306e+21
3.16039e+21
3.13967e+21
3.10751e+21
3.05898e+21
2.98702e+21
2.88203e+21
2.73231e+21
2.52649e+21
2.25908e+21
1.93776e+21
1.5866e+21
1.23918e+21
9.25209e+20
6.61708e+20
4.53367e+20
2.97306e+20
1.8686e+20
1.13529e+20
6.82088e+19
3.32035e+21
3.3228e+21
3.32742e+21
3.33385e+21
3.34164e+21
3.35026e+21
3.35914e+21
3.36762e+21
3.37497e+21
3.38033e+21
3.38268e+21
3.38073e+21
3.37271e+21
3.35611e+21
3.3272e+21
3.28034e+21
3.20706e+21
3.09531e+21
2.92969e+21
2.69479e+21
2.38349e+21
2.00795e+21
1.60298e+21
1.21311e+21
8.72907e+20
5.98223e+20
3.90273e+20
2.42448e+20
1.44402e+20
8.42569e+19
3.30292e+21
3.30568e+21
3.31093e+21
3.31827e+21
3.32723e+21
3.33729e+21
3.34787e+21
3.3583e+21
3.36788e+21
3.3758e+21
3.38111e+21
3.38265e+21
3.37892e+21
3.36778e+21
3.34613e+21
3.30922e+21
3.24982e+21
3.15724e+21
3.01681e+21
2.81163e+21
2.52897e+21
2.1717e+21
1.76709e+21
1.3602e+21
9.93156e+20
6.89749e+20
4.55761e+20
2.86399e+20
1.71845e+20
1.00053e+20
3.30127e+21
3.30407e+21
3.30937e+21
3.31679e+21
3.32587e+21
3.33606e+21
3.34679e+21
3.3574e+21
3.36718e+21
3.37531e+21
3.38087e+21
3.38269e+21
3.37929e+21
3.36856e+21
3.34744e+21
3.31123e+21
3.25279e+21
3.16152e+21
3.0228e+21
2.81966e+21
2.53899e+21
2.18302e+21
1.77846e+21
1.37034e+21
1.00134e+21
6.95859e+20
4.60033e+20
2.89196e+20
1.73545e+20
1.01004e+20
3.29967e+21
3.3025e+21
3.30785e+21
3.31535e+21
3.32452e+21
3.33484e+21
3.34571e+21
3.35648e+21
3.36645e+21
3.3748e+21
3.3806e+21
3.38271e+21
3.37965e+21
3.36937e+21
3.34881e+21
3.31339e+21
3.25605e+21
3.1663e+21
3.02965e+21
2.82906e+21
2.55104e+21
2.19703e+21
1.79294e+21
1.38367e+21
1.01244e+21
7.04427e+20
4.66236e+20
2.9341e+20
1.76211e+20
1.02559e+20
3.29827e+21
3.30111e+21
3.30651e+21
3.31407e+21
3.32333e+21
3.33374e+21
3.34474e+21
3.35565e+21
3.36578e+21
3.37432e+21
3.38034e+21
3.38271e+21
3.37998e+21
3.3701e+21
3.3501e+21
3.31544e+21
3.25918e+21
3.17099e+21
3.03647e+21
2.83857e+21
2.56344e+21
2.21173e+21
1.80845e+21
1.39822e+21
1.02479e+21
7.14136e+20
4.73399e+20
2.9837e+20
1.7941e+20
1.04465e+20
3.30981e+21
3.31246e+21
3.31749e+21
3.3245e+21
3.33304e+21
3.34258e+21
3.35253e+21
3.36223e+21
3.37096e+21
3.37788e+21
3.38203e+21
3.38217e+21
3.37669e+21
3.3633e+21
3.3386e+21
3.29745e+21
3.23202e+21
3.13091e+21
2.97894e+21
2.75958e+21
2.46237e+21
2.09456e+21
1.6876e+21
1.28714e+21
9.32094e+20
6.42334e+20
4.21176e+20
2.62737e+20
1.56781e+20
9.12116e+19
3.39686e+21
3.40053e+21
3.40752e+21
3.41736e+21
3.42951e+21
3.44334e+21
3.45818e+21
3.4733e+21
3.4879e+21
3.5011e+21
3.51194e+21
3.51928e+21
3.52171e+21
3.51735e+21
3.50343e+21
3.47578e+21
3.42784e+21
3.34943e+21
3.22564e+21
3.03714e+21
2.76527e+21
2.40436e+21
1.97613e+21
1.52927e+21
1.11668e+21
7.71987e+20
5.05692e+20
3.13763e+20
1.8518e+20
1.05825e+20
3.37573e+21
3.3797e+21
3.38727e+21
3.39795e+21
3.41118e+21
3.42635e+21
3.44277e+21
3.45968e+21
3.47631e+21
3.49177e+21
3.50513e+21
3.51533e+21
3.52106e+21
3.52067e+21
3.51178e+21
3.49082e+21
3.45221e+21
3.38712e+21
3.28213e+21
3.11869e+21
2.8761e+21
2.54172e+21
2.12699e+21
1.67462e+21
1.24124e+21
8.69437e+20
5.76606e+20
3.61929e+20
2.15502e+20
1.23341e+20
3.37337e+21
3.37737e+21
3.38501e+21
3.39578e+21
3.40914e+21
3.42446e+21
3.44105e+21
3.45816e+21
3.47501e+21
3.49071e+21
3.50434e+21
3.51482e+21
3.52089e+21
3.52087e+21
3.51245e+21
3.4921e+21
3.45431e+21
3.39037e+21
3.28698e+21
3.12568e+21
2.88562e+21
2.55358e+21
2.14011e+21
1.68729e+21
1.25206e+21
8.7781e+20
5.82608e+20
3.65938e+20
2.1798e+20
1.24746e+20
3.37149e+21
3.37551e+21
3.38319e+21
3.39403e+21
3.40748e+21
3.4229e+21
3.43961e+21
3.45688e+21
3.47389e+21
3.48978e+21
3.50362e+21
3.51435e+21
3.52071e+21
3.52104e+21
3.51306e+21
3.49331e+21
3.45635e+21
3.39363e+21
3.29202e+21
3.13318e+21
2.8962e+21
2.56726e+21
2.15584e+21
1.70313e+21
1.26615e+21
8.89187e+20
5.91126e+20
3.7189e+20
2.2184e+20
1.27045e+20
3.38758e+21
3.3914e+21
3.39867e+21
3.40891e+21
3.42157e+21
3.43602e+21
3.4516e+21
3.46754e+21
3.48306e+21
3.49727e+21
3.50923e+21
3.51781e+21
3.52167e+21
3.51899e+21
3.50719e+21
3.48232e+21
3.43821e+21
3.36518e+21
3.24883e+21
3.06996e+21
2.80886e+21
2.45696e+21
2.03226e+21
1.58184e+21
1.16057e+21
8.05525e+20
5.29551e+20
3.29596e+20
1.94908e+20
1.11303e+20
3.425e+21
3.42941e+21
3.43782e+21
3.44972e+21
3.46449e+21
3.48147e+21
3.49993e+21
3.51905e+21
3.538e+21
3.55585e+21
3.5716e+21
3.58414e+21
3.59215e+21
3.59395e+21
3.58719e+21
3.5683e+21
3.53171e+21
3.4685e+21
3.36494e+21
3.20163e+21
2.9563e+21
2.61441e+21
2.18665e+21
1.71766e+21
1.26785e+21
8.8276e+20
5.80843e+20
3.6106e+20
2.1266e+20
1.20526e+20
3.4009e+21
3.40559e+21
3.41458e+21
3.42731e+21
3.44318e+21
3.4615e+21
3.48153e+21
3.50248e+21
3.52347e+21
3.5436e+21
3.56188e+21
3.57724e+21
3.58843e+21
3.59395e+21
3.59172e+21
3.57872e+21
3.55021e+21
3.49856e+21
3.41169e+21
3.27171e+21
3.05594e+21
2.74462e+21
2.33785e+21
1.87066e+21
1.40372e+21
9.91457e+20
6.61099e+20
4.16185e+20
2.4769e+20
1.40912e+20
3.39775e+21
3.40249e+21
3.41155e+21
3.42439e+21
3.4404e+21
3.4589e+21
3.47914e+21
3.50032e+21
3.52158e+21
3.542e+21
3.5606e+21
3.5763e+21
3.58788e+21
3.59382e+21
3.59211e+21
3.57975e+21
3.5521e+21
3.50164e+21
3.41648e+21
3.27889e+21
3.06616e+21
2.75806e+21
2.35361e+21
1.88673e+21
1.41802e+21
1.00284e+21
6.69417e+20
4.2183e+20
2.51232e+20
1.42947e+20
3.39581e+21
3.40056e+21
3.40967e+21
3.42257e+21
3.43865e+21
3.45724e+21
3.47759e+21
3.49891e+21
3.52032e+21
3.54091e+21
3.5597e+21
3.57563e+21
3.58746e+21
3.5937e+21
3.59236e+21
3.5805e+21
3.55352e+21
3.50405e+21
3.42035e+21
3.28487e+21
3.07497e+21
2.77008e+21
2.36827e+21
1.9023e+21
1.43244e+21
1.0148e+21
6.78529e+20
4.28282e+20
2.55465e+20
1.45492e+20
3.4185e+21
3.42299e+21
3.43157e+21
3.44371e+21
3.4588e+21
3.47617e+21
3.49507e+21
3.51472e+21
3.53424e+21
3.55271e+21
3.56916e+21
3.58246e+21
3.59133e+21
3.59411e+21
3.58854e+21
3.57119e+21
3.53669e+21
3.47645e+21
3.3771e+21
3.21955e+21
2.98125e+21
2.64621e+21
2.22256e+21
1.75298e+21
1.29843e+21
9.06701e+20
5.98178e+20
3.72736e+20
2.19929e+20
1.24665e+20
3.42237e+21
3.42696e+21
3.43573e+21
3.44815e+21
3.46359e+21
3.48138e+21
3.50077e+21
3.52095e+21
3.54105e+21
3.56015e+21
3.57724e+21
3.59121e+21
3.60077e+21
3.60428e+21
3.59949e+21
3.58306e+21
3.54968e+21
3.49091e+21
3.39355e+21
3.23861e+21
3.00338e+21
2.67109e+21
2.24852e+21
1.77739e+21
1.31902e+21
9.22517e+20
6.09418e+20
3.80165e+20
2.24481e+20
1.27244e+20
3.39282e+21
3.39775e+21
3.40718e+21
3.42057e+21
3.43728e+21
3.45663e+21
3.47786e+21
3.50018e+21
3.52269e+21
3.54449e+21
3.56456e+21
3.58185e+21
3.59515e+21
3.60299e+21
3.60346e+21
3.59377e+21
3.56957e+21
3.5239e+21
3.44557e+21
3.31761e+21
3.11747e+21
2.82321e+21
2.42937e+21
1.96471e+21
1.4886e+21
1.0601e+21
7.12088e+20
4.51377e+20
2.70195e+20
1.54134e+20
3.38975e+21
3.39471e+21
3.40422e+21
3.41771e+21
3.43456e+21
3.45408e+21
3.47551e+21
3.49805e+21
3.52081e+21
3.54288e+21
3.56325e+21
3.58086e+21
3.59451e+21
3.60274e+21
3.60365e+21
3.59451e+21
3.57103e+21
3.52634e+21
3.4494e+21
3.32339e+21
3.12578e+21
2.83431e+21
2.44263e+21
1.9785e+21
1.50104e+21
1.07007e+21
7.19384e+20
4.56323e+20
2.73295e+20
1.55911e+20
3.3871e+21
3.39209e+21
3.40166e+21
3.41523e+21
3.43219e+21
3.45184e+21
3.47343e+21
3.49615e+21
3.51912e+21
3.54142e+21
3.56205e+21
3.57994e+21
3.59389e+21
3.60248e+21
3.60381e+21
3.59519e+21
3.5724e+21
3.52869e+21
3.45318e+21
3.32921e+21
3.13434e+21
2.84601e+21
2.45698e+21
1.99384e+21
1.51529e+21
1.08183e+21
7.28253e+20
4.62531e+20
2.77319e+20
1.58304e+20
3.38468e+21
3.38969e+21
3.39931e+21
3.41295e+21
3.42999e+21
3.44976e+21
3.47148e+21
3.49436e+21
3.51751e+21
3.54001e+21
3.56087e+21
3.57902e+21
3.59327e+21
3.6022e+21
3.60394e+21
3.59585e+21
3.57378e+21
3.53111e+21
3.45711e+21
3.33537e+21
3.14356e+21
2.85886e+21
2.47307e+21
2.01141e+21
1.53195e+21
1.09585e+21
7.39041e+20
4.70231e+20
2.8241e+20
1.61394e+20
3.40573e+21
3.41051e+21
3.41967e+21
3.43264e+21
3.44881e+21
3.4675e+21
3.48794e+21
3.50935e+21
3.53083e+21
3.55147e+21
3.57027e+21
3.58615e+21
3.59785e+21
3.60387e+21
3.60213e+21
3.58963e+21
3.56163e+21
3.51055e+21
3.42434e+21
3.28511e+21
3.07006e+21
2.7591e+21
2.35187e+21
1.88308e+21
1.41366e+21
9.98684e+20
6.65901e+20
4.19107e+20
2.49315e+20
1.41746e+20
3.37802e+21
3.3824e+21
3.39078e+21
3.40264e+21
3.41738e+21
3.43435e+21
3.45285e+21
3.47209e+21
3.49124e+21
3.50941e+21
3.52564e+21
3.53884e+21
3.54777e+21
3.55085e+21
3.54588e+21
3.52965e+21
3.49707e+21
3.44012e+21
3.34629e+21
3.19764e+21
2.97255e+21
2.65437e+21
2.24773e+21
1.79025e+21
1.34015e+21
9.46389e+20
6.32072e+20
3.99198e+20
2.38758e+20
1.3674e+20
3.35401e+21
3.35867e+21
3.36758e+21
3.38022e+21
3.396e+21
3.41424e+21
3.43425e+21
3.45523e+21
3.47636e+21
3.49674e+21
3.51542e+21
3.53137e+21
3.54341e+21
3.5501e+21
3.54955e+21
3.53899e+21
3.51416e+21
3.46823e+21
3.39036e+21
3.26427e+21
3.06853e+21
2.78242e+21
2.40066e+21
1.94997e+21
1.48624e+21
1.06619e+21
7.22477e+20
4.62721e+20
2.80195e+20
1.61596e+20
3.3512e+21
3.35589e+21
3.36488e+21
3.37762e+21
3.39352e+21
3.41192e+21
3.4321e+21
3.45329e+21
3.47465e+21
3.49528e+21
3.51424e+21
3.53049e+21
3.54285e+21
3.54991e+21
3.54979e+21
3.53976e+21
3.51562e+21
3.47064e+21
3.39412e+21
3.26991e+21
3.07662e+21
2.79319e+21
2.41356e+21
1.96347e+21
1.49853e+21
1.07616e+21
7.29863e+20
4.67804e+20
2.83439e+20
1.63498e+20
3.34903e+21
3.35374e+21
3.36277e+21
3.37557e+21
3.39155e+21
3.41005e+21
3.43036e+21
3.45169e+21
3.47322e+21
3.49404e+21
3.51321e+21
3.5297e+21
3.54233e+21
3.54971e+21
3.54998e+21
3.54045e+21
3.51699e+21
3.47299e+21
3.39791e+21
3.2758e+21
3.08534e+21
2.80525e+21
2.42857e+21
1.97983e+21
1.51409e+21
1.08931e+21
7.4005e+20
4.75138e+20
2.88344e+20
1.66519e+20
3.36931e+21
3.37379e+21
3.38236e+21
3.39449e+21
3.40959e+21
3.42702e+21
3.44605e+21
3.46592e+21
3.48579e+21
3.50478e+21
3.52192e+21
3.53616e+21
3.54629e+21
3.55078e+21
3.54757e+21
3.53364e+21
3.50426e+21
3.4519e+21
3.36477e+21
3.2256e+21
3.01277e+21
2.7078e+21
2.31111e+21
1.85597e+21
1.39995e+21
9.95333e+20
6.69016e+20
4.25174e+20
2.55703e+20
1.46896e+20
3.30641e+21
3.31005e+21
3.31698e+21
3.32675e+21
3.33884e+21
3.35268e+21
3.36761e+21
3.38294e+21
3.39791e+21
3.41171e+21
3.42343e+21
3.43202e+21
3.43621e+21
3.43434e+21
3.42406e+21
3.40184e+21
3.36222e+21
3.29674e+21
3.19274e+21
3.03313e+21
2.79924e+21
2.48001e+21
2.08599e+21
1.65552e+21
1.24019e+21
8.80087e+20
5.92844e+20
3.78958e+20
2.30131e+20
1.34055e+20
3.28696e+21
3.29084e+21
3.29825e+21
3.30872e+21
3.32174e+21
3.3367e+21
3.35297e+21
3.36985e+21
3.38659e+21
3.40237e+21
3.41631e+21
3.42743e+21
3.43456e+21
3.4362e+21
3.43033e+21
3.41393e+21
3.38235e+21
3.3283e+21
3.24061e+21
3.10334e+21
2.89716e+21
2.60622e+21
2.23184e+21
1.804e+21
1.37406e+21
9.89432e+20
6.75638e+20
4.37639e+20
2.68937e+20
1.57785e+20
3.2845e+21
3.28841e+21
3.29589e+21
3.30646e+21
3.31959e+21
3.33471e+21
3.35115e+21
3.36823e+21
3.38518e+21
3.4012e+21
3.41541e+21
3.42682e+21
3.43427e+21
3.43629e+21
3.43087e+21
3.41504e+21
3.38423e+21
3.33124e+21
3.24503e+21
3.10977e+21
2.90608e+21
2.61771e+21
2.24513e+21
1.81754e+21
1.3862e+21
9.99226e+20
6.82924e+20
4.42701e+20
2.72215e+20
1.59747e+20
3.2831e+21
3.28703e+21
3.29453e+21
3.30515e+21
3.31834e+21
3.33352e+21
3.35005e+21
3.36723e+21
3.3843e+21
3.40045e+21
3.41481e+21
3.4264e+21
3.43405e+21
3.43632e+21
3.43122e+21
3.41581e+21
3.38559e+21
3.33345e+21
3.24848e+21
3.11499e+21
2.9136e+21
2.62779e+21
2.25731e+21
1.83051e+21
1.39837e+21
1.00951e+21
6.90939e+20
4.48542e+20
2.76191e+20
1.62252e+20
3.30398e+21
3.30764e+21
3.31461e+21
3.32444e+21
3.33662e+21
3.35056e+21
3.36563e+21
3.38113e+21
3.39631e+21
3.41037e+21
3.42239e+21
3.43136e+21
3.43603e+21
3.43478e+21
3.42532e+21
3.40425e+21
3.3663e+21
3.30329e+21
3.20294e+21
3.04846e+21
2.82105e+21
2.50858e+21
2.11942e+21
1.68997e+21
1.27169e+21
9.06267e+20
6.13043e+20
3.93538e+20
2.39935e+20
1.40139e+20
3.18867e+21
3.19115e+21
3.19585e+21
3.20242e+21
3.21043e+21
3.21941e+21
3.22881e+21
3.23804e+21
3.24643e+21
3.25323e+21
3.25754e+21
3.25827e+21
3.25399e+21
3.24271e+21
3.22155e+21
3.18623e+21
3.13029e+21
3.04437e+21
2.91576e+21
2.72974e+21
2.47454e+21
2.1505e+21
1.77824e+21
1.39561e+21
1.04168e+21
7.41622e+20
5.04082e+20
3.26889e+20
2.02509e+20
1.20931e+20
3.17377e+21
3.17649e+21
3.18165e+21
3.18889e+21
3.19779e+21
3.20785e+21
3.21855e+21
3.22929e+21
3.23942e+21
3.24821e+21
3.25483e+21
3.25828e+21
3.25731e+21
3.25021e+21
3.23453e+21
3.20663e+21
3.16103e+21
3.08952e+21
2.98051e+21
2.8193e+21
2.59151e+21
2.29098e+21
1.93006e+21
1.54226e+21
1.16973e+21
8.44808e+20
5.82141e+20
3.82614e+20
2.39886e+20
1.44292e+20
3.17196e+21
3.17471e+21
3.17993e+21
3.18725e+21
3.19626e+21
3.20645e+21
3.21731e+21
3.22822e+21
3.23855e+21
3.24756e+21
3.25443e+21
3.25817e+21
3.25753e+21
3.25083e+21
3.23565e+21
3.20842e+21
3.1637e+21
3.09342e+21
2.98603e+21
2.82687e+21
2.60134e+21
2.30276e+21
1.94278e+21
1.55449e+21
1.18028e+21
8.53166e+20
5.88325e+20
3.86922e+20
2.42703e+20
1.46008e+20
3.17058e+21
3.17334e+21
3.1786e+21
3.18599e+21
3.19507e+21
3.20537e+21
3.21634e+21
3.22738e+21
3.23786e+21
3.24704e+21
3.2541e+21
3.25807e+21
3.25769e+21
3.25131e+21
3.23655e+21
3.20986e+21
3.16591e+21
3.09667e+21
2.99072e+21
2.83342e+21
2.61e+21
2.31336e+21
1.95447e+21
1.56599e+21
1.19045e+21
8.61407e+20
5.94573e+20
3.91389e+20
2.45707e+20
1.47892e+20
3.16939e+21
3.17218e+21
3.17747e+21
3.1849e+21
3.19405e+21
3.20442e+21
3.21548e+21
3.22664e+21
3.23724e+21
3.24657e+21
3.2538e+21
3.25796e+21
3.25783e+21
3.25175e+21
3.23738e+21
3.21124e+21
3.16804e+21
3.09987e+21
2.99542e+21
2.84009e+21
2.61901e+21
2.32461e+21
1.96716e+21
1.57875e+21
1.20197e+21
8.70947e+20
6.01959e+20
3.96781e+20
2.4941e+20
1.50265e+20
3.18189e+21
3.18447e+21
3.18936e+21
3.19622e+21
3.20461e+21
3.21407e+21
3.22405e+21
3.23398e+21
3.24318e+21
3.25093e+21
3.25637e+21
3.25848e+21
3.25591e+21
3.24684e+21
3.22866e+21
3.19744e+21
3.1473e+21
3.06956e+21
2.95218e+21
2.78047e+21
2.54113e+21
2.23073e+21
1.86516e+21
1.47984e+21
1.11559e+21
8.01589e+20
5.49795e+20
3.59768e+20
2.24713e+20
1.34893e+20
3.00483e+21
3.00607e+21
3.00838e+21
3.01151e+21
3.01514e+21
3.01889e+21
3.02231e+21
3.02486e+21
3.02592e+21
3.02472e+21
3.02026e+21
3.01125e+21
2.99589e+21
2.97165e+21
2.93489e+21
2.88044e+21
2.8011e+21
2.68763e+21
2.52962e+21
2.31857e+21
2.05332e+21
1.74546e+21
1.41957e+21
1.10508e+21
8.25395e+20
5.9253e+20
4.08775e+20
2.70787e+20
1.72478e+20
1.06462e+20
2.9981e+21
2.99951e+21
3.00216e+21
3.00579e+21
3.01008e+21
3.01465e+21
3.01906e+21
3.02281e+21
3.02531e+21
3.02583e+21
3.02348e+21
3.01711e+21
3.00514e+21
2.98535e+21
2.95458e+21
2.90823e+21
2.83985e+21
2.74074e+21
2.60044e+21
2.40888e+21
2.1612e+21
1.86396e+21
1.53809e+21
1.21341e+21
9.17158e+20
6.65733e+20
4.64319e+20
3.10915e+20
1.99943e+20
1.2414e+20
2.99719e+21
2.99862e+21
3.00132e+21
3.00501e+21
3.00938e+21
3.01406e+21
3.0186e+21
3.0225e+21
3.02516e+21
3.02588e+21
3.02377e+21
3.01768e+21
3.00607e+21
2.98673e+21
2.95654e+21
2.91098e+21
2.84363e+21
2.74585e+21
2.60717e+21
2.41737e+21
2.17126e+21
1.87494e+21
1.54898e+21
1.22323e+21
9.25336e+20
6.72113e+20
4.69039e+20
3.14237e+20
2.02156e+20
1.25525e+20
2.99654e+21
2.99799e+21
3.00071e+21
3.00445e+21
3.00888e+21
3.01362e+21
3.01825e+21
3.02225e+21
3.02503e+21
3.0259e+21
3.02397e+21
3.01811e+21
3.00678e+21
2.98783e+21
2.95815e+21
2.91328e+21
2.84688e+21
2.75037e+21
2.61331e+21
2.42538e+21
2.18108e+21
1.88603e+21
1.5604e+21
1.23395e+21
9.34603e+20
6.79637e+20
4.74839e+20
3.18494e+20
2.0512e+20
1.27469e+20
3.00325e+21
3.00453e+21
3.00691e+21
3.01014e+21
3.01392e+21
3.01785e+21
3.02151e+21
3.02438e+21
3.02583e+21
3.02513e+21
3.02133e+21
3.01319e+21
2.99901e+21
2.97638e+21
2.94188e+21
2.89059e+21
2.81566e+21
2.70814e+21
2.55766e+21
2.35516e+21
2.09792e+21
1.79537e+21
1.4704e+21
1.15243e+21
8.66326e+20
6.25871e+20
4.34598e+20
2.89811e+20
1.85737e+20
1.1514e+20
2.7604e+21
2.76041e+21
2.76033e+21
2.76e+21
2.75913e+21
2.75738e+21
2.75432e+21
2.74935e+21
2.74173e+21
2.73048e+21
2.71428e+21
2.69134e+21
2.65921e+21
2.61457e+21
2.55299e+21
2.4689e+21
2.35581e+21
2.20749e+21
2.02012e+21
1.79537e+21
1.54276e+21
1.27895e+21
1.0231e+21
7.91048e+20
5.92015e+20
4.28923e+20
3.00581e+20
2.0362e+20
1.3359e+20
8.55113e+19
2.75989e+21
2.76005e+21
2.76029e+21
2.76042e+21
2.76019e+21
2.75927e+21
2.75724e+21
2.75358e+21
2.74761e+21
2.73844e+21
2.7249e+21
2.7054e+21
2.67776e+21
2.63899e+21
2.58507e+21
2.51074e+21
2.40964e+21
2.27503e+21
2.10163e+21
1.88854e+21
1.64236e+21
1.37784e+21
1.11448e+21
8.70353e+20
6.57423e+20
4.80652e+20
3.39934e+20
2.32356e+20
1.53625e+20
9.87679e+19
2.75976e+21
2.75995e+21
2.76023e+21
2.76041e+21
2.76026e+21
2.75945e+21
2.75754e+21
2.75404e+21
2.74826e+21
2.73932e+21
2.72608e+21
2.70695e+21
2.67978e+21
2.64162e+21
2.58847e+21
2.51511e+21
2.41519e+21
2.28191e+21
2.10983e+21
1.89782e+21
1.65218e+21
1.38748e+21
1.12325e+21
8.7783e+20
6.63452e+20
4.85301e+20
3.43377e+20
2.34802e+20
1.55283e+20
9.98337e+19
2.75968e+21
2.75988e+21
2.76018e+21
2.7604e+21
2.76029e+21
2.75953e+21
2.7577e+21
2.75428e+21
2.74861e+21
2.73983e+21
2.72677e+21
2.70788e+21
2.68103e+21
2.64329e+21
2.59069e+21
2.51807e+21
2.41906e+21
2.28687e+21
2.11596e+21
1.90503e+21
1.66012e+21
1.3956e+21
1.13097e+21
8.84689e+20
6.6923e+20
4.8996e+20
3.46989e+20
2.37492e+20
1.57198e+20
1.01128e+20
2.76037e+21
2.76038e+21
2.76029e+21
2.75993e+21
2.75904e+21
2.75728e+21
2.75421e+21
2.74926e+21
2.74171e+21
2.73057e+21
2.71456e+21
2.69193e+21
2.66029e+21
2.61639e+21
2.55593e+21
2.47344e+21
2.36257e+21
2.2171e+21
2.03304e+21
1.81161e+21
1.56165e+21
1.29919e+21
1.04316e+21
8.09652e+20
6.08344e+20
4.42609e+20
3.11566e+20
2.12045e+20
1.39732e+20
8.97441e+19
2.44644e+21
2.44503e+21
2.44217e+21
2.43768e+21
2.43125e+21
2.42245e+21
2.41066e+21
2.39506e+21
2.37456e+21
2.34774e+21
2.31276e+21
2.26727e+21
2.2084e+21
2.13279e+21
2.03688e+21
1.91753e+21
1.77303e+21
1.60436e+21
1.41625e+21
1.21712e+21
1.01764e+21
8.28223e+20
6.56797e+20
5.07852e+20
3.82835e+20
2.81119e+20
2.00901e+20
1.39745e+20
9.48623e+19
6.32996e+19
2.45321e+21
2.45203e+21
2.44963e+21
2.44584e+21
2.44038e+21
2.43286e+21
2.42273e+21
2.40924e+21
2.39142e+21
2.36799e+21
2.33727e+21
2.29711e+21
2.24481e+21
2.17709e+21
2.09032e+21
1.98092e+21
1.84628e+21
1.68599e+21
1.50317e+21
1.30501e+21
1.10187e+21
9.04942e+20
7.23629e+20
5.63945e+20
4.28446e+20
3.17131e+20
2.28475e+20
1.60149e+20
1.09385e+20
7.31945e+19
2.454e+21
2.45285e+21
2.4505e+21
2.44678e+21
2.44144e+21
2.43406e+21
2.42411e+21
2.41084e+21
2.39331e+21
2.37023e+21
2.33995e+21
2.30033e+21
2.24867e+21
2.18173e+21
2.09583e+21
1.98737e+21
1.85362e+21
1.69407e+21
1.51166e+21
1.31348e+21
1.10986e+21
9.12085e+20
7.29715e+20
5.68926e+20
4.32386e+20
3.20152e+20
2.30719e+20
1.61759e+20
1.10495e+20
7.39264e+19
2.45454e+21
2.45341e+21
2.4511e+21
2.44744e+21
2.44218e+21
2.4349e+21
2.42508e+21
2.41198e+21
2.39465e+21
2.37184e+21
2.34189e+21
2.30268e+21
2.25152e+21
2.18518e+21
2.09997e+21
1.99227e+21
1.85928e+21
1.70038e+21
1.5184e+21
1.32031e+21
1.1164e+21
9.18031e+20
7.34872e+20
5.73225e+20
4.35853e+20
3.22865e+20
2.32779e+20
1.63271e+20
1.11564e+20
7.46504e+19
2.45487e+21
2.45375e+21
2.45146e+21
2.44785e+21
2.44264e+21
2.43543e+21
2.4257e+21
2.41271e+21
2.39553e+21
2.37291e+21
2.34319e+21
2.30428e+21
2.25351e+21
2.18763e+21
2.10298e+21
1.99589e+21
1.86356e+21
1.70526e+21
1.52373e+21
1.32584e+21
1.12184e+21
9.23098e+20
7.39375e+20
5.77072e+20
4.39033e+20
3.25416e+20
2.34766e+20
1.64767e+20
1.12648e+20
7.54037e+19
2.44875e+21
2.44743e+21
2.44474e+21
2.44052e+21
2.43448e+21
2.42619e+21
2.41507e+21
2.40034e+21
2.38097e+21
2.35561e+21
2.32251e+21
2.27942e+21
2.22358e+21
2.1517e+21
2.06021e+21
1.94581e+21
1.80638e+21
1.64226e+21
1.45736e+21
1.25945e+21
1.05895e+21
8.66552e+20
6.90819e+20
5.36953e+20
4.06944e+20
3.005e+20
2.15998e+20
1.51096e+20
1.03063e+20
6.89652e+19
2.19264e+21
2.19001e+21
2.18476e+21
2.17667e+21
2.16539e+21
2.15037e+21
2.13088e+21
2.10593e+21
2.07427e+21
2.03439e+21
1.98445e+21
1.92238e+21
1.84601e+21
1.75338e+21
1.64317e+21
1.51537e+21
1.37181e+21
1.21655e+21
1.0555e+21
8.95585e+20
7.43359e+20
6.03942e+20
4.80485e+20
3.74292e+20
2.85305e+20
2.12608e+20
1.5479e+20
1.10154e+20
7.68236e+19
5.28453e+19
2.20408e+21
2.20173e+21
2.197e+21
2.18973e+21
2.17957e+21
2.16602e+21
2.1484e+21
2.12578e+21
2.097e+21
2.06061e+21
2.01484e+21
1.95763e+21
1.88674e+21
1.8e+21
1.69568e+21
1.57316e+21
1.43352e+21
1.28008e+21
1.11832e+21
9.55178e+20
7.97706e+20
6.51786e+20
5.21346e+20
4.08288e+20
3.12916e+20
2.34494e+20
1.71684e+20
1.22809e+20
8.59884e+19
5.92351e+19
2.20567e+21
2.20335e+21
2.1987e+21
2.19153e+21
2.18152e+21
2.16815e+21
2.15076e+21
2.12843e+21
2.10001e+21
2.06405e+21
2.01878e+21
1.96214e+21
1.8919e+21
1.80583e+21
1.70218e+21
1.58023e+21
1.44098e+21
1.28766e+21
1.12572e+21
9.62093e+20
8.03905e+20
6.57138e+20
5.25819e+20
4.11924e+20
3.15797e+20
2.36719e+20
1.73358e+20
1.2403e+20
8.68483e+19
5.98181e+19
2.20663e+21
2.20434e+21
2.19973e+21
2.19263e+21
2.18271e+21
2.16947e+21
2.15223e+21
2.1301e+21
2.10191e+21
2.06624e+21
2.02131e+21
1.96508e+21
1.8953e+21
1.80973e+21
1.70658e+21
1.58509e+21
1.44619e+21
1.29306e+21
1.13108e+21
9.67205e+20
8.08581e+20
6.61261e+20
5.29341e+20
4.14851e+20
3.18172e+20
2.386e+20
1.74809e+20
1.25118e+20
8.76375e+19
6.03696e+19
2.20298e+21
2.2006e+21
2.19582e+21
2.18847e+21
2.1782e+21
2.16451e+21
2.1467e+21
2.12385e+21
2.09478e+21
2.05804e+21
2.01184e+21
1.95413e+21
1.88268e+21
1.79531e+21
1.69036e+21
1.56724e+21
1.42713e+21
1.27341e+21
1.11165e+21
9.48776e+20
7.91801e+20
6.46532e+20
5.16813e+20
4.0448e+20
3.09793e+20
2.31993e+20
1.69732e+20
1.2133e+20
8.49037e+19
5.84688e+19
0
0
0
0
0
0
0
0
0
0
0
0
0
0
0
0
0
0
0
0
0
0
0
0
0
0
0
0
0
0
0
0
0
0
0
0
0
0
0
0
0
0
0
0
0
0
0
0
0
0
0
0
0
0
0
0
0
0
0
0
0
0
0
0
0
0
0
0
0
0
0
0
0
0
0
0
0
0
0
0
0
0
0
0
0
0
0
0
0
0
0
0
0
0
0
0
0
0
0
0
0
0
0
0
0
0
0
0
0
0
0
0
0
0
0
0
0
0
0
0
0
0
0
0
0
0
0
0
0
0
0
0
0
0
0
0
0
0
0
0
0
0
0
0
0
0
0
0
0
0
0
0
0
0
0
0
0
0
0
0
0
0
0
0
0
0
0
0
0
0
0
0
0
0
0
0
0
0
0
0
0
0
0
0
0
0
0
0
0
0
0
0
0
0
0
0
0
0
0
0
0
0
0
0
0
0
0
0
0
0
0
0
0
0
0
0
0
0
0
0
0
0
0
0
0
0
0
0
0
0
0
0
0
0
0
0
0
0
0
0
0
0
0
0
0
0
0
0
0
0
0
0
0
0
0
0
0
0
0
0
0
0
0
0
0
0
0
0
0
0
0
0
0
0
0
0
0
0
0
0
0
0
0
0
0
0
0
0
0
0
0
0
0
0
0
0
0
0
0
0
0
0
0
0
0
0
0
0
0
0
0
0
0
0
0
0
0
0
0
0
0
0
0
0
0
0
0
0
0
0
0
0
0
0
0
0
0
0
0
0
0
0
0
0
0
0
0
0
0
0
0
0
0
0
0
0
0
0
0
0
0
0
0
0
0
0
0
0
0
0
0
0
0
0
0
0
0
0
0
0
0
0
0
0
0
0
0
0
0
0
0
0
0
0
0
0
0
0
0
0
0
0
0
0
0
0
0
0
0
0
0
0
0
0
0
0
0
0
0
0
0
0
0
0
0
0
0
0
0
0
0
0
0
0
0
0
0
0
0
0
0
0
0
0
0
0
0
0
0
0
0
0
0
0
0
0
0
0
0
0
0
0
0
0
0
0
0
0
0
0
0
0
0
0
0
0
0
0
0
0
0
0
0
0
0
0
0
0
0
0
0
0
0
0
0
0
0
0
0
0
0
0
0
0
0
0
0
0
0
0
0
0
0
0
0
0
0
0
0
0
0
0
0
0
0
0
0
0
0
0
0
0
0
0
0
0
0
0
0
0
0
0
0
0
0
0
0
0
0
0
0
0
0
0
0
0
0
0
0
0
0
0
0
0
0
0
0
0
0
0
0
0
0
0
0
0
0
0
0
0
0
0
0
0
0
0
0
0
0
0
0
0
0
0
0
0
0
0
0
0
0
0
0
0
0
0
0
0
0
0
0
0
0
0
0
0
0
0
0
0
0
0
0
0
0
0
0
0
0
0
0
0
0
0
0
0
0
0
0
0
0
0
0
0
0
0
0
0
0
0
0
0
0
0
0
0
0
0
0
0
0
0
0
0
0
0
0
0
0
0
0
0
0
0
0
0
0
0
0
0
0
0
0
0
0
0
0
0
0
0
0
0
0
0
0
0
0
0
0
0
0
0
0
0
0
0
0
0
0
0
0
0
0
0
0
0
0
0
0
0
0
0
0
0
0
0
0
0
0
0
0
0
0
0
0
0
0
0
0
0
0
0
0
0
0
0
0
0
0
0
0
0
0
0
0
0
0
0
0
0
0
0
0
0
0
0
0
0
0
0
0
0
0
0
0
0
0
0
0
0
0
0
0
0
0
0
0
0
0
0
0
0
0
0
0
0
0
0
0
0
0
0
0
0
0
0
0
0
0
0
0
0
0
0
0
0
0
0
0
0
0
0
0
0
0
0
0
0
0
0
0
0
0
0
0
0
0
0
0
0
0
0
0
0
0
0
0
0
0
0
0
0
0
0
0
0
0
0
0
0
0
0
0
0
0
0
0
0
0
0
0
0
0
0
0
0
0
0
0
0
0
0
0
0
0
0
0
0
0
0
0
0
0
0
0
0
0
0
0
0
0
0
0
0
0
0
0
0
0
0
0
0
0
0
0
0
0
0
0
0
0
0
0
0
0
0
0
0
0
0
0
0
0
0
0
0
0
0
0
0
0
0
0
0
0
0
0
0
0
0
0
0
0
0
0
0
0
0
0
0
0
0
0
0
0
0
0
0
0
0
0
0
0
0
0
0
0
0
0
0
0
0
0
0
0
0
0
0
0
0
0
0
0
0
0
0
0
0
0
0
0
0
0
0
0
0
0
0
0
0
0
0
0
0
0
0
0
0
0
0
0
0
0
0
0
0
0
0
0
0
0
0
0
0
0
0
0
0
0
0
0
0
0
0
0
0
0
0
0
0
0
0
0
0
0
0
0
0
0
0
0
0
0
0
0
0
0
0
0
0
0
0
0
0
0
0
0
0
0
0
0
0
0
0
0
0
0
0
0
0
0
0
0
0
0
0
0
0
0
0
0
0
0
0
0
0
0
0
0
0
0
0
0
0
0
0
0
0
0
0
0
0
0
0
0
0
0
0
0
0
0
0
0
0
0
0
0
0
0
0
0
0
0
0
0
0
0
0
0
0
0
0
0
0
0
0
0
0
0
0
0
0
0
0
0
0
0
0
0
0
0
0
0
0
0
0
0
0
0
0
0
0
0
0
0
0
0
0
0
0
0
0
0
0
0
0
0
0
0
0
0
0
0
0
0
0
0
0
0
0
0
0
0
0
0
0
0
0
0
0
0
0
0
0
0
0
0
0
0
0
0
0
0
0
0
0
0
0
0
0
0
0
0
0
0
0
0
0
0
0
0
0
0
0
0
0
0
0
0
0
0
0
0
0
0
0
0
0
0
0
0
0
0
0
0
0
0
0
0
0
0
0
0
0
0
0
0
0
0
0
0
0
0
0
0
0
0
0
0
0
0
0
0
0
0
0
0
0
0
0
0
0
0
0
0
0
0
0
0
0
0
0
0
0
0
0
0
0
0
0
0
0
0
0
0
0
0
0
0
0
0
0
0
0
0
0
0
0
0
0
0
0
0
0
0
0
0
0
0
0
0
0
0
0
0
0
0
0
0
0
0
0
0
0
0
0
0
0
0
0
0
0
0
0
0
0
0
0
0
0
0
0
0
0
0
0
0
0
0
0
0
0
0
0
0
0
0
0
0
0
0
0
0
0
0
0
0
0
0
0
)
;

boundaryField
{
    fuelBottom
    {
        type            empty;
    }
    fuelTop_1
    {
        type            empty;
    }
    fuelOuter
    {
        type            zeroGradient;
    }
    fuelTop
    {
        type            empty;
    }
    fuelInner
    {
        type            zeroGradient;
    }
    cladBottom
    {
        type            empty;
    }
    cladInner
    {
        type            zeroGradient;
    }
    cladOuter
    {
        type            zeroGradient;
    }
    cladTop
    {
        type            empty;
    }
    front
    {
        type            wedge;
    }
    back
    {
        type            wedge;
    }
}


// ************************************************************************* //
