/*--------------------------------*- C++ -*----------------------------------*\
| =========                 |                                                 |
| \\      /  F ield         | OpenFOAM: The Open Source CFD Toolbox           |
|  \\    /   O peration     | Version:  2412                                  |
|   \\  /    A nd           | Website:  www.openfoam.com                      |
|    \\/     M anipulation  |                                                 |
\*---------------------------------------------------------------------------*/
FoamFile
{
    version     2.0;
    format      ascii;
    arch        "LSB;label=32;scalar=64";
    class       volScalarField;
    location    "583.522882481/fuelBehaviourRegion";
    object      SCIANTIX::grainModes_10;
}
// * * * * * * * * * * * * * * * * * * * * * * * * * * * * * * * * * * * * * //

dimensions      [0 0 0 0 0 0 0];

internalField   nonuniform List<scalar> 
4720
(
2.93988e+19
2.93988e+19
2.93988e+19
2.93988e+19
2.93988e+19
2.93988e+19
2.93988e+19
2.93988e+19
2.93988e+19
2.93988e+19
2.93988e+19
2.93988e+19
2.93988e+19
2.93988e+19
2.93988e+19
2.93988e+19
2.93988e+19
2.93988e+19
2.93988e+19
2.93988e+19
2.93988e+19
2.93988e+19
2.93988e+19
2.93988e+19
2.93988e+19
2.93988e+19
2.93988e+19
2.93988e+19
2.93988e+19
2.93988e+19
2.93988e+19
2.93988e+19
2.93988e+19
2.93988e+19
2.93988e+19
2.93988e+19
2.93988e+19
2.93988e+19
2.93988e+19
2.93988e+19
2.93988e+19
2.93988e+19
2.93988e+19
2.93988e+19
2.93988e+19
2.93988e+19
2.93988e+19
2.93988e+19
2.93988e+19
2.93988e+19
2.93988e+19
2.93988e+19
2.93988e+19
2.93988e+19
2.93988e+19
2.93988e+19
2.93988e+19
2.93988e+19
2.93988e+19
2.93988e+19
2.93988e+19
2.93988e+19
2.93988e+19
2.93988e+19
2.93988e+19
2.93988e+19
2.93988e+19
2.93988e+19
2.93988e+19
2.93988e+19
2.93988e+19
2.93988e+19
2.93988e+19
2.93988e+19
2.93988e+19
2.93988e+19
2.93988e+19
2.93988e+19
2.93988e+19
2.93988e+19
2.93988e+19
2.93988e+19
2.93988e+19
2.93988e+19
2.93988e+19
2.93988e+19
2.93988e+19
2.93988e+19
2.93988e+19
2.93988e+19
2.93988e+19
2.93988e+19
2.93988e+19
2.93988e+19
2.93988e+19
2.93988e+19
2.93988e+19
2.93988e+19
2.93988e+19
2.93988e+19
2.93988e+19
2.93988e+19
2.93988e+19
2.93988e+19
2.93988e+19
2.93988e+19
2.93988e+19
2.93988e+19
2.93988e+19
2.93988e+19
2.93988e+19
2.93988e+19
2.93988e+19
2.93988e+19
2.93988e+19
2.93988e+19
2.93988e+19
2.93988e+19
2.93988e+19
2.93988e+19
2.93988e+19
2.93988e+19
2.93988e+19
2.93988e+19
2.93988e+19
2.93988e+19
2.93988e+19
2.93988e+19
2.93988e+19
2.93988e+19
2.93988e+19
2.93988e+19
2.93988e+19
2.93988e+19
2.93988e+19
2.93988e+19
2.93988e+19
2.93988e+19
2.93988e+19
2.93988e+19
2.93988e+19
2.93988e+19
2.93988e+19
2.93988e+19
2.93988e+19
2.93988e+19
2.93988e+19
2.93988e+19
2.93988e+19
2.93988e+19
2.93988e+19
2.93988e+19
2.93988e+19
2.93988e+19
2.93988e+19
2.93988e+19
2.93988e+19
2.93988e+19
2.93988e+19
2.93988e+19
2.93988e+19
2.93988e+19
2.93988e+19
2.93988e+19
2.93988e+19
2.93988e+19
2.93988e+19
2.93988e+19
2.93988e+19
2.93988e+19
2.93988e+19
2.93988e+19
2.93988e+19
2.93988e+19
2.93988e+19
2.93988e+19
2.93988e+19
2.93988e+19
2.93988e+19
2.93988e+19
3.24635e+19
3.24635e+19
3.24635e+19
3.24635e+19
3.24635e+19
3.24635e+19
3.24635e+19
3.24635e+19
3.24635e+19
3.24635e+19
3.24635e+19
3.24635e+19
3.24635e+19
3.24635e+19
3.24635e+19
3.24635e+19
3.24635e+19
3.24635e+19
3.24635e+19
3.24635e+19
3.24635e+19
3.24635e+19
3.24635e+19
3.24635e+19
3.24635e+19
3.24635e+19
3.24635e+19
3.24635e+19
3.24635e+19
3.24635e+19
3.24635e+19
3.24635e+19
3.24635e+19
3.24635e+19
3.24635e+19
3.24635e+19
3.24635e+19
3.24635e+19
3.24635e+19
3.24635e+19
3.24635e+19
3.24635e+19
3.24635e+19
3.24635e+19
3.24635e+19
3.24635e+19
3.24635e+19
3.24635e+19
3.24635e+19
3.24635e+19
3.24635e+19
3.24635e+19
3.24635e+19
3.24635e+19
3.24635e+19
3.24635e+19
3.24635e+19
3.24635e+19
3.24635e+19
3.24635e+19
3.24635e+19
3.24635e+19
3.24635e+19
3.24635e+19
3.24635e+19
3.24635e+19
3.24635e+19
3.24635e+19
3.24635e+19
3.24635e+19
3.24635e+19
3.24635e+19
3.24635e+19
3.24635e+19
3.24635e+19
3.24635e+19
3.24635e+19
3.24635e+19
3.24635e+19
3.24635e+19
3.24635e+19
3.24635e+19
3.24635e+19
3.24635e+19
3.24635e+19
3.24635e+19
3.24635e+19
3.24635e+19
3.24635e+19
3.24635e+19
3.24635e+19
3.24635e+19
3.24635e+19
3.24635e+19
3.24635e+19
3.24635e+19
3.24635e+19
3.24635e+19
3.24635e+19
3.24635e+19
3.24635e+19
3.24635e+19
3.24635e+19
3.24635e+19
3.24635e+19
3.24635e+19
3.24635e+19
3.24635e+19
3.24635e+19
3.24635e+19
3.24635e+19
3.24635e+19
3.24635e+19
3.24635e+19
3.24635e+19
3.24635e+19
3.24635e+19
3.24635e+19
3.24635e+19
3.24635e+19
3.24635e+19
3.24635e+19
3.24635e+19
3.24635e+19
3.24635e+19
3.24635e+19
3.24635e+19
3.24635e+19
3.24635e+19
3.24635e+19
3.24635e+19
3.24635e+19
3.24635e+19
3.24635e+19
3.24635e+19
3.24635e+19
3.24635e+19
3.24635e+19
3.24635e+19
3.24635e+19
3.24635e+19
3.24635e+19
3.24635e+19
3.24635e+19
3.24635e+19
3.24635e+19
3.24635e+19
3.24635e+19
3.24635e+19
3.24635e+19
3.24635e+19
3.24635e+19
3.24635e+19
3.24635e+19
3.24635e+19
3.24635e+19
3.24635e+19
3.24635e+19
3.24635e+19
3.24635e+19
3.24635e+19
3.24635e+19
3.24635e+19
3.24635e+19
3.24635e+19
3.24635e+19
3.24635e+19
3.24635e+19
3.24635e+19
3.24635e+19
3.24635e+19
3.24635e+19
3.24635e+19
3.24635e+19
3.24635e+19
3.24635e+19
3.24635e+19
3.24635e+19
3.24635e+19
3.24635e+19
4.05089e+19
4.05089e+19
4.05089e+19
4.05089e+19
4.05089e+19
4.05089e+19
4.05089e+19
4.05089e+19
4.05089e+19
4.05089e+19
4.05089e+19
4.05089e+19
4.05089e+19
4.05089e+19
4.05089e+19
4.05089e+19
4.05089e+19
4.05089e+19
4.05089e+19
4.05089e+19
4.05089e+19
4.05089e+19
4.05089e+19
4.05089e+19
4.05089e+19
4.05089e+19
4.05089e+19
4.05089e+19
4.05089e+19
4.05089e+19
4.05089e+19
4.05089e+19
4.05089e+19
4.05089e+19
4.05089e+19
4.05089e+19
4.05089e+19
4.05089e+19
4.05089e+19
4.05089e+19
4.05089e+19
4.05089e+19
4.05089e+19
4.05089e+19
4.05089e+19
4.05089e+19
4.05089e+19
4.05089e+19
4.05089e+19
4.05089e+19
4.05089e+19
4.05089e+19
4.05089e+19
4.05089e+19
4.05089e+19
4.05089e+19
4.05089e+19
4.05089e+19
4.05089e+19
4.05089e+19
4.05089e+19
4.05089e+19
4.05089e+19
4.05089e+19
4.05089e+19
4.05089e+19
4.05089e+19
4.05089e+19
4.05089e+19
4.05089e+19
4.05089e+19
4.05089e+19
4.05089e+19
4.05089e+19
4.05089e+19
4.05089e+19
4.05089e+19
4.05089e+19
4.05089e+19
4.05089e+19
4.05089e+19
4.05089e+19
4.05089e+19
4.05089e+19
4.05089e+19
4.05089e+19
4.05089e+19
4.05089e+19
4.05089e+19
4.05089e+19
4.05089e+19
4.05089e+19
4.05089e+19
4.05089e+19
4.05089e+19
4.05089e+19
4.05089e+19
4.05089e+19
4.05089e+19
4.05089e+19
4.05089e+19
4.05089e+19
4.05089e+19
4.05089e+19
4.05089e+19
4.05089e+19
4.05089e+19
4.05089e+19
4.05089e+19
4.05089e+19
4.05089e+19
4.05089e+19
4.05089e+19
4.05089e+19
4.05089e+19
4.05089e+19
4.05089e+19
4.05089e+19
4.05089e+19
4.05089e+19
4.05089e+19
4.05089e+19
4.05089e+19
4.05089e+19
4.05089e+19
4.05089e+19
4.05089e+19
4.05089e+19
4.05089e+19
4.05089e+19
4.05089e+19
4.05089e+19
4.05089e+19
4.05089e+19
4.05089e+19
4.05089e+19
4.05089e+19
4.05089e+19
4.05089e+19
4.05089e+19
4.05089e+19
4.05089e+19
4.05089e+19
4.05089e+19
4.05089e+19
4.05089e+19
4.05089e+19
4.05089e+19
4.05089e+19
4.05089e+19
4.05089e+19
4.05089e+19
4.05089e+19
4.05089e+19
4.05089e+19
4.05089e+19
4.05089e+19
4.05089e+19
4.05089e+19
4.05089e+19
4.05089e+19
4.05089e+19
4.05089e+19
4.05089e+19
4.05089e+19
4.05089e+19
4.05089e+19
4.05089e+19
4.05089e+19
4.05089e+19
4.05089e+19
4.05089e+19
4.05089e+19
4.05089e+19
4.05089e+19
4.05089e+19
4.05089e+19
4.05089e+19
4.05089e+19
4.05089e+19
5.39092e+19
5.39092e+19
5.39092e+19
5.39092e+19
5.39092e+19
5.39092e+19
5.39092e+19
5.39092e+19
5.39092e+19
5.39092e+19
5.39092e+19
5.39092e+19
5.39092e+19
5.39092e+19
5.39092e+19
5.39092e+19
5.39092e+19
5.39092e+19
5.39092e+19
5.39092e+19
5.39092e+19
5.39092e+19
5.39092e+19
5.39092e+19
5.39092e+19
5.39092e+19
5.39092e+19
5.39092e+19
5.39092e+19
5.39092e+19
5.39092e+19
5.39092e+19
5.39092e+19
5.39092e+19
5.39092e+19
5.39092e+19
5.39092e+19
5.39092e+19
5.39092e+19
5.39092e+19
5.39092e+19
5.39092e+19
5.39092e+19
5.39092e+19
5.39092e+19
5.39092e+19
5.39092e+19
5.39092e+19
5.39092e+19
5.39092e+19
5.39092e+19
5.39092e+19
5.39092e+19
5.39092e+19
5.39092e+19
5.39092e+19
5.39092e+19
5.39092e+19
5.39092e+19
5.39092e+19
5.39092e+19
5.39092e+19
5.39092e+19
5.39092e+19
5.39092e+19
5.39092e+19
5.39092e+19
5.39092e+19
5.39092e+19
5.39092e+19
5.39092e+19
5.39092e+19
5.39092e+19
5.39092e+19
5.39092e+19
5.39092e+19
5.39092e+19
5.39092e+19
5.39092e+19
5.39092e+19
5.39092e+19
5.39092e+19
5.39092e+19
5.39092e+19
5.39092e+19
5.39092e+19
5.39092e+19
5.39092e+19
5.39092e+19
5.39092e+19
5.39092e+19
5.39092e+19
5.39092e+19
5.39092e+19
5.39092e+19
5.39092e+19
5.39092e+19
5.39092e+19
5.39092e+19
5.39092e+19
5.39092e+19
5.39092e+19
5.39092e+19
5.39092e+19
5.39092e+19
5.39092e+19
5.39092e+19
5.39092e+19
5.39092e+19
5.39092e+19
5.39092e+19
5.39092e+19
5.39092e+19
5.39092e+19
5.39092e+19
5.39092e+19
5.39092e+19
5.39092e+19
5.39092e+19
5.39092e+19
5.39092e+19
5.39092e+19
5.39092e+19
5.39092e+19
5.39092e+19
5.39092e+19
5.39092e+19
5.39092e+19
5.39092e+19
5.39092e+19
5.39092e+19
5.39092e+19
5.39092e+19
5.39092e+19
5.39092e+19
5.39092e+19
5.39092e+19
5.39092e+19
5.39092e+19
5.39092e+19
5.39092e+19
5.39092e+19
5.39092e+19
5.39092e+19
5.39092e+19
5.39092e+19
5.39092e+19
5.39092e+19
5.39092e+19
5.39092e+19
5.39091e+19
5.39091e+19
5.39091e+19
5.39091e+19
5.39091e+19
5.39091e+19
5.39092e+19
5.39092e+19
5.39092e+19
5.39092e+19
5.39092e+19
5.39092e+19
5.39092e+19
5.39092e+19
5.39092e+19
5.39092e+19
5.39092e+19
5.39092e+19
5.39092e+19
5.39092e+19
5.39092e+19
5.39092e+19
5.39092e+19
5.39092e+19
5.39092e+19
5.39092e+19
5.39092e+19
5.39092e+19
5.39092e+19
5.39092e+19
7.23275e+19
7.23275e+19
7.23275e+19
7.23276e+19
7.23276e+19
7.23276e+19
7.23276e+19
7.23276e+19
7.23276e+19
7.23276e+19
7.23276e+19
7.23276e+19
7.23277e+19
7.23277e+19
7.23277e+19
7.23277e+19
7.23277e+19
7.23277e+19
7.23277e+19
7.23278e+19
7.23278e+19
7.23278e+19
7.23278e+19
7.23278e+19
7.23278e+19
7.23278e+19
7.23278e+19
7.23278e+19
7.23278e+19
7.23278e+19
7.23275e+19
7.23275e+19
7.23275e+19
7.23275e+19
7.23275e+19
7.23275e+19
7.23275e+19
7.23276e+19
7.23276e+19
7.23276e+19
7.23276e+19
7.23276e+19
7.23276e+19
7.23276e+19
7.23277e+19
7.23277e+19
7.23277e+19
7.23277e+19
7.23277e+19
7.23277e+19
7.23278e+19
7.23278e+19
7.23278e+19
7.23278e+19
7.23278e+19
7.23278e+19
7.23278e+19
7.23278e+19
7.23278e+19
7.23278e+19
7.23275e+19
7.23275e+19
7.23275e+19
7.23275e+19
7.23275e+19
7.23275e+19
7.23275e+19
7.23275e+19
7.23276e+19
7.23276e+19
7.23276e+19
7.23276e+19
7.23276e+19
7.23276e+19
7.23277e+19
7.23277e+19
7.23277e+19
7.23277e+19
7.23277e+19
7.23277e+19
7.23278e+19
7.23278e+19
7.23278e+19
7.23278e+19
7.23278e+19
7.23278e+19
7.23278e+19
7.23278e+19
7.23278e+19
7.23278e+19
7.23275e+19
7.23275e+19
7.23275e+19
7.23275e+19
7.23275e+19
7.23275e+19
7.23275e+19
7.23275e+19
7.23276e+19
7.23276e+19
7.23276e+19
7.23276e+19
7.23276e+19
7.23276e+19
7.23277e+19
7.23277e+19
7.23277e+19
7.23277e+19
7.23277e+19
7.23277e+19
7.23278e+19
7.23278e+19
7.23278e+19
7.23278e+19
7.23278e+19
7.23278e+19
7.23278e+19
7.23278e+19
7.23278e+19
7.23278e+19
7.23275e+19
7.23275e+19
7.23275e+19
7.23275e+19
7.23275e+19
7.23275e+19
7.23275e+19
7.23275e+19
7.23275e+19
7.23276e+19
7.23276e+19
7.23276e+19
7.23276e+19
7.23276e+19
7.23276e+19
7.23277e+19
7.23277e+19
7.23277e+19
7.23277e+19
7.23277e+19
7.23277e+19
7.23278e+19
7.23278e+19
7.23278e+19
7.23278e+19
7.23278e+19
7.23278e+19
7.23278e+19
7.23278e+19
7.23278e+19
7.23272e+19
7.23273e+19
7.23273e+19
7.23273e+19
7.23273e+19
7.23273e+19
7.23273e+19
7.23273e+19
7.23274e+19
7.23274e+19
7.23274e+19
7.23274e+19
7.23275e+19
7.23275e+19
7.23275e+19
7.23276e+19
7.23276e+19
7.23276e+19
7.23276e+19
7.23277e+19
7.23277e+19
7.23277e+19
7.23277e+19
7.23278e+19
7.23278e+19
7.23278e+19
7.23278e+19
7.23278e+19
7.23278e+19
7.23278e+19
3.51114e+20
3.51137e+20
3.5118e+20
3.51243e+20
3.51323e+20
3.5142e+20
3.51532e+20
3.51658e+20
3.51796e+20
3.51943e+20
3.52099e+20
3.5226e+20
3.52424e+20
3.52587e+20
3.52746e+20
3.52897e+20
3.53037e+20
3.53165e+20
3.53279e+20
3.53379e+20
3.53465e+20
3.53538e+20
3.53599e+20
3.53648e+20
3.53688e+20
3.53718e+20
3.53742e+20
3.53758e+20
3.5377e+20
3.53778e+20
3.50616e+20
3.50642e+20
3.50693e+20
3.50765e+20
3.50858e+20
3.5097e+20
3.51098e+20
3.51241e+20
3.51398e+20
3.51568e+20
3.51748e+20
3.51936e+20
3.52129e+20
3.52324e+20
3.52516e+20
3.52701e+20
3.52874e+20
3.53032e+20
3.53174e+20
3.53297e+20
3.53403e+20
3.53492e+20
3.53565e+20
3.53625e+20
3.53672e+20
3.53708e+20
3.53735e+20
3.53755e+20
3.53768e+20
3.53777e+20
3.50601e+20
3.50627e+20
3.50678e+20
3.50751e+20
3.50845e+20
3.50957e+20
3.51085e+20
3.51229e+20
3.51387e+20
3.51557e+20
3.51738e+20
3.51927e+20
3.52121e+20
3.52317e+20
3.5251e+20
3.52696e+20
3.5287e+20
3.53029e+20
3.53171e+20
3.53295e+20
3.53402e+20
3.53491e+20
3.53565e+20
3.53624e+20
3.53672e+20
3.53708e+20
3.53735e+20
3.53755e+20
3.53768e+20
3.53777e+20
3.50583e+20
3.50609e+20
3.5066e+20
3.50734e+20
3.50827e+20
3.50939e+20
3.51069e+20
3.51213e+20
3.51371e+20
3.51541e+20
3.51722e+20
3.51912e+20
3.52106e+20
3.52303e+20
3.52497e+20
3.52684e+20
3.5286e+20
3.5302e+20
3.53164e+20
3.53289e+20
3.53396e+20
3.53487e+20
3.53561e+20
3.53622e+20
3.5367e+20
3.53706e+20
3.53734e+20
3.53754e+20
3.53768e+20
3.53777e+20
3.50696e+20
3.50722e+20
3.50772e+20
3.50844e+20
3.50937e+20
3.51048e+20
3.51176e+20
3.51319e+20
3.51475e+20
3.51644e+20
3.51823e+20
3.5201e+20
3.52201e+20
3.52393e+20
3.52581e+20
3.52761e+20
3.52928e+20
3.5308e+20
3.53215e+20
3.53332e+20
3.53432e+20
3.53516e+20
3.53585e+20
3.5364e+20
3.53684e+20
3.53717e+20
3.53742e+20
3.53759e+20
3.53771e+20
3.53779e+20
3.99979e+20
4.00037e+20
4.00149e+20
4.00306e+20
4.00501e+20
4.00726e+20
4.00975e+20
4.0124e+20
4.01517e+20
4.01803e+20
4.02096e+20
4.02396e+20
4.02703e+20
4.03018e+20
4.03339e+20
4.03663e+20
4.03983e+20
4.04291e+20
4.04577e+20
4.04833e+20
4.05055e+20
4.05242e+20
4.05395e+20
4.05518e+20
4.05614e+20
4.05687e+20
4.05741e+20
4.05778e+20
4.05804e+20
4.0582e+20
3.9952e+20
3.99586e+20
3.9971e+20
3.99886e+20
4.00104e+20
4.00354e+20
4.00629e+20
4.00921e+20
4.01223e+20
4.01531e+20
4.01843e+20
4.02159e+20
4.02479e+20
4.02804e+20
4.03135e+20
4.03471e+20
4.03806e+20
4.04131e+20
4.04438e+20
4.04716e+20
4.0496e+20
4.05167e+20
4.05337e+20
4.05474e+20
4.05581e+20
4.05663e+20
4.05724e+20
4.05767e+20
4.05797e+20
4.05816e+20
3.9948e+20
3.99546e+20
3.99672e+20
3.9985e+20
4.0007e+20
4.00323e+20
4.006e+20
4.00894e+20
4.01198e+20
4.01508e+20
4.01822e+20
4.0214e+20
4.02461e+20
4.02787e+20
4.0312e+20
4.03456e+20
4.03792e+20
4.04119e+20
4.04428e+20
4.04708e+20
4.04953e+20
4.05161e+20
4.05333e+20
4.05471e+20
4.05579e+20
4.05662e+20
4.05723e+20
4.05767e+20
4.05796e+20
4.05816e+20
3.9944e+20
3.99507e+20
3.99634e+20
3.99813e+20
4.00035e+20
4.0029e+20
4.00569e+20
4.00866e+20
4.01172e+20
4.01485e+20
4.018e+20
4.02119e+20
4.02441e+20
4.02769e+20
4.03102e+20
4.03439e+20
4.03776e+20
4.04105e+20
4.04415e+20
4.04697e+20
4.04944e+20
4.05154e+20
4.05327e+20
4.05466e+20
4.05576e+20
4.05659e+20
4.05721e+20
4.05766e+20
4.05796e+20
4.05815e+20
3.99407e+20
3.99475e+20
3.99603e+20
3.99783e+20
4.00006e+20
4.00263e+20
4.00545e+20
4.00843e+20
4.01151e+20
4.01465e+20
4.01782e+20
4.02101e+20
4.02425e+20
4.02753e+20
4.03086e+20
4.03424e+20
4.03762e+20
4.04091e+20
4.04403e+20
4.04686e+20
4.04935e+20
4.05147e+20
4.05321e+20
4.05462e+20
4.05572e+20
4.05657e+20
4.0572e+20
4.05764e+20
4.05795e+20
4.05815e+20
3.9965e+20
3.99714e+20
3.99836e+20
4.00008e+20
4.0022e+20
4.00465e+20
4.00734e+20
4.01019e+20
4.01315e+20
4.01618e+20
4.01926e+20
4.02239e+20
4.02557e+20
4.02881e+20
4.03211e+20
4.03545e+20
4.03877e+20
4.04198e+20
4.04498e+20
4.04769e+20
4.05005e+20
4.05203e+20
4.05366e+20
4.05497e+20
4.05599e+20
4.05677e+20
4.05734e+20
4.05774e+20
4.05801e+20
4.05818e+20
4.4097e+20
4.41128e+20
4.41427e+20
4.41846e+20
4.42361e+20
4.42948e+20
4.43581e+20
4.44237e+20
4.44894e+20
4.45536e+20
4.4615e+20
4.4673e+20
4.47274e+20
4.47788e+20
4.48279e+20
4.48757e+20
4.49232e+20
4.49705e+20
4.50171e+20
4.50617e+20
4.51026e+20
4.51383e+20
4.51681e+20
4.5192e+20
4.52107e+20
4.52249e+20
4.52352e+20
4.52425e+20
4.52473e+20
4.52503e+20
4.39958e+20
4.40133e+20
4.40465e+20
4.40931e+20
4.41504e+20
4.42158e+20
4.42863e+20
4.43594e+20
4.44326e+20
4.4504e+20
4.4572e+20
4.46359e+20
4.46953e+20
4.47506e+20
4.48026e+20
4.48525e+20
4.49014e+20
4.495e+20
4.49981e+20
4.50447e+20
4.5088e+20
4.51263e+20
4.51587e+20
4.51849e+20
4.52054e+20
4.52211e+20
4.52326e+20
4.52407e+20
4.52462e+20
4.52497e+20
4.39842e+20
4.40019e+20
4.40354e+20
4.40826e+20
4.41406e+20
4.42067e+20
4.42781e+20
4.43521e+20
4.44262e+20
4.44984e+20
4.45672e+20
4.46317e+20
4.46917e+20
4.47475e+20
4.47999e+20
4.485e+20
4.48991e+20
4.49479e+20
4.49961e+20
4.50429e+20
4.50865e+20
4.51251e+20
4.51577e+20
4.51842e+20
4.52049e+20
4.52207e+20
4.52324e+20
4.52406e+20
4.52461e+20
4.52496e+20
4.39758e+20
4.39936e+20
4.40274e+20
4.40749e+20
4.41334e+20
4.42e+20
4.4272e+20
4.43465e+20
4.44212e+20
4.4494e+20
4.45634e+20
4.46284e+20
4.46888e+20
4.47449e+20
4.47975e+20
4.48479e+20
4.48971e+20
4.49459e+20
4.49943e+20
4.50412e+20
4.50849e+20
4.51238e+20
4.51567e+20
4.51833e+20
4.52043e+20
4.52203e+20
4.5232e+20
4.52404e+20
4.5246e+20
4.52495e+20
4.40368e+20
4.40536e+20
4.40857e+20
4.41306e+20
4.41859e+20
4.42489e+20
4.43168e+20
4.4387e+20
4.44574e+20
4.4526e+20
4.45914e+20
4.46529e+20
4.47102e+20
4.47639e+20
4.48148e+20
4.48639e+20
4.49124e+20
4.49606e+20
4.50083e+20
4.50541e+20
4.50963e+20
4.51333e+20
4.51643e+20
4.51893e+20
4.52088e+20
4.52236e+20
4.52344e+20
4.52419e+20
4.5247e+20
4.52501e+20
4.69509e+20
4.69821e+20
4.70414e+20
4.71248e+20
4.72278e+20
4.73455e+20
4.74728e+20
4.76049e+20
4.7737e+20
4.78653e+20
4.79863e+20
4.80977e+20
4.81982e+20
4.82876e+20
4.83669e+20
4.84378e+20
4.85031e+20
4.85651e+20
4.86259e+20
4.86859e+20
4.87437e+20
4.87967e+20
4.88426e+20
4.88802e+20
4.89097e+20
4.8932e+20
4.89482e+20
4.89594e+20
4.89669e+20
4.89715e+20
4.67531e+20
4.67874e+20
4.68525e+20
4.69443e+20
4.70578e+20
4.71877e+20
4.73287e+20
4.74754e+20
4.76226e+20
4.77659e+20
4.79014e+20
4.80263e+20
4.81389e+20
4.82387e+20
4.83263e+20
4.84035e+20
4.84731e+20
4.85378e+20
4.86004e+20
4.86619e+20
4.87219e+20
4.87779e+20
4.88273e+20
4.88684e+20
4.8901e+20
4.89257e+20
4.89438e+20
4.89566e+20
4.89651e+20
4.89704e+20
4.67283e+20
4.67629e+20
4.68288e+20
4.69216e+20
4.70365e+20
4.7168e+20
4.73107e+20
4.74592e+20
4.76084e+20
4.77536e+20
4.78909e+20
4.80175e+20
4.81316e+20
4.82327e+20
4.83214e+20
4.83995e+20
4.84696e+20
4.85347e+20
4.85975e+20
4.86593e+20
4.87194e+20
4.87758e+20
4.88257e+20
4.88671e+20
4.89e+20
4.8925e+20
4.89434e+20
4.89563e+20
4.89649e+20
4.89703e+20
4.67126e+20
4.67475e+20
4.68137e+20
4.69071e+20
4.70227e+20
4.71551e+20
4.72988e+20
4.74484e+20
4.75987e+20
4.7745e+20
4.78835e+20
4.80112e+20
4.81263e+20
4.82282e+20
4.83177e+20
4.83963e+20
4.84668e+20
4.85321e+20
4.85951e+20
4.86569e+20
4.87173e+20
4.87739e+20
4.8824e+20
4.88658e+20
4.8899e+20
4.89243e+20
4.89429e+20
4.89559e+20
4.89647e+20
4.89702e+20
4.68799e+20
4.69123e+20
4.69741e+20
4.70609e+20
4.71682e+20
4.72908e+20
4.74236e+20
4.75613e+20
4.76993e+20
4.78331e+20
4.79594e+20
4.80756e+20
4.81803e+20
4.82732e+20
4.83552e+20
4.84282e+20
4.84949e+20
4.8558e+20
4.86195e+20
4.86802e+20
4.87388e+20
4.87928e+20
4.88396e+20
4.88781e+20
4.89082e+20
4.8931e+20
4.89476e+20
4.89591e+20
4.89667e+20
4.89714e+20
4.88621e+20
4.89128e+20
4.90095e+20
4.9146e+20
4.93155e+20
4.95104e+20
4.97231e+20
4.99454e+20
5.01698e+20
5.03891e+20
5.05972e+20
5.0789e+20
5.09611e+20
5.11117e+20
5.12411e+20
5.13511e+20
5.1445e+20
5.15275e+20
5.16034e+20
5.16763e+20
5.17478e+20
5.18162e+20
5.18781e+20
5.19304e+20
5.19719e+20
5.20034e+20
5.20262e+20
5.20421e+20
5.20524e+20
5.20588e+20
4.85079e+20
4.85633e+20
4.8669e+20
4.88186e+20
4.90048e+20
4.92196e+20
4.94548e+20
4.97018e+20
4.99523e+20
5.01984e+20
5.04331e+20
5.06506e+20
5.08468e+20
5.1019e+20
5.11669e+20
5.12918e+20
5.13971e+20
5.14872e+20
5.15677e+20
5.16432e+20
5.17168e+20
5.17881e+20
5.18542e+20
5.19113e+20
5.19576e+20
5.19931e+20
5.20191e+20
5.20374e+20
5.20496e+20
5.20571e+20
4.84751e+20
4.85309e+20
4.86375e+20
4.87883e+20
4.89761e+20
4.91929e+20
4.94303e+20
4.96796e+20
4.99326e+20
5.01812e+20
5.04184e+20
5.06383e+20
5.08367e+20
5.10109e+20
5.11605e+20
5.12868e+20
5.13931e+20
5.1484e+20
5.15649e+20
5.16407e+20
5.17145e+20
5.1786e+20
5.18524e+20
5.191e+20
5.19566e+20
5.19924e+20
5.20186e+20
5.20371e+20
5.20494e+20
5.2057e+20
4.84432e+20
4.84995e+20
4.86068e+20
4.87588e+20
4.8948e+20
4.91665e+20
4.94058e+20
4.96573e+20
4.99126e+20
5.01636e+20
5.04032e+20
5.06254e+20
5.0826e+20
5.10022e+20
5.11535e+20
5.12813e+20
5.13886e+20
5.14803e+20
5.15617e+20
5.16378e+20
5.17117e+20
5.17835e+20
5.18502e+20
5.19082e+20
5.19553e+20
5.19914e+20
5.2018e+20
5.20366e+20
5.20491e+20
5.20568e+20
4.84153e+20
4.84719e+20
4.85798e+20
4.87327e+20
4.89231e+20
4.9143e+20
4.93839e+20
4.96372e+20
4.98944e+20
5.01474e+20
5.03891e+20
5.06134e+20
5.08158e+20
5.09939e+20
5.11468e+20
5.12758e+20
5.13842e+20
5.14766e+20
5.15584e+20
5.16347e+20
5.17088e+20
5.17808e+20
5.18479e+20
5.19063e+20
5.19538e+20
5.19903e+20
5.20172e+20
5.20361e+20
5.20487e+20
5.20566e+20
4.86471e+20
4.87008e+20
4.88034e+20
4.89484e+20
4.91287e+20
4.93364e+20
4.95634e+20
4.98013e+20
5.00421e+20
5.0278e+20
5.05024e+20
5.07097e+20
5.08962e+20
5.10596e+20
5.11998e+20
5.13183e+20
5.14187e+20
5.15055e+20
5.1584e+20
5.16585e+20
5.17314e+20
5.18016e+20
5.18659e+20
5.19209e+20
5.19649e+20
5.19984e+20
5.20229e+20
5.20399e+20
5.20511e+20
5.2058e+20
4.9701e+20
4.9771e+20
4.99048e+20
5.00947e+20
5.03317e+20
5.06063e+20
5.09083e+20
5.12271e+20
5.15522e+20
5.18734e+20
5.21813e+20
5.2468e+20
5.27273e+20
5.29551e+20
5.315e+20
5.33128e+20
5.34471e+20
5.35584e+20
5.36535e+20
5.37395e+20
5.38217e+20
5.39018e+20
5.39772e+20
5.40436e+20
5.40978e+20
5.41392e+20
5.41695e+20
5.41906e+20
5.42045e+20
5.42129e+20
4.93007e+20
4.93752e+20
4.95179e+20
4.97205e+20
4.99741e+20
5.02688e+20
5.0594e+20
5.09386e+20
5.12917e+20
5.16422e+20
5.19802e+20
5.22967e+20
5.25846e+20
5.2839e+20
5.30575e+20
5.32405e+20
5.33908e+20
5.35139e+20
5.36168e+20
5.37072e+20
5.37917e+20
5.38738e+20
5.39524e+20
5.40231e+20
5.4082e+20
5.41278e+20
5.41616e+20
5.41854e+20
5.42012e+20
5.42111e+20
4.92563e+20
4.93314e+20
4.94751e+20
4.96792e+20
4.99347e+20
5.02317e+20
5.05595e+20
5.09071e+20
5.12633e+20
5.16171e+20
5.19585e+20
5.22783e+20
5.25693e+20
5.28266e+20
5.30478e+20
5.32329e+20
5.3385e+20
5.35094e+20
5.36132e+20
5.37041e+20
5.3789e+20
5.38713e+20
5.39502e+20
5.40213e+20
5.40806e+20
5.41268e+20
5.41609e+20
5.4185e+20
5.4201e+20
5.42109e+20
4.92211e+20
4.92965e+20
4.94408e+20
4.96459e+20
4.99027e+20
5.02012e+20
5.05309e+20
5.08805e+20
5.1239e+20
5.15954e+20
5.19392e+20
5.22616e+20
5.25553e+20
5.2815e+20
5.30384e+20
5.32255e+20
5.33792e+20
5.35048e+20
5.36094e+20
5.37008e+20
5.37858e+20
5.38683e+20
5.39474e+20
5.4019e+20
5.40788e+20
5.41255e+20
5.416e+20
5.41843e+20
5.42005e+20
5.42107e+20
4.95252e+20
4.95974e+20
4.97355e+20
4.99314e+20
5.01763e+20
5.04604e+20
5.07733e+20
5.11041e+20
5.14419e+20
5.17764e+20
5.20977e+20
5.23975e+20
5.26692e+20
5.29084e+20
5.31132e+20
5.32843e+20
5.34252e+20
5.35412e+20
5.36394e+20
5.37272e+20
5.38104e+20
5.38914e+20
5.39682e+20
5.40364e+20
5.40923e+20
5.41354e+20
5.41669e+20
5.41889e+20
5.42034e+20
5.42124e+20
4.99656e+20
5.00471e+20
5.02032e+20
5.04251e+20
5.07031e+20
5.10266e+20
5.13841e+20
5.17637e+20
5.21532e+20
5.25407e+20
5.29148e+20
5.32656e+20
5.35851e+20
5.38673e+20
5.41095e+20
5.43117e+20
5.44769e+20
5.46108e+20
5.47214e+20
5.48173e+20
5.49062e+20
5.49923e+20
5.50751e+20
5.51497e+20
5.52119e+20
5.526e+20
5.52953e+20
5.53199e+20
5.53361e+20
5.53461e+20
4.95215e+20
4.96075e+20
4.97724e+20
5.00071e+20
5.03018e+20
5.06456e+20
5.1027e+20
5.14335e+20
5.18526e+20
5.22717e+20
5.26787e+20
5.30627e+20
5.34146e+20
5.37276e+20
5.39978e+20
5.42243e+20
5.44096e+20
5.4559e+20
5.46801e+20
5.47823e+20
5.48744e+20
5.49626e+20
5.50479e+20
5.51267e+20
5.51939e+20
5.52468e+20
5.52861e+20
5.53138e+20
5.53323e+20
5.53439e+20
4.94637e+20
4.95502e+20
4.97163e+20
4.99528e+20
5.02497e+20
5.05963e+20
5.09808e+20
5.1391e+20
5.1814e+20
5.22373e+20
5.26486e+20
5.3037e+20
5.33931e+20
5.37101e+20
5.39839e+20
5.42135e+20
5.44014e+20
5.45527e+20
5.46753e+20
5.47784e+20
5.48709e+20
5.49594e+20
5.5045e+20
5.51243e+20
5.5192e+20
5.52454e+20
5.52851e+20
5.53132e+20
5.53319e+20
5.53437e+20
4.94281e+20
4.9515e+20
4.96816e+20
4.99189e+20
5.0217e+20
5.0565e+20
5.09511e+20
5.13632e+20
5.17884e+20
5.22141e+20
5.26279e+20
5.30189e+20
5.33776e+20
5.36972e+20
5.39734e+20
5.42052e+20
5.43949e+20
5.45477e+20
5.46713e+20
5.4775e+20
5.48678e+20
5.49564e+20
5.50423e+20
5.51219e+20
5.519e+20
5.5244e+20
5.52841e+20
5.53124e+20
5.53315e+20
5.53434e+20
4.98464e+20
4.99292e+20
5.00879e+20
5.03136e+20
5.05964e+20
5.09258e+20
5.12901e+20
5.16773e+20
5.20751e+20
5.24713e+20
5.28544e+20
5.32142e+20
5.35422e+20
5.38325e+20
5.40819e+20
5.42903e+20
5.44605e+20
5.45983e+20
5.47114e+20
5.48088e+20
5.48985e+20
5.49852e+20
5.50687e+20
5.51445e+20
5.52078e+20
5.52571e+20
5.52933e+20
5.53186e+20
5.53353e+20
5.53456e+20
4.98965e+20
4.99807e+20
5.0142e+20
5.03716e+20
5.06594e+20
5.09947e+20
5.13658e+20
5.17606e+20
5.21666e+20
5.25713e+20
5.2963e+20
5.33313e+20
5.36674e+20
5.39652e+20
5.42212e+20
5.44351e+20
5.46098e+20
5.47508e+20
5.48662e+20
5.4965e+20
5.50557e+20
5.51433e+20
5.52279e+20
5.5305e+20
5.53697e+20
5.54201e+20
5.54571e+20
5.5483e+20
5.55002e+20
5.55107e+20
4.93561e+20
4.94454e+20
4.96169e+20
4.98612e+20
5.01684e+20
5.05274e+20
5.09265e+20
5.1353e+20
5.17941e+20
5.22366e+20
5.26679e+20
5.30765e+20
5.34524e+20
5.37881e+20
5.4079e+20
5.43237e+20
5.4524e+20
5.46849e+20
5.48144e+20
5.49217e+20
5.50168e+20
5.51068e+20
5.51942e+20
5.5276e+20
5.53468e+20
5.54031e+20
5.54452e+20
5.54751e+20
5.54952e+20
5.55078e+20
4.93003e+20
4.93902e+20
4.95628e+20
4.98088e+20
5.01181e+20
5.04798e+20
5.08819e+20
5.13119e+20
5.17567e+20
5.22032e+20
5.26387e+20
5.30514e+20
5.34314e+20
5.3771e+20
5.40654e+20
5.43132e+20
5.4516e+20
5.46789e+20
5.48098e+20
5.49181e+20
5.50136e+20
5.51039e+20
5.51916e+20
5.52738e+20
5.5345e+20
5.54019e+20
5.54444e+20
5.54745e+20
5.54948e+20
5.55076e+20
4.92523e+20
4.93426e+20
4.95161e+20
4.97633e+20
5.00743e+20
5.0438e+20
5.08426e+20
5.12753e+20
5.17232e+20
5.2173e+20
5.2612e+20
5.30283e+20
5.34118e+20
5.37549e+20
5.40524e+20
5.43029e+20
5.45081e+20
5.4673e+20
5.48052e+20
5.49143e+20
5.50103e+20
5.51008e+20
5.51887e+20
5.52713e+20
5.5343e+20
5.54004e+20
5.54433e+20
5.54738e+20
5.54944e+20
5.55074e+20
4.92084e+20
4.92991e+20
4.94732e+20
4.97215e+20
5.00339e+20
5.03992e+20
5.08058e+20
5.12409e+20
5.16914e+20
5.21441e+20
5.25861e+20
5.30057e+20
5.33925e+20
5.37387e+20
5.40392e+20
5.42924e+20
5.45e+20
5.46666e+20
5.48002e+20
5.49102e+20
5.50066e+20
5.50974e+20
5.51855e+20
5.52684e+20
5.53407e+20
5.53986e+20
5.5442e+20
5.5473e+20
5.54938e+20
5.5507e+20
4.95923e+20
4.96794e+20
4.98465e+20
5.00845e+20
5.03834e+20
5.07323e+20
5.11194e+20
5.15323e+20
5.19581e+20
5.23843e+20
5.27984e+20
5.31894e+20
5.35479e+20
5.3867e+20
5.41424e+20
5.43734e+20
5.45623e+20
5.47143e+20
5.48373e+20
5.49407e+20
5.50336e+20
5.51226e+20
5.52089e+20
5.52888e+20
5.5357e+20
5.54107e+20
5.54506e+20
5.54787e+20
5.54975e+20
5.55092e+20
4.92909e+20
4.93713e+20
4.95255e+20
4.97447e+20
5.00197e+20
5.03399e+20
5.06945e+20
5.10717e+20
5.14597e+20
5.18467e+20
5.22217e+20
5.25745e+20
5.28972e+20
5.31835e+20
5.34304e+20
5.36373e+20
5.38068e+20
5.39442e+20
5.40568e+20
5.41533e+20
5.42417e+20
5.43272e+20
5.44101e+20
5.44862e+20
5.45507e+20
5.46014e+20
5.46389e+20
5.46654e+20
5.46831e+20
5.46942e+20
4.88515e+20
4.8936e+20
4.90983e+20
4.93296e+20
4.96202e+20
4.99597e+20
5.03368e+20
5.07397e+20
5.1156e+20
5.15736e+20
5.19805e+20
5.23659e+20
5.27207e+20
5.30378e+20
5.3313e+20
5.35449e+20
5.37353e+20
5.3889e+20
5.40131e+20
5.41167e+20
5.42087e+20
5.42961e+20
5.43812e+20
5.44612e+20
5.45307e+20
5.45865e+20
5.46283e+20
5.46583e+20
5.46786e+20
5.46916e+20
4.88004e+20
4.88855e+20
4.90488e+20
4.92816e+20
4.95741e+20
4.9916e+20
5.02959e+20
5.07019e+20
5.11217e+20
5.15429e+20
5.19536e+20
5.23428e+20
5.27013e+20
5.3022e+20
5.33003e+20
5.3535e+20
5.37278e+20
5.38833e+20
5.40088e+20
5.41132e+20
5.42057e+20
5.42933e+20
5.43787e+20
5.4459e+20
5.4529e+20
5.45852e+20
5.46275e+20
5.46577e+20
5.46782e+20
5.46914e+20
4.87609e+20
4.88464e+20
4.90103e+20
4.9244e+20
4.95378e+20
4.98812e+20
5.0263e+20
5.06711e+20
5.10932e+20
5.1517e+20
5.19305e+20
5.23226e+20
5.2684e+20
5.30075e+20
5.32885e+20
5.35256e+20
5.37204e+20
5.38776e+20
5.40043e+20
5.41094e+20
5.42023e+20
5.42901e+20
5.43757e+20
5.44563e+20
5.45268e+20
5.45835e+20
5.46263e+20
5.46569e+20
5.46777e+20
5.4691e+20
4.91317e+20
4.92135e+20
4.93705e+20
4.95938e+20
4.98742e+20
5.02011e+20
5.05636e+20
5.09498e+20
5.13479e+20
5.17458e+20
5.21322e+20
5.24969e+20
5.28312e+20
5.31289e+20
5.33861e+20
5.36022e+20
5.37795e+20
5.39229e+20
5.40397e+20
5.41387e+20
5.42284e+20
5.43145e+20
5.43983e+20
5.4476e+20
5.45426e+20
5.45953e+20
5.46346e+20
5.46625e+20
5.46813e+20
5.46931e+20
4.84026e+20
4.84707e+20
4.86009e+20
4.87858e+20
4.90172e+20
4.92859e+20
4.95823e+20
4.98964e+20
5.02181e+20
5.05376e+20
5.08458e+20
5.11346e+20
5.13978e+20
5.1631e+20
5.18319e+20
5.20008e+20
5.21403e+20
5.22553e+20
5.23521e+20
5.24378e+20
5.25184e+20
5.25973e+20
5.26735e+20
5.27427e+20
5.2801e+20
5.28467e+20
5.28807e+20
5.29049e+20
5.29213e+20
5.29317e+20
4.80401e+20
4.81118e+20
4.82492e+20
4.84447e+20
4.86898e+20
4.89752e+20
4.9291e+20
4.9627e+20
4.99727e+20
5.03177e+20
5.06523e+20
5.09677e+20
5.12569e+20
5.15147e+20
5.1738e+20
5.19264e+20
5.20821e+20
5.22094e+20
5.23146e+20
5.24052e+20
5.24883e+20
5.25688e+20
5.26471e+20
5.27201e+20
5.2783e+20
5.28332e+20
5.28711e+20
5.28984e+20
5.29171e+20
5.29292e+20
4.79946e+20
4.80668e+20
4.82053e+20
4.84022e+20
4.86491e+20
4.89368e+20
4.92552e+20
4.95941e+20
4.99429e+20
5.02911e+20
5.06291e+20
5.09479e+20
5.12404e+20
5.15011e+20
5.17272e+20
5.1918e+20
5.20756e+20
5.22044e+20
5.23107e+20
5.24019e+20
5.24854e+20
5.2566e+20
5.26446e+20
5.27179e+20
5.27813e+20
5.2832e+20
5.28702e+20
5.28978e+20
5.29167e+20
5.2929e+20
4.79689e+20
4.80414e+20
4.81802e+20
4.83778e+20
4.86255e+20
4.89142e+20
4.92338e+20
4.95741e+20
4.99244e+20
5.02744e+20
5.06141e+20
5.09348e+20
5.12291e+20
5.14917e+20
5.17194e+20
5.19118e+20
5.20707e+20
5.22005e+20
5.23075e+20
5.23991e+20
5.24828e+20
5.25635e+20
5.26423e+20
5.27159e+20
5.27796e+20
5.28307e+20
5.28693e+20
5.28971e+20
5.29163e+20
5.29287e+20
4.83577e+20
4.8426e+20
4.85568e+20
4.87425e+20
4.89749e+20
4.92449e+20
4.9543e+20
4.98592e+20
5.01833e+20
5.05055e+20
5.08167e+20
5.11088e+20
5.13753e+20
5.16118e+20
5.18159e+20
5.19877e+20
5.21297e+20
5.22466e+20
5.23447e+20
5.2431e+20
5.2512e+20
5.2591e+20
5.26675e+20
5.27375e+20
5.27968e+20
5.28435e+20
5.28784e+20
5.29033e+20
5.29202e+20
5.29311e+20
4.6939e+20
4.69883e+20
4.70825e+20
4.72159e+20
4.7382e+20
4.75739e+20
4.77843e+20
4.80056e+20
4.82305e+20
4.84522e+20
4.86644e+20
4.8862e+20
4.90411e+20
4.91994e+20
4.93362e+20
4.94525e+20
4.95511e+20
4.96357e+20
4.97112e+20
4.97822e+20
4.98518e+20
4.99203e+20
4.99852e+20
5.00426e+20
5.00901e+20
5.01271e+20
5.01547e+20
5.01745e+20
5.01881e+20
5.01969e+20
4.66461e+20
4.66988e+20
4.67996e+20
4.69425e+20
4.71209e+20
4.73275e+20
4.75547e+20
4.77948e+20
4.80399e+20
4.82826e+20
4.85161e+20
4.87348e+20
4.89341e+20
4.91111e+20
4.92645e+20
4.93949e+20
4.95045e+20
4.95972e+20
4.96778e+20
4.97515e+20
4.98225e+20
4.98925e+20
4.99601e+20
5.00215e+20
5.00735e+20
5.01147e+20
5.01458e+20
5.01684e+20
5.01841e+20
5.01944e+20
4.6611e+20
4.66641e+20
4.67658e+20
4.69099e+20
4.70899e+20
4.72984e+20
4.75278e+20
4.77702e+20
4.80178e+20
4.82631e+20
4.84993e+20
4.87205e+20
4.89223e+20
4.91015e+20
4.92568e+20
4.93888e+20
4.94997e+20
4.95933e+20
4.96745e+20
4.97486e+20
4.98199e+20
4.98901e+20
4.99579e+20
5.00197e+20
5.00721e+20
5.01137e+20
5.01451e+20
5.01679e+20
5.01838e+20
5.01943e+20
4.65842e+20
4.66377e+20
4.67399e+20
4.6885e+20
4.70661e+20
4.72759e+20
4.75069e+20
4.7751e+20
4.80005e+20
4.82477e+20
4.84859e+20
4.8709e+20
4.89126e+20
4.90935e+20
4.92504e+20
4.93837e+20
4.94956e+20
4.959e+20
4.96717e+20
4.97461e+20
4.98175e+20
4.98878e+20
4.99559e+20
5.0018e+20
5.00707e+20
5.01126e+20
5.01444e+20
5.01674e+20
5.01835e+20
5.0194e+20
4.65614e+20
4.66151e+20
4.67178e+20
4.68635e+20
4.70455e+20
4.72564e+20
4.74886e+20
4.77341e+20
4.7985e+20
4.82338e+20
4.84736e+20
4.86984e+20
4.89036e+20
4.9086e+20
4.92442e+20
4.93787e+20
4.94916e+20
4.95867e+20
4.96689e+20
4.97435e+20
4.9815e+20
4.98854e+20
4.99536e+20
5.00161e+20
5.00692e+20
5.01115e+20
5.01435e+20
5.01668e+20
5.0183e+20
5.01938e+20
4.68054e+20
4.68561e+20
4.6953e+20
4.70902e+20
4.72614e+20
4.74594e+20
4.76769e+20
4.79062e+20
4.81399e+20
4.83709e+20
4.85927e+20
4.87998e+20
4.89883e+20
4.91553e+20
4.92999e+20
4.9423e+20
4.95268e+20
4.96152e+20
4.96931e+20
4.97653e+20
4.98354e+20
4.99046e+20
4.99709e+20
5.00306e+20
5.00805e+20
5.01199e+20
5.01495e+20
5.01709e+20
5.01857e+20
5.01954e+20
4.45379e+20
4.45684e+20
4.46265e+20
4.47084e+20
4.48101e+20
4.49268e+20
4.50539e+20
4.51868e+20
4.5321e+20
4.54524e+20
4.55775e+20
4.56938e+20
4.57995e+20
4.58937e+20
4.59767e+20
4.605e+20
4.61155e+20
4.6176e+20
4.62342e+20
4.62919e+20
4.63493e+20
4.64049e+20
4.64557e+20
4.64995e+20
4.65351e+20
4.65629e+20
4.65838e+20
4.6599e+20
4.66096e+20
4.66167e+20
4.43791e+20
4.44117e+20
4.44737e+20
4.45614e+20
4.46702e+20
4.47956e+20
4.49324e+20
4.50759e+20
4.52212e+20
4.53641e+20
4.55006e+20
4.56279e+20
4.57437e+20
4.5847e+20
4.59378e+20
4.60173e+20
4.60873e+20
4.61508e+20
4.62105e+20
4.62691e+20
4.63274e+20
4.63845e+20
4.6438e+20
4.64849e+20
4.65237e+20
4.65543e+20
4.65776e+20
4.65946e+20
4.66067e+20
4.66148e+20
4.43581e+20
4.4391e+20
4.44536e+20
4.45421e+20
4.4652e+20
4.47786e+20
4.49168e+20
4.50618e+20
4.52086e+20
4.5353e+20
4.54911e+20
4.56198e+20
4.5737e+20
4.58415e+20
4.59334e+20
4.60136e+20
4.60843e+20
4.61481e+20
4.62081e+20
4.62668e+20
4.63253e+20
4.63826e+20
4.64363e+20
4.64836e+20
4.65227e+20
4.65536e+20
4.6577e+20
4.65943e+20
4.66065e+20
4.66147e+20
4.43435e+20
4.43765e+20
4.44395e+20
4.45285e+20
4.4639e+20
4.47663e+20
4.49054e+20
4.50513e+20
4.51992e+20
4.53446e+20
4.54837e+20
4.56134e+20
4.57316e+20
4.5837e+20
4.59295e+20
4.60104e+20
4.60815e+20
4.61457e+20
4.62059e+20
4.62646e+20
4.63231e+20
4.63806e+20
4.64345e+20
4.64821e+20
4.65215e+20
4.65527e+20
4.65764e+20
4.65938e+20
4.66061e+20
4.66145e+20
4.45004e+20
4.45312e+20
4.45899e+20
4.46727e+20
4.47755e+20
4.48936e+20
4.50225e+20
4.51574e+20
4.52937e+20
4.54275e+20
4.55552e+20
4.56741e+20
4.57822e+20
4.58787e+20
4.59638e+20
4.60387e+20
4.61054e+20
4.61666e+20
4.6225e+20
4.62828e+20
4.63403e+20
4.63963e+20
4.64481e+20
4.64931e+20
4.653e+20
4.6559e+20
4.65809e+20
4.65969e+20
4.66082e+20
4.66158e+20
4.13348e+20
4.13503e+20
4.13796e+20
4.14208e+20
4.14718e+20
4.15301e+20
4.15933e+20
4.16593e+20
4.17257e+20
4.17909e+20
4.18534e+20
4.19123e+20
4.19672e+20
4.20183e+20
4.20661e+20
4.21117e+20
4.21563e+20
4.22008e+20
4.22458e+20
4.22907e+20
4.23341e+20
4.23742e+20
4.24093e+20
4.24387e+20
4.24624e+20
4.24809e+20
4.2495e+20
4.25054e+20
4.25128e+20
4.25179e+20
4.1256e+20
4.12726e+20
4.1304e+20
4.13483e+20
4.14031e+20
4.14659e+20
4.15341e+20
4.16053e+20
4.16772e+20
4.17478e+20
4.18155e+20
4.18792e+20
4.19384e+20
4.19929e+20
4.20435e+20
4.2091e+20
4.21367e+20
4.21819e+20
4.22273e+20
4.2273e+20
4.23177e+20
4.23597e+20
4.23971e+20
4.24289e+20
4.24547e+20
4.24751e+20
4.24907e+20
4.25023e+20
4.25107e+20
4.25165e+20
4.1245e+20
4.12618e+20
4.12935e+20
4.13383e+20
4.13937e+20
4.14571e+20
4.15261e+20
4.15981e+20
4.16708e+20
4.17422e+20
4.18106e+20
4.1875e+20
4.19348e+20
4.19899e+20
4.20408e+20
4.20886e+20
4.21345e+20
4.21798e+20
4.22254e+20
4.22711e+20
4.2316e+20
4.23582e+20
4.23959e+20
4.2428e+20
4.2454e+20
4.24746e+20
4.24903e+20
4.25021e+20
4.25105e+20
4.25164e+20
4.12392e+20
4.1256e+20
4.12879e+20
4.13329e+20
4.13885e+20
4.14523e+20
4.15216e+20
4.1594e+20
4.16671e+20
4.17388e+20
4.18077e+20
4.18724e+20
4.19325e+20
4.19878e+20
4.2039e+20
4.20869e+20
4.2133e+20
4.21783e+20
4.22239e+20
4.22697e+20
4.23146e+20
4.2357e+20
4.23949e+20
4.24271e+20
4.24533e+20
4.2474e+20
4.24899e+20
4.25018e+20
4.25103e+20
4.25162e+20
4.13389e+20
4.13542e+20
4.13831e+20
4.14238e+20
4.14742e+20
4.15318e+20
4.15944e+20
4.16596e+20
4.17255e+20
4.17901e+20
4.18522e+20
4.19108e+20
4.19655e+20
4.20163e+20
4.2064e+20
4.21094e+20
4.21538e+20
4.21981e+20
4.22428e+20
4.22875e+20
4.23309e+20
4.23712e+20
4.24066e+20
4.24364e+20
4.24605e+20
4.24793e+20
4.24938e+20
4.25045e+20
4.25122e+20
4.25174e+20
3.74537e+20
3.74601e+20
3.74723e+20
3.74895e+20
3.75108e+20
3.75353e+20
3.75622e+20
3.75906e+20
3.762e+20
3.76497e+20
3.76794e+20
3.77092e+20
3.77391e+20
3.77694e+20
3.78002e+20
3.7832e+20
3.78645e+20
3.78974e+20
3.79298e+20
3.79606e+20
3.79888e+20
3.80136e+20
3.80346e+20
3.8052e+20
3.8066e+20
3.80771e+20
3.80856e+20
3.8092e+20
3.80967e+20
3.81e+20
3.74179e+20
3.74248e+20
3.74379e+20
3.74564e+20
3.74793e+20
3.75057e+20
3.75346e+20
3.75651e+20
3.75964e+20
3.7628e+20
3.76594e+20
3.76906e+20
3.77215e+20
3.77524e+20
3.77838e+20
3.78158e+20
3.78486e+20
3.7882e+20
3.79152e+20
3.79473e+20
3.79771e+20
3.80037e+20
3.80265e+20
3.80455e+20
3.80609e+20
3.80732e+20
3.80827e+20
3.80899e+20
3.80952e+20
3.80989e+20
3.7413e+20
3.742e+20
3.74333e+20
3.7452e+20
3.74752e+20
3.75019e+20
3.7531e+20
3.75618e+20
3.75934e+20
3.76253e+20
3.7657e+20
3.76884e+20
3.77195e+20
3.77506e+20
3.7782e+20
3.78141e+20
3.78469e+20
3.78804e+20
3.79138e+20
3.7946e+20
3.7976e+20
3.80028e+20
3.80258e+20
3.8045e+20
3.80605e+20
3.80728e+20
3.80824e+20
3.80897e+20
3.80951e+20
3.80989e+20
3.74096e+20
3.74166e+20
3.743e+20
3.74488e+20
3.74722e+20
3.74991e+20
3.75284e+20
3.75594e+20
3.75913e+20
3.76233e+20
3.76552e+20
3.76867e+20
3.77179e+20
3.77491e+20
3.77806e+20
3.78127e+20
3.78456e+20
3.78791e+20
3.79126e+20
3.7945e+20
3.79751e+20
3.8002e+20
3.80252e+20
3.80445e+20
3.80601e+20
3.80726e+20
3.80822e+20
3.80896e+20
3.8095e+20
3.80988e+20
3.74074e+20
3.74145e+20
3.74279e+20
3.74468e+20
3.74703e+20
3.74973e+20
3.75268e+20
3.75579e+20
3.75898e+20
3.7622e+20
3.7654e+20
3.76856e+20
3.77168e+20
3.77481e+20
3.77796e+20
3.78117e+20
3.78446e+20
3.78782e+20
3.79116e+20
3.79441e+20
3.79743e+20
3.80013e+20
3.80246e+20
3.8044e+20
3.80598e+20
3.80723e+20
3.8082e+20
3.80894e+20
3.80948e+20
3.80987e+20
3.74421e+20
3.74486e+20
3.7461e+20
3.74785e+20
3.75002e+20
3.75252e+20
3.75526e+20
3.75815e+20
3.76113e+20
3.76415e+20
3.76717e+20
3.77018e+20
3.77319e+20
3.77622e+20
3.77931e+20
3.78248e+20
3.78573e+20
3.78902e+20
3.79229e+20
3.79542e+20
3.79831e+20
3.80086e+20
3.80305e+20
3.80486e+20
3.80633e+20
3.8075e+20
3.8084e+20
3.80908e+20
3.80958e+20
3.80994e+20
3.46072e+20
3.46108e+20
3.46176e+20
3.46274e+20
3.46396e+20
3.46538e+20
3.46699e+20
3.46873e+20
3.47059e+20
3.47256e+20
3.47463e+20
3.47679e+20
3.47906e+20
3.48144e+20
3.48391e+20
3.48644e+20
3.489e+20
3.49152e+20
3.49391e+20
3.49612e+20
3.49808e+20
3.49979e+20
3.50122e+20
3.50242e+20
3.50339e+20
3.50416e+20
3.50477e+20
3.50523e+20
3.50558e+20
3.50582e+20
3.45901e+20
3.45938e+20
3.4601e+20
3.46112e+20
3.4624e+20
3.46389e+20
3.46556e+20
3.46737e+20
3.46929e+20
3.47131e+20
3.47341e+20
3.47561e+20
3.47789e+20
3.48028e+20
3.48277e+20
3.48533e+20
3.48793e+20
3.49051e+20
3.493e+20
3.49531e+20
3.49739e+20
3.49921e+20
3.50075e+20
3.50204e+20
3.50309e+20
3.50393e+20
3.50459e+20
3.5051e+20
3.50548e+20
3.50576e+20
3.45875e+20
3.45912e+20
3.45985e+20
3.46088e+20
3.46217e+20
3.46367e+20
3.46535e+20
3.46717e+20
3.4691e+20
3.47113e+20
3.47324e+20
3.47545e+20
3.47774e+20
3.48013e+20
3.48262e+20
3.48519e+20
3.4878e+20
3.49039e+20
3.49289e+20
3.49522e+20
3.49731e+20
3.49914e+20
3.5007e+20
3.502e+20
3.50306e+20
3.50391e+20
3.50458e+20
3.50509e+20
3.50547e+20
3.50575e+20
3.45858e+20
3.45896e+20
3.45969e+20
3.46072e+20
3.46202e+20
3.46353e+20
3.46522e+20
3.46704e+20
3.46898e+20
3.47102e+20
3.47313e+20
3.47534e+20
3.47763e+20
3.48003e+20
3.48252e+20
3.48509e+20
3.48771e+20
3.4903e+20
3.49281e+20
3.49514e+20
3.49725e+20
3.49909e+20
3.50066e+20
3.50197e+20
3.50303e+20
3.50389e+20
3.50456e+20
3.50508e+20
3.50547e+20
3.50575e+20
3.45917e+20
3.45954e+20
3.46026e+20
3.46127e+20
3.46255e+20
3.46403e+20
3.46569e+20
3.4675e+20
3.46941e+20
3.47142e+20
3.47352e+20
3.47572e+20
3.478e+20
3.48039e+20
3.48287e+20
3.48544e+20
3.48804e+20
3.49061e+20
3.49309e+20
3.49539e+20
3.49746e+20
3.49927e+20
3.5008e+20
3.50208e+20
3.50312e+20
3.50396e+20
3.50461e+20
3.50512e+20
3.50549e+20
3.50577e+20
0
0
0
0
0
0
0
0
0
0
0
0
0
0
0
0
0
0
0
0
0
0
0
0
0
0
0
0
0
0
0
0
0
0
0
0
0
0
0
0
0
0
0
0
0
0
0
0
0
0
0
0
0
0
0
0
0
0
0
0
0
0
0
0
0
0
0
0
0
0
0
0
0
0
0
0
0
0
0
0
0
0
0
0
0
0
0
0
0
0
0
0
0
0
0
0
0
0
0
0
0
0
0
0
0
0
0
0
0
0
0
0
0
0
0
0
0
0
0
0
0
0
0
0
0
0
0
0
0
0
0
0
0
0
0
0
0
0
0
0
0
0
0
0
0
0
0
0
0
0
0
0
0
0
0
0
0
0
0
0
0
0
0
0
0
0
0
0
0
0
0
0
0
0
0
0
0
0
0
0
0
0
0
0
0
0
0
0
0
0
0
0
0
0
0
0
0
0
0
0
0
0
0
0
0
0
0
0
0
0
0
0
0
0
0
0
0
0
0
0
0
0
0
0
0
0
0
0
0
0
0
0
0
0
0
0
0
0
0
0
0
0
0
0
0
0
0
0
0
0
0
0
0
0
0
0
0
0
0
0
0
0
0
0
0
0
0
0
0
0
0
0
0
0
0
0
0
0
0
0
0
0
0
0
0
0
0
0
0
0
0
0
0
0
0
0
0
0
0
0
0
0
0
0
0
0
0
0
0
0
0
0
0
0
0
0
0
0
0
0
0
0
0
0
0
0
0
0
0
0
0
0
0
0
0
0
0
0
0
0
0
0
0
0
0
0
0
0
0
0
0
0
0
0
0
0
0
0
0
0
0
0
0
0
0
0
0
0
0
0
0
0
0
0
0
0
0
0
0
0
0
0
0
0
0
0
0
0
0
0
0
0
0
0
0
0
0
0
0
0
0
0
0
0
0
0
0
0
0
0
0
0
0
0
0
0
0
0
0
0
0
0
0
0
0
0
0
0
0
0
0
0
0
0
0
0
0
0
0
0
0
0
0
0
0
0
0
0
0
0
0
0
0
0
0
0
0
0
0
0
0
0
0
0
0
0
0
0
0
0
0
0
0
0
0
0
0
0
0
0
0
0
0
0
0
0
0
0
0
0
0
0
0
0
0
0
0
0
0
0
0
0
0
0
0
0
0
0
0
0
0
0
0
0
0
0
0
0
0
0
0
0
0
0
0
0
0
0
0
0
0
0
0
0
0
0
0
0
0
0
0
0
0
0
0
0
0
0
0
0
0
0
0
0
0
0
0
0
0
0
0
0
0
0
0
0
0
0
0
0
0
0
0
0
0
0
0
0
0
0
0
0
0
0
0
0
0
0
0
0
0
0
0
0
0
0
0
0
0
0
0
0
0
0
0
0
0
0
0
0
0
0
0
0
0
0
0
0
0
0
0
0
0
0
0
0
0
0
0
0
0
0
0
0
0
0
0
0
0
0
0
0
0
0
0
0
0
0
0
0
0
0
0
0
0
0
0
0
0
0
0
0
0
0
0
0
0
0
0
0
0
0
0
0
0
0
0
0
0
0
0
0
0
0
0
0
0
0
0
0
0
0
0
0
0
0
0
0
0
0
0
0
0
0
0
0
0
0
0
0
0
0
0
0
0
0
0
0
0
0
0
0
0
0
0
0
0
0
0
0
0
0
0
0
0
0
0
0
0
0
0
0
0
0
0
0
0
0
0
0
0
0
0
0
0
0
0
0
0
0
0
0
0
0
0
0
0
0
0
0
0
0
0
0
0
0
0
0
0
0
0
0
0
0
0
0
0
0
0
0
0
0
0
0
0
0
0
0
0
0
0
0
0
0
0
0
0
0
0
0
0
0
0
0
0
0
0
0
0
0
0
0
0
0
0
0
0
0
0
0
0
0
0
0
0
0
0
0
0
0
0
0
0
0
0
0
0
0
0
0
0
0
0
0
0
0
0
0
0
0
0
0
0
0
0
0
0
0
0
0
0
0
0
0
0
0
0
0
0
0
0
0
0
0
0
0
0
0
0
0
0
0
0
0
0
0
0
0
0
0
0
0
0
0
0
0
0
0
0
0
0
0
0
0
0
0
0
0
0
0
0
0
0
0
0
0
0
0
0
0
0
0
0
0
0
0
0
0
0
0
0
0
0
0
0
0
0
0
0
0
0
0
0
0
0
0
0
0
0
0
0
0
0
0
0
0
0
0
0
0
0
0
0
0
0
0
0
0
0
0
0
0
0
0
0
0
0
0
0
0
0
0
0
0
0
0
0
0
0
0
0
0
0
0
0
0
0
0
0
0
0
0
0
0
0
0
0
0
0
0
0
0
0
0
0
0
0
0
0
0
0
0
0
0
0
0
0
0
0
0
0
0
0
0
0
0
0
0
0
0
0
0
0
0
0
0
0
0
0
0
0
0
0
0
0
0
0
0
0
0
0
0
0
0
0
0
0
0
0
0
0
0
0
0
0
0
0
0
0
0
0
0
0
0
0
0
0
0
0
0
0
0
0
0
0
0
0
0
0
0
0
0
0
0
0
0
0
0
0
0
0
0
0
0
0
0
0
0
0
0
0
0
0
0
0
0
0
0
0
0
0
0
0
0
0
0
0
0
0
0
0
0
0
0
0
0
0
0
0
0
0
0
0
0
0
0
0
0
0
0
0
0
0
0
0
0
0
0
0
0
0
0
0
0
0
0
0
0
0
0
0
0
0
0
0
0
0
0
0
0
0
0
0
0
0
0
0
0
0
0
0
0
0
0
0
0
0
0
0
0
0
0
0
0
0
0
0
0
0
0
0
0
0
0
0
0
0
0
0
0
0
0
0
0
0
0
0
0
0
0
0
0
0
0
0
0
0
0
0
0
0
0
0
0
0
0
0
0
0
0
0
0
0
0
0
0
0
0
0
0
0
0
0
0
0
0
0
0
0
0
0
0
0
0
0
0
0
0
0
0
0
0
0
0
0
0
0
0
0
0
0
0
0
0
0
0
0
0
0
0
0
0
0
0
0
0
0
0
0
0
0
0
0
0
0
0
0
0
0
0
0
0
0
0
0
0
0
0
0
0
0
0
0
0
0
0
0
0
0
0
0
0
0
0
0
0
0
0
0
0
0
0
0
0
0
0
0
0
0
0
0
0
0
0
0
0
0
0
0
0
0
0
0
0
0
0
0
0
0
0
0
0
0
0
0
0
0
0
0
0
0
0
0
0
0
0
0
0
0
0
)
;

boundaryField
{
    fuelBottom
    {
        type            empty;
    }
    fuelTop_1
    {
        type            empty;
    }
    fuelOuter
    {
        type            zeroGradient;
    }
    fuelTop
    {
        type            empty;
    }
    fuelInner
    {
        type            zeroGradient;
    }
    cladBottom
    {
        type            empty;
    }
    cladInner
    {
        type            zeroGradient;
    }
    cladOuter
    {
        type            zeroGradient;
    }
    cladTop
    {
        type            empty;
    }
    front
    {
        type            wedge;
    }
    back
    {
        type            wedge;
    }
}


// ************************************************************************* //
