/*--------------------------------*- C++ -*----------------------------------*\
| =========                 |                                                 |
| \\      /  F ield         | OpenFOAM: The Open Source CFD Toolbox           |
|  \\    /   O peration     | Version:  2412                                  |
|   \\  /    A nd           | Website:  www.openfoam.com                      |
|    \\/     M anipulation  |                                                 |
\*---------------------------------------------------------------------------*/
FoamFile
{
    version     2.0;
    format      ascii;
    arch        "LSB;label=32;scalar=64";
    class       volScalarField;
    location    "51801860.86068268/fuelBehaviourRegion";
    object      SCIANTIX::grainModes_9;
}
// * * * * * * * * * * * * * * * * * * * * * * * * * * * * * * * * * * * * * //

dimensions      [0 0 0 0 0 0 0];

internalField   nonuniform List<scalar> 
4720
(
-2.21977e+24
-2.22024e+24
-2.22126e+24
-2.22281e+24
-2.22486e+24
-2.22741e+24
-2.23042e+24
-2.23389e+24
-2.23779e+24
-2.24209e+24
-2.24676e+24
-2.25178e+24
-2.2571e+24
-2.26269e+24
-2.26852e+24
-2.27454e+24
-2.28073e+24
-2.28704e+24
-2.29343e+24
-2.29987e+24
-2.30631e+24
-2.31273e+24
-2.31908e+24
-2.32534e+24
-2.33147e+24
-2.33745e+24
-2.34325e+24
-2.34885e+24
-2.35423e+24
-2.35936e+24
-2.21849e+24
-2.21896e+24
-2.21999e+24
-2.22154e+24
-2.22361e+24
-2.22617e+24
-2.2292e+24
-2.23269e+24
-2.23662e+24
-2.24094e+24
-2.24564e+24
-2.25068e+24
-2.25604e+24
-2.26166e+24
-2.26753e+24
-2.27359e+24
-2.27982e+24
-2.28617e+24
-2.2926e+24
-2.29908e+24
-2.30556e+24
-2.31202e+24
-2.31842e+24
-2.32472e+24
-2.33089e+24
-2.33691e+24
-2.34275e+24
-2.34838e+24
-2.3538e+24
-2.35897e+24
-2.21498e+24
-2.21546e+24
-2.2165e+24
-2.21808e+24
-2.22017e+24
-2.22277e+24
-2.22585e+24
-2.22939e+24
-2.23336e+24
-2.23775e+24
-2.24252e+24
-2.24764e+24
-2.25307e+24
-2.25878e+24
-2.26473e+24
-2.27089e+24
-2.27721e+24
-2.28366e+24
-2.29019e+24
-2.29678e+24
-2.30337e+24
-2.30993e+24
-2.31644e+24
-2.32285e+24
-2.32913e+24
-2.33525e+24
-2.3412e+24
-2.34694e+24
-2.35245e+24
-2.35773e+24
-2.2135e+24
-2.21398e+24
-2.21503e+24
-2.21662e+24
-2.21873e+24
-2.22134e+24
-2.22444e+24
-2.228e+24
-2.23201e+24
-2.23643e+24
-2.24123e+24
-2.24638e+24
-2.25185e+24
-2.2576e+24
-2.2636e+24
-2.2698e+24
-2.27617e+24
-2.28266e+24
-2.28924e+24
-2.29588e+24
-2.30252e+24
-2.30913e+24
-2.31568e+24
-2.32214e+24
-2.32847e+24
-2.33464e+24
-2.34063e+24
-2.34642e+24
-2.35197e+24
-2.35729e+24
-2.21258e+24
-2.21306e+24
-2.21412e+24
-2.21571e+24
-2.21783e+24
-2.22045e+24
-2.22356e+24
-2.22714e+24
-2.23117e+24
-2.2356e+24
-2.24043e+24
-2.2456e+24
-2.25109e+24
-2.25687e+24
-2.26289e+24
-2.26912e+24
-2.27552e+24
-2.28204e+24
-2.28865e+24
-2.29531e+24
-2.30198e+24
-2.30863e+24
-2.31521e+24
-2.32169e+24
-2.32805e+24
-2.33425e+24
-2.34027e+24
-2.34608e+24
-2.35166e+24
-2.357e+24
-2.21104e+24
-2.21153e+24
-2.2126e+24
-2.21423e+24
-2.21639e+24
-2.21907e+24
-2.22225e+24
-2.2259e+24
-2.23e+24
-2.23453e+24
-2.23944e+24
-2.24471e+24
-2.25031e+24
-2.25619e+24
-2.26232e+24
-2.26866e+24
-2.27516e+24
-2.28178e+24
-2.2885e+24
-2.29525e+24
-2.30202e+24
-2.30875e+24
-2.31541e+24
-2.32197e+24
-2.32839e+24
-2.33465e+24
-2.34071e+24
-2.34656e+24
-2.35218e+24
-2.35754e+24
-2.33694e+24
-2.33765e+24
-2.33922e+24
-2.34159e+24
-2.34473e+24
-2.34863e+24
-2.35326e+24
-2.35858e+24
-2.36456e+24
-2.37115e+24
-2.37832e+24
-2.386e+24
-2.39416e+24
-2.40274e+24
-2.41167e+24
-2.42091e+24
-2.43038e+24
-2.44004e+24
-2.44982e+24
-2.45965e+24
-2.46949e+24
-2.47927e+24
-2.48894e+24
-2.49845e+24
-2.50774e+24
-2.51679e+24
-2.52554e+24
-2.53395e+24
-2.54201e+24
-2.54969e+24
-2.31789e+24
-2.31865e+24
-2.32031e+24
-2.32282e+24
-2.32616e+24
-2.3303e+24
-2.33521e+24
-2.34086e+24
-2.3472e+24
-2.3542e+24
-2.36181e+24
-2.36998e+24
-2.37865e+24
-2.38777e+24
-2.39727e+24
-2.40709e+24
-2.41718e+24
-2.42745e+24
-2.43786e+24
-2.44834e+24
-2.45882e+24
-2.46924e+24
-2.47955e+24
-2.48969e+24
-2.4996e+24
-2.50925e+24
-2.51859e+24
-2.52757e+24
-2.53618e+24
-2.54437e+24
-2.31376e+24
-2.31453e+24
-2.31622e+24
-2.31876e+24
-2.32215e+24
-2.32634e+24
-2.33132e+24
-2.33704e+24
-2.34348e+24
-2.35057e+24
-2.35829e+24
-2.36657e+24
-2.37536e+24
-2.3846e+24
-2.39423e+24
-2.40419e+24
-2.41442e+24
-2.42484e+24
-2.43539e+24
-2.44602e+24
-2.45664e+24
-2.46721e+24
-2.47766e+24
-2.48794e+24
-2.498e+24
-2.50778e+24
-2.51724e+24
-2.52635e+24
-2.53508e+24
-2.54338e+24
-2.31181e+24
-2.31258e+24
-2.31427e+24
-2.31684e+24
-2.32024e+24
-2.32446e+24
-2.32946e+24
-2.33522e+24
-2.34169e+24
-2.34883e+24
-2.35659e+24
-2.36492e+24
-2.37376e+24
-2.38306e+24
-2.39275e+24
-2.40277e+24
-2.41306e+24
-2.42354e+24
-2.43416e+24
-2.44485e+24
-2.45554e+24
-2.46618e+24
-2.4767e+24
-2.48704e+24
-2.49716e+24
-2.50701e+24
-2.51653e+24
-2.5257e+24
-2.53448e+24
-2.54284e+24
-2.30859e+24
-2.30937e+24
-2.31109e+24
-2.31368e+24
-2.31712e+24
-2.32138e+24
-2.32644e+24
-2.33227e+24
-2.33881e+24
-2.34603e+24
-2.35387e+24
-2.36229e+24
-2.37123e+24
-2.38063e+24
-2.39043e+24
-2.40056e+24
-2.41096e+24
-2.42155e+24
-2.43229e+24
-2.44309e+24
-2.4539e+24
-2.46465e+24
-2.47527e+24
-2.48573e+24
-2.49595e+24
-2.5059e+24
-2.51552e+24
-2.52478e+24
-2.53365e+24
-2.54209e+24
-2.28981e+24
-2.29066e+24
-2.29252e+24
-2.29532e+24
-2.29904e+24
-2.30366e+24
-2.30913e+24
-2.31542e+24
-2.32249e+24
-2.33029e+24
-2.33877e+24
-2.34786e+24
-2.35751e+24
-2.36764e+24
-2.3782e+24
-2.38911e+24
-2.40029e+24
-2.41169e+24
-2.42321e+24
-2.43479e+24
-2.44637e+24
-2.45786e+24
-2.46922e+24
-2.48036e+24
-2.49124e+24
-2.50181e+24
-2.51201e+24
-2.52181e+24
-2.53116e+24
-2.54005e+24
-2.35463e+24
-2.3566e+24
-2.36094e+24
-2.36749e+24
-2.37622e+24
-2.38705e+24
-2.39993e+24
-2.41478e+24
-2.43152e+24
-2.45005e+24
-2.47024e+24
-2.49199e+24
-2.51516e+24
-2.53959e+24
-2.56513e+24
-2.59162e+24
-2.61887e+24
-2.64672e+24
-2.67496e+24
-2.70343e+24
-2.73192e+24
-2.76026e+24
-2.78826e+24
-2.81575e+24
-2.84257e+24
-2.86857e+24
-2.89361e+24
-2.91757e+24
-2.94036e+24
-2.96188e+24
-2.27116e+24
-2.27331e+24
-2.27803e+24
-2.28516e+24
-2.29466e+24
-2.30647e+24
-2.32052e+24
-2.33673e+24
-2.35501e+24
-2.37527e+24
-2.39738e+24
-2.42121e+24
-2.44662e+24
-2.47346e+24
-2.50155e+24
-2.53072e+24
-2.56077e+24
-2.59151e+24
-2.62273e+24
-2.65423e+24
-2.68579e+24
-2.71722e+24
-2.7483e+24
-2.77884e+24
-2.80866e+24
-2.83758e+24
-2.86545e+24
-2.89214e+24
-2.91752e+24
-2.94149e+24
-2.25631e+24
-2.25849e+24
-2.26328e+24
-2.27052e+24
-2.28017e+24
-2.29215e+24
-2.30641e+24
-2.32287e+24
-2.34144e+24
-2.36201e+24
-2.38447e+24
-2.40868e+24
-2.43451e+24
-2.46179e+24
-2.49034e+24
-2.52e+24
-2.55057e+24
-2.58184e+24
-2.6136e+24
-2.64566e+24
-2.67778e+24
-2.70977e+24
-2.74141e+24
-2.77251e+24
-2.80287e+24
-2.83233e+24
-2.86071e+24
-2.88788e+24
-2.91373e+24
-2.93814e+24
-2.25013e+24
-2.25232e+24
-2.25713e+24
-2.26441e+24
-2.27411e+24
-2.28615e+24
-2.30049e+24
-2.31704e+24
-2.33571e+24
-2.3564e+24
-2.37898e+24
-2.40333e+24
-2.42931e+24
-2.45675e+24
-2.48548e+24
-2.51533e+24
-2.54608e+24
-2.57756e+24
-2.60953e+24
-2.6418e+24
-2.67415e+24
-2.70636e+24
-2.73823e+24
-2.76955e+24
-2.80013e+24
-2.8298e+24
-2.8584e+24
-2.88578e+24
-2.91183e+24
-2.93643e+24
-2.23891e+24
-2.24113e+24
-2.24599e+24
-2.25335e+24
-2.26315e+24
-2.27533e+24
-2.28983e+24
-2.30656e+24
-2.32544e+24
-2.34637e+24
-2.36921e+24
-2.39385e+24
-2.42014e+24
-2.44791e+24
-2.47699e+24
-2.50719e+24
-2.53833e+24
-2.5702e+24
-2.60258e+24
-2.63526e+24
-2.66802e+24
-2.70065e+24
-2.73293e+24
-2.76466e+24
-2.79565e+24
-2.82572e+24
-2.85469e+24
-2.88243e+24
-2.90882e+24
-2.93375e+24
-2.17174e+24
-2.17415e+24
-2.17942e+24
-2.1874e+24
-2.19802e+24
-2.21123e+24
-2.22696e+24
-2.24513e+24
-2.26563e+24
-2.28836e+24
-2.31319e+24
-2.33998e+24
-2.36857e+24
-2.39878e+24
-2.43043e+24
-2.46331e+24
-2.4972e+24
-2.53188e+24
-2.56712e+24
-2.60267e+24
-2.63828e+24
-2.67373e+24
-2.70876e+24
-2.74316e+24
-2.7767e+24
-2.80918e+24
-2.84043e+24
-2.87029e+24
-2.89862e+24
-2.92532e+24
-1.49262e+24
-1.49693e+24
-1.50643e+24
-1.52091e+24
-1.54036e+24
-1.56482e+24
-1.59434e+24
-1.62897e+24
-1.66876e+24
-1.71376e+24
-1.76397e+24
-1.81939e+24
-1.87997e+24
-1.94561e+24
-2.01614e+24
-2.09135e+24
-2.17093e+24
-2.2545e+24
-2.34158e+24
-2.43162e+24
-2.524e+24
-2.61799e+24
-2.71284e+24
-2.80773e+24
-2.90182e+24
-2.99427e+24
-3.08429e+24
-3.17108e+24
-3.25398e+24
-3.33236e+24
-1.30972e+24
-1.31393e+24
-1.3232e+24
-1.33735e+24
-1.3564e+24
-1.38042e+24
-1.4095e+24
-1.44375e+24
-1.48326e+24
-1.52813e+24
-1.57847e+24
-1.63433e+24
-1.69573e+24
-1.76267e+24
-1.83506e+24
-1.91275e+24
-1.9955e+24
-2.08298e+24
-2.17477e+24
-2.27031e+24
-2.36897e+24
-2.47001e+24
-2.5726e+24
-2.67584e+24
-2.77879e+24
-2.88048e+24
-2.97997e+24
-3.07634e+24
-3.16874e+24
-3.25642e+24
-1.28191e+24
-1.2861e+24
-1.29533e+24
-1.30941e+24
-1.32838e+24
-1.3523e+24
-1.38128e+24
-1.41543e+24
-1.45485e+24
-1.49967e+24
-1.54997e+24
-1.60585e+24
-1.66733e+24
-1.73443e+24
-1.80706e+24
-1.88509e+24
-1.96831e+24
-2.05637e+24
-2.14887e+24
-2.24526e+24
-2.3449e+24
-2.44705e+24
-2.55087e+24
-2.65544e+24
-2.75981e+24
-2.863e+24
-2.96401e+24
-3.06192e+24
-3.15585e+24
-3.24503e+24
-1.27237e+24
-1.27654e+24
-1.28574e+24
-1.29979e+24
-1.31871e+24
-1.34258e+24
-1.37149e+24
-1.40556e+24
-1.44492e+24
-1.48966e+24
-1.5399e+24
-1.59573e+24
-1.65717e+24
-1.72425e+24
-1.79689e+24
-1.87496e+24
-1.95825e+24
-2.04643e+24
-2.13909e+24
-2.23569e+24
-2.33559e+24
-2.43805e+24
-2.54223e+24
-2.64721e+24
-2.75203e+24
-2.8557e+24
-2.95723e+24
-3.05567e+24
-3.15015e+24
-3.23987e+24
-1.26138e+24
-1.26555e+24
-1.27474e+24
-1.28876e+24
-1.30764e+24
-1.33147e+24
-1.36034e+24
-1.39437e+24
-1.43369e+24
-1.47841e+24
-1.52863e+24
-1.58446e+24
-1.64593e+24
-1.71306e+24
-1.78579e+24
-1.86399e+24
-1.94744e+24
-2.03584e+24
-2.12876e+24
-2.22568e+24
-2.32595e+24
-2.42882e+24
-2.53346e+24
-2.63894e+24
-2.74429e+24
-2.84851e+24
-2.95062e+24
-3.04964e+24
-3.14469e+24
-3.23498e+24
-1.18915e+24
-1.19334e+24
-1.20259e+24
-1.2167e+24
-1.23574e+24
-1.2598e+24
-1.28899e+24
-1.32347e+24
-1.36339e+24
-1.40889e+24
-1.46012e+24
-1.51721e+24
-1.58024e+24
-1.64925e+24
-1.72421e+24
-1.80502e+24
-1.89146e+24
-1.98323e+24
-2.0799e+24
-2.18089e+24
-2.28552e+24
-2.39297e+24
-2.50234e+24
-2.6126e+24
-2.7227e+24
-2.83153e+24
-2.93801e+24
-3.04108e+24
-3.1398e+24
-3.2333e+24
-4.22035e+23
-4.24017e+23
-4.28421e+23
-4.35226e+23
-4.44559e+23
-4.56613e+23
-4.71648e+23
-4.89993e+23
-5.12059e+23
-5.38348e+23
-5.6946e+23
-6.06109e+23
-6.49128e+23
-6.99476e+23
-7.58231e+23
-8.2658e+23
-9.05789e+23
-9.97156e+23
-1.10194e+24
-1.22127e+24
-1.35604e+24
-1.50673e+24
-1.67336e+24
-1.85529e+24
-2.05115e+24
-2.25884e+24
-2.47551e+24
-2.69771e+24
-2.92151e+24
-3.14279e+24
-3.61256e+23
-3.62902e+23
-3.66561e+23
-3.72217e+23
-3.79977e+23
-3.90006e+23
-4.02527e+23
-4.17826e+23
-4.36264e+23
-4.58287e+23
-4.84442e+23
-5.1539e+23
-5.5192e+23
-5.94965e+23
-6.45607e+23
-7.0508e+23
-7.74752e+23
-8.56097e+23
-9.50631e+23
-1.05983e+24
-1.18501e+24
-1.32718e+24
-1.48688e+24
-1.66401e+24
-1.85769e+24
-2.06619e+24
-2.28684e+24
-2.51619e+24
-2.7501e+24
-2.98401e+24
-3.54379e+23
-3.55989e+23
-3.59566e+23
-3.65097e+23
-3.72685e+23
-3.82493e+23
-3.94737e+23
-4.09701e+23
-4.27738e+23
-4.49289e+23
-4.74893e+23
-5.05203e+23
-5.41003e+23
-5.83223e+23
-6.32944e+23
-6.91403e+23
-7.59981e+23
-8.4017e+23
-9.33519e+23
-1.04155e+24
-1.16562e+24
-1.30681e+24
-1.46573e+24
-1.64235e+24
-1.83585e+24
-2.04454e+24
-2.26578e+24
-2.4961e+24
-2.73134e+24
-2.96687e+24
-3.515e+23
-3.53093e+23
-3.56633e+23
-3.62105e+23
-3.69612e+23
-3.79314e+23
-3.91427e+23
-4.0623e+23
-4.24074e+23
-4.45394e+23
-4.70725e+23
-5.00717e+23
-5.36148e+23
-5.77941e+23
-6.27176e+23
-6.85087e+23
-7.53055e+23
-8.32578e+23
-9.25212e+23
-1.03249e+24
-1.15581e+24
-1.29626e+24
-1.4545e+24
-1.63053e+24
-1.82358e+24
-2.03198e+24
-2.25314e+24
-2.4836e+24
-2.71919e+24
-2.95529e+24
-3.48814e+23
-3.50391e+23
-3.53896e+23
-3.59314e+23
-3.66747e+23
-3.76353e+23
-3.88347e+23
-4.03004e+23
-4.20671e+23
-4.41783e+23
-4.66869e+23
-4.96574e+23
-5.31675e+23
-5.73091e+23
-6.21899e+23
-6.79333e+23
-7.46777e+23
-8.25733e+23
-9.17767e+23
-1.02443e+24
-1.14712e+24
-1.28697e+24
-1.44465e+24
-1.6202e+24
-1.81286e+24
-2.021e+24
-2.24203e+24
-2.4725e+24
-2.70826e+24
-2.94468e+24
-3.33646e+23
-3.35107e+23
-3.3835e+23
-3.43361e+23
-3.50229e+23
-3.59094e+23
-3.70147e+23
-3.83634e+23
-3.99864e+23
-4.19225e+23
-4.42201e+23
-4.70096e+23
-5.03771e+23
-5.44284e+23
-5.92912e+23
-6.51164e+23
-7.2078e+23
-8.0368e+23
-9.01901e+23
-1.01745e+24
-1.15213e+24
-1.30729e+24
-1.48356e+24
-1.68058e+24
-1.89683e+24
-2.12948e+24
-2.37446e+24
-2.6267e+24
-2.88046e+24
-3.1298e+24
-3.37348e+23
-3.35742e+23
-3.32629e+23
-3.28149e+23
-3.22469e+23
-3.15772e+23
-3.08256e+23
-3.00121e+23
-2.91569e+23
-2.82781e+23
-2.73896e+23
-2.64979e+23
-2.55974e+23
-2.46677e+23
-2.3675e+23
-2.25839e+23
-2.13868e+23
-2.01555e+23
-1.91113e+23
-1.86986e+23
-1.96198e+23
-2.27813e+23
-2.91804e+23
-3.99061e+23
-5.63973e+23
-8.09101e+23
-1.17031e+24
-1.69933e+24
-2.45524e+24
-3.47171e+24
-2.97493e+23
-2.96199e+23
-2.93685e+23
-2.90063e+23
-2.85482e+23
-2.80115e+23
-2.74154e+23
-2.678e+23
-2.61252e+23
-2.54689e+23
-2.48236e+23
-2.41925e+23
-2.35635e+23
-2.29069e+23
-2.21801e+23
-2.13494e+23
-2.04374e+23
-1.95982e+23
-1.92084e+23
-1.99399e+23
-2.27495e+23
-2.87656e+23
-3.92206e+23
-5.56532e+23
-8.04005e+23
-1.17177e+24
-1.71327e+24
-2.48784e+24
-3.52367e+24
-4.76226e+24
-3.02308e+23
-3.00914e+23
-2.98208e+23
-2.94309e+23
-2.89369e+23
-2.83565e+23
-2.7709e+23
-2.70147e+23
-2.62939e+23
-2.55648e+23
-2.48408e+23
-2.41257e+23
-2.34093e+23
-2.26643e+23
-2.18517e+23
-2.09427e+23
-1.99646e+23
-1.90746e+23
-1.86466e+23
-1.93385e+23
-2.20749e+23
-2.79312e+23
-3.80753e+23
-5.398e+23
-7.79219e+23
-1.13586e+24
-1.66408e+24
-2.42658e+24
-3.45757e+24
-4.70311e+24
-3.10353e+23
-3.0887e+23
-3.05985e+23
-3.01821e+23
-2.96535e+23
-2.90306e+23
-2.8333e+23
-2.75815e+23
-2.6797e+23
-2.59987e+23
-2.52016e+23
-2.44122e+23
-2.36234e+23
-2.28113e+23
-2.19386e+23
-2.09733e+23
-1.99311e+23
-1.89446e+23
-1.835e+23
-1.87582e+23
-2.10496e+23
-2.62626e+23
-3.55121e+23
-5.01615e+23
-7.22946e+23
-1.05337e+24
-1.54527e+24
-2.26371e+24
-3.25446e+24
-4.483e+24
-2.92859e+23
-2.91504e+23
-2.88892e+23
-2.85143e+23
-2.8041e+23
-2.74864e+23
-2.68691e+23
-2.62085e+23
-2.55225e+23
-2.48263e+23
-2.41281e+23
-2.34251e+23
-2.27003e+23
-2.19233e+23
-2.10635e+23
-2.01222e+23
-1.91882e+23
-1.85157e+23
-1.85999e+23
-2.02059e+23
-2.42987e+23
-3.19381e+23
-4.43379e+23
-6.32129e+23
-9.13349e+23
-1.33088e+24
-1.94476e+24
-2.81263e+24
-3.9405e+24
-5.2259e+24
-2.93528e+23
-2.93754e+23
-2.92302e+23
-2.89295e+23
-2.85051e+23
-2.79881e+23
-2.74058e+23
-2.6785e+23
-2.61538e+23
-2.55425e+23
-2.49835e+23
-2.45096e+23
-2.41492e+23
-2.39159e+23
-2.37915e+23
-2.37085e+23
-2.35586e+23
-2.3265e+23
-2.29513e+23
-2.31898e+23
-2.52344e+23
-3.10523e+23
-4.30764e+23
-6.41375e+23
-9.80998e+23
-1.50751e+24
-2.29407e+24
-3.38751e+24
-4.72713e+24
-6.10574e+24
-2.8991e+23
-2.90678e+23
-2.89536e+23
-2.86691e+23
-2.82556e+23
-2.77483e+23
-2.71757e+23
-2.65647e+23
-2.59435e+23
-2.53428e+23
-2.4796e+23
-2.43386e+23
-2.4004e+23
-2.3815e+23
-2.37664e+23
-2.38032e+23
-2.38169e+23
-2.37004e+23
-2.35052e+23
-2.36975e+23
-2.543e+23
-3.06477e+23
-4.18786e+23
-6.20645e+23
-9.50676e+23
-1.46574e+24
-2.2385e+24
-3.31826e+24
-4.65012e+24
-6.03234e+24
-2.92034e+23
-2.92769e+23
-2.91556e+23
-2.88616e+23
-2.84367e+23
-2.79157e+23
-2.7327e+23
-2.66972e+23
-2.60544e+23
-2.5429e+23
-2.48546e+23
-2.43663e+23
-2.39982e+23
-2.37738e+23
-2.36894e+23
-2.36929e+23
-2.36779e+23
-2.35381e+23
-2.33204e+23
-2.34791e+23
-2.51474e+23
-3.02444e+23
-4.1269e+23
-6.11273e+23
-9.36385e+23
-1.44462e+24
-2.20943e+24
-3.28304e+24
-4.61468e+24
-6.00372e+24
-2.94762e+23
-2.95515e+23
-2.94247e+23
-2.9121e+23
-2.86836e+23
-2.81478e+23
-2.75416e+23
-2.68913e+23
-2.62248e+23
-2.55724e+23
-2.49674e+23
-2.44452e+23
-2.40401e+23
-2.37772e+23
-2.36557e+23
-2.36273e+23
-2.3589e+23
-2.34312e+23
-2.31858e+23
-2.32758e+23
-2.47898e+23
-2.96025e+23
-4.01783e+23
-5.93797e+23
-9.09416e+23
-1.40424e+24
-2.15203e+24
-3.2094e+24
-4.53419e+24
-5.93167e+24
-2.98561e+23
-2.99292e+23
-2.97929e+23
-2.94754e+23
-2.90211e+23
-2.84655e+23
-2.78359e+23
-2.71584e+23
-2.64604e+23
-2.5772e+23
-2.51263e+23
-2.45585e+23
-2.41036e+23
-2.37876e+23
-2.36128e+23
-2.35352e+23
-2.34557e+23
-2.32629e+23
-2.29728e+23
-2.29726e+23
-2.42954e+23
-2.8753e+23
-3.8753e+23
-5.70854e+23
-8.73599e+23
-1.34985e+24
-2.07349e+24
-3.10673e+24
-4.41955e+24
-5.82675e+24
-2.89319e+23
-2.89657e+23
-2.88299e+23
-2.8537e+23
-2.81201e+23
-2.76106e+23
-2.70363e+23
-2.64239e+23
-2.58017e+23
-2.52005e+23
-2.46535e+23
-2.41948e+23
-2.3855e+23
-2.36503e+23
-2.35642e+23
-2.35302e+23
-2.34403e+23
-2.3223e+23
-2.30218e+23
-2.34534e+23
-2.58405e+23
-3.22273e+23
-4.51258e+23
-6.74976e+23
-1.03451e+24
-1.59093e+24
-2.41839e+24
-3.55548e+24
-4.92035e+24
-6.28628e+24
-2.6722e+23
-2.7256e+23
-2.75322e+23
-2.73408e+23
-2.69915e+23
-2.65701e+23
-2.60995e+23
-2.56046e+23
-2.51151e+23
-2.46654e+23
-2.42957e+23
-2.40528e+23
-2.39926e+23
-2.41812e+23
-2.46913e+23
-2.55759e+23
-2.68067e+23
-2.82068e+23
-2.95102e+23
-3.07144e+23
-3.27311e+23
-3.80729e+23
-5.10706e+23
-7.73739e+23
-1.23699e+24
-1.97987e+24
-3.06596e+24
-4.45435e+24
-5.9265e+24
-7.18113e+24
-2.61847e+23
-2.66338e+23
-2.69835e+23
-2.68196e+23
-2.64941e+23
-2.61022e+23
-2.56663e+23
-2.5211e+23
-2.47662e+23
-2.43667e+23
-2.40529e+23
-2.3873e+23
-2.38847e+23
-2.41585e+23
-2.47757e+23
-2.58082e+23
-2.72566e+23
-2.89652e+23
-3.0638e+23
-3.21537e+23
-3.42307e+23
-3.92107e+23
-5.14531e+23
-7.69044e+23
-1.22566e+24
-1.96373e+24
-3.04445e+24
-4.42592e+24
-5.8928e+24
-7.14847e+24
-2.63361e+23
-2.67173e+23
-2.70559e+23
-2.68877e+23
-2.65593e+23
-2.61646e+23
-2.57251e+23
-2.52654e+23
-2.48151e+23
-2.44087e+23
-2.40866e+23
-2.38964e+23
-2.38951e+23
-2.41525e+23
-2.47495e+23
-2.57593e+23
-2.71872e+23
-2.88844e+23
-3.05561e+23
-3.20645e+23
-3.4087e+23
-3.89071e+23
-5.08315e+23
-7.5776e+23
-1.20713e+24
-1.93569e+24
-3.00638e+24
-4.3822e+24
-5.85239e+24
-7.11892e+24
-2.64893e+23
-2.67987e+23
-2.7126e+23
-2.69534e+23
-2.66221e+23
-2.62243e+23
-2.5781e+23
-2.53167e+23
-2.48608e+23
-2.44476e+23
-2.41173e+23
-2.39169e+23
-2.39032e+23
-2.4145e+23
-2.47232e+23
-2.57124e+23
-2.71235e+23
-2.8816e+23
-3.04967e+23
-3.20067e+23
-3.39703e+23
-3.85935e+23
-5.01127e+23
-7.44088e+23
-1.18425e+24
-1.90069e+24
-2.95817e+24
-4.32543e+24
-5.79806e+24
-7.07746e+24
-2.60314e+23
-2.66282e+23
-2.6965e+23
-2.67997e+23
-2.64772e+23
-2.60889e+23
-2.5658e+23
-2.52097e+23
-2.47737e+23
-2.43849e+23
-2.40836e+23
-2.39178e+23
-2.3945e+23
-2.42348e+23
-2.48654e+23
-2.58976e+23
-2.73088e+23
-2.89175e+23
-3.04404e+23
-3.18611e+23
-3.41164e+23
-3.98249e+23
-5.35271e+23
-8.1157e+23
-1.29683e+24
-2.0702e+24
-3.18749e+24
-4.59131e+24
-6.05034e+24
-7.26967e+24
-2.67237e+23
-2.46643e+23
-2.53526e+23
-2.53499e+23
-2.51023e+23
-2.47992e+23
-2.44662e+23
-2.41302e+23
-2.38239e+23
-2.35862e+23
-2.34638e+23
-2.3514e+23
-2.38091e+23
-2.44443e+23
-2.55487e+23
-2.72899e+23
-2.98374e+23
-3.32206e+23
-3.71168e+23
-4.09379e+23
-4.46866e+23
-5.04939e+23
-6.40528e+23
-9.46246e+23
-1.53017e+24
-2.4842e+24
-3.81713e+24
-5.35613e+24
-6.77317e+24
-7.80351e+24
-2.69153e+23
-2.40477e+23
-2.48117e+23
-2.48647e+23
-2.46398e+23
-2.43615e+23
-2.40572e+23
-2.37541e+23
-2.34848e+23
-2.32886e+23
-2.32126e+23
-2.33151e+23
-2.36704e+23
-2.43767e+23
-2.55694e+23
-2.74311e+23
-3.01672e+23
-3.388e+23
-3.83237e+23
-4.28528e+23
-4.71328e+23
-5.27139e+23
-6.47747e+23
-9.26579e+23
-1.47878e+24
-2.40237e+24
-3.71116e+24
-5.24158e+24
-6.67209e+24
-7.73127e+24
-2.67927e+23
-2.38848e+23
-2.46674e+23
-2.47294e+23
-2.45126e+23
-2.42447e+23
-2.39536e+23
-2.36664e+23
-2.34158e+23
-2.32413e+23
-2.31902e+23
-2.33211e+23
-2.37085e+23
-2.44512e+23
-2.56857e+23
-2.75968e+23
-3.03953e+23
-3.41929e+23
-3.87545e+23
-4.34284e+23
-4.78392e+23
-5.34738e+23
-6.54753e+23
-9.32499e+23
-1.48442e+24
-2.4085e+24
-3.71671e+24
-5.24444e+24
-6.67176e+24
-7.72924e+24
-2.68546e+23
-2.3847e+23
-2.46208e+23
-2.46829e+23
-2.44693e+23
-2.42059e+23
-2.39206e+23
-2.36403e+23
-2.3398e+23
-2.32329e+23
-2.31925e+23
-2.33351e+23
-2.37348e+23
-2.44901e+23
-2.57364e+23
-2.76576e+23
-3.0466e+23
-3.42822e+23
-3.8888e+23
-4.36343e+23
-4.80987e+23
-5.3658e+23
-6.53224e+23
-9.24356e+23
-1.46691e+24
-2.37982e+24
-3.67749e+24
-5.20062e+24
-6.63295e+24
-7.70207e+24
-2.52272e+23
-2.36052e+23
-2.4451e+23
-2.4496e+23
-2.4293e+23
-2.4048e+23
-2.37881e+23
-2.35412e+23
-2.33411e+23
-2.32287e+23
-2.32533e+23
-2.34757e+23
-2.39741e+23
-2.48527e+23
-2.62543e+23
-2.83661e+23
-3.1376e+23
-3.53146e+23
-3.98225e+23
-4.42497e+23
-4.85877e+23
-5.5137e+23
-7.00701e+23
-1.034e+24
-1.66417e+24
-2.67433e+24
-4.04419e+24
-5.57085e+24
-6.93052e+24
-7.8936e+24
-2.71849e+23
-2.21437e+23
-2.32356e+23
-2.34493e+23
-2.32634e+23
-2.30242e+23
-2.2769e+23
-2.25282e+23
-2.2339e+23
-2.22472e+23
-2.23092e+23
-2.25966e+23
-2.32021e+23
-2.42525e+23
-2.59288e+23
-2.84951e+23
-3.2307e+23
-3.77071e+23
-4.46798e+23
-5.24521e+23
-5.99373e+23
-6.78541e+23
-8.1897e+23
-1.14787e+24
-1.83177e+24
-2.97362e+24
-4.48695e+24
-6.06147e+24
-7.33887e+24
-8.15649e+24
-2.74145e+23
-2.14746e+23
-2.26501e+23
-2.29283e+23
-2.27382e+23
-2.24843e+23
-2.22094e+23
-2.19444e+23
-2.17279e+23
-2.16074e+23
-2.16421e+23
-2.19071e+23
-2.25002e+23
-2.35543e+23
-2.52582e+23
-2.78887e+23
-3.18316e+23
-3.75107e+23
-4.5072e+23
-5.38898e+23
-6.26702e+23
-7.12628e+23
-8.40232e+23
-1.12872e+24
-1.75811e+24
-2.86014e+24
-4.36135e+24
-5.94718e+24
-7.25111e+24
-8.09971e+24
-2.7527e+23
-2.16551e+23
-2.27905e+23
-2.30437e+23
-2.28357e+23
-2.25597e+23
-2.22573e+23
-2.19598e+23
-2.1706e+23
-2.15438e+23
-2.15332e+23
-2.175e+23
-2.22929e+23
-2.32949e+23
-2.49446e+23
-2.75162e+23
-3.13924e+23
-3.69972e+23
-4.44889e+23
-5.32641e+23
-6.20277e+23
-7.05534e+23
-8.30261e+23
-1.11171e+24
-1.73092e+24
-2.82642e+24
-4.32976e+24
-5.92374e+24
-7.2368e+24
-8.09239e+24
-2.77767e+23
-2.17681e+23
-2.28893e+23
-2.31396e+23
-2.29213e+23
-2.26305e+23
-2.23092e+23
-2.19886e+23
-2.17075e+23
-2.15141e+23
-2.14685e+23
-2.16472e+23
-2.21497e+23
-2.311e+23
-2.47173e+23
-2.72465e+23
-3.10806e+23
-3.66476e+23
-4.41207e+23
-5.29188e+23
-6.17385e+23
-7.02528e+23
-8.24302e+23
-1.09748e+24
-1.70366e+24
-2.78837e+24
-4.29042e+24
-5.89183e+24
-7.21541e+24
-8.08016e+24
-2.78475e+23
-2.18623e+23
-2.29612e+23
-2.31971e+23
-2.297e+23
-2.26683e+23
-2.23335e+23
-2.19967e+23
-2.16965e+23
-2.14813e+23
-2.14117e+23
-2.15649e+23
-2.20414e+23
-2.29768e+23
-2.45621e+23
-2.70738e+23
-3.08968e+23
-3.64645e+23
-4.39656e+23
-5.28417e+23
-6.17792e+23
-7.03421e+23
-8.22756e+23
-1.08818e+24
-1.68179e+24
-2.75542e+24
-4.25472e+24
-5.86126e+24
-7.1934e+24
-8.06654e+24
-2.69729e+23
-2.21044e+23
-2.31978e+23
-2.3384e+23
-2.31513e+23
-2.28499e+23
-2.25175e+23
-2.21857e+23
-2.18938e+23
-2.16907e+23
-2.16383e+23
-2.18153e+23
-2.2325e+23
-2.33066e+23
-2.49567e+23
-2.75566e+23
-3.14848e+23
-3.71221e+23
-4.45144e+23
-5.29222e+23
-6.11059e+23
-6.93229e+23
-8.26311e+23
-1.13551e+24
-1.80083e+24
-2.94783e+24
-4.48498e+24
-6.07373e+24
-7.3482e+24
-8.15827e+24
-3.4415e+23
-2.45541e+23
-2.53757e+23
-2.5604e+23
-2.52982e+23
-2.48758e+23
-2.43793e+23
-2.38343e+23
-2.32725e+23
-2.27343e+23
-2.22727e+23
-2.19588e+23
-2.18901e+23
-2.22046e+23
-2.3104e+23
-2.4893e+23
-2.80254e+23
-3.30902e+23
-4.05372e+23
-5.00161e+23
-6.00226e+23
-6.93592e+23
-8.08525e+23
-1.05485e+24
-1.62952e+24
-2.72811e+24
-4.33208e+24
-6.05249e+24
-7.40972e+24
-8.22744e+24
-3.83264e+23
-2.55972e+23
-2.61933e+23
-2.64507e+23
-2.61307e+23
-2.56762e+23
-2.5134e+23
-2.45273e+23
-2.38847e+23
-2.3242e+23
-2.26465e+23
-2.21624e+23
-2.18797e+23
-2.19278e+23
-2.24982e+23
-2.38833e+23
-2.65291e+23
-3.10523e+23
-3.80407e+23
-4.74193e+23
-5.78485e+23
-6.76612e+23
-7.82413e+23
-9.84488e+23
-1.46634e+24
-2.44563e+24
-3.98229e+24
-5.74773e+24
-7.21417e+24
-8.12844e+24
-3.88607e+23
-2.5895e+23
-2.64271e+23
-2.6663e+23
-2.63354e+23
-2.58727e+23
-2.53202e+23
-2.4701e+23
-2.4043e+23
-2.33812e+23
-2.27616e+23
-2.22468e+23
-2.19246e+23
-2.19223e+23
-2.24287e+23
-2.37331e+23
-2.62785e+23
-3.06818e+23
-3.75462e+23
-4.68345e+23
-5.724e+23
-6.70543e+23
-7.74912e+23
-9.71299e+23
-1.44075e+24
-2.40236e+24
-3.92695e+24
-5.69842e+24
-7.18277e+24
-8.1131e+24
-3.89907e+23
-2.6073e+23
-2.65669e+23
-2.67784e+23
-2.64445e+23
-2.59766e+23
-2.54183e+23
-2.47923e+23
-2.41262e+23
-2.34544e+23
-2.2822e+23
-2.22903e+23
-2.19459e+23
-2.19141e+23
-2.23824e+23
-2.36387e+23
-2.61256e+23
-3.04652e+23
-3.72801e+23
-4.6574e+23
-5.70704e+23
-6.70048e+23
-7.73921e+23
-9.65089e+23
-1.42249e+24
-2.36725e+24
-3.87967e+24
-5.65448e+24
-7.15325e+24
-8.09753e+24
-3.69105e+23
-2.589e+23
-2.64742e+23
-2.66381e+23
-2.63001e+23
-2.58373e+23
-2.52886e+23
-2.46776e+23
-2.40328e+23
-2.33902e+23
-2.27969e+23
-2.23167e+23
-2.204e+23
-2.20973e+23
-2.26838e+23
-2.40991e+23
-2.67978e+23
-3.13905e+23
-3.84008e+23
-4.76039e+23
-5.75511e+23
-6.68017e+23
-7.7479e+23
-9.94654e+23
-1.51595e+24
-2.54592e+24
-4.11784e+24
-5.87848e+24
-7.30765e+24
-8.18073e+24
-4.17938e+23
-2.68143e+23
-2.71825e+23
-2.74046e+23
-2.7072e+23
-2.66023e+23
-2.60401e+23
-2.54073e+23
-2.47297e+23
-2.40387e+23
-2.33743e+23
-2.27905e+23
-2.23637e+23
-2.22076e+23
-2.24982e+23
-2.35173e+23
-2.57182e+23
-2.97744e+23
-3.64273e+23
-4.58155e+23
-5.66403e+23
-6.69041e+23
-7.7454e+23
-9.68706e+23
-1.43873e+24
-2.41285e+24
-3.97034e+24
-5.78406e+24
-7.28109e+24
-8.18781e+24
-4.61587e+23
-2.74913e+23
-2.75977e+23
-2.78628e+23
-2.75331e+23
-2.70529e+23
-2.64737e+23
-2.58165e+23
-2.51056e+23
-2.43704e+23
-2.36474e+23
-2.29855e+23
-2.24535e+23
-2.21542e+23
-2.22487e+23
-2.29978e+23
-2.48299e+23
-2.84109e+23
-3.45687e+23
-4.37315e+23
-5.49414e+23
-6.60121e+23
-7.65261e+23
-9.28787e+23
-1.31985e+24
-2.17676e+24
-3.63868e+24
-5.46241e+24
-7.06151e+24
-8.07433e+24
-4.71498e+23
-2.7778e+23
-2.77996e+23
-2.80559e+23
-2.77231e+23
-2.72385e+23
-2.66534e+23
-2.59888e+23
-2.52687e+23
-2.45221e+23
-2.37846e+23
-2.31036e+23
-2.25456e+23
-2.22097e+23
-2.22517e+23
-2.2925e+23
-2.4649e+23
-2.80822e+23
-3.4062e+23
-4.30636e+23
-5.4196e+23
-6.52704e+23
-7.57076e+23
-9.15706e+23
-1.29394e+24
-2.12953e+24
-3.57102e+24
-5.39469e+24
-7.01522e+24
-8.05128e+24
-4.70862e+23
-2.78499e+23
-2.78556e+23
-2.80952e+23
-2.77584e+23
-2.72714e+23
-2.66837e+23
-2.60164e+23
-2.52934e+23
-2.45433e+23
-2.38018e+23
-2.31154e+23
-2.25498e+23
-2.22033e+23
-2.22301e+23
-2.28823e+23
-2.4578e+23
-2.79765e+23
-3.39248e+23
-4.293e+23
-5.41455e+23
-6.53701e+23
-7.58724e+23
-9.14345e+23
-1.28352e+24
-2.10505e+24
-3.53381e+24
-5.35611e+24
-6.98715e+24
-8.03574e+24
-4.35802e+23
-2.75538e+23
-2.77336e+23
-2.7911e+23
-2.75659e+23
-2.7083e+23
-2.65047e+23
-2.58524e+23
-2.51511e+23
-2.44309e+23
-2.37289e+23
-2.30943e+23
-2.25965e+23
-2.23389e+23
-2.24844e+23
-2.32986e+23
-2.52182e+23
-2.89121e+23
-3.51648e+23
-4.42441e+23
-5.49862e+23
-6.53046e+23
-7.55447e+23
-9.34146e+23
-1.36808e+24
-2.28751e+24
-3.80017e+24
-5.62457e+24
-7.17787e+24
-8.13815e+24
-4.42281e+23
-2.73132e+23
-2.75087e+23
-2.77234e+23
-2.7392e+23
-2.69226e+23
-2.636e+23
-2.57253e+23
-2.50432e+23
-2.43428e+23
-2.36606e+23
-2.30443e+23
-2.2561e+23
-2.23108e+23
-2.24524e+23
-2.3247e+23
-2.51289e+23
-2.87757e+23
-3.50147e+23
-4.42091e+23
-5.52664e+23
-6.59829e+23
-7.63264e+23
-9.35334e+23
-1.35295e+24
-2.25015e+24
-3.74509e+24
-5.57115e+24
-7.14315e+24
-8.12203e+24
-4.97418e+23
-2.80157e+23
-2.78917e+23
-2.81623e+23
-2.78368e+23
-2.73575e+23
-2.67778e+23
-2.61181e+23
-2.54016e+23
-2.46556e+23
-2.39137e+23
-2.32192e+23
-2.26323e+23
-2.22427e+23
-2.21924e+23
-2.27175e+23
-2.42171e+23
-2.73419e+23
-3.29831e+23
-4.18191e+23
-5.32396e+23
-6.5009e+23
-7.57683e+23
-9.01429e+23
-1.23335e+24
-1.99341e+24
-3.3619e+24
-5.17574e+24
-6.85929e+24
-7.97034e+24
-5.0973e+23
-2.83084e+23
-2.80832e+23
-2.83452e+23
-2.80177e+23
-2.75352e+23
-2.69512e+23
-2.6286e+23
-2.55627e+23
-2.48085e+23
-2.40563e+23
-2.33481e+23
-2.27421e+23
-2.23244e+23
-2.22313e+23
-2.26899e+23
-2.40873e+23
-2.70604e+23
-3.24993e+23
-4.11212e+23
-5.23956e+23
-6.41227e+23
-7.48294e+23
-8.88442e+23
-1.20967e+24
-1.94993e+24
-3.29598e+24
-5.10433e+24
-6.8072e+24
-7.94344e+24
-5.17568e+23
-2.84703e+23
-2.81825e+23
-2.84393e+23
-2.81106e+23
-2.76262e+23
-2.70396e+23
-2.63711e+23
-2.56438e+23
-2.48847e+23
-2.4126e+23
-2.34095e+23
-2.27918e+23
-2.2357e+23
-2.2238e+23
-2.26571e+23
-2.39943e+23
-2.68793e+23
-3.2204e+23
-4.07176e+23
-5.19554e+23
-6.3743e+23
-7.44872e+23
-8.8225e+23
-1.19405e+24
-1.91733e+24
-3.24473e+24
-5.04765e+24
-6.76454e+24
-7.92028e+24
-5.27235e+23
-2.84836e+23
-2.81603e+23
-2.84367e+23
-2.81128e+23
-2.76302e+23
-2.70449e+23
-2.63772e+23
-2.565e+23
-2.48899e+23
-2.41294e+23
-2.34094e+23
-2.27862e+23
-2.2343e+23
-2.22115e+23
-2.2612e+23
-2.39221e+23
-2.67696e+23
-3.20506e+23
-4.05413e+23
-5.18304e+23
-6.37597e+23
-7.4613e+23
-8.81332e+23
-1.18438e+24
-1.89204e+24
-3.20282e+24
-5.00016e+24
-6.72747e+24
-7.89899e+24
-4.83165e+23
-2.80324e+23
-2.79408e+23
-2.81651e+23
-2.78338e+23
-2.73568e+23
-2.67823e+23
-2.6131e+23
-2.54267e+23
-2.46972e+23
-2.39763e+23
-2.33073e+23
-2.27497e+23
-2.23916e+23
-2.2373e+23
-2.29274e+23
-2.44523e+23
-2.75943e+23
-3.32245e+23
-4.19491e+23
-5.30436e+23
-6.4277e+23
-7.46255e+23
-8.93892e+23
-1.24368e+24
-2.0322e+24
-3.42423e+24
-5.24064e+24
-6.90767e+24
-7.99834e+24
-4.31549e+23
-2.66315e+23
-2.68775e+23
-2.71038e+23
-2.67903e+23
-2.63457e+23
-2.58139e+23
-2.52155e+23
-2.45744e+23
-2.39192e+23
-2.32854e+23
-2.27198e+23
-2.2288e+23
-2.20883e+23
-2.22756e+23
-2.31029e+23
-2.49871e+23
-2.85732e+23
-3.46576e+23
-4.36494e+23
-5.46183e+23
-6.54021e+23
-7.54278e+23
-9.05488e+23
-1.26661e+24
-2.06517e+24
-3.44963e+24
-5.23465e+24
-6.87319e+24
-7.9615e+24
-4.77379e+23
-2.69911e+23
-2.69988e+23
-2.72886e+23
-2.6987e+23
-2.6542e+23
-2.60059e+23
-2.53986e+23
-2.47434e+23
-2.40672e+23
-2.34036e+23
-2.27957e+23
-2.23037e+23
-2.20168e+23
-2.20757e+23
-2.27114e+23
-2.43108e+23
-2.74962e+23
-3.31156e+23
-4.18353e+23
-5.31443e+23
-6.49254e+23
-7.55907e+23
-8.88426e+23
-1.18345e+24
-1.86918e+24
-3.13799e+24
-4.88931e+24
-6.60604e+24
-7.80846e+24
-4.96055e+23
-2.7127e+23
-2.70491e+23
-2.73696e+23
-2.70749e+23
-2.66313e+23
-2.60953e+23
-2.54869e+23
-2.4829e+23
-2.41483e+23
-2.34779e+23
-2.28601e+23
-2.23539e+23
-2.20465e+23
-2.20751e+23
-2.26656e+23
-2.41964e+23
-2.72794e+23
-3.27581e+23
-4.13224e+23
-5.25218e+23
-6.42753e+23
-7.49095e+23
-8.78744e+23
-1.16477e+24
-1.8335e+24
-3.08217e+24
-4.82559e+24
-6.55568e+24
-7.77979e+24
-5.0669e+23
-2.7076e+23
-2.69704e+23
-2.7318e+23
-2.70306e+23
-2.65911e+23
-2.60593e+23
-2.54552e+23
-2.48015e+23
-2.4125e+23
-2.34586e+23
-2.28445e+23
-2.23412e+23
-2.2035e+23
-2.20622e+23
-2.26465e+23
-2.41637e+23
-2.72236e+23
-3.26742e+23
-4.12325e+23
-5.24996e+23
-6.44137e+23
-7.51944e+23
-8.80304e+23
-1.15931e+24
-1.81483e+24
-3.0485e+24
-4.78461e+24
-6.52121e+24
-7.75853e+24
-4.61993e+23
-2.67594e+23
-2.68602e+23
-2.71443e+23
-2.68457e+23
-2.6408e+23
-2.5882e+23
-2.52879e+23
-2.46492e+23
-2.39936e+23
-2.33555e+23
-2.27793e+23
-2.2327e+23
-2.20905e+23
-2.22141e+23
-2.29339e+23
-2.46416e+23
-2.79567e+23
-3.36914e+23
-4.23981e+23
-5.33967e+23
-6.4558e+23
-7.47102e+23
-8.84314e+23
-1.20266e+24
-1.92891e+24
-3.23737e+24
-4.99917e+24
-6.69026e+24
-7.85677e+24
-3.65388e+23
-2.43703e+23
-2.50357e+23
-2.52926e+23
-2.50194e+23
-2.4635e+23
-2.41807e+23
-2.36774e+23
-2.31504e+23
-2.26313e+23
-2.21604e+23
-2.17929e+23
-2.16069e+23
-2.17174e+23
-2.22999e+23
-2.36276e+23
-2.6122e+23
-3.03775e+23
-3.70181e+23
-4.61588e+23
-5.67015e+23
-6.67267e+23
-7.6168e+23
-9.10355e+23
-1.26402e+24
-2.0319e+24
-3.34798e+24
-5.0511e+24
-6.6623e+24
-7.79572e+24
-3.96763e+23
-2.45141e+23
-2.50458e+23
-2.53727e+23
-2.51087e+23
-2.47215e+23
-2.42599e+23
-2.37441e+23
-2.31983e+23
-2.26524e+23
-2.21448e+23
-2.17274e+23
-2.14737e+23
-2.14919e+23
-2.1947e+23
-2.30957e+23
-2.53389e+23
-2.92646e+23
-3.557e+23
-4.4622e+23
-5.56613e+23
-6.67158e+23
-7.67054e+23
-8.96584e+23
-1.18702e+24
-1.85021e+24
-3.06111e+24
-4.72961e+24
-6.40151e+24
-7.63411e+24
-4.12016e+23
-2.45798e+23
-2.50604e+23
-2.543e+23
-2.51746e+23
-2.47897e+23
-2.43293e+23
-2.38135e+23
-2.32662e+23
-2.27168e+23
-2.2203e+23
-2.17758e+23
-2.1507e+23
-2.15024e+23
-2.19231e+23
-2.30204e+23
-2.51879e+23
-2.90074e+23
-3.51808e+23
-4.41057e+23
-5.50742e+23
-6.61292e+23
-7.60917e+23
-8.87435e+23
-1.16878e+24
-1.81515e+24
-3.00612e+24
-4.66584e+24
-6.34898e+24
-7.60221e+24
-4.19791e+23
-2.44657e+23
-2.4948e+23
-2.53572e+23
-2.51106e+23
-2.473e+23
-2.42736e+23
-2.37616e+23
-2.32178e+23
-2.26715e+23
-2.21604e+23
-2.17354e+23
-2.14683e+23
-2.1465e+23
-2.18868e+23
-2.29849e+23
-2.51531e+23
-2.89734e+23
-3.51511e+23
-4.41013e+23
-5.51483e+23
-6.63416e+23
-7.6409e+23
-8.89166e+23
-1.16421e+24
-1.79933e+24
-2.97811e+24
-4.63183e+24
-6.31899e+24
-7.58183e+24
-3.79691e+23
-2.40305e+23
-2.46854e+23
-2.50229e+23
-2.47716e+23
-2.44032e+23
-2.39661e+23
-2.34814e+23
-2.29744e+23
-2.24765e+23
-2.20282e+23
-2.16842e+23
-2.15212e+23
-2.16515e+23
-2.2244e+23
-2.35594e+23
-2.59985e+23
-3.01329e+23
-3.65935e+23
-4.55928e+23
-5.61935e+23
-6.64693e+23
-7.58937e+23
-8.95618e+23
-1.21645e+24
-1.93102e+24
-3.19022e+24
-4.86827e+24
-6.50689e+24
-7.69564e+24
-2.64967e+23
-2.0682e+23
-2.19338e+23
-2.22377e+23
-2.20551e+23
-2.18047e+23
-2.15249e+23
-2.12411e+23
-2.09854e+23
-2.07991e+23
-2.07368e+23
-2.08713e+23
-2.13019e+23
-2.21676e+23
-2.36658e+23
-2.60782e+23
-2.97878e+23
-3.52356e+23
-4.2697e+23
-5.1822e+23
-6.13491e+23
-6.99816e+23
-7.89647e+23
-9.54131e+23
-1.33931e+24
-2.12257e+24
-3.38463e+24
-4.95537e+24
-6.45764e+24
-7.58503e+24
-2.83706e+23
-2.05787e+23
-2.17933e+23
-2.21701e+23
-2.19879e+23
-2.1724e+23
-2.14236e+23
-2.11109e+23
-2.08169e+23
-2.05815e+23
-2.04574e+23
-2.05154e+23
-2.0852e+23
-2.16012e+23
-2.29529e+23
-2.51784e+23
-2.86535e+23
-3.38422e+23
-4.11372e+23
-5.04421e+23
-6.07154e+23
-7.03506e+23
-7.93084e+23
-9.26143e+23
-1.23209e+24
-1.89874e+24
-3.0562e+24
-4.59521e+24
-6.15034e+24
-7.37259e+24
-2.90932e+23
-2.06407e+23
-2.1846e+23
-2.22511e+23
-2.20714e+23
-2.18056e+23
-2.15016e+23
-2.11832e+23
-2.08809e+23
-2.06339e+23
-2.0494e+23
-2.05309e+23
-2.08392e+23
-2.15511e+23
-2.28532e+23
-2.50128e+23
-2.84024e+23
-3.34865e+23
-4.06714e+23
-4.98923e+23
-6.01423e+23
-6.98039e+23
-7.87319e+23
-9.17385e+23
-1.21507e+24
-1.86744e+24
-3.00981e+24
-4.54384e+24
-6.10801e+24
-7.34569e+24
-2.94575e+23
-2.07257e+23
-2.19036e+23
-2.23077e+23
-2.21263e+23
-2.18573e+23
-2.1549e+23
-2.12251e+23
-2.09154e+23
-2.06589e+23
-2.05068e+23
-2.05278e+23
-2.08157e+23
-2.1501e+23
-2.27685e+23
-2.48832e+23
-2.82149e+23
-3.32288e+23
-4.03415e+23
-4.95163e+23
-5.97782e+23
-6.94995e+23
-7.84258e+23
-9.11542e+23
-1.20131e+24
-1.84041e+24
-2.96891e+24
-4.49755e+24
-6.06838e+24
-7.31892e+24
-3.00102e+23
-2.05904e+23
-2.17915e+23
-2.22431e+23
-2.20712e+23
-2.1807e+23
-2.15034e+23
-2.11839e+23
-2.08783e+23
-2.06253e+23
-2.04757e+23
-2.0498e+23
-2.07855e+23
-2.14682e+23
-2.27305e+23
-2.48366e+23
-2.81565e+23
-3.31574e+23
-4.02657e+23
-4.94669e+23
-5.98118e+23
-6.96566e+23
-7.86315e+23
-9.11131e+23
-1.19321e+24
-1.81936e+24
-2.93394e+24
-4.45539e+24
-6.02972e+24
-7.29065e+24
-2.77943e+23
-2.03094e+23
-2.15805e+23
-2.19763e+23
-2.1809e+23
-2.15644e+23
-2.12885e+23
-2.10058e+23
-2.07477e+23
-2.05547e+23
-2.04799e+23
-2.05945e+23
-2.09956e+23
-2.18172e+23
-2.32489e+23
-2.55596e+23
-2.91184e+23
-3.43722e+23
-4.16769e+23
-5.08783e+23
-6.08922e+23
-7.01705e+23
-7.89137e+23
-9.25414e+23
-1.24314e+24
-1.92753e+24
-3.09812e+24
-4.63631e+24
-6.18009e+24
-7.39017e+24
-1.85703e+23
-1.75948e+23
-1.92e+23
-1.95704e+23
-1.95819e+23
-1.96058e+23
-1.96787e+23
-1.98311e+23
-2.01016e+23
-2.05387e+23
-2.12035e+23
-2.21732e+23
-2.35477e+23
-2.54567e+23
-2.80698e+23
-3.16025e+23
-3.63012e+23
-4.23572e+23
-4.96938e+23
-5.76957e+23
-6.53259e+23
-7.22483e+23
-8.09582e+23
-9.90363e+23
-1.39207e+24
-2.13691e+24
-3.24589e+24
-4.59269e+24
-5.95023e+24
-7.09748e+24
-1.9045e+23
-1.71533e+23
-1.88166e+23
-1.92482e+23
-1.92606e+23
-1.92784e+23
-1.93421e+23
-1.94814e+23
-1.97344e+23
-2.01485e+23
-2.0784e+23
-2.17172e+23
-2.30473e+23
-2.49038e+23
-2.74578e+23
-3.09317e+23
-3.55937e+23
-4.16961e+23
-4.92897e+23
-5.79212e+23
-6.65368e+23
-7.42756e+23
-8.24687e+23
-9.72276e+23
-1.3069e+24
-1.96841e+24
-3.01056e+24
-4.32991e+24
-5.70365e+24
-6.89898e+24
-1.93017e+23
-1.71294e+23
-1.8807e+23
-1.92567e+23
-1.92662e+23
-1.92771e+23
-1.93314e+23
-1.9459e+23
-1.96974e+23
-2.00938e+23
-2.07079e+23
-2.16158e+23
-2.29155e+23
-2.47357e+23
-2.72458e+23
-3.06665e+23
-3.52648e+23
-4.12958e+23
-4.88222e+23
-5.74123e+23
-6.60253e+23
-7.37671e+23
-8.18624e+23
-9.62481e+23
-1.28919e+24
-1.93998e+24
-2.97348e+24
-4.29065e+24
-5.66926e+24
-6.87368e+24
-1.94944e+23
-1.70952e+23
-1.88014e+23
-1.92741e+23
-1.92859e+23
-1.92972e+23
-1.93516e+23
-1.94787e+23
-1.97161e+23
-2.01108e+23
-2.07225e+23
-2.16271e+23
-2.29227e+23
-2.47378e+23
-2.72419e+23
-3.06559e+23
-3.52489e+23
-4.12825e+23
-4.88339e+23
-5.74925e+23
-6.62247e+23
-7.40906e+23
-8.21882e+23
-9.62671e+23
-1.28189e+24
-1.92223e+24
-2.94682e+24
-4.26011e+24
-5.64025e+24
-6.85008e+24
-1.96486e+23
-1.76937e+23
-1.93444e+23
-1.97752e+23
-1.97961e+23
-1.98252e+23
-1.99016e+23
-2.00542e+23
-2.03195e+23
-2.07432e+23
-2.13828e+23
-2.23112e+23
-2.36215e+23
-2.5435e+23
-2.79101e+23
-3.12509e+23
-3.57011e+23
-4.14841e+23
-4.86223e+23
-5.66495e+23
-6.45594e+23
-7.16547e+23
-7.95216e+23
-9.44349e+23
-1.28216e+24
-1.93972e+24
-2.96856e+24
-4.27688e+24
-5.65341e+24
-6.86446e+24
-1.70255e+23
-1.89917e+23
-2.04925e+23
-2.08338e+23
-2.0975e+23
-2.11686e+23
-2.14449e+23
-2.18311e+23
-2.23604e+23
-2.30737e+23
-2.40208e+23
-2.52636e+23
-2.68793e+23
-2.89637e+23
-3.16316e+23
-3.50039e+23
-3.91592e+23
-4.40253e+23
-4.92485e+23
-5.4225e+23
-5.85586e+23
-6.30168e+23
-7.07482e+23
-8.80556e+23
-1.23297e+24
-1.83525e+24
-2.71266e+24
-3.82609e+24
-5.06323e+24
-6.25971e+24
-1.76425e+23
-1.89418e+23
-2.04938e+23
-2.08578e+23
-2.09836e+23
-2.1157e+23
-2.14075e+23
-2.17605e+23
-2.2247e+23
-2.29048e+23
-2.37802e+23
-2.49299e+23
-2.6424e+23
-2.83502e+23
-3.08167e+23
-3.39478e+23
-3.78553e+23
-4.25547e+23
-4.78224e+23
-5.31175e+23
-5.78506e+23
-6.21989e+23
-6.83417e+23
-8.15829e+23
-1.10053e+24
-1.61776e+24
-2.40947e+24
-3.4579e+24
-4.67384e+24
-5.90424e+24
-1.76502e+23
-1.88755e+23
-2.04504e+23
-2.0824e+23
-2.09494e+23
-2.11215e+23
-2.13706e+23
-2.17218e+23
-2.22062e+23
-2.28619e+23
-2.37348e+23
-2.48818e+23
-2.63731e+23
-2.82962e+23
-3.076e+23
-3.38904e+23
-3.78028e+23
-4.25201e+23
-4.78283e+23
-5.31906e+23
-5.80026e+23
-6.23997e+23
-6.84984e+23
-8.15487e+23
-1.09698e+24
-1.61085e+24
-2.40032e+24
-3.44793e+24
-4.6642e+24
-5.89585e+24
-1.76341e+23
-1.87994e+23
-2.03952e+23
-2.07788e+23
-2.0906e+23
-2.108e+23
-2.13316e+23
-2.1686e+23
-2.21746e+23
-2.28355e+23
-2.37154e+23
-2.48712e+23
-2.63735e+23
-2.83103e+23
-3.07898e+23
-3.39375e+23
-3.7869e+23
-4.26106e+23
-4.7957e+23
-5.33783e+23
-5.82586e+23
-6.26867e+23
-6.86977e+23
-8.14588e+23
-1.09112e+24
-1.59905e+24
-2.38278e+24
-3.42545e+24
-4.63817e+24
-5.86887e+24
-1.76832e+23
-1.92162e+23
-2.07241e+23
-2.1077e+23
-2.12096e+23
-2.13914e+23
-2.16522e+23
-2.20176e+23
-2.25187e+23
-2.31933e+23
-2.4087e+23
-2.52552e+23
-2.67654e+23
-2.87005e+23
-3.11601e+23
-3.42534e+23
-3.80665e+23
-4.25767e+23
-4.75201e+23
-5.23556e+23
-5.659e+23
-6.06169e+23
-6.69117e+23
-8.10053e+23
-1.10894e+24
-1.64029e+24
-2.4405e+24
-3.49017e+24
-4.70194e+24
-5.92643e+24
-1.96398e+23
-2.07721e+23
-2.1407e+23
-2.16935e+23
-2.18659e+23
-2.20382e+23
-2.22569e+23
-2.25514e+23
-2.29499e+23
-2.34827e+23
-2.4185e+23
-2.50973e+23
-2.62659e+23
-2.77392e+23
-2.95549e+23
-3.17112e+23
-3.41196e+23
-3.65698e+23
-3.87737e+23
-4.05681e+23
-4.229e+23
-4.52532e+23
-5.21306e+23
-6.68729e+23
-9.39405e+23
-1.37468e+24
-2.00858e+24
-2.85882e+24
-3.90458e+24
-5.06456e+24
-1.92127e+23
-2.0626e+23
-2.13933e+23
-2.16749e+23
-2.18183e+23
-2.19649e+23
-2.21588e+23
-2.24268e+23
-2.27952e+23
-2.32935e+23
-2.39552e+23
-2.48195e+23
-2.59313e+23
-2.73401e+23
-2.9092e+23
-3.12099e+23
-3.36512e+23
-3.62571e+23
-3.87439e+23
-4.08261e+23
-4.25309e+23
-4.46746e+23
-4.93642e+23
-6.02043e+23
-8.17603e+23
-1.1849e+24
-1.74086e+24
-2.50949e+24
-3.48566e+24
-4.61162e+24
-1.92046e+23
-2.06398e+23
-2.14203e+23
-2.17019e+23
-2.18431e+23
-2.19874e+23
-2.21786e+23
-2.24431e+23
-2.28067e+23
-2.32985e+23
-2.39517e+23
-2.48054e+23
-2.59044e+23
-2.72986e+23
-2.9036e+23
-3.11424e+23
-3.35801e+23
-3.61953e+23
-3.87067e+23
-4.08229e+23
-4.25545e+23
-4.46928e+23
-4.9318e+23
-6.00204e+23
-8.13778e+23
-1.17867e+24
-1.73179e+24
-2.49748e+24
-3.47194e+24
-4.59869e+24
-1.91799e+23
-2.06318e+23
-2.14221e+23
-2.1704e+23
-2.18447e+23
-2.19895e+23
-2.21816e+23
-2.2447e+23
-2.28114e+23
-2.33035e+23
-2.39562e+23
-2.4808e+23
-2.59036e+23
-2.72928e+23
-2.90241e+23
-3.11249e+23
-3.35611e+23
-3.6184e+23
-3.87144e+23
-4.08563e+23
-4.26041e+23
-4.47212e+23
-4.92544e+23
-5.97726e+23
-8.08618e+23
-1.17024e+24
-1.71949e+24
-2.48062e+24
-3.45056e+24
-4.57462e+24
-1.90829e+23
-2.05615e+23
-2.13681e+23
-2.16518e+23
-2.17922e+23
-2.19376e+23
-2.21312e+23
-2.23989e+23
-2.27665e+23
-2.32625e+23
-2.39203e+23
-2.47785e+23
-2.58819e+23
-2.72805e+23
-2.90236e+23
-3.11402e+23
-3.35993e+23
-3.62556e+23
-3.88309e+23
-4.10206e+23
-4.27959e+23
-4.48814e+23
-4.92783e+23
-5.95281e+23
-8.024e+23
-1.15978e+24
-1.70472e+24
-2.46132e+24
-3.42639e+24
-4.54621e+24
-1.95437e+23
-2.08296e+23
-2.15304e+23
-2.17969e+23
-2.193e+23
-2.20602e+23
-2.22318e+23
-2.24717e+23
-2.28061e+23
-2.32638e+23
-2.38779e+23
-2.46872e+23
-2.5736e+23
-2.7073e+23
-2.87427e+23
-3.07631e+23
-3.30836e+23
-3.55368e+23
-3.78413e+23
-3.97379e+23
-4.13117e+23
-4.34583e+23
-4.83488e+23
-5.95731e+23
-8.15697e+23
-1.18655e+24
-1.7451e+24
-2.51706e+24
-3.49961e+24
-4.63489e+24
-2.1679e+23
-2.19265e+23
-2.21528e+23
-2.23391e+23
-2.25098e+23
-2.26948e+23
-2.29204e+23
-2.32103e+23
-2.35872e+23
-2.40742e+23
-2.46957e+23
-2.54755e+23
-2.64345e+23
-2.75816e+23
-2.88998e+23
-3.03258e+23
-3.17348e+23
-3.29585e+23
-3.38674e+23
-3.45375e+23
-3.54874e+23
-3.7926e+23
-4.3878e+23
-5.59972e+23
-7.71141e+23
-1.0998e+24
-1.57361e+24
-2.21868e+24
-3.04883e+24
-4.04584e+24
-2.13847e+23
-2.17232e+23
-2.19849e+23
-2.21635e+23
-2.23012e+23
-2.24384e+23
-2.26059e+23
-2.28285e+23
-2.31296e+23
-2.35332e+23
-2.40652e+23
-2.47527e+23
-2.56224e+23
-2.66942e+23
-2.79693e+23
-2.94093e+23
-3.09134e+23
-3.23158e+23
-3.3437e+23
-3.42218e+23
-3.49628e+23
-3.65677e+23
-4.07678e+23
-5.0077e+23
-6.73947e+23
-9.56e+23
-1.37556e+24
-1.9615e+24
-2.7352e+24
-3.69127e+24
-2.13339e+23
-2.16874e+23
-2.19579e+23
-2.2141e+23
-2.22813e+23
-2.2421e+23
-2.25912e+23
-2.28169e+23
-2.31217e+23
-2.35297e+23
-2.40668e+23
-2.47602e+23
-2.56367e+23
-2.67171e+23
-2.80033e+23
-2.94585e+23
-3.09838e+23
-3.24136e+23
-3.35653e+23
-3.43759e+23
-3.51256e+23
-3.67086e+23
-4.08476e+23
-5.00639e+23
-6.728e+23
-9.53973e+23
-1.37282e+24
-1.95805e+24
-2.73082e+24
-3.68572e+24
-2.11398e+23
-2.15238e+23
-2.18255e+23
-2.2035e+23
-2.21979e+23
-2.23592e+23
-2.25521e+23
-2.28028e+23
-2.31355e+23
-2.3575e+23
-2.41479e+23
-2.4882e+23
-2.58047e+23
-2.69373e+23
-2.8282e+23
-2.98012e+23
-3.13942e+23
-3.28922e+23
-3.41088e+23
-3.4977e+23
-3.57756e+23
-3.74042e+23
-4.16042e+23
-5.09341e+23
-6.83687e+23
-9.68507e+23
-1.39241e+24
-1.9833e+24
-2.76063e+24
-3.71681e+24
-2.1499e+23
-2.17917e+23
-2.20229e+23
-2.21869e+23
-2.232e+23
-2.24581e+23
-2.26297e+23
-2.28585e+23
-2.31678e+23
-2.35813e+23
-2.41249e+23
-2.48254e+23
-2.57088e+23
-2.67937e+23
-2.80782e+23
-2.95193e+23
-3.10113e+23
-3.2387e+23
-3.34775e+23
-3.42578e+23
-3.5076e+23
-3.69179e+23
-4.15978e+23
-5.16826e+23
-7.0076e+23
-9.9653e+23
-1.43298e+24
-2.03888e+24
-2.83385e+24
-3.80814e+24
0
0
0
0
0
0
0
0
0
0
0
0
0
0
0
0
0
0
0
0
0
0
0
0
0
0
0
0
0
0
0
0
0
0
0
0
0
0
0
0
0
0
0
0
0
0
0
0
0
0
0
0
0
0
0
0
0
0
0
0
0
0
0
0
0
0
0
0
0
0
0
0
0
0
0
0
0
0
0
0
0
0
0
0
0
0
0
0
0
0
0
0
0
0
0
0
0
0
0
0
0
0
0
0
0
0
0
0
0
0
0
0
0
0
0
0
0
0
0
0
0
0
0
0
0
0
0
0
0
0
0
0
0
0
0
0
0
0
0
0
0
0
0
0
0
0
0
0
0
0
0
0
0
0
0
0
0
0
0
0
0
0
0
0
0
0
0
0
0
0
0
0
0
0
0
0
0
0
0
0
0
0
0
0
0
0
0
0
0
0
0
0
0
0
0
0
0
0
0
0
0
0
0
0
0
0
0
0
0
0
0
0
0
0
0
0
0
0
0
0
0
0
0
0
0
0
0
0
0
0
0
0
0
0
0
0
0
0
0
0
0
0
0
0
0
0
0
0
0
0
0
0
0
0
0
0
0
0
0
0
0
0
0
0
0
0
0
0
0
0
0
0
0
0
0
0
0
0
0
0
0
0
0
0
0
0
0
0
0
0
0
0
0
0
0
0
0
0
0
0
0
0
0
0
0
0
0
0
0
0
0
0
0
0
0
0
0
0
0
0
0
0
0
0
0
0
0
0
0
0
0
0
0
0
0
0
0
0
0
0
0
0
0
0
0
0
0
0
0
0
0
0
0
0
0
0
0
0
0
0
0
0
0
0
0
0
0
0
0
0
0
0
0
0
0
0
0
0
0
0
0
0
0
0
0
0
0
0
0
0
0
0
0
0
0
0
0
0
0
0
0
0
0
0
0
0
0
0
0
0
0
0
0
0
0
0
0
0
0
0
0
0
0
0
0
0
0
0
0
0
0
0
0
0
0
0
0
0
0
0
0
0
0
0
0
0
0
0
0
0
0
0
0
0
0
0
0
0
0
0
0
0
0
0
0
0
0
0
0
0
0
0
0
0
0
0
0
0
0
0
0
0
0
0
0
0
0
0
0
0
0
0
0
0
0
0
0
0
0
0
0
0
0
0
0
0
0
0
0
0
0
0
0
0
0
0
0
0
0
0
0
0
0
0
0
0
0
0
0
0
0
0
0
0
0
0
0
0
0
0
0
0
0
0
0
0
0
0
0
0
0
0
0
0
0
0
0
0
0
0
0
0
0
0
0
0
0
0
0
0
0
0
0
0
0
0
0
0
0
0
0
0
0
0
0
0
0
0
0
0
0
0
0
0
0
0
0
0
0
0
0
0
0
0
0
0
0
0
0
0
0
0
0
0
0
0
0
0
0
0
0
0
0
0
0
0
0
0
0
0
0
0
0
0
0
0
0
0
0
0
0
0
0
0
0
0
0
0
0
0
0
0
0
0
0
0
0
0
0
0
0
0
0
0
0
0
0
0
0
0
0
0
0
0
0
0
0
0
0
0
0
0
0
0
0
0
0
0
0
0
0
0
0
0
0
0
0
0
0
0
0
0
0
0
0
0
0
0
0
0
0
0
0
0
0
0
0
0
0
0
0
0
0
0
0
0
0
0
0
0
0
0
0
0
0
0
0
0
0
0
0
0
0
0
0
0
0
0
0
0
0
0
0
0
0
0
0
0
0
0
0
0
0
0
0
0
0
0
0
0
0
0
0
0
0
0
0
0
0
0
0
0
0
0
0
0
0
0
0
0
0
0
0
0
0
0
0
0
0
0
0
0
0
0
0
0
0
0
0
0
0
0
0
0
0
0
0
0
0
0
0
0
0
0
0
0
0
0
0
0
0
0
0
0
0
0
0
0
0
0
0
0
0
0
0
0
0
0
0
0
0
0
0
0
0
0
0
0
0
0
0
0
0
0
0
0
0
0
0
0
0
0
0
0
0
0
0
0
0
0
0
0
0
0
0
0
0
0
0
0
0
0
0
0
0
0
0
0
0
0
0
0
0
0
0
0
0
0
0
0
0
0
0
0
0
0
0
0
0
0
0
0
0
0
0
0
0
0
0
0
0
0
0
0
0
0
0
0
0
0
0
0
0
0
0
0
0
0
0
0
0
0
0
0
0
0
0
0
0
0
0
0
0
0
0
0
0
0
0
0
0
0
0
0
0
0
0
0
0
0
0
0
0
0
0
0
0
0
0
0
0
0
0
0
0
0
0
0
0
0
0
0
0
0
0
0
0
0
0
0
0
0
0
0
0
0
0
0
0
0
0
0
0
0
0
0
0
0
0
0
0
0
0
0
0
0
0
0
0
0
0
0
0
0
0
0
0
0
0
0
0
0
0
0
0
0
0
0
0
0
0
0
0
0
0
0
0
0
0
0
0
0
0
0
0
0
0
0
0
0
0
0
0
0
0
0
0
0
0
0
0
0
0
0
0
0
0
0
0
0
0
0
0
0
0
0
0
0
0
0
0
0
0
0
0
0
0
0
0
0
0
0
0
0
0
0
0
0
0
0
0
0
0
0
0
0
0
0
0
0
0
0
0
0
0
0
0
0
0
0
0
0
0
0
0
0
0
0
0
0
0
0
0
0
0
0
0
0
0
0
0
0
0
0
0
0
0
0
0
0
0
0
0
0
0
0
0
0
0
0
0
0
0
0
0
0
0
0
0
0
0
0
0
0
0
0
0
0
0
0
0
0
0
0
0
0
0
0
0
0
0
0
0
0
0
0
0
0
0
0
0
0
0
0
0
0
0
0
0
0
0
0
0
0
0
0
0
0
0
0
0
0
0
0
0
0
0
0
0
0
0
0
0
0
0
0
0
0
0
0
0
0
0
0
0
0
0
0
0
0
0
0
0
0
0
0
0
0
0
0
0
0
0
0
0
0
0
0
0
0
0
0
0
0
0
0
0
0
0
0
0
0
0
0
0
0
0
0
0
0
0
0
0
0
0
0
0
0
0
0
0
0
0
0
0
0
0
0
0
0
0
0
0
0
0
0
0
0
0
0
0
0
0
0
0
0
0
0
0
0
0
0
0
0
0
0
0
0
0
0
0
0
0
0
0
0
0
0
0
0
0
0
0
0
0
0
0
0
0
0
0
0
0
0
0
0
0
0
0
0
0
0
0
0
0
0
0
0
0
0
0
0
0
0
0
0
0
0
0
0
)
;

boundaryField
{
    fuelBottom
    {
        type            empty;
    }
    fuelTop_1
    {
        type            empty;
    }
    fuelOuter
    {
        type            zeroGradient;
    }
    fuelTop
    {
        type            empty;
    }
    fuelInner
    {
        type            zeroGradient;
    }
    cladBottom
    {
        type            empty;
    }
    cladInner
    {
        type            zeroGradient;
    }
    cladOuter
    {
        type            zeroGradient;
    }
    cladTop
    {
        type            empty;
    }
    front
    {
        type            wedge;
    }
    back
    {
        type            wedge;
    }
}


// ************************************************************************* //
