/*--------------------------------*- C++ -*----------------------------------*\
| =========                 |                                                 |
| \\      /  F ield         | OpenFOAM: The Open Source CFD Toolbox           |
|  \\    /   O peration     | Version:  2412                                  |
|   \\  /    A nd           | Website:  www.openfoam.com                      |
|    \\/     M anipulation  |                                                 |
\*---------------------------------------------------------------------------*/
FoamFile
{
    version     2.0;
    format      ascii;
    arch        "LSB;label=32;scalar=64";
    class       volScalarField;
    location    "583.522882481/fuelBehaviourRegion";
    object      SCIANTIX::grainModes_11;
}
// * * * * * * * * * * * * * * * * * * * * * * * * * * * * * * * * * * * * * //

dimensions      [0 0 0 0 0 0 0];

internalField   nonuniform List<scalar> 
4720
(
-2.69489e+19
-2.69489e+19
-2.69489e+19
-2.69489e+19
-2.69489e+19
-2.69489e+19
-2.69489e+19
-2.69489e+19
-2.69489e+19
-2.69489e+19
-2.69489e+19
-2.69489e+19
-2.69489e+19
-2.69489e+19
-2.69489e+19
-2.69489e+19
-2.69489e+19
-2.69489e+19
-2.69489e+19
-2.69489e+19
-2.69489e+19
-2.69489e+19
-2.69489e+19
-2.69489e+19
-2.69489e+19
-2.69489e+19
-2.69489e+19
-2.69489e+19
-2.69489e+19
-2.69489e+19
-2.69489e+19
-2.69489e+19
-2.69489e+19
-2.69489e+19
-2.69489e+19
-2.69489e+19
-2.69489e+19
-2.69489e+19
-2.69489e+19
-2.69489e+19
-2.69489e+19
-2.69489e+19
-2.69489e+19
-2.69489e+19
-2.69489e+19
-2.69489e+19
-2.69489e+19
-2.69489e+19
-2.69489e+19
-2.69489e+19
-2.69489e+19
-2.69489e+19
-2.69489e+19
-2.69489e+19
-2.69489e+19
-2.69489e+19
-2.69489e+19
-2.69489e+19
-2.69489e+19
-2.69489e+19
-2.69489e+19
-2.69489e+19
-2.69489e+19
-2.69489e+19
-2.69489e+19
-2.69489e+19
-2.69489e+19
-2.69489e+19
-2.69489e+19
-2.69489e+19
-2.69489e+19
-2.69489e+19
-2.69489e+19
-2.69489e+19
-2.69489e+19
-2.69489e+19
-2.69489e+19
-2.69489e+19
-2.69489e+19
-2.69489e+19
-2.69489e+19
-2.69489e+19
-2.69489e+19
-2.69489e+19
-2.69489e+19
-2.69489e+19
-2.69489e+19
-2.69489e+19
-2.69489e+19
-2.69489e+19
-2.69489e+19
-2.69489e+19
-2.69489e+19
-2.69489e+19
-2.69489e+19
-2.69489e+19
-2.69489e+19
-2.69489e+19
-2.69489e+19
-2.69489e+19
-2.69489e+19
-2.69489e+19
-2.69489e+19
-2.69489e+19
-2.69489e+19
-2.69489e+19
-2.69489e+19
-2.69489e+19
-2.69489e+19
-2.69489e+19
-2.69489e+19
-2.69489e+19
-2.69489e+19
-2.69489e+19
-2.69489e+19
-2.69489e+19
-2.69489e+19
-2.69489e+19
-2.69489e+19
-2.69489e+19
-2.69489e+19
-2.69489e+19
-2.69489e+19
-2.69489e+19
-2.69489e+19
-2.69489e+19
-2.69489e+19
-2.69489e+19
-2.69489e+19
-2.69489e+19
-2.69489e+19
-2.69489e+19
-2.69489e+19
-2.69489e+19
-2.69489e+19
-2.69489e+19
-2.69489e+19
-2.69489e+19
-2.69489e+19
-2.69489e+19
-2.69489e+19
-2.69489e+19
-2.69489e+19
-2.69489e+19
-2.69489e+19
-2.69489e+19
-2.69489e+19
-2.69489e+19
-2.69489e+19
-2.69489e+19
-2.69489e+19
-2.69489e+19
-2.69489e+19
-2.69489e+19
-2.69489e+19
-2.69489e+19
-2.69489e+19
-2.69489e+19
-2.69489e+19
-2.69489e+19
-2.69489e+19
-2.69489e+19
-2.69489e+19
-2.69489e+19
-2.69489e+19
-2.69489e+19
-2.69489e+19
-2.69489e+19
-2.69489e+19
-2.69489e+19
-2.69489e+19
-2.69489e+19
-2.69489e+19
-2.69489e+19
-2.69489e+19
-2.69489e+19
-2.69489e+19
-2.69489e+19
-2.69489e+19
-2.69489e+19
-2.97582e+19
-2.97582e+19
-2.97582e+19
-2.97582e+19
-2.97582e+19
-2.97582e+19
-2.97582e+19
-2.97582e+19
-2.97582e+19
-2.97582e+19
-2.97582e+19
-2.97582e+19
-2.97582e+19
-2.97582e+19
-2.97582e+19
-2.97582e+19
-2.97582e+19
-2.97582e+19
-2.97582e+19
-2.97582e+19
-2.97582e+19
-2.97582e+19
-2.97582e+19
-2.97582e+19
-2.97582e+19
-2.97582e+19
-2.97582e+19
-2.97582e+19
-2.97582e+19
-2.97582e+19
-2.97582e+19
-2.97582e+19
-2.97582e+19
-2.97582e+19
-2.97582e+19
-2.97582e+19
-2.97582e+19
-2.97582e+19
-2.97582e+19
-2.97582e+19
-2.97582e+19
-2.97582e+19
-2.97582e+19
-2.97582e+19
-2.97582e+19
-2.97582e+19
-2.97582e+19
-2.97582e+19
-2.97582e+19
-2.97582e+19
-2.97582e+19
-2.97582e+19
-2.97582e+19
-2.97582e+19
-2.97582e+19
-2.97582e+19
-2.97582e+19
-2.97582e+19
-2.97582e+19
-2.97582e+19
-2.97582e+19
-2.97582e+19
-2.97582e+19
-2.97582e+19
-2.97582e+19
-2.97582e+19
-2.97582e+19
-2.97582e+19
-2.97582e+19
-2.97582e+19
-2.97582e+19
-2.97582e+19
-2.97582e+19
-2.97582e+19
-2.97582e+19
-2.97582e+19
-2.97582e+19
-2.97582e+19
-2.97582e+19
-2.97582e+19
-2.97582e+19
-2.97582e+19
-2.97582e+19
-2.97582e+19
-2.97582e+19
-2.97582e+19
-2.97582e+19
-2.97582e+19
-2.97582e+19
-2.97582e+19
-2.97582e+19
-2.97582e+19
-2.97582e+19
-2.97582e+19
-2.97582e+19
-2.97582e+19
-2.97582e+19
-2.97582e+19
-2.97582e+19
-2.97582e+19
-2.97582e+19
-2.97582e+19
-2.97582e+19
-2.97582e+19
-2.97582e+19
-2.97582e+19
-2.97582e+19
-2.97582e+19
-2.97582e+19
-2.97582e+19
-2.97582e+19
-2.97582e+19
-2.97582e+19
-2.97582e+19
-2.97582e+19
-2.97582e+19
-2.97582e+19
-2.97582e+19
-2.97582e+19
-2.97582e+19
-2.97582e+19
-2.97582e+19
-2.97582e+19
-2.97582e+19
-2.97582e+19
-2.97582e+19
-2.97582e+19
-2.97582e+19
-2.97582e+19
-2.97582e+19
-2.97582e+19
-2.97582e+19
-2.97582e+19
-2.97582e+19
-2.97582e+19
-2.97582e+19
-2.97582e+19
-2.97582e+19
-2.97582e+19
-2.97582e+19
-2.97582e+19
-2.97582e+19
-2.97582e+19
-2.97582e+19
-2.97582e+19
-2.97582e+19
-2.97582e+19
-2.97582e+19
-2.97582e+19
-2.97582e+19
-2.97582e+19
-2.97582e+19
-2.97582e+19
-2.97582e+19
-2.97582e+19
-2.97582e+19
-2.97582e+19
-2.97582e+19
-2.97582e+19
-2.97582e+19
-2.97582e+19
-2.97582e+19
-2.97582e+19
-2.97582e+19
-2.97582e+19
-2.97582e+19
-2.97582e+19
-2.97582e+19
-2.97582e+19
-2.97582e+19
-2.97582e+19
-2.97582e+19
-2.97582e+19
-2.97582e+19
-2.97582e+19
-2.97582e+19
-2.97582e+19
-2.97582e+19
-2.97582e+19
-2.97582e+19
-3.71331e+19
-3.71331e+19
-3.71331e+19
-3.71331e+19
-3.71331e+19
-3.71331e+19
-3.71331e+19
-3.71331e+19
-3.71331e+19
-3.71331e+19
-3.71331e+19
-3.71331e+19
-3.71331e+19
-3.71331e+19
-3.71331e+19
-3.71331e+19
-3.71331e+19
-3.71331e+19
-3.71331e+19
-3.71331e+19
-3.71331e+19
-3.71331e+19
-3.71331e+19
-3.71331e+19
-3.71331e+19
-3.71331e+19
-3.71331e+19
-3.71331e+19
-3.71331e+19
-3.71331e+19
-3.71331e+19
-3.71331e+19
-3.71331e+19
-3.71331e+19
-3.71331e+19
-3.71331e+19
-3.71331e+19
-3.71331e+19
-3.71331e+19
-3.71331e+19
-3.71331e+19
-3.71331e+19
-3.71331e+19
-3.71331e+19
-3.71331e+19
-3.71331e+19
-3.71331e+19
-3.71331e+19
-3.71331e+19
-3.71331e+19
-3.71331e+19
-3.71331e+19
-3.71331e+19
-3.71331e+19
-3.71331e+19
-3.71331e+19
-3.71331e+19
-3.71331e+19
-3.71331e+19
-3.71331e+19
-3.71331e+19
-3.71331e+19
-3.71331e+19
-3.71331e+19
-3.71331e+19
-3.71331e+19
-3.71331e+19
-3.71331e+19
-3.71331e+19
-3.71331e+19
-3.71331e+19
-3.71331e+19
-3.71331e+19
-3.71331e+19
-3.71331e+19
-3.71331e+19
-3.71331e+19
-3.71331e+19
-3.71331e+19
-3.71331e+19
-3.71331e+19
-3.71331e+19
-3.71331e+19
-3.71331e+19
-3.71331e+19
-3.71331e+19
-3.71331e+19
-3.71331e+19
-3.71331e+19
-3.71331e+19
-3.71331e+19
-3.71331e+19
-3.71331e+19
-3.71331e+19
-3.71331e+19
-3.71331e+19
-3.71331e+19
-3.71331e+19
-3.71331e+19
-3.71331e+19
-3.71331e+19
-3.71331e+19
-3.71331e+19
-3.71331e+19
-3.71331e+19
-3.71331e+19
-3.71331e+19
-3.71331e+19
-3.71331e+19
-3.71331e+19
-3.71331e+19
-3.71331e+19
-3.71331e+19
-3.71331e+19
-3.71331e+19
-3.71331e+19
-3.71331e+19
-3.71331e+19
-3.71331e+19
-3.71331e+19
-3.71331e+19
-3.71331e+19
-3.71331e+19
-3.71331e+19
-3.71331e+19
-3.71331e+19
-3.71331e+19
-3.71331e+19
-3.71331e+19
-3.71331e+19
-3.71331e+19
-3.71331e+19
-3.71331e+19
-3.71331e+19
-3.71331e+19
-3.71331e+19
-3.71331e+19
-3.71331e+19
-3.71331e+19
-3.71331e+19
-3.71331e+19
-3.71331e+19
-3.71331e+19
-3.71331e+19
-3.71331e+19
-3.71331e+19
-3.71331e+19
-3.71331e+19
-3.71331e+19
-3.71331e+19
-3.71331e+19
-3.71331e+19
-3.71331e+19
-3.71331e+19
-3.71331e+19
-3.71331e+19
-3.71331e+19
-3.71331e+19
-3.71331e+19
-3.71331e+19
-3.71331e+19
-3.71331e+19
-3.71331e+19
-3.71331e+19
-3.71331e+19
-3.71331e+19
-3.71331e+19
-3.71331e+19
-3.71331e+19
-3.71331e+19
-3.71331e+19
-3.71331e+19
-3.71331e+19
-3.71331e+19
-3.71331e+19
-3.71331e+19
-3.71331e+19
-3.71331e+19
-3.71331e+19
-3.71331e+19
-4.94167e+19
-4.94167e+19
-4.94167e+19
-4.94167e+19
-4.94167e+19
-4.94167e+19
-4.94167e+19
-4.94167e+19
-4.94167e+19
-4.94167e+19
-4.94167e+19
-4.94167e+19
-4.94167e+19
-4.94167e+19
-4.94167e+19
-4.94167e+19
-4.94167e+19
-4.94167e+19
-4.94167e+19
-4.94167e+19
-4.94167e+19
-4.94167e+19
-4.94167e+19
-4.94167e+19
-4.94167e+19
-4.94167e+19
-4.94167e+19
-4.94167e+19
-4.94167e+19
-4.94167e+19
-4.94167e+19
-4.94167e+19
-4.94167e+19
-4.94167e+19
-4.94167e+19
-4.94167e+19
-4.94167e+19
-4.94167e+19
-4.94167e+19
-4.94167e+19
-4.94167e+19
-4.94167e+19
-4.94167e+19
-4.94167e+19
-4.94167e+19
-4.94167e+19
-4.94167e+19
-4.94167e+19
-4.94167e+19
-4.94167e+19
-4.94167e+19
-4.94167e+19
-4.94167e+19
-4.94167e+19
-4.94167e+19
-4.94167e+19
-4.94167e+19
-4.94167e+19
-4.94167e+19
-4.94167e+19
-4.94167e+19
-4.94167e+19
-4.94167e+19
-4.94167e+19
-4.94167e+19
-4.94167e+19
-4.94167e+19
-4.94167e+19
-4.94167e+19
-4.94167e+19
-4.94167e+19
-4.94167e+19
-4.94167e+19
-4.94167e+19
-4.94167e+19
-4.94167e+19
-4.94167e+19
-4.94167e+19
-4.94167e+19
-4.94167e+19
-4.94167e+19
-4.94167e+19
-4.94167e+19
-4.94167e+19
-4.94167e+19
-4.94167e+19
-4.94167e+19
-4.94167e+19
-4.94167e+19
-4.94167e+19
-4.94167e+19
-4.94167e+19
-4.94167e+19
-4.94167e+19
-4.94167e+19
-4.94167e+19
-4.94167e+19
-4.94167e+19
-4.94167e+19
-4.94167e+19
-4.94167e+19
-4.94167e+19
-4.94167e+19
-4.94167e+19
-4.94167e+19
-4.94167e+19
-4.94167e+19
-4.94167e+19
-4.94167e+19
-4.94167e+19
-4.94167e+19
-4.94167e+19
-4.94167e+19
-4.94167e+19
-4.94167e+19
-4.94167e+19
-4.94167e+19
-4.94167e+19
-4.94167e+19
-4.94167e+19
-4.94167e+19
-4.94167e+19
-4.94167e+19
-4.94167e+19
-4.94167e+19
-4.94167e+19
-4.94167e+19
-4.94167e+19
-4.94167e+19
-4.94167e+19
-4.94167e+19
-4.94167e+19
-4.94167e+19
-4.94167e+19
-4.94167e+19
-4.94167e+19
-4.94167e+19
-4.94167e+19
-4.94167e+19
-4.94167e+19
-4.94167e+19
-4.94167e+19
-4.94167e+19
-4.94167e+19
-4.94167e+19
-4.94167e+19
-4.94167e+19
-4.94167e+19
-4.94167e+19
-4.94167e+19
-4.94167e+19
-4.94167e+19
-4.94167e+19
-4.94167e+19
-4.94167e+19
-4.94167e+19
-4.94167e+19
-4.94167e+19
-4.94167e+19
-4.94167e+19
-4.94167e+19
-4.94167e+19
-4.94167e+19
-4.94167e+19
-4.94167e+19
-4.94167e+19
-4.94167e+19
-4.94167e+19
-4.94167e+19
-4.94167e+19
-4.94167e+19
-4.94167e+19
-4.94167e+19
-4.94167e+19
-4.94167e+19
-4.94167e+19
-4.94167e+19
-4.94167e+19
-4.94167e+19
-4.94167e+19
-6.63001e+19
-6.63001e+19
-6.63001e+19
-6.63001e+19
-6.63001e+19
-6.63001e+19
-6.63002e+19
-6.63002e+19
-6.63002e+19
-6.63002e+19
-6.63002e+19
-6.63002e+19
-6.63002e+19
-6.63003e+19
-6.63003e+19
-6.63003e+19
-6.63003e+19
-6.63003e+19
-6.63003e+19
-6.63004e+19
-6.63004e+19
-6.63004e+19
-6.63004e+19
-6.63004e+19
-6.63004e+19
-6.63004e+19
-6.63004e+19
-6.63004e+19
-6.63004e+19
-6.63004e+19
-6.63001e+19
-6.63001e+19
-6.63001e+19
-6.63001e+19
-6.63001e+19
-6.63001e+19
-6.63001e+19
-6.63001e+19
-6.63001e+19
-6.63002e+19
-6.63002e+19
-6.63002e+19
-6.63002e+19
-6.63002e+19
-6.63003e+19
-6.63003e+19
-6.63003e+19
-6.63003e+19
-6.63003e+19
-6.63003e+19
-6.63004e+19
-6.63004e+19
-6.63004e+19
-6.63004e+19
-6.63004e+19
-6.63004e+19
-6.63004e+19
-6.63004e+19
-6.63004e+19
-6.63004e+19
-6.63001e+19
-6.63001e+19
-6.63001e+19
-6.63001e+19
-6.63001e+19
-6.63001e+19
-6.63001e+19
-6.63001e+19
-6.63001e+19
-6.63002e+19
-6.63002e+19
-6.63002e+19
-6.63002e+19
-6.63002e+19
-6.63002e+19
-6.63003e+19
-6.63003e+19
-6.63003e+19
-6.63003e+19
-6.63003e+19
-6.63004e+19
-6.63004e+19
-6.63004e+19
-6.63004e+19
-6.63004e+19
-6.63004e+19
-6.63004e+19
-6.63004e+19
-6.63004e+19
-6.63004e+19
-6.63001e+19
-6.63001e+19
-6.63001e+19
-6.63001e+19
-6.63001e+19
-6.63001e+19
-6.63001e+19
-6.63001e+19
-6.63001e+19
-6.63002e+19
-6.63002e+19
-6.63002e+19
-6.63002e+19
-6.63002e+19
-6.63002e+19
-6.63003e+19
-6.63003e+19
-6.63003e+19
-6.63003e+19
-6.63003e+19
-6.63004e+19
-6.63004e+19
-6.63004e+19
-6.63004e+19
-6.63004e+19
-6.63004e+19
-6.63004e+19
-6.63004e+19
-6.63004e+19
-6.63004e+19
-6.63e+19
-6.63e+19
-6.63e+19
-6.63001e+19
-6.63001e+19
-6.63001e+19
-6.63001e+19
-6.63001e+19
-6.63001e+19
-6.63001e+19
-6.63002e+19
-6.63002e+19
-6.63002e+19
-6.63002e+19
-6.63002e+19
-6.63003e+19
-6.63003e+19
-6.63003e+19
-6.63003e+19
-6.63003e+19
-6.63003e+19
-6.63004e+19
-6.63004e+19
-6.63004e+19
-6.63004e+19
-6.63004e+19
-6.63004e+19
-6.63004e+19
-6.63004e+19
-6.63004e+19
-6.62998e+19
-6.62998e+19
-6.62998e+19
-6.62998e+19
-6.62998e+19
-6.62998e+19
-6.62999e+19
-6.62999e+19
-6.62999e+19
-6.62999e+19
-6.63e+19
-6.63e+19
-6.63e+19
-6.63001e+19
-6.63001e+19
-6.63001e+19
-6.63002e+19
-6.63002e+19
-6.63002e+19
-6.63003e+19
-6.63003e+19
-6.63003e+19
-6.63003e+19
-6.63004e+19
-6.63004e+19
-6.63004e+19
-6.63004e+19
-6.63004e+19
-6.63004e+19
-6.63004e+19
-3.21438e+20
-3.21461e+20
-3.21506e+20
-3.21571e+20
-3.21655e+20
-3.21756e+20
-3.21873e+20
-3.22005e+20
-3.22151e+20
-3.22307e+20
-3.22474e+20
-3.22646e+20
-3.22822e+20
-3.22998e+20
-3.23169e+20
-3.23333e+20
-3.23485e+20
-3.23624e+20
-3.23748e+20
-3.23857e+20
-3.23951e+20
-3.2403e+20
-3.24097e+20
-3.24151e+20
-3.24194e+20
-3.24228e+20
-3.24253e+20
-3.24271e+20
-3.24284e+20
-3.24293e+20
-3.20928e+20
-3.20955e+20
-3.21006e+20
-3.21079e+20
-3.21174e+20
-3.21288e+20
-3.21419e+20
-3.21568e+20
-3.21731e+20
-3.21909e+20
-3.22099e+20
-3.22299e+20
-3.22505e+20
-3.22714e+20
-3.22921e+20
-3.23121e+20
-3.23308e+20
-3.2348e+20
-3.23634e+20
-3.23768e+20
-3.23883e+20
-3.2398e+20
-3.2406e+20
-3.24125e+20
-3.24177e+20
-3.24216e+20
-3.24246e+20
-3.24267e+20
-3.24282e+20
-3.24292e+20
-3.20913e+20
-3.2094e+20
-3.20991e+20
-3.21065e+20
-3.2116e+20
-3.21274e+20
-3.21406e+20
-3.21555e+20
-3.2172e+20
-3.21898e+20
-3.22088e+20
-3.22289e+20
-3.22496e+20
-3.22706e+20
-3.22914e+20
-3.23115e+20
-3.23304e+20
-3.23477e+20
-3.23631e+20
-3.23766e+20
-3.23882e+20
-3.23979e+20
-3.2406e+20
-3.24125e+20
-3.24176e+20
-3.24216e+20
-3.24246e+20
-3.24267e+20
-3.24282e+20
-3.24292e+20
-3.20895e+20
-3.20922e+20
-3.20973e+20
-3.21047e+20
-3.21142e+20
-3.21257e+20
-3.21389e+20
-3.21538e+20
-3.21703e+20
-3.21881e+20
-3.22072e+20
-3.22273e+20
-3.22481e+20
-3.22692e+20
-3.22901e+20
-3.23103e+20
-3.23293e+20
-3.23467e+20
-3.23623e+20
-3.23759e+20
-3.23876e+20
-3.23975e+20
-3.24056e+20
-3.24122e+20
-3.24174e+20
-3.24215e+20
-3.24245e+20
-3.24266e+20
-3.24281e+20
-3.24291e+20
-3.21009e+20
-3.21035e+20
-3.21086e+20
-3.21159e+20
-3.21254e+20
-3.21368e+20
-3.21499e+20
-3.21648e+20
-3.21812e+20
-3.2199e+20
-3.22179e+20
-3.22378e+20
-3.22582e+20
-3.22789e+20
-3.22991e+20
-3.23185e+20
-3.23367e+20
-3.23532e+20
-3.23679e+20
-3.23806e+20
-3.23915e+20
-3.24006e+20
-3.24082e+20
-3.24142e+20
-3.2419e+20
-3.24226e+20
-3.24253e+20
-3.24272e+20
-3.24285e+20
-3.24294e+20
-3.65986e+20
-3.66041e+20
-3.66146e+20
-3.66294e+20
-3.66479e+20
-3.66694e+20
-3.66932e+20
-3.67188e+20
-3.67459e+20
-3.67741e+20
-3.68033e+20
-3.68337e+20
-3.68652e+20
-3.68979e+20
-3.69317e+20
-3.69661e+20
-3.70003e+20
-3.70334e+20
-3.70643e+20
-3.70921e+20
-3.71162e+20
-3.71366e+20
-3.71533e+20
-3.71666e+20
-3.71771e+20
-3.71851e+20
-3.71909e+20
-3.7195e+20
-3.71978e+20
-3.71996e+20
-3.65556e+20
-3.65617e+20
-3.65734e+20
-3.65899e+20
-3.66104e+20
-3.66341e+20
-3.66602e+20
-3.6688e+20
-3.67172e+20
-3.67472e+20
-3.6778e+20
-3.68096e+20
-3.68421e+20
-3.68756e+20
-3.69102e+20
-3.69456e+20
-3.69813e+20
-3.70162e+20
-3.70493e+20
-3.70794e+20
-3.71059e+20
-3.71283e+20
-3.71469e+20
-3.71618e+20
-3.71735e+20
-3.71825e+20
-3.71891e+20
-3.71938e+20
-3.71971e+20
-3.71991e+20
-3.65519e+20
-3.65581e+20
-3.65699e+20
-3.65865e+20
-3.66072e+20
-3.66311e+20
-3.66574e+20
-3.66855e+20
-3.67148e+20
-3.6745e+20
-3.6776e+20
-3.68077e+20
-3.68403e+20
-3.68739e+20
-3.69086e+20
-3.69441e+20
-3.69798e+20
-3.70149e+20
-3.70481e+20
-3.70785e+20
-3.71051e+20
-3.71277e+20
-3.71464e+20
-3.71614e+20
-3.71733e+20
-3.71823e+20
-3.7189e+20
-3.71938e+20
-3.7197e+20
-3.71991e+20
-3.65481e+20
-3.65544e+20
-3.65662e+20
-3.6583e+20
-3.66039e+20
-3.6628e+20
-3.66545e+20
-3.66828e+20
-3.67123e+20
-3.67427e+20
-3.67738e+20
-3.68056e+20
-3.68383e+20
-3.68719e+20
-3.69067e+20
-3.69423e+20
-3.69781e+20
-3.70133e+20
-3.70467e+20
-3.70773e+20
-3.71041e+20
-3.71269e+20
-3.71458e+20
-3.7161e+20
-3.71729e+20
-3.71821e+20
-3.71888e+20
-3.71936e+20
-3.71969e+20
-3.7199e+20
-3.65451e+20
-3.65514e+20
-3.65633e+20
-3.65802e+20
-3.66012e+20
-3.66254e+20
-3.66521e+20
-3.66806e+20
-3.67102e+20
-3.67407e+20
-3.67719e+20
-3.68038e+20
-3.68366e+20
-3.68703e+20
-3.6905e+20
-3.69407e+20
-3.69766e+20
-3.70119e+20
-3.70455e+20
-3.70762e+20
-3.71032e+20
-3.71262e+20
-3.71452e+20
-3.71605e+20
-3.71726e+20
-3.71818e+20
-3.71886e+20
-3.71935e+20
-3.71968e+20
-3.7199e+20
-3.65678e+20
-3.65738e+20
-3.65852e+20
-3.66013e+20
-3.66214e+20
-3.66445e+20
-3.66701e+20
-3.66975e+20
-3.67261e+20
-3.67558e+20
-3.67863e+20
-3.68177e+20
-3.68501e+20
-3.68836e+20
-3.69181e+20
-3.69535e+20
-3.69889e+20
-3.70234e+20
-3.70558e+20
-3.70851e+20
-3.71107e+20
-3.71323e+20
-3.71501e+20
-3.71643e+20
-3.71755e+20
-3.71839e+20
-3.71902e+20
-3.71946e+20
-3.71975e+20
-3.71994e+20
-4.03432e+20
-4.03576e+20
-4.03851e+20
-4.04236e+20
-4.0471e+20
-4.05251e+20
-4.05835e+20
-4.06442e+20
-4.07052e+20
-4.0765e+20
-4.08227e+20
-4.08776e+20
-4.09299e+20
-4.098e+20
-4.10289e+20
-4.10775e+20
-4.11265e+20
-4.11762e+20
-4.12258e+20
-4.12737e+20
-4.13178e+20
-4.13565e+20
-4.13889e+20
-4.1415e+20
-4.14354e+20
-4.14508e+20
-4.14621e+20
-4.147e+20
-4.14752e+20
-4.14785e+20
-4.02503e+20
-4.02663e+20
-4.02968e+20
-4.03395e+20
-4.03922e+20
-4.04523e+20
-4.05173e+20
-4.05847e+20
-4.06524e+20
-4.07187e+20
-4.07823e+20
-4.08424e+20
-4.0899e+20
-4.09524e+20
-4.10036e+20
-4.10538e+20
-4.11039e+20
-4.11546e+20
-4.12056e+20
-4.12554e+20
-4.1302e+20
-4.13435e+20
-4.13786e+20
-4.14072e+20
-4.14296e+20
-4.14467e+20
-4.14592e+20
-4.14681e+20
-4.14741e+20
-4.14778e+20
-4.02396e+20
-4.02559e+20
-4.02867e+20
-4.03299e+20
-4.03832e+20
-4.0444e+20
-4.05097e+20
-4.05779e+20
-4.06464e+20
-4.07135e+20
-4.07778e+20
-4.08385e+20
-4.08956e+20
-4.09494e+20
-4.10009e+20
-4.10513e+20
-4.11015e+20
-4.11524e+20
-4.12035e+20
-4.12535e+20
-4.13004e+20
-4.13422e+20
-4.13776e+20
-4.14064e+20
-4.1429e+20
-4.14463e+20
-4.1459e+20
-4.14679e+20
-4.1474e+20
-4.14778e+20
-4.02319e+20
-4.02483e+20
-4.02793e+20
-4.03229e+20
-4.03766e+20
-4.04378e+20
-4.0504e+20
-4.05728e+20
-4.06418e+20
-4.07094e+20
-4.07742e+20
-4.08353e+20
-4.08928e+20
-4.09469e+20
-4.09986e+20
-4.10491e+20
-4.10994e+20
-4.11503e+20
-4.12015e+20
-4.12516e+20
-4.12987e+20
-4.13408e+20
-4.13765e+20
-4.14055e+20
-4.14284e+20
-4.14458e+20
-4.14586e+20
-4.14677e+20
-4.14738e+20
-4.14777e+20
-4.02878e+20
-4.03033e+20
-4.03328e+20
-4.0374e+20
-4.04248e+20
-4.04828e+20
-4.05453e+20
-4.06102e+20
-4.06754e+20
-4.07392e+20
-4.08004e+20
-4.08585e+20
-4.09133e+20
-4.09655e+20
-4.10158e+20
-4.10654e+20
-4.11153e+20
-4.11658e+20
-4.12164e+20
-4.12655e+20
-4.1311e+20
-4.13511e+20
-4.13848e+20
-4.1412e+20
-4.14333e+20
-4.14494e+20
-4.14612e+20
-4.14694e+20
-4.14749e+20
-4.14783e+20
-4.29525e+20
-4.29811e+20
-4.30353e+20
-4.31116e+20
-4.32058e+20
-4.33135e+20
-4.34301e+20
-4.35511e+20
-4.36724e+20
-4.37902e+20
-4.39017e+20
-4.40047e+20
-4.40982e+20
-4.41821e+20
-4.42575e+20
-4.43262e+20
-4.43908e+20
-4.44538e+20
-4.45169e+20
-4.45803e+20
-4.4642e+20
-4.46992e+20
-4.47489e+20
-4.47898e+20
-4.48219e+20
-4.48462e+20
-4.48639e+20
-4.48762e+20
-4.48843e+20
-4.48893e+20
-4.27718e+20
-4.28031e+20
-4.28626e+20
-4.29465e+20
-4.30503e+20
-4.31692e+20
-4.32982e+20
-4.34325e+20
-4.35674e+20
-4.36989e+20
-4.38235e+20
-4.39387e+20
-4.4043e+20
-4.41361e+20
-4.42187e+20
-4.42928e+20
-4.43609e+20
-4.44259e+20
-4.44902e+20
-4.45548e+20
-4.46187e+20
-4.46789e+20
-4.47324e+20
-4.4777e+20
-4.48124e+20
-4.48394e+20
-4.48591e+20
-4.48731e+20
-4.48824e+20
-4.48882e+20
-4.27491e+20
-4.27807e+20
-4.2841e+20
-4.29258e+20
-4.30308e+20
-4.31511e+20
-4.32817e+20
-4.34177e+20
-4.35543e+20
-4.36875e+20
-4.38138e+20
-4.39305e+20
-4.40362e+20
-4.41305e+20
-4.42141e+20
-4.42889e+20
-4.43574e+20
-4.44227e+20
-4.44872e+20
-4.4552e+20
-4.46161e+20
-4.46766e+20
-4.47305e+20
-4.47756e+20
-4.48113e+20
-4.48386e+20
-4.48586e+20
-4.48727e+20
-4.48822e+20
-4.4888e+20
-4.27347e+20
-4.27666e+20
-4.28272e+20
-4.29125e+20
-4.30182e+20
-4.31393e+20
-4.32708e+20
-4.34078e+20
-4.35455e+20
-4.36797e+20
-4.3807e+20
-4.39247e+20
-4.40313e+20
-4.41263e+20
-4.42105e+20
-4.42858e+20
-4.43547e+20
-4.44201e+20
-4.44847e+20
-4.45495e+20
-4.46137e+20
-4.46746e+20
-4.47288e+20
-4.47742e+20
-4.48103e+20
-4.48378e+20
-4.48581e+20
-4.48724e+20
-4.48819e+20
-4.48879e+20
-4.28876e+20
-4.29173e+20
-4.29737e+20
-4.30532e+20
-4.31513e+20
-4.32635e+20
-4.3385e+20
-4.35112e+20
-4.36377e+20
-4.37606e+20
-4.38769e+20
-4.39842e+20
-4.40815e+20
-4.41685e+20
-4.42463e+20
-4.43168e+20
-4.43826e+20
-4.44465e+20
-4.45102e+20
-4.45742e+20
-4.46368e+20
-4.46949e+20
-4.47457e+20
-4.47875e+20
-4.48203e+20
-4.48451e+20
-4.48632e+20
-4.48758e+20
-4.48841e+20
-4.48892e+20
-4.47015e+20
-4.47478e+20
-4.48361e+20
-4.49608e+20
-4.51156e+20
-4.52937e+20
-4.54881e+20
-4.56913e+20
-4.58965e+20
-4.60972e+20
-4.62878e+20
-4.64638e+20
-4.6622e+20
-4.67612e+20
-4.68815e+20
-4.69849e+20
-4.70747e+20
-4.71555e+20
-4.72318e+20
-4.73072e+20
-4.73825e+20
-4.74556e+20
-4.75224e+20
-4.75791e+20
-4.76243e+20
-4.76585e+20
-4.76835e+20
-4.77008e+20
-4.77121e+20
-4.7719e+20
-4.4378e+20
-4.44286e+20
-4.45251e+20
-4.46617e+20
-4.48318e+20
-4.50281e+20
-4.52429e+20
-4.54687e+20
-4.56976e+20
-4.59227e+20
-4.61375e+20
-4.63369e+20
-4.65169e+20
-4.66755e+20
-4.68124e+20
-4.6929e+20
-4.70286e+20
-4.71157e+20
-4.71956e+20
-4.72727e+20
-4.73496e+20
-4.74255e+20
-4.74965e+20
-4.75584e+20
-4.76087e+20
-4.76473e+20
-4.76757e+20
-4.76957e+20
-4.77089e+20
-4.77172e+20
-4.4348e+20
-4.4399e+20
-4.44963e+20
-4.46341e+20
-4.48056e+20
-4.50037e+20
-4.52205e+20
-4.54484e+20
-4.56796e+20
-4.5907e+20
-4.61241e+20
-4.63256e+20
-4.65076e+20
-4.6668e+20
-4.68064e+20
-4.69243e+20
-4.70248e+20
-4.71126e+20
-4.71928e+20
-4.72701e+20
-4.73472e+20
-4.74233e+20
-4.74947e+20
-4.7557e+20
-4.76076e+20
-4.76466e+20
-4.76752e+20
-4.76953e+20
-4.77087e+20
-4.77171e+20
-4.43189e+20
-4.43702e+20
-4.44683e+20
-4.46071e+20
-4.47799e+20
-4.49795e+20
-4.51982e+20
-4.5428e+20
-4.56613e+20
-4.58909e+20
-4.61101e+20
-4.63137e+20
-4.64978e+20
-4.666e+20
-4.67999e+20
-4.69191e+20
-4.70206e+20
-4.7109e+20
-4.71896e+20
-4.72671e+20
-4.73443e+20
-4.74206e+20
-4.74923e+20
-4.7555e+20
-4.76062e+20
-4.76455e+20
-4.76745e+20
-4.76948e+20
-4.77084e+20
-4.77169e+20
-4.42934e+20
-4.4345e+20
-4.44437e+20
-4.45833e+20
-4.47572e+20
-4.4958e+20
-4.51782e+20
-4.54096e+20
-4.56447e+20
-4.58761e+20
-4.60972e+20
-4.63027e+20
-4.64885e+20
-4.66523e+20
-4.67937e+20
-4.6914e+20
-4.70164e+20
-4.71054e+20
-4.71863e+20
-4.7264e+20
-4.73412e+20
-4.74177e+20
-4.74897e+20
-4.75529e+20
-4.76045e+20
-4.76443e+20
-4.76736e+20
-4.76943e+20
-4.77081e+20
-4.77167e+20
-4.45051e+20
-4.45542e+20
-4.46478e+20
-4.47803e+20
-4.49449e+20
-4.51347e+20
-4.53422e+20
-4.55596e+20
-4.57797e+20
-4.59955e+20
-4.62009e+20
-4.6391e+20
-4.65623e+20
-4.6713e+20
-4.68429e+20
-4.69539e+20
-4.70493e+20
-4.71337e+20
-4.72121e+20
-4.72886e+20
-4.73651e+20
-4.744e+20
-4.75092e+20
-4.75688e+20
-4.76167e+20
-4.76532e+20
-4.76798e+20
-4.76984e+20
-4.77107e+20
-4.77182e+20
-4.54705e+20
-4.55344e+20
-4.56566e+20
-4.58299e+20
-4.60463e+20
-4.62971e+20
-4.65729e+20
-4.68642e+20
-4.71612e+20
-4.74547e+20
-4.77362e+20
-4.79985e+20
-4.8236e+20
-4.84451e+20
-4.86246e+20
-4.87755e+20
-4.89012e+20
-4.90071e+20
-4.91e+20
-4.91866e+20
-4.92717e+20
-4.93563e+20
-4.94372e+20
-4.95089e+20
-4.95677e+20
-4.96128e+20
-4.96459e+20
-4.96689e+20
-4.9684e+20
-4.96932e+20
-4.5105e+20
-4.5173e+20
-4.53033e+20
-4.54883e+20
-4.57199e+20
-4.59889e+20
-4.62859e+20
-4.66007e+20
-4.69232e+20
-4.72434e+20
-4.75523e+20
-4.78417e+20
-4.81052e+20
-4.83385e+20
-4.85393e+20
-4.87083e+20
-4.88483e+20
-4.89645e+20
-4.90638e+20
-4.91537e+20
-4.92404e+20
-4.93266e+20
-4.94104e+20
-4.94867e+20
-4.95506e+20
-4.96004e+20
-4.96372e+20
-4.96632e+20
-4.96804e+20
-4.96912e+20
-4.50645e+20
-4.5133e+20
-4.52642e+20
-4.54506e+20
-4.56839e+20
-4.5955e+20
-4.62544e+20
-4.65719e+20
-4.68972e+20
-4.72205e+20
-4.75325e+20
-4.78249e+20
-4.80913e+20
-4.83271e+20
-4.85303e+20
-4.87013e+20
-4.88429e+20
-4.89603e+20
-4.90603e+20
-4.91506e+20
-4.92375e+20
-4.93239e+20
-4.9408e+20
-4.94847e+20
-4.95491e+20
-4.95993e+20
-4.96365e+20
-4.96627e+20
-4.96802e+20
-4.9691e+20
-4.50323e+20
-4.51011e+20
-4.52329e+20
-4.54202e+20
-4.56546e+20
-4.59272e+20
-4.62283e+20
-4.65476e+20
-4.68751e+20
-4.72006e+20
-4.75149e+20
-4.78097e+20
-4.80784e+20
-4.83165e+20
-4.85217e+20
-4.86944e+20
-4.88374e+20
-4.89558e+20
-4.90566e+20
-4.91472e+20
-4.92342e+20
-4.93207e+20
-4.94051e+20
-4.94822e+20
-4.95471e+20
-4.95978e+20
-4.96354e+20
-4.9662e+20
-4.96797e+20
-4.96908e+20
-4.53099e+20
-4.53758e+20
-4.55019e+20
-4.56809e+20
-4.59045e+20
-4.61639e+20
-4.64496e+20
-4.67518e+20
-4.70604e+20
-4.7366e+20
-4.76598e+20
-4.7934e+20
-4.81828e+20
-4.84022e+20
-4.85906e+20
-4.8749e+20
-4.88805e+20
-4.89906e+20
-4.9086e+20
-4.91739e+20
-4.92598e+20
-4.93452e+20
-4.94275e+20
-4.9501e+20
-4.95618e+20
-4.96086e+20
-4.9643e+20
-4.9667e+20
-4.96829e+20
-4.96926e+20
-4.57138e+20
-4.57882e+20
-4.59307e+20
-4.61334e+20
-4.63872e+20
-4.66825e+20
-4.7009e+20
-4.73556e+20
-4.77114e+20
-4.80653e+20
-4.84071e+20
-4.87279e+20
-4.90201e+20
-4.92787e+20
-4.9501e+20
-4.96874e+20
-4.98409e+20
-4.99669e+20
-5.00732e+20
-5.01681e+20
-5.02589e+20
-5.03493e+20
-5.04376e+20
-5.0518e+20
-5.05854e+20
-5.06377e+20
-5.06762e+20
-5.07031e+20
-5.07208e+20
-5.07316e+20
-4.53084e+20
-4.53869e+20
-4.55374e+20
-4.57517e+20
-4.60208e+20
-4.63347e+20
-4.66829e+20
-4.70541e+20
-4.74368e+20
-4.78196e+20
-4.81914e+20
-4.85424e+20
-4.88641e+20
-4.91506e+20
-4.93984e+20
-4.96068e+20
-4.97782e+20
-4.99179e+20
-5.00332e+20
-5.01332e+20
-5.02262e+20
-5.03179e+20
-5.04085e+20
-5.04932e+20
-5.05659e+20
-5.06234e+20
-5.06662e+20
-5.06964e+20
-5.07166e+20
-5.07293e+20
-4.52556e+20
-4.53346e+20
-4.54862e+20
-4.57021e+20
-4.59732e+20
-4.62897e+20
-4.66408e+20
-4.70153e+20
-4.74016e+20
-4.77882e+20
-4.81639e+20
-4.85188e+20
-4.88444e+20
-4.91346e+20
-4.93856e+20
-4.95968e+20
-4.97706e+20
-4.9912e+20
-5.00286e+20
-5.01292e+20
-5.02226e+20
-5.03145e+20
-5.04054e+20
-5.04905e+20
-5.05638e+20
-5.06219e+20
-5.06652e+20
-5.06957e+20
-5.07162e+20
-5.0729e+20
-4.52231e+20
-4.53024e+20
-4.54546e+20
-4.56712e+20
-4.59434e+20
-4.62611e+20
-4.66137e+20
-4.69899e+20
-4.73782e+20
-4.7767e+20
-4.8145e+20
-4.85023e+20
-4.88303e+20
-4.91228e+20
-4.9376e+20
-4.95891e+20
-4.97645e+20
-4.99072e+20
-5.00247e+20
-5.01259e+20
-5.02194e+20
-5.03114e+20
-5.04024e+20
-5.04879e+20
-5.05617e+20
-5.06203e+20
-5.0664e+20
-5.0695e+20
-5.07157e+20
-5.07287e+20
-4.5605e+20
-4.56806e+20
-4.58255e+20
-4.60315e+20
-4.62898e+20
-4.65905e+20
-4.69231e+20
-4.72767e+20
-4.764e+20
-4.80019e+20
-4.83519e+20
-4.86808e+20
-4.89809e+20
-4.92468e+20
-4.94757e+20
-4.96677e+20
-4.98256e+20
-4.9955e+20
-5.00635e+20
-5.01596e+20
-5.0251e+20
-5.03418e+20
-5.04307e+20
-5.05123e+20
-5.0581e+20
-5.06346e+20
-5.0674e+20
-5.07017e+20
-5.07199e+20
-5.07312e+20
-4.56511e+20
-4.57279e+20
-4.58753e+20
-4.60848e+20
-4.63476e+20
-4.66537e+20
-4.69926e+20
-4.73531e+20
-4.77238e+20
-4.80934e+20
-4.84513e+20
-4.87879e+20
-4.90953e+20
-4.9368e+20
-4.96028e+20
-4.97998e+20
-4.99617e+20
-5.00941e+20
-5.02045e+20
-5.03018e+20
-5.0394e+20
-5.04856e+20
-5.05757e+20
-5.06587e+20
-5.07288e+20
-5.07836e+20
-5.08239e+20
-5.08522e+20
-5.08709e+20
-5.08825e+20
-4.51577e+20
-4.52393e+20
-4.53958e+20
-4.56189e+20
-4.58993e+20
-4.62271e+20
-4.65915e+20
-4.6981e+20
-4.73837e+20
-4.77878e+20
-4.81817e+20
-4.8555e+20
-4.88987e+20
-4.92058e+20
-4.94724e+20
-4.96971e+20
-4.9882e+20
-5.0032e+20
-5.01545e+20
-5.02588e+20
-5.03541e+20
-5.04471e+20
-5.05396e+20
-5.06274e+20
-5.07039e+20
-5.07652e+20
-5.0811e+20
-5.08436e+20
-5.08655e+20
-5.08793e+20
-4.51068e+20
-4.51889e+20
-4.53465e+20
-4.5571e+20
-4.58534e+20
-4.61836e+20
-4.65508e+20
-4.69434e+20
-4.73495e+20
-4.77573e+20
-4.8155e+20
-4.85321e+20
-4.88795e+20
-4.91901e+20
-4.94599e+20
-4.96874e+20
-4.98746e+20
-5.00264e+20
-5.01502e+20
-5.02552e+20
-5.03508e+20
-5.04441e+20
-5.05368e+20
-5.0625e+20
-5.0702e+20
-5.07638e+20
-5.08101e+20
-5.08429e+20
-5.08651e+20
-5.08791e+20
-4.5063e+20
-4.51454e+20
-4.53038e+20
-4.55296e+20
-4.58135e+20
-4.61455e+20
-4.65149e+20
-4.691e+20
-4.7319e+20
-4.77297e+20
-4.81306e+20
-4.8511e+20
-4.88616e+20
-4.91754e+20
-4.9448e+20
-4.9678e+20
-4.98674e+20
-5.00208e+20
-5.01457e+20
-5.02515e+20
-5.03474e+20
-5.04409e+20
-5.05338e+20
-5.06223e+20
-5.06999e+20
-5.07622e+20
-5.08089e+20
-5.08422e+20
-5.08646e+20
-5.08788e+20
-4.50229e+20
-4.51057e+20
-4.52647e+20
-4.54914e+20
-4.57765e+20
-4.61101e+20
-4.64813e+20
-4.68785e+20
-4.72899e+20
-4.77033e+20
-4.8107e+20
-4.84903e+20
-4.88439e+20
-4.91605e+20
-4.94359e+20
-4.96684e+20
-4.98598e+20
-5.00149e+20
-5.0141e+20
-5.02475e+20
-5.03438e+20
-5.04373e+20
-5.05303e+20
-5.06192e+20
-5.06973e+20
-5.07602e+20
-5.08075e+20
-5.08412e+20
-5.0864e+20
-5.08784e+20
-4.53733e+20
-4.54529e+20
-4.56055e+20
-4.58228e+20
-4.60957e+20
-4.64142e+20
-4.67676e+20
-4.71446e+20
-4.75335e+20
-4.79226e+20
-4.83009e+20
-4.86582e+20
-4.8986e+20
-4.9278e+20
-4.95305e+20
-4.97429e+20
-4.99176e+20
-5.00595e+20
-5.01765e+20
-5.02775e+20
-5.03713e+20
-5.04638e+20
-5.05554e+20
-5.06412e+20
-5.0715e+20
-5.07734e+20
-5.08168e+20
-5.08475e+20
-5.0868e+20
-5.08808e+20
-4.5097e+20
-4.51704e+20
-4.53112e+20
-4.55113e+20
-4.57623e+20
-4.60548e+20
-4.63785e+20
-4.67229e+20
-4.70772e+20
-4.74307e+20
-4.77733e+20
-4.80958e+20
-4.83909e+20
-4.86531e+20
-4.88796e+20
-4.90701e+20
-4.92272e+20
-4.9356e+20
-4.94637e+20
-4.95586e+20
-4.96483e+20
-4.97376e+20
-4.98257e+20
-4.99076e+20
-4.99775e+20
-5.00325e+20
-5.00734e+20
-5.01023e+20
-5.01217e+20
-5.01338e+20
-4.46958e+20
-4.4773e+20
-4.49212e+20
-4.51323e+20
-4.53976e+20
-4.57076e+20
-4.60519e+20
-4.64198e+20
-4.68e+20
-4.71813e+20
-4.75529e+20
-4.79051e+20
-4.82294e+20
-4.85196e+20
-4.87718e+20
-4.89849e+20
-4.91607e+20
-4.9304e+20
-4.94216e+20
-4.95222e+20
-4.96145e+20
-4.97048e+20
-4.97949e+20
-4.98806e+20
-4.99558e+20
-5.00163e+20
-5.00619e+20
-5.00946e+20
-5.01168e+20
-5.01309e+20
-4.46492e+20
-4.47269e+20
-4.4876e+20
-4.50885e+20
-4.53556e+20
-4.56677e+20
-4.60146e+20
-4.63853e+20
-4.67686e+20
-4.71533e+20
-4.75284e+20
-4.7884e+20
-4.82117e+20
-4.85051e+20
-4.87602e+20
-4.89758e+20
-4.91538e+20
-4.92987e+20
-4.94175e+20
-4.95188e+20
-4.96114e+20
-4.97019e+20
-4.97921e+20
-4.98782e+20
-4.99539e+20
-5.0015e+20
-5.0061e+20
-5.00939e+20
-5.01164e+20
-5.01307e+20
-4.46132e+20
-4.46912e+20
-4.48409e+20
-4.50542e+20
-4.53224e+20
-4.5636e+20
-4.59845e+20
-4.63571e+20
-4.67426e+20
-4.71296e+20
-4.75073e+20
-4.78655e+20
-4.81959e+20
-4.84918e+20
-4.87493e+20
-4.89671e+20
-4.9147e+20
-4.92933e+20
-4.94131e+20
-4.95151e+20
-4.9608e+20
-4.96986e+20
-4.97889e+20
-4.98753e+20
-4.99515e+20
-5.00131e+20
-5.00597e+20
-5.0093e+20
-5.01158e+20
-5.01303e+20
-4.49516e+20
-4.50264e+20
-4.51696e+20
-4.53736e+20
-4.56295e+20
-4.5928e+20
-4.6259e+20
-4.66117e+20
-4.69751e+20
-4.73386e+20
-4.76916e+20
-4.80248e+20
-4.83305e+20
-4.8603e+20
-4.88389e+20
-4.90377e+20
-4.92018e+20
-4.93359e+20
-4.94472e+20
-4.9544e+20
-4.96346e+20
-4.97242e+20
-4.98131e+20
-4.98966e+20
-4.99687e+20
-5.00259e+20
-5.00687e+20
-5.00992e+20
-5.01197e+20
-5.01326e+20
-4.42833e+20
-4.43454e+20
-4.44644e+20
-4.46332e+20
-4.48445e+20
-4.50898e+20
-4.53605e+20
-4.56474e+20
-4.59412e+20
-4.62331e+20
-4.65147e+20
-4.67789e+20
-4.70198e+20
-4.72335e+20
-4.74182e+20
-4.75742e+20
-4.77042e+20
-4.78128e+20
-4.79062e+20
-4.79914e+20
-4.8074e+20
-4.81568e+20
-4.8238e+20
-4.83127e+20
-4.83758e+20
-4.84255e+20
-4.84626e+20
-4.8489e+20
-4.85069e+20
-4.85182e+20
-4.39523e+20
-4.40178e+20
-4.41433e+20
-4.43218e+20
-4.45455e+20
-4.48061e+20
-4.50945e+20
-4.54013e+20
-4.5717e+20
-4.60321e+20
-4.63378e+20
-4.66262e+20
-4.68908e+20
-4.71269e+20
-4.73318e+20
-4.75054e+20
-4.76498e+20
-4.77692e+20
-4.78698e+20
-4.79587e+20
-4.80429e+20
-4.81266e+20
-4.82098e+20
-4.82882e+20
-4.83562e+20
-4.84109e+20
-4.84521e+20
-4.84818e+20
-4.85022e+20
-4.85155e+20
-4.39108e+20
-4.39768e+20
-4.41032e+20
-4.4283e+20
-4.45084e+20
-4.4771e+20
-4.50618e+20
-4.53713e+20
-4.56898e+20
-4.60079e+20
-4.63167e+20
-4.66081e+20
-4.68756e+20
-4.71144e+20
-4.73219e+20
-4.74976e+20
-4.76437e+20
-4.77644e+20
-4.78659e+20
-4.79554e+20
-4.80398e+20
-4.81237e+20
-4.82071e+20
-4.82859e+20
-4.83544e+20
-4.84095e+20
-4.84512e+20
-4.84812e+20
-4.85019e+20
-4.85152e+20
-4.38874e+20
-4.39535e+20
-4.40803e+20
-4.42607e+20
-4.44868e+20
-4.47504e+20
-4.50423e+20
-4.5353e+20
-4.56729e+20
-4.59926e+20
-4.6303e+20
-4.65961e+20
-4.68653e+20
-4.71058e+20
-4.73148e+20
-4.74919e+20
-4.76391e+20
-4.77607e+20
-4.78628e+20
-4.79526e+20
-4.80372e+20
-4.81211e+20
-4.82046e+20
-4.82836e+20
-4.83526e+20
-4.84081e+20
-4.84501e+20
-4.84805e+20
-4.85014e+20
-4.85149e+20
-4.42423e+20
-4.43047e+20
-4.44241e+20
-4.45936e+20
-4.48058e+20
-4.50524e+20
-4.53246e+20
-4.56133e+20
-4.59094e+20
-4.62037e+20
-4.64881e+20
-4.67552e+20
-4.69992e+20
-4.72159e+20
-4.74035e+20
-4.75621e+20
-4.76942e+20
-4.78045e+20
-4.7899e+20
-4.79846e+20
-4.80673e+20
-4.81501e+20
-4.82317e+20
-4.83071e+20
-4.83712e+20
-4.8422e+20
-4.846e+20
-4.84872e+20
-4.85057e+20
-4.85175e+20
-4.29429e+20
-4.2988e+20
-4.3074e+20
-4.31958e+20
-4.33476e+20
-4.35228e+20
-4.3715e+20
-4.39172e+20
-4.41228e+20
-4.43255e+20
-4.45197e+20
-4.47007e+20
-4.4865e+20
-4.50107e+20
-4.51372e+20
-4.52456e+20
-4.53386e+20
-4.54201e+20
-4.54947e+20
-4.55668e+20
-4.56393e+20
-4.5712e+20
-4.57815e+20
-4.58436e+20
-4.58951e+20
-4.59354e+20
-4.59655e+20
-4.59872e+20
-4.6002e+20
-4.60116e+20
-4.26755e+20
-4.27237e+20
-4.28157e+20
-4.29462e+20
-4.31091e+20
-4.32978e+20
-4.35053e+20
-4.37246e+20
-4.39485e+20
-4.41704e+20
-4.4384e+20
-4.45842e+20
-4.47669e+20
-4.49294e+20
-4.50708e+20
-4.51918e+20
-4.52945e+20
-4.53828e+20
-4.54614e+20
-4.55354e+20
-4.56086e+20
-4.56824e+20
-4.57546e+20
-4.58208e+20
-4.58771e+20
-4.59219e+20
-4.59558e+20
-4.59805e+20
-4.59976e+20
-4.60089e+20
-4.26434e+20
-4.2692e+20
-4.27848e+20
-4.29164e+20
-4.30808e+20
-4.32712e+20
-4.34807e+20
-4.37022e+20
-4.39284e+20
-4.41526e+20
-4.43686e+20
-4.45711e+20
-4.4756e+20
-4.49205e+20
-4.50637e+20
-4.51861e+20
-4.529e+20
-4.53791e+20
-4.54582e+20
-4.55325e+20
-4.56058e+20
-4.56797e+20
-4.57522e+20
-4.58188e+20
-4.58756e+20
-4.59208e+20
-4.5955e+20
-4.59799e+20
-4.59973e+20
-4.60087e+20
-4.2619e+20
-4.26678e+20
-4.27612e+20
-4.28936e+20
-4.3059e+20
-4.32507e+20
-4.34616e+20
-4.36846e+20
-4.39125e+20
-4.41385e+20
-4.43563e+20
-4.45605e+20
-4.47471e+20
-4.49132e+20
-4.50578e+20
-4.51813e+20
-4.52861e+20
-4.53759e+20
-4.54554e+20
-4.55299e+20
-4.56033e+20
-4.56774e+20
-4.575e+20
-4.5817e+20
-4.58741e+20
-4.59197e+20
-4.59542e+20
-4.59794e+20
-4.59969e+20
-4.60085e+20
-4.25982e+20
-4.26472e+20
-4.2741e+20
-4.2874e+20
-4.30402e+20
-4.32328e+20
-4.34449e+20
-4.36691e+20
-4.38984e+20
-4.41258e+20
-4.43451e+20
-4.45508e+20
-4.47388e+20
-4.49063e+20
-4.50521e+20
-4.51767e+20
-4.52823e+20
-4.53727e+20
-4.54526e+20
-4.55273e+20
-4.56008e+20
-4.56748e+20
-4.57476e+20
-4.58149e+20
-4.58724e+20
-4.59184e+20
-4.59533e+20
-4.59787e+20
-4.59965e+20
-4.60082e+20
-4.28209e+20
-4.28672e+20
-4.29557e+20
-4.30811e+20
-4.32374e+20
-4.34182e+20
-4.36169e+20
-4.38264e+20
-4.404e+20
-4.42511e+20
-4.4454e+20
-4.46437e+20
-4.48165e+20
-4.497e+20
-4.51036e+20
-4.52179e+20
-4.53156e+20
-4.54002e+20
-4.54766e+20
-4.55494e+20
-4.56221e+20
-4.56952e+20
-4.57662e+20
-4.58306e+20
-4.58848e+20
-4.59276e+20
-4.59598e+20
-4.59832e+20
-4.59994e+20
-4.601e+20
-4.07456e+20
-4.07735e+20
-4.08265e+20
-4.09014e+20
-4.09943e+20
-4.11011e+20
-4.12173e+20
-4.13389e+20
-4.14618e+20
-4.15823e+20
-4.16972e+20
-4.18042e+20
-4.19018e+20
-4.19894e+20
-4.20673e+20
-4.2137e+20
-4.22005e+20
-4.22606e+20
-4.23198e+20
-4.23798e+20
-4.24406e+20
-4.25e+20
-4.25549e+20
-4.26023e+20
-4.26411e+20
-4.26713e+20
-4.26941e+20
-4.27107e+20
-4.27223e+20
-4.273e+20
-4.06005e+20
-4.06303e+20
-4.0687e+20
-4.0767e+20
-4.08665e+20
-4.09811e+20
-4.11062e+20
-4.12375e+20
-4.13705e+20
-4.15013e+20
-4.16266e+20
-4.17435e+20
-4.18503e+20
-4.1946e+20
-4.20308e+20
-4.21058e+20
-4.2173e+20
-4.22353e+20
-4.22955e+20
-4.23559e+20
-4.24173e+20
-4.24782e+20
-4.25357e+20
-4.25865e+20
-4.26287e+20
-4.2662e+20
-4.26873e+20
-4.27059e+20
-4.27191e+20
-4.2728e+20
-4.05813e+20
-4.06114e+20
-4.06686e+20
-4.07494e+20
-4.08499e+20
-4.09656e+20
-4.1092e+20
-4.12245e+20
-4.1359e+20
-4.14912e+20
-4.16178e+20
-4.17361e+20
-4.18441e+20
-4.19409e+20
-4.20265e+20
-4.21023e+20
-4.21701e+20
-4.22327e+20
-4.22931e+20
-4.23536e+20
-4.2415e+20
-4.24762e+20
-4.25339e+20
-4.25851e+20
-4.26276e+20
-4.26612e+20
-4.26867e+20
-4.27055e+20
-4.27188e+20
-4.27278e+20
-4.0568e+20
-4.05981e+20
-4.06557e+20
-4.0737e+20
-4.0838e+20
-4.09544e+20
-4.10815e+20
-4.1215e+20
-4.13503e+20
-4.14835e+20
-4.16111e+20
-4.17302e+20
-4.18391e+20
-4.19366e+20
-4.2023e+20
-4.20992e+20
-4.21674e+20
-4.22303e+20
-4.22908e+20
-4.23513e+20
-4.24128e+20
-4.2474e+20
-4.2532e+20
-4.25835e+20
-4.26263e+20
-4.26602e+20
-4.2686e+20
-4.2705e+20
-4.27185e+20
-4.27276e+20
-4.07113e+20
-4.07395e+20
-4.07931e+20
-4.08688e+20
-4.09627e+20
-4.10708e+20
-4.11886e+20
-4.1312e+20
-4.14369e+20
-4.15595e+20
-4.16767e+20
-4.1786e+20
-4.18859e+20
-4.19755e+20
-4.20552e+20
-4.21262e+20
-4.21906e+20
-4.22511e+20
-4.23104e+20
-4.23703e+20
-4.2431e+20
-4.24909e+20
-4.25467e+20
-4.25954e+20
-4.26355e+20
-4.26671e+20
-4.26909e+20
-4.27084e+20
-4.27208e+20
-4.2729e+20
-3.78159e+20
-3.783e+20
-3.78569e+20
-3.78947e+20
-3.79414e+20
-3.79949e+20
-3.80531e+20
-3.81137e+20
-3.8175e+20
-3.82354e+20
-3.82935e+20
-3.83486e+20
-3.84005e+20
-3.84493e+20
-3.84958e+20
-3.8541e+20
-3.85861e+20
-3.86321e+20
-3.86793e+20
-3.87271e+20
-3.87736e+20
-3.88169e+20
-3.88549e+20
-3.88869e+20
-3.89127e+20
-3.89328e+20
-3.89482e+20
-3.89596e+20
-3.89677e+20
-3.89732e+20
-3.77437e+20
-3.77588e+20
-3.77877e+20
-3.78282e+20
-3.78784e+20
-3.7936e+20
-3.79987e+20
-3.80641e+20
-3.81303e+20
-3.81955e+20
-3.82582e+20
-3.83176e+20
-3.83732e+20
-3.8425e+20
-3.84737e+20
-3.85203e+20
-3.85662e+20
-3.86125e+20
-3.86599e+20
-3.87082e+20
-3.8756e+20
-3.88012e+20
-3.88417e+20
-3.88762e+20
-3.89043e+20
-3.89265e+20
-3.89435e+20
-3.89562e+20
-3.89653e+20
-3.89716e+20
-3.77336e+20
-3.7749e+20
-3.77781e+20
-3.78191e+20
-3.78698e+20
-3.7928e+20
-3.79913e+20
-3.80575e+20
-3.81244e+20
-3.81903e+20
-3.82537e+20
-3.83137e+20
-3.83698e+20
-3.84221e+20
-3.84711e+20
-3.8518e+20
-3.8564e+20
-3.86104e+20
-3.86578e+20
-3.87062e+20
-3.87542e+20
-3.87996e+20
-3.88404e+20
-3.88752e+20
-3.89035e+20
-3.89259e+20
-3.89431e+20
-3.89559e+20
-3.89652e+20
-3.89715e+20
-3.77283e+20
-3.77437e+20
-3.77729e+20
-3.78141e+20
-3.78651e+20
-3.79236e+20
-3.79872e+20
-3.80537e+20
-3.8121e+20
-3.81872e+20
-3.8251e+20
-3.83113e+20
-3.83676e+20
-3.84201e+20
-3.84693e+20
-3.85163e+20
-3.85624e+20
-3.86088e+20
-3.86563e+20
-3.87046e+20
-3.87527e+20
-3.87983e+20
-3.88392e+20
-3.88742e+20
-3.89028e+20
-3.89254e+20
-3.89427e+20
-3.89556e+20
-3.89649e+20
-3.89714e+20
-3.78196e+20
-3.78336e+20
-3.78601e+20
-3.78974e+20
-3.79436e+20
-3.79965e+20
-3.8054e+20
-3.81141e+20
-3.81748e+20
-3.82347e+20
-3.82924e+20
-3.83472e+20
-3.83988e+20
-3.84474e+20
-3.84937e+20
-3.85387e+20
-3.85835e+20
-3.86293e+20
-3.86762e+20
-3.87237e+20
-3.87702e+20
-3.88136e+20
-3.8852e+20
-3.88843e+20
-3.89105e+20
-3.89311e+20
-3.89469e+20
-3.89586e+20
-3.89669e+20
-3.89727e+20
-3.42679e+20
-3.42738e+20
-3.42851e+20
-3.43011e+20
-3.4321e+20
-3.43439e+20
-3.43691e+20
-3.43959e+20
-3.44237e+20
-3.44521e+20
-3.44809e+20
-3.45101e+20
-3.45398e+20
-3.45704e+20
-3.46021e+20
-3.46351e+20
-3.46694e+20
-3.47044e+20
-3.47391e+20
-3.47723e+20
-3.48028e+20
-3.48297e+20
-3.48526e+20
-3.48715e+20
-3.48868e+20
-3.48989e+20
-3.49082e+20
-3.49152e+20
-3.49203e+20
-3.49238e+20
-3.42347e+20
-3.42411e+20
-3.42533e+20
-3.42704e+20
-3.42917e+20
-3.43163e+20
-3.43432e+20
-3.43718e+20
-3.44013e+20
-3.44314e+20
-3.44615e+20
-3.44918e+20
-3.45223e+20
-3.45533e+20
-3.45851e+20
-3.46182e+20
-3.46526e+20
-3.46879e+20
-3.47235e+20
-3.4758e+20
-3.47902e+20
-3.4819e+20
-3.48438e+20
-3.48645e+20
-3.48813e+20
-3.48946e+20
-3.4905e+20
-3.49128e+20
-3.49186e+20
-3.49227e+20
-3.42303e+20
-3.42367e+20
-3.4249e+20
-3.42663e+20
-3.42878e+20
-3.43127e+20
-3.43399e+20
-3.43687e+20
-3.43986e+20
-3.44288e+20
-3.44592e+20
-3.44896e+20
-3.45203e+20
-3.45513e+20
-3.45833e+20
-3.46164e+20
-3.46509e+20
-3.46863e+20
-3.47219e+20
-3.47566e+20
-3.4789e+20
-3.4818e+20
-3.4843e+20
-3.48638e+20
-3.48808e+20
-3.48942e+20
-3.49047e+20
-3.49127e+20
-3.49185e+20
-3.49226e+20
-3.42271e+20
-3.42336e+20
-3.42459e+20
-3.42634e+20
-3.42851e+20
-3.43101e+20
-3.43375e+20
-3.43665e+20
-3.43965e+20
-3.44269e+20
-3.44575e+20
-3.4488e+20
-3.45187e+20
-3.45499e+20
-3.45819e+20
-3.4615e+20
-3.46495e+20
-3.46849e+20
-3.47207e+20
-3.47554e+20
-3.4788e+20
-3.48172e+20
-3.48423e+20
-3.48633e+20
-3.48804e+20
-3.48939e+20
-3.49045e+20
-3.49125e+20
-3.49184e+20
-3.49226e+20
-3.42251e+20
-3.42316e+20
-3.4244e+20
-3.42615e+20
-3.42833e+20
-3.43084e+20
-3.43359e+20
-3.4365e+20
-3.43951e+20
-3.44256e+20
-3.44563e+20
-3.44869e+20
-3.45177e+20
-3.45489e+20
-3.45808e+20
-3.4614e+20
-3.46484e+20
-3.46839e+20
-3.47197e+20
-3.47545e+20
-3.47871e+20
-3.48164e+20
-3.48417e+20
-3.48628e+20
-3.488e+20
-3.48936e+20
-3.49042e+20
-3.49123e+20
-3.49183e+20
-3.49225e+20
-3.42571e+20
-3.42632e+20
-3.42747e+20
-3.42909e+20
-3.43111e+20
-3.43344e+20
-3.43601e+20
-3.43873e+20
-3.44155e+20
-3.44443e+20
-3.44734e+20
-3.45028e+20
-3.45326e+20
-3.45632e+20
-3.45947e+20
-3.46276e+20
-3.46618e+20
-3.46967e+20
-3.47317e+20
-3.47654e+20
-3.47966e+20
-3.48244e+20
-3.48481e+20
-3.48678e+20
-3.48839e+20
-3.48966e+20
-3.49064e+20
-3.49139e+20
-3.49193e+20
-3.49232e+20
-3.16669e+20
-3.16703e+20
-3.16768e+20
-3.16861e+20
-3.16978e+20
-3.17115e+20
-3.1727e+20
-3.1744e+20
-3.17624e+20
-3.1782e+20
-3.18028e+20
-3.18248e+20
-3.18483e+20
-3.1873e+20
-3.1899e+20
-3.1926e+20
-3.19534e+20
-3.19804e+20
-3.20062e+20
-3.20301e+20
-3.20514e+20
-3.20699e+20
-3.20856e+20
-3.20986e+20
-3.21092e+20
-3.21177e+20
-3.21243e+20
-3.21294e+20
-3.21331e+20
-3.21358e+20
-3.16507e+20
-3.16543e+20
-3.1661e+20
-3.16707e+20
-3.16829e+20
-3.16972e+20
-3.17132e+20
-3.17307e+20
-3.17495e+20
-3.17695e+20
-3.17905e+20
-3.18127e+20
-3.18362e+20
-3.1861e+20
-3.1887e+20
-3.19141e+20
-3.19419e+20
-3.19696e+20
-3.19964e+20
-3.20214e+20
-3.20439e+20
-3.20637e+20
-3.20805e+20
-3.20945e+20
-3.21059e+20
-3.21151e+20
-3.21224e+20
-3.21279e+20
-3.21321e+20
-3.21351e+20
-3.16482e+20
-3.16518e+20
-3.16587e+20
-3.16684e+20
-3.16807e+20
-3.16951e+20
-3.17112e+20
-3.17288e+20
-3.17477e+20
-3.17677e+20
-3.17888e+20
-3.18111e+20
-3.18346e+20
-3.18594e+20
-3.18855e+20
-3.19127e+20
-3.19405e+20
-3.19683e+20
-3.19952e+20
-3.20203e+20
-3.20431e+20
-3.2063e+20
-3.20799e+20
-3.20941e+20
-3.21056e+20
-3.21149e+20
-3.21222e+20
-3.21278e+20
-3.2132e+20
-3.2135e+20
-3.16467e+20
-3.16503e+20
-3.16572e+20
-3.1667e+20
-3.16793e+20
-3.16937e+20
-3.17099e+20
-3.17276e+20
-3.17465e+20
-3.17666e+20
-3.17877e+20
-3.181e+20
-3.18335e+20
-3.18583e+20
-3.18844e+20
-3.19116e+20
-3.19395e+20
-3.19673e+20
-3.19943e+20
-3.20196e+20
-3.20424e+20
-3.20624e+20
-3.20795e+20
-3.20937e+20
-3.21053e+20
-3.21146e+20
-3.2122e+20
-3.21277e+20
-3.21319e+20
-3.21349e+20
-3.16522e+20
-3.16558e+20
-3.16625e+20
-3.16722e+20
-3.16843e+20
-3.16985e+20
-3.17145e+20
-3.1732e+20
-3.17507e+20
-3.17706e+20
-3.17917e+20
-3.18139e+20
-3.18373e+20
-3.18621e+20
-3.18882e+20
-3.19153e+20
-3.1943e+20
-3.19707e+20
-3.19974e+20
-3.20223e+20
-3.20447e+20
-3.20643e+20
-3.2081e+20
-3.20949e+20
-3.21063e+20
-3.21154e+20
-3.21226e+20
-3.21281e+20
-3.21322e+20
-3.21352e+20
0
0
0
0
0
0
0
0
0
0
0
0
0
0
0
0
0
0
0
0
0
0
0
0
0
0
0
0
0
0
0
0
0
0
0
0
0
0
0
0
0
0
0
0
0
0
0
0
0
0
0
0
0
0
0
0
0
0
0
0
0
0
0
0
0
0
0
0
0
0
0
0
0
0
0
0
0
0
0
0
0
0
0
0
0
0
0
0
0
0
0
0
0
0
0
0
0
0
0
0
0
0
0
0
0
0
0
0
0
0
0
0
0
0
0
0
0
0
0
0
0
0
0
0
0
0
0
0
0
0
0
0
0
0
0
0
0
0
0
0
0
0
0
0
0
0
0
0
0
0
0
0
0
0
0
0
0
0
0
0
0
0
0
0
0
0
0
0
0
0
0
0
0
0
0
0
0
0
0
0
0
0
0
0
0
0
0
0
0
0
0
0
0
0
0
0
0
0
0
0
0
0
0
0
0
0
0
0
0
0
0
0
0
0
0
0
0
0
0
0
0
0
0
0
0
0
0
0
0
0
0
0
0
0
0
0
0
0
0
0
0
0
0
0
0
0
0
0
0
0
0
0
0
0
0
0
0
0
0
0
0
0
0
0
0
0
0
0
0
0
0
0
0
0
0
0
0
0
0
0
0
0
0
0
0
0
0
0
0
0
0
0
0
0
0
0
0
0
0
0
0
0
0
0
0
0
0
0
0
0
0
0
0
0
0
0
0
0
0
0
0
0
0
0
0
0
0
0
0
0
0
0
0
0
0
0
0
0
0
0
0
0
0
0
0
0
0
0
0
0
0
0
0
0
0
0
0
0
0
0
0
0
0
0
0
0
0
0
0
0
0
0
0
0
0
0
0
0
0
0
0
0
0
0
0
0
0
0
0
0
0
0
0
0
0
0
0
0
0
0
0
0
0
0
0
0
0
0
0
0
0
0
0
0
0
0
0
0
0
0
0
0
0
0
0
0
0
0
0
0
0
0
0
0
0
0
0
0
0
0
0
0
0
0
0
0
0
0
0
0
0
0
0
0
0
0
0
0
0
0
0
0
0
0
0
0
0
0
0
0
0
0
0
0
0
0
0
0
0
0
0
0
0
0
0
0
0
0
0
0
0
0
0
0
0
0
0
0
0
0
0
0
0
0
0
0
0
0
0
0
0
0
0
0
0
0
0
0
0
0
0
0
0
0
0
0
0
0
0
0
0
0
0
0
0
0
0
0
0
0
0
0
0
0
0
0
0
0
0
0
0
0
0
0
0
0
0
0
0
0
0
0
0
0
0
0
0
0
0
0
0
0
0
0
0
0
0
0
0
0
0
0
0
0
0
0
0
0
0
0
0
0
0
0
0
0
0
0
0
0
0
0
0
0
0
0
0
0
0
0
0
0
0
0
0
0
0
0
0
0
0
0
0
0
0
0
0
0
0
0
0
0
0
0
0
0
0
0
0
0
0
0
0
0
0
0
0
0
0
0
0
0
0
0
0
0
0
0
0
0
0
0
0
0
0
0
0
0
0
0
0
0
0
0
0
0
0
0
0
0
0
0
0
0
0
0
0
0
0
0
0
0
0
0
0
0
0
0
0
0
0
0
0
0
0
0
0
0
0
0
0
0
0
0
0
0
0
0
0
0
0
0
0
0
0
0
0
0
0
0
0
0
0
0
0
0
0
0
0
0
0
0
0
0
0
0
0
0
0
0
0
0
0
0
0
0
0
0
0
0
0
0
0
0
0
0
0
0
0
0
0
0
0
0
0
0
0
0
0
0
0
0
0
0
0
0
0
0
0
0
0
0
0
0
0
0
0
0
0
0
0
0
0
0
0
0
0
0
0
0
0
0
0
0
0
0
0
0
0
0
0
0
0
0
0
0
0
0
0
0
0
0
0
0
0
0
0
0
0
0
0
0
0
0
0
0
0
0
0
0
0
0
0
0
0
0
0
0
0
0
0
0
0
0
0
0
0
0
0
0
0
0
0
0
0
0
0
0
0
0
0
0
0
0
0
0
0
0
0
0
0
0
0
0
0
0
0
0
0
0
0
0
0
0
0
0
0
0
0
0
0
0
0
0
0
0
0
0
0
0
0
0
0
0
0
0
0
0
0
0
0
0
0
0
0
0
0
0
0
0
0
0
0
0
0
0
0
0
0
0
0
0
0
0
0
0
0
0
0
0
0
0
0
0
0
0
0
0
0
0
0
0
0
0
0
0
0
0
0
0
0
0
0
0
0
0
0
0
0
0
0
0
0
0
0
0
0
0
0
0
0
0
0
0
0
0
0
0
0
0
0
0
0
0
0
0
0
0
0
0
0
0
0
0
0
0
0
0
0
0
0
0
0
0
0
0
0
0
0
0
0
0
0
0
0
0
0
0
0
0
0
0
0
0
0
0
0
0
0
0
0
0
0
0
0
0
0
0
0
0
0
0
0
0
0
0
0
0
0
0
0
0
0
0
0
0
0
0
0
0
0
0
0
0
0
0
0
0
0
0
0
0
0
0
0
0
0
0
0
0
0
0
0
0
0
0
0
0
0
0
0
0
0
0
0
0
0
0
0
0
0
0
0
0
0
0
0
0
0
0
0
0
0
0
0
0
0
0
0
0
0
0
0
0
0
0
0
0
0
0
0
0
0
0
0
0
0
0
0
0
0
0
0
0
0
0
0
0
0
0
0
0
0
0
0
0
0
0
0
0
0
0
0
0
0
0
0
0
0
0
0
0
0
0
0
0
0
0
0
0
0
0
0
0
0
0
0
0
0
0
0
0
0
0
0
0
0
0
0
0
0
0
0
0
0
0
0
0
0
0
0
0
0
0
0
0
0
0
0
0
0
0
0
0
0
0
0
0
0
0
0
0
0
0
0
0
0
0
0
0
0
0
0
0
0
0
0
0
0
0
0
0
0
0
0
0
0
0
0
0
0
0
0
0
0
0
0
0
0
0
0
0
0
0
0
0
0
0
0
0
0
0
0
0
0
0
0
0
0
0
0
0
0
0
0
0
0
0
0
0
0
0
0
0
0
0
0
0
0
0
0
0
0
0
0
0
0
0
0
0
0
0
0
0
0
0
0
0
0
0
0
0
0
0
0
0
0
0
0
0
0
0
0
0
0
0
0
0
0
0
0
0
0
0
0
0
0
0
0
0
0
0
0
0
0
0
0
0
0
0
0
0
0
0
0
0
0
0
0
0
0
0
0
0
0
0
0
0
0
0
)
;

boundaryField
{
    fuelBottom
    {
        type            empty;
    }
    fuelTop_1
    {
        type            empty;
    }
    fuelOuter
    {
        type            zeroGradient;
    }
    fuelTop
    {
        type            empty;
    }
    fuelInner
    {
        type            zeroGradient;
    }
    cladBottom
    {
        type            empty;
    }
    cladInner
    {
        type            zeroGradient;
    }
    cladOuter
    {
        type            zeroGradient;
    }
    cladTop
    {
        type            empty;
    }
    front
    {
        type            wedge;
    }
    back
    {
        type            wedge;
    }
}


// ************************************************************************* //
