/*--------------------------------*- C++ -*----------------------------------*\
| =========                 |                                                 |
| \\      /  F ield         | OpenFOAM: The Open Source CFD Toolbox           |
|  \\    /   O peration     | Version:  v2006                                 |
|   \\  /    A nd           | Website:  www.openfoam.com                      |
|    \\/     M anipulation  |                                                 |
\*---------------------------------------------------------------------------*/
FoamFile
{
    version     2.0;
    format      ascii;
    class       volTensorField;
    location    "20/fluidRegion";
    object      Kd;
}
// * * * * * * * * * * * * * * * * * * * * * * * * * * * * * * * * * * * * * //

dimensions      [1 -3 -1 0 0 0 0];


internalField   nonuniform List<tensor> 
120
(
(2070.11 0 0 0 2070.11 0 0 0 2070.11)
(2070.11 0 0 0 2070.11 0 0 0 2070.11)
(2070.11 0 0 0 2070.11 0 0 0 2070.11)
(2070.11 0 0 0 2070.11 0 0 0 2070.11)
(2070.11 0 0 0 2070.11 0 0 0 2070.11)
(2070.11 0 0 0 2070.11 0 0 0 2070.11)
(2070.11 0 0 0 2070.11 0 0 0 2070.11)
(2070.11 0 0 0 2070.11 0 0 0 2070.11)
(2070.11 0 0 0 2070.11 0 0 0 2070.11)
(2072.74 0 0 0 2072.74 0 0 0 2072.74)
(2046.49 0 0 0 2046.49 0 0 0 2046.49)
(2024.52 0 0 0 2024.52 0 0 0 2024.52)
(2003.95 0 0 0 2003.95 0 0 0 2003.95)
(1984.55 0 0 0 1984.55 0 0 0 1984.55)
(1966.17 0 0 0 1966.17 0 0 0 1966.17)
(1948.69 0 0 0 1948.69 0 0 0 1948.69)
(1932.04 0 0 0 1932.04 0 0 0 1932.04)
(1916.19 0 0 0 1916.19 0 0 0 1916.19)
(1901.12 0 0 0 1901.12 0 0 0 1901.12)
(1886.84 0 0 0 1886.84 0 0 0 1886.84)
(1873.34 0 0 0 1873.34 0 0 0 1873.34)
(1860.65 0 0 0 1860.65 0 0 0 1860.65)
(1848.73 0 0 0 1848.73 0 0 0 1848.73)
(1837.59 0 0 0 1837.59 0 0 0 1837.59)
(1827.15 0 0 0 1827.15 0 0 0 1827.15)
(1817.37 0 0 0 1817.37 0 0 0 1817.37)
(1808.14 0 0 0 1808.14 0 0 0 1808.14)
(1799.36 0 0 0 1799.36 0 0 0 1799.36)
(1790.9 0 0 0 1790.9 0 0 0 1790.9)
(1772.87 0 0 0 1772.87 0 0 0 1772.87)
(1804.83 0 0 0 1804.83 0 0 0 1804.83)
(1821.16 0 0 0 1821.16 0 0 0 1821.16)
(1834.82 0 0 0 1834.82 0 0 0 1834.82)
(1846.07 0 0 0 1846.07 0 0 0 1846.07)
(1855.16 0 0 0 1855.16 0 0 0 1855.16)
(1862.38 0 0 0 1862.38 0 0 0 1862.38)
(1868.04 0 0 0 1868.04 0 0 0 1868.04)
(1872.44 0 0 0 1872.44 0 0 0 1872.44)
(1875.84 0 0 0 1875.84 0 0 0 1875.84)
(1878.45 0 0 0 1878.45 0 0 0 1878.45)
(1880.45 0 0 0 1880.45 0 0 0 1880.45)
(1881.98 0 0 0 1881.98 0 0 0 1881.98)
(1883.15 0 0 0 1883.15 0 0 0 1883.15)
(1884.03 0 0 0 1884.03 0 0 0 1884.03)
(1884.71 0 0 0 1884.71 0 0 0 1884.71)
(1885.22 0 0 0 1885.22 0 0 0 1885.22)
(1885.61 0 0 0 1885.61 0 0 0 1885.61)
(1885.91 0 0 0 1885.91 0 0 0 1885.91)
(1886.13 0 0 0 1886.13 0 0 0 1886.13)
(1886.33 0 0 0 1886.33 0 0 0 1886.33)
(1886.29 0 0 0 1886.29 0 0 0 1886.29)
(1886.29 0 0 0 1886.29 0 0 0 1886.29)
(1886.29 0 0 0 1886.29 0 0 0 1886.29)
(1886.3 0 0 0 1886.3 0 0 0 1886.3)
(1886.3 0 0 0 1886.3 0 0 0 1886.3)
(1886.3 0 0 0 1886.3 0 0 0 1886.3)
(1886.3 0 0 0 1886.3 0 0 0 1886.3)
(1886.3 0 0 0 1886.3 0 0 0 1886.3)
(1886.3 0 0 0 1886.3 0 0 0 1886.3)
(1886.3 0 0 0 1886.3 0 0 0 1886.3)
(2070.11 0 0 0 2070.11 0 0 0 2070.11)
(2070.11 0 0 0 2070.11 0 0 0 2070.11)
(2070.11 0 0 0 2070.11 0 0 0 2070.11)
(2070.11 0 0 0 2070.11 0 0 0 2070.11)
(2070.11 0 0 0 2070.11 0 0 0 2070.11)
(2070.11 0 0 0 2070.11 0 0 0 2070.11)
(2070.11 0 0 0 2070.11 0 0 0 2070.11)
(2070.11 0 0 0 2070.11 0 0 0 2070.11)
(2070.11 0 0 0 2070.11 0 0 0 2070.11)
(2070.11 0 0 0 2070.11 0 0 0 2070.11)
(2070.11 0 0 0 2070.11 0 0 0 2070.11)
(2070.11 0 0 0 2070.11 0 0 0 2070.11)
(2070.11 0 0 0 2070.11 0 0 0 2070.11)
(2070.11 0 0 0 2070.11 0 0 0 2070.11)
(2070.12 0 0 0 2070.12 0 0 0 2070.12)
(2070.12 0 0 0 2070.12 0 0 0 2070.12)
(2070.12 0 0 0 2070.12 0 0 0 2070.12)
(2070.12 0 0 0 2070.12 0 0 0 2070.12)
(2070.12 0 0 0 2070.12 0 0 0 2070.12)
(2070.12 0 0 0 2070.12 0 0 0 2070.12)
(2070.12 0 0 0 2070.12 0 0 0 2070.12)
(2070.12 0 0 0 2070.12 0 0 0 2070.12)
(2070.12 0 0 0 2070.12 0 0 0 2070.12)
(2070.12 0 0 0 2070.12 0 0 0 2070.12)
(2070.12 0 0 0 2070.12 0 0 0 2070.12)
(2070.12 0 0 0 2070.12 0 0 0 2070.12)
(2070.12 0 0 0 2070.12 0 0 0 2070.12)
(2070.12 0 0 0 2070.12 0 0 0 2070.12)
(2070.12 0 0 0 2070.12 0 0 0 2070.12)
(2076.53 0 0 0 2076.53 0 0 0 2076.53)
(2014.22 0 0 0 2014.22 0 0 0 2014.22)
(1978.58 0 0 0 1978.58 0 0 0 1978.58)
(1953.84 0 0 0 1953.84 0 0 0 1953.84)
(1936.2 0 0 0 1936.2 0 0 0 1936.2)
(1923.45 0 0 0 1923.45 0 0 0 1923.45)
(1914.12 0 0 0 1914.12 0 0 0 1914.12)
(1907.24 0 0 0 1907.24 0 0 0 1907.24)
(1902.14 0 0 0 1902.14 0 0 0 1902.14)
(1898.34 0 0 0 1898.34 0 0 0 1898.34)
(1895.5 0 0 0 1895.5 0 0 0 1895.5)
(1893.37 0 0 0 1893.37 0 0 0 1893.37)
(1891.77 0 0 0 1891.77 0 0 0 1891.77)
(1890.56 0 0 0 1890.56 0 0 0 1890.56)
(1889.65 0 0 0 1889.65 0 0 0 1889.65)
(1888.96 0 0 0 1888.96 0 0 0 1888.96)
(1888.44 0 0 0 1888.44 0 0 0 1888.44)
(1888.05 0 0 0 1888.05 0 0 0 1888.05)
(1887.75 0 0 0 1887.75 0 0 0 1887.75)
(1887.53 0 0 0 1887.53 0 0 0 1887.53)
(1887.34 0 0 0 1887.34 0 0 0 1887.34)
(1887.37 0 0 0 1887.37 0 0 0 1887.37)
(1887.37 0 0 0 1887.37 0 0 0 1887.37)
(1887.37 0 0 0 1887.37 0 0 0 1887.37)
(1887.37 0 0 0 1887.37 0 0 0 1887.37)
(1887.38 0 0 0 1887.38 0 0 0 1887.38)
(1887.38 0 0 0 1887.38 0 0 0 1887.38)
(1887.38 0 0 0 1887.38 0 0 0 1887.38)
(1887.38 0 0 0 1887.38 0 0 0 1887.38)
(1887.38 0 0 0 1887.38 0 0 0 1887.38)
(1887.38 0 0 0 1887.38 0 0 0 1887.38)
)
;

boundaryField
{
    outletP
    {
        type            zeroGradient;
    }
    outletS
    {
        type            zeroGradient;
    }
    walls
    {
        type            zeroGradient;
    }
    inletP
    {
        type            zeroGradient;
    }
    inletS
    {
        type            zeroGradient;
    }
}


// ************************************************************************* //
