/*--------------------------------*- C++ -*----------------------------------*\
| =========                 |                                                 |
| \\      /  F ield         | OpenFOAM: The Open Source CFD Toolbox           |
|  \\    /   O peration     | Version:  v1906                                 |
|   \\  /    A nd           | Web:      www.OpenFOAM.com                      |
|    \\/     M anipulation  |                                                 |
\*---------------------------------------------------------------------------*/
FoamFile
{
    version     2.0;
    format      ascii;
    class       volScalarField;
    location    "200/fluidRegion";
    object      T;
}
// * * * * * * * * * * * * * * * * * * * * * * * * * * * * * * * * * * * * * //

dimensions      [0 0 0 1 0 0 0];


internalField   nonuniform List<scalar> 
625
(
600.053
600.1584
600.2615
600.3605
600.4538
600.5399
600.6175
600.6854
600.7424
600.7877
600.8206
600.8406
600.8473
600.8406
600.8206
600.7877
600.7424
600.6854
600.6175
600.5399
600.4538
600.3605
600.2615
600.1584
600.053
600.2121
600.6316
601.0423
601.4364
601.808
602.1509
602.46
602.7302
602.9574
603.1379
603.2689
603.3483
603.3749
603.3483
603.2689
603.1379
602.9574
602.7302
602.46
602.1509
601.808
601.4365
601.0423
600.6317
600.2121
600.4751
601.412
602.3295
603.2102
604.0403
604.8066
605.4972
606.101
606.6085
607.0118
607.3045
607.482
607.5415
607.482
607.3045
607.0118
606.6085
606.101
605.4972
604.8067
604.0403
603.2102
602.3295
601.412
600.4751
600.8382
602.4872
604.1028
605.6538
607.1156
608.4651
609.6811
610.7444
611.6382
612.3484
612.8639
613.1765
613.2812
613.1765
612.8639
612.3484
611.6382
610.7444
609.6811
608.4651
607.1156
605.6538
604.1029
602.4872
600.8382
601.2962
603.8401
606.3343
608.7286
610.9852
613.0686
614.9458
616.5872
617.967
619.0635
619.8592
620.3418
620.5034
620.3417
619.8592
619.0635
617.967
616.5872
614.9458
613.0686
610.9853
608.7287
606.3344
603.8402
601.2962
601.8421
605.4495
608.9887
612.3861
615.5882
618.5444
621.2081
623.5372
625.4952
627.051
628.1801
628.8648
629.0943
628.8648
628.1801
627.051
625.4952
623.5372
621.2081
618.5444
615.5882
612.3862
608.9888
605.4496
601.8421
602.4678
607.29
612.0241
616.5687
620.8519
624.8062
628.3692
631.4848
634.1038
636.1849
637.6953
638.6112
638.9181
638.6112
637.6953
636.1849
634.1038
631.4848
628.3692
624.8062
620.8519
616.5687
612.0242
607.2901
602.4678
603.1638
609.3325
615.3927
621.2102
626.6932
631.7552
636.3163
640.3046
643.6572
646.3212
648.2547
649.4271
649.82
649.4271
648.2547
646.3212
643.6572
640.3046
636.3163
631.7552
626.6932
621.2103
615.3927
609.3326
603.1638
603.9195
611.5449
619.0412
626.2376
633.02
639.2817
644.9238
649.8573
654.0045
657.3
659.6917
661.142
661.628
661.142
659.6917
657.3
654.0045
649.8573
644.9238
639.2817
633.0201
626.2376
619.0413
611.5449
603.9195
604.7234
613.8921
622.9122
631.5714
639.7325
647.267
654.056
659.9924
664.9826
668.9479
671.8258
673.5709
674.1557
673.5709
671.8258
668.9479
664.9826
659.9924
654.056
647.267
639.7326
631.5714
622.9123
613.8921
604.7234
605.5631
616.3372
626.9445
637.1275
646.7248
655.5852
663.5688
670.5499
676.4183
681.0814
684.4657
686.5179
687.2056
686.5179
684.4657
681.0814
676.4183
670.5499
663.5688
655.5852
646.7248
637.1275
626.9446
616.3372
605.5632
606.4259
618.8416
631.0746
642.8183
653.8866
664.1049
673.3123
681.3633
688.1311
693.5089
697.412
699.7787
700.5718
699.7787
697.412
693.5089
688.1311
681.3633
673.3122
664.1049
653.8866
642.8183
631.0747
618.8417
606.4259
607.2985
621.3658
635.2373
648.5539
661.1048
672.6919
683.1325
692.262
699.9363
706.0345
710.4603
713.1441
714.0434
713.144
710.4603
706.0344
699.9363
692.2619
683.1325
672.6919
661.1048
648.554
635.2373
621.3659
607.2985
608.1675
623.8701
639.3668
654.244
668.2657
681.2106
692.8747
703.074
711.6476
718.4604
723.4049
726.4032
727.4079
726.4032
723.4049
718.4604
711.6476
703.074
692.8747
681.2106
668.2657
654.244
639.3669
623.8701
608.1675
609.0196
626.3148
643.3981
659.7987
675.2562
689.5267
702.3851
713.6288
723.0804
730.5908
736.0416
739.3469
740.4545
739.3469
736.0416
730.5908
723.0804
713.6288
702.3851
689.5267
675.2562
659.7988
643.3982
626.3148
609.0196
609.8417
628.6614
647.2676
665.1304
681.966
697.5089
711.5138
723.7599
734.0542
742.2342
748.171
751.771
752.9773
751.771
748.171
742.2342
734.0542
723.7599
711.5138
697.5089
681.9661
665.1305
647.2676
628.6615
609.8418
610.6214
630.8729
650.9142
670.155
688.2894
705.0313
720.1166
733.3075
744.3959
753.207
759.6018
763.4795
764.7789
763.4795
759.6018
753.207
744.3959
733.3075
720.1166
705.0313
688.2895
670.1551
650.9142
630.873
610.6214
611.3465
632.9145
654.2803
674.7932
694.1266
711.9753
728.058
742.1209
753.9424
763.3361
770.1536
774.2877
775.6729
774.2877
770.1536
763.336
753.9424
742.1209
728.058
711.9753
694.1266
674.7933
654.2804
632.9146
611.3466
612.0062
634.7539
657.3129
678.9719
699.3853
718.2313
735.2125
750.0611
762.5431
772.4615
779.66
784.025
785.4877
784.025
779.66
772.4615
762.5431
750.0611
735.2125
718.2313
699.3854
678.9719
657.313
634.754
612.0063
612.5904
636.3622
659.9641
682.625
703.9828
723.7005
741.4673
757.0028
770.0622
780.4394
787.9709
792.5378
794.0682
792.5378
787.9709
780.4394
770.0622
757.0028
741.4673
723.7005
703.9828
682.6251
659.9642
636.3622
612.5904
613.0902
637.7139
662.1921
685.695
707.8464
728.2968
746.7237
762.8365
776.3811
787.1439
794.9553
799.6919
801.2791
799.6919
794.9553
787.1439
776.3811
762.8365
746.7237
728.2968
707.8464
685.6951
662.1922
637.7139
613.0902
613.4981
638.7877
663.9617
688.1334
710.9152
731.9475
750.8987
767.4701
781.4001
792.4692
800.5028
805.3742
807.0066
805.3742
800.5028
792.4692
781.4001
767.47
750.8987
731.9475
710.9152
688.1335
663.9618
638.7877
613.4982
613.8082
639.5667
665.245
689.9018
713.1406
734.595
753.9266
770.8304
785.04
796.3312
804.526
809.4952
811.1603
809.4952
804.526
796.3312
785.04
770.8304
753.9265
734.595
713.1406
689.9018
665.245
639.5667
613.8082
614.0158
640.0386
666.0217
690.9721
714.4877
736.1975
755.7593
772.8645
787.2433
798.6689
806.9613
811.9897
813.6746
811.9897
806.9613
798.6689
787.2432
772.8644
755.7593
736.1975
714.4877
690.9721
666.0217
640.0386
614.0158
614.118
640.1962
666.28
691.3281
714.9359
736.7308
756.3692
773.5414
787.9765
799.447
807.7719
812.8199
814.5115
812.8199
807.7719
799.447
787.9765
773.5414
756.3692
736.7308
714.9358
691.3281
666.28
640.1962
614.1181
)
;

boundaryField
{
    inlet
    {
        type            fixedValue;
        value           uniform 600;
    }
    outlet
    {
        type            zeroGradient;
    }
    fixedWalls
    {
        type            zeroGradient;
    }
    frontAndBack
    {
        type            empty;
    }
}


// ************************************************************************* //
