/*--------------------------------*- C++ -*----------------------------------*\
| =========                 |                                                 |
| \\      /  F ield         | OpenFOAM: The Open Source CFD Toolbox           |
|  \\    /   O peration     | Version:  v1906                                 |
|   \\  /    A nd           | Web:      www.OpenFOAM.com                      |
|    \\/     M anipulation  |                                                 |
\*---------------------------------------------------------------------------*/
FoamFile
{
    version     2.0;
    format      ascii;
    class       volVectorField;
    location    "200/fluidRegion";
    object      U;
}
// * * * * * * * * * * * * * * * * * * * * * * * * * * * * * * * * * * * * * //

dimensions      [0 1 -1 0 0 0 0];


internalField   nonuniform List<vector> 
625
(
(-1.291175e-09 0 1)
(-8.459841e-10 0 1)
(1.660643e-09 0 1)
(2.932056e-09 0 1)
(3.825981e-09 0 1)
(4.512015e-09 0 1)
(4.995059e-09 0 1)
(5.270583e-09 0 1)
(5.346296e-09 0 1)
(5.247905e-09 0 1)
(5.015426e-09 0 1)
(4.693613e-09 0 1)
(4.321893e-09 0 1)
(3.929626e-09 0 1)
(3.535679e-09 0 1)
(3.15123e-09 0 1)
(2.782124e-09 0 1)
(2.430489e-09 0 1)
(2.096215e-09 0 1)
(1.778789e-09 0 1)
(1.480146e-09 0 1)
(1.20657e-09 0 1)
(9.651638e-10 0 1)
(7.323018e-10 0 1)
(3.057411e-10 0 1)
(-1.073043e-09 0 1)
(-2.000579e-10 0 1)
(3.028314e-09 0 1)
(5.208378e-09 0 1)
(6.802887e-09 0 1)
(8.015787e-09 0 1)
(8.864336e-09 0 1)
(9.348323e-09 0 1)
(9.487337e-09 0 1)
(9.32918e-09 0 1)
(8.942445e-09 0 1)
(8.40059e-09 0 1)
(7.767856e-09 0 1)
(7.092421e-09 0 1)
(6.406509e-09 0 1)
(5.730325e-09 0 1)
(5.075035e-09 0 1)
(4.445117e-09 0 1)
(3.840863e-09 0 1)
(3.261991e-09 0 1)
(2.712588e-09 0 1)
(2.204841e-09 0 1)
(1.760915e-09 0 1)
(1.412578e-09 0 1)
(6.334332e-10 0 1)
(-7.83703e-10 0 1)
(5.647606e-10 0 1)
(4.187236e-09 0 1)
(6.812233e-09 0 1)
(8.828412e-09 0 1)
(1.036679e-08 0 1)
(1.145132e-08 0 1)
(1.208214e-08 0 1)
(1.228679e-08 0 1)
(1.212686e-08 0 1)
(1.168508e-08 0 1)
(1.104684e-08 0 1)
(1.028561e-08 0 1)
(9.456842e-09 0 1)
(8.59928e-09 0 1)
(7.738774e-09 0 1)
(6.891059e-09 0 1)
(6.063479e-09 0 1)
(5.257685e-09 0 1)
(4.474348e-09 0 1)
(3.720891e-09 0 1)
(3.018021e-09 0 1)
(2.392275e-09 0 1)
(1.834803e-09 0 1)
(7.839537e-10 0 1)
(-5.837482e-10 0 1)
(1.077905e-09 0 1)
(5.003068e-09 0 1)
(8.018615e-09 0 1)
(1.038629e-08 0 1)
(1.217408e-08 0 1)
(1.342066e-08 0 1)
(1.414848e-08 0 1)
(1.43979e-08 0 1)
(1.424136e-08 0 1)
(1.377049e-08 0 1)
(1.307639e-08 0 1)
(1.223596e-08 0 1)
(1.130759e-08 0 1)
(1.033331e-08 0 1)
(9.34266e-09 0 1)
(8.354856e-09 0 1)
(7.379621e-09 0 1)
(6.419973e-09 0 1)
(5.477967e-09 0 1)
(4.563564e-09 0 1)
(3.700542e-09 0 1)
(2.911671e-09 0 1)
(2.168093e-09 0 1)
(8.993162e-10 0 1)
(-3.174802e-10 0 1)
(1.658206e-09 0 1)
(5.652322e-09 0 1)
(8.775087e-09 0 1)
(1.131076e-08 0 1)
(1.323769e-08 0 1)
(1.45785e-08 0 1)
(1.536908e-08 0 1)
(1.566464e-08 0 1)
(1.554546e-08 0 1)
(1.510402e-08 0 1)
(1.442726e-08 0 1)
(1.358629e-08 0 1)
(1.263579e-08 0 1)
(1.161741e-08 0 1)
(1.056274e-08 0 1)
(9.493916e-09 0 1)
(8.423348e-09 0 1)
(7.356042e-09 0 1)
(6.296336e-09 0 1)
(5.257859e-09 0 1)
(4.267747e-09 0 1)
(3.34205e-09 0 1)
(2.453837e-09 0 1)
(1.006259e-09 0 1)
(-9.492633e-11 0 1)
(2.093623e-09 0 1)
(6.092244e-09 0 1)
(9.228532e-09 0 1)
(1.177696e-08 0 1)
(1.373086e-08 0 1)
(1.509826e-08 0 1)
(1.59205e-08 0 1)
(1.626252e-08 0 1)
(1.620689e-08 0 1)
(1.583917e-08 0 1)
(1.523406e-08 0 1)
(1.445052e-08 0 1)
(1.35354e-08 0 1)
(1.252795e-08 0 1)
(1.146086e-08 0 1)
(1.035857e-08 0 1)
(9.235754e-09 0 1)
(8.099581e-09 0 1)
(6.957054e-09 0 1)
(5.824284e-09 0 1)
(4.728836e-09 0 1)
(3.694239e-09 0 1)
(2.680547e-09 0 1)
(1.083542e-09 0 1)
(7.726604e-11 0 1)
(2.409894e-09 0 1)
(6.313728e-09 0 1)
(9.357608e-09 0 1)
(1.185931e-08 0 1)
(1.377763e-08 0 1)
(1.51273e-08 0 1)
(1.596116e-08 0 1)
(1.635207e-08 0 1)
(1.637982e-08 0 1)
(1.611682e-08 0 1)
(1.561972e-08 0 1)
(1.493202e-08 0 1)
(1.409146e-08 0 1)
(1.313418e-08 0 1)
(1.209326e-08 0 1)
(1.099446e-08 0 1)
(9.853684e-09 0 1)
(8.679931e-09 0 1)
(7.482891e-09 0 1)
(6.282249e-09 0 1)
(5.110475e-09 0 1)
(3.985761e-09 0 1)
(2.865255e-09 0 1)
(1.147771e-09 0 1)
(2.359828e-10 0 1)
(2.622559e-09 0 1)
(6.383698e-09 0 1)
(9.310534e-09 0 1)
(1.167351e-08 0 1)
(1.349414e-08 0 1)
(1.479172e-08 0 1)
(1.562529e-08 0 1)
(1.607017e-08 0 1)
(1.619709e-08 0 1)
(1.605915e-08 0 1)
(1.569144e-08 0 1)
(1.512117e-08 0 1)
(1.437806e-08 0 1)
(1.349632e-08 0 1)
(1.250885e-08 0 1)
(1.14411e-08 0 1)
(1.030881e-08 0 1)
(9.121702e-09 0 1)
(7.891569e-09 0 1)
(6.640493e-09 0 1)
(5.402425e-09 0 1)
(4.208561e-09 0 1)
(2.996209e-09 0 1)
(1.183403e-09 0 1)
(3.636793e-10 0 1)
(2.766162e-09 0 1)
(6.293442e-09 0 1)
(9.026498e-09 0 1)
(1.124985e-08 0 1)
(1.295494e-08 0 1)
(1.418796e-08 0 1)
(1.502136e-08 0 1)
(1.552942e-08 0 1)
(1.576744e-08 0 1)
(1.576486e-08 0 1)
(1.553485e-08 0 1)
(1.50907e-08 0 1)
(1.445652e-08 0 1)
(1.366548e-08 0 1)
(1.274955e-08 0 1)
(1.173206e-08 0 1)
(1.062731e-08 0 1)
(9.44556e-09 0 1)
(8.201022e-09 0 1)
(6.91978e-09 0 1)
(5.640829e-09 0 1)
(4.381317e-09 0 1)
(3.089509e-09 0 1)
(1.211903e-09 0 1)
(5.079606e-10 0 1)
(2.858031e-09 0 1)
(6.112162e-09 0 1)
(8.65333e-09 0 1)
(1.067306e-08 0 1)
(1.223612e-08 0 1)
(1.340022e-08 0 1)
(1.424112e-08 0 1)
(1.482313e-08 0 1)
(1.51794e-08 0 1)
(1.531311e-08 0 1)
(1.521762e-08 0 1)
(1.489743e-08 0 1)
(1.437478e-08 0 1)
(1.368204e-08 0 1)
(1.284851e-08 0 1)
(1.189328e-08 0 1)
(1.082817e-08 0 1)
(9.664228e-09 0 1)
(8.417935e-09 0 1)
(7.11687e-09 0 1)
(5.798619e-09 0 1)
(4.496136e-09 0 1)
(3.144095e-09 0 1)
(1.218103e-09 0 1)
(6.211135e-10 0 1)
(2.903457e-09 0 1)
(5.81083e-09 0 1)
(8.094979e-09 0 1)
(9.945653e-09 0 1)
(1.138426e-08 0 1)
(1.249512e-08 0 1)
(1.335935e-08 0 1)
(1.402567e-08 0 1)
(1.450035e-08 0 1)
(1.476212e-08 0 1)
(1.479036e-08 0 1)
(1.45861e-08 0 1)
(1.417248e-08 0 1)
(1.358002e-08 0 1)
(1.283268e-08 0 1)
(1.194444e-08 0 1)
(1.092511e-08 0 1)
(9.787276e-09 0 1)
(8.550869e-09 0 1)
(7.246825e-09 0 1)
(5.916249e-09 0 1)
(4.573219e-09 0 1)
(3.175457e-09 0 1)
(1.227202e-09 0 1)
(7.498599e-10 0 1)
(2.912927e-09 0 1)
(5.46633e-09 0 1)
(7.514671e-09 0 1)
(9.149982e-09 0 1)
(1.046338e-08 0 1)
(1.153797e-08 0 1)
(1.244193e-08 0 1)
(1.319808e-08 0 1)
(1.378321e-08 0 1)
(1.415599e-08 0 1)
(1.429023e-08 0 1)
(1.418972e-08 0 1)
(1.387922e-08 0 1)
(1.338471e-08 0 1)
(1.272184e-08 0 1)
(1.189871e-08 0 1)
(1.092498e-08 0 1)
(9.816795e-09 0 1)
(8.596915e-09 0 1)
(7.29577e-09 0 1)
(5.950338e-09 0 1)
(4.5966e-09 0 1)
(3.178695e-09 0 1)
(1.217818e-09 0 1)
(8.276495e-10 0 1)
(2.869393e-09 0 1)
(5.035593e-09 0 1)
(6.804492e-09 0 1)
(8.286103e-09 0 1)
(9.513975e-09 0 1)
(1.05803e-08 0 1)
(1.153859e-08 0 1)
(1.238229e-08 0 1)
(1.306219e-08 0 1)
(1.352501e-08 0 1)
(1.374666e-08 0 1)
(1.373725e-08 0 1)
(1.352116e-08 0 1)
(1.311653e-08 0 1)
(1.252981e-08 0 1)
(1.176487e-08 0 1)
(1.083352e-08 0 1)
(9.756699e-09 0 1)
(8.560462e-09 0 1)
(7.276829e-09 0 1)
(5.946174e-09 0 1)
(4.583109e-09 0 1)
(3.161656e-09 0 1)
(1.215851e-09 0 1)
(9.222102e-10 0 1)
(2.797248e-09 0 1)
(4.594159e-09 0 1)
(6.135278e-09 0 1)
(7.437143e-09 0 1)
(8.594261e-09 0 1)
(9.672479e-09 0 1)
(1.069124e-08 0 1)
(1.161057e-08 0 1)
(1.23614e-08 0 1)
(1.288955e-08 0 1)
(1.318018e-08 0 1)
(1.324942e-08 0 1)
(1.311731e-08 0 1)
(1.279025e-08 0 1)
(1.226575e-08 0 1)
(1.154742e-08 0 1)
(1.065236e-08 0 1)
(9.606465e-09 0 1)
(8.436489e-09 0 1)
(7.17102e-09 0 1)
(5.846266e-09 0 1)
(4.507568e-09 0 1)
(3.113658e-09 0 1)
(1.193177e-09 0 1)
(9.619851e-10 0 1)
(2.679668e-09 0 1)
(4.100695e-09 0 1)
(5.395765e-09 0 1)
(6.600469e-09 0 1)
(7.733427e-09 0 1)
(8.843935e-09 0 1)
(9.92011e-09 0 1)
(1.089579e-08 0 1)
(1.169278e-08 0 1)
(1.226486e-08 0 1)
(1.260932e-08 0 1)
(1.274451e-08 0 1)
(1.268121e-08 0 1)
(1.2414e-08 0 1)
(1.193504e-08 0 1)
(1.125134e-08 0 1)
(1.03871e-08 0 1)
(9.371588e-09 0 1)
(8.2305e-09 0 1)
(6.99275e-09 0 1)
(5.701951e-09 0 1)
(4.384007e-09 0 1)
(3.035294e-09 0 1)
(1.176241e-09 0 1)
(1.018563e-09 0 1)
(2.55518e-09 0 1)
(3.649188e-09 0 1)
(4.766133e-09 0 1)
(5.856098e-09 0 1)
(6.974674e-09 0 1)
(8.120655e-09 0 1)
(9.239516e-09 0 1)
(1.024456e-08 0 1)
(1.106125e-08 0 1)
(1.165847e-08 0 1)
(1.204407e-08 0 1)
(1.223254e-08 0 1)
(1.222049e-08 0 1)
(1.199201e-08 0 1)
(1.154013e-08 0 1)
(1.087976e-08 0 1)
(1.004165e-08 0 1)
(9.054768e-09 0 1)
(7.939369e-09 0 1)
(6.720473e-09 0 1)
(5.443832e-09 0 1)
(4.180023e-09 0 1)
(2.911323e-09 0 1)
(1.130495e-09 0 1)
(1.019556e-09 0 1)
(2.406711e-09 0 1)
(3.202022e-09 0 1)
(4.136624e-09 0 1)
(5.190913e-09 0 1)
(6.323648e-09 0 1)
(7.501046e-09 0 1)
(8.641506e-09 0 1)
(9.650702e-09 0 1)
(1.046679e-08 0 1)
(1.107606e-08 0 1)
(1.149081e-08 0 1)
(1.171577e-08 0 1)
(1.173427e-08 0 1)
(1.152451e-08 0 1)
(1.10853e-08 0 1)
(1.044151e-08 0 1)
(9.626844e-09 0 1)
(8.665428e-09 0 1)
(7.571707e-09 0 1)
(6.373292e-09 0 1)
(5.133576e-09 0 1)
(3.911979e-09 0 1)
(2.739173e-09 0 1)
(1.084163e-09 0 1)
(1.056758e-09 0 1)
(2.292073e-09 0 1)
(2.845169e-09 0 1)
(3.671283e-09 0 1)
(4.662815e-09 0 1)
(5.796145e-09 0 1)
(6.983247e-09 0 1)
(8.116006e-09 0 1)
(9.103421e-09 0 1)
(9.902439e-09 0 1)
(1.051346e-08 0 1)
(1.0946e-08 0 1)
(1.119009e-08 0 1)
(1.121789e-08 0 1)
(1.100938e-08 0 1)
(1.057386e-08 0 1)
(9.944406e-09 0 1)
(9.152472e-09 0 1)
(8.211883e-09 0 1)
(7.128758e-09 0 1)
(5.932297e-09 0 1)
(4.698684e-09 0 1)
(3.549257e-09 0 1)
(2.506383e-09 0 1)
(9.998183e-10 0 1)
(1.059026e-09 0 1)
(2.19458e-09 0 1)
(2.536456e-09 0 1)
(3.244803e-09 0 1)
(4.23042e-09 0 1)
(5.365825e-09 0 1)
(6.540008e-09 0 1)
(7.639373e-09 0 1)
(8.587243e-09 0 1)
(9.359312e-09 0 1)
(9.962406e-09 0 1)
(1.039773e-08 0 1)
(1.06421e-08 0 1)
(1.066232e-08 0 1)
(1.044588e-08 0 1)
(1.001327e-08 0 1)
(9.400391e-09 0 1)
(8.630933e-09 0 1)
(7.706223e-09 0 1)
(6.626245e-09 0 1)
(5.430224e-09 0 1)
(4.223468e-09 0 1)
(3.123921e-09 0 1)
(2.21783e-09 0 1)
(9.113848e-10 0 1)
(1.098494e-09 0 1)
(2.155153e-09 0 1)
(2.351974e-09 0 1)
(2.992704e-09 0 1)
(3.921159e-09 0 1)
(5.021579e-09 0 1)
(6.14868e-09 0 1)
(7.189016e-09 0 1)
(8.083033e-09 0 1)
(8.820513e-09 0 1)
(9.406911e-09 0 1)
(9.829995e-09 0 1)
(1.005696e-08 0 1)
(1.005801e-08 0 1)
(9.831912e-09 0 1)
(9.407416e-09 0 1)
(8.817297e-09 0 1)
(8.071452e-09 0 1)
(7.157823e-09 0 1)
(6.072304e-09 0 1)
(4.86132e-09 0 1)
(3.648445e-09 0 1)
(2.625396e-09 0 1)
(1.876652e-09 0 1)
(7.822801e-10 0 1)
(1.07383e-09 0 1)
(2.098365e-09 0 1)
(2.216269e-09 0 1)
(2.773792e-09 0 1)
(3.670325e-09 0 1)
(4.718258e-09 0 1)
(5.773233e-09 0 1)
(6.737689e-09 0 1)
(7.56977e-09 0 1)
(8.265155e-09 0 1)
(8.82252e-09 0 1)
(9.218582e-09 0 1)
(9.416971e-09 0 1)
(9.396445e-09 0 1)
(9.166971e-09 0 1)
(8.759491e-09 0 1)
(8.19839e-09 0 1)
(7.479359e-09 0 1)
(6.579018e-09 0 1)
(5.492876e-09 0 1)
(4.280926e-09 0 1)
(3.095848e-09 0 1)
(2.122223e-09 0 1)
(1.51504e-09 0 1)
(6.604537e-10 0 1)
(1.023585e-09 0 1)
(1.993421e-09 0 1)
(2.134111e-09 0 1)
(2.674226e-09 0 1)
(3.479433e-09 0 1)
(4.430384e-09 0 1)
(5.385415e-09 0 1)
(6.25987e-09 0 1)
(7.023241e-09 0 1)
(7.669016e-09 0 1)
(8.185101e-09 0 1)
(8.541765e-09 0 1)
(8.70645e-09 0 1)
(8.668641e-09 0 1)
(8.446132e-09 0 1)
(8.066004e-09 0 1)
(7.540456e-09 0 1)
(6.853471e-09 0 1)
(5.975311e-09 0 1)
(4.90214e-09 0 1)
(3.699899e-09 0 1)
(2.53175e-09 0 1)
(1.645562e-09 0 1)
(1.167228e-09 0 1)
(5.132183e-10 0 1)
(8.26683e-10 0 1)
(1.677422e-09 0 1)
(1.93809e-09 0 1)
(2.517067e-09 0 1)
(3.270262e-09 0 1)
(4.112435e-09 0 1)
(4.953111e-09 0 1)
(5.729496e-09 0 1)
(6.416796e-09 0 1)
(7.003052e-09 0 1)
(7.467164e-09 0 1)
(7.778272e-09 0 1)
(7.912388e-09 0 1)
(7.867461e-09 0 1)
(7.662128e-09 0 1)
(7.317063e-09 0 1)
(6.833087e-09 0 1)
(6.187532e-09 0 1)
(5.350618e-09 0 1)
(4.322166e-09 0 1)
(3.178994e-09 0 1)
(2.103641e-09 0 1)
(1.29757e-09 0 1)
(8.992179e-10 0 1)
(4.079366e-10 0 1)
(5.952529e-10 0 1)
(1.309515e-09 0 1)
(1.697981e-09 0 1)
(2.294636e-09 0 1)
(2.984979e-09 0 1)
(3.720199e-09 0 1)
(4.446699e-09 0 1)
(5.124142e-09 0 1)
(5.730547e-09 0 1)
(6.247934e-09 0 1)
(6.651933e-09 0 1)
(6.916612e-09 0 1)
(7.027023e-09 0 1)
(6.985101e-09 0 1)
(6.80567e-09 0 1)
(6.499778e-09 0 1)
(6.061529e-09 0 1)
(5.468509e-09 0 1)
(4.695605e-09 0 1)
(3.748127e-09 0 1)
(2.706757e-09 0 1)
(1.757899e-09 0 1)
(1.123049e-09 0 1)
(7.193314e-10 0 1)
(2.647595e-10 0 1)
(3.283453e-10 0 1)
(9.359845e-10 0 1)
(1.470315e-09 0 1)
(2.009258e-09 0 1)
(2.601633e-09 0 1)
(3.223353e-09 0 1)
(3.838719e-09 0 1)
(4.418598e-09 0 1)
(4.940749e-09 0 1)
(5.384292e-09 0 1)
(5.727068e-09 0 1)
(5.949922e-09 0 1)
(6.043334e-09 0 1)
(6.010665e-09 0 1)
(5.860481e-09 0 1)
(5.596555e-09 0 1)
(5.210563e-09 0 1)
(4.682671e-09 0 1)
(3.994385e-09 0 1)
(3.15783e-09 0 1)
(2.26566e-09 0 1)
(1.522167e-09 0 1)
(1.029566e-09 0 1)
(5.597964e-10 0 1)
(1.402744e-10 0 1)
)
;

boundaryField
{
    inlet
    {
        type            fixedValue;
        value           uniform (0 0 1);
    }
    outlet
    {
        type            zeroGradient;
    }
    fixedWalls
    {
        type            slip;
    }
    frontAndBack
    {
        type            empty;
    }
}


// ************************************************************************* //
