/*--------------------------------*- C++ -*----------------------------------*\
| =========                 |                                                 |
| \\      /  F ield         | OpenFOAM: The Open Source CFD Toolbox           |
|  \\    /   O peration     | Version:  2412                                  |
|   \\  /    A nd           | Website:  www.openfoam.com                      |
|    \\/     M anipulation  |                                                 |
\*---------------------------------------------------------------------------*/
FoamFile
{
    version     2.0;
    format      ascii;
    arch        "LSB;label=32;scalar=64";
    class       volScalarField;
    location    "51801860.86068268/fuelBehaviourRegion";
    object      SCIANTIX::Intergranular_vacancies_per_bubble;
}
// * * * * * * * * * * * * * * * * * * * * * * * * * * * * * * * * * * * * * //

dimensions      [0 0 0 0 0 0 0];

internalField   nonuniform List<scalar> 
4720
(
5034.4
5013.72
4968.48
4900.5
4810.87
4700.82
4571.8
4425.45
4263.62
4088.26
3901.47
3705.41
3502.25
3294.19
3083.37
2871.85
2661.56
2454.26
2251.59
2055.04
1865.9
1685.25
1513.99
1352.8
1202.17
1062.38
933.564
815.677
708.535
611.827
5088.82
5067.91
5022.19
4953.48
4862.88
4751.65
4621.24
4473.32
4309.74
4132.49
3943.69
3745.51
3540.16
3329.85
3116.75
2902.94
2690.38
2480.84
2275.98
2077.31
1886.12
1703.53
1530.41
1367.48
1215.21
1073.91
943.697
824.532
716.227
618.47
5252.9
5231.38
5184.31
5113.59
5020.33
4905.82
4771.56
4619.25
4450.81
4268.27
4073.8
3869.65
3658.07
3441.35
3221.71
3001.3
2782.14
2566.07
2354.79
2149.82
1952.52
1764.04
1585.29
1416.99
1259.66
1113.61
978.977
855.716
743.643
642.442
5325.23
5303.42
5255.71
5184.01
5089.48
4973.4
4837.31
4682.92
4512.17
4327.13
4129.99
3923.03
3708.55
3488.85
3266.19
3042.73
2820.55
2601.52
2387.33
2179.54
1979.53
1788.45
1607.23
1436.61
1277.11
1129.04
992.537
867.568
753.943
651.339
5367.54
5345.55
5297.47
5225.21
5129.94
5012.95
4875.79
4720.19
4548.1
4361.61
4162.93
3954.35
3738.19
3516.77
3292.36
3067.16
2843.23
2622.49
2406.63
2197.23
1995.65
1803.07
1620.44
1448.48
1287.72
1138.48
1000.9
874.938
760.406
656.978
5425.82
5403.27
5353.96
5279.87
5182.21
5062.33
4921.82
4762.51
4586.4
4395.66
4192.6
3979.57
3758.97
3533.21
3304.61
3075.43
2847.81
2623.68
2404.77
2192.68
1988.79
1794.29
1610.1
1436.96
1275.36
1125.6
987.785
861.846
747.556
644.557
8801.66
8763.43
8679.84
8554.32
8388.95
8186.13
7948.66
7679.74
7382.89
7061.92
6720.82
6363.73
5994.82
5618.2
5237.91
4857.8
4481.48
4112.26
3753.16
3406.79
3075.4
2760.76
2464.24
2186.9
1929.45
1692.22
1475.22
1278.18
1100.55
941.601
9880.84
9837.83
9743.81
9602.61
9416.6
9188.48
8921.4
8618.96
8285.14
7924.22
7540.71
7139.27
6724.57
6301.29
5873.94
5446.86
5024.12
4609.44
4206.2
3817.35
3445.39
3092.39
2759.9
2448.99
2160.43
1894.6
1651.49
1430.78
1231.87
1053.91
10126.4
10082.3
9985.78
9840.84
9649.9
9415.73
9141.59
8831.17
8488.55
8118.14
7724.58
7312.64
6887.15
6452.88
6014.49
5576.42
5142.86
4717.64
4304.2
3905.57
3524.33
3162.59
2821.96
2503.51
2208.02
1935.86
1687.02
1461.18
1257.69
1075.68
10245.9
10201.2
10103.6
9956.91
9763.7
9526.74
9249.34
8935.21
8588.52
8213.7
7815.45
7398.61
6968.05
6528.61
6085
5641.73
5203.02
4772.75
4354.41
3951.06
3565.31
3199.3
2854.67
2532.49
2233.54
1958.2
1706.46
1477.99
1272.14
1088.02
10437.5
10391.9
10292.2
10142.5
9945.39
9703.61
9420.56
9100.07
8746.36
8364
7957.77
7532.62
7093.52
6645.43
6193.14
5741.26
5294.09
4855.6
4429.34
4018.43
3625.52
3252.79
2901.91
2573.97
2269.75
1989.61
1733.54
1501.19
1291.89
1104.73
11574
11521.9
11408
11237.1
11012.1
10736.3
10413.8
10048.9
9646.71
9212.49
8751.84
8270.51
7774.28
7268.86
6759.79
6252.33
5751.38
5261.42
4786.43
4329.87
3894.66
3483.11
3097.03
2737.54
2405.27
2100.46
1822.96
1572.2
1347.28
1147.05
43378.1
43162.4
42691.3
41984.7
41055.1
39917.1
38587.7
37086.5
35435
33656.7
31776.2
29821.3
27818
25791.4
23765.5
21762.8
19804
17907.3
16088.6
14361
12735
11218.2
9815.83
8530.31
7362.01
6309.21
5368.47
4534.93
3802.59
3164.45
53537.1
53269.7
52685.6
51809.7
50657.3
49246.2
47597.5
45735.4
43686.9
41480.9
39147.9
36719.5
34227.5
31703.3
29181.2
26690.5
24256.9
21903.6
19650.2
17512.9
15504.6
13634.6
11908.8
10330.1
8898.24
7610.78
6462.95
5448.25
4558.83
3785.83
55491.1
55213.8
54607.9
53699.4
52503.9
51040
49329.7
47397.7
45272.2
42983.1
40562.2
38042.3
35456.3
32836.8
30217.5
27631.2
25104.8
22662.3
20324
18107
16024.5
14086
12297.8
10662.6
9180.35
7848.16
6661.06
5612.22
4693.38
3895.28
56314.9
56033.6
55419.4
54498.1
53285.9
51801.4
50066.8
48107.4
45951.3
43629.2
41173.2
38616.4
35992.6
33334.4
30675.3
28049.5
25484.5
23004.5
20630.4
18379.5
16265.1
14297
12481.5
10821.5
9316.67
7964.33
6759.34
5694.75
4762.17
3952.18
57752
57463.5
56833.4
55888.4
54644.8
53121.9
51342.3
49332
47119.7
44736.9
42216.5
39592.8
36900.1
34172.3
31442.7
28746.7
26113.5
23568
21131.6
18822.1
16653.1
14634.7
12773.3
11071.7
9529.75
8144.41
6910.41
5820.53
4866.12
4037.43
67074.1
66728.9
65975.2
64845.1
63358.8
61539.6
59415
57017
54380.8
51544.9
48549.7
45436.9
42248.5
39026
35808.9
32634.6
29541.6
26562.7
23722.9
21042.3
18536.1
16215
14084.9
12147.7
10401.7
8841.88
7460.46
6247.69
5192.2
4281.58
399807
397904
393747
387474
379131
368777
356491
342385
326606
309338
290805
271266
251009
230342
209580
189034
168997
149732
131465
114378
98602.1
84222.6
71277.3
59763
49640.2
40843
33298.1
26898.8
21527.6
17065.8
501679
499529
494828
487702
478157
466201
451864
435213
416360
395477
372796
348611
323275
297180
270748
244407
218571
193621
169887
147639
127079
108337
91478
76506.3
63374.2
51992.2
42240.6
33996
27106.1
21408.1
517473
515309
510576
503396
493762
481669
467133
450206
430988
409640
386392
361538
335438
308497
281156
253865
227060
201145
176475
153335
131944
112442
94901.1
79327.3
65672.1
53843
43714.2
35153.3
28005.3
22099.3
522443
520284
515563
508397
498775
486687
472140
455182
435904
414464
391086
366063
339755
312570
284955
257365
230246
204011
179020
155570
133882
114103
96309
80507.5
66651
54646.5
44367
35676.9
28421.4
22426.8
527547
525393
520681
513528
503914
491825
477262
460262
440913
419366
395840
370629
344091
316642
288731
260823
233372
206801
181479
157709
135721
115666
97620.9
81596.7
67545.6
55373.7
44952.4
36142.3
28788
22713.2
582982
580600
575387
567461
556785
543321
527048
507993
486239
461952
435383
406875
376855
345818
314302
282861
252029
222300
194098
167762
143540
121585
101962
84658.9
69597
56648.2
45648.1
36423.4
28786.6
22531.4
2.13692e+06
2.1381e+06
2.14108e+06
2.1457e+06
2.15162e+06
2.15833e+06
2.16508e+06
2.17065e+06
2.17317e+06
2.16985e+06
2.15681e+06
2.12913e+06
2.08134e+06
2.0085e+06
1.90752e+06
1.77843e+06
1.62487e+06
1.45361e+06
1.27328e+06
1.09278e+06
919937
760622
618518
495284
390973
304516
234171
177874
133495
98996.7
2.30205e+06
2.30402e+06
2.30875e+06
2.31621e+06
2.32619e+06
2.33849e+06
2.35275e+06
2.36836e+06
2.38423e+06
2.39851e+06
2.4081e+06
2.40819e+06
2.39195e+06
2.35108e+06
2.27735e+06
2.16517e+06
2.0139e+06
1.82888e+06
1.62043e+06
1.40151e+06
1.18486e+06
980894
796730
636116
500030
387490
296322
223774
166953
123086
2.31142e+06
2.31345e+06
2.31833e+06
2.32603e+06
2.33637e+06
2.34917e+06
2.36412e+06
2.38068e+06
2.39788e+06
2.41403e+06
2.42625e+06
2.4299e+06
2.41824e+06
2.38271e+06
2.31446e+06
2.20693e+06
2.05854e+06
1.87401e+06
1.66366e+06
1.44086e+06
1.21908e+06
1.00951e+06
819871
654296
513968
397950
304026
229354
170930
125877
2.30204e+06
2.30408e+06
2.30898e+06
2.31671e+06
2.32712e+06
2.34003e+06
2.35517e+06
2.37203e+06
2.38973e+06
2.40669e+06
2.42018e+06
2.42574e+06
2.4168e+06
2.38478e+06
2.3206e+06
2.2172e+06
2.07235e+06
1.89028e+06
1.68103e+06
1.45805e+06
1.23508e+06
1.02368e+06
831917
664210
521911
404175
308814
232978
173634
127869
2.27366e+06
2.27557e+06
2.28017e+06
2.28744e+06
2.29724e+06
2.3094e+06
2.32366e+06
2.33957e+06
2.35634e+06
2.37243e+06
2.38589e+06
2.39296e+06
2.38668e+06
2.3588e+06
2.30013e+06
2.2031e+06
2.06473e+06
1.88841e+06
1.68363e+06
1.46358e+06
1.24213e+06
1.03115e+06
839052
670586
527350
408658
312415
235813
175832
129553
2.72459e+06
2.72801e+06
2.73605e+06
2.74868e+06
2.76575e+06
2.7871e+06
2.81247e+06
2.8413e+06
2.87247e+06
2.90401e+06
2.92917e+06
2.9381e+06
2.92726e+06
2.87917e+06
2.78429e+06
2.62869e+06
2.41666e+06
2.15499e+06
1.86643e+06
1.57014e+06
1.28798e+06
1.03206e+06
811046
626113
476177
357110
264540
193632
140160
100324
1.87573e+10
1.86109e+10
1.82937e+10
1.77934e+10
1.71471e+10
1.63573e+10
1.54197e+10
1.43839e+10
1.32592e+10
1.20517e+10
1.0816e+10
9.56437e+09
8.30657e+09
7.08883e+09
5.92117e+09
4.81732e+09
3.81993e+09
2.95105e+09
2.23428e+09
1.69342e+09
1.31457e+09
1.0511e+09
8.33472e+08
6.04016e+08
3.74631e+08
1.9381e+08
8.12842e+07
2.40137e+07
6.71252e+06
2.16312e+06
2.50195e+10
2.47312e+10
2.41824e+10
2.33868e+10
2.23564e+10
2.11212e+10
1.97123e+10
1.81568e+10
1.64999e+10
1.47843e+10
1.30442e+10
1.1323e+10
9.65483e+09
8.06199e+09
6.57329e+09
5.2172e+09
4.02443e+09
3.03326e+09
2.26821e+09
1.72051e+09
1.33702e+09
1.02792e+09
7.26694e+08
4.43573e+08
2.25497e+08
9.19806e+07
2.6523e+07
7.06607e+06
2.2308e+06
744325
2.53585e+10
2.50576e+10
2.44868e+10
2.36621e+10
2.26032e+10
2.1335e+10
1.9888e+10
1.82977e+10
1.6604e+10
1.48492e+10
1.30757e+10
1.13229e+10
9.62566e+09
8.01315e+09
6.51208e+09
5.15095e+09
3.96304e+09
2.98224e+09
2.22979e+09
1.69557e+09
1.32301e+09
1.0197e+09
7.19955e+08
4.37373e+08
2.2104e+08
8.98787e+07
2.59586e+07
6.96978e+06
2.20748e+06
737320
2.65047e+10
2.61987e+10
2.56137e+10
2.4766e+10
2.36748e+10
2.23648e+10
2.08663e+10
1.92153e+10
1.74526e+10
1.56218e+10
1.3767e+10
1.19305e+10
1.01496e+10
8.45635e+09
6.87924e+09
5.44757e+09
4.19469e+09
3.155e+09
2.35187e+09
1.77938e+09
1.38558e+09
1.07629e+09
7.72874e+08
4.79177e+08
2.47585e+08
1.0373e+08
3.20659e+07
8.267e+06
2.57473e+06
855052
2.3278e+10
2.29801e+10
2.24167e+10
2.16078e+10
2.05763e+10
1.93499e+10
1.79607e+10
1.64453e+10
1.48431e+10
1.31951e+10
1.15411e+10
9.91719e+09
8.35524e+09
6.88326e+09
5.5289e+09
4.32275e+09
3.29771e+09
2.48072e+09
1.87777e+09
1.4573e+09
1.14449e+09
8.55808e+08
5.67242e+08
3.18605e+08
1.47541e+08
5.38699e+07
1.38871e+07
4.15222e+06
1.37395e+06
465248
5.59071e+10
5.61398e+10
5.57989e+10
5.46223e+10
5.26075e+10
4.98523e+10
4.6485e+10
4.26416e+10
3.84635e+10
3.40974e+10
2.9693e+10
2.53957e+10
2.13333e+10
1.76e+10
1.42422e+10
1.12597e+10
8.63344e+09
6.36892e+09
4.51333e+09
3.11269e+09
2.13765e+09
1.46055e+09
9.40216e+08
5.2747e+08
2.43162e+08
8.65578e+07
2.08829e+07
5.11305e+06
1.46171e+06
432668
5.7534e+10
5.82369e+10
5.82441e+10
5.72372e+10
5.5254e+10
5.24385e+10
4.89495e+10
4.49411e+10
4.05669e+10
3.59835e+10
3.13512e+10
2.68271e+10
2.25524e+10
1.86337e+10
1.51248e+10
1.20223e+10
9.29083e+09
6.91391e+09
4.92929e+09
3.39636e+09
2.31268e+09
1.56905e+09
1.01682e+09
5.82956e+08
2.76701e+08
1.01972e+08
2.54352e+07
5.95784e+06
1.67672e+06
494456
5.85753e+10
5.92975e+10
5.931e+10
5.82876e+10
5.62692e+10
5.34024e+10
4.9849e+10
4.57657e+10
4.1308e+10
3.66351e+10
3.19097e+10
2.72919e+10
2.29263e+10
1.89234e+10
1.53409e+10
1.21784e+10
9.40123e+09
6.99116e+09
4.98262e+09
3.43238e+09
2.33672e+09
1.58512e+09
1.02703e+09
5.88594e+08
2.79278e+08
1.02947e+08
2.57651e+07
6.01406e+06
1.68934e+06
497453
5.98803e+10
6.06928e+10
6.07661e+10
5.97615e+10
5.77245e+10
5.48115e+10
5.11905e+10
4.70221e+10
4.24645e+10
3.76794e+10
3.28324e+10
2.80876e+10
2.35944e+10
1.94692e+10
1.57759e+10
1.25189e+10
9.6644e+09
7.1911e+09
5.12893e+09
3.53352e+09
2.40386e+09
1.63093e+09
1.05985e+09
6.1079e+08
2.91923e+08
1.08808e+08
2.78108e+07
6.38404e+06
1.78163e+06
523327
6.13593e+10
6.22566e+10
6.23874e+10
6.13989e+10
5.93418e+10
5.63807e+10
5.26893e+10
4.84316e+10
4.37683e+10
3.88632e+10
3.38846e+10
2.90003e+10
2.43647e+10
2.01007e+10
1.62796e+10
1.2912e+10
9.967e+09
7.42067e+09
5.29782e+09
3.65179e+09
2.48396e+09
1.68704e+09
1.10116e+09
6.39319e+08
3.0847e+08
1.16655e+08
3.07921e+07
6.91701e+06
1.91481e+06
560932
5.7726e+10
5.80015e+10
5.76412e+10
5.63784e+10
5.42239e+10
5.12906e+10
4.77199e+10
4.36599e+10
3.9263e+10
3.4687e+10
3.00921e+10
2.56328e+10
2.14437e+10
1.76211e+10
1.42078e+10
1.11956e+10
8.55621e+09
6.28926e+09
4.44004e+09
3.05112e+09
2.08511e+09
1.4094e+09
8.90231e+08
4.8724e+08
2.1785e+08
7.38748e+07
1.6999e+07
4.28651e+06
1.23625e+06
365737
5.6798e+10
8.5223e+10
9.96701e+10
1.01662e+11
9.88259e+10
9.38376e+10
8.74195e+10
7.9944e+10
7.17169e+10
6.30437e+10
5.42473e+10
4.56663e+10
3.7636e+10
3.04503e+10
2.43039e+10
1.92223e+10
1.50243e+10
1.14103e+10
8.19925e+09
5.48237e+09
3.44754e+09
2.10219e+09
1.24811e+09
6.77999e+08
3.0667e+08
1.04582e+08
2.25083e+07
4.84495e+06
1.25086e+06
334133
4.97659e+10
8.22737e+10
9.9545e+10
1.01902e+11
9.90365e+10
9.40575e+10
8.7674e+10
8.02399e+10
7.20501e+10
6.34029e+10
5.46177e+10
4.60333e+10
3.79897e+10
3.07907e+10
2.46467e+10
1.95993e+10
1.54671e+10
1.19123e+10
8.6941e+09
5.88347e+09
3.7136e+09
2.25619e+09
1.34111e+09
7.42304e+08
3.47276e+08
1.23978e+08
2.80437e+07
5.74015e+06
1.45999e+06
389516
4.96039e+10
8.28886e+10
1.00644e+11
1.03046e+11
1.00154e+11
9.51435e+10
8.87216e+10
8.124e+10
7.29916e+10
6.42736e+10
5.54052e+10
4.67263e+10
3.85794e+10
3.12734e+10
2.50263e+10
1.98892e+10
1.56895e+10
1.20898e+10
8.83781e+09
5.99227e+09
3.78658e+09
2.30054e+09
1.36781e+09
7.5876e+08
3.56484e+08
1.28144e+08
2.93771e+07
5.94406e+06
1.5053e+06
400914
4.92587e+10
8.3295e+10
1.01542e+11
1.03999e+11
1.01094e+11
9.60683e+10
8.96268e+10
8.21179e+10
7.38319e+10
6.50644e+10
5.61332e+10
4.73783e+10
3.9144e+10
3.17436e+10
2.54027e+10
2.01832e+10
1.59224e+10
1.22841e+10
9.0029e+09
6.12237e+09
3.8763e+09
2.35603e+09
1.40203e+09
7.81085e+08
3.69964e+08
1.34687e+08
3.16498e+07
6.2962e+06
1.58574e+06
421893
5.32259e+10
8.32713e+10
9.85271e+10
1.00477e+11
9.75568e+10
9.2543e+10
8.61354e+10
7.86956e+10
7.05251e+10
6.19277e+10
5.32261e+10
4.4759e+10
3.6861e+10
2.98237e+10
2.38366e+10
1.89134e+10
1.48526e+10
1.13308e+10
8.16115e+09
5.45353e+09
3.41837e+09
2.0744e+09
1.22567e+09
6.63043e+08
2.98146e+08
1.0013e+08
2.09705e+07
4.55216e+06
1.17784e+06
314383
0
8.45708e+10
1.34963e+11
1.41619e+11
1.36711e+11
1.29332e+11
1.2021e+11
1.0969e+11
9.81159e+10
8.58761e+10
7.34157e+10
6.12281e+10
4.98281e+10
3.97011e+10
3.12277e+10
2.45768e+10
1.95645e+10
1.5569e+10
1.18425e+10
8.20067e+09
5.09923e+09
2.93425e+09
1.63292e+09
8.64734e+08
3.9237e+08
1.33844e+08
2.75699e+07
5.19168e+06
1.22556e+06
300443
0
7.57748e+10
1.31046e+11
1.39434e+11
1.34737e+11
1.27614e+11
1.18797e+11
1.08599e+11
9.73381e+10
8.53843e+10
7.31671e+10
6.11707e+10
4.99072e+10
3.98684e+10
3.14532e+10
2.48651e+10
1.99708e+10
1.61749e+10
1.26383e+10
9.01469e+09
5.7362e+09
3.33285e+09
1.85777e+09
1.00101e+09
4.75873e+08
1.74452e+08
3.96799e+07
7.01032e+06
1.60595e+06
392383
0
7.37101e+10
1.29123e+11
1.37597e+11
1.32979e+11
1.25978e+11
1.17312e+11
1.07284e+11
9.62058e+10
8.44389e+10
7.24055e+10
6.05827e+10
4.9476e+10
3.95721e+10
3.12668e+10
2.47645e+10
1.99375e+10
1.61984e+10
1.27069e+10
9.10186e+09
5.81137e+09
3.38209e+09
1.88564e+09
1.01771e+09
4.86411e+08
1.79791e+08
4.13715e+07
7.25991e+06
1.65564e+06
404111
0
7.26293e+10
1.28407e+11
1.3696e+11
1.32404e+11
1.25495e+11
1.16937e+11
1.07026e+11
9.60647e+10
8.44071e+10
7.24685e+10
6.07197e+10
4.96623e+10
3.97819e+10
3.14767e+10
2.49584e+10
2.01135e+10
1.63711e+10
1.28897e+10
9.27994e+09
5.95354e+09
3.47477e+09
1.9395e+09
1.05002e+09
5.06021e+08
1.89623e+08
4.47533e+07
7.77938e+06
1.7604e+06
429142
0
7.51434e+10
1.23678e+11
1.29994e+11
1.25363e+11
1.18479e+11
1.10001e+11
1.00248e+11
8.9545e+10
7.82634e+10
6.68274e+10
5.57047e+10
4.53765e+10
3.62873e+10
2.87705e+10
2.29453e+10
1.85775e+10
1.50115e+10
1.1523e+10
8.00638e+09
4.97978e+09
2.86306e+09
1.5926e+09
8.44404e+08
3.83625e+08
1.30128e+08
2.61462e+07
4.96022e+06
1.17417e+06
287959
0
6.64176e+10
1.55391e+11
1.73371e+11
1.67092e+11
1.57588e+11
1.45974e+11
1.32624e+11
1.17965e+11
1.02505e+11
8.68401e+10
7.16338e+10
5.75731e+10
4.52963e+10
3.5296e+10
2.78014e+10
2.26204e+10
1.89513e+10
1.55167e+10
1.15288e+10
7.46218e+09
4.26545e+09
2.27508e+09
1.17238e+09
5.40147e+08
1.90411e+08
4.01954e+07
6.57894e+06
1.41543e+06
322349
0
5.58418e+10
1.47237e+11
1.69152e+11
1.63159e+11
1.53714e+11
1.4217e+11
1.28905e+11
1.14356e+11
9.90473e+10
8.35888e+10
6.86562e+10
5.49414e+10
4.30792e+10
3.35511e+10
2.65708e+10
2.19363e+10
1.88574e+10
1.60272e+10
1.24545e+10
8.41253e+09
4.95089e+09
2.66696e+09
1.38653e+09
6.66847e+08
2.54899e+08
6.23432e+07
9.59858e+06
1.97003e+06
446214
0
5.78299e+10
1.50326e+11
1.72038e+11
1.65816e+11
1.56114e+11
1.44273e+11
1.3068e+11
1.15785e+11
1.00129e+11
8.43421e+10
6.91179e+10
5.5165e+10
4.31301e+10
3.35007e+10
2.64878e+10
2.18738e+10
1.88446e+10
1.60732e+10
1.25446e+10
8.50846e+09
5.02127e+09
2.70691e+09
1.40714e+09
6.78196e+08
2.60547e+08
6.4332e+07
9.86509e+06
2.01437e+06
455514
0
5.81e+10
1.51606e+11
1.73816e+11
1.67525e+11
1.57686e+11
1.45675e+11
1.31882e+11
1.16764e+11
1.00873e+11
8.48502e+10
6.94045e+10
5.52601e+10
4.30792e+10
3.33628e+10
2.63309e+10
2.17632e+10
1.8823e+10
1.61463e+10
1.26804e+10
8.65085e+09
5.12704e+09
2.76889e+09
1.44078e+09
6.97701e+08
2.70715e+08
6.81708e+07
1.04154e+07
2.10924e+06
476216
0
5.8724e+10
1.52721e+11
1.7481e+11
1.68428e+11
1.58501e+11
1.46385e+11
1.3247e+11
1.17216e+11
1.01178e+11
8.50071e+10
6.9423e+10
5.51629e+10
4.29014e+10
3.31506e+10
2.61395e+10
2.16477e+10
1.88158e+10
1.62429e+10
1.28434e+10
8.81962e+09
5.25344e+09
2.84405e+09
1.48225e+09
7.22081e+08
2.83643e+08
7.32124e+07
1.11681e+07
2.2382e+06
504463
0
6.70812e+10
1.56465e+11
1.74847e+11
1.68047e+11
1.57902e+11
1.45572e+11
1.31467e+11
1.16066e+11
9.99406e+10
8.3757e+10
6.82443e+10
5.4138e+10
4.20958e+10
3.2594e+10
2.58041e+10
2.14197e+10
1.84777e+10
1.55835e+10
1.18948e+10
7.87305e+09
4.56378e+09
2.44416e+09
1.26533e+09
5.95692e+08
2.17854e+08
4.86824e+07
7.6814e+06
1.61907e+06
367449
0
9.59715e+10
2.36514e+11
2.74923e+11
2.65518e+11
2.50259e+11
2.31527e+11
2.09815e+11
1.8573e+11
1.6004e+11
1.337e+11
1.07841e+11
8.37157e+10
6.25619e+10
4.5416e+10
3.29013e+10
2.50478e+10
2.09555e+10
1.83798e+10
1.49857e+10
1.04731e+10
6.20944e+09
3.27069e+09
1.6367e+09
7.65965e+08
2.86971e+08
6.84106e+07
9.85464e+06
1.91205e+06
410618
0
8.81716e+10
2.47066e+11
2.94278e+11
2.85364e+11
2.697e+11
2.50347e+11
2.27771e+11
2.02543e+11
1.754e+11
1.47274e+11
1.19312e+11
9.28304e+10
6.92045e+10
4.96699e+10
3.50708e+10
2.56556e+10
2.08472e+10
1.85591e+10
1.58161e+10
1.15902e+10
7.13291e+09
3.82774e+09
1.92283e+09
9.19528e+08
3.66758e+08
9.85827e+07
1.42725e+07
2.60141e+06
552690
0
9.19831e+10
2.50491e+11
2.97876e+11
2.88882e+11
2.73149e+11
2.53711e+11
2.31024e+11
2.05649e+11
1.78308e+11
1.49925e+11
1.21634e+11
9.47552e+10
7.06816e+10
5.06855e+10
3.56585e+10
2.58961e+10
2.08741e+10
1.85802e+10
1.59316e+10
1.17523e+10
7.26817e+09
3.90957e+09
1.96433e+09
9.40747e+08
3.77365e+08
1.0254e+08
1.48927e+07
2.68933e+06
569854
0
9.16333e+10
2.52706e+11
2.99424e+11
2.90313e+11
2.74576e+11
2.55142e+11
2.32457e+11
2.07069e+11
1.79688e+11
1.51223e+11
1.22797e+11
9.57268e+10
7.14137e+10
5.11543e+10
3.58776e+10
2.59154e+10
2.07805e+10
1.85443e+10
1.60311e+10
1.19254e+10
7.42437e+09
4.00863e+09
2.01638e+09
9.68799e+08
3.92587e+08
1.08707e+08
1.59352e+07
2.84063e+06
600515
0
9.97718e+10
2.5268e+11
2.92653e+11
2.82892e+11
2.67118e+11
2.47728e+11
2.25187e+11
2.00066e+11
1.73095e+11
1.45202e+11
1.1752e+11
9.13518e+10
6.80572e+10
4.88558e+10
3.45712e+10
2.5421e+10
2.07618e+10
1.83979e+10
1.53964e+10
1.10089e+10
6.62648e+09
3.51103e+09
1.75762e+09
8.29672e+08
3.18117e+08
7.93296e+07
1.13039e+07
2.13935e+06
456603
0
1.03866e+11
2.95206e+11
3.53164e+11
3.42984e+11
3.24832e+11
3.02388e+11
2.76139e+11
2.46684e+11
2.14798e+11
1.81473e+11
1.47948e+11
1.15697e+11
8.63488e+10
6.14946e+10
4.23883e+10
2.95811e+10
2.26798e+10
1.97942e+10
1.71481e+10
1.27643e+10
7.87035e+09
4.17133e+09
2.04864e+09
9.55029e+08
3.69205e+08
9.43562e+07
1.30624e+07
2.34462e+06
484534
0
8.85405e+10
2.96091e+11
3.65485e+11
3.56623e+11
3.38607e+11
3.16192e+11
2.89832e+11
2.6008e+11
2.27661e+11
1.93515e+11
1.58835e+11
1.25072e+11
9.3882e+10
6.69729e+10
4.58254e+10
3.12054e+10
2.29842e+10
1.97421e+10
1.77956e+10
1.40069e+10
9.06459e+09
4.95014e+09
2.45305e+09
1.16158e+09
4.76637e+08
1.36449e+08
2.01624e+07
3.31408e+06
673442
0
9.65102e+10
2.9752e+11
3.68469e+11
3.59781e+11
3.41814e+11
3.19441e+11
2.93106e+11
2.6335e+11
2.30881e+11
1.96623e+11
1.61749e+11
1.27691e+11
9.60989e+10
6.86962e+10
4.70071e+10
3.18624e+10
2.32048e+10
1.97304e+10
1.78584e+10
1.41856e+10
9.24835e+09
5.0715e+09
2.51538e+09
1.19226e+09
4.92274e+08
1.42623e+08
2.13293e+07
3.457e+06
699962
0
9.57873e+10
2.98475e+11
3.68815e+11
3.60038e+11
3.42125e+11
3.19825e+11
2.93572e+11
2.63896e+11
2.31493e+11
1.97275e+11
1.62402e+11
1.28297e+11
9.66061e+10
6.90695e+10
4.72288e+10
3.19387e+10
2.31787e+10
1.96822e+10
1.79388e+10
1.43732e+10
9.44107e+09
5.20389e+09
2.58668e+09
1.22896e+09
5.11739e+08
1.50716e+08
2.29982e+07
3.66291e+06
739019
0
1.03515e+11
3.00358e+11
3.59803e+11
3.49753e+11
3.31745e+11
3.09459e+11
2.83346e+11
2.53964e+11
2.22041e+11
1.88511e+11
1.54554e+11
1.21596e+11
9.12543e+10
6.51828e+10
4.47857e+10
3.07646e+10
2.29267e+10
1.97353e+10
1.74062e+10
1.3264e+10
8.32164e+09
4.44978e+09
2.18882e+09
1.02552e+09
4.04088e+08
1.0711e+08
1.49709e+07
2.61315e+06
536422
0
1.00602e+11
3.02831e+11
3.67218e+11
3.57496e+11
3.39329e+11
3.16801e+11
2.90354e+11
2.60539e+11
2.28077e+11
1.93905e+11
1.59208e+11
1.2543e+11
9.42209e+10
6.7294e+10
4.61302e+10
3.15081e+10
2.33053e+10
2.0043e+10
1.79202e+10
1.38869e+10
8.82595e+09
4.74783e+09
2.3327e+09
1.09145e+09
4.32024e+08
1.15636e+08
1.61283e+07
2.75156e+06
559219
0
7.81046e+10
3.00628e+11
3.79277e+11
3.71394e+11
3.53507e+11
3.31157e+11
3.0475e+11
2.74785e+11
2.41922e+11
2.07041e+11
1.71273e+11
1.36024e+11
1.02947e+11
7.38656e+10
5.04393e+10
3.37082e+10
2.38474e+10
1.98152e+10
1.84131e+10
1.53212e+10
1.03894e+10
5.83681e+09
2.913e+09
1.38391e+09
5.86052e+08
1.78671e+08
2.87408e+07
4.2828e+06
846956
0
8.3042e+10
3.01777e+11
3.82359e+11
3.74718e+11
3.56904e+11
3.34623e+11
3.0827e+11
2.78332e+11
2.45453e+11
2.10495e+11
1.74569e+11
1.3906e+11
1.05607e+11
7.6033e+10
5.2029e+10
3.4702e+10
2.42996e+10
1.9896e+10
1.84445e+10
1.54714e+10
1.05704e+10
5.96488e+09
2.97988e+09
1.41542e+09
6.0171e+08
1.85033e+08
3.01593e+07
4.43646e+06
873717
0
7.60375e+10
3.01583e+11
3.83457e+11
3.76012e+11
3.58292e+11
3.36112e+11
3.09859e+11
2.80009e+11
2.47194e+11
2.12259e+11
1.76302e+11
1.4069e+11
1.07052e+11
7.72156e+10
5.28872e+10
3.52167e+10
2.45054e+10
1.99027e+10
1.84709e+10
1.5632e+10
1.07688e+10
6.11077e+09
3.05936e+09
1.45463e+09
6.22075e+08
1.93729e+08
3.20544e+07
4.66681e+06
914793
0
7.65939e+10
2.97554e+11
3.81761e+11
3.74797e+11
3.57264e+11
3.35285e+11
3.0924e+11
2.79596e+11
2.46975e+11
2.12211e+11
1.76388e+11
1.40862e+11
1.07254e+11
7.73991e+10
5.30007e+10
3.52345e+10
2.44359e+10
1.98022e+10
1.84655e+10
1.57843e+10
1.09725e+10
6.26801e+09
3.14842e+09
1.50005e+09
6.46531e+08
2.04639e+08
3.46161e+07
4.978e+06
970779
0
8.27752e+10
2.98837e+11
3.72237e+11
3.63866e+11
3.46302e+11
3.24401e+11
2.98556e+11
2.69252e+11
2.37135e+11
2.03063e+11
1.68136e+11
1.33719e+11
1.01419e+11
7.30096e+10
5.00934e+10
3.36952e+10
2.3991e+10
1.99451e+10
1.83398e+10
1.50024e+10
9.99635e+09
5.54069e+09
2.74901e+09
1.30055e+09
5.40205e+08
1.58568e+08
2.41325e+07
3.75557e+06
748513
0
7.74842e+10
2.60997e+11
3.19908e+11
3.11939e+11
2.9657e+11
2.7744e+11
2.54889e+11
2.29345e+11
2.01391e+11
1.71808e+11
1.41605e+11
1.1204e+11
8.45791e+10
6.08028e+10
4.20276e+10
2.9009e+10
2.17596e+10
1.90317e+10
1.76388e+10
1.42357e+10
9.40268e+09
5.21922e+09
2.61934e+09
1.25646e+09
5.25084e+08
1.54311e+08
2.35372e+07
3.73473e+06
756448
0
6.42143e+10
2.54279e+11
3.24469e+11
3.18152e+11
3.03253e+11
2.84571e+11
2.62409e+11
2.37148e+11
2.09316e+11
1.79632e+11
1.49053e+11
1.18786e+11
9.02917e+10
6.51957e+10
4.49388e+10
3.04688e+10
2.20301e+10
1.87431e+10
1.78709e+10
1.53776e+10
1.07797e+10
6.23713e+09
3.1819e+09
1.5422e+09
6.79759e+08
2.22427e+08
3.96248e+07
5.62569e+06
1.10093e+06
0
5.77502e+10
2.50879e+11
3.25017e+11
3.19362e+11
3.04615e+11
2.86074e+11
2.64038e+11
2.3888e+11
2.11114e+11
1.81452e+11
1.50835e+11
1.2046e+11
9.17816e+10
6.64257e+10
4.58528e+10
3.10511e+10
2.23049e+10
1.88123e+10
1.79141e+10
1.55222e+10
1.09585e+10
6.37168e+09
3.25662e+09
1.57891e+09
6.98527e+08
2.30577e+08
4.1729e+07
5.86248e+06
1.14128e+06
0
4.45775e+10
2.46551e+11
3.23039e+11
3.17878e+11
3.03314e+11
2.84969e+11
2.6314e+11
2.3819e+11
2.10627e+11
1.81149e+11
1.50689e+11
1.20432e+11
9.18281e+10
6.64941e+10
4.58984e+10
3.10445e+10
2.22422e+10
1.87325e+10
1.78999e+10
1.56489e+10
1.11419e+10
6.51966e+09
3.34273e+09
1.62313e+09
7.22868e+08
2.42148e+08
4.5031e+07
6.23845e+06
1.20709e+06
0
6.11896e+10
2.5169e+11
3.18523e+11
3.1193e+11
2.97172e+11
2.78688e+11
2.56786e+11
2.31855e+11
2.0443e+11
1.7524e+11
1.45243e+11
1.15647e+11
8.78932e+10
6.35656e+10
4.40493e+10
3.02169e+10
2.2235e+10
1.90971e+10
1.79478e+10
1.49994e+10
1.02418e+10
5.81651e+09
2.94448e+09
1.4218e+09
6.13509e+08
1.92144e+08
3.22395e+07
4.75126e+06
944433
0
5.32968e+10
1.8629e+11
2.26813e+11
2.20757e+11
2.09632e+11
1.95771e+11
1.79424e+11
1.60916e+11
1.40704e+11
1.19407e+11
9.7841e+10
7.70058e+10
5.80594e+10
4.21273e+10
3.00316e+10
2.21936e+10
1.84387e+10
1.72442e+10
1.61721e+10
1.29931e+10
8.63677e+09
4.89587e+09
2.53919e+09
1.26609e+09
5.53504e+08
1.73619e+08
2.92827e+07
4.55387e+06
943692
0
4.29617e+10
1.81666e+11
2.30191e+11
2.25186e+11
2.14338e+11
2.00723e+11
1.84563e+11
1.66148e+11
1.45895e+11
1.2439e+11
1.02417e+11
8.09693e+10
6.12338e+10
4.43815e+10
3.13384e+10
2.26417e+10
1.83519e+10
1.70355e+10
1.65584e+10
1.41071e+10
9.89932e+09
5.82635e+09
3.06306e+09
1.54055e+09
7.08659e+08
2.46262e+08
4.89239e+07
6.90054e+06
1.37064e+06
0
3.35329e+10
1.78724e+11
2.3062e+11
2.26145e+11
2.15416e+11
2.01909e+11
1.85843e+11
1.675e+11
1.47291e+11
1.25789e+11
1.0377e+11
8.22146e+10
6.2307e+10
4.52281e+10
3.19276e+10
2.29652e+10
1.84468e+10
1.70318e+10
1.65891e+10
1.42441e+10
1.00658e+10
5.95202e+09
3.13452e+09
1.57729e+09
7.28629e+08
2.55585e+08
5.17887e+07
7.22435e+06
1.42583e+06
0
4.01414e+10
1.74866e+11
2.28886e+11
2.24826e+11
2.14226e+11
2.00851e+11
1.84918e+11
1.66707e+11
1.46624e+11
1.25238e+11
1.03321e+11
8.18562e+10
6.20317e+10
4.50161e+10
3.17623e+10
2.28437e+10
1.83946e+10
1.70204e+10
1.66381e+10
1.43859e+10
1.0234e+10
6.08381e+09
3.21274e+09
1.61893e+09
7.52111e+08
2.67173e+08
5.56352e+07
7.67308e+06
1.50366e+06
0
4.33316e+10
1.76075e+11
2.219e+11
2.16849e+11
2.06268e+11
1.92998e+11
1.7727e+11
1.59385e+11
1.39773e+11
1.19026e+11
9.79278e+10
7.74528e+10
5.87308e+10
4.28784e+10
3.07417e+10
2.27879e+10
1.89211e+10
1.76147e+10
1.66884e+10
1.37001e+10
9.31507e+09
5.36768e+09
2.80214e+09
1.40583e+09
6.30591e+08
2.08081e+08
3.80511e+07
5.64473e+06
1.14714e+06
0
2.40177e+10
9.89197e+10
1.18831e+11
1.1514e+11
1.08855e+11
1.01047e+11
9.19065e+10
8.16833e+10
7.07172e+10
5.94522e+10
4.84288e+10
3.82538e+10
2.95569e+10
2.28123e+10
1.84161e+10
1.62229e+10
1.53706e+10
1.50018e+10
1.35176e+10
1.04418e+10
6.85734e+09
3.96633e+09
2.15698e+09
1.13319e+09
5.16915e+08
1.70519e+08
3.10321e+07
5.03937e+06
1.1005e+06
0
1.51183e+10
9.4208e+10
1.18986e+11
1.15862e+11
1.09775e+11
1.02149e+11
9.31508e+10
8.30056e+10
7.20324e+10
6.06613e+10
4.94313e+10
3.90007e+10
3.00002e+10
2.29344e+10
1.83885e+10
1.60238e+10
1.52353e+10
1.51909e+10
1.44557e+10
1.18575e+10
8.21404e+09
4.91706e+09
2.70166e+09
1.43896e+09
6.99307e+08
2.5959e+08
5.8364e+07
8.4764e+06
1.74008e+06
0
1.00176e+10
9.4093e+10
1.20359e+11
1.17395e+11
1.11314e+11
1.03676e+11
9.4645e+10
8.44411e+10
7.3379e+10
6.18858e+10
5.05014e+10
3.9885e+10
3.06766e+10
2.33948e+10
1.85897e+10
1.61122e+10
1.52278e+10
1.51725e+10
1.45023e+10
1.19689e+10
8.33427e+09
5.00453e+09
2.75099e+09
1.46465e+09
7.1403e+08
2.66984e+08
6.08392e+07
8.77488e+06
1.79052e+06
0
1.18014e+10
9.46311e+10
1.21391e+11
1.18465e+11
1.12383e+11
1.04734e+11
9.56801e+10
8.54365e+10
7.43136e+10
6.27354e+10
5.12413e+10
4.04947e+10
3.11426e+10
2.37134e+10
1.87562e+10
1.61921e+10
1.52488e+10
1.52006e+10
1.45865e+10
1.21122e+10
8.48042e+09
5.11094e+09
2.81253e+09
1.49795e+09
7.33451e+08
2.76863e+08
6.43147e+07
9.21307e+06
1.86538e+06
0
6.619e+08
9.20564e+10
1.20441e+11
1.17777e+11
1.11775e+11
1.04209e+11
9.52384e+10
8.50758e+10
7.4028e+10
6.25155e+10
5.10742e+10
4.03686e+10
3.1044e+10
2.363e+10
1.86992e+10
1.6138e+10
1.52154e+10
1.52177e+10
1.46761e+10
1.22698e+10
8.64527e+09
5.23466e+09
2.88655e+09
1.53959e+09
7.58663e+08
2.90154e+08
6.92332e+07
9.8634e+06
1.97731e+06
0
1.165e+10
9.11461e+10
1.15478e+11
1.12502e+11
1.0663e+11
9.92612e+10
9.05642e+10
8.07616e+10
7.0167e+10
5.92011e+10
4.83913e+10
3.83692e+10
2.9732e+10
2.29779e+10
1.87156e+10
1.6412e+10
1.56092e+10
1.54317e+10
1.44613e+10
1.16916e+10
8.00681e+09
4.76003e+09
2.61229e+09
1.39158e+09
6.70565e+08
2.44659e+08
5.33896e+07
7.88499e+06
1.63706e+06
0
0
3.38857e+10
4.14626e+10
4.03983e+10
3.84327e+10
3.59639e+10
3.30958e+10
2.99436e+10
2.66481e+10
2.338e+10
2.03636e+10
1.7992e+10
1.61376e+10
1.48281e+10
1.40605e+10
1.36757e+10
1.33792e+10
1.25592e+10
1.06739e+10
7.97849e+09
5.25604e+09
3.1674e+09
1.84518e+09
1.04038e+09
5.06578e+08
1.82586e+08
3.86245e+07
6.50448e+06
1.49796e+06
0
0
2.95803e+10
3.86822e+10
3.78298e+10
3.60258e+10
3.37436e+10
3.10745e+10
2.81222e+10
2.50173e+10
2.19277e+10
1.90819e+10
1.69472e+10
1.52456e+10
1.40925e+10
1.35102e+10
1.33518e+10
1.33152e+10
1.29534e+10
1.15258e+10
9.02577e+09
6.17664e+09
3.79729e+09
2.21863e+09
1.27205e+09
6.60484e+08
2.65168e+08
6.84345e+07
1.06797e+07
2.29503e+06
0
0
2.95986e+10
3.92041e+10
3.83757e+10
3.65506e+10
3.4238e+10
3.15294e+10
2.85293e+10
2.5369e+10
2.22178e+10
1.92998e+10
1.7098e+10
1.53492e+10
1.41514e+10
1.35372e+10
1.33661e+10
1.33349e+10
1.30018e+10
1.16149e+10
9.13451e+09
6.27337e+09
3.86405e+09
2.25743e+09
1.29415e+09
6.74e+08
2.72238e+08
7.10382e+07
1.10502e+07
2.35835e+06
0
0
2.89169e+10
3.89319e+10
3.81547e+10
3.63506e+10
3.40589e+10
3.13698e+10
2.83863e+10
2.52393e+10
2.20987e+10
1.9189e+10
1.69989e+10
1.52532e+10
1.40586e+10
1.34559e+10
1.3309e+10
1.33137e+10
1.30328e+10
1.17035e+10
9.25433e+09
6.38538e+09
3.94373e+09
2.3048e+09
1.32254e+09
6.93238e+08
2.83422e+08
7.55809e+07
1.17471e+07
2.48183e+06
0
0
3.273e+10
4.18953e+10
4.1095e+10
3.93261e+10
3.7056e+10
3.43688e+10
3.13593e+10
2.81496e+10
2.48936e+10
2.17833e+10
1.91807e+10
1.71575e+10
1.56289e+10
1.4636e+10
1.40785e+10
1.37027e+10
1.3033e+10
1.13757e+10
8.77638e+09
5.94145e+09
3.6328e+09
2.1211e+09
1.21122e+09
6.1878e+08
2.42234e+08
5.9805e+07
9.48828e+06
2.08095e+06
0
4.74313e+09
1.88319e+10
2.17051e+10
2.17091e+10
2.12258e+10
2.04753e+10
1.9522e+10
1.84159e+10
1.72105e+10
1.59873e+10
1.48521e+10
1.38395e+10
1.2994e+10
1.23266e+10
1.17995e+10
1.13339e+10
1.06381e+10
9.39022e+09
7.56795e+09
5.51003e+09
3.68271e+09
2.35591e+09
1.49901e+09
9.17551e+08
4.79625e+08
1.89848e+08
4.73496e+07
8.50349e+06
2.08518e+06
0
0
1.87826e+10
2.23291e+10
2.24075e+10
2.20029e+10
2.13403e+10
2.04697e+10
1.94339e+10
1.82812e+10
1.7066e+10
1.58564e+10
1.47255e+10
1.3737e+10
1.29267e+10
1.22868e+10
1.17538e+10
1.11548e+10
1.01123e+10
8.45532e+09
6.38654e+09
4.37866e+09
2.81902e+09
1.78636e+09
1.11428e+09
6.2087e+08
2.71351e+08
8.11188e+07
1.4188e+07
3.19234e+06
0
0
1.85994e+10
2.22585e+10
2.23425e+10
2.19408e+10
2.12823e+10
2.04168e+10
1.93835e+10
1.82367e+10
1.70303e+10
1.58305e+10
1.47087e+10
1.37276e+10
1.29214e+10
1.2287e+10
1.17659e+10
1.11872e+10
1.01693e+10
8.53008e+09
6.4621e+09
4.43901e+09
2.85862e+09
1.8097e+09
1.12911e+09
6.31326e+08
2.7747e+08
8.36608e+07
1.4633e+07
3.26861e+06
0
0
1.81758e+10
2.19374e+10
2.2039e+10
2.16562e+10
2.10214e+10
2.01833e+10
1.91857e+10
1.80795e+10
1.69178e+10
1.57653e+10
1.46916e+10
1.37541e+10
1.29807e+10
1.23664e+10
1.18543e+10
1.12893e+10
1.02856e+10
8.6519e+09
6.57474e+09
4.52786e+09
2.91892e+09
1.84767e+09
1.15459e+09
6.49295e+08
2.88088e+08
8.83596e+07
1.55549e+07
3.43374e+06
0
4.1238e+09
1.95348e+10
2.29155e+10
2.30416e+10
2.26632e+10
2.20157e+10
2.11628e+10
2.01437e+10
1.90012e+10
1.77879e+10
1.65672e+10
1.54061e+10
1.43649e+10
1.34761e+10
1.27306e+10
1.20692e+10
1.12797e+10
1.00331e+10
8.22843e+09
6.11498e+09
4.15137e+09
2.67015e+09
1.70036e+09
1.05763e+09
5.76869e+08
2.44006e+08
6.96674e+07
1.22504e+07
2.84336e+06
7.79628e+09
1.22298e+10
1.47853e+10
1.58074e+10
1.60258e+10
1.58404e+10
1.54112e+10
1.48124e+10
1.40917e+10
1.32908e+10
1.2452e+10
1.1618e+10
1.08279e+10
1.01064e+10
9.44826e+09
8.79994e+09
8.05735e+09
7.10766e+09
5.91718e+09
4.59454e+09
3.34488e+09
2.34193e+09
1.63176e+09
1.13579e+09
7.41192e+08
4.09241e+08
1.74458e+08
4.90861e+07
9.81117e+06
2.62155e+06
0
1.08376e+10
1.45564e+10
1.59253e+10
1.62566e+10
1.61542e+10
1.5807e+10
1.52876e+10
1.46386e+10
1.38961e+10
1.30976e+10
1.22839e+10
1.14953e+10
1.07641e+10
1.01003e+10
9.47252e+09
8.79265e+09
7.93367e+09
6.80636e+09
5.45557e+09
4.07132e+09
2.87731e+09
1.99486e+09
1.3934e+09
9.48986e+08
5.70367e+08
2.7361e+08
9.50623e+07
1.95481e+07
4.60044e+06
0
1.08508e+10
1.47029e+10
1.6107e+10
1.64445e+10
1.63429e+10
1.59939e+10
1.54698e+10
1.48126e+10
1.4058e+10
1.32436e+10
1.24106e+10
1.16007e+10
1.08482e+10
1.01651e+10
9.52259e+09
8.83555e+09
7.97831e+09
6.8569e+09
5.50786e+09
4.11724e+09
2.91136e+09
2.01683e+09
1.40676e+09
9.57812e+08
5.76691e+08
2.77443e+08
9.67264e+07
1.99017e+07
4.65579e+06
0
1.07594e+10
1.47114e+10
1.61416e+10
1.64876e+10
1.63937e+10
1.6053e+10
1.55372e+10
1.48873e+10
1.4138e+10
1.33261e+10
1.24926e+10
1.1679e+10
1.09203e+10
1.02298e+10
9.58034e+09
8.8887e+09
8.03089e+09
6.91162e+09
5.56236e+09
4.16524e+09
2.94787e+09
2.04151e+09
1.42316e+09
9.70073e+08
5.86279e+08
2.83624e+08
9.97158e+07
2.0659e+07
4.7907e+06
0
1.04799e+10
1.4552e+10
1.60123e+10
1.63675e+10
1.62836e+10
1.59554e+10
1.54544e+10
1.4821e+10
1.40894e+10
1.32958e+10
1.24804e+10
1.16844e+10
1.09425e+10
1.02681e+10
9.63415e+09
8.95699e+09
8.11089e+09
6.99814e+09
5.64703e+09
4.23824e+09
3.0028e+09
2.07877e+09
1.44876e+09
9.90654e+08
6.03366e+08
2.95072e+08
1.05493e+08
2.22179e+07
5.06923e+06
6.04929e+09
1.20603e+10
1.54178e+10
1.66978e+10
1.69955e+10
1.68504e+10
1.64468e+10
1.58597e+10
1.51341e+10
1.43088e+10
1.34245e+10
1.25249e+10
1.16535e+10
1.08452e+10
1.01106e+10
9.41707e+09
8.67658e+09
7.76743e+09
6.61069e+09
5.25995e+09
3.9042e+09
2.75406e+09
1.913e+09
1.33834e+09
9.0651e+08
5.37193e+08
2.52813e+08
8.52908e+07
1.72597e+07
4.17998e+06
1.07285e+10
1.11694e+10
1.15437e+10
1.17454e+10
1.17758e+10
1.16624e+10
1.14324e+10
1.11082e+10
1.0709e+10
1.02534e+10
9.75901e+09
9.24206e+09
8.71309e+09
8.17142e+09
7.5992e+09
6.96022e+09
6.21206e+09
5.33506e+09
4.36419e+09
3.39362e+09
2.53806e+09
1.87359e+09
1.39926e+09
1.04484e+09
7.28669e+08
4.33676e+08
2.05032e+08
6.95912e+07
1.50314e+07
4.03406e+06
1.05048e+10
1.12607e+10
1.18581e+10
1.21843e+10
1.22746e+10
1.21852e+10
1.19583e+10
1.16235e+10
1.12035e+10
1.07195e+10
1.01926e+10
9.64325e+09
9.08854e+09
8.53594e+09
7.97585e+09
7.37591e+09
6.68601e+09
5.86258e+09
4.90786e+09
3.89473e+09
2.94508e+09
2.16763e+09
1.60046e+09
1.197e+09
8.6625e+08
5.5369e+08
2.87576e+08
1.12632e+08
2.71899e+07
6.41538e+06
1.0385e+10
1.11848e+10
1.18128e+10
1.21572e+10
1.22588e+10
1.21777e+10
1.19579e+10
1.16297e+10
1.1216e+10
1.0738e+10
1.02165e+10
9.6721e+09
9.12184e+09
8.57337e+09
8.0173e+09
7.42141e+09
6.73516e+09
5.91371e+09
4.95761e+09
3.93881e+09
2.98007e+09
2.19261e+09
1.61721e+09
1.20878e+09
8.75655e+08
5.61217e+08
2.92515e+08
1.15084e+08
2.79574e+07
6.54046e+06
9.66689e+09
1.05136e+10
1.11901e+10
1.15763e+10
1.17141e+10
1.16672e+10
1.14824e+10
1.11913e+10
1.08176e+10
1.03823e+10
9.90599e+09
9.40833e+09
8.90523e+09
8.40283e+09
7.88988e+09
7.3321e+09
6.67706e+09
5.87888e+09
4.93831e+09
3.9286e+09
2.97422e+09
2.18809e+09
1.61282e+09
1.20526e+09
8.7469e+08
5.62952e+08
2.9503e+08
1.16836e+08
2.85895e+07
6.65518e+06
1.07723e+10
1.13959e+10
1.18873e+10
1.2143e+10
1.21878e+10
1.20671e+10
1.18173e+10
1.14647e+10
1.10314e+10
1.05378e+10
1.00049e+10
9.45277e+09
8.8975e+09
8.34518e+09
7.78447e+09
7.1817e+09
6.48748e+09
5.66235e+09
4.71507e+09
3.7232e+09
2.80675e+09
2.06604e+09
1.52874e+09
1.14192e+09
8.17505e+08
5.12145e+08
2.59056e+08
9.73828e+07
2.22742e+07
5.50002e+06
0
0
0
0
0
0
0
0
0
0
0
0
0
0
0
0
0
0
0
0
0
0
0
0
0
0
0
0
0
0
0
0
0
0
0
0
0
0
0
0
0
0
0
0
0
0
0
0
0
0
0
0
0
0
0
0
0
0
0
0
0
0
0
0
0
0
0
0
0
0
0
0
0
0
0
0
0
0
0
0
0
0
0
0
0
0
0
0
0
0
0
0
0
0
0
0
0
0
0
0
0
0
0
0
0
0
0
0
0
0
0
0
0
0
0
0
0
0
0
0
0
0
0
0
0
0
0
0
0
0
0
0
0
0
0
0
0
0
0
0
0
0
0
0
0
0
0
0
0
0
0
0
0
0
0
0
0
0
0
0
0
0
0
0
0
0
0
0
0
0
0
0
0
0
0
0
0
0
0
0
0
0
0
0
0
0
0
0
0
0
0
0
0
0
0
0
0
0
0
0
0
0
0
0
0
0
0
0
0
0
0
0
0
0
0
0
0
0
0
0
0
0
0
0
0
0
0
0
0
0
0
0
0
0
0
0
0
0
0
0
0
0
0
0
0
0
0
0
0
0
0
0
0
0
0
0
0
0
0
0
0
0
0
0
0
0
0
0
0
0
0
0
0
0
0
0
0
0
0
0
0
0
0
0
0
0
0
0
0
0
0
0
0
0
0
0
0
0
0
0
0
0
0
0
0
0
0
0
0
0
0
0
0
0
0
0
0
0
0
0
0
0
0
0
0
0
0
0
0
0
0
0
0
0
0
0
0
0
0
0
0
0
0
0
0
0
0
0
0
0
0
0
0
0
0
0
0
0
0
0
0
0
0
0
0
0
0
0
0
0
0
0
0
0
0
0
0
0
0
0
0
0
0
0
0
0
0
0
0
0
0
0
0
0
0
0
0
0
0
0
0
0
0
0
0
0
0
0
0
0
0
0
0
0
0
0
0
0
0
0
0
0
0
0
0
0
0
0
0
0
0
0
0
0
0
0
0
0
0
0
0
0
0
0
0
0
0
0
0
0
0
0
0
0
0
0
0
0
0
0
0
0
0
0
0
0
0
0
0
0
0
0
0
0
0
0
0
0
0
0
0
0
0
0
0
0
0
0
0
0
0
0
0
0
0
0
0
0
0
0
0
0
0
0
0
0
0
0
0
0
0
0
0
0
0
0
0
0
0
0
0
0
0
0
0
0
0
0
0
0
0
0
0
0
0
0
0
0
0
0
0
0
0
0
0
0
0
0
0
0
0
0
0
0
0
0
0
0
0
0
0
0
0
0
0
0
0
0
0
0
0
0
0
0
0
0
0
0
0
0
0
0
0
0
0
0
0
0
0
0
0
0
0
0
0
0
0
0
0
0
0
0
0
0
0
0
0
0
0
0
0
0
0
0
0
0
0
0
0
0
0
0
0
0
0
0
0
0
0
0
0
0
0
0
0
0
0
0
0
0
0
0
0
0
0
0
0
0
0
0
0
0
0
0
0
0
0
0
0
0
0
0
0
0
0
0
0
0
0
0
0
0
0
0
0
0
0
0
0
0
0
0
0
0
0
0
0
0
0
0
0
0
0
0
0
0
0
0
0
0
0
0
0
0
0
0
0
0
0
0
0
0
0
0
0
0
0
0
0
0
0
0
0
0
0
0
0
0
0
0
0
0
0
0
0
0
0
0
0
0
0
0
0
0
0
0
0
0
0
0
0
0
0
0
0
0
0
0
0
0
0
0
0
0
0
0
0
0
0
0
0
0
0
0
0
0
0
0
0
0
0
0
0
0
0
0
0
0
0
0
0
0
0
0
0
0
0
0
0
0
0
0
0
0
0
0
0
0
0
0
0
0
0
0
0
0
0
0
0
0
0
0
0
0
0
0
0
0
0
0
0
0
0
0
0
0
0
0
0
0
0
0
0
0
0
0
0
0
0
0
0
0
0
0
0
0
0
0
0
0
0
0
0
0
0
0
0
0
0
0
0
0
0
0
0
0
0
0
0
0
0
0
0
0
0
0
0
0
0
0
0
0
0
0
0
0
0
0
0
0
0
0
0
0
0
0
0
0
0
0
0
0
0
0
0
0
0
0
0
0
0
0
0
0
0
0
0
0
0
0
0
0
0
0
0
0
0
0
0
0
0
0
0
0
0
0
0
0
0
0
0
0
0
0
0
0
0
0
0
0
0
0
0
0
0
0
0
0
0
0
0
0
0
0
0
0
0
0
0
0
0
0
0
0
0
0
0
0
0
0
0
0
0
0
0
0
0
0
0
0
0
0
0
0
0
0
0
0
0
0
0
0
0
0
0
0
0
0
0
0
0
0
0
0
0
0
0
0
0
0
0
0
0
0
0
0
0
0
0
0
0
0
0
0
0
0
0
0
0
0
0
0
0
0
0
0
0
0
0
0
0
0
0
0
0
0
0
0
0
0
0
0
0
0
0
0
0
0
0
0
0
0
0
0
0
0
0
0
0
0
0
0
0
0
0
0
0
0
0
0
0
0
0
0
0
0
0
0
0
0
0
0
0
0
0
0
0
0
0
0
0
0
0
0
0
0
0
0
0
0
0
0
0
0
0
0
0
0
0
0
0
0
0
0
0
0
0
0
0
0
0
0
0
0
0
0
0
0
0
0
0
0
0
0
0
0
0
0
0
0
0
0
0
0
0
0
0
0
0
0
0
0
0
0
0
0
0
0
0
0
0
0
0
0
0
0
0
0
0
0
0
0
0
0
0
0
0
0
0
0
0
0
0
0
0
0
0
0
0
0
0
0
0
0
0
0
0
0
0
0
0
0
0
0
0
0
0
0
0
0
0
0
0
0
0
0
0
0
0
0
0
0
0
0
0
0
0
0
0
0
0
0
0
0
0
0
0
0
0
0
0
0
0
0
0
0
0
0
0
0
0
0
0
0
0
0
0
0
0
0
0
0
0
0
0
0
0
0
0
0
0
0
0
0
0
0
0
0
0
0
0
0
0
0
0
0
0
0
0
0
0
0
0
0
0
0
0
0
0
0
0
0
0
0
0
0
0
0
0
0
0
0
0
0
0
0
0
0
0
0
0
0
0
0
0
0
0
0
0
0
0
0
0
0
0
0
0
0
0
0
0
0
0
0
0
0
0
0
0
0
0
0
0
0
0
0
0
0
0
0
0
0
0
0
0
0
0
0
0
0
0
0
0
0
0
0
0
0
0
0
0
0
0
0
0
0
0
0
0
0
)
;

boundaryField
{
    fuelBottom
    {
        type            empty;
    }
    fuelTop_1
    {
        type            empty;
    }
    fuelOuter
    {
        type            zeroGradient;
    }
    fuelTop
    {
        type            empty;
    }
    fuelInner
    {
        type            zeroGradient;
    }
    cladBottom
    {
        type            empty;
    }
    cladInner
    {
        type            zeroGradient;
    }
    cladOuter
    {
        type            zeroGradient;
    }
    cladTop
    {
        type            empty;
    }
    front
    {
        type            wedge;
    }
    back
    {
        type            wedge;
    }
}


// ************************************************************************* //
