/*--------------------------------*- C++ -*----------------------------------*\
| =========                 |                                                 |
| \\      /  F ield         | OpenFOAM: The Open Source CFD Toolbox           |
|  \\    /   O peration     | Version:  v1906                                 |
|   \\  /    A nd           | Web:      www.OpenFOAM.com                      |
|    \\/     M anipulation  |                                                 |
\*---------------------------------------------------------------------------*/
FoamFile
{
    version     2.0;
    format      ascii;
    class       volScalarField;
    location    "0.394154/fluidRegion";
    object      p;
}
// * * * * * * * * * * * * * * * * * * * * * * * * * * * * * * * * * * * * * //

dimensions      [1 -1 -2 0 0 0 0];


internalField   nonuniform List<scalar> 
1200
(
104617
104609
104601
104592
104584
104576
104567
104559
104551
104542
104534
104526
104517
104509
104501
104492
104484
104476
104467
104459
104451
104442
104434
104426
104417
104409
104401
104392
104384
104376
104617
104609
104601
104592
104584
104576
104567
104559
104551
104542
104534
104526
104517
104509
104501
104492
104484
104476
104467
104459
104451
104442
104434
104426
104417
104409
104401
104392
104384
104376
104617
104609
104601
104592
104584
104576
104567
104559
104551
104542
104534
104526
104517
104509
104501
104492
104484
104476
104467
104459
104451
104442
104434
104426
104417
104409
104401
104392
104384
104376
104617
104609
104601
104592
104584
104576
104567
104559
104551
104542
104534
104526
104517
104509
104501
104492
104484
104476
104467
104459
104451
104442
104434
104426
104417
104409
104401
104392
104384
104375
104617
104609
104601
104592
104584
104576
104567
104559
104551
104542
104534
104526
104517
104509
104501
104492
104484
104476
104467
104459
104451
104442
104434
104426
104417
104409
104401
104392
104384
104375
104617
104609
104601
104592
104584
104576
104567
104559
104551
104542
104534
104526
104517
104509
104501
104492
104484
104476
104467
104459
104451
104442
104434
104426
104417
104409
104401
104392
104384
104375
104617
104609
104601
104592
104584
104576
104567
104559
104551
104542
104534
104526
104517
104509
104501
104492
104484
104476
104467
104459
104451
104442
104434
104426
104417
104409
104401
104392
104384
104375
104617
104609
104601
104592
104584
104576
104567
104559
104551
104542
104534
104526
104517
104509
104501
104492
104484
104476
104467
104459
104451
104442
104434
104426
104417
104409
104401
104392
104384
104376
104617
104609
104601
104592
104584
104576
104567
104559
104551
104542
104534
104526
104517
104509
104501
104492
104484
104476
104467
104459
104451
104442
104434
104426
104417
104409
104401
104392
104384
104376
104617
104609
104601
104592
104584
104576
104567
104559
104551
104542
104534
104526
104517
104509
104501
104492
104484
104476
104467
104459
104451
104442
104434
104426
104417
104409
104401
104392
104384
104376
101760
101745
101695
101636
101575
101513
101451
101390
101328
101266
101204
101142
101081
101019
100957
100895
100833
100771
100710
100648
100586
100524
100462
100401
100339
100278
100216
100155
100094
100032
101764
101746
101695
101636
101575
101513
101451
101390
101328
101266
101204
101142
101081
101019
100957
100895
100833
100771
100710
100648
100586
100524
100462
100401
100339
100278
100216
100155
100094
100032
101767
101747
101695
101636
101575
101513
101451
101390
101328
101266
101204
101142
101081
101019
100957
100895
100833
100771
100710
100648
100586
100524
100462
100401
100339
100278
100216
100155
100094
100032
101769
101748
101695
101636
101575
101513
101451
101390
101328
101266
101204
101142
101081
101019
100957
100895
100833
100771
100710
100648
100586
100524
100462
100401
100339
100278
100216
100155
100094
100032
101770
101749
101695
101636
101575
101513
101451
101390
101328
101266
101204
101142
101081
101019
100957
100895
100833
100771
100710
100648
100586
100524
100462
100401
100339
100278
100216
100155
100094
100032
101770
101749
101695
101636
101575
101513
101451
101390
101328
101266
101204
101142
101081
101019
100957
100895
100833
100771
100710
100648
100586
100524
100462
100401
100339
100278
100216
100155
100094
100032
101769
101748
101695
101636
101575
101513
101451
101390
101328
101266
101204
101142
101081
101019
100957
100895
100833
100771
100710
100648
100586
100524
100462
100401
100339
100278
100216
100155
100094
100032
101767
101747
101695
101636
101575
101513
101451
101390
101328
101266
101204
101142
101081
101019
100957
100895
100833
100771
100710
100648
100586
100524
100462
100401
100339
100278
100216
100155
100094
100032
101764
101746
101695
101636
101575
101513
101451
101390
101328
101266
101204
101142
101081
101019
100957
100895
100833
100771
100710
100648
100586
100524
100462
100401
100339
100278
100216
100155
100094
100032
101760
101745
101695
101636
101575
101513
101451
101390
101328
101266
101204
101142
101081
101019
100957
100895
100833
100771
100710
100648
100586
100524
100462
100401
100339
100278
100216
100155
100094
100032
104357
104327
104310
104296
104282
104268
104253
104238
104223
104207
104190
104173
104155
104136
104117
104097
104078
104058
104038
104017
103995
103972
103948
103923
103897
103870
103842
103813
103782
103750
103716
103681
103644
103606
103566
103525
103481
103435
103387
103337
103285
103230
103172
103111
103048
102981
102912
102842
102770
102695
102619
102540
102459
102376
102290
102202
102110
102015
101917
101814
104355
104326
104310
104296
104282
104268
104253
104238
104223
104207
104190
104173
104155
104136
104117
104097
104078
104058
104038
104017
103995
103972
103948
103923
103897
103870
103842
103813
103782
103750
103716
103681
103644
103606
103566
103525
103481
103435
103387
103337
103285
103230
103172
103111
103048
102981
102912
102842
102770
102695
102619
102540
102459
102376
102290
102202
102110
102015
101917
101814
104354
104326
104310
104296
104282
104268
104253
104238
104223
104207
104190
104173
104155
104136
104117
104097
104078
104058
104038
104017
103995
103972
103948
103923
103897
103870
103842
103813
103782
103750
103716
103681
103644
103606
103566
103525
103481
103435
103387
103337
103285
103230
103172
103111
103048
102981
102912
102842
102770
102695
102619
102540
102459
102376
102290
102202
102110
102015
101917
101815
104353
104325
104310
104296
104282
104268
104253
104238
104223
104207
104190
104173
104155
104136
104117
104097
104078
104058
104038
104017
103995
103972
103948
103923
103897
103870
103842
103813
103782
103750
103716
103681
103644
103606
103566
103525
103481
103435
103387
103337
103285
103230
103172
103111
103048
102981
102912
102842
102770
102695
102619
102540
102459
102376
102290
102202
102110
102015
101917
101815
104353
104325
104310
104296
104282
104268
104253
104238
104223
104207
104190
104173
104155
104136
104117
104097
104078
104058
104038
104017
103995
103972
103948
103923
103897
103870
103842
103813
103782
103750
103716
103681
103644
103606
103566
103525
103481
103435
103387
103337
103285
103230
103172
103111
103048
102981
102912
102842
102770
102695
102619
102540
102459
102376
102290
102202
102110
102015
101917
101816
104353
104325
104310
104296
104282
104268
104253
104238
104223
104207
104190
104173
104155
104136
104117
104097
104078
104058
104038
104017
103995
103972
103948
103923
103897
103870
103842
103813
103782
103750
103716
103681
103644
103606
103566
103525
103481
103435
103387
103337
103285
103230
103172
103111
103048
102981
102912
102842
102770
102695
102619
102540
102459
102376
102290
102202
102110
102015
101917
101816
104353
104325
104310
104296
104282
104268
104253
104238
104223
104207
104190
104173
104155
104136
104117
104097
104078
104058
104038
104017
103995
103972
103948
103923
103897
103870
103842
103813
103782
103750
103716
103681
103644
103606
103566
103525
103481
103435
103387
103337
103285
103230
103172
103111
103048
102981
102912
102842
102770
102695
102619
102540
102459
102376
102290
102202
102110
102015
101917
101815
104354
104326
104310
104296
104282
104268
104253
104238
104223
104207
104190
104173
104155
104136
104117
104097
104078
104058
104038
104017
103995
103972
103948
103923
103897
103870
103842
103813
103782
103750
103716
103681
103644
103606
103566
103525
103481
103435
103387
103337
103285
103230
103172
103111
103048
102981
102912
102842
102770
102695
102619
102540
102459
102376
102290
102202
102110
102015
101917
101815
104355
104326
104310
104296
104282
104268
104253
104238
104223
104207
104190
104173
104155
104136
104117
104097
104078
104058
104038
104017
103995
103972
103948
103923
103897
103870
103842
103813
103782
103750
103716
103681
103644
103606
103566
103525
103481
103435
103387
103337
103285
103230
103172
103111
103048
102981
102912
102842
102770
102695
102619
102540
102459
102376
102290
102202
102110
102015
101917
101814
104357
104327
104310
104296
104282
104268
104253
104238
104223
104207
104190
104173
104155
104136
104117
104097
104078
104058
104038
104017
103995
103972
103948
103923
103897
103870
103842
103813
103782
103750
103716
103681
103644
103606
103566
103525
103481
103435
103387
103337
103285
103230
103172
103111
103048
102981
102912
102842
102770
102695
102619
102540
102459
102376
102290
102202
102110
102015
101917
101814
)
;

boundaryField
{
    inlet
    {
        type            calculated;
        value           nonuniform List<scalar> 10(104621 104621 104621 104621 104621 104621 104621 104621 104621 104621);
    }
    outlet
    {
        type            calculated;
        value           uniform 100000;
    }
    fixedWalls
    {
        type            calculated;
        value           nonuniform List<scalar> 
240
(
104617
104609
104601
104592
104584
104576
104567
104559
104551
104542
104534
104526
104517
104509
104501
104492
104484
104476
104467
104459
104451
104442
104434
104426
104417
104409
104401
104392
104384
104376
104359
104328
104311
104296
104282
104268
104253
104238
104223
104207
104191
104173
104155
104137
104117
104098
104078
104058
104038
104017
103995
103972
103948
103923
103897
103870
103842
103813
103782
103750
103716
103681
103645
103606
103566
103525
103481
103435
103387
103337
103285
103230
103172
103111
103048
102981
102913
102842
102770
102696
102619
102541
102460
102376
102291
102202
102110
102015
101917
101814
101757
101745
101695
101636
101575
101513
101451
101390
101328
101266
101204
101142
101081
101019
100957
100895
100833
100771
100710
100648
100586
100524
100462
100401
100339
100278
100216
100155
100094
100032
104617
104609
104601
104592
104584
104576
104567
104559
104551
104542
104534
104526
104517
104509
104501
104492
104484
104476
104467
104459
104451
104442
104434
104426
104417
104409
104401
104392
104384
104376
104359
104328
104311
104296
104282
104268
104253
104238
104223
104207
104191
104173
104155
104137
104117
104098
104078
104058
104038
104017
103995
103972
103948
103923
103897
103870
103842
103813
103782
103750
103716
103681
103645
103606
103566
103525
103481
103435
103387
103337
103285
103230
103172
103111
103048
102981
102913
102842
102770
102696
102619
102541
102460
102376
102291
102202
102110
102015
101917
101814
101757
101745
101695
101636
101575
101513
101451
101390
101328
101266
101204
101142
101081
101019
100957
100895
100833
100771
100710
100648
100586
100524
100462
100401
100339
100278
100216
100155
100094
100032
)
;
    }
    frontAndBack
    {
        type            empty;
    }
}


// ************************************************************************* //
