/*--------------------------------*- C++ -*----------------------------------*\
| =========                 |                                                 |
| \\      /  F ield         | OpenFOAM: The Open Source CFD Toolbox           |
|  \\    /   O peration     | Version:  v1812                                 |
|   \\  /    A nd           | Web:      www.OpenFOAM.com                      |
|    \\/     M anipulation  |                                                 |
\*---------------------------------------------------------------------------*/
FoamFile
{
    version     2.0;
    format      ascii;
    class       faceSet;
    location    "constant/fluidRegion/polyMesh/sets";
    object      walls;
}
// * * * * * * * * * * * * * * * * * * * * * * * * * * * * * * * * * * * * * //


2666
(
4098
4102
8
4105
4108
12
14
4111
4114
4117
23
4120
4123
27
4125
29
4127
4128
32
4132
36
38
4135
40
12329
4138
43
44
12333
4141
8238
12335
4144
48
8242
4147
8245
53
4150
8248
56
4153
8251
4155
4157
8254
4160
8257
4162
8260
4164
12357
4166
8263
71
4168
72
8265
4170
4172
77
4174
4175
80
4179
83
87
4184
89
12380
4188
93
12383
12384
4192
98
4196
101
4200
4204
109
4208
112
113
4212
117
4215
122
125
12419
12422
134
12423
138
140
12431
143
12434
12435
4248
155
4252
4255
159
8352
161
4258
8355
12452
8357
4261
12455
12456
4264
4267
171
4270
176
4273
4275
179
182
186
188
190
193
194
12486
198
12489
4298
203
4302
206
12496
4305
209
12498
4308
213
4311
215
4314
218
4317
222
4320
224
12515
4323
228
4325
233
236
238
241
242
250
253
254
8449
258
8454
263
8458
266
270
4368
275
4372
278
4375
4378
4381
12574
4384
289
12578
4387
12580
292
293
12582
4390
295
12584
12585
4393
12586
298
4395
299
301
304
305
12596
12600
12603
12606
12608
4418
12611
4422
12615
12616
328
4425
12618
12619
331
4428
332
12622
4431
335
12624
4434
12627
339
12629
4437
341
12632
4440
12634
4443
4445
12638
354
12646
359
363
12652
368
371
12660
12661
12671
4479
12673
12674
4484
12677
12678
4488
12682
4491
12685
4494
12689
4497
12691
4500
12693
12694
8599
4503
4505
12698
12702
12704
421
424
12713
425
12715
12717
12718
12720
12730
444
449
452
455
12746
459
461
12753
469
470
474
479
12770
482
485
489
12778
491
494
12784
498
12787
500
12789
12791
503
12794
507
509
12800
512
12801
516
518
12809
12812
525
12815
12816
530
533
536
12825
12827
12829
541
12831
544
12833
545
12836
552
557
12846
12848
560
12850
12852
12854
12855
12857
4668
572
12861
12864
4672
4675
4678
12871
583
4681
586
587
4684
4687
8784
12881
4690
8789
4693
4695
8792
12889
4697
8796
4700
4702
4704
8801
4706
12899
8804
4708
612
12901
4710
614
8807
4712
617
12906
4714
8811
4715
12909
8813
621
8815
4719
623
12914
8818
8819
627
4724
8821
12920
8824
4728
632
8825
635
4732
8829
637
4735
640
641
8834
4738
8837
12934
4742
12935
8840
4745
8844
4748
8846
4751
655
8849
4754
658
12947
659
12949
8853
4757
12951
8855
663
8856
4760
4763
668
8861
4765
12959
671
8864
4769
674
12963
8868
4774
678
680
8873
4778
8876
12973
8878
4782
8881
689
8882
4786
12979
8884
693
4790
8887
695
12984
8888
4794
698
12988
12990
8894
4798
702
704
8897
4802
707
12996
12997
8901
4805
12999
4807
711
713
13002
8906
4810
715
4812
8909
4814
718
8911
719
4816
13009
8914
4818
8915
4820
4822
13015
8919
4824
4825
13018
8924
733
13022
8927
13024
736
13025
737
13030
13033
13034
13037
750
4847
4848
13042
13043
4851
755
13044
4854
13048
760
4857
763
13052
4860
764
8957
13055
4863
8961
4865
13058
8963
4868
13061
8965
13063
8968
4872
776
8969
4875
780
4878
782
4881
4884
8981
4887
791
8985
13082
4890
8987
795
13085
4893
13087
4895
800
4897
13090
803
4900
13093
4902
806
13095
8999
4904
13097
4906
810
13099
9003
13100
4908
812
9005
4910
4912
4914
4915
821
4919
825
827
4924
13117
13120
4928
13122
4932
13125
9029
4936
9033
841
9035
9036
4940
844
845
9038
13136
4944
9041
849
13140
4948
9045
854
13143
9047
4952
13145
857
9050
13147
4955
13148
861
9054
4958
9056
13154
4962
4965
13158
9064
872
4969
9067
9068
876
4974
878
13167
9073
13170
4978
9076
9077
4982
9079
887
9082
4986
9083
891
893
4990
9087
895
4994
898
899
9092
901
4998
9095
13192
904
905
5002
13195
13197
5005
13199
9104
912
917
9111
920
9113
9116
924
13213
13216
9120
929
13218
9122
5028
932
934
9127
5032
13225
9130
13227
9131
5035
939
13228
5038
13232
944
5041
13234
947
13236
5044
13237
5047
5050
13243
956
5053
13246
5055
13248
960
5058
962
13251
9155
13253
13254
5062
9159
9161
5065
9164
5068
13261
5071
13264
9168
13266
9170
5074
9172
13269
5077
982
13271
9175
9176
5080
13273
985
986
5083
13276
5085
13279
13283
13287
13290
5098
5102
1007
5105
13298
1010
9203
5108
13301
1014
13303
9207
5111
1016
9209
13306
5114
13309
5117
13311
5120
13314
9218
5123
13317
5125
1029
9222
13319
9224
1034
1037
9231
1040
13331
9236
13334
1046
9239
13337
1050
5147
13340
1052
5150
1054
5152
1057
5154
1058
5156
13349
9253
1061
9254
5158
13351
5160
1065
9258
5162
1067
5164
5165
9263
9266
9269
9273
13370
9275
1083
13372
13374
9278
1088
9282
1091
9284
1094
13383
1098
13387
1100
13390
1103
13392
13394
13395
1107
1109
1111
5208
9305
1114
5211
1115
1116
9309
5214
1118
9311
1120
5217
1123
5220
1124
5223
1128
5225
13419
5227
1133
5230
5232
1136
9330
5234
1139
5236
5238
13431
9335
1143
5240
13433
1145
13434
9338
5242
9340
5244
5245
9343
9344
13442
1155
13446
9351
1160
13450
1163
9356
1166
9359
1170
1172
13462
13464
9369
13466
13468
13469
1181
9374
9377
1185
1187
9380
9384
5288
13482
9386
9388
5292
13486
9391
5295
9392
13489
1201
5298
13492
1204
5301
1205
5304
1209
13498
5307
5310
1214
5313
1217
13507
5315
9413
1221
5318
13511
9417
13514
5322
1226
9419
9421
5325
1229
9424
5328
9425
13522
5332
13525
13527
5336
9433
1243
9436
5340
9437
1246
1247
13536
5344
9441
13540
5348
13541
9446
5352
13545
9449
5355
13548
9452
5358
9456
13553
9458
5362
13557
9461
5365
5368
1272
9465
13562
9467
5371
13565
9469
1277
9470
5374
13567
1280
5377
13570
5380
9478
5383
9481
5385
9482
13579
5388
13582
13584
5392
1298
13587
5395
13590
9494
5398
1302
1304
13593
5401
9498
13596
9500
5404
1310
13599
9503
5407
13602
9506
5410
1314
13604
1316
5413
9510
1318
13607
5415
9512
1321
13610
1322
13611
9515
13612
1326
9519
9521
9523
1331
13622
9526
1334
9527
13625
13627
9531
13630
13631
1343
9536
13634
9539
1347
9540
13637
1349
13639
1352
9545
13642
5450
9548
5452
1356
5454
1358
5456
5458
13652
5460
9557
13654
5462
13656
5464
13657
9561
5465
1369
1370
9563
1372
5469
1375
13664
1376
5474
13667
1380
5478
9577
1385
9578
5482
1388
9581
5486
1391
9585
13682
5490
9587
1395
13684
13685
1397
5494
1400
13689
9594
5498
13692
5502
13695
9599
1407
5505
13698
9602
1412
13702
1415
1418
9611
9612
13709
1422
13711
13712
1424
9617
13716
9620
13720
5528
1433
13723
5532
9629
1437
13727
5535
1439
9633
5538
9635
5541
9640
5544
13737
9643
5547
1451
13740
9644
5550
13743
1455
13745
5553
1457
9650
13747
5555
13749
13750
9654
9656
13754
9659
13758
9663
1471
9665
1474
13763
9667
1475
13766
9670
1478
9671
13768
9675
13772
13774
13776
9680
13777
9683
1491
5588
9685
9688
5592
1496
9689
13787
5595
1499
13789
13790
5598
13792
5601
13794
13795
5604
13799
5607
5610
13803
9707
5613
13806
9711
5615
13809
9713
13811
17911
13817
17915
5638
13834
5642
5645
13838
5648
13841
9746
5651
13845
9750
5654
9752
13849
5657
9756
5660
13853
9758
5663
13857
5665
13860
13861
9765
13864
13866
9770
9773
13872
13875
13877
5687
5690
5692
1597
9790
5694
5696
1600
9793
1601
9794
5698
13892
5700
5702
5704
5705
1619
13912
9816
9821
13918
1631
9824
13922
9826
9828
13925
9830
13929
9833
13933
9837
1646
9839
13936
1649
13943
13947
13950
9855
9860
1669
1670
9863
9864
9866
13963
9869
13966
13968
9873
5778
9875
5782
5785
1689
9883
13980
5788
9886
9887
5791
1695
1697
13986
5794
9891
5797
13990
9896
5800
13993
9899
5803
5805
5808
5812
14007
5815
14009
14010
9920
9924
9926
1734
9929
1739
9933
9935
14032
9937
14034
9940
9941
9945
9950
14047
9953
14050
5858
9956
14053
5862
9960
14057
5865
9962
14060
5868
5871
5874
9971
5877
9975
5880
9977
14075
5883
9980
14077
5885
14078
9984
9986
14089
9995
9999
10001
5919
14112
14113
10017
5924
10022
5928
10025
14122
5932
5935
10034
5939
10038
10040
5944
1850
5948
1853
5952
1856
1858
5956
10054
1862
5960
10057
10058
1867
5964
10062
1870
5968
10067
1875
5972
10070
5975
5978
1883
14172
14173
1885
5982
1888
14177
5985
10082
5988
1892
10086
1894
5991
10088
1896
5994
5997
1902
6000
10097
6003
10101
6005
10103
6007
14200
1913
6010
1915
6012
6014
6016
6018
6020
10118
6022
1927
6024
6025
10122
10124
6028
1932
10127
6032
1936
10131
6035
1939
10133
1941
6038
10135
1944
6041
10138
1946
10139
6044
1950
10143
6047
6048
1953
14244
10148
6052
1956
14247
10151
6055
1959
14249
10154
6058
1963
6061
10158
10160
6064
1968
6067
1972
6070
10169
6073
1977
6075
10173
6077
1981
10175
6080
6082
1987
6084
6086
1991
6088
6090
6092
10190
6094
6095
1999
6097
10194
10196
6100
10198
6102
6104
2008
10201
10202
6106
2011
6108
2013
6110
6112
2017
6114
6115
2020
2022
6119
2026
6124
2031
6128
2034
6132
2037
2039
6136
2043
6140
6144
2048
10241
2051
6148
10245
2054
10247
6152
2056
6155
6158
2062
6162
10261
6165
2069
2071
10264
6168
10265
6171
10269
2077
6174
6177
2081
10274
2083
6180
10277
6183
10281
6185
6188
2094
6192
2097
6195
2101
6198
6201
6204
10301
2110
6207
10305
2113
6210
10307
2115
6213
6215
6218
2124
6222
2127
6225
2130
6228
6231
2137
6234
6237
2142
6240
10337
2146
6243
10341
6245
2150
10343
6248
2154
6252
2156
6255
10352
6258
10356
6261
10358
6264
6267
2171
10365
6270
2174
2176
6273
10370
6275
2180
10373
2183
2188
10382
10386
2195
10388
2198
6298
6302
2206
6305
2210
6308
2214
6311
2216
6314
6317
6320
6323
10421
6325
2229
10425
2234
10427
2236
2240
2248
2250
6347
6350
6352
6354
2259
10452
6356
6358
2262
6360
10457
2265
6362
10460
6364
2268
6365
2272
2276
2283
2287
2295
2300
2302
2306
2309
6408
2314
10507
6412
10510
10511
6416
2321
6420
2324
6424
2331
6428
6432
6435
2340
6438
10535
2345
6442
10539
2347
10541
6445
6448
2353
6451
2356
6454
6457
2361
6460
2366
6463
10561
6465
2371
10564
10565
6517
6520
6522
2427
6524
6526
6528
2432
6530
6532
2436
6534
6535
2440
10636
2444
10639
10640
2448
2452
6549
2456
6554
2460
6558
2463
6562
2466
6566
2470
2473
6570
2476
6574
2479
6578
2482
2485
6582
2488
6585
2491
6588
2493
6592
2496
6595
2499
6598
2502
6601
2505
6604
2508
6607
2511
2512
10706
6610
2514
6613
10710
2518
6615
10712
2522
10715
2526
10719
10721
10723
10726
10727
2538
10731
2542
10735
2545
10738
10739
2548
10743
2552
6650
2555
10748
6653
2557
10751
6655
2559
2561
2562
2564
2566
10761
2570
2572
2574
2576
2578
10772
2580
6678
2582
10776
2584
2585
10778
6682
2587
6685
10782
2590
6688
2592
2594
10787
6691
2596
10790
6694
2598
2600
10793
6697
2602
6700
2604
10797
2605
10799
6703
6705
2609
6707
6710
2614
6712
6714
2618
6716
6718
2622
10816
6720
6722
2626
10819
10820
6724
6725
2630
2634
2638
2642
2645
2649
2654
10847
2658
10851
10853
6758
2662
6762
2666
6765
2670
10866
2674
2678
10871
10874
2682
10877
2685
2688
10881
10883
2691
10884
10886
2694
10889
2697
2700
10893
10895
2703
2705
10898
2707
10902
2710
10904
2712
2714
2716
2718
10912
2720
10914
2722
10916
2724
2725
2729
10924
2734
10927
10928
2738
10932
2742
10937
2746
10940
2750
10943
10945
2754
10948
10949
2758
10953
2762
2765
10958
10961
2769
2774
2778
2782
10976
2786
10979
2790
10983
6888
10985
2794
6892
2798
6895
10994
6898
2802
6901
2805
10998
11000
6904
6907
11004
11006
6910
6913
2818
6915
2822
2825
11020
2828
11023
2831
11024
2834
2837
2840
2843
11036
2845
2848
2852
2855
2858
11053
2861
11056
2864
11057
2867
11060
2870
6969
2873
11067
2875
11069
6974
2878
6978
2882
2885
6982
2888
6986
2891
11084
6990
2894
11088
2897
11090
6994
2900
6998
2903
2905
7002
2907
7005
2910
2912
7010
2914
2916
7013
2918
7015
2920
2922
11115
2924
2925
11120
11123
11127
11132
11135
11138
11142
11144
11148
2958
11153
2962
11156
2965
11158
2968
11161
11162
2971
11165
2974
11169
2977
11171
2980
2983
2985
11178
2989
11183
11185
2994
11188
11189
2998
7098
3002
7102
3006
7105
3010
7108
3014
7111
7114
3018
7117
3022
11216
7120
3025
11219
7123
3028
7125
3032
11225
7129
3035
7132
11229
3038
11231
7135
11233
7137
3041
11236
3044
11237
3047
3050
11244
3053
11246
3055
11248
3057
11251
11252
3060
3062
11256
3064
3066
3068
11261
3070
11264
3072
3074
11267
3075
3077
11271
3080
11273
3082
3084
3086
3088
11282
3090
3092
11286
3094
7191
3095
11288
7196
11310
11315
11318
11320
11323
11324
11331
7236
7240
11338
7243
11341
11342
7246
7249
7252
7255
7258
11355
7261
7263
11360
7265
11363
7268
11366
7270
3177
11370
11372
3180
11374
3182
3184
11377
11378
3186
3188
3190
3192
3194
3195
11391
11403
11408
11411
7316
7320
7323
7326
7329
7332
7335
7338
7341
7343
7344
7347
7350
7353
7355
11457
11459
3268
11462
3272
11466
3275
11468
11470
3278
11473
3281
11474
7378
3284
11478
3287
3288
11483
3292
11487
3295
3298
11492
3301
11495
3304
11497
3307
11500
11501
3310
3313
3315
3317
7415
3320
3322
7420
3324
3326
11520
7424
3328
3330
7428
3332
11525
3334
3335
7432
11529
3338
11531
7436
3342
7440
3345
7444
3348
3351
7448
3354
7451
3357
11551
3360
11554
11555
3363
3365
11559
3367
3370
11564
3372
3374
11567
3376
3378
3380
3382
11576
3384
3385
7485
3389
7490
3394
7493
3398
7496
3402
7499
7501
3406
3408
3410
3412
3414
11607
3415
11609
3419
3424
3428
11621
3432
3436
11630
3440
3444
11639
3448
11642
3452
11645
3455
3459
7558
7560
3464
7564
3468
11664
7568
3472
11666
7572
3476
11669
7576
3480
11673
11676
7580
3484
11678
7584
3488
7588
3492
7591
3495
3497
3500
3502
3504
3506
3508
3510
3512
3514
3515
3518
3522
3525
11718
3528
11723
3531
11725
11726
3534
3537
3540
3543
3545
11745
11747
11750
11753
11756
11758
3567
11762
3570
3572
3574
11767
11768
3576
3578
11771
3580
3582
11775
3584
11777
3585
11781
3589
11786
3594
11789
11790
3598
11792
3602
11795
3606
7706
3610
11804
7709
3614
7711
3618
3622
3625
3628
3632
11825
3635
3638
3641
11834
3644
3647
11841
3650
3652
11846
3654
3656
11849
3658
3660
7758
3662
3664
3665
11858
7762
7765
3669
11863
7768
11866
3674
11867
7771
7774
3678
3682
3686
11882
3690
11884
3694
3698
3702
3705
11900
11916
11918
11921
11930
11933
7837
11937
7842
11942
7846
7849
11947
7852
3757
11950
11951
7855
3760
7858
3762
11955
3764
7861
3766
7864
3768
11961
3770
11963
7867
3772
11965
7869
11966
3774
3775
3778
3782
3785
3788
3791
11984
3794
11989
3797
11990
3800
11994
3803
7900
3805
11999
7904
12003
7907
12005
7910
7913
3819
7916
12014
7919
3824
3828
12021
12023
3832
3836
3840
12034
3844
12037
12038
3848
12041
12044
3852
3855
12053
12058
12059
12071
12076
12079
12080
3888
12084
3892
12086
3896
3900
7998
3904
8002
3908
8005
8008
3912
8011
3915
8014
12111
8017
8020
8023
8025
12124
12128
12130
12132
12135
12136
3947
3950
12143
3952
3954
3956
3958
3960
3962
3964
3965
12165
12166
12170
12172
8077
8082
8086
8090
8094
8098
12199
12203
12205
12210
12214
12216
12223
12234
12237
12238
4068
4072
4075
4078
4081
4084
4087
4090
4093
4095
)


// ************************************************************************* //
