
/*
 crossSection dictionary
 Generatd by serpentToFoamXS 
 01-Apr-2019
 From SERPENT results file: godiva_res
*/

/*
physical delayed neutron fraction and spectrum
*/

FoamFile
{
    version     2.0;
    format      ascii;
    class       dictionary;
    location    constant;
    object      godiva_res;
}

 energyGroups 28 ; 

 precGroups 8 ; 

 pTarget 1.000000e+06 ; 

 keff 1.000000e+00 ; 

legendreMoments 3;
 
zones 
 ( 
uranium 
{ 
 fuelFraction 1.000000e+00 ; 
 IV nonuniform List<scalar> 28 (1.914620e-08 2.198230e-08 2.485030e-08 2.802040e-08 3.415680e-08 4.322810e-08 5.111160e-08 5.791090e-08 6.683340e-08 7.568300e-08 9.048220e-08 1.156200e-07 1.480010e-07 1.895250e-07 2.427850e-07 3.115460e-07 3.991390e-07 5.126360e-07 6.582010e-07 8.421790e-07 1.082760e-06 1.389430e-06 1.790670e-06 2.307330e-06 2.949280e-06 3.686130e-06 4.768600e-06 9.255060e-06  );
 D nonuniform List<scalar> 28 (2.272580e-02 2.085210e-02 1.977920e-02 1.930470e-02 1.759230e-02 1.538520e-02 1.443290e-02 1.445640e-02 1.445100e-02 1.402380e-02 1.262050e-02 1.035640e-02 8.368860e-03 7.086850e-03 6.293150e-03 5.670100e-03 5.234720e-03 4.878060e-03 4.583640e-03 4.341960e-03 4.131170e-03 3.912740e-03 3.511050e-03 3.047500e-03 2.509740e-03 2.636720e-03 2.389410e-03 1.609680e-03  );
 nuSigmaEff nonuniform List<scalar> 28 (4.316490e+01 3.266790e+01 3.018440e+01 2.255680e+01 1.532900e+01 1.561860e+01 1.569160e+01 1.486110e+01 1.395600e+01 1.324770e+01 1.267890e+01 1.334300e+01 1.433200e+01 1.579540e+01 1.747930e+01 1.969640e+01 2.212090e+01 2.539330e+01 3.019340e+01 3.407910e+01 4.456640e+01 5.341760e+01 6.429220e+01 7.780570e+01 1.078890e+02 1.070440e+02 1.302320e+02 1.827440e+02  );
 sigmaPow nonuniform List<scalar> 28 (3.115407e-10 2.659619e-10 2.687766e-10 2.168614e-10 1.666247e-10 1.841995e-10 1.920224e-10 1.855464e-10 1.773381e-10 1.702281e-10 1.647489e-10 1.750572e-10 1.891945e-10 2.095668e-10 2.331545e-10 2.634536e-10 2.957561e-10 3.389344e-10 4.023825e-10 4.538819e-10 5.935565e-10 7.114401e-10 8.562741e-10 1.036254e-09 1.436942e-09 1.425671e-09 1.734498e-09 2.433857e-09  );
 scatteringMatrixP0  28  28 ( 
 ( 1.501390e+01  6.958160e-01  2.918010e-01  2.140880e-01  3.822560e-01  8.049540e-01  4.072220e-01  6.861400e-01  7.422870e-01  6.051150e-01  1.089890e+00  6.609570e-01  3.318000e-01  1.701880e-01  7.615650e-02  2.369570e-02  1.463410e-02  2.311260e-03  3.496490e-03  2.369970e-03  2.752090e-03  4.225370e-03  0.000000e+00  3.706020e-03  0.000000e+00  0.000000e+00  0.000000e+00  0.000000e+00 )
  ( 0.000000e+00  1.399920e+01  6.894680e-01  3.227530e-01  4.512110e-01  7.080720e-01  5.674690e-01  1.024410e+00  1.145450e+00  8.865690e-01  1.690590e+00  1.045030e+00  5.293040e-01  2.437840e-01  1.127710e-01  5.200610e-02  2.519580e-02  1.439650e-02  4.160000e-03  2.367580e-03  6.511540e-04  6.466260e-04  8.517380e-04  2.115070e-04  2.087940e-04  0.000000e+00  0.000000e+00  0.000000e+00 )
  ( 0.000000e+00  0.000000e+00  1.516540e+01  7.490910e-01  5.400190e-01  7.456530e-01  4.732680e-01  8.581440e-01  9.662390e-01  7.644430e-01  1.549950e+00  1.027440e+00  5.690110e-01  2.678760e-01  1.164210e-01  5.293740e-02  2.580770e-02  1.232560e-02  4.836150e-03  2.627430e-03  1.392840e-03  7.364070e-04  2.772130e-04  2.009600e-04  1.012630e-04  4.999660e-05  0.000000e+00  0.000000e+00 )
  ( 0.000000e+00  0.000000e+00  0.000000e+00  1.867680e+01  9.136910e-01  7.281170e-01  5.815490e-01  1.024810e+00  1.056450e+00  7.588640e-01  1.540440e+00  1.021110e+00  5.513960e-01  2.654680e-01  1.327820e-01  6.154430e-02  2.824480e-02  1.363990e-02  6.046410e-03  2.618680e-03  1.123390e-03  9.518420e-04  4.318180e-04  2.196500e-04  1.139860e-04  1.613770e-05  8.136810e-05  9.765740e-05 )
  ( 0.000000e+00  0.000000e+00  0.000000e+00  0.000000e+00  2.313430e+01  8.062030e-01  3.636570e-01  8.229400e-01  1.112770e+00  9.495340e-01  2.067290e+00  1.419390e+00  7.684570e-01  3.513240e-01  1.589160e-01  7.370320e-02  3.412560e-02  1.640810e-02  7.716840e-03  3.361290e-03  1.474240e-03  8.275910e-04  5.574080e-04  3.196630e-04  2.032650e-04  9.673090e-05  1.123720e-04  5.972070e-05 )
  ( 0.000000e+00  0.000000e+00  0.000000e+00  0.000000e+00  0.000000e+00  2.218260e+01  7.434370e-01  8.781720e-01  1.170150e+00  9.872880e-01  2.181170e+00  1.541730e+00  8.549220e-01  4.031160e-01  1.863180e-01  8.686910e-02  4.038650e-02  1.927190e-02  8.924870e-03  3.988750e-03  1.757460e-03  1.053770e-03  5.924330e-04  3.738930e-04  2.261830e-04  1.054310e-04  1.236780e-04  9.108550e-05 )
  ( 0.000000e+00  0.000000e+00  0.000000e+00  0.000000e+00  0.000000e+00  0.000000e+00  1.891100e+01  1.620180e+00  1.175970e+00  1.096830e+00  2.316740e+00  1.596410e+00  8.772700e-01  4.075380e-01  1.865880e-01  8.637950e-02  4.085520e-02  1.905900e-02  8.856070e-03  4.053750e-03  1.767340e-03  1.090100e-03  5.785260e-04  4.217000e-04  2.130720e-04  9.956550e-05  1.352690e-04  8.862990e-05 )
  ( 0.000000e+00  0.000000e+00  0.000000e+00  0.000000e+00  0.000000e+00  0.000000e+00  0.000000e+00  1.830270e+01  1.739080e+00  8.764570e-01  2.403910e+00  1.740820e+00  9.135820e-01  4.160780e-01  1.900510e-01  8.818840e-02  4.125090e-02  1.971110e-02  9.139390e-03  4.124470e-03  1.753190e-03  1.117810e-03  6.645700e-04  4.120990e-04  2.482300e-04  1.099900e-04  1.306050e-04  1.261610e-04 )
  ( 0.000000e+00  0.000000e+00  0.000000e+00  0.000000e+00  0.000000e+00  0.000000e+00  0.000000e+00  0.000000e+00  1.878040e+01  2.032640e+00  1.912750e+00  1.704440e+00  1.009610e+00  4.904160e-01  2.237090e-01  1.001540e-01  4.659830e-02  2.172440e-02  1.006250e-02  4.368740e-03  1.941270e-03  1.227360e-03  7.535660e-04  4.658550e-04  2.366380e-04  1.316410e-04  1.440870e-04  1.315750e-04 )
  ( 0.000000e+00  0.000000e+00  0.000000e+00  0.000000e+00  0.000000e+00  0.000000e+00  0.000000e+00  0.000000e+00  0.000000e+00  2.041650e+01  3.918920e+00  1.268220e+00  1.029620e+00  5.294240e-01  2.384330e-01  1.153350e-01  5.372480e-02  2.527140e-02  1.202050e-02  5.061350e-03  2.342240e-03  1.290470e-03  8.202690e-04  4.699740e-04  3.068690e-04  1.504100e-04  1.488140e-04  1.316090e-04 )
  ( 0.000000e+00  0.000000e+00  0.000000e+00  0.000000e+00  0.000000e+00  0.000000e+00  0.000000e+00  0.000000e+00  0.000000e+00  0.000000e+00  2.643560e+01  2.888970e+00  8.233700e-01  4.736100e-01  2.204100e-01  8.839930e-02  3.910180e-02  1.751190e-02  8.038550e-03  3.531140e-03  1.614540e-03  9.667670e-04  5.851440e-04  3.405800e-04  1.989930e-04  1.146400e-04  1.008200e-04  1.225930e-04 )
  ( 0.000000e+00  0.000000e+00  0.000000e+00  0.000000e+00  0.000000e+00  0.000000e+00  0.000000e+00  0.000000e+00  0.000000e+00  0.000000e+00  0.000000e+00  3.238580e+01  2.834680e+00  6.488440e-01  1.917060e-01  8.022840e-02  4.092570e-02  1.994040e-02  9.146520e-03  3.531130e-03  1.388160e-03  5.419680e-04  2.245260e-04  7.956940e-05  2.847650e-05  5.866410e-06  5.873140e-06  2.512140e-06 )
  ( 0.000000e+00  0.000000e+00  0.000000e+00  0.000000e+00  0.000000e+00  0.000000e+00  0.000000e+00  0.000000e+00  0.000000e+00  0.000000e+00  0.000000e+00  0.000000e+00  3.829560e+01  2.343890e+00  6.711930e-01  2.801880e-01  1.025010e-01  3.548370e-02  1.268240e-02  3.801710e-03  1.721050e-03  7.738490e-04  2.771710e-04  1.171180e-04  3.909490e-05  2.015130e-05  8.791090e-06  2.511560e-06 )
  ( 0.000000e+00  0.000000e+00  0.000000e+00  0.000000e+00  0.000000e+00  0.000000e+00  0.000000e+00  0.000000e+00  0.000000e+00  0.000000e+00  0.000000e+00  0.000000e+00  0.000000e+00  4.350010e+01  1.782760e+00  3.914210e-01  1.661280e-01  6.156080e-02  3.161700e-02  1.654650e-02  5.957550e-03  2.235910e-03  7.843000e-04  2.926690e-04  1.257050e-04  3.693400e-05  2.601670e-05  8.636110e-06 )
  ( 0.000000e+00  0.000000e+00  0.000000e+00  0.000000e+00  0.000000e+00  0.000000e+00  0.000000e+00  0.000000e+00  0.000000e+00  0.000000e+00  0.000000e+00  0.000000e+00  0.000000e+00  0.000000e+00  4.742230e+01  1.171060e+00  3.570240e-01  1.490270e-01  2.712750e-02  1.093660e-02  4.404750e-03  1.652610e-03  6.678640e-04  1.690570e-04  8.021150e-05  3.383200e-05  1.258410e-05  8.499610e-06 )
  ( 0.000000e+00  0.000000e+00  0.000000e+00  0.000000e+00  0.000000e+00  0.000000e+00  0.000000e+00  0.000000e+00  0.000000e+00  0.000000e+00  0.000000e+00  0.000000e+00  0.000000e+00  0.000000e+00  0.000000e+00  5.091940e+01  6.068870e-01  1.047250e-01  1.144500e-01  5.031630e-02  2.191740e-02  8.602490e-03  2.866020e-03  1.246260e-03  4.638520e-04  1.361330e-04  1.086760e-04  5.450500e-05 )
  ( 0.000000e+00  0.000000e+00  0.000000e+00  0.000000e+00  0.000000e+00  0.000000e+00  0.000000e+00  0.000000e+00  0.000000e+00  0.000000e+00  0.000000e+00  0.000000e+00  0.000000e+00  0.000000e+00  0.000000e+00  0.000000e+00  5.326200e+01  6.240300e-01  8.929650e-03  0.000000e+00  0.000000e+00  0.000000e+00  0.000000e+00  0.000000e+00  0.000000e+00  0.000000e+00  0.000000e+00  0.000000e+00 )
  ( 0.000000e+00  0.000000e+00  0.000000e+00  0.000000e+00  0.000000e+00  0.000000e+00  0.000000e+00  0.000000e+00  0.000000e+00  0.000000e+00  0.000000e+00  0.000000e+00  0.000000e+00  0.000000e+00  0.000000e+00  0.000000e+00  0.000000e+00  5.518010e+01  6.168040e-01  1.174930e-02  4.286940e-03  1.500780e-03  4.930910e-05  0.000000e+00  0.000000e+00  0.000000e+00  0.000000e+00  0.000000e+00 )
  ( 0.000000e+00  0.000000e+00  0.000000e+00  0.000000e+00  0.000000e+00  0.000000e+00  0.000000e+00  0.000000e+00  0.000000e+00  0.000000e+00  0.000000e+00  0.000000e+00  0.000000e+00  0.000000e+00  0.000000e+00  0.000000e+00  0.000000e+00  0.000000e+00  5.638380e+01  5.704780e-01  0.000000e+00  0.000000e+00  9.474700e-04  2.393140e-04  2.502740e-04  0.000000e+00  0.000000e+00  0.000000e+00 )
  ( 0.000000e+00  0.000000e+00  0.000000e+00  0.000000e+00  0.000000e+00  0.000000e+00  0.000000e+00  0.000000e+00  0.000000e+00  0.000000e+00  0.000000e+00  0.000000e+00  0.000000e+00  0.000000e+00  0.000000e+00  0.000000e+00  0.000000e+00  0.000000e+00  0.000000e+00  5.768570e+01  5.578460e-01  0.000000e+00  0.000000e+00  0.000000e+00  0.000000e+00  0.000000e+00  0.000000e+00  0.000000e+00 )
  ( 0.000000e+00  0.000000e+00  0.000000e+00  0.000000e+00  0.000000e+00  0.000000e+00  0.000000e+00  0.000000e+00  0.000000e+00  0.000000e+00  0.000000e+00  0.000000e+00  0.000000e+00  0.000000e+00  0.000000e+00  0.000000e+00  0.000000e+00  0.000000e+00  0.000000e+00  0.000000e+00  5.729920e+01  6.002690e-01  0.000000e+00  0.000000e+00  0.000000e+00  0.000000e+00  0.000000e+00  0.000000e+00 )
  ( 0.000000e+00  0.000000e+00  0.000000e+00  0.000000e+00  0.000000e+00  0.000000e+00  0.000000e+00  0.000000e+00  0.000000e+00  0.000000e+00  0.000000e+00  0.000000e+00  0.000000e+00  0.000000e+00  0.000000e+00  0.000000e+00  0.000000e+00  0.000000e+00  0.000000e+00  0.000000e+00  0.000000e+00  5.610700e+01  6.034350e-01  0.000000e+00  0.000000e+00  0.000000e+00  0.000000e+00  0.000000e+00 )
  ( 0.000000e+00  0.000000e+00  0.000000e+00  0.000000e+00  0.000000e+00  0.000000e+00  0.000000e+00  0.000000e+00  0.000000e+00  0.000000e+00  0.000000e+00  0.000000e+00  0.000000e+00  0.000000e+00  0.000000e+00  0.000000e+00  0.000000e+00  0.000000e+00  0.000000e+00  0.000000e+00  0.000000e+00  0.000000e+00  5.787020e+01  6.008970e-01  0.000000e+00  0.000000e+00  0.000000e+00  0.000000e+00 )
  ( 0.000000e+00  0.000000e+00  0.000000e+00  0.000000e+00  0.000000e+00  0.000000e+00  0.000000e+00  0.000000e+00  0.000000e+00  0.000000e+00  0.000000e+00  0.000000e+00  0.000000e+00  0.000000e+00  0.000000e+00  0.000000e+00  0.000000e+00  0.000000e+00  0.000000e+00  0.000000e+00  0.000000e+00  0.000000e+00  0.000000e+00  5.775050e+01  6.871690e-01  0.000000e+00  0.000000e+00  0.000000e+00 )
  ( 0.000000e+00  0.000000e+00  0.000000e+00  0.000000e+00  0.000000e+00  0.000000e+00  0.000000e+00  0.000000e+00  0.000000e+00  0.000000e+00  0.000000e+00  0.000000e+00  0.000000e+00  0.000000e+00  0.000000e+00  0.000000e+00  0.000000e+00  0.000000e+00  0.000000e+00  0.000000e+00  0.000000e+00  0.000000e+00  0.000000e+00  0.000000e+00  5.484200e+01  6.711850e-01  0.000000e+00  0.000000e+00 )
  ( 0.000000e+00  0.000000e+00  0.000000e+00  0.000000e+00  0.000000e+00  0.000000e+00  0.000000e+00  0.000000e+00  0.000000e+00  0.000000e+00  0.000000e+00  0.000000e+00  0.000000e+00  0.000000e+00  0.000000e+00  0.000000e+00  0.000000e+00  0.000000e+00  0.000000e+00  0.000000e+00  0.000000e+00  0.000000e+00  0.000000e+00  0.000000e+00  0.000000e+00  5.447180e+01  7.652980e-01  0.000000e+00 )
  ( 0.000000e+00  0.000000e+00  0.000000e+00  0.000000e+00  0.000000e+00  0.000000e+00  0.000000e+00  0.000000e+00  0.000000e+00  0.000000e+00  0.000000e+00  0.000000e+00  0.000000e+00  0.000000e+00  0.000000e+00  0.000000e+00  0.000000e+00  0.000000e+00  0.000000e+00  0.000000e+00  0.000000e+00  0.000000e+00  0.000000e+00  0.000000e+00  0.000000e+00  0.000000e+00  5.776810e+01  1.519980e-01 )
  ( 0.000000e+00  0.000000e+00  0.000000e+00  0.000000e+00  0.000000e+00  0.000000e+00  0.000000e+00  0.000000e+00  0.000000e+00  0.000000e+00  0.000000e+00  0.000000e+00  0.000000e+00  0.000000e+00  0.000000e+00  0.000000e+00  0.000000e+00  0.000000e+00  0.000000e+00  0.000000e+00  0.000000e+00  0.000000e+00  0.000000e+00  0.000000e+00  0.000000e+00  0.000000e+00  0.000000e+00  5.464680e+01 )
 );
 scatteringMatrixP1  28  28 ( 
 ( 1.295440e+01  1.847970e-01  3.682600e-02  4.230950e-02  2.323980e-02  -9.485770e-03  1.226410e-02  8.772850e-03  -1.865740e-04  4.708270e-03  -2.712580e-02  1.648260e-02  -4.736990e-03  -1.291650e-02  -5.287200e-03  5.799090e-05  -4.138910e-03  1.252390e-03  1.823920e-04  2.279190e-03  1.209700e-03  1.429530e-05  0.000000e+00  3.167270e-03  0.000000e+00  0.000000e+00  0.000000e+00  0.000000e+00 )
  ( 0.000000e+00  1.129690e+01  1.434230e-01  5.843390e-02  5.459600e-02  4.186490e-02  2.080020e-02  3.102010e-02  4.111640e-02  2.485910e-02  1.566290e-02  2.251000e-02  1.430410e-03  -4.119250e-03  5.251040e-03  5.667530e-04  -5.940980e-04  3.058160e-04  1.871640e-04  -7.743520e-05  4.126690e-04  -8.093160e-05  -9.617020e-05  -1.173360e-04  -2.016000e-05  0.000000e+00  0.000000e+00  0.000000e+00 )
  ( 0.000000e+00  0.000000e+00  1.208210e+01  1.127350e-01  7.121920e-02  4.194110e-02  1.139970e-02  1.923520e-02  1.072000e-02  1.605100e-02  1.933150e-02  4.086330e-03  1.243800e-03  -3.333860e-03  9.928120e-04  -8.852220e-04  1.218130e-03  9.038270e-05  3.765000e-04  3.206930e-04  2.415600e-04  -4.585410e-05  3.693640e-05  8.852990e-05  5.246910e-05  4.052580e-05  0.000000e+00  0.000000e+00 )
  ( 0.000000e+00  0.000000e+00  0.000000e+00  1.495730e+01  1.268060e-01  4.763240e-02  1.761630e-02  1.974560e-02  1.583420e-02  9.309000e-03  1.148680e-02  6.149910e-03  1.636900e-03  4.333560e-04  -1.057280e-03  7.076800e-04  4.975190e-04  -5.792940e-04  1.456340e-05  -9.722650e-05  9.714710e-06  2.553930e-06  7.032330e-05  8.089690e-05  2.705040e-05  -4.669390e-06  3.630800e-05  3.080020e-05 )
  ( 0.000000e+00  0.000000e+00  0.000000e+00  0.000000e+00  1.808030e+01  8.645940e-02  1.289500e-02  1.924920e-02  1.882390e-02  1.112710e-02  1.811300e-02  6.498970e-03  2.150270e-03  -9.289950e-04  2.256780e-04  -2.814260e-04  -1.325740e-05  -1.136820e-05  3.980530e-05  -1.693200e-04  6.172860e-05  5.659910e-05  5.814760e-05  1.233670e-06  4.088370e-05  3.277310e-05  2.674900e-05  6.051350e-06 )
  ( 0.000000e+00  0.000000e+00  0.000000e+00  0.000000e+00  0.000000e+00  1.531980e+01  3.874240e-02  1.813200e-02  1.508940e-02  9.108820e-03  1.611570e-02  7.666210e-03  1.421320e-03  1.920790e-04  -2.422130e-04  -7.249160e-05  2.102160e-04  5.484390e-05  7.861100e-05  -8.020460e-05  5.437090e-05  5.693680e-05  1.912110e-05  2.330480e-05  2.053510e-05  1.911100e-05  2.242950e-05  2.760270e-05 )
  ( 0.000000e+00  0.000000e+00  0.000000e+00  0.000000e+00  0.000000e+00  0.000000e+00  1.135000e+01  6.404740e-02  1.992310e-02  9.321570e-03  1.252760e-02  5.149880e-03  1.260980e-03  -7.332670e-04  -2.775120e-05  -1.244950e-04  -1.390060e-04  -1.047010e-05  -7.724430e-06  -8.600180e-05  4.085990e-05  5.618330e-05  4.898800e-05  1.621320e-05  2.418620e-05  5.059130e-06  2.321490e-05  2.445000e-05 )
  ( 0.000000e+00  0.000000e+00  0.000000e+00  0.000000e+00  0.000000e+00  0.000000e+00  0.000000e+00  9.707800e+00  5.884250e-02  9.925600e-03  1.814410e-02  5.253030e-03  -8.488330e-04  -7.009860e-04  2.107450e-05  2.177610e-04  -1.266820e-04  -7.220900e-05  1.143100e-04  -6.773430e-05  3.647520e-05  9.080940e-05  5.015100e-06  3.248490e-05  2.526780e-05  1.102930e-05  2.154390e-05  2.926640e-05 )
  ( 0.000000e+00  0.000000e+00  0.000000e+00  0.000000e+00  0.000000e+00  0.000000e+00  0.000000e+00  0.000000e+00  9.125130e+00  7.174530e-02  1.153190e-02  8.905200e-03  3.032610e-03  -1.953250e-04  2.548240e-04  -4.052750e-05  -4.212980e-05  -9.755890e-05  9.946210e-05  -1.015220e-04  2.433650e-05  1.101370e-05  3.112330e-05  1.088640e-05  1.993080e-05  1.219820e-05  -2.026060e-08  3.497770e-05 )
  ( 0.000000e+00  0.000000e+00  0.000000e+00  0.000000e+00  0.000000e+00  0.000000e+00  0.000000e+00  0.000000e+00  0.000000e+00  9.536520e+00  9.506280e-02  4.034390e-03  4.049220e-03  -3.845520e-04  -4.484660e-04  4.873120e-05  -1.518760e-04  -1.019960e-04  3.686470e-06  -5.382460e-05  6.808290e-05  1.882400e-05  5.157840e-06  1.626070e-05  2.680980e-06  2.145760e-05  1.904300e-05  2.054060e-05 )
  ( 0.000000e+00  0.000000e+00  0.000000e+00  0.000000e+00  0.000000e+00  0.000000e+00  0.000000e+00  0.000000e+00  0.000000e+00  0.000000e+00  1.024310e+01  2.497170e-02  1.960110e-03  5.943840e-04  -4.134420e-04  -2.317990e-04  1.484280e-04  -2.980730e-05  3.789710e-05  -4.901980e-05  2.083380e-05  1.642260e-05  2.735520e-05  2.242750e-05  1.299440e-05  8.222560e-06  8.813840e-06  1.847150e-05 )
  ( 0.000000e+00  0.000000e+00  0.000000e+00  0.000000e+00  0.000000e+00  0.000000e+00  0.000000e+00  0.000000e+00  0.000000e+00  0.000000e+00  0.000000e+00  1.022410e+01  -4.857190e-03  -2.307140e-03  -3.639360e-04  4.175770e-05  -1.551580e-04  -4.664440e-05  -5.938590e-05  -4.266960e-05  -9.904550e-06  5.354870e-06  -7.594130e-06  7.205110e-06  3.426190e-06  1.111400e-06  1.501280e-06  -4.996510e-07 )
  ( 0.000000e+00  0.000000e+00  0.000000e+00  0.000000e+00  0.000000e+00  0.000000e+00  0.000000e+00  0.000000e+00  0.000000e+00  0.000000e+00  0.000000e+00  0.000000e+00  8.880570e+00  -6.018430e-02  3.094080e-03  -9.096270e-04  -5.681010e-04  -2.954940e-04  -1.998830e-04  -5.336510e-06  -3.461510e-06  2.223470e-05  8.628130e-06  3.418660e-06  -1.604100e-06  2.186490e-06  -2.274330e-06  5.731870e-07 )
  ( 0.000000e+00  0.000000e+00  0.000000e+00  0.000000e+00  0.000000e+00  0.000000e+00  0.000000e+00  0.000000e+00  0.000000e+00  0.000000e+00  0.000000e+00  0.000000e+00  0.000000e+00  7.023460e+00  -9.805020e-02  5.787470e-03  4.750690e-03  1.765360e-03  8.030110e-04  -2.217030e-04  -1.011460e-04  1.547770e-06  -8.606810e-06  -2.072110e-05  -5.297240e-06  -2.373670e-06  -8.108340e-06  1.432250e-06 )
  ( 0.000000e+00  0.000000e+00  0.000000e+00  0.000000e+00  0.000000e+00  0.000000e+00  0.000000e+00  0.000000e+00  0.000000e+00  0.000000e+00  0.000000e+00  0.000000e+00  0.000000e+00  0.000000e+00  5.541840e+00  -1.305390e-01  3.440230e-03  -1.784290e-03  2.170850e-05  9.201410e-05  1.836930e-04  6.780000e-05  2.554670e-06  2.529070e-05  -1.291160e-05  2.365880e-06  7.252450e-07  1.354120e-06 )
  ( 0.000000e+00  0.000000e+00  0.000000e+00  0.000000e+00  0.000000e+00  0.000000e+00  0.000000e+00  0.000000e+00  0.000000e+00  0.000000e+00  0.000000e+00  0.000000e+00  0.000000e+00  0.000000e+00  0.000000e+00  3.874520e+00  -1.672580e-01  3.530580e-03  1.544020e-03  1.826020e-04  1.691420e-04  -2.277360e-04  -1.000500e-04  2.201440e-05  1.326500e-05  -1.575300e-05  -6.424240e-06  9.722990e-06 )
  ( 0.000000e+00  0.000000e+00  0.000000e+00  0.000000e+00  0.000000e+00  0.000000e+00  0.000000e+00  0.000000e+00  0.000000e+00  0.000000e+00  0.000000e+00  0.000000e+00  0.000000e+00  0.000000e+00  0.000000e+00  0.000000e+00  2.599230e+00  -1.818220e-01  2.570110e-05  0.000000e+00  0.000000e+00  0.000000e+00  0.000000e+00  0.000000e+00  0.000000e+00  0.000000e+00  0.000000e+00  0.000000e+00 )
  ( 0.000000e+00  0.000000e+00  0.000000e+00  0.000000e+00  0.000000e+00  0.000000e+00  0.000000e+00  0.000000e+00  0.000000e+00  0.000000e+00  0.000000e+00  0.000000e+00  0.000000e+00  0.000000e+00  0.000000e+00  0.000000e+00  0.000000e+00  1.769380e+00  -1.927630e-01  -6.077130e-04  4.971820e-04  3.956420e-05  -2.709730e-05  0.000000e+00  0.000000e+00  0.000000e+00  0.000000e+00  0.000000e+00 )
  ( 0.000000e+00  0.000000e+00  0.000000e+00  0.000000e+00  0.000000e+00  0.000000e+00  0.000000e+00  0.000000e+00  0.000000e+00  0.000000e+00  0.000000e+00  0.000000e+00  0.000000e+00  0.000000e+00  0.000000e+00  0.000000e+00  0.000000e+00  0.000000e+00  1.186920e+00  -1.835590e-01  0.000000e+00  0.000000e+00  8.780930e-05  -1.485200e-04  -1.263770e-04  0.000000e+00  0.000000e+00  0.000000e+00 )
  ( 0.000000e+00  0.000000e+00  0.000000e+00  0.000000e+00  0.000000e+00  0.000000e+00  0.000000e+00  0.000000e+00  0.000000e+00  0.000000e+00  0.000000e+00  0.000000e+00  0.000000e+00  0.000000e+00  0.000000e+00  0.000000e+00  0.000000e+00  0.000000e+00  0.000000e+00  9.302920e-01  -1.850100e-01  0.000000e+00  0.000000e+00  0.000000e+00  0.000000e+00  0.000000e+00  0.000000e+00  0.000000e+00 )
  ( 0.000000e+00  0.000000e+00  0.000000e+00  0.000000e+00  0.000000e+00  0.000000e+00  0.000000e+00  0.000000e+00  0.000000e+00  0.000000e+00  0.000000e+00  0.000000e+00  0.000000e+00  0.000000e+00  0.000000e+00  0.000000e+00  0.000000e+00  0.000000e+00  0.000000e+00  0.000000e+00  7.676790e-01  -2.020870e-01  0.000000e+00  0.000000e+00  0.000000e+00  0.000000e+00  0.000000e+00  0.000000e+00 )
  ( 0.000000e+00  0.000000e+00  0.000000e+00  0.000000e+00  0.000000e+00  0.000000e+00  0.000000e+00  0.000000e+00  0.000000e+00  0.000000e+00  0.000000e+00  0.000000e+00  0.000000e+00  0.000000e+00  0.000000e+00  0.000000e+00  0.000000e+00  0.000000e+00  0.000000e+00  0.000000e+00  0.000000e+00  5.932780e-01  -2.167240e-01  0.000000e+00  0.000000e+00  0.000000e+00  0.000000e+00  0.000000e+00 )
  ( 0.000000e+00  0.000000e+00  0.000000e+00  0.000000e+00  0.000000e+00  0.000000e+00  0.000000e+00  0.000000e+00  0.000000e+00  0.000000e+00  0.000000e+00  0.000000e+00  0.000000e+00  0.000000e+00  0.000000e+00  0.000000e+00  0.000000e+00  0.000000e+00  0.000000e+00  0.000000e+00  0.000000e+00  0.000000e+00  2.084740e-01  -2.276800e-01  0.000000e+00  0.000000e+00  0.000000e+00  0.000000e+00 )
  ( 0.000000e+00  0.000000e+00  0.000000e+00  0.000000e+00  0.000000e+00  0.000000e+00  0.000000e+00  0.000000e+00  0.000000e+00  0.000000e+00  0.000000e+00  0.000000e+00  0.000000e+00  0.000000e+00  0.000000e+00  0.000000e+00  0.000000e+00  0.000000e+00  0.000000e+00  0.000000e+00  0.000000e+00  0.000000e+00  0.000000e+00  4.303490e-01  -1.894980e-01  0.000000e+00  0.000000e+00  0.000000e+00 )
  ( 0.000000e+00  0.000000e+00  0.000000e+00  0.000000e+00  0.000000e+00  0.000000e+00  0.000000e+00  0.000000e+00  0.000000e+00  0.000000e+00  0.000000e+00  0.000000e+00  0.000000e+00  0.000000e+00  0.000000e+00  0.000000e+00  0.000000e+00  0.000000e+00  0.000000e+00  0.000000e+00  0.000000e+00  0.000000e+00  0.000000e+00  0.000000e+00  6.078430e-01  -2.708130e-01  0.000000e+00  0.000000e+00 )
  ( 0.000000e+00  0.000000e+00  0.000000e+00  0.000000e+00  0.000000e+00  0.000000e+00  0.000000e+00  0.000000e+00  0.000000e+00  0.000000e+00  0.000000e+00  0.000000e+00  0.000000e+00  0.000000e+00  0.000000e+00  0.000000e+00  0.000000e+00  0.000000e+00  0.000000e+00  0.000000e+00  0.000000e+00  0.000000e+00  0.000000e+00  0.000000e+00  0.000000e+00  1.635750e+00  -2.835220e-01  0.000000e+00 )
  ( 0.000000e+00  0.000000e+00  0.000000e+00  0.000000e+00  0.000000e+00  0.000000e+00  0.000000e+00  0.000000e+00  0.000000e+00  0.000000e+00  0.000000e+00  0.000000e+00  0.000000e+00  0.000000e+00  0.000000e+00  0.000000e+00  0.000000e+00  0.000000e+00  0.000000e+00  0.000000e+00  0.000000e+00  0.000000e+00  0.000000e+00  0.000000e+00  0.000000e+00  0.000000e+00  -3.761190e-01  -1.039110e-01 )
  ( 0.000000e+00  0.000000e+00  0.000000e+00  0.000000e+00  0.000000e+00  0.000000e+00  0.000000e+00  0.000000e+00  0.000000e+00  0.000000e+00  0.000000e+00  0.000000e+00  0.000000e+00  0.000000e+00  0.000000e+00  0.000000e+00  0.000000e+00  0.000000e+00  0.000000e+00  0.000000e+00  0.000000e+00  0.000000e+00  0.000000e+00  0.000000e+00  0.000000e+00  0.000000e+00  0.000000e+00  -1.438620e+00 )
 );
 scatteringMatrixP2  28  28 ( 
 ( 1.107710e+01  5.167420e-02  -1.316790e-02  4.414400e-03  -1.302270e-02  -1.009380e-03  -1.754860e-02  4.232950e-03  9.165880e-03  1.344880e-02  1.023760e-02  1.460660e-02  -5.772280e-03  1.814760e-03  -1.803030e-02  -4.630780e-03  -3.218840e-03  -1.376950e-04  -1.733980e-03  2.102850e-03  -5.784430e-04  -2.112610e-03  0.000000e+00  2.207240e-03  0.000000e+00  0.000000e+00  0.000000e+00  0.000000e+00 )
  ( 0.000000e+00  9.263630e+00  2.064080e-02  3.417340e-03  -2.544800e-04  2.233740e-03  5.668750e-03  -1.686090e-03  4.260820e-03  9.383240e-03  -1.987770e-04  -1.228710e-02  2.354740e-03  -1.915520e-04  7.201220e-04  7.819910e-04  1.099280e-03  3.837430e-04  2.136920e-04  -4.186950e-04  1.327760e-04  2.665730e-04  -3.796730e-04  -8.113170e-06  -1.014770e-04  0.000000e+00  0.000000e+00  0.000000e+00 )
  ( 0.000000e+00  0.000000e+00  1.007420e+01  5.055710e-03  7.244640e-03  8.684520e-03  4.484500e-03  2.289140e-03  1.031500e-02  6.064010e-03  8.856070e-03  5.344840e-03  -3.179440e-03  -1.637400e-04  -1.408800e-04  1.073480e-03  6.552420e-04  2.780940e-04  3.332040e-04  -3.952530e-04  8.775640e-05  -5.551650e-05  -2.573760e-06  -2.241410e-05  1.729270e-05  2.427520e-05  0.000000e+00  0.000000e+00 )
  ( 0.000000e+00  0.000000e+00  0.000000e+00  1.255990e+01  9.247300e-03  8.466010e-03  3.472380e-03  3.891830e-03  5.242830e-03  5.117960e-03  7.417760e-03  4.196560e-03  1.933590e-03  1.801530e-03  2.113760e-04  5.667760e-04  6.469590e-04  2.211380e-04  2.060610e-04  -1.343210e-04  -2.025170e-05  -9.085560e-06  -1.522280e-05  2.666930e-05  2.278890e-05  -5.769140e-06  2.002480e-05  -1.249300e-05 )
  ( 0.000000e+00  0.000000e+00  0.000000e+00  0.000000e+00  1.478480e+01  1.258720e-02  2.617660e-03  5.536150e-03  5.532760e-03  5.121320e-03  9.952870e-03  5.773030e-03  3.166620e-03  1.479190e-03  3.242280e-04  4.019690e-04  7.865520e-06  5.266990e-05  1.157340e-04  -1.609230e-05  4.321240e-05  2.322370e-05  9.052750e-06  -2.519260e-06  6.355100e-06  8.768480e-06  3.329880e-06  5.712590e-06 )
  ( 0.000000e+00  0.000000e+00  0.000000e+00  0.000000e+00  0.000000e+00  1.179540e+01  -3.195390e-03  4.178400e-03  5.094660e-03  5.571790e-03  9.302540e-03  6.464440e-03  4.098050e-03  1.495870e-03  6.375270e-04  3.232130e-04  1.254130e-04  1.487010e-04  -1.038520e-05  2.034320e-05  1.719900e-05  -3.404870e-06  -2.359880e-06  -5.216940e-06  9.325260e-06  1.079560e-05  2.561110e-06  7.058640e-06 )
  ( 0.000000e+00  0.000000e+00  0.000000e+00  0.000000e+00  0.000000e+00  0.000000e+00  8.250350e+00  -3.087230e-02  2.925180e-03  3.830180e-03  9.244300e-03  5.822470e-03  3.760020e-03  1.128690e-03  4.073380e-04  6.778590e-05  3.478250e-05  -3.222320e-06  1.428390e-04  5.022330e-05  2.982790e-05  -6.676440e-06  -5.342250e-07  6.822640e-06  1.095380e-05  -6.181840e-06  9.523930e-06  1.348310e-05 )
  ( 0.000000e+00  0.000000e+00  0.000000e+00  0.000000e+00  0.000000e+00  0.000000e+00  0.000000e+00  6.423410e+00  -3.486670e-02  4.083840e-03  8.150820e-03  5.570750e-03  3.150450e-03  1.592820e-03  3.390970e-04  2.386180e-04  2.099470e-04  1.060160e-04  -6.234440e-06  1.592130e-05  4.181600e-05  2.231190e-05  3.555700e-05  7.090390e-06  2.491750e-06  2.585690e-06  4.614100e-07  1.389970e-05 )
  ( 0.000000e+00  0.000000e+00  0.000000e+00  0.000000e+00  0.000000e+00  0.000000e+00  0.000000e+00  0.000000e+00  5.172770e+00  -4.691300e-02  8.435270e-03  5.194490e-03  2.888580e-03  1.203460e-03  8.300640e-04  5.999810e-05  1.007340e-04  3.123660e-05  9.700290e-05  -1.929240e-05  1.969100e-05  1.727220e-05  6.581470e-06  -1.639030e-05  -1.086130e-05  -1.172040e-05  -7.300170e-07  8.955170e-06 )
  ( 0.000000e+00  0.000000e+00  0.000000e+00  0.000000e+00  0.000000e+00  0.000000e+00  0.000000e+00  0.000000e+00  0.000000e+00  4.733210e+00  -6.640320e-02  7.312540e-03  2.914590e-03  2.381290e-03  7.165830e-04  7.768050e-04  2.305890e-04  8.845940e-05  2.555370e-06  -2.192130e-05  1.478770e-05  -8.603850e-06  -5.644890e-06  -1.227830e-05  -2.085210e-05  -7.923810e-06  -6.863250e-06  6.485660e-06 )
  ( 0.000000e+00  0.000000e+00  0.000000e+00  0.000000e+00  0.000000e+00  0.000000e+00  0.000000e+00  0.000000e+00  0.000000e+00  0.000000e+00  4.066580e+00  -3.417250e-02  2.838150e-03  2.207640e-03  5.123160e-04  4.024320e-04  6.378760e-05  5.254810e-05  2.720260e-05  2.087340e-05  2.663150e-05  -9.442480e-06  1.037610e-05  9.588060e-06  3.149180e-06  3.781160e-06  2.458210e-06  5.596860e-06 )
  ( 0.000000e+00  0.000000e+00  0.000000e+00  0.000000e+00  0.000000e+00  0.000000e+00  0.000000e+00  0.000000e+00  0.000000e+00  0.000000e+00  0.000000e+00  2.946960e+00  -3.823960e-02  6.598550e-04  1.802160e-04  1.112290e-04  -4.042760e-05  -1.261920e-04  1.813510e-05  -4.657600e-05  -7.321190e-06  4.494900e-07  -7.838170e-06  6.072820e-06  -1.110830e-06  7.916210e-07  -1.093340e-06  -5.801990e-08 )
  ( 0.000000e+00  0.000000e+00  0.000000e+00  0.000000e+00  0.000000e+00  0.000000e+00  0.000000e+00  0.000000e+00  0.000000e+00  0.000000e+00  0.000000e+00  0.000000e+00  1.832170e+00  -3.335320e-02  -1.933610e-03  9.843210e-04  2.997300e-04  1.348560e-04  -1.473290e-04  -9.588990e-06  1.935680e-05  8.717050e-06  -5.212960e-06  4.941120e-06  1.251450e-07  -1.080860e-06  -6.739630e-07  -7.253140e-07 )
  ( 0.000000e+00  0.000000e+00  0.000000e+00  0.000000e+00  0.000000e+00  0.000000e+00  0.000000e+00  0.000000e+00  0.000000e+00  0.000000e+00  0.000000e+00  0.000000e+00  0.000000e+00  1.005490e+00  -2.626230e-02  -2.561000e-03  -9.976900e-04  -4.268470e-04  7.288830e-06  1.243820e-05  3.419510e-06  -1.639810e-05  5.508010e-06  -3.484610e-06  1.305490e-05  -1.876850e-06  6.333760e-07  -1.558470e-07 )
  ( 0.000000e+00  0.000000e+00  0.000000e+00  0.000000e+00  0.000000e+00  0.000000e+00  0.000000e+00  0.000000e+00  0.000000e+00  0.000000e+00  0.000000e+00  0.000000e+00  0.000000e+00  0.000000e+00  4.928380e-01  -1.560750e-02  2.878030e-04  -1.625030e-04  2.072630e-04  -7.486850e-05  -1.255760e-05  4.553120e-05  1.521970e-05  8.603170e-06  -4.401810e-06  -3.416030e-06  -3.289040e-06  3.568800e-06 )
  ( 0.000000e+00  0.000000e+00  0.000000e+00  0.000000e+00  0.000000e+00  0.000000e+00  0.000000e+00  0.000000e+00  0.000000e+00  0.000000e+00  0.000000e+00  0.000000e+00  0.000000e+00  0.000000e+00  0.000000e+00  2.190500e-01  -1.046690e-02  2.830790e-04  -1.033930e-03  2.438690e-04  8.028460e-05  -2.380500e-04  -4.747450e-06  -8.085270e-05  3.048330e-06  -8.728140e-06  -8.285690e-06  -4.264390e-06 )
  ( 0.000000e+00  0.000000e+00  0.000000e+00  0.000000e+00  0.000000e+00  0.000000e+00  0.000000e+00  0.000000e+00  0.000000e+00  0.000000e+00  0.000000e+00  0.000000e+00  0.000000e+00  0.000000e+00  0.000000e+00  0.000000e+00  1.267170e-01  -6.942100e-03  4.268140e-05  0.000000e+00  0.000000e+00  0.000000e+00  0.000000e+00  0.000000e+00  0.000000e+00  0.000000e+00  0.000000e+00  0.000000e+00 )
  ( 0.000000e+00  0.000000e+00  0.000000e+00  0.000000e+00  0.000000e+00  0.000000e+00  0.000000e+00  0.000000e+00  0.000000e+00  0.000000e+00  0.000000e+00  0.000000e+00  0.000000e+00  0.000000e+00  0.000000e+00  0.000000e+00  0.000000e+00  3.748180e-02  -4.690640e-03  -9.796930e-06  -3.129530e-04  9.495290e-05  -2.318020e-06  0.000000e+00  0.000000e+00  0.000000e+00  0.000000e+00  0.000000e+00 )
  ( 0.000000e+00  0.000000e+00  0.000000e+00  0.000000e+00  0.000000e+00  0.000000e+00  0.000000e+00  0.000000e+00  0.000000e+00  0.000000e+00  0.000000e+00  0.000000e+00  0.000000e+00  0.000000e+00  0.000000e+00  0.000000e+00  0.000000e+00  0.000000e+00  2.675900e-02  -9.951010e-04  0.000000e+00  0.000000e+00  -5.970320e-05  1.915080e-05  2.129680e-05  0.000000e+00  0.000000e+00  0.000000e+00 )
  ( 0.000000e+00  0.000000e+00  0.000000e+00  0.000000e+00  0.000000e+00  0.000000e+00  0.000000e+00  0.000000e+00  0.000000e+00  0.000000e+00  0.000000e+00  0.000000e+00  0.000000e+00  0.000000e+00  0.000000e+00  0.000000e+00  0.000000e+00  0.000000e+00  0.000000e+00  2.243570e-03  -1.623870e-03  0.000000e+00  0.000000e+00  0.000000e+00  0.000000e+00  0.000000e+00  0.000000e+00  0.000000e+00 )
  ( 0.000000e+00  0.000000e+00  0.000000e+00  0.000000e+00  0.000000e+00  0.000000e+00  0.000000e+00  0.000000e+00  0.000000e+00  0.000000e+00  0.000000e+00  0.000000e+00  0.000000e+00  0.000000e+00  0.000000e+00  0.000000e+00  0.000000e+00  0.000000e+00  0.000000e+00  0.000000e+00  -3.692750e-02  -1.024430e-02  0.000000e+00  0.000000e+00  0.000000e+00  0.000000e+00  0.000000e+00  0.000000e+00 )
  ( 0.000000e+00  0.000000e+00  0.000000e+00  0.000000e+00  0.000000e+00  0.000000e+00  0.000000e+00  0.000000e+00  0.000000e+00  0.000000e+00  0.000000e+00  0.000000e+00  0.000000e+00  0.000000e+00  0.000000e+00  0.000000e+00  0.000000e+00  0.000000e+00  0.000000e+00  0.000000e+00  0.000000e+00  1.200420e-01  2.364920e-02  0.000000e+00  0.000000e+00  0.000000e+00  0.000000e+00  0.000000e+00 )
  ( 0.000000e+00  0.000000e+00  0.000000e+00  0.000000e+00  0.000000e+00  0.000000e+00  0.000000e+00  0.000000e+00  0.000000e+00  0.000000e+00  0.000000e+00  0.000000e+00  0.000000e+00  0.000000e+00  0.000000e+00  0.000000e+00  0.000000e+00  0.000000e+00  0.000000e+00  0.000000e+00  0.000000e+00  0.000000e+00  3.083650e-01  4.753930e-02  0.000000e+00  0.000000e+00  0.000000e+00  0.000000e+00 )
  ( 0.000000e+00  0.000000e+00  0.000000e+00  0.000000e+00  0.000000e+00  0.000000e+00  0.000000e+00  0.000000e+00  0.000000e+00  0.000000e+00  0.000000e+00  0.000000e+00  0.000000e+00  0.000000e+00  0.000000e+00  0.000000e+00  0.000000e+00  0.000000e+00  0.000000e+00  0.000000e+00  0.000000e+00  0.000000e+00  0.000000e+00  5.356920e-01  -6.912830e-02  0.000000e+00  0.000000e+00  0.000000e+00 )
  ( 0.000000e+00  0.000000e+00  0.000000e+00  0.000000e+00  0.000000e+00  0.000000e+00  0.000000e+00  0.000000e+00  0.000000e+00  0.000000e+00  0.000000e+00  0.000000e+00  0.000000e+00  0.000000e+00  0.000000e+00  0.000000e+00  0.000000e+00  0.000000e+00  0.000000e+00  0.000000e+00  0.000000e+00  0.000000e+00  0.000000e+00  0.000000e+00  4.628810e-02  -7.126140e-03  0.000000e+00  0.000000e+00 )
  ( 0.000000e+00  0.000000e+00  0.000000e+00  0.000000e+00  0.000000e+00  0.000000e+00  0.000000e+00  0.000000e+00  0.000000e+00  0.000000e+00  0.000000e+00  0.000000e+00  0.000000e+00  0.000000e+00  0.000000e+00  0.000000e+00  0.000000e+00  0.000000e+00  0.000000e+00  0.000000e+00  0.000000e+00  0.000000e+00  0.000000e+00  0.000000e+00  0.000000e+00  3.916900e-01  3.867900e-02  0.000000e+00 )
  ( 0.000000e+00  0.000000e+00  0.000000e+00  0.000000e+00  0.000000e+00  0.000000e+00  0.000000e+00  0.000000e+00  0.000000e+00  0.000000e+00  0.000000e+00  0.000000e+00  0.000000e+00  0.000000e+00  0.000000e+00  0.000000e+00  0.000000e+00  0.000000e+00  0.000000e+00  0.000000e+00  0.000000e+00  0.000000e+00  0.000000e+00  0.000000e+00  0.000000e+00  0.000000e+00  -5.460840e-01  3.264060e-02 )
  ( 0.000000e+00  0.000000e+00  0.000000e+00  0.000000e+00  0.000000e+00  0.000000e+00  0.000000e+00  0.000000e+00  0.000000e+00  0.000000e+00  0.000000e+00  0.000000e+00  0.000000e+00  0.000000e+00  0.000000e+00  0.000000e+00  0.000000e+00  0.000000e+00  0.000000e+00  0.000000e+00  0.000000e+00  0.000000e+00  0.000000e+00  0.000000e+00  0.000000e+00  0.000000e+00  0.000000e+00  1.692030e+00 )
 );
 scatteringMatrixP3  28  28 ( 
 ( 9.524120e+00  -1.479580e-03  -3.452420e-03  -1.485220e-02  -1.780360e-02  -2.420650e-02  -3.888990e-04  -2.218110e-02  -1.193260e-02  5.664790e-03  1.005850e-02  -1.780710e-02  -9.413170e-03  4.149820e-03  7.709910e-03  -2.803040e-03  4.731800e-04  -9.592770e-04  -2.723470e-04  1.851040e-03  -1.230230e-03  -2.144250e-05  0.000000e+00  1.032440e-03  0.000000e+00  0.000000e+00  0.000000e+00  0.000000e+00 )
  ( 0.000000e+00  7.811930e+00  -2.446820e-03  2.618820e-03  -5.068820e-04  4.052040e-05  3.660470e-03  3.956270e-03  3.154910e-03  -1.448970e-03  7.902820e-03  9.479880e-03  -6.881900e-04  1.891660e-03  2.849310e-04  -1.690870e-03  -3.212170e-03  1.301580e-03  -7.783530e-04  -8.758260e-05  1.929760e-05  7.611920e-05  1.199560e-04  8.572560e-05  2.977020e-05  0.000000e+00  0.000000e+00  0.000000e+00 )
  ( 0.000000e+00  0.000000e+00  8.667420e+00  2.226560e-03  1.163860e-03  -7.519340e-04  -2.022680e-03  6.208050e-04  -1.071780e-03  -9.682920e-04  -6.174810e-03  3.961330e-03  3.339040e-03  -3.667340e-05  -1.113990e-03  7.715450e-04  5.935380e-04  -1.786790e-04  3.225070e-04  -2.388840e-04  6.078050e-05  -3.226120e-05  -1.141710e-04  -5.296830e-05  2.669060e-05  5.777420e-06  0.000000e+00  0.000000e+00 )
  ( 0.000000e+00  0.000000e+00  0.000000e+00  1.069440e+01  1.274070e-02  9.632600e-04  -2.868530e-04  1.772250e-03  1.675890e-03  -1.874930e-03  1.347710e-03  2.979250e-04  -8.491110e-05  7.955410e-04  -1.148120e-03  -3.021740e-04  3.681950e-04  -5.636970e-05  1.590610e-04  -1.230330e-05  -1.467750e-05  1.202800e-05  -6.505110e-06  1.150160e-05  3.111780e-05  5.632230e-06  -5.779760e-06  -1.426570e-05 )
  ( 0.000000e+00  0.000000e+00  0.000000e+00  0.000000e+00  1.202040e+01  6.875330e-03  9.107880e-06  7.641840e-04  1.340870e-04  -4.015480e-04  3.937890e-04  -7.969870e-05  5.575150e-04  -2.148550e-04  3.152970e-04  2.202870e-05  -9.393110e-05  -5.911580e-05  2.927870e-05  1.736630e-05  -2.689560e-05  -6.136580e-06  1.623060e-05  4.872710e-06  6.304210e-06  8.000630e-06  5.573440e-06  4.446980e-06 )
  ( 0.000000e+00  0.000000e+00  0.000000e+00  0.000000e+00  0.000000e+00  9.121530e+00  1.390030e-03  3.899390e-04  2.918600e-04  6.471740e-04  2.518760e-04  -2.162320e-04  -1.236550e-04  -1.016500e-04  6.330010e-05  8.721880e-05  -6.344040e-06  2.209350e-05  3.528050e-05  -4.086680e-07  2.519230e-07  -1.075740e-05  -4.239880e-06  4.132220e-06  -1.139850e-05  -3.059890e-06  3.051610e-06  2.655250e-06 )
  ( 0.000000e+00  0.000000e+00  0.000000e+00  0.000000e+00  0.000000e+00  0.000000e+00  6.513180e+00  1.051630e-02  -2.782180e-06  9.551420e-04  3.687170e-04  -1.278370e-04  -2.636720e-04  -2.468620e-04  -8.997840e-06  2.033710e-04  -7.116720e-05  9.423290e-05  -4.453950e-06  -6.355600e-06  1.489990e-06  3.423890e-05  3.244610e-06  9.743200e-06  -1.335790e-05  4.788930e-06  1.077060e-05  3.507150e-06 )
  ( 0.000000e+00  0.000000e+00  0.000000e+00  0.000000e+00  0.000000e+00  0.000000e+00  0.000000e+00  5.153490e+00  9.657490e-03  -4.614480e-04  8.325520e-04  7.857230e-04  3.050100e-04  1.444830e-04  -2.610080e-05  -2.383160e-04  2.164620e-05  5.561220e-05  -1.723910e-05  -5.808390e-05  4.222320e-06  1.787900e-05  1.463990e-06  4.261360e-06  1.381530e-06  -4.034320e-08  1.015880e-06  2.492480e-06 )
  ( 0.000000e+00  0.000000e+00  0.000000e+00  0.000000e+00  0.000000e+00  0.000000e+00  0.000000e+00  0.000000e+00  3.737890e+00  4.375540e-03  4.161530e-04  -2.003390e-03  -2.512610e-04  5.038630e-05  -2.155970e-04  -3.551280e-05  1.117860e-05  -2.179330e-05  2.208760e-05  3.078460e-05  -2.160060e-06  1.303310e-05  1.288310e-05  7.827980e-06  -8.301590e-06  5.003050e-06  4.237760e-06  -6.978190e-07 )
  ( 0.000000e+00  0.000000e+00  0.000000e+00  0.000000e+00  0.000000e+00  0.000000e+00  0.000000e+00  0.000000e+00  0.000000e+00  2.849190e+00  -9.302540e-03  -7.845690e-04  4.500420e-04  -4.020780e-04  -6.121310e-04  -1.340560e-04  1.576920e-04  -3.568010e-05  -2.785370e-05  -1.145720e-05  1.319460e-05  -2.926640e-06  -2.687650e-07  8.193950e-06  5.294180e-06  -7.710420e-06  -3.267080e-07  -4.502550e-06 )
  ( 0.000000e+00  0.000000e+00  0.000000e+00  0.000000e+00  0.000000e+00  0.000000e+00  0.000000e+00  0.000000e+00  0.000000e+00  0.000000e+00  1.700910e+00  -1.400190e-02  3.021560e-04  -1.649920e-04  -4.018280e-05  -2.289610e-05  -6.985690e-06  -1.093870e-05  3.236130e-05  -1.714370e-05  7.609880e-06  3.384340e-06  -1.484730e-05  -3.560910e-06  8.792420e-06  -9.391430e-07  5.289140e-06  2.719010e-06 )
  ( 0.000000e+00  0.000000e+00  0.000000e+00  0.000000e+00  0.000000e+00  0.000000e+00  0.000000e+00  0.000000e+00  0.000000e+00  0.000000e+00  0.000000e+00  6.888880e-01  -1.303470e-02  -6.856520e-05  -1.040980e-04  -6.063430e-05  -6.293580e-05  1.925380e-05  -1.930780e-05  2.039190e-05  1.535550e-05  1.246930e-06  4.846320e-06  4.821450e-06  -1.573590e-06  -2.247020e-07  -6.099810e-07  -9.524490e-07 )
  ( 0.000000e+00  0.000000e+00  0.000000e+00  0.000000e+00  0.000000e+00  0.000000e+00  0.000000e+00  0.000000e+00  0.000000e+00  0.000000e+00  0.000000e+00  0.000000e+00  2.560440e-01  -5.894000e-03  -6.409930e-05  -4.484660e-04  2.163610e-04  1.665770e-05  3.172550e-06  7.020870e-07  -7.525380e-06  3.993200e-06  5.387370e-06  3.802050e-06  -3.429400e-06  -3.148710e-07  -7.033600e-07  -4.029370e-07 )
  ( 0.000000e+00  0.000000e+00  0.000000e+00  0.000000e+00  0.000000e+00  0.000000e+00  0.000000e+00  0.000000e+00  0.000000e+00  0.000000e+00  0.000000e+00  0.000000e+00  0.000000e+00  1.012080e-01  -2.657960e-03  -9.357270e-05  -2.287030e-04  6.164150e-05  -1.195680e-04  -1.623170e-05  1.468580e-05  -4.647480e-05  1.492690e-05  1.186490e-05  1.291300e-05  6.292340e-08  4.075850e-06  1.096840e-06 )
  ( 0.000000e+00  0.000000e+00  0.000000e+00  0.000000e+00  0.000000e+00  0.000000e+00  0.000000e+00  0.000000e+00  0.000000e+00  0.000000e+00  0.000000e+00  0.000000e+00  0.000000e+00  0.000000e+00  1.967460e-03  -1.263160e-03  9.994490e-04  -1.402470e-04  -8.366840e-05  3.125600e-05  1.023060e-04  -1.695400e-05  1.533490e-06  3.491210e-06  3.888170e-06  4.551300e-06  1.044940e-06  4.145330e-06 )
  ( 0.000000e+00  0.000000e+00  0.000000e+00  0.000000e+00  0.000000e+00  0.000000e+00  0.000000e+00  0.000000e+00  0.000000e+00  0.000000e+00  0.000000e+00  0.000000e+00  0.000000e+00  0.000000e+00  0.000000e+00  1.144940e-02  -1.028130e-03  1.105250e-04  1.018920e-05  1.538530e-04  -1.904220e-04  -6.493000e-05  7.762520e-05  1.040120e-05  1.746250e-05  3.921800e-06  -1.020600e-05  9.154840e-06 )
  ( 0.000000e+00  0.000000e+00  0.000000e+00  0.000000e+00  0.000000e+00  0.000000e+00  0.000000e+00  0.000000e+00  0.000000e+00  0.000000e+00  0.000000e+00  0.000000e+00  0.000000e+00  0.000000e+00  0.000000e+00  0.000000e+00  6.635420e-03  1.487490e-03  9.499130e-05  0.000000e+00  0.000000e+00  0.000000e+00  0.000000e+00  0.000000e+00  0.000000e+00  0.000000e+00  0.000000e+00  0.000000e+00 )
  ( 0.000000e+00  0.000000e+00  0.000000e+00  0.000000e+00  0.000000e+00  0.000000e+00  0.000000e+00  0.000000e+00  0.000000e+00  0.000000e+00  0.000000e+00  0.000000e+00  0.000000e+00  0.000000e+00  0.000000e+00  0.000000e+00  0.000000e+00  -4.439330e-03  5.355800e-05  -7.287180e-06  1.352170e-04  1.331530e-04  2.018790e-05  0.000000e+00  0.000000e+00  0.000000e+00  0.000000e+00  0.000000e+00 )
  ( 0.000000e+00  0.000000e+00  0.000000e+00  0.000000e+00  0.000000e+00  0.000000e+00  0.000000e+00  0.000000e+00  0.000000e+00  0.000000e+00  0.000000e+00  0.000000e+00  0.000000e+00  0.000000e+00  0.000000e+00  0.000000e+00  0.000000e+00  0.000000e+00  -4.127380e-02  6.627370e-04  0.000000e+00  0.000000e+00  4.307730e-06  7.806600e-05  -1.916270e-05  0.000000e+00  0.000000e+00  0.000000e+00 )
  ( 0.000000e+00  0.000000e+00  0.000000e+00  0.000000e+00  0.000000e+00  0.000000e+00  0.000000e+00  0.000000e+00  0.000000e+00  0.000000e+00  0.000000e+00  0.000000e+00  0.000000e+00  0.000000e+00  0.000000e+00  0.000000e+00  0.000000e+00  0.000000e+00  0.000000e+00  1.089050e-02  8.314330e-04  0.000000e+00  0.000000e+00  0.000000e+00  0.000000e+00  0.000000e+00  0.000000e+00  0.000000e+00 )
  ( 0.000000e+00  0.000000e+00  0.000000e+00  0.000000e+00  0.000000e+00  0.000000e+00  0.000000e+00  0.000000e+00  0.000000e+00  0.000000e+00  0.000000e+00  0.000000e+00  0.000000e+00  0.000000e+00  0.000000e+00  0.000000e+00  0.000000e+00  0.000000e+00  0.000000e+00  0.000000e+00  6.160410e-02  1.662740e-02  0.000000e+00  0.000000e+00  0.000000e+00  0.000000e+00  0.000000e+00  0.000000e+00 )
  ( 0.000000e+00  0.000000e+00  0.000000e+00  0.000000e+00  0.000000e+00  0.000000e+00  0.000000e+00  0.000000e+00  0.000000e+00  0.000000e+00  0.000000e+00  0.000000e+00  0.000000e+00  0.000000e+00  0.000000e+00  0.000000e+00  0.000000e+00  0.000000e+00  0.000000e+00  0.000000e+00  0.000000e+00  -1.071150e-01  -6.388420e-04  0.000000e+00  0.000000e+00  0.000000e+00  0.000000e+00  0.000000e+00 )
  ( 0.000000e+00  0.000000e+00  0.000000e+00  0.000000e+00  0.000000e+00  0.000000e+00  0.000000e+00  0.000000e+00  0.000000e+00  0.000000e+00  0.000000e+00  0.000000e+00  0.000000e+00  0.000000e+00  0.000000e+00  0.000000e+00  0.000000e+00  0.000000e+00  0.000000e+00  0.000000e+00  0.000000e+00  0.000000e+00  -8.148270e-02  5.875870e-03  0.000000e+00  0.000000e+00  0.000000e+00  0.000000e+00 )
  ( 0.000000e+00  0.000000e+00  0.000000e+00  0.000000e+00  0.000000e+00  0.000000e+00  0.000000e+00  0.000000e+00  0.000000e+00  0.000000e+00  0.000000e+00  0.000000e+00  0.000000e+00  0.000000e+00  0.000000e+00  0.000000e+00  0.000000e+00  0.000000e+00  0.000000e+00  0.000000e+00  0.000000e+00  0.000000e+00  0.000000e+00  -1.338150e-01  4.430060e-02  0.000000e+00  0.000000e+00  0.000000e+00 )
  ( 0.000000e+00  0.000000e+00  0.000000e+00  0.000000e+00  0.000000e+00  0.000000e+00  0.000000e+00  0.000000e+00  0.000000e+00  0.000000e+00  0.000000e+00  0.000000e+00  0.000000e+00  0.000000e+00  0.000000e+00  0.000000e+00  0.000000e+00  0.000000e+00  0.000000e+00  0.000000e+00  0.000000e+00  0.000000e+00  0.000000e+00  0.000000e+00  1.919520e-01  3.632630e-02  0.000000e+00  0.000000e+00 )
  ( 0.000000e+00  0.000000e+00  0.000000e+00  0.000000e+00  0.000000e+00  0.000000e+00  0.000000e+00  0.000000e+00  0.000000e+00  0.000000e+00  0.000000e+00  0.000000e+00  0.000000e+00  0.000000e+00  0.000000e+00  0.000000e+00  0.000000e+00  0.000000e+00  0.000000e+00  0.000000e+00  0.000000e+00  0.000000e+00  0.000000e+00  0.000000e+00  0.000000e+00  5.079880e-01  -1.186710e-01  0.000000e+00 )
  ( 0.000000e+00  0.000000e+00  0.000000e+00  0.000000e+00  0.000000e+00  0.000000e+00  0.000000e+00  0.000000e+00  0.000000e+00  0.000000e+00  0.000000e+00  0.000000e+00  0.000000e+00  0.000000e+00  0.000000e+00  0.000000e+00  0.000000e+00  0.000000e+00  0.000000e+00  0.000000e+00  0.000000e+00  0.000000e+00  0.000000e+00  0.000000e+00  0.000000e+00  0.000000e+00  -3.665800e-01  2.723570e-02 )
  ( 0.000000e+00  0.000000e+00  0.000000e+00  0.000000e+00  0.000000e+00  0.000000e+00  0.000000e+00  0.000000e+00  0.000000e+00  0.000000e+00  0.000000e+00  0.000000e+00  0.000000e+00  0.000000e+00  0.000000e+00  0.000000e+00  0.000000e+00  0.000000e+00  0.000000e+00  0.000000e+00  0.000000e+00  0.000000e+00  0.000000e+00  0.000000e+00  0.000000e+00  0.000000e+00  0.000000e+00  -2.251600e+00 )
 );
 scatteringMatrixP4  28  28 ( 
 ( 8.251700e+00  6.906820e-03  3.562530e-03  -5.901870e-03  -2.949950e-03  4.486680e-03  -1.291200e-02  1.499090e-02  -2.031550e-02  4.147640e-03  9.144730e-03  8.790180e-03  1.727640e-02  -1.805670e-02  8.640190e-03  2.563960e-03  4.531700e-03  -8.063750e-04  1.275620e-03  1.538110e-03  -5.124940e-04  1.584330e-03  0.000000e+00  -1.113150e-04  0.000000e+00  0.000000e+00  0.000000e+00  0.000000e+00 )
  ( 0.000000e+00  6.812550e+00  2.002210e-03  1.901960e-03  -5.655080e-04  -5.090570e-04  -6.619480e-03  -3.241940e-03  9.575610e-03  5.301610e-03  -4.417050e-03  5.761540e-04  2.238900e-03  -4.503000e-05  -1.265610e-03  1.528920e-03  -3.422690e-04  -8.018700e-04  -1.941260e-04  -1.619170e-04  1.054720e-04  1.383070e-04  2.181620e-04  -7.714040e-05  7.107780e-05  0.000000e+00  0.000000e+00  0.000000e+00 )
  ( 0.000000e+00  0.000000e+00  7.445310e+00  3.408280e-03  -2.633210e-03  8.622620e-04  1.604590e-03  -3.964720e-05  -2.837540e-04  6.871840e-05  8.638880e-04  3.709240e-03  -1.730510e-03  3.048840e-05  1.674550e-05  -4.417590e-04  2.587530e-04  -2.693260e-04  -3.130480e-05  -3.651910e-05  -1.039210e-04  -2.862210e-05  2.560880e-05  -3.183190e-05  4.124920e-05  -1.001110e-05  0.000000e+00  0.000000e+00 )
  ( 0.000000e+00  0.000000e+00  0.000000e+00  8.821040e+00  8.318900e-03  4.281450e-04  1.696780e-04  6.185110e-04  -4.202640e-04  -2.958540e-03  3.457680e-03  -5.172280e-04  2.279340e-03  -1.028990e-04  7.142510e-04  -1.553750e-04  3.679170e-04  -3.553960e-05  -1.290720e-06  1.017800e-04  -2.318550e-05  -5.737040e-05  5.231050e-05  -5.484970e-06  9.413320e-06  1.205200e-06  -2.599550e-05  1.241930e-06 )
  ( 0.000000e+00  0.000000e+00  0.000000e+00  0.000000e+00  9.505550e+00  1.138830e-02  4.778510e-05  -3.217830e-04  -1.248130e-05  4.404780e-04  -1.924770e-04  -5.470440e-04  5.447150e-05  -1.756340e-04  -1.419720e-04  -7.582790e-06  -1.174200e-04  -3.260660e-05  4.085250e-05  -2.816090e-05  -5.385290e-06  -2.304160e-05  -4.957690e-06  2.797260e-06  -2.237610e-07  5.359700e-06  8.821450e-06  -3.439540e-06 )
  ( 0.000000e+00  0.000000e+00  0.000000e+00  0.000000e+00  0.000000e+00  7.112220e+00  1.229970e-02  -4.628030e-04  -6.876780e-04  3.767530e-04  -7.495270e-04  1.093820e-04  -1.161180e-05  -7.309630e-05  2.052810e-04  -5.918570e-05  -1.710280e-04  -6.987710e-06  -3.659470e-05  4.301480e-05  8.951950e-07  5.236680e-06  2.141890e-06  3.029190e-07  2.455680e-06  -9.975830e-07  1.388200e-06  5.601800e-06 )
  ( 0.000000e+00  0.000000e+00  0.000000e+00  0.000000e+00  0.000000e+00  0.000000e+00  4.613920e+00  1.684680e-02  -2.830530e-04  -2.868290e-05  -8.692980e-05  1.069620e-03  4.180790e-06  -3.562320e-05  -2.555330e-04  1.975570e-04  2.372970e-04  -9.292350e-05  -6.640740e-05  3.790060e-05  1.981420e-06  -6.672800e-06  1.367020e-05  3.471380e-06  -4.438190e-06  2.349430e-06  6.029140e-07  5.117090e-06 )
  ( 0.000000e+00  0.000000e+00  0.000000e+00  0.000000e+00  0.000000e+00  0.000000e+00  0.000000e+00  3.052230e+00  8.185860e-05  -1.492600e-04  6.904920e-04  6.603070e-04  -2.802400e-04  -1.607470e-04  1.376170e-04  -1.404760e-04  -6.516600e-06  2.053770e-05  -1.364120e-05  -9.617660e-06  -2.638390e-06  -9.252160e-06  1.144400e-05  -2.737780e-07  2.905610e-06  -4.071640e-06  6.392050e-06  3.263840e-06 )
  ( 0.000000e+00  0.000000e+00  0.000000e+00  0.000000e+00  0.000000e+00  0.000000e+00  0.000000e+00  0.000000e+00  1.706610e+00  -6.319540e-03  -2.243080e-04  -6.560370e-04  -3.660360e-05  -7.338990e-06  -1.378140e-04  -1.333620e-04  -8.845750e-05  -3.062770e-05  -8.653390e-06  2.090640e-05  1.810860e-05  1.313830e-05  1.028920e-05  -1.870700e-06  8.753590e-06  6.910850e-06  1.322830e-06  6.254960e-06 )
  ( 0.000000e+00  0.000000e+00  0.000000e+00  0.000000e+00  0.000000e+00  0.000000e+00  0.000000e+00  0.000000e+00  0.000000e+00  9.698830e-01  -9.163070e-03  3.744420e-04  -7.309610e-04  9.570420e-05  -3.696540e-04  1.212240e-04  -1.164310e-04  -4.045510e-05  -1.133620e-05  1.986790e-05  1.936870e-06  2.352610e-05  -1.818460e-05  -1.375650e-06  -2.311960e-06  7.750180e-06  3.833690e-06  4.301470e-06 )
  ( 0.000000e+00  0.000000e+00  0.000000e+00  0.000000e+00  0.000000e+00  0.000000e+00  0.000000e+00  0.000000e+00  0.000000e+00  0.000000e+00  4.258030e-01  -2.957380e-03  -6.316270e-04  -3.253710e-06  -1.376960e-04  -3.507770e-05  -2.176450e-05  -4.021070e-05  7.430340e-06  6.136720e-06  3.304980e-05  5.474280e-06  6.246980e-06  -9.075560e-06  3.850350e-06  -3.020750e-06  -3.758560e-06  1.264450e-07 )
  ( 0.000000e+00  0.000000e+00  0.000000e+00  0.000000e+00  0.000000e+00  0.000000e+00  0.000000e+00  0.000000e+00  0.000000e+00  0.000000e+00  0.000000e+00  9.632950e-02  -5.267680e-04  5.767480e-05  5.285280e-05  6.712690e-05  2.005350e-05  5.242430e-06  8.336060e-06  2.218140e-06  -2.048860e-06  -8.078670e-06  -3.616180e-06  3.397040e-06  -1.396930e-06  -8.024430e-07  1.165100e-07  8.109600e-07 )
  ( 0.000000e+00  0.000000e+00  0.000000e+00  0.000000e+00  0.000000e+00  0.000000e+00  0.000000e+00  0.000000e+00  0.000000e+00  0.000000e+00  0.000000e+00  0.000000e+00  1.623180e-02  -8.906350e-07  4.415080e-04  1.785440e-04  -1.644530e-04  -7.535700e-05  7.489780e-06  2.186450e-05  -8.729260e-06  6.672070e-06  -6.123450e-06  -2.404690e-06  -1.659160e-06  2.060130e-06  1.160450e-06  3.791000e-08 )
  ( 0.000000e+00  0.000000e+00  0.000000e+00  0.000000e+00  0.000000e+00  0.000000e+00  0.000000e+00  0.000000e+00  0.000000e+00  0.000000e+00  0.000000e+00  0.000000e+00  0.000000e+00  -2.427030e-03  -3.172990e-04  -1.276060e-04  3.248450e-04  4.030740e-05  1.410010e-04  2.693280e-05  6.816650e-05  1.033180e-05  -1.128520e-05  -1.084060e-05  -8.372560e-07  -2.100250e-07  -9.299670e-07  -1.327770e-06 )
  ( 0.000000e+00  0.000000e+00  0.000000e+00  0.000000e+00  0.000000e+00  0.000000e+00  0.000000e+00  0.000000e+00  0.000000e+00  0.000000e+00  0.000000e+00  0.000000e+00  0.000000e+00  0.000000e+00  -1.784180e-02  3.313050e-04  5.583630e-04  8.491070e-05  1.781870e-04  1.066030e-04  2.510910e-05  2.224660e-05  1.398320e-05  -1.599710e-05  -4.825360e-06  -1.933660e-06  -7.023440e-08  -1.889350e-08 )
  ( 0.000000e+00  0.000000e+00  0.000000e+00  0.000000e+00  0.000000e+00  0.000000e+00  0.000000e+00  0.000000e+00  0.000000e+00  0.000000e+00  0.000000e+00  0.000000e+00  0.000000e+00  0.000000e+00  0.000000e+00  -1.537690e-02  -3.524110e-04  8.719990e-05  -3.841190e-04  1.744260e-04  -1.924880e-05  -9.467860e-05  6.866260e-05  5.675960e-05  2.486100e-05  4.321630e-06  -6.045760e-06  7.023190e-06 )
  ( 0.000000e+00  0.000000e+00  0.000000e+00  0.000000e+00  0.000000e+00  0.000000e+00  0.000000e+00  0.000000e+00  0.000000e+00  0.000000e+00  0.000000e+00  0.000000e+00  0.000000e+00  0.000000e+00  0.000000e+00  0.000000e+00  -2.525260e-02  -2.082050e-03  1.356660e-04  0.000000e+00  0.000000e+00  0.000000e+00  0.000000e+00  0.000000e+00  0.000000e+00  0.000000e+00  0.000000e+00  0.000000e+00 )
  ( 0.000000e+00  0.000000e+00  0.000000e+00  0.000000e+00  0.000000e+00  0.000000e+00  0.000000e+00  0.000000e+00  0.000000e+00  0.000000e+00  0.000000e+00  0.000000e+00  0.000000e+00  0.000000e+00  0.000000e+00  0.000000e+00  0.000000e+00  -1.778030e-02  2.156740e-04  -2.854420e-04  -6.874170e-05  4.979710e-05  -1.767610e-05  0.000000e+00  0.000000e+00  0.000000e+00  0.000000e+00  0.000000e+00 )
  ( 0.000000e+00  0.000000e+00  0.000000e+00  0.000000e+00  0.000000e+00  0.000000e+00  0.000000e+00  0.000000e+00  0.000000e+00  0.000000e+00  0.000000e+00  0.000000e+00  0.000000e+00  0.000000e+00  0.000000e+00  0.000000e+00  0.000000e+00  0.000000e+00  -5.861580e-02  -1.969180e-03  0.000000e+00  0.000000e+00  -1.629550e-04  -9.825280e-05  4.568740e-05  0.000000e+00  0.000000e+00  0.000000e+00 )
  ( 0.000000e+00  0.000000e+00  0.000000e+00  0.000000e+00  0.000000e+00  0.000000e+00  0.000000e+00  0.000000e+00  0.000000e+00  0.000000e+00  0.000000e+00  0.000000e+00  0.000000e+00  0.000000e+00  0.000000e+00  0.000000e+00  0.000000e+00  0.000000e+00  0.000000e+00  -1.530900e-02  6.614890e-03  0.000000e+00  0.000000e+00  0.000000e+00  0.000000e+00  0.000000e+00  0.000000e+00  0.000000e+00 )
  ( 0.000000e+00  0.000000e+00  0.000000e+00  0.000000e+00  0.000000e+00  0.000000e+00  0.000000e+00  0.000000e+00  0.000000e+00  0.000000e+00  0.000000e+00  0.000000e+00  0.000000e+00  0.000000e+00  0.000000e+00  0.000000e+00  0.000000e+00  0.000000e+00  0.000000e+00  0.000000e+00  -1.487330e-01  8.599670e-05  0.000000e+00  0.000000e+00  0.000000e+00  0.000000e+00  0.000000e+00  0.000000e+00 )
  ( 0.000000e+00  0.000000e+00  0.000000e+00  0.000000e+00  0.000000e+00  0.000000e+00  0.000000e+00  0.000000e+00  0.000000e+00  0.000000e+00  0.000000e+00  0.000000e+00  0.000000e+00  0.000000e+00  0.000000e+00  0.000000e+00  0.000000e+00  0.000000e+00  0.000000e+00  0.000000e+00  0.000000e+00  -1.737610e-01  -8.334270e-03  0.000000e+00  0.000000e+00  0.000000e+00  0.000000e+00  0.000000e+00 )
  ( 0.000000e+00  0.000000e+00  0.000000e+00  0.000000e+00  0.000000e+00  0.000000e+00  0.000000e+00  0.000000e+00  0.000000e+00  0.000000e+00  0.000000e+00  0.000000e+00  0.000000e+00  0.000000e+00  0.000000e+00  0.000000e+00  0.000000e+00  0.000000e+00  0.000000e+00  0.000000e+00  0.000000e+00  0.000000e+00  -3.757100e-02  -1.129610e-02  0.000000e+00  0.000000e+00  0.000000e+00  0.000000e+00 )
  ( 0.000000e+00  0.000000e+00  0.000000e+00  0.000000e+00  0.000000e+00  0.000000e+00  0.000000e+00  0.000000e+00  0.000000e+00  0.000000e+00  0.000000e+00  0.000000e+00  0.000000e+00  0.000000e+00  0.000000e+00  0.000000e+00  0.000000e+00  0.000000e+00  0.000000e+00  0.000000e+00  0.000000e+00  0.000000e+00  0.000000e+00  -2.299180e-01  -2.175870e-02  0.000000e+00  0.000000e+00  0.000000e+00 )
  ( 0.000000e+00  0.000000e+00  0.000000e+00  0.000000e+00  0.000000e+00  0.000000e+00  0.000000e+00  0.000000e+00  0.000000e+00  0.000000e+00  0.000000e+00  0.000000e+00  0.000000e+00  0.000000e+00  0.000000e+00  0.000000e+00  0.000000e+00  0.000000e+00  0.000000e+00  0.000000e+00  0.000000e+00  0.000000e+00  0.000000e+00  0.000000e+00  2.624830e-01  -4.715250e-02  0.000000e+00  0.000000e+00 )
  ( 0.000000e+00  0.000000e+00  0.000000e+00  0.000000e+00  0.000000e+00  0.000000e+00  0.000000e+00  0.000000e+00  0.000000e+00  0.000000e+00  0.000000e+00  0.000000e+00  0.000000e+00  0.000000e+00  0.000000e+00  0.000000e+00  0.000000e+00  0.000000e+00  0.000000e+00  0.000000e+00  0.000000e+00  0.000000e+00  0.000000e+00  0.000000e+00  0.000000e+00  3.599090e-01  9.024930e-02  0.000000e+00 )
  ( 0.000000e+00  0.000000e+00  0.000000e+00  0.000000e+00  0.000000e+00  0.000000e+00  0.000000e+00  0.000000e+00  0.000000e+00  0.000000e+00  0.000000e+00  0.000000e+00  0.000000e+00  0.000000e+00  0.000000e+00  0.000000e+00  0.000000e+00  0.000000e+00  0.000000e+00  0.000000e+00  0.000000e+00  0.000000e+00  0.000000e+00  0.000000e+00  0.000000e+00  0.000000e+00  6.579120e-01  -5.176600e-02 )
  ( 0.000000e+00  0.000000e+00  0.000000e+00  0.000000e+00  0.000000e+00  0.000000e+00  0.000000e+00  0.000000e+00  0.000000e+00  0.000000e+00  0.000000e+00  0.000000e+00  0.000000e+00  0.000000e+00  0.000000e+00  0.000000e+00  0.000000e+00  0.000000e+00  0.000000e+00  0.000000e+00  0.000000e+00  0.000000e+00  0.000000e+00  0.000000e+00  0.000000e+00  0.000000e+00  0.000000e+00  -7.199160e-01 )
 );
 scatteringMatrixP5  28  28 ( 
 ( 7.259070e+00  5.178340e-03  -3.586260e-03  7.544270e-03  2.337080e-03  -4.102030e-03  -1.194970e-02  2.517410e-02  8.224650e-03  2.137140e-02  1.148700e-02  9.716900e-03  -7.688310e-03  -1.052840e-02  -1.623350e-03  7.577120e-04  -3.689040e-03  -1.907950e-05  3.376530e-04  1.181710e-03  5.786990e-04  2.680220e-05  0.000000e+00  -9.971920e-04  0.000000e+00  0.000000e+00  0.000000e+00  0.000000e+00 )
  ( 0.000000e+00  5.927950e+00  2.241360e-03  1.183740e-03  -4.002570e-03  6.137420e-03  9.991350e-04  -1.807030e-03  4.863100e-05  -1.946300e-05  -2.104520e-03  -4.861740e-03  1.605660e-03  -1.515860e-03  1.572060e-04  1.390050e-03  -7.169110e-04  -4.196580e-06  -3.762230e-04  -3.260190e-05  2.444350e-04  -9.749810e-05  -1.040560e-04  8.449730e-06  -3.616930e-05  0.000000e+00  0.000000e+00  0.000000e+00 )
  ( 0.000000e+00  0.000000e+00  6.176510e+00  2.249870e-03  1.297560e-04  -6.783120e-04  3.140830e-03  -2.150980e-03  -5.243360e-04  1.615700e-04  3.084740e-03  -4.453680e-04  1.395040e-03  -5.582840e-05  -7.949950e-04  -3.215880e-04  -2.369780e-04  -3.714760e-04  -1.417680e-04  1.528370e-05  -9.189430e-05  1.076640e-05  -1.278250e-05  -1.144830e-05  2.210890e-05  -1.922840e-05  0.000000e+00  0.000000e+00 )
  ( 0.000000e+00  0.000000e+00  0.000000e+00  6.881830e+00  5.468010e-03  4.247630e-04  5.842600e-04  -1.069520e-03  -5.576390e-04  1.148750e-03  -1.433160e-04  6.388030e-04  -4.284680e-04  7.368060e-04  5.631060e-04  -1.885670e-05  1.198020e-04  1.456260e-04  9.180390e-05  -8.965150e-05  -3.322220e-05  -8.286470e-05  -4.689500e-06  -2.400650e-05  1.698150e-05  -4.580550e-06  -1.954830e-05  1.233450e-05 )
  ( 0.000000e+00  0.000000e+00  0.000000e+00  0.000000e+00  6.857930e+00  8.299910e-03  1.833990e-04  -5.883330e-04  2.019720e-04  -6.717930e-05  1.770260e-04  1.318790e-04  -1.091250e-04  4.010560e-04  1.231040e-04  -4.423550e-05  1.063840e-06  5.740630e-05  -9.269790e-06  8.037370e-06  9.107070e-06  9.272080e-06  -3.665910e-06  9.737110e-07  -6.465030e-07  5.252570e-06  2.516940e-06  -4.017940e-07 )
  ( 0.000000e+00  0.000000e+00  0.000000e+00  0.000000e+00  0.000000e+00  4.343980e+00  -4.570110e-03  7.875640e-05  3.589150e-04  2.050190e-04  -2.639680e-04  -2.499920e-04  1.175990e-05  1.202030e-04  -1.116530e-04  -1.794370e-05  -1.193030e-04  3.768360e-05  -3.684370e-05  7.946790e-06  4.773430e-07  5.387120e-06  2.552920e-06  -1.293330e-06  -3.705050e-06  7.297660e-08  7.750130e-08  1.398580e-06 )
  ( 0.000000e+00  0.000000e+00  0.000000e+00  0.000000e+00  0.000000e+00  0.000000e+00  2.069770e+00  -2.084890e-02  -1.121150e-04  4.205130e-04  1.725420e-04  3.488250e-04  5.296550e-04  2.369910e-04  1.006890e-04  3.532790e-05  -1.038860e-04  -9.475630e-05  4.229550e-05  1.979130e-05  -1.877890e-05  9.411850e-06  -2.786910e-06  4.518550e-06  8.737740e-06  -9.906630e-07  -4.836540e-06  5.628150e-06 )
  ( 0.000000e+00  0.000000e+00  0.000000e+00  0.000000e+00  0.000000e+00  0.000000e+00  0.000000e+00  9.630160e-01  -1.663250e-02  -1.071350e-04  2.165060e-04  -1.910450e-04  -1.473550e-04  1.563460e-04  1.552800e-04  -1.714990e-04  2.219890e-05  5.656520e-05  2.195150e-05  1.854660e-05  -2.049520e-05  -5.560960e-06  3.531010e-06  -1.198700e-05  7.457810e-06  9.550690e-07  2.558190e-06  4.881920e-06 )
  ( 0.000000e+00  0.000000e+00  0.000000e+00  0.000000e+00  0.000000e+00  0.000000e+00  0.000000e+00  0.000000e+00  3.439330e-01  -1.384480e-02  3.927980e-04  -3.577910e-04  -4.098260e-05  -3.177970e-04  3.220120e-04  -7.765770e-05  -1.238110e-05  -5.553200e-05  1.693190e-05  -1.183750e-05  -1.148410e-05  1.406710e-05  -1.256450e-06  1.134520e-05  1.069120e-07  -4.483060e-06  3.390530e-06  5.936640e-08 )
  ( 0.000000e+00  0.000000e+00  0.000000e+00  0.000000e+00  0.000000e+00  0.000000e+00  0.000000e+00  0.000000e+00  0.000000e+00  9.751380e-02  -1.204170e-02  -8.638110e-05  2.015210e-04  2.961100e-05  -1.430840e-04  -7.437490e-05  4.419110e-05  -2.886860e-06  6.053280e-06  -1.484960e-06  1.620790e-05  1.116050e-05  -2.373710e-05  -6.955080e-06  -6.122040e-06  4.072290e-06  -4.387970e-06  5.761420e-08 )
  ( 0.000000e+00  0.000000e+00  0.000000e+00  0.000000e+00  0.000000e+00  0.000000e+00  0.000000e+00  0.000000e+00  0.000000e+00  0.000000e+00  1.815830e-02  -1.191200e-03  -1.882370e-04  -4.923590e-05  7.858190e-05  5.129660e-05  -8.335110e-05  2.459650e-05  7.305980e-06  9.567130e-06  1.139750e-05  8.546270e-06  3.118430e-06  2.698610e-07  5.646960e-07  -1.045350e-06  -2.751320e-06  -2.849240e-06 )
  ( 0.000000e+00  0.000000e+00  0.000000e+00  0.000000e+00  0.000000e+00  0.000000e+00  0.000000e+00  0.000000e+00  0.000000e+00  0.000000e+00  0.000000e+00  -1.031970e-03  2.901870e-04  -3.963400e-05  -5.331970e-05  -5.644320e-05  -5.036140e-05  5.489580e-05  -1.149000e-05  -1.924160e-05  1.380290e-06  1.221120e-06  -1.570160e-06  1.426590e-06  1.127770e-06  5.277860e-07  2.486150e-07  2.114900e-07 )
  ( 0.000000e+00  0.000000e+00  0.000000e+00  0.000000e+00  0.000000e+00  0.000000e+00  0.000000e+00  0.000000e+00  0.000000e+00  0.000000e+00  0.000000e+00  0.000000e+00  -2.574050e-03  -5.859050e-05  2.547160e-04  -6.497950e-05  -3.261330e-05  -7.708510e-05  1.922340e-05  -1.517890e-05  -3.110660e-05  -4.999600e-06  1.119330e-06  5.522080e-06  3.183220e-06  2.274500e-06  -1.066180e-06  -1.239740e-07 )
  ( 0.000000e+00  0.000000e+00  0.000000e+00  0.000000e+00  0.000000e+00  0.000000e+00  0.000000e+00  0.000000e+00  0.000000e+00  0.000000e+00  0.000000e+00  0.000000e+00  0.000000e+00  -2.790050e-03  3.565200e-04  -2.185410e-04  -1.197660e-04  -1.248750e-04  1.684790e-05  4.870280e-06  -7.405780e-06  2.016410e-05  -1.164800e-05  1.010270e-05  6.327120e-06  2.390120e-06  2.316800e-06  -1.844020e-06 )
  ( 0.000000e+00  0.000000e+00  0.000000e+00  0.000000e+00  0.000000e+00  0.000000e+00  0.000000e+00  0.000000e+00  0.000000e+00  0.000000e+00  0.000000e+00  0.000000e+00  0.000000e+00  0.000000e+00  -1.402220e-03  7.569750e-04  -4.961070e-05  2.009350e-04  -5.885220e-06  -4.791430e-05  -1.365540e-05  -6.736520e-05  -8.562170e-06  -4.466360e-06  -4.139300e-06  -9.316210e-07  -3.304440e-06  1.489970e-06 )
  ( 0.000000e+00  0.000000e+00  0.000000e+00  0.000000e+00  0.000000e+00  0.000000e+00  0.000000e+00  0.000000e+00  0.000000e+00  0.000000e+00  0.000000e+00  0.000000e+00  0.000000e+00  0.000000e+00  0.000000e+00  -2.686310e-03  -2.207550e-06  1.449340e-04  -3.184560e-04  3.763070e-04  2.534800e-05  7.607270e-05  1.032370e-05  1.426260e-06  -6.560270e-06  6.731230e-06  -6.627300e-06  -3.129380e-06 )
  ( 0.000000e+00  0.000000e+00  0.000000e+00  0.000000e+00  0.000000e+00  0.000000e+00  0.000000e+00  0.000000e+00  0.000000e+00  0.000000e+00  0.000000e+00  0.000000e+00  0.000000e+00  0.000000e+00  0.000000e+00  0.000000e+00  -1.612780e-02  1.914730e-04  -1.207400e-04  0.000000e+00  0.000000e+00  0.000000e+00  0.000000e+00  0.000000e+00  0.000000e+00  0.000000e+00  0.000000e+00  0.000000e+00 )
  ( 0.000000e+00  0.000000e+00  0.000000e+00  0.000000e+00  0.000000e+00  0.000000e+00  0.000000e+00  0.000000e+00  0.000000e+00  0.000000e+00  0.000000e+00  0.000000e+00  0.000000e+00  0.000000e+00  0.000000e+00  0.000000e+00  0.000000e+00  -1.019250e-02  -4.734930e-04  8.134860e-05  -2.271590e-04  -4.348550e-06  1.334330e-06  0.000000e+00  0.000000e+00  0.000000e+00  0.000000e+00  0.000000e+00 )
  ( 0.000000e+00  0.000000e+00  0.000000e+00  0.000000e+00  0.000000e+00  0.000000e+00  0.000000e+00  0.000000e+00  0.000000e+00  0.000000e+00  0.000000e+00  0.000000e+00  0.000000e+00  0.000000e+00  0.000000e+00  0.000000e+00  0.000000e+00  0.000000e+00  2.155190e-02  1.253250e-03  0.000000e+00  0.000000e+00  4.840130e-05  4.760390e-05  -5.880970e-06  0.000000e+00  0.000000e+00  0.000000e+00 )
  ( 0.000000e+00  0.000000e+00  0.000000e+00  0.000000e+00  0.000000e+00  0.000000e+00  0.000000e+00  0.000000e+00  0.000000e+00  0.000000e+00  0.000000e+00  0.000000e+00  0.000000e+00  0.000000e+00  0.000000e+00  0.000000e+00  0.000000e+00  0.000000e+00  0.000000e+00  -8.219770e-02  -3.677440e-03  0.000000e+00  0.000000e+00  0.000000e+00  0.000000e+00  0.000000e+00  0.000000e+00  0.000000e+00 )
  ( 0.000000e+00  0.000000e+00  0.000000e+00  0.000000e+00  0.000000e+00  0.000000e+00  0.000000e+00  0.000000e+00  0.000000e+00  0.000000e+00  0.000000e+00  0.000000e+00  0.000000e+00  0.000000e+00  0.000000e+00  0.000000e+00  0.000000e+00  0.000000e+00  0.000000e+00  0.000000e+00  3.459470e-02  -1.969620e-03  0.000000e+00  0.000000e+00  0.000000e+00  0.000000e+00  0.000000e+00  0.000000e+00 )
  ( 0.000000e+00  0.000000e+00  0.000000e+00  0.000000e+00  0.000000e+00  0.000000e+00  0.000000e+00  0.000000e+00  0.000000e+00  0.000000e+00  0.000000e+00  0.000000e+00  0.000000e+00  0.000000e+00  0.000000e+00  0.000000e+00  0.000000e+00  0.000000e+00  0.000000e+00  0.000000e+00  0.000000e+00  3.783690e-02  5.330420e-03  0.000000e+00  0.000000e+00  0.000000e+00  0.000000e+00  0.000000e+00 )
  ( 0.000000e+00  0.000000e+00  0.000000e+00  0.000000e+00  0.000000e+00  0.000000e+00  0.000000e+00  0.000000e+00  0.000000e+00  0.000000e+00  0.000000e+00  0.000000e+00  0.000000e+00  0.000000e+00  0.000000e+00  0.000000e+00  0.000000e+00  0.000000e+00  0.000000e+00  0.000000e+00  0.000000e+00  0.000000e+00  -1.924890e-01  -2.969280e-02  0.000000e+00  0.000000e+00  0.000000e+00  0.000000e+00 )
  ( 0.000000e+00  0.000000e+00  0.000000e+00  0.000000e+00  0.000000e+00  0.000000e+00  0.000000e+00  0.000000e+00  0.000000e+00  0.000000e+00  0.000000e+00  0.000000e+00  0.000000e+00  0.000000e+00  0.000000e+00  0.000000e+00  0.000000e+00  0.000000e+00  0.000000e+00  0.000000e+00  0.000000e+00  0.000000e+00  0.000000e+00  -1.000030e-01  1.142050e-02  0.000000e+00  0.000000e+00  0.000000e+00 )
  ( 0.000000e+00  0.000000e+00  0.000000e+00  0.000000e+00  0.000000e+00  0.000000e+00  0.000000e+00  0.000000e+00  0.000000e+00  0.000000e+00  0.000000e+00  0.000000e+00  0.000000e+00  0.000000e+00  0.000000e+00  0.000000e+00  0.000000e+00  0.000000e+00  0.000000e+00  0.000000e+00  0.000000e+00  0.000000e+00  0.000000e+00  0.000000e+00  -6.968010e-02  4.841400e-02  0.000000e+00  0.000000e+00 )
  ( 0.000000e+00  0.000000e+00  0.000000e+00  0.000000e+00  0.000000e+00  0.000000e+00  0.000000e+00  0.000000e+00  0.000000e+00  0.000000e+00  0.000000e+00  0.000000e+00  0.000000e+00  0.000000e+00  0.000000e+00  0.000000e+00  0.000000e+00  0.000000e+00  0.000000e+00  0.000000e+00  0.000000e+00  0.000000e+00  0.000000e+00  0.000000e+00  0.000000e+00  4.027410e-02  6.126370e-02  0.000000e+00 )
  ( 0.000000e+00  0.000000e+00  0.000000e+00  0.000000e+00  0.000000e+00  0.000000e+00  0.000000e+00  0.000000e+00  0.000000e+00  0.000000e+00  0.000000e+00  0.000000e+00  0.000000e+00  0.000000e+00  0.000000e+00  0.000000e+00  0.000000e+00  0.000000e+00  0.000000e+00  0.000000e+00  0.000000e+00  0.000000e+00  0.000000e+00  0.000000e+00  0.000000e+00  0.000000e+00  -2.619130e-01  3.982310e-02 )
  ( 0.000000e+00  0.000000e+00  0.000000e+00  0.000000e+00  0.000000e+00  0.000000e+00  0.000000e+00  0.000000e+00  0.000000e+00  0.000000e+00  0.000000e+00  0.000000e+00  0.000000e+00  0.000000e+00  0.000000e+00  0.000000e+00  0.000000e+00  0.000000e+00  0.000000e+00  0.000000e+00  0.000000e+00  0.000000e+00  0.000000e+00  0.000000e+00  0.000000e+00  0.000000e+00  0.000000e+00  8.559240e-01 )
 );
 sigmaDisapp nonuniform List<scalar> 28 (1.338290e+01 1.372180e+01 1.406810e+01 1.378500e+01 1.409460e+01 1.494500e+01 1.564720e+01 1.455610e+01 1.350680e+01 1.299440e+01 1.031390e+01 1.014090e+01 1.050690e+01 1.054110e+01 1.102380e+01 1.162820e+01 1.288620e+01 1.480260e+01 1.751780e+01 2.023530e+01 2.498910e+01 3.179510e+01 4.089630e+01 5.109950e+01 6.494700e+01 6.474020e+01 7.842990e+01 1.169102e+02  );
 chiPrompt nonuniform List<scalar> 28 (1.350710e-04 1.556380e-03 6.583440e-03 2.008670e-02 1.154650e-01 2.174000e-01 1.013660e-01 1.318210e-01 1.078180e-01 6.734200e-02 1.098290e-01 6.068800e-02 3.086340e-02 1.513270e-02 7.304180e-03 3.475250e-03 1.646980e-03 7.824110e-04 3.688080e-04 1.764040e-04 8.364370e-05 3.938740e-05 1.865240e-05 9.112850e-06 4.296380e-06 1.654680e-06 1.634460e-06 6.958440e-07  );
 chiDelayed nonuniform List<scalar> 28 (0.000000e+00 0.000000e+00 0.000000e+00 1.098420e-06 2.131450e-04 3.982980e-03 6.644430e-03 2.464720e-02 5.629200e-02 6.917680e-02 2.309600e-01 2.286720e-01 1.554930e-01 9.793070e-02 5.605500e-02 2.755200e-02 1.653130e-02 1.274930e-02 7.816260e-03 2.187660e-03 1.200140e-03 7.634600e-04 4.428640e-04 2.800150e-04 1.509020e-04 7.968210e-05 9.285620e-05 8.423650e-05  );
 Beta nonuniform List<scalar> 8 (2.142890e-04 9.462740e-04 6.235220e-04 1.261910e-03 1.992410e-03 6.085800e-04 5.611750e-04 1.641460e-04  );
 lambda nonuniform List<scalar> 8 (1.246670e-02 2.829170e-02 4.252440e-02 1.330420e-01 2.924670e-01 6.664880e-01 1.634780e+00 3.554600e+00  );
 discFactor nonuniform List<scalar> 28 (1 1 1 1 1 1 1 1 1 1 1 1 1 1 1 1 1 1 1 1 1 1 1 1 1 1 1 1  );
 integralFlux nonuniform List<scalar> 28 (1.000000e+00 1.000000e+00 1.000000e+00 1.000000e+00 1.000000e+00 1.000000e+00 1.000000e+00 1.000000e+00 1.000000e+00 1.000000e+00 1.000000e+00 1.000000e+00 1.000000e+00 1.000000e+00 1.000000e+00 1.000000e+00 1.000000e+00 1.000000e+00 1.000000e+00 1.000000e+00 1.000000e+00 1.000000e+00 1.000000e+00 1.000000e+00 1.000000e+00 1.000000e+00 1.000000e+00 1.000000e+00  );
 } 

 ); 
